0 60 111 149 201 0 1 0 0 "Arrest"
0 60 111 148 200 1 1 0 1 "Arrest"
0 60 111 148 200 2 1 0 1 "Arrest"
0 60 111 148 200 3 1 0 1 "Arrest"
0 60 111 148 200 4 1 0 1 "Arrest"
0 60 111 148 200 5 1 0 1 "Arrest"
0 60 111 148 200 6 1 0 1 "Arrest"
0 60 111 148 200 7 1 0 1 "Arrest"
0 60 111 148 200 8 1 0 1 "Arrest"
0 60 111 148 200 9 1 0 1 "Arrest"
0 60 111 148 200 10 1 0 1 "Arrest"
0 60 111 148 200 11 1 0 1 "Arrest"
0 60 111 148 200 12 1 0 1 "Arrest"
0 60 111 148 200 13 1 0 1 "Arrest"
0 60 111 148 200 14 1 0 1 "Arrest"
0 60 111 148 200 15 1 0 1 "Arrest"
0 60 111 148 200 16 1 0 1 "Arrest"
0 60 111 148 200 17 1 0 1 "Arrest"
0 60 111 148 200 18 1 0 1 "Arrest"
0 60 111 148 200 19 1 0 1 "Arrest"
0 60 111 148 200 20 1 0 1 "Arrest"
0 60 111 148 200 21 1 0 1 "Arrest"
0 60 111 148 200 22 1 0 1 "Arrest"
0 60 111 148 200 23 1 0 1 "Arrest"
0 60 111 148 200 24 1 0 1 "Arrest"
0 60 111 148 200 25 1 0 1 "Arrest"
0 60 111 148 200 26 1 0 1 "Arrest"
0 60 111 148 200 27 1 0 1 "Arrest"
0 60 111 148 200 28 1 0 1 "Arrest"
0 60 111 148 200 29 1 0 1 "Arrest"
0 60 111 148 200 30 1 0 1 "Arrest"
0 60 111 148 200 31 1 0 1 "Arrest"
0 60 111 148 200 32 1 0 1 "Arrest"
0 60 111 148 200 33 1 0 1 "Arrest"
0 60 111 148 200 34 1 0 1 "Arrest"
0 60 111 148 200 35 1 0 1 "Arrest"
0 60 111 148 200 36 1 0 1 "Arrest"
0 60 111 148 200 37 1 0 1 "Arrest"
0 60 111 148 200 38 1 0 1 "Arrest"
0 60 111 148 200 39 1 0 1 "Arrest"
0 60 111 148 200 40 1 0 1 "Arrest"
0 60 111 148 200 41 1 0 1 "Arrest"
0 60 111 148 200 42 1 0 1 "Arrest"
0 60 111 148 200 43 1 0 1 "Arrest"
0 60 111 148 200 44 1 0 1 "Arrest"
0 60 111 148 200 45 1 0 1 "Arrest"
0 60 111 148 200 46 1 0 1 "Arrest"
0 60 111 148 200 47 1 0 1 "Arrest"
0 60 111 148 200 48 1 0 1 "Arrest"
0 60 111 148 200 49 1 0 1 "Arrest"
0 60 111 148 200 50 1 0 1 "Arrest"
0 60 111 148 200 51 1 0 1 "Arrest"
0 60 111 148 200 52 1 0 1 "Arrest"
0 60 111 148 200 53 1 0 1 "Arrest"
0 60 111 148 200 54 1 0 1 "Arrest"
0 60 111 148 200 55 1 0 1 "Arrest"
0 60 111 148 200 56 1 0 1 "Arrest"
0 60 111 148 200 57 1 0 1 "Arrest"
0 60 111 148 200 58 1 0 1 "Arrest"
0 60 111 148 200 59 1 0 1 "Arrest"
0 60 111 148 200 60 1 0 1 "Arrest"
0 60 111 148 200 61 1 0 1 "Arrest"
0 60 111 148 200 62 1 0 1 "Arrest"
0 60 111 148 200 63 1 0 1 "Arrest"
0 60 111 148 200 64 1 0 1 "Arrest"
0 60 111 148 200 65 1 0 1 "Arrest"
0 60 111 148 200 66 1 0 1 "Arrest"
0 60 111 148 200 67 1 0 1 "Arrest"
0 60 111 148 200 68 1 0 1 "Arrest"
0 60 111 148 200 69 1 0 1 "Arrest"
0 60 111 148 200 70 1 0 1 "Arrest"
0 60 111 148 200 71 1 0 1 "Arrest"
0 60 111 148 200 72 1 0 1 "Arrest"
0 60 111 148 200 73 1 0 1 "Arrest"
0 60 111 148 200 74 1 0 1 "Arrest"
0 60 111 148 200 75 1 0 1 "Arrest"
0 60 111 148 200 76 1 0 1 "Arrest"
0 60 111 148 200 77 1 0 1 "Arrest"
0 60 111 148 200 78 1 0 1 "Arrest"
0 60 111 148 200 79 1 0 1 "Arrest"
0 60 111 148 200 80 1 0 1 "Arrest"
0 60 111 148 200 81 1 0 1 "Arrest"
0 60 111 148 200 82 1 0 1 "Arrest"
0 60 111 148 200 83 1 0 1 "Arrest"
0 60 111 148 200 84 1 0 1 "Arrest"
0 60 111 148 200 85 1 0 1 "Arrest"
0 60 111 148 200 86 1 0 1 "Arrest"
0 60 111 148 200 87 1 0 1 "Arrest"
0 60 111 148 200 88 1 0 1 "Arrest"
0 60 111 148 200 89 1 0 1 "Arrest"
0 60 111 148 200 90 1 0 1 "Arrest"
0 60 111 148 200 91 1 0 1 "Arrest"
0 60 111 148 200 92 1 0 1 "Arrest"
0 60 111 148 200 93 1 0 1 "Arrest"
0 60 111 148 200 94 1 0 1 "Arrest"
0 60 111 148 200 95 1 0 1 "Arrest"
0 60 111 148 200 96 1 0 1 "Arrest"
0 60 111 148 200 97 1 0 1 "Arrest"
0 60 111 148 200 98 1 0 1 "Arrest"
0 60 111 148 200 99 1 0 1 "Arrest"
0 60 111 148 200 100 1 0 1 "Arrest"
0 60 111 148 200 101 1 0 1 "Arrest"
0 60 111 148 200 102 1 0 1 "Arrest"
0 60 111 148 200 103 1 0 1 "Arrest"
0 60 111 148 200 104 1 0 1 "Arrest"
0 60 111 148 200 105 1 0 1 "Arrest"
0 60 111 148 200 106 1 0 1 "Arrest"
0 60 111 148 200 107 1 0 1 "Arrest"
0 60 111 148 200 108 1 0 1 "Arrest"
0 60 111 148 200 109 1 0 1 "Arrest"
0 60 111 147 200 110 1 0 1 "Arrest"
0 60 111 147 200 111 1 0 1 "Arrest"
0 60 111 147 200 112 1 0 1 "Arrest"
0 60 111 147 200 113 1 0 1 "Arrest"
0 60 111 147 200 114 1 0 1 "Arrest"
0 60 111 147 200 115 1 0 1 "Arrest"
0 60 111 147 200 116 1 0 1 "Arrest"
0 60 111 147 200 117 1 0 1 "Arrest"
0 60 111 147 200 118 1 0 1 "Arrest"
0 60 111 147 200 119 1 0 1 "Arrest"
0 60 111 147 200 120 1 0 1 "Arrest"
0 60 111 147 200 121 1 0 1 "Arrest"
0 60 111 147 200 122 1 0 1 "Arrest"
0 60 111 147 200 123 1 0 1 "Arrest"
0 60 111 147 200 124 1 0 1 "Arrest"
0 60 111 147 200 125 1 0 1 "Arrest"
0 60 111 147 200 126 1 0 1 "Arrest"
0 60 111 147 200 127 1 0 1 "Arrest"
0 60 111 147 200 128 1 0 1 "Arrest"
0 60 111 147 200 129 1 0 1 "Arrest"
0 60 111 147 200 130 1 0 1 "Arrest"
0 60 111 147 200 131 1 0 1 "Arrest"
0 60 111 147 200 132 1 0 1 "Arrest"
0 60 111 147 200 133 1 0 1 "Arrest"
0 60 111 147 200 134 1 0 1 "Arrest"
0 60 111 147 200 135 1 0 1 "Arrest"
0 60 111 147 200 136 1 0 1 "Arrest"
0 60 111 147 200 137 1 0 1 "Arrest"
0 60 111 147 200 138 1 0 1 "Arrest"
0 60 111 147 200 139 1 0 1 "Arrest"
0 60 111 147 200 140 1 0 1 "Arrest"
0 60 111 147 200 141 1 0 1 "Arrest"
0 60 111 147 200 142 1 0 1 "Arrest"
0 60 111 147 200 143 1 0 1 "Arrest"
0 60 111 147 200 144 1 0 1 "Arrest"
0 60 111 147 200 145 1 0 1 "Arrest"
0 60 111 147 200 146 1 0 1 "Arrest"
0 60 111 147 200 147 1 0 1 "Arrest"
0 60 111 147 200 148 1 0 1 "Arrest"
0 60 111 147 200 149 1 0 1 "Arrest"
0 60 111 147 200 150 1 0 1 "Arrest"
0 60 111 147 200 151 1 0 1 "Arrest"
0 60 111 147 200 152 1 0 1 "Arrest"
0 60 111 147 200 153 1 0 1 "Arrest"
0 60 111 147 200 154 1 0 1 "Arrest"
0 60 111 147 200 155 1 0 1 "Arrest"
0 60 111 147 200 156 1 0 1 "Arrest"
0 60 111 147 200 157 1 0 1 "Arrest"
0 60 111 147 200 158 1 0 1 "Arrest"
0 60 111 147 200 159 1 0 1 "Arrest"
0 60 111 147 200 160 1 0 1 "Arrest"
0 60 111 147 200 161 1 0 1 "Arrest"
0 60 111 147 200 162 1 0 1 "Arrest"
0 60 111 147 200 163 1 0 1 "Arrest"
0 60 111 147 200 164 1 0 1 "Arrest"
0 60 111 147 200 165 1 0 1 "Arrest"
0 60 111 147 200 166 1 0 1 "Arrest"
0 60 111 147 200 167 1 0 1 "Arrest"
0 60 111 147 200 168 1 0 1 "Arrest"
0 60 111 147 200 169 1 0 1 "Arrest"
0 60 111 147 200 170 1 0 1 "Arrest"
0 60 111 147 200 171 1 0 1 "Arrest"
0 60 111 147 200 172 1 0 1 "Arrest"
0 60 111 147 200 173 1 0 1 "Arrest"
0 60 111 147 200 174 1 0 1 "Arrest"
0 60 111 147 200 175 1 0 1 "Arrest"
0 60 111 147 200 176 1 0 1 "Arrest"
0 60 111 147 200 177 1 0 1 "Arrest"
0 60 111 147 200 178 1 0 1 "Arrest"
0 60 111 147 200 179 1 0 1 "Arrest"
0 60 111 147 200 180 1 0 1 "Arrest"
0 60 111 147 200 181 1 0 1 "Arrest"
0 60 111 147 200 182 1 0 1 "Arrest"
0 60 111 147 200 183 1 0 1 "Arrest"
0 60 111 147 200 184 1 0 1 "Arrest"
0 60 111 147 200 185 1 0 1 "Arrest"
0 60 111 147 200 186 1 0 1 "Arrest"
0 60 111 147 200 187 1 0 1 "Arrest"
0 60 111 147 200 188 1 0 1 "Arrest"
0 60 111 147 200 189 1 0 1 "Arrest"
0 60 111 147 200 190 1 0 1 "Arrest"
0 60 111 147 200 191 1 0 1 "Arrest"
0 60 111 147 200 192 1 0 1 "Arrest"
0 60 111 147 200 193 1 0 1 "Arrest"
0 60 111 147 200 194 1 0 1 "Arrest"
0 60 111 147 200 195 1 0 1 "Arrest"
0 60 111 147 200 196 1 0 1 "Arrest"
0 60 111 147 200 197 1 0 1 "Arrest"
0 60 111 147 200 198 1 0 1 "Arrest"
0 60 111 147 200 199 1 0 1 "Arrest"
0 60 111 147 200 200 1 0 1 "Arrest"
0 60 111 147 200 201 1 0 1 "Arrest"
0 60 111 147 200 202 1 0 1 "Arrest"
0 60 111 147 200 203 1 0 1 "Arrest"
0 60 111 147 200 204 1 0 1 "Arrest"
0 60 111 147 200 205 1 0 1 "Arrest"
0 60 111 147 200 206 1 0 1 "Arrest"
0 60 111 147 200 207 1 0 1 "Arrest"
0 60 111 147 200 208 1 0 1 "Arrest"
0 60 111 147 200 209 1 0 1 "Arrest"
0 60 111 147 200 210 1 0 1 "Arrest"
0 60 111 147 200 211 1 0 1 "Arrest"
0 60 111 147 200 212 1 0 1 "Arrest"
0 60 111 147 200 213 1 0 1 "Arrest"
0 60 111 147 200 214 1 0 1 "Arrest"
0 60 111 147 200 215 1 0 1 "Arrest"
0 60 111 147 200 216 1 0 1 "Arrest"
0 60 111 147 200 217 1 0 1 "Arrest"
0 60 111 147 200 218 1 0 1 "Arrest"
0 60 111 147 200 219 1 0 1 "Arrest"
0 60 111 146 200 220 1 0 1 "Arrest"
0 60 111 146 200 221 1 0 1 "Arrest"
0 60 111 146 200 222 1 0 1 "Arrest"
0 60 111 146 200 223 1 0 1 "Arrest"
0 60 111 146 200 224 1 0 1 "Arrest"
0 60 111 146 200 225 1 0 1 "Arrest"
0 60 111 146 200 226 1 0 1 "Arrest"
0 60 111 146 200 227 1 0 1 "Arrest"
0 60 111 146 200 228 1 0 1 "Arrest"
0 60 111 146 200 229 1 0 1 "Arrest"
0 60 111 146 200 230 1 0 1 "Arrest"
0 60 111 146 200 231 1 0 1 "Arrest"
0 60 111 146 200 232 1 0 1 "Arrest"
0 60 111 146 200 233 1 0 1 "Arrest"
0 60 111 146 200 234 1 0 1 "Arrest"
0 60 111 146 200 235 1 0 1 "Arrest"
0 60 111 146 200 236 1 0 1 "Arrest"
0 60 111 146 200 237 1 0 1 "Arrest"
0 60 111 146 200 238 1 0 1 "Arrest"
0 60 111 146 200 239 1 0 1 "Arrest"
0 60 111 146 200 240 1 0 1 "Arrest"
0 60 111 146 200 241 1 0 1 "Arrest"
0 60 111 146 200 242 1 0 1 "Arrest"
0 60 111 146 200 243 1 0 1 "Arrest"
0 60 111 146 200 244 1 0 1 "Arrest"
0 60 111 146 200 245 1 0 1 "Arrest"
0 60 111 146 200 246 1 0 1 "Arrest"
0 60 111 146 200 247 1 0 1 "Arrest"
0 60 111 146 200 248 1 0 1 "Arrest"
0 60 111 146 200 249 1 0 1 "Arrest"
0 60 111 146 200 250 1 0 1 "Arrest"
0 60 111 146 200 251 1 0 1 "Arrest"
0 60 111 146 200 252 1 0 1 "Arrest"
0 60 111 146 200 253 1 0 1 "Arrest"
0 60 111 146 200 254 1 0 1 "Arrest"
0 60 111 146 200 255 1 0 1 "Arrest"
0 60 111 146 200 256 1 0 1 "Arrest"
0 60 111 146 200 257 1 0 1 "Arrest"
0 60 111 146 200 258 1 0 1 "Arrest"
0 60 111 146 200 259 1 0 1 "Arrest"
0 60 111 146 200 260 1 0 1 "Arrest"
0 60 111 146 200 261 1 0 1 "Arrest"
0 60 111 146 200 262 1 0 1 "Arrest"
0 60 111 146 200 263 1 0 1 "Arrest"
0 60 111 146 200 264 1 0 1 "Arrest"
0 60 111 146 200 265 1 0 1 "Arrest"
0 60 111 146 200 266 1 0 1 "Arrest"
0 60 111 146 200 267 1 0 1 "Arrest"
0 60 111 146 200 268 1 0 1 "Arrest"
0 60 111 146 200 269 1 0 1 "Arrest"
0 60 111 146 200 270 1 0 1 "Arrest"
0 60 111 146 200 271 1 0 1 "Arrest"
0 60 111 146 200 272 1 0 1 "Arrest"
0 60 111 146 200 273 1 0 1 "Arrest"
0 60 111 146 200 274 1 0 1 "Arrest"
0 60 111 146 200 275 1 0 1 "Arrest"
0 60 111 146 200 276 1 0 1 "Arrest"
0 60 111 146 200 277 1 0 1 "Arrest"
0 60 111 146 200 278 1 0 1 "Arrest"
0 60 111 146 200 279 1 0 1 "Arrest"
0 60 111 146 200 280 1 0 1 "Arrest"
0 60 111 146 200 281 1 0 1 "Arrest"
0 60 111 146 200 282 1 0 1 "Arrest"
0 60 111 146 200 283 1 0 1 "Arrest"
0 60 111 146 200 284 1 0 1 "Arrest"
0 60 111 146 200 285 1 0 1 "Arrest"
0 60 111 146 200 286 1 0 1 "Arrest"
0 60 111 146 200 287 1 0 1 "Arrest"
0 60 111 146 200 288 1 0 1 "Arrest"
0 60 111 146 200 289 1 0 1 "Arrest"
0 60 111 146 200 290 1 0 1 "Arrest"
0 60 111 146 200 291 1 0 1 "Arrest"
0 60 111 146 200 292 1 0 1 "Arrest"
0 60 111 146 200 293 1 0 1 "Arrest"
0 60 111 146 200 294 1 0 1 "Arrest"
0 60 111 146 200 295 1 0 1 "Arrest"
0 60 111 146 200 296 1 0 1 "Arrest"
0 60 111 146 200 297 1 0 1 "Arrest"
0 60 111 146 200 298 1 0 1 "Arrest"
0 60 111 146 200 299 1 0 1 "Arrest"
0 60 111 146 200 300 1 0 1 "Arrest"
0 60 111 146 200 301 1 0 1 "Arrest"
0 60 111 146 200 302 1 0 1 "Arrest"
0 60 111 146 200 303 1 0 1 "Arrest"
0 60 111 146 200 304 1 0 1 "Arrest"
0 60 111 146 200 305 1 0 1 "Arrest"
0 60 111 146 200 306 1 0 1 "Arrest"
0 60 111 146 200 307 1 0 1 "Arrest"
0 60 111 146 200 308 1 0 1 "Arrest"
0 60 111 146 200 309 1 0 1 "Arrest"
0 60 111 146 200 310 1 0 1 "Arrest"
0 60 111 146 200 311 1 0 1 "Arrest"
0 60 111 146 200 312 1 0 1 "Arrest"
0 60 111 146 200 313 1 0 1 "Arrest"
0 60 111 146 200 314 1 0 1 "Arrest"
0 60 111 146 200 315 1 0 1 "Arrest"
0 60 111 146 200 316 1 0 1 "Arrest"
0 60 111 146 200 317 1 0 1 "Arrest"
0 60 111 146 200 318 1 0 1 "Arrest"
0 60 111 146 200 319 1 0 1 "Arrest"
0 60 111 146 200 320 1 0 1 "Arrest"
0 60 111 146 200 321 1 0 1 "Arrest"
0 60 111 146 200 322 1 0 1 "Arrest"
0 60 111 146 200 323 1 0 1 "Arrest"
0 60 111 146 200 324 1 0 1 "Arrest"
0 60 111 146 200 325 1 0 1 "Arrest"
0 60 111 146 200 326 1 0 1 "Arrest"
0 60 111 146 200 327 1 0 1 "Arrest"
0 60 111 146 200 328 1 0 1 "Arrest"
0 60 111 146 200 329 0 0 0 "Arrest"
0 58 110 144 199 330 0 0 1 "Arrest"
0 56 109 142 198 331 0 0 1 "Arrest"
0 54 108 140 197 332 0 0 1 "Arrest"
0 52 107 138 196 333 0 0 0 "Arrest"
0 50 104 136 193 334 0 0 1 "Arrest"
0 48 102 134 191 335 0 0 1 "Arrest"
0 46 100 132 189 336 0 0 1 "Arrest"
0 44 98 130 187 337 0 0 1 "Arrest"
0 42 96 128 185 338 0 0 1 "Arrest"
0 41 94 127 183 339 0 0 0 "Arrest"
0 41 93 127 182 340 0 0 1 "Arrest"
0 41 93 127 182 341 0 0 1 "Arrest"
0 42 93 128 182 342 0 0 1 "Arrest"
0 42 92 128 181 343 0 0 1 "Arrest"
0 43 92 129 181 344 0 0 1 "Arrest"
0 43 92 129 181 345 0 0 1 "Arrest"
0 44 92 130 181 346 0 0 0 "Arrest"
0 45 91 131 180 347 0 0 1 "Arrest"
0 47 91 133 180 348 0 0 1 "Arrest"
0 48 91 134 180 349 0 0 1 "Arrest"
0 50 91 136 180 350 0 0 0 "Arrest"
0 52 91 136 179 351 0 0 1 "Arrest"
0 55 91 136 179 352 0 0 1 "Arrest"
0 57 91 136 179 353 0 0 1 "Arrest"
0 60 91 137 179 354 0 0 0 "Arrest"
0 59 91 136 178 355 0 0 1 "Arrest"
0 59 92 136 177 356 0 0 1 "Arrest"
0 59 92 135 176 357 0 0 1 "Arrest"
0 59 93 135 175 358 0 0 0 "Arrest"
0 59 92 135 174 359 0 0 1 "Arrest"
0 60 92 136 174 360 0 0 1 "Arrest"
0 60 92 136 174 361 0 0 1 "Arrest"
0 61 92 137 174 362 0 0 1 "Arrest"
0 61 92 137 174 363 0 0 1 "Arrest"
0 62 92 138 174 364 0 0 1 "Arrest"
0 63 92 139 174 365 0 0 0 "Arrest"
0 64 91 140 173 366 0 0 1 "Arrest"
0 65 90 141 172 367 0 0 1 "Arrest"
0 66 89 142 171 368 0 0 1 "Arrest"
0 67 88 143 170 369 0 0 1 "Arrest"
0 68 88 144 170 370 0 0 0 "Arrest"
0 69 87 145 169 371 0 0 1 "Arrest"
0 70 87 146 169 372 0 0 1 "Arrest"
0 72 87 148 169 373 0 0 1 "Arrest"
0 73 86 149 168 374 0 0 1 "Arrest"
0 75 86 151 168 375 0 0 1 "Arrest"
0 76 86 152 168 376 0 0 1 "Arrest"
0 78 86 154 168 377 0 0 0 "Arrest"
0 78 86 155 167 378 0 0 1 "Arrest"
0 78 86 157 167 379 0 0 1 "Arrest"
0 78 86 159 167 380 0 0 0 "Arrest"
0 78 86 159 166 381 0 0 1 "Arrest"
0 78 86 160 166 382 0 0 1 "Arrest"
0 78 86 160 166 383 0 0 1 "Arrest"
0 78 86 161 166 384 0 0 1 "Arrest"
0 78 86 161 166 385 0 0 1 "Arrest"
0 78 86 162 166 386 0 0 1 "Arrest"
0 78 86 163 166 387 0 0 0 "Arrest"
0 79 85 164 165 388 0 0 1 "Arrest"
0 80 85 165 165 389 0 0 1 "Arrest"
0 82 84 167 164 390 0 0 1 "Arrest"
0 83 84 168 164 391 0 0 1 "Arrest"
0 85 84 170 164 392 0 0 0 "Arrest"
0 86 84 171 164 393 0 0 1 "Arrest"
0 87 84 172 164 394 0 0 1 "Arrest"
0 88 84 173 164 395 0 0 1 "Arrest"
0 90 84 175 164 396 0 0 0 "Arrest"
0 91 83 176 163 397 0 0 1 "Arrest"
0 93 83 178 163 398 0 0 1 "Arrest"
0 94 82 179 162 399 0 0 1 "Arrest"
0 96 82 181 162 400 0 0 0 "Arrest"
0 98 84 183 159 401 0 0 1 "Arrest"
0 100 86 185 157 402 0 0 1 "Arrest"
0 103 89 187 155 403 0 0 0 "Arrest"
0 103 89 187 155 404 0 0 1 "Arrest"
0 103 89 187 155 405 0 0 1 "Arrest"
0 103 89 187 155 406 0 0 1 "Arrest"
0 103 89 187 155 407 0 0 1 "Arrest"
0 103 89 187 155 408 0 0 1 "Arrest"
0 103 89 187 155 409 0 0 1 "Arrest"
0 103 89 187 155 410 0 0 1 "Arrest"
0 103 89 187 155 411 0 0 1 "Arrest"
0 103 89 187 155 412 0 0 1 "Arrest"
0 104 89 188 155 413 0 0 0 "Arrest"
0 105 88 189 154 414 0 0 1 "Arrest"
0 107 88 191 154 415 0 0 1 "Arrest"
0 109 88 193 154 416 0 0 0 "Arrest"
0 111 87 195 152 417 0 0 1 "Arrest"
0 113 87 197 150 418 0 0 1 "Arrest"
0 115 86 199 148 419 0 0 1 "Arrest"
0 117 86 201 146 420 0 0 1 "Arrest"
0 119 86 203 144 421 0 0 1 "Arrest"
0 121 85 205 142 422 0 0 1 "Arrest"
0 123 85 207 140 423 0 0 1 "Arrest"
0 126 85 209 138 424 0 0 0 "Arrest"
0 128 85 211 138 425 0 0 1 "Arrest"
0 130 85 213 138 426 0 0 1 "Arrest"
0 132 85 215 138 427 0 0 1 "Arrest"
0 134 85 217 138 428 0 0 1 "Arrest"
0 137 85 220 138 429 0 0 0 "Arrest"
0 140 84 221 137 430 0 0 1 "Arrest"
0 143 84 222 137 431 0 0 1 "Arrest"
0 146 83 223 136 432 0 0 1 "Arrest"
0 150 83 224 136 433 0 0 1 "Arrest"
0 153 83 225 135 434 0 0 1 "Arrest"
0 156 82 226 135 435 0 0 1 "Arrest"
0 160 82 227 134 436 0 0 1 "Arrest"
0 163 81 228 134 437 0 0 1 "Arrest"
0 166 81 229 133 438 0 0 1 "Arrest"
0 170 81 231 133 439 0 0 0 "Arrest"
0 171 80 232 132 440 0 0 1 "Arrest"
0 173 80 234 132 441 0 0 1 "Arrest"
0 175 80 236 132 442 0 0 1 "Arrest"
0 176 80 237 132 443 0 0 1 "Arrest"
0 178 80 239 132 444 0 0 1 "Arrest"
0 180 80 241 132 445 0 0 1 "Arrest"
0 181 80 242 132 446 0 0 1 "Arrest"
0 183 80 244 132 447 0 0 1 "Arrest"
0 185 80 246 132 448 0 0 1 "Arrest"
0 187 80 248 132 449 0 0 0 "Arrest"
0 187 80 248 132 450 0 0 1 "Arrest"
0 188 80 249 132 451 0 0 1 "Arrest"
0 189 80 250 132 452 0 0 1 "Arrest"
0 189 80 250 132 453 0 0 1 "Arrest"
0 190 80 251 132 454 0 0 1 "Arrest"
0 191 80 252 132 455 0 0 1 "Arrest"
0 191 80 252 132 456 0 0 1 "Arrest"
0 192 80 253 132 457 0 0 1 "Arrest"
0 193 80 254 132 458 0 0 1 "Arrest"
0 194 80 255 132 459 0 0 0 "Arrest"
0 194 80 256 131 460 0 0 1 "Arrest"
0 194 80 258 131 461 0 0 1 "Arrest"
0 194 80 259 131 462 0 0 1 "Arrest"
0 194 80 261 131 463 0 0 1 "Arrest"
0 194 80 262 131 464 0 0 1 "Arrest"
0 194 80 264 131 465 0 0 1 "Arrest"
0 194 80 265 131 466 0 0 1 "Arrest"
0 194 80 267 131 467 0 0 1 "Arrest"
0 194 80 268 131 468 0 0 1 "Arrest"
0 194 80 270 131 469 0 0 0 "Arrest"
0 193 79 269 130 470 0 0 1 "Arrest"
0 193 79 269 130 471 0 0 1 "Arrest"
0 193 79 269 130 472 0 0 1 "Arrest"
0 193 79 269 130 473 0 0 1 "Arrest"
0 193 79 269 130 474 0 0 1 "Arrest"
0 193 79 269 130 475 0 0 1 "Arrest"
0 193 79 269 130 476 0 0 1 "Arrest"
0 193 79 269 130 477 0 0 1 "Arrest"
0 193 79 269 130 478 0 0 1 "Arrest"
0 193 79 269 130 479 0 0 0 "Arrest"
0 193 79 269 130 480 0 0 1 "Arrest"
0 193 79 269 130 481 0 0 1 "Arrest"
0 193 79 269 130 482 0 0 1 "Arrest"
0 193 79 269 130 483 0 0 1 "Arrest"
0 193 79 269 130 484 0 0 1 "Arrest"
0 193 79 269 130 485 0 0 1 "Arrest"
0 193 79 269 130 486 0 0 1 "Arrest"
0 193 79 269 130 487 0 0 1 "Arrest"
0 193 79 269 130 488 0 0 1 "Arrest"
0 193 79 269 130 489 0 0 1 "Arrest"
0 193 79 269 130 490 0 0 1 "Arrest"
0 193 79 269 130 491 0 0 1 "Arrest"
0 193 79 269 130 492 0 0 1 "Arrest"
0 193 79 269 130 493 0 0 1 "Arrest"
0 193 79 269 130 494 0 0 1 "Arrest"
0 193 79 269 130 495 0 0 1 "Arrest"
0 193 79 269 130 496 0 0 1 "Arrest"
0 193 79 269 130 497 0 0 1 "Arrest"
0 193 79 269 130 498 0 0 1 "Arrest"
0 194 79 270 130 499 0 0 0 "Arrest"
0 195 79 271 130 500 0 0 1 "Arrest"
0 197 79 273 130 501 0 0 1 "Arrest"
0 198 79 274 130 502 0 0 1 "Arrest"
0 200 80 276 131 503 0 0 1 "Arrest"
0 201 80 277 131 504 0 0 1 "Arrest"
0 203 80 279 131 505 0 0 1 "Arrest"
0 204 81 280 132 506 0 0 1 "Arrest"
0 206 81 282 132 507 0 0 1 "Arrest"
0 207 81 283 132 508 0 0 1 "Arrest"
0 209 82 285 133 509 0 0 0 "Arrest"
0 209 82 285 133 510 0 0 1 "Arrest"
0 210 82 286 133 511 0 0 1 "Arrest"
0 210 82 286 133 512 0 0 1 "Arrest"
0 211 82 287 133 513 0 0 1 "Arrest"
0 211 82 287 133 514 0 0 1 "Arrest"
0 212 82 288 133 515 0 0 1 "Arrest"
0 212 82 288 133 516 0 0 1 "Arrest"
0 213 82 289 133 517 0 0 1 "Arrest"
0 213 82 289 133 518 0 0 1 "Arrest"
0 214 83 290 134 519 0 0 0 "Arrest"
0 214 82 290 133 520 0 0 1 "Arrest"
0 214 81 291 133 521 0 0 1 "Arrest"
0 214 81 292 133 522 0 0 1 "Arrest"
0 214 80 292 133 523 0 0 1 "Arrest"
0 214 80 293 133 524 0 0 1 "Arrest"
0 214 79 294 133 525 0 0 1 "Arrest"
0 214 78 294 133 526 0 0 1 "Arrest"
0 214 78 295 133 527 0 0 1 "Arrest"
0 214 77 296 133 528 0 0 1 "Arrest"
0 214 77 297 133 529 0 0 0 "Arrest"
0 214 77 297 133 530 0 0 1 "Arrest"
0 214 77 297 133 531 0 0 1 "Arrest"
0 214 77 297 133 532 0 0 1 "Arrest"
0 215 77 298 133 533 0 0 1 "Arrest"
0 215 77 298 133 534 0 0 1 "Arrest"
0 215 77 298 133 535 0 0 1 "Arrest"
0 216 77 299 133 536 0 0 1 "Arrest"
0 216 77 299 133 537 0 0 1 "Arrest"
0 216 77 299 133 538 0 0 1 "Arrest"
0 217 78 300 134 539 0 0 0 "Arrest"
0 216 77 300 133 540 0 0 1 "Arrest"
0 216 77 301 133 541 0 0 1 "Arrest"
0 215 76 301 133 542 0 0 1 "Arrest"
0 215 76 302 133 543 0 0 1 "Arrest"
0 215 75 302 133 544 0 0 1 "Arrest"
0 214 75 303 132 545 0 0 1 "Arrest"
0 214 74 303 132 546 0 0 1 "Arrest"
0 213 74 304 132 547 0 0 1 "Arrest"
0 213 73 304 132 548 0 0 1 "Arrest"
0 213 73 305 132 549 0 0 0 "Arrest"
0 213 73 305 132 550 0 0 1 "Arrest"
0 213 73 305 132 551 0 0 1 "Arrest"
0 213 73 305 132 552 0 0 1 "Arrest"
0 213 73 306 132 553 0 0 1 "Arrest"
0 213 73 306 132 554 0 0 1 "Arrest"
0 213 73 306 132 555 0 0 1 "Arrest"
0 213 73 307 132 556 0 0 1 "Arrest"
0 213 73 307 132 557 0 0 1 "Arrest"
0 213 73 307 132 558 0 0 1 "Arrest"
0 213 73 308 132 559 0 0 1 "Arrest"
0 213 73 308 132 560 0 0 1 "Arrest"
0 213 73 308 132 561 0 0 1 "Arrest"
0 213 73 308 132 562 0 0 1 "Arrest"
0 213 73 309 132 563 0 0 1 "Arrest"
0 213 73 309 132 564 0 0 1 "Arrest"
0 213 73 309 132 565 0 0 1 "Arrest"
0 213 73 310 132 566 0 0 1 "Arrest"
0 213 73 310 132 567 0 0 1 "Arrest"
0 213 73 310 132 568 0 0 1 "Arrest"
0 213 73 311 132 569 0 0 1 "Arrest"
0 213 73 311 132 570 0 0 1 "Arrest"
0 213 73 311 132 571 0 0 1 "Arrest"
0 213 73 311 132 572 0 0 1 "Arrest"
0 213 73 312 132 573 0 0 1 "Arrest"
0 213 73 312 132 574 0 0 1 "Arrest"
0 213 73 312 132 575 0 0 1 "Arrest"
0 213 73 313 132 576 0 0 1 "Arrest"
0 213 73 313 132 577 0 0 1 "Arrest"
0 213 73 313 132 578 0 0 1 "Arrest"
0 213 73 314 133 579 0 0 0 "Arrest"
0 213 73 314 132 580 0 0 1 "Arrest"
0 213 73 314 132 581 0 0 1 "Arrest"
0 213 73 314 132 582 0 0 1 "Arrest"
0 214 73 314 132 583 0 0 1 "Arrest"
0 214 73 314 132 584 0 0 1 "Arrest"
0 214 73 314 132 585 0 0 1 "Arrest"
0 215 73 314 132 586 0 0 1 "Arrest"
0 215 73 314 132 587 0 0 1 "Arrest"
0 215 73 314 132 588 0 0 1 "Arrest"
0 216 73 314 132 589 0 0 1 "Arrest"
0 216 73 314 132 590 0 0 1 "Arrest"
0 216 73 314 132 591 0 0 1 "Arrest"
0 217 73 314 132 592 0 0 1 "Arrest"
0 217 73 314 132 593 0 0 1 "Arrest"
0 217 73 314 132 594 0 0 1 "Arrest"
0 218 73 314 132 595 0 0 1 "Arrest"
0 218 73 314 132 596 0 0 1 "Arrest"
0 218 73 314 132 597 0 0 1 "Arrest"
0 219 73 314 132 598 0 0 1 "Arrest"
0 219 73 314 132 599 0 0 1 "Arrest"
0 219 73 314 132 600 0 0 1 "Arrest"
0 220 73 314 132 601 0 0 1 "Arrest"
0 220 73 314 132 602 0 0 1 "Arrest"
0 220 73 314 132 603 0 0 1 "Arrest"
0 221 73 314 132 604 0 0 1 "Arrest"
0 221 73 314 132 605 0 0 1 "Arrest"
0 221 73 314 132 606 0 0 1 "Arrest"
0 222 73 314 132 607 0 0 1 "Arrest"
0 222 73 314 132 608 0 0 1 "Arrest"
0 222 73 314 132 609 0 0 1 "Arrest"
0 223 73 314 132 610 0 0 1 "Arrest"
0 223 73 314 132 611 0 0 1 "Arrest"
0 223 73 314 132 612 0 0 1 "Arrest"
0 224 73 314 132 613 0 0 1 "Arrest"
0 224 73 314 132 614 0 0 1 "Arrest"
0 224 73 314 132 615 0 0 1 "Arrest"
0 225 73 314 132 616 0 0 1 "Arrest"
0 225 73 314 132 617 0 0 1 "Arrest"
0 225 73 314 132 618 0 0 1 "Arrest"
0 226 73 314 132 619 0 0 0 "Arrest"
0 228 73 314 131 620 0 0 1 "Arrest"
0 231 73 314 131 621 0 0 1 "Arrest"
0 234 73 314 131 622 0 0 1 "Arrest"
0 237 73 314 131 623 0 0 1 "Arrest"
0 240 73 314 131 624 0 0 1 "Arrest"
0 243 73 314 131 625 0 0 1 "Arrest"
0 246 73 314 131 626 0 0 1 "Arrest"
0 249 73 314 131 627 0 0 1 "Arrest"
0 252 73 314 131 628 0 0 1 "Arrest"
0 255 73 314 131 629 1 0 0 "Arrest"
0 256 73 314 130 630 1 0 1 "Arrest"
0 257 73 314 130 631 1 0 1 "Arrest"
0 259 73 314 130 632 1 0 1 "Arrest"
0 260 73 314 130 633 1 0 1 "Arrest"
0 261 73 314 130 634 1 0 1 "Arrest"
0 263 73 314 130 635 1 0 1 "Arrest"
0 264 73 314 130 636 1 0 1 "Arrest"
0 265 73 314 130 637 1 0 1 "Arrest"
0 267 73 314 130 638 1 0 1 "Arrest"
0 268 73 314 130 639 1 0 1 "Arrest"
0 269 73 314 130 640 1 0 1 "Arrest"
0 271 73 314 130 641 1 0 0 "Arrest"
0 270 73 313 130 642 1 0 1 "Arrest"
0 270 73 313 130 643 1 0 1 "Arrest"
0 270 73 313 130 644 1 0 1 "Arrest"
0 270 73 313 130 645 1 0 1 "Arrest"
0 270 73 313 130 646 1 0 1 "Arrest"
0 270 73 313 130 647 1 0 1 "Arrest"
0 270 73 313 130 648 1 0 1 "Arrest"
0 270 73 313 130 649 1 0 1 "Arrest"
0 270 73 313 130 650 1 0 1 "Arrest"
0 270 73 313 130 651 1 0 1 "Arrest"
0 270 73 313 130 652 1 0 1 "Arrest"
0 270 73 313 130 653 1 0 1 "Arrest"
0 270 73 313 130 654 1 0 1 "Arrest"
0 270 73 313 130 655 1 0 1 "Arrest"
0 270 73 313 130 656 1 0 1 "Arrest"
0 270 73 313 130 657 1 0 1 "Arrest"
0 270 73 313 130 658 1 0 1 "Arrest"
0 270 73 313 130 659 1 0 1 "Arrest"
0 270 73 313 130 660 1 0 1 "Arrest"
0 270 73 313 130 661 1 0 1 "Arrest"
0 270 73 313 130 662 1 0 1 "Arrest"
0 270 73 313 130 663 1 0 1 "Arrest"
0 270 73 313 130 664 1 0 1 "Arrest"
0 270 73 313 130 665 1 0 1 "Arrest"
0 270 73 313 130 666 1 0 1 "Arrest"
0 270 73 313 130 667 1 0 1 "Arrest"
0 270 73 313 130 668 1 0 1 "Arrest"
0 270 73 313 130 669 1 0 1 "Arrest"
0 270 73 313 130 670 1 0 1 "Arrest"
0 270 73 313 130 671 1 0 1 "Arrest"
0 270 73 313 130 672 1 0 1 "Arrest"
0 270 73 313 130 673 1 0 1 "Arrest"
0 270 73 313 130 674 1 0 1 "Arrest"
0 270 73 313 130 675 1 0 1 "Arrest"
0 270 73 313 130 676 1 0 1 "Arrest"
0 270 73 313 130 677 1 0 1 "Arrest"
0 270 73 313 130 678 1 0 1 "Arrest"
0 270 73 313 130 679 1 0 1 "Arrest"
0 270 73 313 130 680 1 0 1 "Arrest"
0 270 73 313 130 681 1 0 1 "Arrest"
0 270 73 313 130 682 1 0 1 "Arrest"
0 270 73 313 130 683 1 0 1 "Arrest"
0 270 73 313 130 684 1 0 1 "Arrest"
0 270 73 313 130 685 1 0 1 "Arrest"
0 270 73 313 130 686 1 0 1 "Arrest"
0 270 73 313 130 687 1 0 1 "Arrest"
0 270 73 313 130 688 1 0 1 "Arrest"
0 270 73 313 130 689 1 0 1 "Arrest"
0 270 73 313 130 690 1 0 1 "Arrest"
0 270 73 313 130 691 1 0 1 "Arrest"
0 270 73 313 130 692 1 0 1 "Arrest"
0 270 73 313 130 693 1 0 1 "Arrest"
0 270 73 313 130 694 1 0 1 "Arrest"
0 270 73 313 130 695 1 0 1 "Arrest"
0 270 73 313 130 696 1 0 1 "Arrest"
0 270 73 313 130 697 1 0 1 "Arrest"
0 270 73 313 130 698 1 0 1 "Arrest"
0 270 73 313 130 699 1 0 1 "Arrest"
0 270 73 313 130 700 1 0 1 "Arrest"
0 270 73 313 130 701 1 0 1 "Arrest"
0 270 73 313 130 702 1 0 1 "Arrest"
0 270 73 313 130 703 1 0 1 "Arrest"
0 270 73 313 130 704 1 0 1 "Arrest"
0 270 73 313 130 705 1 0 1 "Arrest"
0 270 73 313 130 706 1 0 1 "Arrest"
0 270 73 313 130 707 1 0 1 "Arrest"
0 270 73 313 130 708 1 0 1 "Arrest"
0 270 73 313 130 709 1 0 1 "Arrest"
0 270 73 313 130 710 1 0 1 "Arrest"
0 270 73 313 130 711 1 0 1 "Arrest"
0 270 73 313 130 712 1 0 1 "Arrest"
0 270 73 313 130 713 1 0 1 "Arrest"
0 270 73 313 130 714 1 0 1 "Arrest"
0 270 73 313 130 715 1 0 1 "Arrest"
0 270 73 313 130 716 1 0 1 "Arrest"
0 270 73 313 130 717 1 0 1 "Arrest"
0 270 73 313 130 718 1 0 1 "Arrest"
0 270 73 313 130 719 1 0 1 "Arrest"
0 270 73 313 130 720 1 0 1 "Arrest"
0 270 73 313 130 721 1 0 1 "Arrest"
0 270 73 313 130 722 1 0 1 "Arrest"
0 270 73 313 130 723 1 0 1 "Arrest"
0 270 73 313 130 724 1 0 1 "Arrest"
0 270 73 313 130 725 1 0 1 "Arrest"
0 270 73 313 130 726 1 0 1 "Arrest"
0 270 73 313 130 727 1 0 1 "Arrest"
0 270 73 313 130 728 1 0 1 "Arrest"
0 270 73 313 130 729 1 0 1 "Arrest"
0 270 73 313 130 730 1 0 1 "Arrest"
0 270 73 313 130 731 1 0 1 "Arrest"
0 270 73 313 130 732 1 0 1 "Arrest"
0 270 73 313 130 733 1 0 1 "Arrest"
0 270 73 313 130 734 1 0 1 "Arrest"
0 270 73 313 130 735 1 0 1 "Arrest"
0 270 73 313 130 736 1 0 1 "Arrest"
0 270 73 313 130 737 1 0 1 "Arrest"
0 270 73 313 130 738 1 0 1 "Arrest"
0 270 73 313 130 739 1 0 1 "Arrest"
0 270 73 313 130 740 1 0 1 "Arrest"
0 270 73 313 130 741 1 0 1 "Arrest"
0 270 73 313 130 742 1 0 1 "Arrest"
0 270 73 313 130 743 1 0 1 "Arrest"
0 270 73 313 130 744 1 0 1 "Arrest"
0 270 73 313 130 745 1 0 1 "Arrest"
0 270 73 313 130 746 1 0 1 "Arrest"
0 270 73 313 130 747 1 0 1 "Arrest"
0 270 73 313 130 748 1 0 1 "Arrest"
0 270 73 313 130 749 1 0 1 "Arrest"
0 270 73 313 131 750 1 0 1 "Arrest"
0 270 73 313 131 751 1 0 1 "Arrest"
0 270 73 313 131 752 1 0 1 "Arrest"
0 270 73 313 131 753 1 0 1 "Arrest"
0 270 73 313 131 754 1 0 1 "Arrest"
0 270 73 313 131 755 1 0 1 "Arrest"
0 270 73 313 131 756 1 0 1 "Arrest"
0 270 73 313 131 757 1 0 1 "Arrest"
0 270 73 313 131 758 1 0 1 "Arrest"
0 270 73 313 131 759 1 0 1 "Arrest"
0 270 73 313 131 760 1 0 1 "Arrest"
0 270 73 313 131 761 1 0 1 "Arrest"
0 270 73 313 131 762 1 0 1 "Arrest"
0 270 73 313 131 763 1 0 1 "Arrest"
0 270 73 313 131 764 1 0 1 "Arrest"
0 270 73 313 131 765 1 0 1 "Arrest"
0 270 73 313 131 766 1 0 1 "Arrest"
0 270 73 313 131 767 1 0 1 "Arrest"
0 270 73 313 131 768 1 0 1 "Arrest"
0 270 73 313 131 769 1 0 1 "Arrest"
0 270 73 313 131 770 1 0 1 "Arrest"
0 270 73 313 131 771 1 0 1 "Arrest"
0 270 73 313 131 772 1 0 1 "Arrest"
0 270 73 313 131 773 1 0 1 "Arrest"
0 270 73 313 131 774 1 0 1 "Arrest"
0 270 73 313 131 775 1 0 1 "Arrest"
0 270 73 313 131 776 1 0 1 "Arrest"
0 270 73 313 131 777 1 0 1 "Arrest"
0 270 73 313 131 778 1 0 1 "Arrest"
0 270 73 313 131 779 1 0 1 "Arrest"
0 270 73 313 131 780 1 0 1 "Arrest"
0 270 73 313 131 781 1 0 1 "Arrest"
0 270 73 313 131 782 1 0 1 "Arrest"
0 270 73 313 131 783 1 0 1 "Arrest"
0 270 73 313 131 784 1 0 1 "Arrest"
0 270 73 313 131 785 1 0 1 "Arrest"
0 270 73 313 131 786 1 0 1 "Arrest"
0 270 73 313 131 787 1 0 1 "Arrest"
0 270 73 313 131 788 1 0 1 "Arrest"
0 270 73 313 131 789 1 0 1 "Arrest"
0 270 73 313 131 790 1 0 1 "Arrest"
0 270 73 313 131 791 1 0 1 "Arrest"
0 270 73 313 131 792 1 0 1 "Arrest"
0 270 73 313 131 793 1 0 1 "Arrest"
0 270 73 313 131 794 1 0 1 "Arrest"
0 270 73 313 131 795 1 0 1 "Arrest"
0 270 73 313 131 796 1 0 1 "Arrest"
0 270 73 313 131 797 1 0 1 "Arrest"
0 270 73 313 131 798 1 0 1 "Arrest"
0 270 73 313 131 799 1 0 1 "Arrest"
0 270 73 313 131 800 1 0 1 "Arrest"
0 270 73 313 131 801 1 0 1 "Arrest"
0 270 73 313 131 802 1 0 1 "Arrest"
0 270 73 313 131 803 1 0 1 "Arrest"
0 270 73 313 131 804 1 0 1 "Arrest"
0 270 73 313 131 805 1 0 1 "Arrest"
0 270 73 313 131 806 1 0 1 "Arrest"
0 270 73 313 131 807 1 0 1 "Arrest"
0 270 73 313 131 808 1 0 1 "Arrest"
0 270 73 313 131 809 1 0 1 "Arrest"
0 270 73 313 131 810 1 0 1 "Arrest"
0 270 73 313 131 811 1 0 1 "Arrest"
0 270 73 313 131 812 1 0 1 "Arrest"
0 270 73 313 131 813 1 0 1 "Arrest"
0 270 73 313 131 814 1 0 1 "Arrest"
0 270 73 313 131 815 1 0 1 "Arrest"
0 270 73 313 131 816 1 0 1 "Arrest"
0 270 73 313 131 817 1 0 1 "Arrest"
0 270 73 313 131 818 1 0 1 "Arrest"
0 270 73 313 131 819 1 0 1 "Arrest"
0 270 73 313 131 820 1 0 1 "Arrest"
0 270 73 313 131 821 1 0 1 "Arrest"
0 270 73 313 131 822 1 0 1 "Arrest"
0 270 73 313 131 823 1 0 1 "Arrest"
0 270 73 313 131 824 1 0 1 "Arrest"
0 270 73 313 131 825 1 0 1 "Arrest"
0 270 73 313 131 826 1 0 1 "Arrest"
0 270 73 313 131 827 1 0 1 "Arrest"
0 270 73 313 131 828 1 0 1 "Arrest"
0 270 73 313 131 829 1 0 1 "Arrest"
0 270 73 313 131 830 1 0 1 "Arrest"
0 270 73 313 131 831 1 0 1 "Arrest"
0 270 73 313 131 832 1 0 1 "Arrest"
0 270 73 313 131 833 1 0 1 "Arrest"
0 270 73 313 131 834 1 0 1 "Arrest"
0 270 73 313 131 835 1 0 1 "Arrest"
0 270 73 313 131 836 1 0 1 "Arrest"
0 270 73 313 131 837 1 0 1 "Arrest"
0 270 73 313 131 838 1 0 1 "Arrest"
0 270 73 313 131 839 1 0 1 "Arrest"
0 269 73 313 131 840 1 0 1 "Arrest"
0 269 73 313 131 841 1 0 1 "Arrest"
0 269 73 313 131 842 1 0 1 "Arrest"
0 269 73 313 131 843 1 0 1 "Arrest"
0 269 73 313 131 844 1 0 1 "Arrest"
0 269 73 313 131 845 1 0 1 "Arrest"
0 269 73 313 131 846 1 0 1 "Arrest"
0 269 73 313 131 847 1 0 1 "Arrest"
0 269 73 313 131 848 1 0 1 "Arrest"
0 269 73 313 131 849 1 0 1 "Arrest"
0 269 73 313 131 850 1 0 1 "Arrest"
0 269 73 313 131 851 1 0 1 "Arrest"
0 269 73 313 131 852 1 0 1 "Arrest"
0 269 73 313 131 853 1 0 1 "Arrest"
0 269 73 313 131 854 1 0 1 "Arrest"
0 269 73 313 131 855 1 0 1 "Arrest"
0 269 73 313 131 856 1 0 1 "Arrest"
0 269 73 313 131 857 1 0 1 "Arrest"
0 269 73 313 132 858 1 0 1 "Arrest"
0 269 73 313 132 859 1 0 1 "Arrest"
0 269 73 313 132 860 1 0 1 "Arrest"
0 269 73 313 132 861 1 0 1 "Arrest"
0 269 73 313 132 862 1 0 1 "Arrest"
0 269 73 313 132 863 1 0 1 "Arrest"
0 269 73 313 132 864 1 0 1 "Arrest"
0 269 73 313 132 865 1 0 1 "Arrest"
0 269 73 313 132 866 1 0 1 "Arrest"
0 269 73 313 132 867 1 0 1 "Arrest"
0 269 73 313 132 868 1 0 1 "Arrest"
0 269 73 313 132 869 1 0 1 "Arrest"
0 269 73 313 132 870 1 0 1 "Arrest"
0 269 73 313 132 871 1 0 1 "Arrest"
0 269 73 313 132 872 1 0 1 "Arrest"
0 269 73 313 132 873 1 0 1 "Arrest"
0 269 73 313 132 874 1 0 1 "Arrest"
0 269 73 313 132 875 1 0 1 "Arrest"
0 269 73 313 132 876 1 0 1 "Arrest"
0 269 73 313 132 877 1 0 1 "Arrest"
0 269 73 313 132 878 1 0 1 "Arrest"
0 269 73 313 132 879 1 0 1 "Arrest"
0 269 73 313 132 880 1 0 1 "Arrest"
0 269 73 313 132 881 1 0 1 "Arrest"
0 269 73 313 132 882 1 0 1 "Arrest"
0 269 73 313 132 883 1 0 1 "Arrest"
0 269 73 313 132 884 1 0 1 "Arrest"
0 269 73 313 132 885 1 0 1 "Arrest"
0 269 73 313 132 886 1 0 1 "Arrest"
0 269 73 313 132 887 1 0 1 "Arrest"
0 269 73 313 132 888 1 0 1 "Arrest"
0 269 73 313 132 889 1 0 1 "Arrest"
0 269 73 313 132 890 1 0 1 "Arrest"
0 269 73 313 132 891 1 0 1 "Arrest"
0 269 73 313 132 892 1 0 1 "Arrest"
0 269 73 313 132 893 1 0 1 "Arrest"
0 269 73 313 132 894 1 0 1 "Arrest"
0 269 73 313 132 895 1 0 1 "Arrest"
0 269 73 313 132 896 1 0 1 "Arrest"
0 269 73 313 132 897 1 0 1 "Arrest"
0 269 73 313 132 898 1 0 1 "Arrest"
0 269 73 313 132 899 1 0 1 "Arrest"
0 269 73 313 132 900 1 0 1 "Arrest"
0 269 73 313 132 901 1 0 1 "Arrest"
0 269 73 313 132 902 1 0 1 "Arrest"
0 269 73 313 132 903 1 0 1 "Arrest"
0 269 73 313 132 904 1 0 1 "Arrest"
0 269 73 313 132 905 1 0 1 "Arrest"
0 269 73 313 132 906 1 0 1 "Arrest"
0 269 73 313 132 907 1 0 1 "Arrest"
0 269 73 313 132 908 1 0 1 "Arrest"
0 269 73 313 132 909 1 0 1 "Arrest"
0 269 73 313 132 910 1 0 1 "Arrest"
0 269 73 313 132 911 1 0 1 "Arrest"
0 269 73 313 132 912 1 0 1 "Arrest"
0 269 73 313 132 913 1 0 1 "Arrest"
0 269 73 313 132 914 1 0 1 "Arrest"
0 269 73 313 132 915 1 0 1 "Arrest"
0 269 73 313 132 916 1 0 1 "Arrest"
0 269 73 313 132 917 1 0 1 "Arrest"
0 269 73 313 132 918 1 0 1 "Arrest"
0 269 73 313 132 919 1 0 1 "Arrest"
0 269 73 313 132 920 1 0 1 "Arrest"
0 269 73 313 132 921 1 0 1 "Arrest"
0 269 73 313 132 922 1 0 1 "Arrest"
0 269 73 313 132 923 1 0 1 "Arrest"
0 269 73 313 132 924 1 0 1 "Arrest"
0 269 73 313 132 925 1 0 1 "Arrest"
0 269 73 313 132 926 1 0 1 "Arrest"
0 269 73 313 132 927 1 0 1 "Arrest"
0 269 73 313 132 928 1 0 1 "Arrest"
0 269 73 313 132 929 1 0 1 "Arrest"
0 269 73 313 132 930 1 0 1 "Arrest"
0 269 73 313 132 931 1 0 1 "Arrest"
0 269 73 313 132 932 1 0 1 "Arrest"
0 269 73 313 132 933 1 0 1 "Arrest"
0 269 73 313 132 934 1 0 1 "Arrest"
0 269 73 313 132 935 1 0 1 "Arrest"
0 269 73 313 132 936 1 0 1 "Arrest"
0 269 73 313 132 937 1 0 1 "Arrest"
0 269 73 313 132 938 1 0 1 "Arrest"
0 269 73 313 132 939 1 0 1 "Arrest"
0 269 73 313 132 940 1 0 1 "Arrest"
0 269 73 313 132 941 1 0 1 "Arrest"
0 269 73 313 132 942 1 0 1 "Arrest"
0 269 73 313 132 943 1 0 1 "Arrest"
0 269 73 313 132 944 1 0 1 "Arrest"
0 269 73 313 132 945 1 0 1 "Arrest"
0 269 73 313 132 946 1 0 1 "Arrest"
0 269 73 313 132 947 1 0 1 "Arrest"
0 269 73 313 132 948 1 0 1 "Arrest"
0 269 73 313 132 949 1 0 1 "Arrest"
0 269 73 313 132 950 1 0 1 "Arrest"
0 269 73 313 132 951 1 0 1 "Arrest"
0 269 73 313 132 952 1 0 1 "Arrest"
0 269 73 313 132 953 1 0 1 "Arrest"
0 269 73 313 132 954 1 0 1 "Arrest"
0 269 73 313 132 955 1 0 1 "Arrest"
0 269 73 313 132 956 1 0 1 "Arrest"
0 269 73 313 132 957 1 0 1 "Arrest"
0 269 73 313 132 958 1 0 1 "Arrest"
0 269 73 313 132 959 1 0 1 "Arrest"
0 269 73 313 132 960 1 0 1 "Arrest"
0 269 73 313 132 961 1 0 1 "Arrest"
0 269 73 313 132 962 1 0 1 "Arrest"
0 269 73 313 132 963 1 0 1 "Arrest"
0 269 73 313 132 964 1 0 1 "Arrest"
0 269 73 313 132 965 1 0 1 "Arrest"
0 269 73 313 133 966 1 0 1 "Arrest"
0 269 73 313 133 967 1 0 1 "Arrest"
0 269 73 313 133 968 1 0 1 "Arrest"
0 269 73 313 133 969 1 0 1 "Arrest"
0 269 73 313 133 970 1 0 1 "Arrest"
0 269 73 313 133 971 1 0 1 "Arrest"
0 269 73 313 133 972 1 0 1 "Arrest"
0 269 73 313 133 973 1 0 1 "Arrest"
0 269 73 313 133 974 1 0 1 "Arrest"
0 269 73 313 133 975 1 0 1 "Arrest"
0 269 73 313 133 976 1 0 1 "Arrest"
0 269 73 313 133 977 1 0 1 "Arrest"
0 269 73 313 133 978 1 0 1 "Arrest"
0 269 73 313 133 979 1 0 1 "Arrest"
0 269 73 313 133 980 1 0 1 "Arrest"
0 269 73 313 133 981 1 0 1 "Arrest"
0 269 73 313 133 982 1 0 1 "Arrest"
0 269 73 313 133 983 1 0 1 "Arrest"
0 269 73 313 133 984 1 0 1 "Arrest"
0 269 73 313 133 985 1 0 1 "Arrest"
0 269 73 313 133 986 1 0 1 "Arrest"
0 269 73 313 133 987 1 0 1 "Arrest"
0 269 73 313 133 988 1 0 1 "Arrest"
0 269 73 313 133 989 1 0 1 "Arrest"
0 269 73 313 133 990 1 0 1 "Arrest"
0 269 73 313 133 991 1 0 1 "Arrest"
0 269 73 313 133 992 1 0 1 "Arrest"
0 269 73 313 133 993 1 0 1 "Arrest"
0 269 73 313 133 994 1 0 1 "Arrest"
0 269 73 313 133 995 1 0 1 "Arrest"
0 269 73 313 133 996 1 0 1 "Arrest"
0 269 73 313 133 997 1 0 1 "Arrest"
0 269 73 313 133 998 1 0 1 "Arrest"
0 269 73 313 133 999 1 0 1 "Arrest"
0 269 73 313 133 1000 1 0 1 "Arrest"
0 269 73 313 133 1001 1 0 1 "Arrest"
0 269 73 313 133 1002 1 0 1 "Arrest"
0 269 73 313 133 1003 1 0 1 "Arrest"
0 269 73 313 133 1004 1 0 1 "Arrest"
0 269 73 313 133 1005 1 0 1 "Arrest"
0 269 73 313 133 1006 1 0 1 "Arrest"
0 269 73 313 133 1007 1 0 1 "Arrest"
0 269 73 313 133 1008 1 0 1 "Arrest"
0 269 73 313 133 1009 1 0 1 "Arrest"
0 269 73 313 133 1010 1 0 1 "Arrest"
0 269 73 313 133 1011 1 0 1 "Arrest"
0 269 73 313 133 1012 1 0 1 "Arrest"
0 269 73 313 133 1013 1 0 1 "Arrest"
0 269 73 313 133 1014 1 0 1 "Arrest"
0 269 73 313 133 1015 1 0 1 "Arrest"
0 269 73 313 133 1016 1 0 1 "Arrest"
0 269 73 313 133 1017 1 0 1 "Arrest"
0 269 73 313 133 1018 1 0 1 "Arrest"
0 269 73 313 133 1019 1 0 1 "Arrest"
0 269 73 313 133 1020 1 0 1 "Arrest"
0 269 73 313 133 1021 1 0 1 "Arrest"
0 269 73 313 133 1022 1 0 1 "Arrest"
0 269 73 313 133 1023 1 0 1 "Arrest"
0 269 73 313 133 1024 1 0 1 "Arrest"
0 269 73 313 133 1025 1 0 1 "Arrest"
0 269 73 313 133 1026 1 0 1 "Arrest"
0 269 73 313 133 1027 1 0 1 "Arrest"
0 269 73 313 133 1028 1 0 1 "Arrest"
0 269 73 313 133 1029 1 0 1 "Arrest"
0 269 73 313 133 1030 1 0 1 "Arrest"
0 269 73 313 133 1031 1 0 1 "Arrest"
0 269 73 313 133 1032 1 0 1 "Arrest"
0 269 73 313 133 1033 1 0 1 "Arrest"
0 269 73 313 133 1034 1 0 1 "Arrest"
0 269 73 313 133 1035 1 0 1 "Arrest"
0 269 73 313 133 1036 1 0 1 "Arrest"
0 269 73 313 133 1037 1 0 1 "Arrest"
0 269 73 313 133 1038 1 0 1 "Arrest"
0 268 73 313 133 1039 1 0 1 "Arrest"
0 268 73 313 133 1040 1 0 1 "Arrest"
0 268 73 313 133 1041 1 0 1 "Arrest"
0 268 73 313 133 1042 1 0 1 "Arrest"
0 268 73 313 133 1043 1 0 1 "Arrest"
0 268 73 313 133 1044 1 0 1 "Arrest"
0 268 73 313 133 1045 1 0 1 "Arrest"
0 268 73 313 133 1046 1 0 1 "Arrest"
0 268 73 313 133 1047 1 0 1 "Arrest"
0 268 73 313 133 1048 1 0 1 "Arrest"
0 268 73 313 133 1049 1 0 1 "Arrest"
0 268 73 313 133 1050 1 0 1 "Arrest"
0 268 73 313 133 1051 1 0 1 "Arrest"
0 268 73 313 133 1052 1 0 1 "Arrest"
0 268 73 313 133 1053 1 0 1 "Arrest"
0 268 73 313 133 1054 1 0 1 "Arrest"
0 268 73 313 133 1055 1 0 1 "Arrest"
0 268 73 313 133 1056 1 0 1 "Arrest"
0 268 73 313 133 1057 1 0 1 "Arrest"
0 268 73 313 133 1058 1 0 1 "Arrest"
0 268 73 313 133 1059 1 0 1 "Arrest"
0 268 73 313 133 1060 1 0 1 "Arrest"
0 268 73 313 133 1061 1 0 1 "Arrest"
0 268 73 313 133 1062 1 0 1 "Arrest"
0 268 73 313 133 1063 1 0 1 "Arrest"
0 268 73 313 133 1064 1 0 1 "Arrest"
0 268 73 313 133 1065 1 0 1 "Arrest"
0 268 73 313 133 1066 1 0 1 "Arrest"
0 268 73 313 133 1067 1 0 1 "Arrest"
0 268 73 313 133 1068 1 0 1 "Arrest"
0 268 73 313 133 1069 1 0 1 "Arrest"
0 268 73 313 133 1070 1 0 1 "Arrest"
0 268 73 313 133 1071 1 0 1 "Arrest"
0 268 73 313 133 1072 1 0 1 "Arrest"
0 268 73 313 133 1073 1 0 1 "Arrest"
0 268 73 313 133 1074 1 0 1 "Arrest"
0 268 73 313 134 1075 1 0 1 "Arrest"
0 268 73 313 134 1076 1 0 1 "Arrest"
0 268 73 313 134 1077 1 0 1 "Arrest"
0 268 73 313 134 1078 1 0 1 "Arrest"
0 268 73 313 134 1079 1 0 1 "Arrest"
0 268 73 313 134 1080 1 0 1 "Arrest"
0 268 73 313 134 1081 1 0 1 "Arrest"
0 268 73 313 134 1082 1 0 1 "Arrest"
0 268 73 313 134 1083 1 0 1 "Arrest"
0 268 73 313 134 1084 1 0 1 "Arrest"
0 268 73 313 134 1085 1 0 1 "Arrest"
0 268 73 313 134 1086 1 0 1 "Arrest"
0 268 73 313 134 1087 1 0 1 "Arrest"
0 268 73 313 134 1088 1 0 1 "Arrest"
0 268 73 313 134 1089 1 0 1 "Arrest"
0 268 73 313 134 1090 1 0 1 "Arrest"
0 268 73 313 134 1091 1 0 1 "Arrest"
0 268 73 313 134 1092 1 0 1 "Arrest"
0 268 73 313 134 1093 1 0 1 "Arrest"
0 268 73 313 134 1094 1 0 1 "Arrest"
0 268 73 313 134 1095 1 0 1 "Arrest"
0 268 73 313 134 1096 1 0 1 "Arrest"
0 268 73 313 134 1097 1 0 1 "Arrest"
0 268 73 313 134 1098 1 0 1 "Arrest"
0 268 73 313 134 1099 1 0 1 "Arrest"
0 268 73 313 134 1100 1 0 1 "Arrest"
0 268 73 313 134 1101 1 0 1 "Arrest"
0 268 73 313 134 1102 1 0 1 "Arrest"
0 268 73 313 134 1103 1 0 1 "Arrest"
0 268 73 313 134 1104 1 0 1 "Arrest"
0 268 73 313 134 1105 1 0 1 "Arrest"
0 268 73 313 134 1106 1 0 1 "Arrest"
0 268 73 313 134 1107 1 0 1 "Arrest"
0 268 73 313 134 1108 1 0 1 "Arrest"
0 268 73 313 134 1109 1 0 1 "Arrest"
0 268 73 313 134 1110 1 0 1 "Arrest"
0 268 73 313 134 1111 1 0 1 "Arrest"
0 268 73 313 134 1112 1 0 1 "Arrest"
0 268 73 313 134 1113 1 0 1 "Arrest"
0 268 73 313 134 1114 1 0 1 "Arrest"
0 268 73 313 134 1115 1 0 1 "Arrest"
0 268 73 313 134 1116 1 0 1 "Arrest"
0 268 73 313 134 1117 1 0 1 "Arrest"
0 268 73 313 134 1118 1 0 1 "Arrest"
0 268 73 313 134 1119 1 0 1 "Arrest"
0 268 73 313 134 1120 1 0 1 "Arrest"
0 268 73 313 134 1121 1 0 1 "Arrest"
0 268 73 313 134 1122 1 0 1 "Arrest"
0 268 73 313 134 1123 1 0 1 "Arrest"
0 268 73 313 134 1124 1 0 1 "Arrest"
0 268 73 313 134 1125 1 0 1 "Arrest"
0 268 73 313 134 1126 1 0 1 "Arrest"
0 268 73 313 134 1127 1 0 1 "Arrest"
0 268 73 313 134 1128 1 0 1 "Arrest"
0 268 73 313 134 1129 1 0 1 "Arrest"
0 268 73 313 134 1130 1 0 1 "Arrest"
0 268 73 313 134 1131 1 0 1 "Arrest"
0 268 73 313 134 1132 1 0 1 "Arrest"
0 268 73 313 134 1133 1 0 1 "Arrest"
0 268 73 313 134 1134 1 0 1 "Arrest"
0 268 73 313 134 1135 1 0 1 "Arrest"
0 268 73 313 134 1136 1 0 1 "Arrest"
0 268 73 313 134 1137 1 0 1 "Arrest"
0 268 73 313 134 1138 1 0 1 "Arrest"
0 268 73 313 134 1139 1 0 1 "Arrest"
0 268 73 313 134 1140 1 0 1 "Arrest"
0 268 73 313 134 1141 1 0 1 "Arrest"
0 268 73 313 134 1142 1 0 1 "Arrest"
0 268 73 313 134 1143 1 0 1 "Arrest"
0 268 73 313 134 1144 1 0 1 "Arrest"
0 268 73 313 134 1145 1 0 1 "Arrest"
0 268 73 313 134 1146 1 0 1 "Arrest"
0 268 73 313 134 1147 1 0 1 "Arrest"
0 268 73 313 134 1148 1 0 1 "Arrest"
0 268 73 313 134 1149 1 0 1 "Arrest"
0 268 73 313 134 1150 1 0 1 "Arrest"
0 268 73 313 134 1151 1 0 1 "Arrest"
0 268 73 313 134 1152 1 0 1 "Arrest"
0 268 73 313 134 1153 1 0 1 "Arrest"
0 268 73 313 134 1154 1 0 1 "Arrest"
0 268 73 313 134 1155 1 0 1 "Arrest"
0 268 73 313 134 1156 1 0 1 "Arrest"
0 268 73 313 134 1157 1 0 1 "Arrest"
0 268 73 313 134 1158 1 0 1 "Arrest"
0 268 73 313 134 1159 1 0 1 "Arrest"
0 268 73 313 134 1160 1 0 1 "Arrest"
0 268 73 313 134 1161 1 0 1 "Arrest"
0 268 73 313 134 1162 1 0 1 "Arrest"
0 268 73 313 134 1163 1 0 1 "Arrest"
0 268 73 313 134 1164 1 0 1 "Arrest"
0 268 73 313 134 1165 1 0 1 "Arrest"
0 268 73 313 134 1166 1 0 1 "Arrest"
0 268 73 313 134 1167 1 0 1 "Arrest"
0 268 73 313 134 1168 1 0 1 "Arrest"
0 268 73 313 134 1169 1 0 1 "Arrest"
0 268 73 313 134 1170 1 0 1 "Arrest"
0 268 73 313 134 1171 1 0 1 "Arrest"
0 268 73 313 134 1172 1 0 1 "Arrest"
0 268 73 313 134 1173 1 0 1 "Arrest"
0 268 73 313 134 1174 1 0 1 "Arrest"
0 268 73 313 134 1175 1 0 1 "Arrest"
0 268 73 313 134 1176 1 0 1 "Arrest"
0 268 73 313 134 1177 1 0 1 "Arrest"
0 268 73 313 134 1178 1 0 1 "Arrest"
0 268 73 313 134 1179 1 0 1 "Arrest"
0 268 73 313 134 1180 1 0 1 "Arrest"
0 268 73 313 134 1181 1 0 1 "Arrest"
0 268 73 313 134 1182 1 0 1 "Arrest"
0 268 73 313 135 1183 1 0 1 "Arrest"
0 268 73 313 135 1184 1 0 1 "Arrest"
0 268 73 313 135 1185 1 0 1 "Arrest"
0 268 73 313 135 1186 1 0 1 "Arrest"
0 268 73 313 135 1187 1 0 1 "Arrest"
0 268 73 313 135 1188 1 0 1 "Arrest"
0 268 73 313 135 1189 1 0 1 "Arrest"
0 268 73 313 135 1190 1 0 1 "Arrest"
0 268 73 313 135 1191 1 0 1 "Arrest"
0 268 73 313 135 1192 1 0 1 "Arrest"
0 268 73 313 135 1193 1 0 1 "Arrest"
0 268 73 313 135 1194 1 0 1 "Arrest"
0 268 73 313 135 1195 1 0 1 "Arrest"
0 268 73 313 135 1196 1 0 1 "Arrest"
0 268 73 313 135 1197 1 0 1 "Arrest"
0 268 73 313 135 1198 1 0 1 "Arrest"
0 268 73 313 135 1199 1 0 1 "Arrest"
0 268 73 313 135 1200 1 0 1 "Arrest"
0 268 73 313 135 1201 1 0 1 "Arrest"
0 268 73 313 135 1202 1 0 1 "Arrest"
0 268 73 313 135 1203 1 0 1 "Arrest"
0 268 73 313 135 1204 1 0 1 "Arrest"
0 268 73 313 135 1205 1 0 1 "Arrest"
0 268 73 313 135 1206 1 0 1 "Arrest"
0 268 73 313 135 1207 1 0 1 "Arrest"
0 268 73 313 135 1208 1 0 1 "Arrest"
0 268 73 313 135 1209 1 0 1 "Arrest"
0 268 73 313 135 1210 1 0 1 "Arrest"
0 268 73 313 135 1211 1 0 1 "Arrest"
0 268 73 313 135 1212 1 0 1 "Arrest"
0 268 73 313 135 1213 1 0 1 "Arrest"
0 268 73 313 135 1214 1 0 1 "Arrest"
0 268 73 313 135 1215 1 0 1 "Arrest"
0 268 73 313 135 1216 1 0 1 "Arrest"
0 268 73 313 135 1217 1 0 1 "Arrest"
0 268 73 313 135 1218 1 0 1 "Arrest"
0 268 73 313 135 1219 1 0 1 "Arrest"
0 268 73 313 135 1220 1 0 1 "Arrest"
0 268 73 313 135 1221 1 0 1 "Arrest"
0 268 73 313 135 1222 1 0 1 "Arrest"
0 268 73 313 135 1223 1 0 1 "Arrest"
0 268 73 313 135 1224 1 0 1 "Arrest"
0 268 73 313 135 1225 1 0 1 "Arrest"
0 268 73 313 135 1226 1 0 1 "Arrest"
0 268 73 313 135 1227 1 0 1 "Arrest"
0 268 73 313 135 1228 1 0 1 "Arrest"
0 268 73 313 135 1229 1 0 1 "Arrest"
0 268 73 313 135 1230 1 0 1 "Arrest"
0 268 73 313 135 1231 1 0 1 "Arrest"
0 268 73 313 135 1232 1 0 1 "Arrest"
0 268 73 313 135 1233 1 0 1 "Arrest"
0 268 73 313 135 1234 1 0 1 "Arrest"
0 268 73 313 135 1235 1 0 1 "Arrest"
0 268 73 313 135 1236 1 0 1 "Arrest"
0 267 73 313 135 1237 1 0 1 "Arrest"
0 267 73 313 135 1238 1 0 1 "Arrest"
0 267 73 313 135 1239 1 0 1 "Arrest"
0 267 73 313 135 1240 1 0 1 "Arrest"
0 267 73 313 135 1241 1 0 1 "Arrest"
0 267 73 313 135 1242 1 0 1 "Arrest"
0 267 73 313 135 1243 1 0 1 "Arrest"
0 267 73 313 135 1244 1 0 1 "Arrest"
0 267 73 313 135 1245 1 0 1 "Arrest"
0 267 73 313 135 1246 1 0 1 "Arrest"
0 267 73 313 135 1247 1 0 1 "Arrest"
0 267 73 313 135 1248 1 0 1 "Arrest"
0 267 73 313 135 1249 1 0 1 "Arrest"
0 267 73 313 135 1250 1 0 1 "Arrest"
0 267 73 313 135 1251 1 0 1 "Arrest"
0 267 73 313 135 1252 1 0 1 "Arrest"
0 267 73 313 135 1253 1 0 1 "Arrest"
0 267 73 313 135 1254 1 0 1 "Arrest"
0 267 73 313 135 1255 1 0 1 "Arrest"
0 267 73 313 135 1256 1 0 1 "Arrest"
0 267 73 313 135 1257 1 0 1 "Arrest"
0 267 73 313 135 1258 1 0 1 "Arrest"
0 267 73 313 135 1259 1 0 1 "Arrest"
0 267 73 313 135 1260 1 0 1 "Arrest"
0 267 73 313 135 1261 1 0 1 "Arrest"
0 267 73 313 135 1262 1 0 1 "Arrest"
0 267 73 313 135 1263 1 0 1 "Arrest"
0 267 73 313 135 1264 1 0 1 "Arrest"
0 267 73 313 135 1265 1 0 1 "Arrest"
0 267 73 313 135 1266 1 0 1 "Arrest"
0 267 73 313 135 1267 1 0 1 "Arrest"
0 267 73 313 135 1268 1 0 1 "Arrest"
0 267 73 313 135 1269 1 0 1 "Arrest"
0 267 73 313 135 1270 1 0 1 "Arrest"
0 267 73 313 135 1271 1 0 1 "Arrest"
0 267 73 313 135 1272 1 0 1 "Arrest"
0 267 73 313 135 1273 1 0 1 "Arrest"
0 267 73 313 135 1274 1 0 1 "Arrest"
0 267 73 313 135 1275 1 0 1 "Arrest"
0 267 73 313 135 1276 1 0 1 "Arrest"
0 267 73 313 135 1277 1 0 1 "Arrest"
0 267 73 313 135 1278 1 0 1 "Arrest"
0 267 73 313 135 1279 1 0 1 "Arrest"
0 267 73 313 135 1280 1 0 1 "Arrest"
0 267 73 313 135 1281 1 0 1 "Arrest"
0 267 73 313 135 1282 1 0 1 "Arrest"
0 267 73 313 135 1283 1 0 1 "Arrest"
0 267 73 313 135 1284 1 0 1 "Arrest"
0 267 73 313 135 1285 1 0 1 "Arrest"
0 267 73 313 135 1286 1 0 1 "Arrest"
0 267 73 313 135 1287 1 0 1 "Arrest"
0 267 73 313 135 1288 1 0 1 "Arrest"
0 267 73 313 135 1289 1 0 1 "Arrest"
0 267 73 313 135 1290 1 0 1 "Arrest"
0 267 73 313 136 1291 1 0 1 "Arrest"
0 267 73 313 136 1292 1 0 1 "Arrest"
0 267 73 313 136 1293 1 0 1 "Arrest"
0 267 73 313 136 1294 1 0 1 "Arrest"
0 267 73 313 136 1295 1 0 1 "Arrest"
0 267 73 313 136 1296 1 0 1 "Arrest"
0 267 73 313 136 1297 1 0 1 "Arrest"
0 267 73 313 136 1298 1 0 1 "Arrest"
0 267 73 313 136 1299 1 0 1 "Arrest"
0 267 73 313 136 1300 1 0 1 "Arrest"
0 267 73 313 136 1301 1 0 1 "Arrest"
0 267 73 313 136 1302 1 0 1 "Arrest"
0 267 73 313 136 1303 1 0 1 "Arrest"
0 267 73 313 136 1304 1 0 1 "Arrest"
0 267 73 313 136 1305 1 0 1 "Arrest"
0 267 73 313 136 1306 1 0 1 "Arrest"
0 267 73 313 136 1307 1 0 1 "Arrest"
0 267 73 313 136 1308 1 0 1 "Arrest"
0 267 73 313 136 1309 1 0 1 "Arrest"
0 267 73 313 136 1310 1 0 1 "Arrest"
0 267 73 313 136 1311 1 0 1 "Arrest"
0 267 73 313 136 1312 1 0 1 "Arrest"
0 267 73 313 136 1313 1 0 1 "Arrest"
0 267 73 313 136 1314 1 0 1 "Arrest"
0 267 73 313 136 1315 1 0 1 "Arrest"
0 267 73 313 136 1316 1 0 1 "Arrest"
0 267 73 313 136 1317 1 0 1 "Arrest"
0 267 73 313 136 1318 1 0 1 "Arrest"
0 267 73 313 136 1319 1 0 1 "Arrest"
0 267 73 313 136 1320 1 0 1 "Arrest"
0 267 73 313 136 1321 1 0 1 "Arrest"
0 267 73 313 136 1322 1 0 1 "Arrest"
0 267 73 313 136 1323 1 0 1 "Arrest"
0 267 73 313 136 1324 1 0 1 "Arrest"
0 267 73 313 136 1325 1 0 1 "Arrest"
0 267 73 313 136 1326 1 0 1 "Arrest"
0 267 73 313 136 1327 1 0 1 "Arrest"
0 267 73 313 136 1328 1 0 1 "Arrest"
0 267 73 313 136 1329 1 0 1 "Arrest"
0 267 73 313 136 1330 1 0 1 "Arrest"
0 267 73 313 136 1331 1 0 1 "Arrest"
0 267 73 313 136 1332 1 0 1 "Arrest"
0 267 73 313 136 1333 1 0 1 "Arrest"
0 267 73 313 136 1334 1 0 1 "Arrest"
0 267 73 313 136 1335 1 0 1 "Arrest"
0 267 73 313 136 1336 1 0 1 "Arrest"
0 267 73 313 136 1337 1 0 1 "Arrest"
0 267 73 313 136 1338 1 0 1 "Arrest"
0 267 73 313 136 1339 1 0 1 "Arrest"
0 267 73 313 136 1340 1 0 1 "Arrest"
0 267 73 313 136 1341 1 0 1 "Arrest"
0 267 73 313 136 1342 1 0 1 "Arrest"
0 267 73 313 136 1343 1 0 1 "Arrest"
0 267 73 313 136 1344 1 0 1 "Arrest"
0 267 73 313 136 1345 1 0 1 "Arrest"
0 267 73 313 136 1346 1 0 1 "Arrest"
0 267 73 313 136 1347 1 0 1 "Arrest"
0 267 73 313 136 1348 1 0 1 "Arrest"
0 267 73 313 136 1349 1 0 1 "Arrest"
0 267 73 313 136 1350 1 0 1 "Arrest"
0 267 73 313 136 1351 1 0 1 "Arrest"
0 267 73 313 136 1352 1 0 1 "Arrest"
0 267 73 313 136 1353 1 0 1 "Arrest"
0 267 73 313 136 1354 1 0 1 "Arrest"
0 267 73 313 136 1355 1 0 1 "Arrest"
0 267 73 313 136 1356 1 0 1 "Arrest"
0 267 73 313 136 1357 1 0 1 "Arrest"
0 267 73 313 136 1358 1 0 1 "Arrest"
0 267 73 313 136 1359 1 0 1 "Arrest"
0 267 73 313 136 1360 1 0 1 "Arrest"
0 267 73 313 136 1361 1 0 1 "Arrest"
0 267 73 313 136 1362 1 0 1 "Arrest"
0 267 73 313 136 1363 1 0 1 "Arrest"
0 267 73 313 136 1364 1 0 1 "Arrest"
0 267 73 313 136 1365 1 0 1 "Arrest"
0 267 73 313 136 1366 1 0 1 "Arrest"
0 267 73 313 136 1367 1 0 1 "Arrest"
0 267 73 313 136 1368 1 0 1 "Arrest"
0 267 73 313 136 1369 1 0 1 "Arrest"
0 267 73 313 136 1370 1 0 1 "Arrest"
0 267 73 313 136 1371 1 0 1 "Arrest"
0 267 73 313 136 1372 1 0 1 "Arrest"
0 267 73 313 136 1373 1 0 1 "Arrest"
0 267 73 313 136 1374 1 0 1 "Arrest"
0 267 73 313 136 1375 1 0 1 "Arrest"
0 267 73 313 136 1376 1 0 1 "Arrest"
0 267 73 313 136 1377 1 0 1 "Arrest"
0 267 73 313 136 1378 1 0 1 "Arrest"
0 267 73 313 136 1379 1 0 1 "Arrest"
0 267 73 313 136 1380 1 0 1 "Arrest"
0 267 73 313 136 1381 1 0 1 "Arrest"
0 267 73 313 136 1382 1 0 1 "Arrest"
0 267 73 313 136 1383 1 0 1 "Arrest"
0 267 73 313 136 1384 1 0 1 "Arrest"
0 267 73 313 136 1385 1 0 1 "Arrest"
0 267 73 313 136 1386 1 0 1 "Arrest"
0 267 73 313 136 1387 1 0 1 "Arrest"
0 267 73 313 136 1388 1 0 1 "Arrest"
0 267 73 313 136 1389 1 0 1 "Arrest"
0 267 73 313 136 1390 1 0 1 "Arrest"
0 267 73 313 136 1391 1 0 1 "Arrest"
0 267 73 313 136 1392 1 0 1 "Arrest"
0 267 73 313 136 1393 1 0 1 "Arrest"
0 267 73 313 136 1394 1 0 1 "Arrest"
0 267 73 313 136 1395 1 0 1 "Arrest"
0 267 73 313 136 1396 1 0 1 "Arrest"
0 267 73 313 136 1397 1 0 1 "Arrest"
0 267 73 313 136 1398 1 0 1 "Arrest"
0 267 73 313 137 1399 1 0 1 "Arrest"
0 267 73 313 137 1400 1 0 1 "Arrest"
0 267 73 313 137 1401 1 0 1 "Arrest"
0 267 73 313 137 1402 1 0 1 "Arrest"
0 267 73 313 137 1403 1 0 1 "Arrest"
0 267 73 313 137 1404 1 0 1 "Arrest"
0 267 73 313 137 1405 1 0 1 "Arrest"
0 267 73 313 137 1406 1 0 1 "Arrest"
0 267 73 313 137 1407 1 0 1 "Arrest"
0 267 73 313 137 1408 1 0 1 "Arrest"
0 267 73 313 137 1409 1 0 1 "Arrest"
0 267 73 313 137 1410 1 0 1 "Arrest"
0 267 73 313 137 1411 1 0 1 "Arrest"
0 267 73 313 137 1412 1 0 1 "Arrest"
0 267 73 313 137 1413 1 0 1 "Arrest"
0 267 73 313 137 1414 1 0 1 "Arrest"
0 267 73 313 137 1415 1 0 1 "Arrest"
0 267 73 313 137 1416 1 0 1 "Arrest"
0 267 73 313 137 1417 1 0 1 "Arrest"
0 267 73 313 137 1418 1 0 1 "Arrest"
0 267 73 313 137 1419 1 0 1 "Arrest"
0 267 73 313 137 1420 1 0 1 "Arrest"
0 267 73 313 137 1421 1 0 1 "Arrest"
0 267 73 313 137 1422 1 0 1 "Arrest"
0 267 73 313 137 1423 1 0 1 "Arrest"
0 267 73 313 137 1424 1 0 1 "Arrest"
0 267 73 313 137 1425 1 0 1 "Arrest"
0 267 73 313 137 1426 1 0 1 "Arrest"
0 267 73 313 137 1427 1 0 1 "Arrest"
0 267 73 313 137 1428 1 0 1 "Arrest"
0 267 73 313 137 1429 1 0 1 "Arrest"
0 267 73 313 137 1430 1 0 1 "Arrest"
0 267 73 313 137 1431 1 0 1 "Arrest"
0 267 73 313 137 1432 1 0 1 "Arrest"
0 267 73 313 137 1433 1 0 1 "Arrest"
0 267 73 313 137 1434 1 0 1 "Arrest"
0 267 73 313 137 1435 1 0 1 "Arrest"
0 266 73 313 137 1436 1 0 1 "Arrest"
0 266 73 313 137 1437 1 0 1 "Arrest"
0 266 73 313 137 1438 1 0 1 "Arrest"
0 266 73 313 137 1439 1 0 1 "Arrest"
0 266 73 313 137 1440 1 0 1 "Arrest"
0 266 73 313 137 1441 1 0 1 "Arrest"
0 266 73 313 137 1442 1 0 1 "Arrest"
0 266 73 313 137 1443 1 0 1 "Arrest"
0 266 73 313 137 1444 1 0 1 "Arrest"
0 266 73 313 137 1445 1 0 1 "Arrest"
0 266 73 313 137 1446 1 0 1 "Arrest"
0 266 73 313 137 1447 1 0 1 "Arrest"
0 266 73 313 137 1448 1 0 1 "Arrest"
0 266 73 313 137 1449 1 0 1 "Arrest"
0 266 73 313 137 1450 1 0 1 "Arrest"
0 266 73 313 137 1451 1 0 1 "Arrest"
0 266 73 313 137 1452 1 0 1 "Arrest"
0 266 73 313 137 1453 1 0 1 "Arrest"
0 266 73 313 137 1454 1 0 1 "Arrest"
0 266 73 313 137 1455 1 0 1 "Arrest"
0 266 73 313 137 1456 1 0 1 "Arrest"
0 266 73 313 137 1457 1 0 1 "Arrest"
0 266 73 313 137 1458 1 0 1 "Arrest"
0 266 73 313 137 1459 1 0 1 "Arrest"
0 266 73 313 137 1460 1 0 1 "Arrest"
0 266 73 313 137 1461 1 0 1 "Arrest"
0 266 73 313 137 1462 1 0 1 "Arrest"
0 266 73 313 137 1463 1 0 1 "Arrest"
0 266 73 313 137 1464 1 0 1 "Arrest"
0 266 73 313 137 1465 1 0 1 "Arrest"
0 266 73 313 137 1466 1 0 1 "Arrest"
0 266 73 313 137 1467 1 0 1 "Arrest"
0 266 73 313 137 1468 1 0 1 "Arrest"
0 266 73 313 137 1469 1 0 1 "Arrest"
0 266 73 313 137 1470 1 0 1 "Arrest"
0 266 73 313 137 1471 1 0 1 "Arrest"
0 266 73 313 137 1472 1 0 1 "Arrest"
0 266 73 313 137 1473 1 0 1 "Arrest"
0 266 73 313 137 1474 1 0 1 "Arrest"
0 266 73 313 137 1475 1 0 1 "Arrest"
0 266 73 313 137 1476 1 0 1 "Arrest"
0 266 73 313 137 1477 1 0 1 "Arrest"
0 266 73 313 137 1478 1 0 1 "Arrest"
0 266 73 313 137 1479 1 0 1 "Arrest"
0 266 73 313 137 1480 1 0 1 "Arrest"
0 266 73 313 137 1481 1 0 1 "Arrest"
0 266 73 313 137 1482 1 0 1 "Arrest"
0 266 73 313 137 1483 1 0 1 "Arrest"
0 266 73 313 137 1484 1 0 1 "Arrest"
0 266 73 313 137 1485 1 0 1 "Arrest"
0 266 73 313 137 1486 1 0 1 "Arrest"
0 266 73 313 137 1487 1 0 1 "Arrest"
0 266 73 313 137 1488 1 0 1 "Arrest"
0 266 73 313 137 1489 1 0 1 "Arrest"
0 266 73 313 137 1490 1 0 1 "Arrest"
0 266 73 313 137 1491 1 0 1 "Arrest"
0 266 73 313 137 1492 1 0 1 "Arrest"
0 266 73 313 137 1493 1 0 1 "Arrest"
0 266 73 313 137 1494 1 0 1 "Arrest"
0 266 73 313 137 1495 1 0 1 "Arrest"
0 266 73 313 137 1496 1 0 1 "Arrest"
0 266 73 313 137 1497 1 0 1 "Arrest"
0 266 73 313 137 1498 1 0 1 "Arrest"
0 266 73 313 137 1499 1 0 1 "Arrest"
0 266 73 313 137 1500 1 0 1 "Arrest"
0 266 73 313 137 1501 1 0 1 "Arrest"
0 266 73 313 137 1502 1 0 1 "Arrest"
0 266 73 313 137 1503 1 0 1 "Arrest"
0 266 73 313 137 1504 1 0 1 "Arrest"
0 266 73 313 137 1505 1 0 1 "Arrest"
0 266 73 313 137 1506 1 0 1 "Arrest"
0 266 73 313 137 1507 1 0 1 "Arrest"
0 266 73 313 138 1508 1 0 1 "Arrest"
0 266 73 313 138 1509 1 0 1 "Arrest"
0 266 73 313 138 1510 1 0 1 "Arrest"
0 266 73 313 138 1511 1 0 1 "Arrest"
0 266 73 313 138 1512 1 0 1 "Arrest"
0 266 73 313 138 1513 1 0 1 "Arrest"
0 266 73 313 138 1514 1 0 1 "Arrest"
0 266 73 313 138 1515 1 0 1 "Arrest"
0 266 73 313 138 1516 1 0 1 "Arrest"
0 266 73 313 138 1517 1 0 1 "Arrest"
0 266 73 313 138 1518 1 0 1 "Arrest"
0 266 73 313 138 1519 1 0 1 "Arrest"
0 266 73 313 138 1520 1 0 1 "Arrest"
0 266 73 313 138 1521 1 0 1 "Arrest"
0 266 73 313 138 1522 1 0 1 "Arrest"
0 266 73 313 138 1523 1 0 1 "Arrest"
0 266 73 313 138 1524 1 0 1 "Arrest"
0 266 73 313 138 1525 1 0 1 "Arrest"
0 266 73 313 138 1526 1 0 1 "Arrest"
0 266 73 313 138 1527 1 0 1 "Arrest"
0 266 73 313 138 1528 1 0 1 "Arrest"
0 266 73 313 138 1529 1 0 1 "Arrest"
0 266 73 313 138 1530 1 0 1 "Arrest"
0 266 73 313 138 1531 1 0 1 "Arrest"
0 266 73 313 138 1532 1 0 1 "Arrest"
0 266 73 313 138 1533 1 0 1 "Arrest"
0 266 73 313 138 1534 1 0 1 "Arrest"
0 266 73 313 138 1535 1 0 1 "Arrest"
0 266 73 313 138 1536 1 0 1 "Arrest"
0 266 73 313 138 1537 1 0 1 "Arrest"
0 266 73 313 138 1538 1 0 1 "Arrest"
0 266 73 313 138 1539 1 0 1 "Arrest"
0 266 73 313 138 1540 1 0 1 "Arrest"
0 266 73 313 138 1541 1 0 1 "Arrest"
0 266 73 313 138 1542 1 0 1 "Arrest"
0 266 73 313 138 1543 1 0 1 "Arrest"
0 266 73 313 138 1544 1 0 1 "Arrest"
0 266 73 313 138 1545 1 0 1 "Arrest"
0 266 73 313 138 1546 1 0 1 "Arrest"
0 266 73 313 138 1547 1 0 1 "Arrest"
0 266 73 313 138 1548 1 0 1 "Arrest"
0 266 73 313 138 1549 1 0 1 "Arrest"
0 266 73 313 138 1550 1 0 1 "Arrest"
0 266 73 313 138 1551 1 0 1 "Arrest"
0 266 73 313 138 1552 1 0 1 "Arrest"
0 266 73 313 138 1553 1 0 1 "Arrest"
0 266 73 313 138 1554 1 0 1 "Arrest"
0 266 73 313 138 1555 1 0 1 "Arrest"
0 266 73 313 138 1556 1 0 1 "Arrest"
0 266 73 313 138 1557 1 0 1 "Arrest"
0 266 73 313 138 1558 1 0 1 "Arrest"
0 266 73 313 138 1559 1 0 1 "Arrest"
0 266 73 313 138 1560 1 0 1 "Arrest"
0 266 73 313 138 1561 1 0 1 "Arrest"
0 266 73 313 138 1562 1 0 1 "Arrest"
0 266 73 313 138 1563 1 0 1 "Arrest"
0 266 73 313 138 1564 1 0 1 "Arrest"
0 266 73 313 138 1565 1 0 1 "Arrest"
0 266 73 313 138 1566 1 0 1 "Arrest"
0 266 73 313 138 1567 1 0 1 "Arrest"
0 266 73 313 138 1568 1 0 1 "Arrest"
0 266 73 313 138 1569 1 0 1 "Arrest"
0 266 73 313 138 1570 1 0 1 "Arrest"
0 266 73 313 138 1571 1 0 1 "Arrest"
0 266 73 313 138 1572 1 0 1 "Arrest"
0 266 73 313 138 1573 1 0 1 "Arrest"
0 266 73 313 138 1574 1 0 1 "Arrest"
0 266 73 313 138 1575 1 0 1 "Arrest"
0 266 73 313 138 1576 1 0 1 "Arrest"
0 266 73 313 138 1577 1 0 1 "Arrest"
0 266 73 313 138 1578 1 0 1 "Arrest"
0 266 73 313 138 1579 1 0 1 "Arrest"
0 266 73 313 138 1580 1 0 1 "Arrest"
0 266 73 313 138 1581 1 0 1 "Arrest"
0 266 73 313 138 1582 1 0 1 "Arrest"
0 266 73 313 138 1583 1 0 1 "Arrest"
0 266 73 313 138 1584 1 0 1 "Arrest"
0 266 73 313 138 1585 1 0 1 "Arrest"
0 266 73 313 138 1586 1 0 1 "Arrest"
0 266 73 313 138 1587 1 0 1 "Arrest"
0 266 73 313 138 1588 1 0 1 "Arrest"
0 266 73 313 138 1589 1 0 1 "Arrest"
0 266 73 313 138 1590 1 0 1 "Arrest"
0 266 73 313 138 1591 1 0 1 "Arrest"
0 266 73 313 138 1592 1 0 1 "Arrest"
0 266 73 313 138 1593 1 0 1 "Arrest"
0 266 73 313 138 1594 1 0 1 "Arrest"
0 266 73 313 138 1595 1 0 1 "Arrest"
0 266 73 313 138 1596 1 0 1 "Arrest"
0 266 73 313 138 1597 1 0 1 "Arrest"
0 266 73 313 138 1598 1 0 1 "Arrest"
0 266 73 313 138 1599 1 0 1 "Arrest"
0 266 73 313 138 1600 1 0 1 "Arrest"
0 266 73 313 138 1601 1 0 1 "Arrest"
0 266 73 313 138 1602 1 0 1 "Arrest"
0 266 73 313 138 1603 1 0 1 "Arrest"
0 266 73 313 138 1604 1 0 1 "Arrest"
0 266 73 313 138 1605 1 0 1 "Arrest"
0 266 73 313 138 1606 1 0 1 "Arrest"
0 266 73 313 138 1607 1 0 1 "Arrest"
0 266 73 313 138 1608 1 0 1 "Arrest"
0 266 73 313 138 1609 1 0 1 "Arrest"
0 266 73 313 138 1610 1 0 1 "Arrest"
0 266 73 313 138 1611 1 0 1 "Arrest"
0 266 73 313 138 1612 1 0 1 "Arrest"
0 266 73 313 138 1613 1 0 1 "Arrest"
0 266 73 313 138 1614 1 0 1 "Arrest"
0 266 73 313 138 1615 1 0 1 "Arrest"
0 266 73 313 139 1616 1 0 1 "Arrest"
0 266 73 313 139 1617 1 0 1 "Arrest"
0 266 73 313 139 1618 1 0 1 "Arrest"
0 266 73 313 139 1619 1 0 1 "Arrest"
0 266 73 313 139 1620 1 0 1 "Arrest"
0 266 73 313 139 1621 1 0 1 "Arrest"
0 266 73 313 139 1622 1 0 1 "Arrest"
0 266 73 313 139 1623 1 0 1 "Arrest"
0 266 73 313 139 1624 1 0 1 "Arrest"
0 266 73 313 139 1625 1 0 1 "Arrest"
0 266 73 313 139 1626 1 0 1 "Arrest"
0 266 73 313 139 1627 1 0 1 "Arrest"
0 266 73 313 139 1628 1 0 1 "Arrest"
0 266 73 313 139 1629 1 0 1 "Arrest"
0 266 73 313 139 1630 1 0 1 "Arrest"
0 266 73 313 139 1631 1 0 1 "Arrest"
0 266 73 313 139 1632 1 0 1 "Arrest"
0 266 73 313 139 1633 1 0 1 "Arrest"
0 265 73 313 139 1634 1 0 1 "Arrest"
0 265 73 313 139 1635 1 0 1 "Arrest"
0 265 73 313 139 1636 1 0 1 "Arrest"
0 265 73 313 139 1637 1 0 1 "Arrest"
0 265 73 313 139 1638 1 0 1 "Arrest"
0 265 73 313 139 1639 1 0 1 "Arrest"
0 265 73 313 139 1640 1 0 1 "Arrest"
0 265 73 313 139 1641 1 0 1 "Arrest"
0 265 73 313 139 1642 1 0 1 "Arrest"
0 265 73 313 139 1643 1 0 1 "Arrest"
0 265 73 313 139 1644 1 0 1 "Arrest"
0 265 73 313 139 1645 1 0 1 "Arrest"
0 265 73 313 139 1646 1 0 1 "Arrest"
0 265 73 313 139 1647 1 0 1 "Arrest"
0 265 73 313 139 1648 1 0 1 "Arrest"
0 265 73 313 139 1649 1 0 1 "Arrest"
0 265 73 313 139 1650 1 0 1 "Arrest"
0 265 73 313 139 1651 1 0 1 "Arrest"
0 265 73 313 139 1652 1 0 1 "Arrest"
0 265 73 313 139 1653 1 0 1 "Arrest"
0 265 73 313 139 1654 1 0 1 "Arrest"
0 265 73 313 139 1655 1 0 1 "Arrest"
0 265 73 313 139 1656 1 0 1 "Arrest"
0 265 73 313 139 1657 1 0 1 "Arrest"
0 265 73 313 139 1658 1 0 1 "Arrest"
0 265 73 313 139 1659 1 0 1 "Arrest"
0 265 73 313 139 1660 1 0 1 "Arrest"
0 265 73 313 139 1661 1 0 1 "Arrest"
0 265 73 313 139 1662 1 0 1 "Arrest"
0 265 73 313 139 1663 1 0 1 "Arrest"
0 265 73 313 139 1664 1 0 1 "Arrest"
0 265 73 313 139 1665 1 0 1 "Arrest"
0 265 73 313 139 1666 1 0 1 "Arrest"
0 265 73 313 139 1667 1 0 1 "Arrest"
0 265 73 313 139 1668 1 0 1 "Arrest"
0 265 73 313 139 1669 1 0 1 "Arrest"
0 265 73 313 139 1670 1 0 1 "Arrest"
0 265 73 313 139 1671 1 0 1 "Arrest"
0 265 73 313 139 1672 1 0 1 "Arrest"
0 265 73 313 139 1673 1 0 1 "Arrest"
0 265 73 313 139 1674 1 0 1 "Arrest"
0 265 73 313 139 1675 1 0 1 "Arrest"
0 265 73 313 139 1676 1 0 1 "Arrest"
0 265 73 313 139 1677 1 0 1 "Arrest"
0 265 73 313 139 1678 1 0 1 "Arrest"
0 265 73 313 139 1679 1 0 1 "Arrest"
0 265 73 313 139 1680 1 0 1 "Arrest"
0 265 73 313 139 1681 1 0 1 "Arrest"
0 265 73 313 139 1682 1 0 1 "Arrest"
0 265 73 313 139 1683 1 0 1 "Arrest"
0 265 73 313 139 1684 1 0 1 "Arrest"
0 265 73 313 139 1685 1 0 1 "Arrest"
0 265 73 313 139 1686 1 0 1 "Arrest"
0 265 73 313 139 1687 1 0 1 "Arrest"
0 265 73 313 139 1688 1 0 1 "Arrest"
0 265 73 313 139 1689 1 0 1 "Arrest"
0 265 73 313 139 1690 1 0 1 "Arrest"
0 265 73 313 139 1691 1 0 1 "Arrest"
0 265 73 313 139 1692 1 0 1 "Arrest"
0 265 73 313 139 1693 1 0 1 "Arrest"
0 265 73 313 139 1694 1 0 1 "Arrest"
0 265 73 313 139 1695 1 0 1 "Arrest"
0 265 73 313 139 1696 1 0 1 "Arrest"
0 265 73 313 139 1697 1 0 1 "Arrest"
0 265 73 313 139 1698 1 0 1 "Arrest"
0 265 73 313 139 1699 1 0 1 "Arrest"
0 265 73 313 139 1700 1 0 1 "Arrest"
0 265 73 313 139 1701 1 0 1 "Arrest"
0 265 73 313 139 1702 1 0 1 "Arrest"
0 265 73 313 139 1703 1 0 1 "Arrest"
0 265 73 313 139 1704 1 0 1 "Arrest"
0 265 73 313 139 1705 1 0 1 "Arrest"
0 265 73 313 139 1706 1 0 1 "Arrest"
0 265 73 313 139 1707 1 0 1 "Arrest"
0 265 73 313 139 1708 1 0 1 "Arrest"
0 265 73 313 139 1709 1 0 1 "Arrest"
0 265 73 313 139 1710 1 0 1 "Arrest"
0 265 73 313 139 1711 1 0 1 "Arrest"
0 265 73 313 139 1712 1 0 1 "Arrest"
0 265 73 313 139 1713 1 0 1 "Arrest"
0 265 73 313 139 1714 1 0 1 "Arrest"
0 265 73 313 139 1715 1 0 1 "Arrest"
0 265 73 313 139 1716 1 0 1 "Arrest"
0 265 73 313 139 1717 1 0 1 "Arrest"
0 265 73 313 139 1718 1 0 1 "Arrest"
0 265 73 313 139 1719 1 0 1 "Arrest"
0 265 73 313 139 1720 1 0 1 "Arrest"
0 265 73 313 139 1721 1 0 1 "Arrest"
0 265 73 313 139 1722 1 0 1 "Arrest"
0 265 73 313 139 1723 1 0 1 "Arrest"
0 265 73 313 140 1724 1 0 1 "Arrest"
0 265 73 313 140 1725 1 0 1 "Arrest"
0 265 73 313 140 1726 1 0 1 "Arrest"
0 265 73 313 140 1727 1 0 1 "Arrest"
0 265 73 313 140 1728 1 0 1 "Arrest"
0 265 73 313 140 1729 1 0 1 "Arrest"
0 265 73 313 140 1730 1 0 1 "Arrest"
0 265 73 313 140 1731 1 0 1 "Arrest"
0 265 73 313 140 1732 1 0 1 "Arrest"
0 265 73 313 140 1733 1 0 1 "Arrest"
0 265 73 313 140 1734 1 0 1 "Arrest"
0 265 73 313 140 1735 1 0 1 "Arrest"
0 265 73 313 140 1736 1 0 1 "Arrest"
0 265 73 313 140 1737 1 0 1 "Arrest"
0 265 73 313 140 1738 1 0 1 "Arrest"
0 265 73 313 140 1739 1 0 1 "Arrest"
0 265 73 313 140 1740 1 0 1 "Arrest"
0 265 73 313 140 1741 1 0 1 "Arrest"
0 265 73 313 140 1742 1 0 1 "Arrest"
0 265 73 313 140 1743 1 0 1 "Arrest"
0 265 73 313 140 1744 1 0 1 "Arrest"
0 265 73 313 140 1745 1 0 1 "Arrest"
0 265 73 313 140 1746 1 0 1 "Arrest"
0 265 73 313 140 1747 1 0 1 "Arrest"
0 265 73 313 140 1748 1 0 1 "Arrest"
0 265 73 313 140 1749 1 0 1 "Arrest"
0 265 73 313 140 1750 1 0 1 "Arrest"
0 265 73 313 140 1751 1 0 1 "Arrest"
0 265 73 313 140 1752 1 0 1 "Arrest"
0 265 73 313 140 1753 1 0 1 "Arrest"
0 265 73 313 140 1754 1 0 1 "Arrest"
0 265 73 313 140 1755 1 0 1 "Arrest"
0 265 73 313 140 1756 1 0 1 "Arrest"
0 265 73 313 140 1757 1 0 1 "Arrest"
0 265 73 313 140 1758 1 0 1 "Arrest"
0 265 73 313 140 1759 1 0 1 "Arrest"
0 265 73 313 140 1760 1 0 1 "Arrest"
0 265 73 313 140 1761 1 0 1 "Arrest"
0 265 73 313 140 1762 1 0 1 "Arrest"
0 265 73 313 140 1763 1 0 1 "Arrest"
0 265 73 313 140 1764 1 0 1 "Arrest"
0 265 73 313 140 1765 1 0 1 "Arrest"
0 265 73 313 140 1766 1 0 1 "Arrest"
0 265 73 313 140 1767 1 0 1 "Arrest"
0 265 73 313 140 1768 1 0 1 "Arrest"
0 265 73 313 140 1769 1 0 1 "Arrest"
0 265 73 313 140 1770 1 0 1 "Arrest"
0 265 73 313 140 1771 1 0 1 "Arrest"
0 265 73 313 140 1772 1 0 1 "Arrest"
0 265 73 313 140 1773 1 0 1 "Arrest"
0 265 73 313 140 1774 1 0 1 "Arrest"
0 265 73 313 140 1775 1 0 1 "Arrest"
0 265 73 313 140 1776 1 0 1 "Arrest"
0 265 73 313 140 1777 1 0 1 "Arrest"
0 265 73 313 140 1778 1 0 1 "Arrest"
0 265 73 313 140 1779 1 0 1 "Arrest"
0 265 73 313 140 1780 1 0 1 "Arrest"
0 265 73 313 140 1781 1 0 1 "Arrest"
0 265 73 313 140 1782 1 0 1 "Arrest"
0 265 73 313 140 1783 1 0 1 "Arrest"
0 265 73 313 140 1784 1 0 1 "Arrest"
0 265 73 313 140 1785 1 0 1 "Arrest"
0 265 73 313 140 1786 1 0 1 "Arrest"
0 265 73 313 140 1787 1 0 1 "Arrest"
0 265 73 313 140 1788 1 0 1 "Arrest"
0 265 73 313 140 1789 1 0 1 "Arrest"
0 265 73 313 140 1790 1 0 1 "Arrest"
0 265 73 313 140 1791 1 0 1 "Arrest"
0 265 73 313 140 1792 1 0 1 "Arrest"
0 265 73 313 140 1793 1 0 1 "Arrest"
0 265 73 313 140 1794 1 0 1 "Arrest"
0 265 73 313 140 1795 1 0 1 "Arrest"
0 265 73 313 140 1796 1 0 1 "Arrest"
0 265 73 313 140 1797 1 0 1 "Arrest"
0 265 73 313 140 1798 1 0 1 "Arrest"
0 265 73 313 140 1799 1 0 1 "Arrest"
0 265 73 313 140 1800 1 0 1 "Arrest"
0 265 73 313 140 1801 1 0 1 "Arrest"
0 265 73 313 140 1802 1 0 1 "Arrest"
0 265 73 313 140 1803 1 0 1 "Arrest"
0 265 73 313 140 1804 1 0 1 "Arrest"
0 265 73 313 140 1805 1 0 1 "Arrest"
0 265 73 313 140 1806 1 0 1 "Arrest"
0 265 73 313 140 1807 1 0 1 "Arrest"
0 265 73 313 140 1808 1 0 1 "Arrest"
0 265 73 313 140 1809 1 0 1 "Arrest"
0 265 73 313 140 1810 1 0 1 "Arrest"
0 265 73 313 140 1811 1 0 1 "Arrest"
0 265 73 313 140 1812 1 0 1 "Arrest"
0 265 73 313 140 1813 1 0 1 "Arrest"
0 265 73 313 140 1814 1 0 1 "Arrest"
0 265 73 313 140 1815 1 0 1 "Arrest"
0 265 73 313 140 1816 1 0 1 "Arrest"
0 265 73 313 140 1817 1 0 1 "Arrest"
0 265 73 313 140 1818 1 0 1 "Arrest"
0 265 73 313 140 1819 1 0 1 "Arrest"
0 265 73 313 140 1820 1 0 1 "Arrest"
0 265 73 313 140 1821 1 0 1 "Arrest"
0 265 73 313 140 1822 1 0 1 "Arrest"
0 265 73 313 140 1823 1 0 1 "Arrest"
0 265 73 313 140 1824 1 0 1 "Arrest"
0 265 73 313 140 1825 1 0 1 "Arrest"
0 265 73 313 140 1826 1 0 1 "Arrest"
0 265 73 313 140 1827 1 0 1 "Arrest"
0 265 73 313 140 1828 1 0 1 "Arrest"
0 265 73 313 140 1829 1 0 1 "Arrest"
0 265 73 313 140 1830 1 0 1 "Arrest"
0 265 73 313 140 1831 1 0 1 "Arrest"
0 265 73 313 141 1832 0 0 0 "Arrest"
0 264 73 312 141 1833 0 0 1 "Arrest"
0 264 73 312 141 1834 0 0 1 "Arrest"
0 264 73 312 141 1835 0 0 1 "Arrest"
0 264 73 312 141 1836 0 0 1 "Arrest"
0 264 73 312 141 1837 0 0 1 "Arrest"
0 263 73 311 141 1838 0 0 1 "Arrest"
0 263 73 311 141 1839 0 0 1 "Arrest"
0 263 73 311 141 1840 0 0 1 "Arrest"
0 263 73 311 141 1841 0 0 1 "Arrest"
0 263 73 311 141 1842 0 0 0 "Arrest"
0 261 73 310 140 1843 0 0 1 "Arrest"
0 260 73 310 140 1844 0 0 1 "Arrest"
0 258 73 310 140 1845 0 0 1 "Arrest"
0 257 73 310 139 1846 0 0 1 "Arrest"
0 255 73 310 139 1847 0 0 1 "Arrest"
0 254 73 310 139 1848 0 0 1 "Arrest"
0 252 73 310 138 1849 0 0 1 "Arrest"
0 251 73 310 138 1850 0 0 1 "Arrest"
0 249 73 310 138 1851 0 0 1 "Arrest"
0 248 73 310 138 1852 0 0 0 "Arrest"
0 247 73 309 138 1853 0 0 1 "Arrest"
0 247 73 309 138 1854 0 0 1 "Arrest"
0 247 73 309 138 1855 0 0 1 "Arrest"
0 247 73 309 138 1856 0 0 1 "Arrest"
0 247 73 309 138 1857 0 0 1 "Arrest"
0 247 73 309 138 1858 0 0 1 "Arrest"
0 247 73 309 138 1859 0 0 1 "Arrest"
0 247 73 309 138 1860 0 0 1 "Arrest"
0 247 73 309 138 1861 0 0 1 "Arrest"
0 247 73 309 138 1862 0 0 1 "Arrest"
0 247 73 309 138 1863 0 0 1 "Arrest"
0 247 73 309 138 1864 0 0 1 "Arrest"
0 247 74 309 139 1865 0 0 1 "Arrest"
0 247 74 309 139 1866 0 0 1 "Arrest"
0 247 74 309 139 1867 0 0 1 "Arrest"
0 247 74 309 139 1868 0 0 1 "Arrest"
0 247 74 309 139 1869 0 0 1 "Arrest"
0 247 74 309 139 1870 0 0 1 "Arrest"
0 247 74 309 139 1871 0 0 1 "Arrest"
0 247 74 309 139 1872 0 0 1 "Arrest"
0 247 74 309 139 1873 0 0 1 "Arrest"
0 247 74 309 139 1874 0 0 1 "Arrest"
0 247 74 309 139 1875 0 0 1 "Arrest"
0 247 74 309 139 1876 0 0 1 "Arrest"
0 247 75 309 140 1877 0 0 1 "Arrest"
0 247 75 309 140 1878 0 0 1 "Arrest"
0 247 75 309 140 1879 0 0 1 "Arrest"
0 247 75 309 140 1880 0 0 1 "Arrest"
0 247 75 309 140 1881 0 0 1 "Arrest"
0 247 75 309 140 1882 0 0 1 "Arrest"
0 247 75 309 140 1883 0 0 1 "Arrest"
0 247 75 309 140 1884 0 0 1 "Arrest"
0 247 75 309 140 1885 0 0 1 "Arrest"
0 247 75 309 140 1886 0 0 1 "Arrest"
0 247 75 309 140 1887 0 0 1 "Arrest"
0 247 75 309 140 1888 0 0 1 "Arrest"
0 247 75 309 140 1889 0 0 1 "Arrest"
0 247 76 309 141 1890 0 0 1 "Arrest"
0 247 76 309 141 1891 0 0 1 "Arrest"
0 247 76 309 141 1892 0 0 1 "Arrest"
0 247 76 309 141 1893 0 0 1 "Arrest"
0 247 76 309 141 1894 0 0 1 "Arrest"
0 247 76 309 141 1895 0 0 1 "Arrest"
0 247 76 309 141 1896 0 0 1 "Arrest"
0 247 76 309 141 1897 0 0 1 "Arrest"
0 247 76 309 141 1898 0 0 1 "Arrest"
0 247 76 309 141 1899 0 0 1 "Arrest"
0 247 76 309 141 1900 0 0 1 "Arrest"
0 247 76 309 141 1901 0 0 1 "Arrest"
0 247 77 309 142 1902 0 0 0 "Arrest"
0 244 77 309 141 1903 0 0 1 "Arrest"
0 242 77 309 141 1904 0 0 1 "Arrest"
0 240 77 309 141 1905 0 0 1 "Arrest"
0 238 77 309 141 1906 0 0 1 "Arrest"
0 236 77 309 141 1907 0 0 1 "Arrest"
0 234 77 309 141 1908 0 0 1 "Arrest"
0 232 77 309 141 1909 0 0 1 "Arrest"
0 230 77 309 141 1910 0 0 1 "Arrest"
0 228 77 309 141 1911 0 0 1 "Arrest"
0 226 77 309 141 1912 1 0 0 "Arrest"
0 226 77 309 141 1913 1 0 1 "Arrest"
0 226 77 309 141 1914 1 0 1 "Arrest"
0 226 77 309 141 1915 1 0 1 "Arrest"
0 226 77 309 141 1916 1 0 1 "Arrest"
0 226 77 309 141 1917 1 0 1 "Arrest"
0 226 77 309 141 1918 1 0 1 "Arrest"
0 226 77 309 141 1919 1 0 1 "Arrest"
0 226 77 309 141 1920 1 0 1 "Arrest"
0 226 77 309 141 1921 1 0 1 "Arrest"
0 226 77 309 141 1922 1 0 1 "Arrest"
0 226 77 309 141 1923 1 0 1 "Arrest"
0 226 77 309 141 1924 1 0 1 "Arrest"
0 226 77 309 141 1925 1 0 1 "Arrest"
0 226 77 309 141 1926 1 0 1 "Arrest"
0 226 77 309 141 1927 1 0 1 "Arrest"
0 226 77 309 141 1928 1 0 1 "Arrest"
0 226 77 309 141 1929 1 0 1 "Arrest"
0 226 77 309 141 1930 1 0 1 "Arrest"
0 226 77 309 141 1931 1 0 1 "Arrest"
0 226 77 309 141 1932 1 0 1 "Arrest"
0 226 77 309 141 1933 1 0 1 "Arrest"
0 226 77 309 141 1934 1 0 1 "Arrest"
0 226 77 309 141 1935 1 0 1 "Arrest"
0 226 77 309 141 1936 1 0 1 "Arrest"
0 226 77 309 141 1937 1 0 1 "Arrest"
0 226 77 309 141 1938 1 0 1 "Arrest"
0 226 77 309 141 1939 1 0 1 "Arrest"
0 226 77 309 141 1940 1 0 1 "Arrest"
0 226 77 309 141 1941 1 0 1 "Arrest"
0 226 77 309 141 1942 1 0 1 "Arrest"
0 226 77 309 141 1943 1 0 1 "Arrest"
0 226 77 309 141 1944 1 0 1 "Arrest"
0 226 77 309 141 1945 1 0 1 "Arrest"
0 226 77 309 141 1946 1 0 1 "Arrest"
0 226 77 309 141 1947 1 0 1 "Arrest"
0 226 77 309 141 1948 1 0 1 "Arrest"
0 226 77 309 141 1949 1 0 1 "Arrest"
0 226 77 309 141 1950 1 0 1 "Arrest"
0 226 77 309 141 1951 1 0 1 "Arrest"
0 226 77 309 141 1952 1 0 1 "Arrest"
0 226 77 309 141 1953 1 0 1 "Arrest"
0 226 77 309 141 1954 1 0 1 "Arrest"
0 226 77 309 141 1955 1 0 1 "Arrest"
0 226 77 309 141 1956 1 0 1 "Arrest"
0 226 77 309 141 1957 1 0 1 "Arrest"
0 226 77 309 141 1958 1 0 1 "Arrest"
0 226 77 309 141 1959 1 0 1 "Arrest"
0 226 77 309 141 1960 1 0 1 "Arrest"
0 226 77 309 141 1961 1 0 1 "Arrest"
0 226 77 309 141 1962 1 0 1 "Arrest"
0 226 77 309 141 1963 1 0 1 "Arrest"
0 226 77 309 141 1964 1 0 1 "Arrest"
0 226 77 309 141 1965 1 0 1 "Arrest"
0 226 77 309 141 1966 1 0 1 "Arrest"
0 226 77 309 141 1967 1 0 1 "Arrest"
0 226 77 309 141 1968 1 0 1 "Arrest"
0 226 77 309 141 1969 1 0 1 "Arrest"
0 226 77 309 141 1970 1 0 1 "Arrest"
0 226 77 309 141 1971 1 0 1 "Arrest"
0 226 77 309 141 1972 1 0 1 "Arrest"
0 226 77 309 141 1973 1 0 1 "Arrest"
0 226 77 309 141 1974 1 0 1 "Arrest"
0 226 77 309 141 1975 1 0 1 "Arrest"
0 226 77 309 141 1976 1 0 1 "Arrest"
0 226 77 309 141 1977 1 0 1 "Arrest"
0 226 77 309 141 1978 1 0 1 "Arrest"
0 226 77 309 141 1979 1 0 1 "Arrest"
0 226 77 309 141 1980 1 0 1 "Arrest"
0 226 77 309 141 1981 1 0 1 "Arrest"
0 226 77 309 141 1982 1 0 1 "Arrest"
0 226 77 309 141 1983 1 0 1 "Arrest"
0 226 77 309 141 1984 1 0 1 "Arrest"
0 226 77 309 141 1985 1 0 1 "Arrest"
0 226 77 309 141 1986 1 0 1 "Arrest"
0 226 77 309 141 1987 1 0 1 "Arrest"
0 226 77 309 141 1988 1 0 1 "Arrest"
0 226 77 309 141 1989 1 0 1 "Arrest"
0 226 77 309 141 1990 1 0 1 "Arrest"
0 226 77 309 141 1991 1 0 1 "Arrest"
0 226 77 309 141 1992 1 0 1 "Arrest"
0 226 77 309 141 1993 1 0 1 "Arrest"
0 226 77 309 141 1994 1 0 1 "Arrest"
0 226 77 309 141 1995 1 0 1 "Arrest"
0 226 77 309 141 1996 1 0 1 "Arrest"
0 226 77 309 141 1997 1 0 1 "Arrest"
0 226 77 309 141 1998 1 0 1 "Arrest"
0 226 77 309 141 1999 1 0 1 "Arrest"
0 226 77 309 141 2000 1 0 1 "Arrest"
0 226 77 309 141 2001 1 0 1 "Arrest"
0 226 77 309 141 2002 1 0 1 "Arrest"
0 226 77 309 141 2003 1 0 1 "Arrest"
0 226 77 309 141 2004 1 0 1 "Arrest"
0 226 77 309 141 2005 1 0 1 "Arrest"
0 226 77 309 141 2006 1 0 1 "Arrest"
0 226 77 309 141 2007 1 0 1 "Arrest"
0 226 77 309 141 2008 1 0 1 "Arrest"
0 226 77 309 141 2009 1 0 1 "Arrest"
0 226 77 309 141 2010 1 0 1 "Arrest"
0 226 77 309 141 2011 1 0 1 "Arrest"
0 226 77 309 141 2012 1 0 1 "Arrest"
0 226 77 309 141 2013 1 0 1 "Arrest"
0 226 77 309 141 2014 1 0 1 "Arrest"
0 226 77 309 141 2015 1 0 1 "Arrest"
0 226 77 309 141 2016 1 0 1 "Arrest"
0 226 77 309 141 2017 1 0 1 "Arrest"
0 226 77 309 141 2018 1 0 1 "Arrest"
0 226 77 309 141 2019 1 0 1 "Arrest"
0 226 77 309 141 2020 1 0 1 "Arrest"
0 226 77 309 141 2021 1 0 1 "Arrest"
0 226 77 309 141 2022 1 0 0 "Arrest"
0 226 76 309 140 2023 1 0 1 "Arrest"
0 226 76 309 140 2024 1 0 1 "Arrest"
0 227 76 309 140 2025 1 0 1 "Arrest"
0 227 76 309 140 2026 1 0 1 "Arrest"
0 228 76 309 140 2027 1 0 1 "Arrest"
0 228 76 309 140 2028 1 0 1 "Arrest"
0 228 76 309 140 2029 1 0 1 "Arrest"
0 229 76 309 140 2030 1 0 1 "Arrest"
0 229 76 309 140 2031 1 0 1 "Arrest"
0 230 76 309 140 2032 1 0 1 "Arrest"
0 230 76 309 139 2033 1 0 1 "Arrest"
0 230 76 309 139 2034 1 0 1 "Arrest"
0 231 76 309 139 2035 1 0 1 "Arrest"
0 231 76 309 139 2036 1 0 1 "Arrest"
0 232 76 309 139 2037 1 0 1 "Arrest"
0 232 76 309 139 2038 1 0 1 "Arrest"
0 232 76 309 139 2039 1 0 1 "Arrest"
0 233 76 309 139 2040 1 0 1 "Arrest"
0 233 76 309 139 2041 1 0 1 "Arrest"
0 234 76 309 139 2042 1 0 1 "Arrest"
0 234 76 309 138 2043 1 0 1 "Arrest"
0 235 76 310 138 2044 1 0 1 "Arrest"
0 235 76 310 138 2045 1 0 1 "Arrest"
0 235 76 310 138 2046 1 0 1 "Arrest"
0 236 76 310 138 2047 1 0 1 "Arrest"
0 236 76 310 138 2048 1 0 1 "Arrest"
0 237 76 310 138 2049 1 0 1 "Arrest"
0 237 75 310 138 2050 1 0 1 "Arrest"
0 237 75 310 138 2051 1 0 1 "Arrest"
0 238 75 310 138 2052 1 0 1 "Arrest"
0 238 75 310 137 2053 1 0 1 "Arrest"
0 239 75 310 137 2054 1 0 1 "Arrest"
0 239 75 310 137 2055 1 0 1 "Arrest"
0 239 75 310 137 2056 1 0 1 "Arrest"
0 240 75 310 137 2057 1 0 1 "Arrest"
0 240 75 310 137 2058 1 0 1 "Arrest"
0 241 75 310 137 2059 1 0 1 "Arrest"
0 241 75 310 137 2060 1 0 1 "Arrest"
0 241 75 310 137 2061 1 0 1 "Arrest"
0 242 75 310 137 2062 1 0 1 "Arrest"
0 242 75 310 136 2063 1 0 1 "Arrest"
0 243 75 310 136 2064 1 0 1 "Arrest"
0 243 75 310 136 2065 1 0 1 "Arrest"
0 244 75 311 136 2066 1 0 1 "Arrest"
0 244 75 311 136 2067 1 0 1 "Arrest"
0 244 75 311 136 2068 1 0 1 "Arrest"
0 245 75 311 136 2069 1 0 1 "Arrest"
0 245 75 311 136 2070 1 0 1 "Arrest"
0 246 75 311 136 2071 1 0 1 "Arrest"
0 246 75 311 136 2072 1 0 1 "Arrest"
0 246 75 311 135 2073 1 0 1 "Arrest"
0 247 75 311 135 2074 1 0 1 "Arrest"
0 247 75 311 135 2075 1 0 1 "Arrest"
0 248 75 311 135 2076 1 0 1 "Arrest"
0 248 75 311 135 2077 1 0 1 "Arrest"
0 248 74 311 135 2078 1 0 1 "Arrest"
0 249 74 311 135 2079 1 0 1 "Arrest"
0 249 74 311 135 2080 1 0 1 "Arrest"
0 250 74 311 135 2081 1 0 1 "Arrest"
0 250 74 311 135 2082 1 0 1 "Arrest"
0 250 74 311 134 2083 1 0 1 "Arrest"
0 251 74 311 134 2084 1 0 1 "Arrest"
0 251 74 311 134 2085 1 0 1 "Arrest"
0 252 74 311 134 2086 1 0 1 "Arrest"
0 252 74 311 134 2087 1 0 1 "Arrest"
0 253 74 312 134 2088 1 0 1 "Arrest"
0 253 74 312 134 2089 1 0 1 "Arrest"
0 253 74 312 134 2090 1 0 1 "Arrest"
0 254 74 312 134 2091 1 0 1 "Arrest"
0 254 74 312 134 2092 1 0 1 "Arrest"
0 255 74 312 133 2093 1 0 1 "Arrest"
0 255 74 312 133 2094 1 0 1 "Arrest"
0 255 74 312 133 2095 1 0 1 "Arrest"
0 256 74 312 133 2096 1 0 1 "Arrest"
0 256 74 312 133 2097 1 0 1 "Arrest"
0 257 74 312 133 2098 1 0 1 "Arrest"
0 257 74 312 133 2099 1 0 1 "Arrest"
0 257 74 312 133 2100 1 0 1 "Arrest"
0 258 74 312 133 2101 1 0 1 "Arrest"
0 258 74 312 133 2102 1 0 1 "Arrest"
0 259 74 312 132 2103 1 0 1 "Arrest"
0 259 74 312 132 2104 1 0 1 "Arrest"
0 259 73 312 132 2105 1 0 1 "Arrest"
0 260 73 312 132 2106 1 0 1 "Arrest"
0 260 73 312 132 2107 1 0 1 "Arrest"
0 261 73 312 132 2108 1 0 1 "Arrest"
0 261 73 312 132 2109 1 0 1 "Arrest"
0 262 73 313 132 2110 1 0 1 "Arrest"
0 262 73 313 132 2111 1 0 1 "Arrest"
0 262 73 313 132 2112 1 0 1 "Arrest"
0 263 73 313 131 2113 1 0 1 "Arrest"
0 263 73 313 131 2114 1 0 1 "Arrest"
0 264 73 313 131 2115 1 0 1 "Arrest"
0 264 73 313 131 2116 1 0 1 "Arrest"
0 264 73 313 131 2117 1 0 1 "Arrest"
0 265 73 313 131 2118 1 0 1 "Arrest"
0 265 73 313 131 2119 1 0 1 "Arrest"
0 266 73 313 131 2120 1 0 1 "Arrest"
0 266 73 313 131 2121 1 0 1 "Arrest"
0 266 73 313 131 2122 1 0 1 "Arrest"
0 267 73 313 130 2123 1 0 1 "Arrest"
0 267 73 313 130 2124 1 0 1 "Arrest"
0 268 73 313 130 2125 1 0 1 "Arrest"
0 268 73 313 130 2126 1 0 1 "Arrest"
0 268 73 313 130 2127 1 0 1 "Arrest"
0 269 73 313 130 2128 1 0 1 "Arrest"
0 269 73 313 130 2129 1 0 1 "Arrest"
0 270 73 313 130 2130 1 0 1 "Arrest"
0 270 73 313 130 2131 1 0 1 "Arrest"
0 271 73 314 130 2132 1 0 0 "Arrest"
