0 148 57 220 141 0 1 0 0 "Arrest"
0 148 57 220 141 1 1 0 1 "Arrest"
0 148 57 220 141 2 1 0 1 "Arrest"
0 148 57 220 141 3 1 0 1 "Arrest"
0 148 57 220 141 4 1 0 1 "Arrest"
0 148 57 220 141 5 1 0 1 "Arrest"
0 148 57 220 141 6 1 0 1 "Arrest"
0 148 57 220 141 7 1 0 1 "Arrest"
0 148 57 220 141 8 1 0 1 "Arrest"
0 148 57 220 141 9 1 0 1 "Arrest"
0 148 57 220 141 10 1 0 1 "Arrest"
0 148 57 220 141 11 1 0 1 "Arrest"
0 148 57 220 141 12 1 0 1 "Arrest"
0 148 57 220 141 13 1 0 1 "Arrest"
0 148 57 220 141 14 1 0 1 "Arrest"
0 148 57 220 141 15 1 0 1 "Arrest"
0 148 57 220 141 16 1 0 1 "Arrest"
0 148 57 220 141 17 1 0 1 "Arrest"
0 148 57 220 141 18 1 0 1 "Arrest"
0 148 57 220 141 19 1 0 1 "Arrest"
0 148 57 220 141 20 1 0 1 "Arrest"
0 148 57 220 141 21 1 0 1 "Arrest"
0 148 57 220 141 22 1 0 1 "Arrest"
0 148 57 220 141 23 1 0 1 "Arrest"
0 148 57 220 141 24 1 0 1 "Arrest"
0 148 57 220 141 25 1 0 1 "Arrest"
0 148 57 220 141 26 1 0 1 "Arrest"
0 148 57 220 141 27 1 0 1 "Arrest"
0 148 57 220 141 28 1 0 1 "Arrest"
0 148 57 220 141 29 1 0 1 "Arrest"
0 148 57 220 141 30 1 0 1 "Arrest"
0 148 57 220 141 31 1 0 1 "Arrest"
0 148 57 220 141 32 1 0 1 "Arrest"
0 148 57 220 141 33 1 0 1 "Arrest"
0 148 57 220 141 34 1 0 1 "Arrest"
0 148 57 220 141 35 1 0 1 "Arrest"
0 148 57 220 141 36 1 0 1 "Arrest"
0 148 57 220 141 37 1 0 1 "Arrest"
0 148 57 220 141 38 1 0 1 "Arrest"
0 148 57 220 141 39 1 0 1 "Arrest"
0 148 57 220 141 40 1 0 1 "Arrest"
0 148 57 220 141 41 1 0 1 "Arrest"
0 148 57 220 141 42 1 0 1 "Arrest"
0 148 57 220 141 43 1 0 1 "Arrest"
0 148 57 220 141 44 1 0 1 "Arrest"
0 148 57 220 141 45 1 0 1 "Arrest"
0 148 57 220 141 46 1 0 1 "Arrest"
0 148 57 220 141 47 1 0 1 "Arrest"
0 148 57 220 141 48 1 0 1 "Arrest"
0 148 57 220 141 49 1 0 1 "Arrest"
0 148 57 220 141 50 1 0 1 "Arrest"
0 148 57 220 141 51 1 0 1 "Arrest"
0 148 57 220 141 52 1 0 1 "Arrest"
0 148 57 220 141 53 1 0 1 "Arrest"
0 148 57 220 141 54 1 0 1 "Arrest"
0 148 57 220 141 55 1 0 1 "Arrest"
0 148 57 220 141 56 1 0 1 "Arrest"
0 148 57 220 141 57 1 0 1 "Arrest"
0 148 57 220 141 58 1 0 1 "Arrest"
0 148 57 220 141 59 1 0 1 "Arrest"
0 148 57 220 141 60 1 0 1 "Arrest"
0 148 57 220 141 61 1 0 1 "Arrest"
0 148 57 220 141 62 1 0 1 "Arrest"
0 148 57 220 141 63 1 0 1 "Arrest"
0 148 57 220 141 64 1 0 1 "Arrest"
0 148 57 220 141 65 1 0 1 "Arrest"
0 148 57 220 141 66 1 0 1 "Arrest"
0 148 57 220 141 67 1 0 1 "Arrest"
0 148 57 220 141 68 1 0 1 "Arrest"
0 148 57 220 141 69 1 0 1 "Arrest"
0 148 57 220 141 70 1 0 1 "Arrest"
0 148 57 220 141 71 1 0 1 "Arrest"
0 148 57 220 141 72 1 0 1 "Arrest"
0 148 57 220 141 73 1 0 1 "Arrest"
0 148 57 220 141 74 1 0 1 "Arrest"
0 148 57 220 141 75 1 0 1 "Arrest"
0 148 57 220 141 76 1 0 1 "Arrest"
0 148 57 220 141 77 1 0 1 "Arrest"
0 148 57 220 141 78 1 0 1 "Arrest"
0 148 57 220 141 79 1 0 1 "Arrest"
0 148 57 220 141 80 1 0 1 "Arrest"
0 148 57 220 141 81 1 0 1 "Arrest"
0 148 57 220 141 82 1 0 1 "Arrest"
0 148 57 220 141 83 1 0 1 "Arrest"
0 148 57 220 141 84 1 0 1 "Arrest"
0 148 57 220 141 85 1 0 1 "Arrest"
0 148 57 220 141 86 1 0 1 "Arrest"
0 148 57 220 141 87 1 0 1 "Arrest"
0 148 57 220 141 88 1 0 1 "Arrest"
0 148 57 220 141 89 1 0 1 "Arrest"
0 148 57 220 141 90 1 0 1 "Arrest"
0 148 57 220 141 91 1 0 1 "Arrest"
0 148 57 220 141 92 1 0 1 "Arrest"
0 148 57 220 141 93 1 0 1 "Arrest"
0 148 57 220 141 94 1 0 1 "Arrest"
0 148 57 220 141 95 1 0 1 "Arrest"
0 148 57 220 141 96 1 0 1 "Arrest"
0 148 57 220 141 97 1 0 1 "Arrest"
0 148 57 220 141 98 1 0 1 "Arrest"
0 148 57 220 141 99 1 0 1 "Arrest"
0 148 57 220 141 100 1 0 1 "Arrest"
0 148 57 220 141 101 1 0 1 "Arrest"
0 148 57 220 141 102 1 0 1 "Arrest"
0 148 57 220 141 103 1 0 1 "Arrest"
0 148 57 220 141 104 1 0 1 "Arrest"
0 148 57 220 141 105 1 0 1 "Arrest"
0 148 57 220 141 106 1 0 1 "Arrest"
0 148 57 220 141 107 1 0 1 "Arrest"
0 148 57 220 141 108 1 0 1 "Arrest"
0 148 57 220 141 109 1 0 1 "Arrest"
0 148 57 220 141 110 1 0 1 "Arrest"
0 148 57 220 141 111 1 0 1 "Arrest"
0 148 57 220 141 112 1 0 1 "Arrest"
0 148 57 220 141 113 1 0 1 "Arrest"
0 148 57 220 141 114 1 0 1 "Arrest"
0 148 57 220 141 115 1 0 1 "Arrest"
0 148 57 220 141 116 1 0 1 "Arrest"
0 148 57 220 141 117 1 0 1 "Arrest"
0 148 57 220 141 118 1 0 1 "Arrest"
0 148 57 220 141 119 1 0 1 "Arrest"
0 148 57 220 141 120 1 0 1 "Arrest"
0 148 57 220 141 121 1 0 1 "Arrest"
0 148 57 220 141 122 1 0 1 "Arrest"
0 148 57 220 141 123 1 0 1 "Arrest"
0 148 57 220 141 124 1 0 1 "Arrest"
0 148 57 220 141 125 1 0 1 "Arrest"
0 148 57 220 141 126 1 0 1 "Arrest"
0 148 57 220 141 127 1 0 1 "Arrest"
0 148 57 220 141 128 1 0 1 "Arrest"
0 148 57 220 141 129 1 0 1 "Arrest"
0 148 57 220 141 130 1 0 1 "Arrest"
0 148 57 220 141 131 1 0 1 "Arrest"
0 148 57 220 141 132 1 0 1 "Arrest"
0 148 57 220 141 133 1 0 1 "Arrest"
0 148 57 220 141 134 1 0 1 "Arrest"
0 148 57 220 141 135 1 0 1 "Arrest"
0 148 57 220 141 136 1 0 1 "Arrest"
0 148 57 220 141 137 1 0 1 "Arrest"
0 148 57 220 141 138 1 0 1 "Arrest"
0 148 57 220 141 139 1 0 1 "Arrest"
0 148 57 220 141 140 1 0 1 "Arrest"
0 148 57 220 141 141 1 0 1 "Arrest"
0 148 57 220 141 142 1 0 1 "Arrest"
0 148 57 220 141 143 1 0 1 "Arrest"
0 148 57 220 141 144 1 0 1 "Arrest"
0 148 57 220 141 145 1 0 1 "Arrest"
0 148 57 220 141 146 1 0 1 "Arrest"
0 148 57 220 141 147 1 0 1 "Arrest"
0 148 57 220 141 148 1 0 1 "Arrest"
0 148 57 220 141 149 1 0 1 "Arrest"
0 148 57 220 141 150 1 0 1 "Arrest"
0 148 57 220 141 151 1 0 1 "Arrest"
0 148 57 220 141 152 1 0 1 "Arrest"
0 148 57 220 141 153 1 0 1 "Arrest"
0 148 57 220 141 154 1 0 1 "Arrest"
0 148 57 220 141 155 1 0 1 "Arrest"
0 148 57 220 141 156 1 0 1 "Arrest"
0 148 57 220 141 157 1 0 1 "Arrest"
0 148 57 220 141 158 1 0 1 "Arrest"
0 148 57 220 141 159 1 0 1 "Arrest"
0 148 57 220 141 160 1 0 1 "Arrest"
0 148 57 220 141 161 1 0 1 "Arrest"
0 148 57 220 141 162 1 0 1 "Arrest"
0 148 57 220 141 163 1 0 1 "Arrest"
0 148 57 220 141 164 1 0 1 "Arrest"
0 148 57 220 141 165 1 0 1 "Arrest"
0 148 57 220 141 166 1 0 1 "Arrest"
0 148 57 220 141 167 1 0 1 "Arrest"
0 148 57 220 141 168 1 0 1 "Arrest"
0 148 57 220 141 169 1 0 1 "Arrest"
0 148 57 220 141 170 1 0 1 "Arrest"
0 148 57 220 141 171 1 0 1 "Arrest"
0 148 57 220 141 172 1 0 1 "Arrest"
0 148 57 220 141 173 1 0 1 "Arrest"
0 148 57 220 141 174 1 0 1 "Arrest"
0 148 57 220 141 175 1 0 1 "Arrest"
0 148 57 220 141 176 1 0 1 "Arrest"
0 148 57 220 141 177 1 0 1 "Arrest"
0 148 57 220 141 178 1 0 1 "Arrest"
0 148 57 220 141 179 1 0 1 "Arrest"
0 148 57 220 141 180 1 0 1 "Arrest"
0 148 57 220 141 181 1 0 1 "Arrest"
0 148 57 220 141 182 1 0 1 "Arrest"
0 148 57 220 141 183 1 0 1 "Arrest"
0 148 57 220 141 184 1 0 1 "Arrest"
0 148 57 220 141 185 1 0 1 "Arrest"
0 148 57 220 141 186 1 0 1 "Arrest"
0 148 57 220 141 187 1 0 1 "Arrest"
0 148 57 220 141 188 1 0 1 "Arrest"
0 148 57 220 141 189 1 0 1 "Arrest"
0 148 57 220 141 190 1 0 1 "Arrest"
0 148 57 220 141 191 1 0 1 "Arrest"
0 148 57 220 141 192 1 0 1 "Arrest"
0 148 57 220 141 193 1 0 1 "Arrest"
0 148 57 220 141 194 1 0 1 "Arrest"
0 148 57 220 141 195 1 0 1 "Arrest"
0 148 57 220 141 196 1 0 1 "Arrest"
0 148 57 220 141 197 1 0 1 "Arrest"
0 148 57 220 141 198 1 0 1 "Arrest"
0 148 57 220 141 199 1 0 1 "Arrest"
0 148 57 220 141 200 1 0 1 "Arrest"
0 148 57 220 141 201 1 0 1 "Arrest"
0 148 57 220 141 202 1 0 1 "Arrest"
0 148 57 220 141 203 1 0 1 "Arrest"
0 148 57 220 141 204 1 0 1 "Arrest"
0 148 57 220 141 205 1 0 1 "Arrest"
0 148 57 220 141 206 1 0 1 "Arrest"
0 148 57 220 141 207 1 0 1 "Arrest"
0 148 57 220 141 208 1 0 1 "Arrest"
0 148 57 220 141 209 1 0 1 "Arrest"
0 148 57 220 141 210 1 0 1 "Arrest"
0 148 57 220 141 211 1 0 1 "Arrest"
0 148 57 220 141 212 1 0 1 "Arrest"
0 148 57 220 141 213 1 0 1 "Arrest"
0 148 57 220 141 214 1 0 1 "Arrest"
0 148 57 220 141 215 1 0 1 "Arrest"
0 148 57 220 141 216 1 0 1 "Arrest"
0 148 57 220 141 217 1 0 1 "Arrest"
0 148 57 220 141 218 1 0 1 "Arrest"
0 148 57 220 141 219 1 0 1 "Arrest"
0 148 57 220 141 220 1 0 1 "Arrest"
0 148 57 220 141 221 1 0 1 "Arrest"
0 148 57 220 141 222 1 0 1 "Arrest"
0 148 57 220 141 223 1 0 1 "Arrest"
0 148 57 220 141 224 1 0 1 "Arrest"
0 148 57 220 141 225 1 0 1 "Arrest"
0 148 57 220 141 226 1 0 1 "Arrest"
0 148 57 220 141 227 1 0 1 "Arrest"
0 148 57 220 141 228 1 0 1 "Arrest"
0 148 57 220 141 229 1 0 1 "Arrest"
0 148 57 220 141 230 1 0 1 "Arrest"
0 148 57 220 141 231 1 0 1 "Arrest"
0 148 57 220 141 232 1 0 1 "Arrest"
0 148 57 220 141 233 1 0 1 "Arrest"
0 148 57 220 141 234 1 0 1 "Arrest"
0 148 57 220 141 235 1 0 1 "Arrest"
0 148 57 220 141 236 1 0 1 "Arrest"
0 148 57 220 141 237 1 0 1 "Arrest"
0 148 57 220 141 238 1 0 1 "Arrest"
0 148 57 220 141 239 1 0 1 "Arrest"
0 148 57 220 141 240 1 0 1 "Arrest"
0 148 57 220 141 241 1 0 1 "Arrest"
0 148 57 220 141 242 1 0 1 "Arrest"
0 148 57 220 141 243 1 0 1 "Arrest"
0 148 57 220 141 244 1 0 1 "Arrest"
0 148 57 220 141 245 1 0 1 "Arrest"
0 148 57 220 141 246 1 0 1 "Arrest"
0 148 57 220 141 247 1 0 1 "Arrest"
0 148 57 220 141 248 1 0 1 "Arrest"
0 148 57 220 141 249 1 0 1 "Arrest"
0 148 57 220 141 250 1 0 1 "Arrest"
0 148 57 220 141 251 1 0 1 "Arrest"
0 148 57 220 141 252 1 0 1 "Arrest"
0 148 57 220 141 253 1 0 1 "Arrest"
0 148 57 220 141 254 1 0 1 "Arrest"
0 148 57 220 141 255 1 0 1 "Arrest"
0 148 57 220 141 256 1 0 1 "Arrest"
0 148 57 220 141 257 1 0 1 "Arrest"
0 148 57 220 141 258 1 0 1 "Arrest"
0 148 57 220 141 259 1 0 1 "Arrest"
0 148 57 220 141 260 1 0 1 "Arrest"
0 148 57 220 141 261 1 0 1 "Arrest"
0 148 57 220 141 262 1 0 1 "Arrest"
0 148 57 220 141 263 1 0 1 "Arrest"
0 148 57 220 141 264 1 0 1 "Arrest"
0 148 57 220 141 265 1 0 1 "Arrest"
0 148 57 220 141 266 1 0 1 "Arrest"
0 148 57 220 141 267 1 0 1 "Arrest"
0 148 57 220 141 268 1 0 1 "Arrest"
0 148 57 220 141 269 1 0 1 "Arrest"
0 148 57 220 141 270 1 0 1 "Arrest"
0 148 57 220 141 271 1 0 1 "Arrest"
0 148 57 220 141 272 1 0 1 "Arrest"
0 148 57 220 141 273 1 0 1 "Arrest"
0 148 57 220 141 274 1 0 1 "Arrest"
0 148 57 220 141 275 1 0 1 "Arrest"
0 148 57 220 141 276 1 0 1 "Arrest"
0 148 57 220 141 277 1 0 1 "Arrest"
0 148 57 220 141 278 1 0 1 "Arrest"
0 148 57 220 141 279 1 0 1 "Arrest"
0 148 57 220 141 280 1 0 1 "Arrest"
0 148 57 220 141 281 1 0 1 "Arrest"
0 148 57 220 141 282 1 0 1 "Arrest"
0 148 57 220 141 283 1 0 1 "Arrest"
0 148 57 220 141 284 1 0 1 "Arrest"
0 148 57 220 141 285 1 0 1 "Arrest"
0 148 57 220 141 286 1 0 1 "Arrest"
0 148 57 220 141 287 1 0 1 "Arrest"
0 148 57 220 141 288 1 0 1 "Arrest"
0 148 57 220 141 289 1 0 1 "Arrest"
0 148 57 220 141 290 1 0 1 "Arrest"
0 148 57 220 141 291 1 0 1 "Arrest"
0 148 57 220 141 292 1 0 1 "Arrest"
0 148 57 220 141 293 1 0 1 "Arrest"
0 148 57 220 141 294 1 0 1 "Arrest"
0 148 57 220 141 295 1 0 1 "Arrest"
0 148 57 220 141 296 1 0 1 "Arrest"
0 148 57 220 141 297 1 0 1 "Arrest"
0 148 57 220 141 298 1 0 1 "Arrest"
0 148 57 220 141 299 1 0 1 "Arrest"
0 148 57 220 141 300 1 0 1 "Arrest"
0 148 57 220 141 301 1 0 1 "Arrest"
0 148 57 220 141 302 1 0 1 "Arrest"
0 148 57 220 141 303 1 0 1 "Arrest"
0 148 57 220 141 304 1 0 1 "Arrest"
0 148 57 220 141 305 1 0 1 "Arrest"
0 148 57 220 141 306 1 0 1 "Arrest"
0 148 57 220 141 307 1 0 1 "Arrest"
0 148 57 220 141 308 1 0 1 "Arrest"
0 148 57 220 141 309 1 0 1 "Arrest"
0 148 57 220 141 310 1 0 1 "Arrest"
0 148 57 220 141 311 1 0 1 "Arrest"
0 148 57 220 141 312 1 0 1 "Arrest"
0 148 57 220 141 313 1 0 1 "Arrest"
0 148 57 220 141 314 1 0 1 "Arrest"
0 148 57 220 141 315 1 0 1 "Arrest"
0 148 57 220 141 316 1 0 1 "Arrest"
0 148 57 220 141 317 1 0 1 "Arrest"
0 148 57 220 141 318 1 0 1 "Arrest"
0 148 57 220 141 319 1 0 1 "Arrest"
0 148 57 220 141 320 1 0 1 "Arrest"
0 148 57 220 141 321 1 0 1 "Arrest"
0 148 57 220 141 322 1 0 1 "Arrest"
0 148 57 220 141 323 1 0 1 "Arrest"
0 148 57 220 141 324 1 0 1 "Arrest"
0 148 57 220 141 325 1 0 1 "Arrest"
0 148 57 220 141 326 1 0 1 "Arrest"
0 148 57 220 141 327 1 0 1 "Arrest"
0 148 57 220 141 328 1 0 1 "Arrest"
0 148 57 220 141 329 1 0 1 "Arrest"
0 148 57 220 141 330 1 0 1 "Arrest"
0 148 57 220 141 331 1 0 1 "Arrest"
0 148 57 220 141 332 1 0 1 "Arrest"
0 148 57 220 141 333 1 0 1 "Arrest"
0 148 57 220 141 334 1 0 1 "Arrest"
0 148 57 220 141 335 1 0 1 "Arrest"
0 148 57 220 141 336 1 0 1 "Arrest"
0 148 57 220 141 337 1 0 1 "Arrest"
0 148 57 220 141 338 1 0 1 "Arrest"
0 148 57 220 141 339 1 0 1 "Arrest"
0 148 57 220 141 340 1 0 1 "Arrest"
0 148 57 220 141 341 1 0 1 "Arrest"
0 148 57 220 141 342 1 0 1 "Arrest"
0 148 57 220 141 343 1 0 1 "Arrest"
0 148 57 220 141 344 1 0 1 "Arrest"
0 148 57 220 141 345 1 0 1 "Arrest"
0 148 57 220 141 346 1 0 1 "Arrest"
0 148 57 220 141 347 1 0 1 "Arrest"
0 148 57 220 141 348 1 0 1 "Arrest"
0 148 57 220 141 349 1 0 1 "Arrest"
0 148 57 220 141 350 1 0 1 "Arrest"
0 148 57 220 141 351 1 0 1 "Arrest"
0 148 57 220 141 352 1 0 1 "Arrest"
0 148 57 220 141 353 1 0 1 "Arrest"
0 148 57 220 141 354 1 0 1 "Arrest"
0 148 57 220 141 355 1 0 1 "Arrest"
0 148 57 220 141 356 1 0 1 "Arrest"
0 148 57 220 141 357 1 0 1 "Arrest"
0 148 57 220 141 358 1 0 1 "Arrest"
0 148 57 220 141 359 1 0 1 "Arrest"
0 148 57 220 141 360 1 0 1 "Arrest"
0 148 57 220 141 361 1 0 1 "Arrest"
0 148 57 220 141 362 1 0 1 "Arrest"
0 148 57 220 141 363 1 0 1 "Arrest"
0 148 57 220 141 364 1 0 1 "Arrest"
0 148 57 220 141 365 1 0 1 "Arrest"
0 148 57 220 141 366 1 0 1 "Arrest"
0 148 57 220 141 367 1 0 1 "Arrest"
0 148 57 220 141 368 1 0 1 "Arrest"
0 148 57 220 141 369 1 0 1 "Arrest"
0 148 57 220 141 370 1 0 1 "Arrest"
0 148 57 220 141 371 1 0 1 "Arrest"
0 148 57 220 141 372 1 0 1 "Arrest"
0 148 57 220 141 373 1 0 1 "Arrest"
0 148 57 220 141 374 1 0 1 "Arrest"
0 148 57 220 141 375 1 0 1 "Arrest"
0 148 57 220 141 376 1 0 1 "Arrest"
0 148 57 220 141 377 1 0 1 "Arrest"
0 148 57 220 141 378 1 0 1 "Arrest"
0 148 57 220 141 379 1 0 1 "Arrest"
0 148 57 220 141 380 1 0 1 "Arrest"
0 148 57 220 141 381 1 0 1 "Arrest"
0 148 57 220 141 382 1 0 1 "Arrest"
0 148 57 220 141 383 1 0 1 "Arrest"
0 148 57 220 141 384 1 0 1 "Arrest"
0 148 57 220 141 385 1 0 1 "Arrest"
0 148 57 220 141 386 1 0 1 "Arrest"
0 148 57 220 141 387 1 0 1 "Arrest"
0 148 57 220 141 388 1 0 1 "Arrest"
0 148 57 220 141 389 1 0 1 "Arrest"
0 148 57 220 141 390 1 0 1 "Arrest"
0 148 57 220 141 391 1 0 1 "Arrest"
0 148 57 220 141 392 1 0 1 "Arrest"
0 148 57 220 141 393 1 0 1 "Arrest"
0 148 57 220 141 394 1 0 1 "Arrest"
0 148 57 220 141 395 1 0 1 "Arrest"
0 148 57 220 141 396 1 0 1 "Arrest"
0 148 57 220 141 397 1 0 1 "Arrest"
0 148 57 220 141 398 1 0 1 "Arrest"
0 148 57 220 141 399 1 0 1 "Arrest"
0 148 57 220 141 400 1 0 1 "Arrest"
0 148 57 220 141 401 1 0 1 "Arrest"
0 148 57 220 141 402 1 0 1 "Arrest"
0 148 57 220 141 403 1 0 1 "Arrest"
0 148 57 220 141 404 1 0 1 "Arrest"
0 148 57 220 141 405 1 0 1 "Arrest"
0 148 57 220 141 406 1 0 1 "Arrest"
0 148 57 220 141 407 1 0 1 "Arrest"
0 148 57 220 141 408 1 0 1 "Arrest"
0 148 57 220 141 409 1 0 1 "Arrest"
0 148 57 220 141 410 1 0 1 "Arrest"
0 148 57 220 141 411 1 0 1 "Arrest"
0 148 57 220 141 412 1 0 1 "Arrest"
0 148 57 220 141 413 1 0 1 "Arrest"
0 148 57 220 141 414 1 0 1 "Arrest"
0 148 57 220 141 415 1 0 1 "Arrest"
0 148 57 220 141 416 1 0 1 "Arrest"
0 148 57 220 141 417 1 0 1 "Arrest"
0 148 57 220 141 418 1 0 1 "Arrest"
0 148 57 220 141 419 1 0 1 "Arrest"
0 148 57 220 141 420 1 0 1 "Arrest"
0 148 57 220 141 421 1 0 1 "Arrest"
0 148 57 220 141 422 1 0 1 "Arrest"
0 148 57 220 141 423 1 0 1 "Arrest"
0 148 57 220 141 424 1 0 1 "Arrest"
0 148 57 220 141 425 1 0 1 "Arrest"
0 148 57 220 141 426 1 0 1 "Arrest"
0 148 57 220 141 427 1 0 1 "Arrest"
0 148 57 220 141 428 1 0 1 "Arrest"
0 148 57 220 141 429 1 0 1 "Arrest"
0 148 57 220 141 430 1 0 1 "Arrest"
0 148 57 220 141 431 1 0 1 "Arrest"
0 148 57 220 141 432 1 0 1 "Arrest"
0 148 57 220 141 433 1 0 1 "Arrest"
0 148 57 220 141 434 1 0 1 "Arrest"
0 148 57 220 141 435 1 0 1 "Arrest"
0 148 57 220 141 436 1 0 1 "Arrest"
0 148 57 220 141 437 1 0 1 "Arrest"
0 148 57 220 141 438 1 0 1 "Arrest"
0 148 57 220 141 439 1 0 1 "Arrest"
0 148 57 220 141 440 1 0 1 "Arrest"
0 148 57 220 141 441 1 0 1 "Arrest"
0 148 57 220 141 442 1 0 1 "Arrest"
0 148 57 220 141 443 1 0 1 "Arrest"
0 148 57 220 141 444 1 0 1 "Arrest"
0 148 57 220 141 445 1 0 1 "Arrest"
0 148 57 220 141 446 1 0 1 "Arrest"
0 148 57 220 141 447 1 0 1 "Arrest"
0 148 57 220 141 448 1 0 1 "Arrest"
0 148 57 220 141 449 1 0 1 "Arrest"
0 148 57 220 141 450 1 0 1 "Arrest"
0 148 57 220 141 451 1 0 1 "Arrest"
0 148 57 220 141 452 1 0 1 "Arrest"
0 148 57 220 141 453 1 0 1 "Arrest"
0 148 57 220 141 454 1 0 1 "Arrest"
0 148 57 220 141 455 1 0 1 "Arrest"
0 148 57 220 141 456 1 0 1 "Arrest"
0 148 57 220 141 457 1 0 1 "Arrest"
0 148 57 220 141 458 1 0 1 "Arrest"
0 148 57 220 141 459 1 0 1 "Arrest"
0 148 57 220 141 460 1 0 1 "Arrest"
0 148 57 220 141 461 1 0 1 "Arrest"
0 148 57 220 141 462 1 0 1 "Arrest"
0 148 57 220 141 463 1 0 1 "Arrest"
0 148 57 220 141 464 1 0 1 "Arrest"
0 148 57 220 141 465 1 0 1 "Arrest"
0 148 57 220 141 466 1 0 1 "Arrest"
0 148 57 220 141 467 1 0 1 "Arrest"
0 148 57 220 141 468 1 0 1 "Arrest"
0 148 57 220 141 469 1 0 1 "Arrest"
0 148 57 220 141 470 1 0 1 "Arrest"
0 148 57 220 141 471 1 0 1 "Arrest"
0 148 57 220 141 472 1 0 1 "Arrest"
0 148 57 220 141 473 1 0 1 "Arrest"
0 148 57 220 141 474 1 0 1 "Arrest"
0 148 57 220 141 475 1 0 1 "Arrest"
0 148 57 220 141 476 1 0 1 "Arrest"
0 148 57 220 141 477 1 0 1 "Arrest"
0 148 57 220 141 478 1 0 1 "Arrest"
0 148 57 220 141 479 1 0 1 "Arrest"
0 148 57 220 141 480 1 0 1 "Arrest"
0 148 57 220 141 481 1 0 1 "Arrest"
0 148 57 220 141 482 1 0 1 "Arrest"
0 148 57 220 141 483 1 0 1 "Arrest"
0 148 57 220 141 484 1 0 1 "Arrest"
0 148 57 220 141 485 1 0 1 "Arrest"
0 148 57 220 141 486 1 0 1 "Arrest"
0 148 57 220 141 487 1 0 1 "Arrest"
0 148 57 220 141 488 1 0 1 "Arrest"
0 148 57 220 141 489 1 0 1 "Arrest"
0 148 57 220 141 490 1 0 1 "Arrest"
0 148 57 220 141 491 1 0 1 "Arrest"
0 148 57 220 141 492 1 0 1 "Arrest"
0 148 57 220 141 493 1 0 1 "Arrest"
0 148 57 220 141 494 1 0 1 "Arrest"
0 148 57 220 141 495 1 0 1 "Arrest"
0 148 57 220 141 496 1 0 1 "Arrest"
0 148 57 220 141 497 0 0 0 "Arrest"
0 148 57 226 140 498 0 0 1 "Arrest"
0 148 57 232 140 499 0 0 1 "Arrest"
0 148 57 239 140 500 0 0 1 "Arrest"
0 148 57 245 140 501 0 0 1 "Arrest"
0 148 57 252 140 502 0 0 0 "Arrest"
0 152 57 257 140 503 0 0 1 "Arrest"
0 156 57 262 141 504 0 0 1 "Arrest"
0 160 57 267 142 505 0 0 1 "Arrest"
0 164 57 272 143 506 0 0 1 "Arrest"
0 169 57 278 144 507 0 0 0 "Arrest"
0 170 57 279 144 508 0 0 1 "Arrest"
0 171 57 281 144 509 0 0 1 "Arrest"
0 172 57 283 144 510 0 0 1 "Arrest"
0 173 57 285 144 511 0 0 1 "Arrest"
0 174 58 287 144 512 0 0 0 "Arrest"
0 175 58 286 144 513 0 0 1 "Arrest"
0 176 58 286 145 514 0 0 1 "Arrest"
0 178 58 286 145 515 0 0 1 "Arrest"
0 179 58 286 146 516 0 0 1 "Arrest"
0 180 58 286 146 517 0 0 1 "Arrest"
0 182 58 286 147 518 0 0 1 "Arrest"
0 183 58 286 147 519 0 0 1 "Arrest"
0 184 58 286 148 520 0 0 1 "Arrest"
0 186 58 286 148 521 0 0 1 "Arrest"
0 187 58 286 149 522 0 0 1 "Arrest"
0 189 58 286 150 523 0 0 0 "Arrest"
0 190 58 285 150 524 0 0 1 "Arrest"
0 191 59 285 151 525 0 0 1 "Arrest"
0 192 60 285 151 526 0 0 1 "Arrest"
0 193 60 285 152 527 0 0 1 "Arrest"
0 194 61 285 153 528 0 0 1 "Arrest"
0 195 62 285 153 529 0 0 1 "Arrest"
0 196 62 285 154 530 0 0 1 "Arrest"
0 197 63 285 154 531 0 0 1 "Arrest"
0 198 64 285 155 532 0 0 1 "Arrest"
0 199 65 285 156 533 0 0 0 "Arrest"
0 201 65 285 156 534 0 0 1 "Arrest"
0 204 66 285 157 535 0 0 1 "Arrest"
0 206 66 285 157 536 0 0 1 "Arrest"
0 209 67 285 158 537 0 0 1 "Arrest"
0 212 68 286 158 538 0 0 1 "Arrest"
0 214 68 286 159 539 0 0 1 "Arrest"
0 217 69 286 159 540 0 0 1 "Arrest"
0 219 69 286 160 541 0 0 1 "Arrest"
0 222 70 286 160 542 0 0 1 "Arrest"
0 225 71 287 161 543 0 0 0 "Arrest"
0 224 70 286 160 544 0 0 1 "Arrest"
0 224 70 286 160 545 0 0 1 "Arrest"
0 224 69 286 159 546 0 0 1 "Arrest"
0 223 69 285 159 547 0 0 1 "Arrest"
0 223 69 285 159 548 0 0 1 "Arrest"
0 223 68 285 158 549 0 0 1 "Arrest"
0 222 68 284 158 550 0 0 1 "Arrest"
0 222 67 284 157 551 0 0 1 "Arrest"
0 222 67 284 157 552 0 0 1 "Arrest"
0 222 67 284 157 553 0 0 0 "Arrest"
0 220 67 284 156 554 0 0 1 "Arrest"
0 218 67 284 156 555 0 0 1 "Arrest"
0 216 67 284 156 556 0 0 1 "Arrest"
0 214 67 284 156 557 0 0 1 "Arrest"
0 212 67 284 156 558 0 0 1 "Arrest"
0 210 67 284 156 559 0 0 1 "Arrest"
0 208 67 284 156 560 0 0 1 "Arrest"
0 206 67 284 156 561 0 0 1 "Arrest"
0 204 67 284 156 562 0 0 1 "Arrest"
0 202 67 284 156 563 0 0 0 "Arrest"
0 202 67 284 155 564 0 0 1 "Arrest"
0 203 67 284 155 565 0 0 1 "Arrest"
0 204 67 284 155 566 0 0 1 "Arrest"
0 205 67 284 155 567 0 0 1 "Arrest"
0 206 67 284 155 568 0 0 1 "Arrest"
0 207 67 284 155 569 0 0 1 "Arrest"
0 207 67 284 155 570 0 0 1 "Arrest"
0 208 67 284 155 571 0 0 1 "Arrest"
0 209 67 284 155 572 0 0 1 "Arrest"
0 210 67 284 155 573 0 0 1 "Arrest"
0 211 67 284 155 574 0 0 1 "Arrest"
0 212 67 284 155 575 0 0 1 "Arrest"
0 213 67 284 155 576 0 0 1 "Arrest"
0 213 67 284 155 577 0 0 1 "Arrest"
0 214 67 284 155 578 0 0 1 "Arrest"
0 215 67 284 155 579 0 0 1 "Arrest"
0 216 67 284 155 580 0 0 1 "Arrest"
0 217 67 284 155 581 0 0 1 "Arrest"
0 218 67 284 155 582 0 0 1 "Arrest"
0 219 67 284 155 583 0 0 0 "Arrest"
0 216 67 284 154 584 0 0 1 "Arrest"
0 214 67 284 154 585 0 0 1 "Arrest"
0 212 67 284 154 586 0 0 1 "Arrest"
0 210 67 284 154 587 0 0 1 "Arrest"
0 208 67 284 154 588 0 0 1 "Arrest"
0 205 67 284 154 589 0 0 1 "Arrest"
0 203 67 284 154 590 0 0 1 "Arrest"
0 201 67 284 154 591 0 0 1 "Arrest"
0 199 67 284 154 592 0 0 1 "Arrest"
0 197 67 284 154 593 0 0 0 "Arrest"
0 197 66 283 154 594 0 0 1 "Arrest"
0 197 65 283 154 595 0 0 1 "Arrest"
0 197 64 283 154 596 0 0 1 "Arrest"
0 197 63 283 154 597 0 0 1 "Arrest"
0 197 62 283 154 598 0 0 1 "Arrest"
0 197 61 283 154 599 0 0 1 "Arrest"
0 197 60 283 154 600 0 0 1 "Arrest"
0 197 59 283 154 601 0 0 1 "Arrest"
0 197 58 283 154 602 0 0 1 "Arrest"
0 197 58 283 154 603 0 0 0 "Arrest"
0 197 58 283 154 604 0 0 1 "Arrest"
0 197 58 283 154 605 0 0 1 "Arrest"
0 197 58 283 154 606 0 0 1 "Arrest"
0 198 58 284 154 607 0 0 1 "Arrest"
0 198 59 284 155 608 0 0 1 "Arrest"
0 198 59 284 155 609 0 0 1 "Arrest"
0 199 59 285 155 610 0 0 1 "Arrest"
0 199 59 285 155 611 0 0 1 "Arrest"
0 199 59 285 155 612 0 0 1 "Arrest"
0 200 60 286 156 613 0 0 0 "Arrest"
0 200 60 286 156 614 0 0 1 "Arrest"
0 200 60 286 156 615 0 0 1 "Arrest"
0 200 60 286 156 616 0 0 1 "Arrest"
0 200 60 286 156 617 0 0 1 "Arrest"
0 200 60 286 156 618 0 0 1 "Arrest"
0 200 60 286 156 619 0 0 1 "Arrest"
0 200 60 286 156 620 0 0 1 "Arrest"
0 200 60 286 156 621 0 0 1 "Arrest"
0 200 60 286 156 622 0 0 1 "Arrest"
0 200 60 286 156 623 0 0 0 "Arrest"
0 195 58 285 157 624 0 0 1 "Arrest"
0 190 56 285 159 625 0 0 1 "Arrest"
0 185 54 285 161 626 0 0 1 "Arrest"
0 181 52 285 163 627 0 0 1 "Arrest"
0 176 50 285 165 628 0 0 1 "Arrest"
0 171 48 284 167 629 0 0 1 "Arrest"
0 167 46 284 169 630 0 0 1 "Arrest"
0 162 44 284 171 631 0 0 1 "Arrest"
0 157 42 284 173 632 0 0 1 "Arrest"
0 153 40 284 175 633 0 0 0 "Arrest"
0 152 39 283 174 634 0 0 1 "Arrest"
0 152 39 283 174 635 0 0 1 "Arrest"
0 152 39 283 174 636 0 0 1 "Arrest"
0 152 39 283 174 637 0 0 1 "Arrest"
0 152 39 283 174 638 0 0 1 "Arrest"
0 152 39 283 174 639 0 0 1 "Arrest"
0 151 39 282 174 640 0 0 1 "Arrest"
0 151 39 282 174 641 0 0 1 "Arrest"
0 151 39 282 174 642 0 0 1 "Arrest"
0 151 39 282 174 643 0 0 1 "Arrest"
0 151 39 282 174 644 0 0 1 "Arrest"
0 151 39 282 174 645 0 0 1 "Arrest"
0 151 39 282 174 646 0 0 1 "Arrest"
0 150 39 281 174 647 0 0 1 "Arrest"
0 150 39 281 174 648 0 0 1 "Arrest"
0 150 39 281 174 649 0 0 1 "Arrest"
0 150 39 281 174 650 0 0 1 "Arrest"
0 150 39 281 174 651 0 0 1 "Arrest"
0 150 39 281 174 652 0 0 1 "Arrest"
0 150 39 281 174 653 0 0 0 "Arrest"
0 150 38 281 173 654 0 0 1 "Arrest"
0 150 38 281 173 655 0 0 1 "Arrest"
0 150 38 281 173 656 0 0 1 "Arrest"
0 150 38 281 173 657 0 0 1 "Arrest"
0 150 38 281 173 658 0 0 1 "Arrest"
0 150 37 281 172 659 0 0 1 "Arrest"
0 150 37 281 172 660 0 0 1 "Arrest"
0 150 37 281 172 661 0 0 1 "Arrest"
0 150 37 281 172 662 0 0 1 "Arrest"
0 151 37 282 172 663 0 0 0 "Arrest"
0 151 36 282 171 664 0 0 1 "Arrest"
0 151 36 282 171 665 0 0 1 "Arrest"
0 151 36 282 171 666 0 0 1 "Arrest"
0 151 36 282 171 667 0 0 1 "Arrest"
0 151 36 282 171 668 0 0 1 "Arrest"
0 151 36 282 171 669 0 0 1 "Arrest"
0 151 36 282 171 670 0 0 1 "Arrest"
0 151 36 282 171 671 0 0 1 "Arrest"
0 151 36 282 171 672 0 0 1 "Arrest"
0 151 36 282 171 673 0 0 1 "Arrest"
0 151 36 282 171 674 0 0 1 "Arrest"
0 151 36 282 171 675 0 0 1 "Arrest"
0 151 36 282 171 676 0 0 1 "Arrest"
0 151 36 282 171 677 0 0 1 "Arrest"
0 151 36 282 171 678 0 0 1 "Arrest"
0 151 36 282 171 679 0 0 1 "Arrest"
0 151 36 282 171 680 0 0 1 "Arrest"
0 151 36 282 171 681 0 0 1 "Arrest"
0 151 36 282 171 682 0 0 1 "Arrest"
0 151 36 282 171 683 0 0 1 "Arrest"
0 151 36 282 171 684 0 0 1 "Arrest"
0 151 36 282 171 685 0 0 1 "Arrest"
0 151 36 282 171 686 0 0 1 "Arrest"
0 151 36 282 171 687 0 0 1 "Arrest"
0 151 36 282 171 688 0 0 1 "Arrest"
0 151 36 282 171 689 0 0 1 "Arrest"
0 151 36 282 171 690 0 0 1 "Arrest"
0 151 36 282 171 691 0 0 1 "Arrest"
0 151 36 282 171 692 0 0 1 "Arrest"
0 151 36 282 171 693 0 0 1 "Arrest"
0 151 36 282 171 694 0 0 1 "Arrest"
0 151 36 282 171 695 0 0 1 "Arrest"
0 151 36 282 171 696 0 0 1 "Arrest"
0 151 36 282 171 697 0 0 1 "Arrest"
0 151 36 282 171 698 0 0 1 "Arrest"
0 151 36 282 171 699 0 0 1 "Arrest"
0 151 36 282 171 700 0 0 1 "Arrest"
0 151 36 282 171 701 0 0 1 "Arrest"
0 151 36 282 171 702 0 0 1 "Arrest"
0 152 36 283 171 703 0 0 0 "Arrest"
0 151 36 282 171 704 0 0 1 "Arrest"
0 151 36 282 171 705 0 0 1 "Arrest"
0 151 36 281 171 706 0 0 1 "Arrest"
0 151 36 281 171 707 0 0 1 "Arrest"
0 151 36 281 171 708 0 0 1 "Arrest"
0 151 36 280 171 709 0 0 1 "Arrest"
0 151 36 280 171 710 0 0 1 "Arrest"
0 151 36 279 171 711 0 0 1 "Arrest"
0 150 36 279 171 712 0 0 1 "Arrest"
0 150 36 279 171 713 0 0 1 "Arrest"
0 150 36 278 171 714 0 0 1 "Arrest"
0 150 36 278 171 715 0 0 1 "Arrest"
0 150 36 277 171 716 0 0 1 "Arrest"
0 150 36 277 171 717 0 0 1 "Arrest"
0 150 36 277 171 718 0 0 1 "Arrest"
0 150 36 276 171 719 0 0 1 "Arrest"
0 150 36 276 171 720 0 0 1 "Arrest"
0 149 36 275 171 721 0 0 1 "Arrest"
0 149 36 275 171 722 0 0 1 "Arrest"
0 149 36 275 171 723 0 0 1 "Arrest"
0 149 36 274 171 724 0 0 1 "Arrest"
0 149 36 274 171 725 0 0 1 "Arrest"
0 149 36 273 171 726 0 0 1 "Arrest"
0 149 36 273 171 727 0 0 1 "Arrest"
0 149 36 273 171 728 0 0 1 "Arrest"
0 148 36 272 171 729 0 0 1 "Arrest"
0 148 36 272 171 730 0 0 1 "Arrest"
0 148 36 271 171 731 0 0 1 "Arrest"
0 148 36 271 171 732 0 0 1 "Arrest"
0 148 36 271 171 733 0 0 1 "Arrest"
0 148 36 270 171 734 0 0 1 "Arrest"
0 148 36 270 171 735 0 0 1 "Arrest"
0 148 36 269 171 736 0 0 1 "Arrest"
0 148 36 269 171 737 0 0 1 "Arrest"
0 147 36 269 171 738 0 0 1 "Arrest"
0 147 36 268 171 739 0 0 1 "Arrest"
0 147 36 268 171 740 0 0 1 "Arrest"
0 147 36 267 171 741 0 0 1 "Arrest"
0 147 36 267 171 742 0 0 1 "Arrest"
0 147 36 267 171 743 0 0 1 "Arrest"
0 147 36 266 171 744 0 0 1 "Arrest"
0 147 36 266 171 745 0 0 1 "Arrest"
0 146 36 265 171 746 0 0 1 "Arrest"
0 146 36 265 171 747 0 0 1 "Arrest"
0 146 36 265 171 748 0 0 1 "Arrest"
0 146 36 264 171 749 0 0 1 "Arrest"
0 146 36 264 171 750 0 0 1 "Arrest"
0 146 36 263 171 751 0 0 1 "Arrest"
0 146 36 263 171 752 0 0 1 "Arrest"
0 146 36 263 171 753 0 0 1 "Arrest"
0 146 36 262 171 754 0 0 1 "Arrest"
0 145 36 262 171 755 0 0 1 "Arrest"
0 145 36 261 171 756 0 0 1 "Arrest"
0 145 36 261 171 757 0 0 1 "Arrest"
0 145 36 261 171 758 0 0 1 "Arrest"
0 145 36 260 171 759 0 0 1 "Arrest"
0 145 36 260 171 760 0 0 1 "Arrest"
0 145 36 259 171 761 0 0 1 "Arrest"
0 145 36 259 171 762 0 0 1 "Arrest"
0 145 37 259 171 763 1 0 0 "Arrest"
0 145 37 259 171 764 1 0 1 "Arrest"
0 145 37 259 171 765 1 0 1 "Arrest"
0 145 37 259 171 766 1 0 1 "Arrest"
0 145 37 259 171 767 1 0 1 "Arrest"
0 145 37 259 171 768 1 0 1 "Arrest"
0 145 37 259 171 769 1 0 1 "Arrest"
0 145 37 259 171 770 1 0 1 "Arrest"
0 145 37 259 171 771 1 0 1 "Arrest"
0 145 37 259 171 772 1 0 1 "Arrest"
0 145 37 259 171 773 1 0 1 "Arrest"
0 145 37 259 171 774 1 0 1 "Arrest"
0 145 37 259 171 775 1 0 1 "Arrest"
0 145 37 259 171 776 1 0 1 "Arrest"
0 145 37 259 171 777 1 0 1 "Arrest"
0 145 37 259 171 778 1 0 1 "Arrest"
0 145 37 259 171 779 1 0 1 "Arrest"
0 145 37 259 171 780 1 0 1 "Arrest"
0 145 37 259 171 781 1 0 1 "Arrest"
0 145 37 259 171 782 1 0 1 "Arrest"
0 145 37 259 171 783 1 0 1 "Arrest"
0 145 37 259 171 784 1 0 1 "Arrest"
0 145 37 259 171 785 1 0 1 "Arrest"
0 145 37 259 171 786 1 0 1 "Arrest"
0 145 37 259 171 787 1 0 1 "Arrest"
0 145 37 259 171 788 1 0 1 "Arrest"
0 145 37 259 171 789 1 0 1 "Arrest"
0 145 37 259 171 790 1 0 1 "Arrest"
0 145 37 259 171 791 1 0 1 "Arrest"
0 145 37 259 171 792 1 0 1 "Arrest"
0 145 37 259 171 793 1 0 1 "Arrest"
0 145 37 259 171 794 1 0 1 "Arrest"
0 145 37 259 171 795 1 0 1 "Arrest"
0 145 37 259 171 796 1 0 1 "Arrest"
0 145 37 259 171 797 1 0 1 "Arrest"
0 145 37 259 171 798 1 0 1 "Arrest"
0 145 37 259 171 799 1 0 1 "Arrest"
0 145 37 259 171 800 1 0 1 "Arrest"
0 145 37 259 171 801 1 0 1 "Arrest"
0 145 37 259 171 802 1 0 1 "Arrest"
0 145 37 259 171 803 1 0 0 "Arrest"
0 145 37 259 171 804 1 0 1 "Arrest"
0 145 37 259 171 805 1 0 1 "Arrest"
0 145 37 259 171 806 1 0 1 "Arrest"
0 145 37 259 171 807 1 0 1 "Arrest"
0 145 37 259 171 808 1 0 1 "Arrest"
0 145 37 259 171 809 1 0 1 "Arrest"
0 145 37 259 171 810 1 0 1 "Arrest"
0 145 37 259 171 811 1 0 1 "Arrest"
0 145 37 259 171 812 1 0 1 "Arrest"
0 145 37 259 171 813 1 0 1 "Arrest"
0 145 37 259 171 814 1 0 1 "Arrest"
0 145 37 259 171 815 1 0 1 "Arrest"
0 145 37 259 171 816 1 0 1 "Arrest"
0 145 37 259 171 817 1 0 1 "Arrest"
0 145 37 259 171 818 1 0 1 "Arrest"
0 145 37 259 171 819 1 0 1 "Arrest"
0 145 37 259 171 820 1 0 1 "Arrest"
0 145 37 259 171 821 1 0 1 "Arrest"
0 145 37 259 171 822 1 0 1 "Arrest"
0 145 37 259 171 823 1 0 1 "Arrest"
0 145 37 259 171 824 1 0 1 "Arrest"
0 145 37 259 171 825 1 0 1 "Arrest"
0 145 37 259 171 826 1 0 1 "Arrest"
0 145 37 259 171 827 1 0 1 "Arrest"
0 145 37 259 171 828 1 0 1 "Arrest"
0 145 37 259 171 829 1 0 1 "Arrest"
0 145 37 259 171 830 1 0 1 "Arrest"
0 145 37 259 171 831 1 0 1 "Arrest"
0 145 37 259 171 832 1 0 1 "Arrest"
0 145 37 259 171 833 1 0 1 "Arrest"
0 145 37 259 171 834 1 0 1 "Arrest"
0 145 37 259 171 835 1 0 1 "Arrest"
0 145 37 259 171 836 1 0 1 "Arrest"
0 145 37 259 171 837 1 0 1 "Arrest"
0 145 37 259 171 838 1 0 1 "Arrest"
0 145 37 259 171 839 1 0 1 "Arrest"
0 145 37 259 171 840 1 0 1 "Arrest"
0 145 37 259 171 841 1 0 1 "Arrest"
0 145 37 259 171 842 1 0 1 "Arrest"
0 145 37 259 171 843 1 0 1 "Arrest"
0 145 37 259 171 844 1 0 1 "Arrest"
0 145 37 259 171 845 1 0 1 "Arrest"
0 145 37 259 171 846 1 0 1 "Arrest"
0 145 37 259 171 847 1 0 1 "Arrest"
0 145 37 259 171 848 1 0 1 "Arrest"
0 145 37 259 171 849 1 0 1 "Arrest"
0 145 37 259 171 850 1 0 1 "Arrest"
0 145 37 259 171 851 1 0 1 "Arrest"
0 145 37 259 171 852 1 0 1 "Arrest"
0 145 37 259 171 853 1 0 1 "Arrest"
0 145 37 259 171 854 1 0 1 "Arrest"
0 145 37 259 171 855 1 0 1 "Arrest"
0 145 37 259 171 856 1 0 1 "Arrest"
0 145 37 259 171 857 1 0 1 "Arrest"
0 145 37 259 171 858 1 0 1 "Arrest"
0 145 37 259 171 859 1 0 1 "Arrest"
0 145 37 259 171 860 1 0 1 "Arrest"
0 145 37 259 171 861 1 0 1 "Arrest"
0 145 37 259 171 862 1 0 1 "Arrest"
0 145 37 259 171 863 1 0 1 "Arrest"
0 145 37 259 171 864 1 0 1 "Arrest"
0 145 37 259 171 865 1 0 1 "Arrest"
0 145 37 259 171 866 1 0 1 "Arrest"
0 145 37 259 171 867 1 0 1 "Arrest"
0 145 37 259 171 868 1 0 1 "Arrest"
0 145 37 259 171 869 1 0 1 "Arrest"
0 145 37 259 171 870 1 0 1 "Arrest"
0 145 37 259 171 871 1 0 1 "Arrest"
0 145 37 259 171 872 1 0 1 "Arrest"
0 145 37 259 171 873 1 0 1 "Arrest"
0 145 37 259 171 874 1 0 1 "Arrest"
0 145 37 259 171 875 1 0 1 "Arrest"
0 145 37 259 171 876 1 0 1 "Arrest"
0 145 37 259 171 877 1 0 1 "Arrest"
0 145 37 259 171 878 1 0 1 "Arrest"
0 145 37 259 171 879 1 0 1 "Arrest"
0 145 37 259 171 880 1 0 1 "Arrest"
0 145 37 259 171 881 1 0 1 "Arrest"
0 145 37 259 171 882 1 0 1 "Arrest"
0 145 37 259 171 883 1 0 1 "Arrest"
0 145 37 259 171 884 1 0 1 "Arrest"
0 145 37 259 171 885 1 0 1 "Arrest"
0 145 37 259 171 886 1 0 1 "Arrest"
0 145 37 259 171 887 1 0 1 "Arrest"
0 145 37 259 171 888 1 0 1 "Arrest"
0 145 37 259 171 889 1 0 1 "Arrest"
0 145 37 259 171 890 1 0 1 "Arrest"
0 145 37 259 171 891 1 0 1 "Arrest"
0 145 37 259 171 892 1 0 1 "Arrest"
0 145 37 259 171 893 1 0 1 "Arrest"
0 145 37 259 171 894 1 0 1 "Arrest"
0 145 37 259 171 895 1 0 1 "Arrest"
0 145 37 259 171 896 1 0 1 "Arrest"
0 145 37 259 171 897 1 0 1 "Arrest"
0 145 37 259 171 898 1 0 1 "Arrest"
0 145 37 259 171 899 1 0 1 "Arrest"
0 145 37 259 171 900 1 0 1 "Arrest"
0 145 37 259 171 901 1 0 1 "Arrest"
0 145 37 259 171 902 1 0 1 "Arrest"
0 145 37 259 171 903 1 0 1 "Arrest"
0 145 37 259 171 904 1 0 1 "Arrest"
0 145 37 259 171 905 1 0 1 "Arrest"
0 145 37 259 171 906 1 0 1 "Arrest"
0 145 37 259 171 907 1 0 1 "Arrest"
0 145 37 259 171 908 1 0 1 "Arrest"
0 145 37 259 171 909 1 0 1 "Arrest"
0 145 37 259 171 910 1 0 1 "Arrest"
0 145 37 259 171 911 1 0 1 "Arrest"
0 145 37 259 171 912 1 0 1 "Arrest"
0 145 37 259 171 913 1 0 1 "Arrest"
0 145 37 259 171 914 1 0 1 "Arrest"
0 145 37 259 171 915 1 0 1 "Arrest"
0 145 37 259 171 916 1 0 1 "Arrest"
0 145 37 259 171 917 1 0 1 "Arrest"
0 145 37 259 171 918 1 0 1 "Arrest"
0 145 37 259 171 919 1 0 1 "Arrest"
0 145 37 259 171 920 1 0 1 "Arrest"
0 145 37 259 171 921 1 0 1 "Arrest"
0 145 37 259 171 922 1 0 1 "Arrest"
0 145 37 259 171 923 1 0 1 "Arrest"
0 145 37 259 171 924 1 0 1 "Arrest"
0 145 37 259 171 925 1 0 1 "Arrest"
0 145 37 259 171 926 1 0 1 "Arrest"
0 145 37 259 171 927 1 0 1 "Arrest"
0 145 37 259 171 928 1 0 1 "Arrest"
0 145 37 259 171 929 1 0 1 "Arrest"
0 145 37 259 171 930 1 0 1 "Arrest"
0 145 37 259 171 931 1 0 1 "Arrest"
0 145 37 259 171 932 1 0 1 "Arrest"
0 145 37 259 171 933 1 0 1 "Arrest"
0 145 37 259 171 934 1 0 1 "Arrest"
0 145 37 259 171 935 1 0 1 "Arrest"
0 145 37 259 171 936 1 0 1 "Arrest"
0 145 37 259 171 937 1 0 1 "Arrest"
0 145 37 259 171 938 1 0 1 "Arrest"
0 145 37 259 171 939 1 0 1 "Arrest"
0 145 37 259 171 940 1 0 1 "Arrest"
0 145 37 259 171 941 1 0 1 "Arrest"
0 145 37 259 171 942 1 0 1 "Arrest"
0 145 37 259 171 943 1 0 1 "Arrest"
0 145 37 259 171 944 1 0 1 "Arrest"
0 145 37 259 171 945 1 0 1 "Arrest"
0 145 37 259 171 946 1 0 1 "Arrest"
0 145 37 259 171 947 1 0 1 "Arrest"
0 145 37 259 171 948 1 0 1 "Arrest"
0 145 37 259 171 949 1 0 1 "Arrest"
0 145 37 259 171 950 1 0 1 "Arrest"
0 145 37 259 171 951 1 0 1 "Arrest"
0 145 37 259 171 952 1 0 1 "Arrest"
0 145 37 259 171 953 1 0 1 "Arrest"
0 145 37 259 171 954 1 0 1 "Arrest"
0 145 37 259 171 955 1 0 1 "Arrest"
0 145 37 259 171 956 1 0 1 "Arrest"
0 145 37 259 171 957 1 0 1 "Arrest"
0 145 37 259 171 958 1 0 1 "Arrest"
0 145 37 259 171 959 1 0 1 "Arrest"
0 145 37 259 171 960 1 0 1 "Arrest"
0 145 37 259 171 961 1 0 1 "Arrest"
0 145 37 259 171 962 1 0 1 "Arrest"
0 145 37 259 171 963 1 0 1 "Arrest"
0 145 37 259 171 964 1 0 1 "Arrest"
0 145 37 259 171 965 1 0 1 "Arrest"
0 145 37 259 171 966 1 0 1 "Arrest"
0 145 37 259 171 967 1 0 1 "Arrest"
0 145 37 259 171 968 1 0 1 "Arrest"
0 145 37 259 171 969 1 0 1 "Arrest"
0 145 37 259 171 970 1 0 1 "Arrest"
0 145 37 259 171 971 1 0 1 "Arrest"
0 145 37 259 171 972 1 0 1 "Arrest"
0 145 37 259 171 973 1 0 1 "Arrest"
0 145 37 259 171 974 1 0 1 "Arrest"
0 145 37 259 171 975 1 0 1 "Arrest"
0 145 37 259 171 976 1 0 1 "Arrest"
0 145 37 259 171 977 1 0 1 "Arrest"
0 145 37 259 171 978 1 0 1 "Arrest"
0 145 37 259 171 979 1 0 1 "Arrest"
0 145 37 259 171 980 1 0 1 "Arrest"
0 145 37 259 171 981 1 0 1 "Arrest"
0 145 37 259 171 982 1 0 1 "Arrest"
0 145 37 259 171 983 1 0 1 "Arrest"
0 145 37 259 171 984 1 0 1 "Arrest"
0 145 37 259 171 985 1 0 1 "Arrest"
0 145 37 259 171 986 1 0 1 "Arrest"
0 145 37 259 171 987 1 0 1 "Arrest"
0 145 37 259 171 988 1 0 1 "Arrest"
0 145 37 259 171 989 1 0 1 "Arrest"
0 145 37 259 171 990 1 0 1 "Arrest"
0 145 37 259 171 991 1 0 1 "Arrest"
0 145 37 259 171 992 1 0 1 "Arrest"
0 145 37 259 171 993 1 0 1 "Arrest"
0 145 37 259 171 994 1 0 1 "Arrest"
0 145 37 259 171 995 1 0 1 "Arrest"
0 145 37 259 171 996 1 0 1 "Arrest"
0 145 37 259 171 997 1 0 1 "Arrest"
0 145 37 259 171 998 1 0 1 "Arrest"
0 145 37 259 171 999 1 0 1 "Arrest"
0 145 37 259 171 1000 1 0 1 "Arrest"
0 145 37 259 171 1001 1 0 1 "Arrest"
0 145 37 259 171 1002 1 0 1 "Arrest"
0 145 37 259 171 1003 1 0 1 "Arrest"
0 145 37 259 171 1004 1 0 1 "Arrest"
0 145 37 259 171 1005 1 0 1 "Arrest"
0 145 37 259 171 1006 1 0 1 "Arrest"
0 145 37 259 171 1007 1 0 1 "Arrest"
0 145 37 259 171 1008 1 0 1 "Arrest"
0 145 37 259 171 1009 1 0 1 "Arrest"
0 145 37 259 171 1010 1 0 1 "Arrest"
0 145 37 259 171 1011 1 0 1 "Arrest"
0 145 37 259 171 1012 1 0 1 "Arrest"
0 145 37 259 171 1013 1 0 1 "Arrest"
0 145 37 259 171 1014 1 0 1 "Arrest"
0 145 37 259 171 1015 1 0 1 "Arrest"
0 145 37 259 171 1016 1 0 1 "Arrest"
0 145 37 259 171 1017 1 0 1 "Arrest"
0 145 37 259 171 1018 1 0 1 "Arrest"
0 145 37 259 171 1019 1 0 1 "Arrest"
0 145 37 259 171 1020 1 0 1 "Arrest"
0 145 37 259 171 1021 1 0 1 "Arrest"
0 145 37 259 171 1022 1 0 1 "Arrest"
0 145 37 259 171 1023 1 0 1 "Arrest"
0 145 37 259 171 1024 1 0 1 "Arrest"
0 145 37 259 171 1025 1 0 1 "Arrest"
0 145 37 259 171 1026 1 0 1 "Arrest"
0 145 37 259 171 1027 1 0 1 "Arrest"
0 145 37 259 171 1028 1 0 1 "Arrest"
0 145 37 259 171 1029 1 0 1 "Arrest"
0 145 37 259 171 1030 1 0 1 "Arrest"
0 145 37 259 171 1031 1 0 1 "Arrest"
0 145 37 259 171 1032 1 0 1 "Arrest"
0 145 37 259 171 1033 1 0 1 "Arrest"
0 145 37 259 171 1034 1 0 1 "Arrest"
0 145 37 259 171 1035 1 0 1 "Arrest"
0 145 37 259 171 1036 1 0 1 "Arrest"
0 145 37 259 171 1037 1 0 1 "Arrest"
0 145 37 259 171 1038 1 0 1 "Arrest"
0 145 37 259 171 1039 1 0 1 "Arrest"
0 145 37 259 171 1040 1 0 1 "Arrest"
0 145 37 259 171 1041 1 0 1 "Arrest"
0 145 37 259 171 1042 1 0 1 "Arrest"
0 145 37 259 171 1043 1 0 1 "Arrest"
0 145 37 259 171 1044 1 0 1 "Arrest"
0 145 37 259 171 1045 1 0 1 "Arrest"
0 145 37 259 171 1046 1 0 1 "Arrest"
0 145 37 259 171 1047 1 0 1 "Arrest"
0 145 37 259 171 1048 1 0 1 "Arrest"
0 145 37 259 171 1049 1 0 1 "Arrest"
0 145 37 259 171 1050 1 0 1 "Arrest"
0 145 37 259 171 1051 1 0 1 "Arrest"
0 145 37 259 171 1052 1 0 1 "Arrest"
0 145 37 259 171 1053 1 0 1 "Arrest"
0 145 37 259 171 1054 1 0 1 "Arrest"
0 145 37 259 171 1055 1 0 1 "Arrest"
0 145 37 259 171 1056 1 0 1 "Arrest"
0 145 37 259 171 1057 1 0 1 "Arrest"
0 145 37 259 171 1058 1 0 1 "Arrest"
0 145 37 259 171 1059 1 0 1 "Arrest"
0 145 37 259 171 1060 1 0 1 "Arrest"
0 145 37 259 171 1061 1 0 1 "Arrest"
0 145 37 259 171 1062 1 0 1 "Arrest"
0 145 37 259 171 1063 1 0 1 "Arrest"
0 145 37 259 171 1064 1 0 1 "Arrest"
0 145 37 259 171 1065 1 0 1 "Arrest"
0 145 37 259 171 1066 1 0 1 "Arrest"
0 145 37 259 171 1067 1 0 1 "Arrest"
0 145 37 259 171 1068 1 0 1 "Arrest"
0 145 37 259 171 1069 1 0 1 "Arrest"
0 145 37 259 171 1070 1 0 1 "Arrest"
0 145 37 259 171 1071 1 0 1 "Arrest"
0 145 37 259 171 1072 1 0 1 "Arrest"
0 145 37 259 171 1073 1 0 1 "Arrest"
0 145 37 259 171 1074 1 0 1 "Arrest"
0 145 37 259 171 1075 1 0 1 "Arrest"
0 145 37 259 171 1076 1 0 1 "Arrest"
0 145 37 259 171 1077 1 0 1 "Arrest"
0 145 37 259 171 1078 1 0 1 "Arrest"
0 145 37 259 171 1079 1 0 1 "Arrest"
0 145 37 259 171 1080 1 0 1 "Arrest"
0 145 37 259 171 1081 1 0 1 "Arrest"
0 145 37 259 171 1082 1 0 1 "Arrest"
0 145 37 259 171 1083 1 0 1 "Arrest"
0 145 37 259 171 1084 1 0 1 "Arrest"
0 145 37 259 171 1085 1 0 1 "Arrest"
0 145 37 259 171 1086 1 0 1 "Arrest"
0 145 37 259 171 1087 1 0 1 "Arrest"
0 145 37 259 171 1088 1 0 1 "Arrest"
0 145 37 259 171 1089 1 0 1 "Arrest"
0 145 37 259 171 1090 1 0 1 "Arrest"
0 145 37 259 171 1091 1 0 1 "Arrest"
0 145 37 259 171 1092 1 0 1 "Arrest"
0 145 37 259 171 1093 1 0 1 "Arrest"
0 145 37 259 171 1094 1 0 1 "Arrest"
0 145 37 259 171 1095 1 0 1 "Arrest"
0 145 37 259 171 1096 1 0 1 "Arrest"
0 145 37 259 171 1097 1 0 1 "Arrest"
0 145 37 259 171 1098 1 0 1 "Arrest"
0 145 37 259 171 1099 1 0 1 "Arrest"
0 145 37 259 171 1100 1 0 1 "Arrest"
0 145 37 259 171 1101 1 0 1 "Arrest"
0 145 37 259 171 1102 1 0 1 "Arrest"
0 145 37 259 171 1103 1 0 1 "Arrest"
0 145 37 259 171 1104 1 0 1 "Arrest"
0 145 37 259 171 1105 1 0 1 "Arrest"
0 145 37 259 171 1106 1 0 1 "Arrest"
0 145 37 259 171 1107 1 0 1 "Arrest"
0 145 37 259 171 1108 1 0 1 "Arrest"
0 145 37 259 171 1109 1 0 1 "Arrest"
0 145 37 259 171 1110 1 0 1 "Arrest"
0 145 37 259 171 1111 1 0 1 "Arrest"
0 145 37 259 171 1112 1 0 1 "Arrest"
0 145 37 259 171 1113 1 0 1 "Arrest"
0 145 37 259 171 1114 1 0 1 "Arrest"
0 145 37 259 171 1115 1 0 1 "Arrest"
0 145 37 259 171 1116 1 0 1 "Arrest"
0 145 37 259 171 1117 1 0 1 "Arrest"
0 145 37 259 171 1118 1 0 1 "Arrest"
0 145 37 259 171 1119 1 0 1 "Arrest"
0 145 37 259 171 1120 1 0 1 "Arrest"
0 145 37 259 171 1121 1 0 1 "Arrest"
0 145 37 259 171 1122 1 0 1 "Arrest"
0 145 37 259 171 1123 1 0 1 "Arrest"
0 145 37 259 171 1124 1 0 1 "Arrest"
0 145 37 259 171 1125 1 0 1 "Arrest"
0 145 37 259 171 1126 1 0 1 "Arrest"
0 145 37 259 171 1127 1 0 1 "Arrest"
0 145 37 259 171 1128 1 0 1 "Arrest"
0 145 37 259 171 1129 1 0 1 "Arrest"
0 145 37 259 171 1130 1 0 1 "Arrest"
0 145 37 259 171 1131 1 0 1 "Arrest"
0 145 37 259 171 1132 1 0 1 "Arrest"
0 145 37 259 171 1133 1 0 1 "Arrest"
0 145 37 259 171 1134 1 0 1 "Arrest"
0 145 37 259 171 1135 1 0 1 "Arrest"
0 145 37 259 171 1136 1 0 1 "Arrest"
0 145 37 259 171 1137 1 0 1 "Arrest"
0 145 37 259 171 1138 1 0 1 "Arrest"
0 145 37 259 171 1139 1 0 1 "Arrest"
0 145 37 259 171 1140 1 0 1 "Arrest"
0 145 37 259 171 1141 1 0 1 "Arrest"
0 145 37 259 171 1142 1 0 1 "Arrest"
0 145 37 259 171 1143 1 0 1 "Arrest"
0 145 37 259 171 1144 1 0 1 "Arrest"
0 145 37 259 171 1145 1 0 1 "Arrest"
0 145 37 259 171 1146 1 0 1 "Arrest"
0 145 37 259 171 1147 1 0 1 "Arrest"
0 145 37 259 171 1148 1 0 1 "Arrest"
0 145 37 259 171 1149 1 0 1 "Arrest"
0 145 37 259 171 1150 1 0 1 "Arrest"
0 145 37 259 171 1151 1 0 1 "Arrest"
0 145 37 259 171 1152 1 0 1 "Arrest"
0 145 37 259 171 1153 1 0 1 "Arrest"
0 145 37 259 171 1154 1 0 1 "Arrest"
0 145 37 259 171 1155 1 0 1 "Arrest"
0 145 37 259 171 1156 1 0 1 "Arrest"
0 145 37 259 171 1157 1 0 1 "Arrest"
0 145 37 259 171 1158 1 0 1 "Arrest"
0 145 37 259 171 1159 1 0 1 "Arrest"
0 145 37 259 171 1160 1 0 1 "Arrest"
0 145 37 259 171 1161 1 0 1 "Arrest"
0 145 37 259 171 1162 1 0 1 "Arrest"
0 145 37 259 171 1163 1 0 1 "Arrest"
0 145 37 259 171 1164 1 0 1 "Arrest"
0 145 37 259 171 1165 1 0 1 "Arrest"
0 145 37 259 171 1166 1 0 1 "Arrest"
0 145 37 259 171 1167 1 0 1 "Arrest"
0 145 37 259 171 1168 1 0 1 "Arrest"
0 145 37 259 171 1169 1 0 1 "Arrest"
0 145 37 259 171 1170 1 0 1 "Arrest"
0 145 37 259 171 1171 1 0 1 "Arrest"
0 145 37 259 171 1172 1 0 1 "Arrest"
0 145 37 259 171 1173 1 0 1 "Arrest"
0 145 37 259 171 1174 1 0 1 "Arrest"
0 145 37 259 171 1175 1 0 1 "Arrest"
0 145 37 259 171 1176 1 0 1 "Arrest"
0 145 37 259 171 1177 1 0 1 "Arrest"
0 145 37 259 171 1178 1 0 1 "Arrest"
0 145 37 259 171 1179 1 0 1 "Arrest"
0 145 37 259 171 1180 1 0 1 "Arrest"
0 145 37 259 171 1181 1 0 1 "Arrest"
0 145 37 259 171 1182 1 0 1 "Arrest"
0 145 37 259 171 1183 1 0 1 "Arrest"
0 145 37 259 171 1184 1 0 1 "Arrest"
0 145 37 259 171 1185 1 0 1 "Arrest"
0 145 37 259 171 1186 1 0 1 "Arrest"
0 145 37 259 171 1187 1 0 1 "Arrest"
0 145 37 259 171 1188 1 0 1 "Arrest"
0 145 37 259 171 1189 1 0 1 "Arrest"
0 145 37 259 171 1190 1 0 1 "Arrest"
0 145 37 259 171 1191 1 0 1 "Arrest"
0 145 37 259 171 1192 1 0 1 "Arrest"
0 145 37 259 171 1193 1 0 1 "Arrest"
0 145 37 259 171 1194 1 0 1 "Arrest"
0 145 37 259 171 1195 1 0 1 "Arrest"
0 145 37 259 171 1196 1 0 1 "Arrest"
0 145 37 259 171 1197 1 0 1 "Arrest"
0 145 37 259 171 1198 1 0 1 "Arrest"
0 145 37 259 171 1199 1 0 1 "Arrest"
0 145 37 259 171 1200 1 0 1 "Arrest"
0 145 37 259 171 1201 1 0 1 "Arrest"
0 145 37 259 171 1202 1 0 1 "Arrest"
0 145 37 259 171 1203 1 0 1 "Arrest"
0 145 37 259 171 1204 1 0 1 "Arrest"
0 145 37 259 171 1205 1 0 1 "Arrest"
0 145 37 259 171 1206 1 0 1 "Arrest"
0 145 37 259 171 1207 1 0 1 "Arrest"
0 145 37 259 171 1208 1 0 1 "Arrest"
0 145 37 259 171 1209 1 0 1 "Arrest"
0 145 37 259 171 1210 1 0 1 "Arrest"
0 145 37 259 171 1211 1 0 1 "Arrest"
0 145 37 259 171 1212 1 0 1 "Arrest"
0 145 37 259 171 1213 1 0 1 "Arrest"
0 145 37 259 171 1214 1 0 1 "Arrest"
0 145 37 259 171 1215 1 0 1 "Arrest"
0 145 37 259 171 1216 1 0 1 "Arrest"
0 145 37 259 171 1217 1 0 1 "Arrest"
0 145 37 259 171 1218 1 0 1 "Arrest"
0 145 37 259 171 1219 1 0 1 "Arrest"
0 145 37 259 171 1220 1 0 1 "Arrest"
0 145 37 259 171 1221 1 0 1 "Arrest"
0 145 37 259 171 1222 1 0 1 "Arrest"
0 145 37 259 171 1223 1 0 1 "Arrest"
0 145 37 259 171 1224 1 0 1 "Arrest"
0 145 37 259 171 1225 1 0 1 "Arrest"
0 145 37 259 171 1226 1 0 1 "Arrest"
0 145 37 259 171 1227 1 0 1 "Arrest"
0 145 37 259 171 1228 1 0 1 "Arrest"
0 145 37 259 171 1229 1 0 1 "Arrest"
0 145 37 259 171 1230 1 0 1 "Arrest"
0 145 37 259 171 1231 1 0 1 "Arrest"
0 145 37 259 171 1232 1 0 1 "Arrest"
0 145 37 259 171 1233 1 0 1 "Arrest"
0 145 37 259 171 1234 1 0 1 "Arrest"
0 145 37 259 171 1235 1 0 1 "Arrest"
0 145 37 259 171 1236 1 0 1 "Arrest"
0 145 37 259 171 1237 1 0 1 "Arrest"
0 145 37 259 171 1238 1 0 1 "Arrest"
0 145 37 259 171 1239 1 0 1 "Arrest"
0 145 37 259 171 1240 1 0 1 "Arrest"
0 145 37 259 171 1241 1 0 1 "Arrest"
0 145 37 259 171 1242 1 0 1 "Arrest"
0 145 37 259 171 1243 1 0 1 "Arrest"
0 145 37 259 171 1244 1 0 1 "Arrest"
0 145 37 259 171 1245 1 0 1 "Arrest"
0 145 37 259 171 1246 1 0 1 "Arrest"
0 145 37 259 171 1247 1 0 1 "Arrest"
0 145 37 259 171 1248 1 0 1 "Arrest"
0 145 37 259 171 1249 1 0 1 "Arrest"
0 145 37 259 171 1250 1 0 1 "Arrest"
0 145 37 259 171 1251 1 0 1 "Arrest"
0 145 37 259 171 1252 1 0 1 "Arrest"
0 145 37 259 171 1253 1 0 1 "Arrest"
0 145 37 259 171 1254 1 0 1 "Arrest"
0 145 37 259 171 1255 1 0 1 "Arrest"
0 145 37 259 171 1256 1 0 1 "Arrest"
0 145 37 259 171 1257 1 0 1 "Arrest"
0 145 37 259 171 1258 1 0 1 "Arrest"
0 145 37 259 171 1259 1 0 1 "Arrest"
0 145 37 259 171 1260 1 0 1 "Arrest"
0 145 37 259 171 1261 1 0 1 "Arrest"
0 145 37 259 171 1262 1 0 1 "Arrest"
0 145 37 259 171 1263 1 0 1 "Arrest"
0 145 37 259 171 1264 1 0 1 "Arrest"
0 145 37 259 171 1265 1 0 1 "Arrest"
0 145 37 259 171 1266 1 0 1 "Arrest"
0 145 37 259 171 1267 1 0 1 "Arrest"
0 145 37 259 171 1268 1 0 1 "Arrest"
0 145 37 259 171 1269 1 0 1 "Arrest"
0 145 37 259 171 1270 1 0 1 "Arrest"
0 145 37 259 171 1271 1 0 1 "Arrest"
0 145 37 259 171 1272 1 0 1 "Arrest"
0 145 37 259 171 1273 1 0 1 "Arrest"
0 145 37 259 171 1274 1 0 1 "Arrest"
0 145 37 259 171 1275 1 0 1 "Arrest"
0 145 37 259 171 1276 1 0 1 "Arrest"
0 145 37 259 171 1277 1 0 1 "Arrest"
0 145 37 259 171 1278 1 0 1 "Arrest"
0 145 37 259 171 1279 1 0 1 "Arrest"
0 145 37 259 171 1280 1 0 1 "Arrest"
0 145 37 259 171 1281 1 0 1 "Arrest"
0 145 37 259 171 1282 1 0 1 "Arrest"
0 145 37 259 171 1283 1 0 1 "Arrest"
0 145 37 259 171 1284 1 0 1 "Arrest"
0 145 37 259 171 1285 1 0 1 "Arrest"
0 145 37 259 171 1286 1 0 1 "Arrest"
0 145 37 259 171 1287 1 0 1 "Arrest"
0 145 37 259 171 1288 1 0 1 "Arrest"
0 145 37 259 171 1289 1 0 1 "Arrest"
0 145 37 259 171 1290 1 0 1 "Arrest"
0 145 37 259 171 1291 1 0 1 "Arrest"
0 145 37 259 171 1292 1 0 1 "Arrest"
0 145 37 259 171 1293 1 0 1 "Arrest"
0 145 37 259 171 1294 1 0 1 "Arrest"
0 145 37 259 171 1295 1 0 1 "Arrest"
0 145 37 259 171 1296 1 0 1 "Arrest"
0 145 37 259 171 1297 1 0 1 "Arrest"
0 145 37 259 171 1298 1 0 1 "Arrest"
0 145 37 259 171 1299 1 0 1 "Arrest"
0 145 37 259 171 1300 1 0 1 "Arrest"
0 145 37 259 171 1301 1 0 1 "Arrest"
0 145 37 259 171 1302 1 0 1 "Arrest"
0 145 37 259 171 1303 1 0 1 "Arrest"
0 145 37 259 171 1304 1 0 1 "Arrest"
0 145 37 259 171 1305 1 0 1 "Arrest"
0 145 37 259 171 1306 1 0 1 "Arrest"
0 145 37 259 171 1307 1 0 1 "Arrest"
0 145 37 259 171 1308 1 0 1 "Arrest"
0 145 37 259 171 1309 1 0 1 "Arrest"
0 145 37 259 171 1310 1 0 1 "Arrest"
0 145 37 259 171 1311 1 0 1 "Arrest"
0 145 37 259 171 1312 1 0 1 "Arrest"
0 145 37 259 171 1313 1 0 1 "Arrest"
0 145 37 259 171 1314 1 0 1 "Arrest"
0 145 37 259 171 1315 1 0 1 "Arrest"
0 145 37 259 171 1316 1 0 1 "Arrest"
0 145 37 259 171 1317 1 0 1 "Arrest"
0 145 37 259 171 1318 1 0 1 "Arrest"
0 145 37 259 171 1319 1 0 1 "Arrest"
0 145 37 259 171 1320 1 0 1 "Arrest"
0 145 37 259 171 1321 1 0 1 "Arrest"
0 145 37 259 171 1322 1 0 1 "Arrest"
0 145 37 259 171 1323 1 0 1 "Arrest"
0 145 37 259 171 1324 1 0 1 "Arrest"
0 145 37 259 171 1325 1 0 1 "Arrest"
0 145 37 259 171 1326 1 0 1 "Arrest"
0 145 37 259 171 1327 1 0 1 "Arrest"
0 145 37 259 171 1328 1 0 1 "Arrest"
0 145 37 259 171 1329 1 0 1 "Arrest"
0 145 37 259 171 1330 1 0 1 "Arrest"
0 145 37 259 171 1331 1 0 1 "Arrest"
0 145 37 259 171 1332 1 0 1 "Arrest"
0 145 37 259 171 1333 1 0 1 "Arrest"
0 145 37 259 171 1334 1 0 1 "Arrest"
0 145 37 259 171 1335 1 0 1 "Arrest"
0 145 37 259 171 1336 1 0 1 "Arrest"
0 145 37 259 171 1337 1 0 1 "Arrest"
0 145 37 259 171 1338 1 0 1 "Arrest"
0 145 37 259 171 1339 1 0 1 "Arrest"
0 145 37 259 171 1340 1 0 1 "Arrest"
0 145 37 259 171 1341 1 0 1 "Arrest"
0 145 37 259 171 1342 1 0 1 "Arrest"
0 145 37 259 171 1343 1 0 1 "Arrest"
0 145 37 259 171 1344 1 0 1 "Arrest"
0 145 37 259 171 1345 1 0 1 "Arrest"
0 145 37 259 171 1346 1 0 1 "Arrest"
0 145 37 259 171 1347 1 0 1 "Arrest"
0 145 37 259 171 1348 1 0 1 "Arrest"
0 145 37 259 171 1349 1 0 1 "Arrest"
0 145 37 259 171 1350 1 0 1 "Arrest"
0 145 37 259 171 1351 1 0 1 "Arrest"
0 145 37 259 171 1352 1 0 1 "Arrest"
0 145 37 259 171 1353 1 0 1 "Arrest"
0 145 37 259 171 1354 1 0 1 "Arrest"
0 145 37 259 171 1355 1 0 1 "Arrest"
0 145 37 259 171 1356 1 0 1 "Arrest"
0 145 37 259 171 1357 1 0 1 "Arrest"
0 145 37 259 171 1358 1 0 1 "Arrest"
0 145 37 259 171 1359 1 0 1 "Arrest"
0 145 37 259 171 1360 1 0 1 "Arrest"
0 145 37 259 171 1361 1 0 1 "Arrest"
0 145 37 259 171 1362 1 0 1 "Arrest"
0 145 37 259 171 1363 1 0 1 "Arrest"
0 145 37 259 171 1364 1 0 1 "Arrest"
0 145 37 259 171 1365 1 0 1 "Arrest"
0 145 37 259 171 1366 1 0 1 "Arrest"
0 145 37 259 171 1367 1 0 1 "Arrest"
0 145 37 259 171 1368 1 0 1 "Arrest"
0 145 37 259 171 1369 1 0 1 "Arrest"
0 145 37 259 171 1370 1 0 1 "Arrest"
0 145 37 259 171 1371 1 0 1 "Arrest"
0 145 37 259 171 1372 1 0 1 "Arrest"
0 145 37 259 171 1373 1 0 1 "Arrest"
0 145 37 259 171 1374 1 0 1 "Arrest"
0 145 37 259 171 1375 1 0 1 "Arrest"
0 145 37 259 171 1376 1 0 1 "Arrest"
0 145 37 259 171 1377 1 0 1 "Arrest"
0 145 37 259 171 1378 1 0 1 "Arrest"
0 145 37 259 171 1379 1 0 1 "Arrest"
0 145 37 259 171 1380 1 0 1 "Arrest"
0 145 37 259 171 1381 1 0 1 "Arrest"
0 145 37 259 171 1382 1 0 1 "Arrest"
0 145 37 259 171 1383 1 0 1 "Arrest"
0 145 37 259 171 1384 1 0 1 "Arrest"
0 145 37 259 171 1385 1 0 1 "Arrest"
0 145 37 259 171 1386 1 0 1 "Arrest"
0 145 37 259 171 1387 1 0 1 "Arrest"
0 145 37 259 171 1388 1 0 1 "Arrest"
0 145 37 259 171 1389 1 0 1 "Arrest"
0 145 37 259 171 1390 1 0 1 "Arrest"
0 145 37 259 171 1391 1 0 1 "Arrest"
0 145 37 259 171 1392 1 0 1 "Arrest"
0 145 37 259 171 1393 1 0 1 "Arrest"
0 145 37 259 171 1394 1 0 1 "Arrest"
0 145 37 259 171 1395 1 0 1 "Arrest"
0 145 37 259 171 1396 1 0 1 "Arrest"
0 145 37 259 171 1397 1 0 1 "Arrest"
0 145 37 259 171 1398 1 0 1 "Arrest"
0 145 37 259 171 1399 1 0 1 "Arrest"
0 145 37 259 171 1400 1 0 1 "Arrest"
0 145 37 259 171 1401 1 0 1 "Arrest"
0 145 37 259 171 1402 1 0 1 "Arrest"
0 145 37 259 171 1403 1 0 1 "Arrest"
0 145 37 259 171 1404 1 0 1 "Arrest"
0 145 37 259 171 1405 1 0 1 "Arrest"
0 145 37 259 171 1406 1 0 1 "Arrest"
0 145 37 259 171 1407 1 0 1 "Arrest"
0 145 37 259 171 1408 1 0 1 "Arrest"
0 145 37 259 171 1409 1 0 1 "Arrest"
0 145 37 259 171 1410 1 0 1 "Arrest"
0 145 37 259 171 1411 1 0 1 "Arrest"
0 145 37 259 171 1412 1 0 1 "Arrest"
0 145 37 259 171 1413 1 0 1 "Arrest"
0 145 37 259 171 1414 1 0 1 "Arrest"
0 145 37 259 171 1415 1 0 1 "Arrest"
0 145 37 259 171 1416 1 0 1 "Arrest"
0 145 37 259 171 1417 1 0 1 "Arrest"
0 145 37 259 171 1418 1 0 1 "Arrest"
0 145 37 259 171 1419 1 0 1 "Arrest"
0 145 37 259 171 1420 1 0 1 "Arrest"
0 145 37 259 171 1421 1 0 1 "Arrest"
0 145 37 259 171 1422 1 0 1 "Arrest"
0 145 37 259 171 1423 1 0 1 "Arrest"
0 145 37 259 171 1424 1 0 1 "Arrest"
0 145 37 259 171 1425 1 0 1 "Arrest"
0 145 37 259 171 1426 1 0 1 "Arrest"
0 145 37 259 171 1427 1 0 1 "Arrest"
0 145 37 259 171 1428 1 0 1 "Arrest"
0 145 37 259 171 1429 1 0 1 "Arrest"
0 145 37 259 171 1430 1 0 1 "Arrest"
0 145 37 259 171 1431 1 0 1 "Arrest"
0 145 37 259 171 1432 1 0 1 "Arrest"
0 145 37 259 171 1433 1 0 1 "Arrest"
0 145 37 259 171 1434 1 0 1 "Arrest"
0 145 37 259 171 1435 1 0 1 "Arrest"
0 145 37 259 171 1436 1 0 1 "Arrest"
0 145 37 259 171 1437 1 0 1 "Arrest"
0 145 37 259 171 1438 1 0 1 "Arrest"
0 145 37 259 171 1439 1 0 1 "Arrest"
0 145 37 259 171 1440 1 0 1 "Arrest"
0 145 37 259 171 1441 1 0 1 "Arrest"
0 145 37 259 171 1442 1 0 1 "Arrest"
0 145 37 259 171 1443 1 0 1 "Arrest"
0 145 37 259 171 1444 1 0 1 "Arrest"
0 145 37 259 171 1445 1 0 1 "Arrest"
0 145 37 259 171 1446 1 0 1 "Arrest"
0 145 37 259 171 1447 1 0 1 "Arrest"
0 145 37 259 171 1448 1 0 1 "Arrest"
0 145 37 259 171 1449 1 0 1 "Arrest"
0 145 37 259 171 1450 1 0 1 "Arrest"
0 145 37 259 171 1451 1 0 1 "Arrest"
0 145 37 259 171 1452 1 0 1 "Arrest"
0 145 37 259 171 1453 1 0 1 "Arrest"
0 145 37 259 171 1454 1 0 1 "Arrest"
0 145 37 259 171 1455 1 0 1 "Arrest"
0 145 37 259 171 1456 1 0 1 "Arrest"
0 145 37 259 171 1457 1 0 1 "Arrest"
0 145 37 259 171 1458 1 0 1 "Arrest"
0 145 37 259 171 1459 1 0 1 "Arrest"
0 145 37 259 171 1460 1 0 1 "Arrest"
0 145 37 259 171 1461 1 0 1 "Arrest"
0 145 37 259 171 1462 1 0 1 "Arrest"
0 145 37 259 171 1463 1 0 1 "Arrest"
0 145 37 259 171 1464 1 0 1 "Arrest"
0 145 37 259 171 1465 1 0 1 "Arrest"
0 145 37 259 171 1466 1 0 1 "Arrest"
0 145 37 259 171 1467 1 0 1 "Arrest"
0 145 37 259 171 1468 1 0 1 "Arrest"
0 145 37 259 171 1469 1 0 1 "Arrest"
0 145 37 259 171 1470 1 0 1 "Arrest"
0 145 37 259 171 1471 1 0 1 "Arrest"
0 145 37 259 171 1472 1 0 1 "Arrest"
0 145 37 259 171 1473 1 0 1 "Arrest"
0 145 37 259 171 1474 1 0 1 "Arrest"
0 145 37 259 171 1475 1 0 1 "Arrest"
0 145 37 259 171 1476 1 0 1 "Arrest"
0 145 37 259 171 1477 1 0 1 "Arrest"
0 145 37 259 171 1478 1 0 1 "Arrest"
0 145 37 259 171 1479 1 0 1 "Arrest"
0 145 37 259 171 1480 1 0 1 "Arrest"
0 145 37 259 171 1481 1 0 1 "Arrest"
0 145 37 259 171 1482 1 0 1 "Arrest"
0 145 37 259 171 1483 1 0 1 "Arrest"
0 145 37 259 171 1484 1 0 1 "Arrest"
0 145 37 259 171 1485 1 0 1 "Arrest"
0 145 37 259 171 1486 1 0 1 "Arrest"
0 145 37 259 171 1487 1 0 1 "Arrest"
0 145 37 259 171 1488 1 0 1 "Arrest"
0 145 37 259 171 1489 1 0 1 "Arrest"
0 145 37 259 171 1490 1 0 1 "Arrest"
0 145 37 259 171 1491 1 0 1 "Arrest"
0 145 37 259 171 1492 1 0 1 "Arrest"
0 145 37 259 171 1493 1 0 1 "Arrest"
0 145 37 259 171 1494 1 0 1 "Arrest"
0 145 37 259 171 1495 1 0 1 "Arrest"
0 145 37 259 171 1496 1 0 1 "Arrest"
0 145 37 259 171 1497 1 0 1 "Arrest"
0 145 37 259 171 1498 1 0 1 "Arrest"
0 145 37 259 171 1499 1 0 1 "Arrest"
0 145 37 259 171 1500 1 0 1 "Arrest"
0 145 37 259 171 1501 1 0 1 "Arrest"
0 145 37 259 171 1502 1 0 1 "Arrest"
0 145 37 259 171 1503 1 0 1 "Arrest"
0 145 37 259 171 1504 1 0 1 "Arrest"
0 145 37 259 171 1505 1 0 1 "Arrest"
0 145 37 259 171 1506 1 0 1 "Arrest"
0 145 37 259 171 1507 1 0 1 "Arrest"
0 145 37 259 171 1508 1 0 1 "Arrest"
0 145 37 259 171 1509 1 0 1 "Arrest"
0 145 37 259 171 1510 1 0 1 "Arrest"
0 145 37 259 171 1511 1 0 1 "Arrest"
0 145 37 259 171 1512 1 0 1 "Arrest"
0 145 37 259 171 1513 1 0 1 "Arrest"
0 145 37 259 171 1514 1 0 1 "Arrest"
0 145 37 259 171 1515 1 0 1 "Arrest"
0 145 37 259 171 1516 1 0 1 "Arrest"
0 145 37 259 171 1517 1 0 1 "Arrest"
0 145 37 259 171 1518 1 0 1 "Arrest"
0 145 37 259 171 1519 1 0 1 "Arrest"
0 145 37 259 171 1520 1 0 1 "Arrest"
0 145 37 259 171 1521 1 0 1 "Arrest"
0 145 37 259 171 1522 1 0 1 "Arrest"
0 145 37 259 171 1523 1 0 1 "Arrest"
0 145 37 259 171 1524 1 0 1 "Arrest"
0 145 37 259 171 1525 1 0 1 "Arrest"
0 145 37 259 171 1526 1 0 1 "Arrest"
0 145 37 259 171 1527 1 0 1 "Arrest"
0 145 37 259 171 1528 1 0 1 "Arrest"
0 145 37 259 171 1529 1 0 1 "Arrest"
0 145 37 259 171 1530 1 0 1 "Arrest"
0 145 37 259 171 1531 1 0 1 "Arrest"
0 145 37 259 171 1532 1 0 1 "Arrest"
0 145 37 259 171 1533 1 0 1 "Arrest"
0 145 37 259 171 1534 1 0 1 "Arrest"
0 145 37 259 171 1535 1 0 1 "Arrest"
0 145 37 259 171 1536 1 0 1 "Arrest"
0 145 37 259 171 1537 1 0 1 "Arrest"
0 145 37 259 171 1538 1 0 1 "Arrest"
0 145 37 259 171 1539 1 0 1 "Arrest"
0 145 37 259 171 1540 1 0 1 "Arrest"
0 145 37 259 171 1541 1 0 1 "Arrest"
0 145 37 259 171 1542 1 0 1 "Arrest"
0 145 37 259 171 1543 1 0 1 "Arrest"
0 145 37 259 171 1544 1 0 1 "Arrest"
0 145 37 259 171 1545 1 0 1 "Arrest"
0 145 37 259 171 1546 1 0 1 "Arrest"
0 145 37 259 171 1547 1 0 1 "Arrest"
0 145 37 259 171 1548 1 0 1 "Arrest"
0 145 37 259 171 1549 1 0 1 "Arrest"
0 145 37 259 171 1550 1 0 1 "Arrest"
0 145 37 259 171 1551 1 0 1 "Arrest"
0 145 37 259 171 1552 1 0 1 "Arrest"
0 145 37 259 171 1553 1 0 1 "Arrest"
0 145 37 259 171 1554 1 0 1 "Arrest"
0 145 37 259 171 1555 1 0 1 "Arrest"
0 145 37 259 171 1556 1 0 1 "Arrest"
0 145 37 259 171 1557 1 0 1 "Arrest"
0 145 37 259 171 1558 1 0 1 "Arrest"
0 145 37 259 171 1559 1 0 1 "Arrest"
0 145 37 259 171 1560 1 0 1 "Arrest"
0 145 37 259 171 1561 1 0 1 "Arrest"
0 145 37 259 171 1562 1 0 1 "Arrest"
0 145 37 259 171 1563 1 0 1 "Arrest"
0 145 37 259 171 1564 1 0 1 "Arrest"
0 145 37 259 171 1565 1 0 1 "Arrest"
0 145 37 259 171 1566 1 0 1 "Arrest"
0 145 37 259 171 1567 1 0 1 "Arrest"
0 145 37 259 171 1568 1 0 1 "Arrest"
0 145 37 259 171 1569 1 0 1 "Arrest"
0 145 37 259 171 1570 1 0 1 "Arrest"
0 145 37 259 171 1571 1 0 1 "Arrest"
0 145 37 259 171 1572 1 0 1 "Arrest"
0 145 37 259 171 1573 1 0 1 "Arrest"
0 145 37 259 171 1574 1 0 1 "Arrest"
0 145 37 259 171 1575 1 0 1 "Arrest"
0 145 37 259 171 1576 1 0 1 "Arrest"
0 145 37 259 171 1577 1 0 1 "Arrest"
0 145 37 259 171 1578 1 0 1 "Arrest"
0 145 37 259 171 1579 1 0 1 "Arrest"
0 145 37 259 171 1580 1 0 1 "Arrest"
0 145 37 259 171 1581 1 0 1 "Arrest"
0 145 37 259 171 1582 1 0 1 "Arrest"
0 145 37 259 171 1583 1 0 1 "Arrest"
0 145 37 259 171 1584 1 0 1 "Arrest"
0 145 37 259 171 1585 1 0 1 "Arrest"
0 145 37 259 171 1586 1 0 1 "Arrest"
0 145 37 259 171 1587 1 0 1 "Arrest"
0 145 37 259 171 1588 1 0 1 "Arrest"
0 145 37 259 171 1589 1 0 1 "Arrest"
0 145 37 259 171 1590 1 0 1 "Arrest"
0 145 37 259 171 1591 1 0 1 "Arrest"
0 145 37 259 171 1592 1 0 1 "Arrest"
0 145 37 259 171 1593 1 0 1 "Arrest"
0 145 37 259 171 1594 1 0 1 "Arrest"
0 145 37 259 171 1595 1 0 1 "Arrest"
0 145 37 259 171 1596 1 0 1 "Arrest"
0 145 37 259 171 1597 1 0 1 "Arrest"
0 145 37 259 171 1598 1 0 1 "Arrest"
0 145 37 259 171 1599 1 0 1 "Arrest"
0 145 37 259 171 1600 1 0 1 "Arrest"
0 145 37 259 171 1601 1 0 1 "Arrest"
0 145 37 259 171 1602 1 0 1 "Arrest"
0 145 37 259 171 1603 1 0 1 "Arrest"
0 145 37 259 171 1604 1 0 1 "Arrest"
0 145 37 259 171 1605 1 0 1 "Arrest"
0 145 37 259 171 1606 1 0 1 "Arrest"
0 145 37 259 171 1607 1 0 1 "Arrest"
0 145 37 259 171 1608 1 0 1 "Arrest"
0 145 37 259 171 1609 1 0 1 "Arrest"
0 145 37 259 171 1610 1 0 1 "Arrest"
0 145 37 259 171 1611 1 0 1 "Arrest"
0 145 37 259 171 1612 1 0 1 "Arrest"
0 145 37 259 171 1613 1 0 1 "Arrest"
0 145 37 259 171 1614 1 0 1 "Arrest"
0 145 37 259 171 1615 1 0 1 "Arrest"
0 145 37 259 171 1616 1 0 1 "Arrest"
0 145 37 259 171 1617 1 0 1 "Arrest"
0 145 37 259 171 1618 1 0 1 "Arrest"
0 145 37 259 171 1619 1 0 1 "Arrest"
0 145 37 259 171 1620 1 0 1 "Arrest"
0 145 37 259 171 1621 1 0 1 "Arrest"
0 145 37 259 171 1622 1 0 1 "Arrest"
0 145 37 259 171 1623 1 0 1 "Arrest"
0 145 37 259 171 1624 1 0 1 "Arrest"
0 145 37 259 171 1625 1 0 1 "Arrest"
0 145 37 259 171 1626 1 0 1 "Arrest"
0 145 37 259 171 1627 1 0 1 "Arrest"
0 145 37 259 171 1628 1 0 1 "Arrest"
0 145 37 259 171 1629 1 0 1 "Arrest"
0 145 37 259 171 1630 1 0 1 "Arrest"
0 145 37 259 171 1631 1 0 1 "Arrest"
0 145 37 259 171 1632 1 0 1 "Arrest"
0 145 37 259 171 1633 1 0 1 "Arrest"
0 145 37 259 171 1634 1 0 1 "Arrest"
0 145 37 259 171 1635 1 0 1 "Arrest"
0 145 37 259 171 1636 1 0 1 "Arrest"
0 145 37 259 171 1637 1 0 1 "Arrest"
0 145 37 259 171 1638 1 0 1 "Arrest"
0 145 37 259 171 1639 1 0 1 "Arrest"
0 145 37 259 171 1640 1 0 1 "Arrest"
0 145 37 259 171 1641 1 0 1 "Arrest"
0 145 37 259 171 1642 1 0 1 "Arrest"
0 145 37 259 171 1643 1 0 1 "Arrest"
0 145 37 259 171 1644 1 0 1 "Arrest"
0 145 37 259 171 1645 1 0 1 "Arrest"
0 145 37 259 171 1646 1 0 1 "Arrest"
0 145 37 259 171 1647 1 0 1 "Arrest"
0 145 37 259 171 1648 1 0 1 "Arrest"
0 145 37 259 171 1649 1 0 1 "Arrest"
0 145 37 259 171 1650 1 0 1 "Arrest"
0 145 37 259 171 1651 1 0 1 "Arrest"
0 145 37 259 171 1652 1 0 1 "Arrest"
0 145 37 259 171 1653 1 0 1 "Arrest"
0 145 37 259 171 1654 1 0 1 "Arrest"
0 145 37 259 171 1655 1 0 1 "Arrest"
0 145 37 259 171 1656 1 0 1 "Arrest"
0 145 37 259 171 1657 1 0 1 "Arrest"
0 145 37 259 171 1658 1 0 1 "Arrest"
0 145 37 259 171 1659 1 0 1 "Arrest"
0 145 37 259 171 1660 1 0 1 "Arrest"
0 145 37 259 171 1661 1 0 1 "Arrest"
0 145 37 259 171 1662 1 0 1 "Arrest"
0 145 37 259 171 1663 1 0 1 "Arrest"
0 145 37 259 171 1664 1 0 1 "Arrest"
0 145 37 259 171 1665 1 0 1 "Arrest"
0 145 37 259 171 1666 1 0 1 "Arrest"
0 145 37 259 171 1667 1 0 1 "Arrest"
0 145 37 259 171 1668 1 0 1 "Arrest"
0 145 37 259 171 1669 1 0 1 "Arrest"
0 145 37 259 171 1670 1 0 1 "Arrest"
0 145 37 259 171 1671 1 0 1 "Arrest"
0 145 37 259 171 1672 1 0 1 "Arrest"
0 145 37 259 171 1673 1 0 1 "Arrest"
0 145 37 259 171 1674 1 0 1 "Arrest"
0 145 37 259 171 1675 1 0 1 "Arrest"
0 145 37 259 171 1676 1 0 1 "Arrest"
0 145 37 259 171 1677 1 0 1 "Arrest"
0 145 37 259 171 1678 1 0 1 "Arrest"
0 145 37 259 171 1679 1 0 1 "Arrest"
0 145 37 259 171 1680 1 0 1 "Arrest"
0 145 37 259 171 1681 1 0 1 "Arrest"
0 145 37 259 171 1682 1 0 1 "Arrest"
0 145 37 259 171 1683 1 0 1 "Arrest"
0 145 37 259 171 1684 1 0 1 "Arrest"
0 145 37 259 171 1685 1 0 1 "Arrest"
0 145 37 259 171 1686 1 0 1 "Arrest"
0 145 37 259 171 1687 1 0 1 "Arrest"
0 145 37 259 171 1688 1 0 1 "Arrest"
0 145 37 259 171 1689 1 0 1 "Arrest"
0 145 37 259 171 1690 1 0 1 "Arrest"
0 145 37 259 171 1691 1 0 1 "Arrest"
0 145 37 259 171 1692 1 0 1 "Arrest"
0 145 37 259 171 1693 1 0 1 "Arrest"
0 145 37 259 171 1694 1 0 1 "Arrest"
0 145 37 259 171 1695 1 0 1 "Arrest"
0 145 37 259 171 1696 1 0 1 "Arrest"
0 145 37 259 171 1697 1 0 1 "Arrest"
0 145 37 259 171 1698 1 0 1 "Arrest"
0 145 37 259 171 1699 1 0 1 "Arrest"
0 145 37 259 171 1700 1 0 1 "Arrest"
0 145 37 259 171 1701 1 0 1 "Arrest"
0 145 37 259 171 1702 1 0 1 "Arrest"
0 145 37 259 171 1703 1 0 1 "Arrest"
0 145 37 259 171 1704 1 0 1 "Arrest"
0 145 37 259 171 1705 1 0 1 "Arrest"
0 145 37 259 171 1706 1 0 1 "Arrest"
0 145 37 259 171 1707 1 0 1 "Arrest"
0 145 37 259 171 1708 1 0 1 "Arrest"
0 145 37 259 171 1709 1 0 1 "Arrest"
0 145 37 259 171 1710 1 0 1 "Arrest"
0 145 37 259 171 1711 1 0 1 "Arrest"
0 145 37 259 171 1712 1 0 1 "Arrest"
0 145 37 259 171 1713 1 0 1 "Arrest"
0 145 37 259 171 1714 1 0 1 "Arrest"
0 145 37 259 171 1715 1 0 1 "Arrest"
0 145 37 259 171 1716 1 0 1 "Arrest"
0 145 37 259 171 1717 1 0 1 "Arrest"
0 145 37 259 171 1718 1 0 1 "Arrest"
0 145 37 259 171 1719 1 0 1 "Arrest"
0 145 37 259 171 1720 1 0 1 "Arrest"
0 145 37 259 171 1721 1 0 1 "Arrest"
0 145 37 259 171 1722 1 0 1 "Arrest"
0 145 37 259 171 1723 1 0 1 "Arrest"
0 145 37 259 171 1724 1 0 1 "Arrest"
0 145 37 259 171 1725 1 0 1 "Arrest"
0 145 37 259 171 1726 1 0 1 "Arrest"
0 145 37 259 171 1727 1 0 1 "Arrest"
0 145 37 259 171 1728 1 0 1 "Arrest"
0 145 37 259 171 1729 1 0 1 "Arrest"
0 145 37 259 171 1730 1 0 1 "Arrest"
0 145 37 259 171 1731 1 0 1 "Arrest"
0 145 37 259 171 1732 1 0 1 "Arrest"
0 145 37 259 171 1733 1 0 1 "Arrest"
0 145 37 259 171 1734 1 0 1 "Arrest"
0 145 37 259 171 1735 1 0 1 "Arrest"
0 145 37 259 171 1736 1 0 1 "Arrest"
0 145 37 259 171 1737 1 0 1 "Arrest"
0 145 37 259 171 1738 1 0 1 "Arrest"
0 145 37 259 171 1739 1 0 1 "Arrest"
0 145 37 259 171 1740 1 0 1 "Arrest"
0 145 37 259 171 1741 1 0 1 "Arrest"
0 145 37 259 171 1742 1 0 1 "Arrest"
0 145 37 259 171 1743 1 0 1 "Arrest"
0 145 37 259 171 1744 1 0 1 "Arrest"
0 145 37 259 171 1745 1 0 1 "Arrest"
0 145 37 259 171 1746 1 0 1 "Arrest"
0 145 37 259 171 1747 1 0 1 "Arrest"
0 145 37 259 171 1748 1 0 1 "Arrest"
0 145 37 259 171 1749 1 0 1 "Arrest"
0 145 37 259 171 1750 1 0 1 "Arrest"
0 145 37 259 171 1751 1 0 1 "Arrest"
0 145 37 259 171 1752 1 0 1 "Arrest"
0 145 37 259 171 1753 1 0 1 "Arrest"
0 145 37 259 171 1754 1 0 1 "Arrest"
0 145 37 259 171 1755 1 0 1 "Arrest"
0 145 37 259 171 1756 1 0 1 "Arrest"
0 145 37 259 171 1757 1 0 1 "Arrest"
0 145 37 259 171 1758 1 0 1 "Arrest"
0 145 37 259 171 1759 1 0 1 "Arrest"
0 145 37 259 171 1760 1 0 1 "Arrest"
0 145 37 259 171 1761 1 0 1 "Arrest"
0 145 37 259 171 1762 1 0 1 "Arrest"
0 145 37 259 171 1763 1 0 1 "Arrest"
0 145 37 259 171 1764 1 0 1 "Arrest"
0 145 37 259 171 1765 1 0 1 "Arrest"
0 145 37 259 171 1766 1 0 1 "Arrest"
0 145 37 259 171 1767 1 0 1 "Arrest"
0 145 37 259 171 1768 1 0 1 "Arrest"
0 145 37 259 171 1769 1 0 1 "Arrest"
0 145 37 259 171 1770 1 0 1 "Arrest"
0 145 37 259 171 1771 1 0 1 "Arrest"
0 145 37 259 171 1772 1 0 1 "Arrest"
0 145 37 259 171 1773 1 0 1 "Arrest"
0 145 37 259 171 1774 1 0 1 "Arrest"
0 145 37 259 171 1775 1 0 1 "Arrest"
0 145 37 259 171 1776 1 0 1 "Arrest"
0 145 37 259 171 1777 1 0 1 "Arrest"
0 145 37 259 171 1778 1 0 1 "Arrest"
0 145 37 259 171 1779 1 0 1 "Arrest"
0 145 37 259 171 1780 1 0 1 "Arrest"
0 145 37 259 171 1781 1 0 1 "Arrest"
0 145 37 259 171 1782 1 0 1 "Arrest"
0 145 37 259 171 1783 1 0 1 "Arrest"
0 145 37 259 171 1784 1 0 1 "Arrest"
0 145 37 259 171 1785 1 0 1 "Arrest"
0 145 37 259 171 1786 1 0 1 "Arrest"
0 145 37 259 171 1787 1 0 1 "Arrest"
0 145 37 259 171 1788 1 0 1 "Arrest"
0 145 37 259 171 1789 1 0 1 "Arrest"
0 145 37 259 171 1790 1 0 1 "Arrest"
0 145 37 259 171 1791 1 0 1 "Arrest"
0 145 37 259 171 1792 1 0 1 "Arrest"
0 145 37 259 171 1793 1 0 1 "Arrest"
0 145 37 259 171 1794 1 0 1 "Arrest"
0 145 37 259 171 1795 1 0 1 "Arrest"
0 145 37 259 171 1796 1 0 1 "Arrest"
0 145 37 259 171 1797 1 0 1 "Arrest"
0 145 37 259 171 1798 1 0 1 "Arrest"
0 145 37 259 171 1799 1 0 1 "Arrest"
0 145 37 259 171 1800 1 0 1 "Arrest"
0 145 37 259 171 1801 1 0 1 "Arrest"
0 145 37 259 171 1802 1 0 1 "Arrest"
0 145 37 259 171 1803 1 0 1 "Arrest"
0 145 37 259 171 1804 1 0 1 "Arrest"
0 145 37 259 171 1805 1 0 1 "Arrest"
0 145 37 259 171 1806 1 0 1 "Arrest"
0 145 37 259 171 1807 1 0 1 "Arrest"
0 145 37 259 171 1808 1 0 1 "Arrest"
0 145 37 259 171 1809 1 0 1 "Arrest"
0 145 37 259 171 1810 1 0 1 "Arrest"
0 145 37 259 171 1811 1 0 1 "Arrest"
0 145 37 259 171 1812 1 0 1 "Arrest"
0 145 37 259 171 1813 1 0 1 "Arrest"
0 145 37 259 171 1814 1 0 1 "Arrest"
0 145 37 259 171 1815 1 0 1 "Arrest"
0 145 37 259 171 1816 1 0 1 "Arrest"
0 145 37 259 171 1817 1 0 1 "Arrest"
0 145 37 259 171 1818 1 0 1 "Arrest"
0 145 37 259 171 1819 1 0 1 "Arrest"
0 145 37 259 171 1820 1 0 1 "Arrest"
0 145 37 259 171 1821 1 0 1 "Arrest"
0 145 37 259 171 1822 1 0 1 "Arrest"
0 145 37 259 171 1823 1 0 1 "Arrest"
0 145 37 259 171 1824 1 0 1 "Arrest"
0 145 37 259 171 1825 1 0 1 "Arrest"
0 145 37 259 171 1826 1 0 1 "Arrest"
0 145 37 259 171 1827 1 0 1 "Arrest"
0 145 37 259 171 1828 1 0 1 "Arrest"
0 145 37 259 171 1829 1 0 1 "Arrest"
0 145 37 259 171 1830 1 0 1 "Arrest"
0 145 37 259 171 1831 1 0 1 "Arrest"
0 145 37 259 171 1832 1 0 1 "Arrest"
0 145 37 259 171 1833 1 0 1 "Arrest"
0 145 37 259 171 1834 1 0 1 "Arrest"
0 145 37 259 171 1835 1 0 1 "Arrest"
0 145 37 259 171 1836 1 0 1 "Arrest"
0 145 37 259 171 1837 1 0 1 "Arrest"
0 145 37 259 171 1838 1 0 1 "Arrest"
0 145 37 259 171 1839 1 0 1 "Arrest"
0 145 37 259 171 1840 1 0 1 "Arrest"
0 145 37 259 171 1841 1 0 1 "Arrest"
0 145 37 259 171 1842 1 0 1 "Arrest"
0 145 37 259 171 1843 1 0 1 "Arrest"
0 145 37 259 171 1844 1 0 1 "Arrest"
0 145 37 259 171 1845 1 0 1 "Arrest"
0 145 37 259 171 1846 1 0 1 "Arrest"
0 145 37 259 171 1847 1 0 1 "Arrest"
0 145 37 259 171 1848 1 0 1 "Arrest"
0 145 37 259 171 1849 1 0 1 "Arrest"
0 145 37 259 171 1850 1 0 1 "Arrest"
0 145 37 259 171 1851 1 0 1 "Arrest"
0 145 37 259 171 1852 1 0 1 "Arrest"
0 145 37 259 171 1853 1 0 1 "Arrest"
0 145 37 259 171 1854 1 0 1 "Arrest"
0 145 37 259 171 1855 1 0 1 "Arrest"
0 145 37 259 171 1856 1 0 1 "Arrest"
0 145 37 259 171 1857 1 0 1 "Arrest"
0 145 37 259 171 1858 1 0 1 "Arrest"
0 145 37 259 171 1859 1 0 1 "Arrest"
0 145 37 259 171 1860 1 0 1 "Arrest"
0 145 37 259 171 1861 1 0 1 "Arrest"
0 145 37 259 171 1862 1 0 1 "Arrest"
0 145 37 259 171 1863 1 0 1 "Arrest"
0 145 37 259 171 1864 1 0 1 "Arrest"
0 145 37 259 171 1865 1 0 1 "Arrest"
0 145 37 259 171 1866 1 0 1 "Arrest"
0 145 37 259 171 1867 1 0 1 "Arrest"
0 145 37 259 171 1868 1 0 1 "Arrest"
0 145 37 259 171 1869 1 0 1 "Arrest"
0 145 37 259 171 1870 1 0 1 "Arrest"
0 145 37 259 171 1871 1 0 1 "Arrest"
0 145 37 259 171 1872 1 0 1 "Arrest"
0 145 37 259 171 1873 1 0 1 "Arrest"
0 145 37 259 171 1874 1 0 1 "Arrest"
0 145 37 259 171 1875 1 0 1 "Arrest"
0 145 37 259 171 1876 1 0 1 "Arrest"
0 145 37 259 171 1877 1 0 1 "Arrest"
0 145 37 259 171 1878 1 0 1 "Arrest"
0 145 37 259 171 1879 1 0 1 "Arrest"
0 145 37 259 171 1880 1 0 1 "Arrest"
0 145 37 259 171 1881 1 0 1 "Arrest"
0 145 37 259 171 1882 1 0 1 "Arrest"
0 145 37 259 171 1883 1 0 1 "Arrest"
0 145 37 259 171 1884 1 0 1 "Arrest"
0 145 37 259 171 1885 1 0 1 "Arrest"
0 145 37 259 171 1886 1 0 1 "Arrest"
0 145 37 259 171 1887 1 0 1 "Arrest"
0 145 37 259 171 1888 1 0 1 "Arrest"
0 145 37 259 171 1889 1 0 1 "Arrest"
0 145 37 259 171 1890 1 0 1 "Arrest"
0 145 37 259 171 1891 1 0 1 "Arrest"
0 145 37 259 171 1892 1 0 1 "Arrest"
0 145 37 259 171 1893 1 0 1 "Arrest"
0 145 37 259 171 1894 1 0 1 "Arrest"
0 145 37 259 171 1895 1 0 1 "Arrest"
0 145 37 259 171 1896 1 0 1 "Arrest"
0 145 37 259 171 1897 1 0 1 "Arrest"
0 145 37 259 171 1898 1 0 1 "Arrest"
0 145 37 259 171 1899 1 0 1 "Arrest"
0 145 37 259 171 1900 1 0 1 "Arrest"
0 145 37 259 171 1901 1 0 1 "Arrest"
0 145 37 259 171 1902 1 0 1 "Arrest"
0 145 37 259 171 1903 1 0 1 "Arrest"
0 145 37 259 171 1904 1 0 1 "Arrest"
0 145 37 259 171 1905 1 0 1 "Arrest"
0 145 37 259 171 1906 1 0 1 "Arrest"
0 145 37 259 171 1907 1 0 1 "Arrest"
0 145 37 259 171 1908 1 0 1 "Arrest"
0 145 37 259 171 1909 1 0 1 "Arrest"
0 145 37 259 171 1910 1 0 1 "Arrest"
0 145 37 259 171 1911 1 0 1 "Arrest"
0 145 37 259 171 1912 1 0 1 "Arrest"
0 145 37 259 171 1913 1 0 1 "Arrest"
0 145 37 259 171 1914 1 0 1 "Arrest"
0 145 37 259 171 1915 1 0 1 "Arrest"
0 145 37 259 171 1916 1 0 1 "Arrest"
0 145 37 259 171 1917 1 0 1 "Arrest"
0 145 37 259 171 1918 1 0 1 "Arrest"
0 145 37 259 171 1919 1 0 1 "Arrest"
0 145 37 259 171 1920 1 0 1 "Arrest"
0 145 37 259 171 1921 1 0 1 "Arrest"
0 145 37 259 171 1922 1 0 1 "Arrest"
0 145 37 259 171 1923 1 0 1 "Arrest"
0 145 37 259 171 1924 1 0 1 "Arrest"
0 145 37 259 171 1925 1 0 1 "Arrest"
0 145 37 259 171 1926 1 0 1 "Arrest"
0 145 37 259 171 1927 1 0 1 "Arrest"
0 145 37 259 171 1928 1 0 1 "Arrest"
0 145 37 259 171 1929 1 0 1 "Arrest"
0 145 37 259 171 1930 1 0 1 "Arrest"
0 145 37 259 171 1931 1 0 1 "Arrest"
0 145 37 259 171 1932 1 0 1 "Arrest"
0 145 37 259 171 1933 1 0 1 "Arrest"
0 145 37 259 171 1934 1 0 1 "Arrest"
0 145 37 259 171 1935 1 0 1 "Arrest"
0 145 37 259 171 1936 1 0 1 "Arrest"
0 145 37 259 171 1937 1 0 1 "Arrest"
0 145 37 259 171 1938 1 0 1 "Arrest"
0 145 37 259 171 1939 1 0 1 "Arrest"
0 145 37 259 171 1940 1 0 1 "Arrest"
0 145 37 259 171 1941 1 0 1 "Arrest"
0 145 37 259 171 1942 1 0 1 "Arrest"
0 145 37 259 171 1943 1 0 1 "Arrest"
0 145 37 259 171 1944 1 0 1 "Arrest"
0 145 37 259 171 1945 1 0 1 "Arrest"
0 145 37 259 171 1946 1 0 1 "Arrest"
0 145 37 259 171 1947 1 0 1 "Arrest"
0 145 37 259 171 1948 1 0 1 "Arrest"
0 145 37 259 171 1949 1 0 1 "Arrest"
0 145 37 259 171 1950 1 0 1 "Arrest"
0 145 37 259 171 1951 1 0 1 "Arrest"
0 145 37 259 171 1952 1 0 1 "Arrest"
0 145 37 259 171 1953 1 0 1 "Arrest"
0 145 37 259 171 1954 1 0 1 "Arrest"
0 145 37 259 171 1955 1 0 1 "Arrest"
0 145 37 259 171 1956 1 0 1 "Arrest"
0 145 37 259 171 1957 1 0 1 "Arrest"
0 145 37 259 171 1958 1 0 1 "Arrest"
0 145 37 259 171 1959 1 0 1 "Arrest"
0 145 37 259 171 1960 1 0 1 "Arrest"
0 145 37 259 171 1961 1 0 1 "Arrest"
0 145 37 259 171 1962 1 0 1 "Arrest"
0 145 37 259 171 1963 1 0 1 "Arrest"
0 145 37 259 171 1964 1 0 1 "Arrest"
0 145 37 259 171 1965 1 0 1 "Arrest"
0 145 37 259 171 1966 1 0 1 "Arrest"
0 145 37 259 171 1967 1 0 1 "Arrest"
0 145 37 259 171 1968 1 0 1 "Arrest"
0 145 37 259 171 1969 1 0 1 "Arrest"
0 145 37 259 171 1970 1 0 1 "Arrest"
0 145 37 259 171 1971 1 0 1 "Arrest"
0 145 37 259 171 1972 1 0 1 "Arrest"
0 145 37 259 171 1973 1 0 1 "Arrest"
0 145 37 259 171 1974 1 0 1 "Arrest"
0 145 37 259 171 1975 1 0 1 "Arrest"
0 145 37 259 171 1976 1 0 1 "Arrest"
0 145 37 259 171 1977 1 0 1 "Arrest"
0 145 37 259 171 1978 1 0 1 "Arrest"
0 145 37 259 171 1979 1 0 1 "Arrest"
0 145 37 259 171 1980 1 0 1 "Arrest"
0 145 37 259 171 1981 1 0 1 "Arrest"
0 145 37 259 171 1982 1 0 1 "Arrest"
0 145 37 259 171 1983 1 0 1 "Arrest"
0 145 37 259 171 1984 1 0 1 "Arrest"
0 145 37 259 171 1985 1 0 1 "Arrest"
0 145 37 259 171 1986 1 0 1 "Arrest"
0 145 37 259 171 1987 1 0 1 "Arrest"
0 145 37 259 171 1988 1 0 1 "Arrest"
0 145 37 259 171 1989 1 0 1 "Arrest"
0 145 37 259 171 1990 1 0 1 "Arrest"
0 145 37 259 171 1991 1 0 1 "Arrest"
0 145 37 259 171 1992 1 0 1 "Arrest"
0 145 37 259 171 1993 1 0 1 "Arrest"
0 145 37 259 171 1994 1 0 1 "Arrest"
0 145 37 259 171 1995 1 0 1 "Arrest"
0 145 37 259 171 1996 1 0 1 "Arrest"
0 145 37 259 171 1997 1 0 1 "Arrest"
0 145 37 259 171 1998 1 0 1 "Arrest"
0 145 37 259 171 1999 1 0 1 "Arrest"
0 145 37 259 171 2000 1 0 1 "Arrest"
0 145 37 259 171 2001 1 0 1 "Arrest"
0 145 37 259 171 2002 1 0 1 "Arrest"
0 145 37 259 171 2003 1 0 1 "Arrest"
0 145 37 259 171 2004 1 0 1 "Arrest"
0 145 37 259 171 2005 1 0 1 "Arrest"
0 145 37 259 171 2006 1 0 1 "Arrest"
0 145 37 259 171 2007 1 0 1 "Arrest"
0 145 37 259 171 2008 1 0 1 "Arrest"
0 145 37 259 171 2009 1 0 1 "Arrest"
0 145 37 259 171 2010 1 0 1 "Arrest"
0 145 37 259 171 2011 1 0 1 "Arrest"
0 145 37 259 171 2012 1 0 1 "Arrest"
0 145 37 259 171 2013 1 0 1 "Arrest"
0 145 37 259 171 2014 1 0 1 "Arrest"
0 145 37 259 171 2015 1 0 1 "Arrest"
0 145 37 259 171 2016 1 0 1 "Arrest"
0 145 37 259 171 2017 1 0 1 "Arrest"
0 145 37 259 171 2018 1 0 1 "Arrest"
0 145 37 259 171 2019 1 0 1 "Arrest"
0 145 37 259 171 2020 1 0 1 "Arrest"
0 145 37 259 171 2021 1 0 1 "Arrest"
0 145 37 259 171 2022 1 0 1 "Arrest"
0 145 37 259 171 2023 1 0 1 "Arrest"
0 145 37 259 171 2024 1 0 1 "Arrest"
0 145 37 259 171 2025 1 0 1 "Arrest"
0 145 37 259 171 2026 1 0 1 "Arrest"
0 145 37 259 171 2027 1 0 1 "Arrest"
0 145 37 259 171 2028 1 0 1 "Arrest"
0 145 37 259 171 2029 1 0 1 "Arrest"
0 145 37 259 171 2030 1 0 1 "Arrest"
0 145 37 259 171 2031 1 0 1 "Arrest"
0 145 37 259 171 2032 1 0 1 "Arrest"
0 145 37 259 171 2033 1 0 1 "Arrest"
0 145 37 259 171 2034 1 0 1 "Arrest"
0 145 37 259 171 2035 1 0 1 "Arrest"
0 145 37 259 171 2036 1 0 1 "Arrest"
0 145 37 259 171 2037 1 0 1 "Arrest"
0 145 37 259 171 2038 1 0 1 "Arrest"
0 145 37 259 171 2039 1 0 1 "Arrest"
0 145 37 259 171 2040 1 0 1 "Arrest"
0 145 37 259 171 2041 1 0 1 "Arrest"
0 145 37 259 171 2042 1 0 1 "Arrest"
0 145 37 259 171 2043 1 0 1 "Arrest"
0 145 37 259 171 2044 1 0 1 "Arrest"
0 145 37 259 171 2045 1 0 1 "Arrest"
0 145 37 259 171 2046 1 0 1 "Arrest"
0 145 37 259 171 2047 1 0 1 "Arrest"
0 145 37 259 171 2048 1 0 1 "Arrest"
0 145 37 259 171 2049 1 0 1 "Arrest"
0 145 37 259 171 2050 1 0 1 "Arrest"
0 145 37 259 171 2051 1 0 1 "Arrest"
0 145 37 259 171 2052 1 0 1 "Arrest"
0 145 37 259 171 2053 1 0 1 "Arrest"
0 145 37 259 171 2054 1 0 1 "Arrest"
0 145 37 259 171 2055 1 0 1 "Arrest"
0 145 37 259 171 2056 1 0 1 "Arrest"
0 145 37 259 171 2057 1 0 1 "Arrest"
0 145 37 259 171 2058 1 0 1 "Arrest"
0 145 37 259 171 2059 1 0 1 "Arrest"
0 145 37 259 171 2060 1 0 1 "Arrest"
0 145 37 259 171 2061 1 0 1 "Arrest"
0 145 37 259 171 2062 1 0 1 "Arrest"
0 145 37 259 171 2063 1 0 1 "Arrest"
0 145 37 259 171 2064 1 0 1 "Arrest"
0 145 37 259 171 2065 1 0 1 "Arrest"
0 145 37 259 171 2066 1 0 1 "Arrest"
0 145 37 259 171 2067 1 0 1 "Arrest"
0 145 37 259 171 2068 1 0 1 "Arrest"
0 145 37 259 171 2069 1 0 1 "Arrest"
0 145 37 259 171 2070 1 0 1 "Arrest"
0 145 37 259 171 2071 1 0 1 "Arrest"
0 145 37 259 171 2072 1 0 1 "Arrest"
0 145 37 259 171 2073 1 0 1 "Arrest"
0 145 37 259 171 2074 1 0 1 "Arrest"
0 145 37 259 171 2075 1 0 1 "Arrest"
0 145 37 259 171 2076 1 0 1 "Arrest"
0 145 37 259 171 2077 1 0 1 "Arrest"
0 145 37 259 171 2078 1 0 1 "Arrest"
0 145 37 259 171 2079 1 0 1 "Arrest"
0 145 37 259 171 2080 1 0 1 "Arrest"
0 145 37 259 171 2081 1 0 1 "Arrest"
0 145 37 259 171 2082 1 0 1 "Arrest"
0 145 37 259 171 2083 1 0 1 "Arrest"
0 145 37 259 171 2084 1 0 1 "Arrest"
0 145 37 259 171 2085 1 0 1 "Arrest"
0 145 37 259 171 2086 1 0 1 "Arrest"
0 145 37 259 171 2087 1 0 1 "Arrest"
0 145 37 259 171 2088 1 0 1 "Arrest"
0 145 37 259 171 2089 1 0 1 "Arrest"
0 145 37 259 171 2090 1 0 1 "Arrest"
0 145 37 259 171 2091 1 0 1 "Arrest"
0 145 37 259 171 2092 1 0 1 "Arrest"
0 145 37 259 171 2093 1 0 1 "Arrest"
0 145 37 259 171 2094 1 0 1 "Arrest"
0 145 37 259 171 2095 1 0 1 "Arrest"
0 145 37 259 171 2096 1 0 1 "Arrest"
0 145 37 259 171 2097 1 0 1 "Arrest"
0 145 37 259 171 2098 1 0 1 "Arrest"
0 145 37 259 171 2099 1 0 1 "Arrest"
0 145 37 259 171 2100 1 0 1 "Arrest"
0 145 37 259 171 2101 1 0 1 "Arrest"
0 145 37 259 171 2102 1 0 1 "Arrest"
0 145 37 259 171 2103 1 0 1 "Arrest"
0 145 37 259 171 2104 1 0 1 "Arrest"
0 145 37 259 171 2105 1 0 1 "Arrest"
0 145 37 259 171 2106 1 0 1 "Arrest"
0 145 37 259 171 2107 1 0 1 "Arrest"
0 145 37 259 171 2108 1 0 1 "Arrest"
0 145 37 259 171 2109 1 0 1 "Arrest"
0 145 37 259 171 2110 1 0 1 "Arrest"
0 145 37 259 171 2111 1 0 1 "Arrest"
0 145 37 259 171 2112 1 0 1 "Arrest"
0 145 37 259 171 2113 1 0 1 "Arrest"
0 145 37 259 171 2114 1 0 1 "Arrest"
0 145 37 259 171 2115 1 0 1 "Arrest"
0 145 37 259 171 2116 1 0 1 "Arrest"
0 145 37 259 171 2117 1 0 1 "Arrest"
0 145 37 259 171 2118 1 0 1 "Arrest"
0 145 37 259 171 2119 1 0 1 "Arrest"
0 145 37 259 171 2120 1 0 1 "Arrest"
0 145 37 259 171 2121 1 0 1 "Arrest"
0 145 37 259 171 2122 1 0 1 "Arrest"
0 145 37 259 171 2123 1 0 1 "Arrest"
0 145 37 259 171 2124 1 0 1 "Arrest"
0 145 37 259 171 2125 1 0 1 "Arrest"
0 145 37 259 171 2126 1 0 1 "Arrest"
0 145 37 259 171 2127 1 0 1 "Arrest"
0 145 37 259 171 2128 1 0 1 "Arrest"
0 145 37 259 171 2129 1 0 1 "Arrest"
0 145 37 259 171 2130 1 0 1 "Arrest"
0 145 37 259 171 2131 1 0 1 "Arrest"
0 145 37 259 171 2132 1 0 1 "Arrest"
0 145 37 259 171 2133 1 0 1 "Arrest"
0 145 37 259 171 2134 1 0 1 "Arrest"
0 145 37 259 171 2135 1 0 1 "Arrest"
0 145 37 259 171 2136 1 0 1 "Arrest"
0 145 37 259 171 2137 1 0 1 "Arrest"
0 145 37 259 171 2138 1 0 1 "Arrest"
0 145 37 259 171 2139 1 0 1 "Arrest"
0 145 37 259 171 2140 1 0 1 "Arrest"
0 145 37 259 171 2141 1 0 1 "Arrest"
0 145 37 259 171 2142 1 0 1 "Arrest"
0 145 37 259 171 2143 1 0 1 "Arrest"
0 145 37 259 171 2144 1 0 1 "Arrest"
0 145 37 259 171 2145 1 0 1 "Arrest"
0 145 37 259 171 2146 1 0 1 "Arrest"
0 145 37 259 171 2147 1 0 1 "Arrest"
0 145 37 259 171 2148 1 0 1 "Arrest"
0 145 37 259 171 2149 1 0 1 "Arrest"
0 145 37 259 171 2150 1 0 1 "Arrest"
0 145 37 259 171 2151 1 0 1 "Arrest"
0 145 37 259 171 2152 1 0 1 "Arrest"
0 145 37 259 171 2153 1 0 1 "Arrest"
0 145 37 259 171 2154 1 0 1 "Arrest"
0 145 37 259 171 2155 1 0 1 "Arrest"
0 145 37 259 171 2156 1 0 1 "Arrest"
0 145 37 259 171 2157 1 0 1 "Arrest"
0 145 37 259 171 2158 1 0 1 "Arrest"
0 145 37 259 171 2159 1 0 1 "Arrest"
0 145 37 259 171 2160 1 0 1 "Arrest"
0 145 37 259 171 2161 1 0 1 "Arrest"
0 145 37 259 171 2162 1 0 1 "Arrest"
0 145 37 259 171 2163 1 0 1 "Arrest"
0 145 37 259 171 2164 1 0 1 "Arrest"
0 145 37 259 171 2165 1 0 1 "Arrest"
0 145 37 259 171 2166 1 0 1 "Arrest"
0 145 37 259 171 2167 1 0 1 "Arrest"
0 145 37 259 171 2168 1 0 1 "Arrest"
0 145 37 259 171 2169 1 0 1 "Arrest"
0 145 37 259 171 2170 1 0 1 "Arrest"
0 145 37 259 171 2171 1 0 1 "Arrest"
0 145 37 259 171 2172 1 0 1 "Arrest"
0 145 37 259 171 2173 1 0 1 "Arrest"
0 145 37 259 171 2174 1 0 1 "Arrest"
0 145 37 259 171 2175 1 0 1 "Arrest"
0 145 37 259 171 2176 1 0 1 "Arrest"
0 145 37 259 171 2177 1 0 1 "Arrest"
0 145 37 259 171 2178 1 0 1 "Arrest"
0 145 37 259 171 2179 1 0 1 "Arrest"
0 145 37 259 171 2180 1 0 1 "Arrest"
0 145 37 259 171 2181 1 0 1 "Arrest"
0 145 37 259 171 2182 1 0 1 "Arrest"
0 145 37 259 171 2183 1 0 1 "Arrest"
0 145 37 259 171 2184 1 0 1 "Arrest"
0 145 37 259 171 2185 1 0 1 "Arrest"
0 145 37 259 171 2186 1 0 1 "Arrest"
0 145 37 259 171 2187 1 0 1 "Arrest"
0 145 37 259 171 2188 1 0 1 "Arrest"
0 145 37 259 171 2189 1 0 1 "Arrest"
0 145 37 259 171 2190 1 0 1 "Arrest"
0 145 37 259 171 2191 1 0 1 "Arrest"
0 145 37 259 171 2192 1 0 0 "Arrest"
