0 110 69 160 122 0 1 0 0 "Arrest"
0 110 69 160 122 1 1 0 1 "Arrest"
0 110 69 160 122 2 1 0 1 "Arrest"
0 110 69 160 122 3 1 0 1 "Arrest"
0 110 69 160 122 4 1 0 1 "Arrest"
0 110 69 160 122 5 1 0 1 "Arrest"
0 110 69 160 122 6 1 0 1 "Arrest"
0 110 69 160 122 7 1 0 1 "Arrest"
0 110 69 160 122 8 1 0 1 "Arrest"
0 110 69 160 122 9 1 0 1 "Arrest"
0 110 69 160 122 10 1 0 1 "Arrest"
0 110 69 160 122 11 1 0 1 "Arrest"
0 110 69 160 122 12 1 0 1 "Arrest"
0 110 69 160 122 13 1 0 1 "Arrest"
0 110 69 160 122 14 1 0 1 "Arrest"
0 110 69 160 122 15 1 0 1 "Arrest"
0 110 69 160 122 16 1 0 1 "Arrest"
0 110 69 160 122 17 1 0 1 "Arrest"
0 110 69 160 122 18 1 0 1 "Arrest"
0 110 69 160 122 19 1 0 1 "Arrest"
0 110 69 160 122 20 1 0 1 "Arrest"
0 110 69 160 122 21 1 0 1 "Arrest"
0 110 69 160 122 22 1 0 1 "Arrest"
0 110 69 160 122 23 1 0 1 "Arrest"
0 110 69 160 122 24 1 0 1 "Arrest"
0 110 69 160 122 25 1 0 1 "Arrest"
0 110 69 160 122 26 1 0 1 "Arrest"
0 110 69 160 122 27 1 0 1 "Arrest"
0 110 69 160 122 28 1 0 1 "Arrest"
0 110 69 160 122 29 1 0 1 "Arrest"
0 110 69 160 122 30 1 0 1 "Arrest"
0 110 69 160 122 31 1 0 1 "Arrest"
0 110 69 160 122 32 1 0 1 "Arrest"
0 110 69 160 122 33 1 0 1 "Arrest"
0 110 69 160 122 34 1 0 1 "Arrest"
0 110 69 160 122 35 1 0 1 "Arrest"
0 110 69 160 122 36 1 0 1 "Arrest"
0 110 69 160 122 37 1 0 1 "Arrest"
0 110 69 160 122 38 1 0 1 "Arrest"
0 110 69 160 122 39 1 0 1 "Arrest"
0 110 69 160 122 40 1 0 1 "Arrest"
0 110 69 160 122 41 1 0 1 "Arrest"
0 110 69 160 122 42 1 0 1 "Arrest"
0 110 69 160 122 43 1 0 1 "Arrest"
0 110 69 160 122 44 1 0 1 "Arrest"
0 110 69 160 122 45 1 0 1 "Arrest"
0 110 69 160 122 46 1 0 1 "Arrest"
0 110 69 160 122 47 1 0 1 "Arrest"
0 110 69 160 122 48 1 0 1 "Arrest"
0 110 69 160 122 49 1 0 1 "Arrest"
0 110 69 160 122 50 0 0 0 "Arrest"
0 110 69 160 122 51 0 0 1 "Arrest"
0 110 69 160 122 52 0 0 1 "Arrest"
0 110 70 160 123 53 0 0 1 "Arrest"
0 111 70 161 123 54 0 0 1 "Arrest"
0 111 71 161 124 55 0 0 1 "Arrest"
0 111 71 161 124 56 0 0 1 "Arrest"
0 112 72 162 125 57 0 0 0 "Arrest"
0 112 72 165 124 58 0 0 1 "Arrest"
0 112 72 168 124 59 0 0 1 "Arrest"
0 112 72 171 124 60 0 0 1 "Arrest"
0 112 72 174 124 61 0 0 1 "Arrest"
0 112 72 177 124 62 0 0 1 "Arrest"
0 112 72 180 124 63 0 0 0 "Arrest"
0 112 72 179 126 64 0 0 1 "Arrest"
0 112 72 179 128 65 0 0 1 "Arrest"
0 112 72 179 130 66 0 0 1 "Arrest"
0 112 72 179 132 67 0 0 1 "Arrest"
0 112 72 179 135 68 0 0 0 "Arrest"
0 113 72 180 135 69 0 0 1 "Arrest"
0 114 72 181 135 70 0 0 1 "Arrest"
0 116 73 183 136 71 0 0 0 "Arrest"
0 118 73 185 136 72 0 0 1 "Arrest"
0 120 74 187 137 73 0 0 1 "Arrest"
0 122 74 189 137 74 0 0 1 "Arrest"
0 124 75 191 138 75 0 0 1 "Arrest"
0 126 76 193 139 76 0 0 0 "Arrest"
0 127 75 194 138 77 0 0 1 "Arrest"
0 128 75 195 138 78 0 0 1 "Arrest"
0 129 75 196 138 79 0 0 0 "Arrest"
0 131 76 198 139 80 0 0 1 "Arrest"
0 133 77 201 141 81 0 0 1 "Arrest"
0 135 79 204 143 82 0 0 1 "Arrest"
0 137 80 207 145 83 0 0 1 "Arrest"
0 140 82 209 146 84 0 0 1 "Arrest"
0 142 83 212 148 85 0 0 1 "Arrest"
0 144 85 215 150 86 0 0 1 "Arrest"
0 146 86 218 152 87 0 0 1 "Arrest"
0 148 87 221 154 88 0 0 1 "Arrest"
0 151 89 223 155 89 0 0 1 "Arrest"
0 153 90 226 157 90 0 0 1 "Arrest"
0 155 92 229 159 91 0 0 1 "Arrest"
0 157 93 232 161 92 0 0 1 "Arrest"
0 160 95 235 163 93 0 0 0 "Arrest"
0 162 94 241 165 94 0 0 1 "Arrest"
0 165 94 248 167 95 0 0 1 "Arrest"
0 167 94 255 170 96 0 0 1 "Arrest"
0 170 94 261 172 97 0 0 1 "Arrest"
0 172 93 268 174 98 0 0 1 "Arrest"
0 175 93 275 177 99 0 0 1 "Arrest"
0 177 93 281 179 100 0 0 1 "Arrest"
0 180 93 288 181 101 0 0 1 "Arrest"
0 183 93 295 184 102 1 0 0 "Arrest"
0 187 93 297 184 103 1 0 1 "Arrest"
0 192 94 299 185 104 1 0 1 "Arrest"
0 197 95 301 185 105 1 0 1 "Arrest"
0 201 96 303 186 106 1 0 1 "Arrest"
0 206 97 305 186 107 1 0 1 "Arrest"
0 211 98 307 187 108 1 0 1 "Arrest"
0 215 98 309 187 109 1 0 1 "Arrest"
0 220 99 311 188 110 1 0 1 "Arrest"
0 225 100 313 188 111 1 0 1 "Arrest"
0 229 101 315 189 112 1 0 1 "Arrest"
0 234 102 317 189 113 1 0 1 "Arrest"
0 239 103 319 190 114 1 0 0 "Arrest"
0 233 101 313 187 115 1 0 1 "Arrest"
0 228 100 307 185 116 1 0 1 "Arrest"
0 222 98 301 182 117 1 0 1 "Arrest"
0 217 97 295 180 118 1 0 1 "Arrest"
0 211 95 289 178 119 1 0 1 "Arrest"
0 206 94 284 175 120 1 0 1 "Arrest"
0 200 92 278 173 121 1 0 1 "Arrest"
0 195 91 272 170 122 1 0 1 "Arrest"
0 190 89 266 168 123 1 0 1 "Arrest"
0 184 88 260 166 124 1 0 1 "Arrest"
0 179 86 254 163 125 1 0 1 "Arrest"
0 173 85 249 161 126 1 0 1 "Arrest"
0 168 84 243 159 127 1 0 1 "Arrest"
0 162 82 237 156 128 1 0 1 "Arrest"
0 157 81 231 154 129 1 0 1 "Arrest"
0 152 79 225 151 130 1 0 1 "Arrest"
0 146 78 220 149 131 1 0 1 "Arrest"
0 141 76 214 147 132 1 0 1 "Arrest"
0 135 75 208 144 133 1 0 1 "Arrest"
0 130 73 202 142 134 1 0 1 "Arrest"
0 124 72 196 139 135 1 0 1 "Arrest"
0 119 70 190 137 136 1 0 1 "Arrest"
0 113 69 185 135 137 1 0 1 "Arrest"
0 108 67 179 132 138 1 0 1 "Arrest"
0 103 66 173 130 139 1 0 1 "Arrest"
0 97 65 167 128 140 1 0 1 "Arrest"
0 92 63 161 125 141 1 0 1 "Arrest"
0 86 62 156 123 142 1 0 1 "Arrest"
0 81 60 150 120 143 1 0 1 "Arrest"
0 75 59 144 118 144 1 0 1 "Arrest"
0 70 57 138 116 145 1 0 1 "Arrest"
0 65 56 132 113 146 1 0 1 "Arrest"
0 59 54 126 111 147 1 0 1 "Arrest"
0 54 53 121 108 148 1 0 1 "Arrest"
0 48 51 115 106 149 1 0 1 "Arrest"
0 43 50 109 104 150 1 0 1 "Arrest"
0 37 48 103 101 151 1 0 1 "Arrest"
0 32 47 97 99 152 1 0 1 "Arrest"
0 27 46 92 97 153 0 0 0 "Arrest"
0 29 46 94 97 154 0 0 1 "Arrest"
0 31 46 96 97 155 0 0 1 "Arrest"
0 33 46 98 97 156 0 0 1 "Arrest"
0 36 47 101 98 157 0 0 1 "Arrest"
0 38 47 103 98 158 0 0 1 "Arrest"
0 40 47 105 98 159 0 0 1 "Arrest"
0 43 48 108 99 160 0 0 0 "Arrest"
0 44 48 109 99 161 0 0 1 "Arrest"
0 46 49 111 100 162 0 0 1 "Arrest"
0 48 50 113 101 163 0 0 0 "Arrest"
0 51 50 116 101 164 0 0 1 "Arrest"
0 54 51 119 102 165 0 0 1 "Arrest"
0 58 52 123 103 166 0 0 0 "Arrest"
0 59 52 123 102 167 0 0 1 "Arrest"
0 61 52 123 102 168 0 0 1 "Arrest"
0 63 52 123 102 169 0 0 1 "Arrest"
0 65 52 123 102 170 0 0 1 "Arrest"
0 67 52 123 102 171 0 0 1 "Arrest"
0 69 52 123 102 172 0 0 1 "Arrest"
0 71 52 123 102 173 0 0 1 "Arrest"
0 73 52 123 102 174 0 0 0 "Arrest"
0 73 52 123 102 175 0 0 1 "Arrest"
0 74 52 124 102 176 0 0 1 "Arrest"
0 75 52 125 102 177 0 0 1 "Arrest"
0 75 52 125 102 178 0 0 1 "Arrest"
0 76 52 126 102 179 0 0 1 "Arrest"
0 77 52 127 102 180 0 0 1 "Arrest"
0 78 52 128 102 181 0 0 0 "Arrest"
0 76 52 128 101 182 0 0 1 "Arrest"
0 75 52 128 101 183 0 0 1 "Arrest"
0 74 52 128 101 184 0 0 1 "Arrest"
0 73 52 128 101 185 0 0 1 "Arrest"
0 72 52 128 101 186 0 0 1 "Arrest"
0 71 52 128 101 187 0 0 1 "Arrest"
0 69 52 128 101 188 0 0 1 "Arrest"
0 68 52 128 101 189 0 0 1 "Arrest"
0 67 52 128 101 190 0 0 1 "Arrest"
0 66 52 128 101 191 0 0 1 "Arrest"
0 65 52 128 101 192 0 0 1 "Arrest"
0 64 52 128 101 193 0 0 0 "Arrest"
0 64 52 127 101 194 0 0 1 "Arrest"
0 64 52 127 101 195 0 0 1 "Arrest"
0 64 52 127 101 196 0 0 1 "Arrest"
0 64 52 127 101 197 0 0 1 "Arrest"
0 64 52 127 101 198 0 0 1 "Arrest"
0 64 52 127 101 199 0 0 1 "Arrest"
0 64 52 127 101 200 0 0 1 "Arrest"
0 64 52 127 102 201 0 0 1 "Arrest"
0 64 52 127 102 202 0 0 1 "Arrest"
0 64 52 127 102 203 0 0 1 "Arrest"
0 64 52 127 102 204 0 0 1 "Arrest"
0 64 52 127 102 205 0 0 1 "Arrest"
0 64 52 127 102 206 0 0 1 "Arrest"
0 64 52 127 102 207 0 0 1 "Arrest"
0 64 52 127 103 208 0 0 1 "Arrest"
0 64 52 127 103 209 0 0 1 "Arrest"
0 64 52 127 103 210 0 0 1 "Arrest"
0 64 52 127 103 211 0 0 1 "Arrest"
0 64 52 127 103 212 0 0 1 "Arrest"
0 64 52 127 103 213 0 0 1 "Arrest"
0 64 52 127 103 214 0 0 1 "Arrest"
0 64 52 127 103 215 0 0 1 "Arrest"
0 64 52 127 104 216 0 0 1 "Arrest"
0 64 52 127 104 217 0 0 1 "Arrest"
0 64 52 127 104 218 0 0 1 "Arrest"
0 64 52 127 104 219 0 0 1 "Arrest"
0 64 52 127 104 220 0 0 1 "Arrest"
0 64 52 127 104 221 0 0 1 "Arrest"
0 64 52 127 104 222 0 0 1 "Arrest"
0 64 52 127 105 223 0 0 1 "Arrest"
0 64 52 127 105 224 0 0 1 "Arrest"
0 64 52 127 105 225 0 0 1 "Arrest"
0 64 52 127 105 226 0 0 1 "Arrest"
0 64 52 127 105 227 0 0 1 "Arrest"
0 64 52 127 105 228 0 0 1 "Arrest"
0 64 52 127 105 229 0 0 1 "Arrest"
0 64 52 127 105 230 0 0 1 "Arrest"
0 64 52 127 106 231 0 0 1 "Arrest"
0 64 52 127 106 232 0 0 1 "Arrest"
0 64 52 127 106 233 0 0 1 "Arrest"
0 64 52 127 106 234 0 0 1 "Arrest"
0 64 52 127 106 235 0 0 1 "Arrest"
0 64 52 127 106 236 0 0 1 "Arrest"
0 64 52 127 106 237 0 0 1 "Arrest"
0 64 52 127 107 238 0 0 0 "Arrest"
0 60 52 125 106 239 0 0 1 "Arrest"
0 57 52 124 106 240 0 0 1 "Arrest"
0 53 52 123 106 241 0 0 1 "Arrest"
0 50 52 122 106 242 0 0 1 "Arrest"
0 47 52 121 106 243 0 0 1 "Arrest"
0 43 52 120 106 244 0 0 1 "Arrest"
0 40 52 119 106 245 0 0 1 "Arrest"
0 37 52 118 106 246 0 0 0 "Arrest"
0 37 52 118 105 247 0 0 1 "Arrest"
0 38 52 118 105 248 0 0 1 "Arrest"
0 39 52 118 105 249 0 0 1 "Arrest"
0 40 52 119 105 250 0 0 1 "Arrest"
0 41 52 119 105 251 0 0 1 "Arrest"
0 42 52 119 105 252 0 0 1 "Arrest"
0 43 52 120 105 253 0 0 1 "Arrest"
0 43 52 120 105 254 0 0 1 "Arrest"
0 44 52 120 105 255 0 0 1 "Arrest"
0 45 52 120 105 256 0 0 1 "Arrest"
0 46 52 121 105 257 0 0 1 "Arrest"
0 47 52 121 105 258 0 0 1 "Arrest"
0 48 52 121 105 259 0 0 1 "Arrest"
0 49 52 122 105 260 0 0 1 "Arrest"
0 49 52 122 105 261 0 0 1 "Arrest"
0 50 52 122 105 262 0 0 1 "Arrest"
0 51 52 122 105 263 0 0 1 "Arrest"
0 52 52 123 105 264 0 0 1 "Arrest"
0 53 52 123 105 265 0 0 1 "Arrest"
0 54 52 123 105 266 0 0 1 "Arrest"
0 55 52 124 105 267 0 0 0 "Arrest"
0 54 52 123 105 268 0 0 1 "Arrest"
0 54 52 123 105 269 0 0 1 "Arrest"
0 54 52 123 105 270 0 0 1 "Arrest"
0 54 52 123 105 271 0 0 1 "Arrest"
0 53 52 122 105 272 0 0 1 "Arrest"
0 53 52 122 105 273 0 0 1 "Arrest"
0 53 52 122 105 274 0 0 1 "Arrest"
0 53 52 122 105 275 0 0 1 "Arrest"
0 52 52 121 105 276 0 0 1 "Arrest"
0 52 52 121 105 277 0 0 1 "Arrest"
0 52 52 121 105 278 0 0 1 "Arrest"
0 52 52 121 105 279 0 0 1 "Arrest"
0 51 52 120 105 280 0 0 1 "Arrest"
0 51 52 120 105 281 0 0 1 "Arrest"
0 51 52 120 105 282 0 0 1 "Arrest"
0 51 52 120 105 283 0 0 1 "Arrest"
0 50 52 119 105 284 0 0 1 "Arrest"
0 50 52 119 105 285 0 0 1 "Arrest"
0 50 52 119 105 286 0 0 1 "Arrest"
0 50 52 119 105 287 0 0 1 "Arrest"
0 49 52 118 105 288 0 0 1 "Arrest"
0 49 52 118 105 289 0 0 1 "Arrest"
0 49 52 118 105 290 0 0 1 "Arrest"
0 49 52 118 105 291 0 0 1 "Arrest"
0 49 52 118 105 292 0 0 0 "Arrest"
0 49 52 118 105 293 0 0 1 "Arrest"
0 49 52 118 105 294 0 0 1 "Arrest"
0 49 52 118 105 295 0 0 1 "Arrest"
0 49 52 118 105 296 0 0 1 "Arrest"
0 49 52 118 105 297 0 0 1 "Arrest"
0 49 52 118 105 298 0 0 1 "Arrest"
0 49 52 118 105 299 0 0 1 "Arrest"
0 49 52 118 105 300 0 0 1 "Arrest"
0 49 52 118 105 301 0 0 1 "Arrest"
0 50 52 119 105 302 0 0 1 "Arrest"
0 50 52 119 105 303 0 0 1 "Arrest"
0 50 52 119 105 304 0 0 1 "Arrest"
0 50 52 119 105 305 0 0 1 "Arrest"
0 50 52 119 105 306 0 0 1 "Arrest"
0 50 52 119 105 307 0 0 1 "Arrest"
0 50 52 119 105 308 0 0 1 "Arrest"
0 50 52 119 105 309 0 0 1 "Arrest"
0 50 52 119 105 310 0 0 1 "Arrest"
0 50 52 119 105 311 0 0 1 "Arrest"
0 51 52 120 105 312 0 0 1 "Arrest"
0 51 52 120 105 313 0 0 1 "Arrest"
0 51 52 120 105 314 0 0 1 "Arrest"
0 51 52 120 105 315 0 0 1 "Arrest"
0 51 52 120 105 316 0 0 1 "Arrest"
0 51 52 120 105 317 0 0 1 "Arrest"
0 51 52 120 105 318 0 0 1 "Arrest"
0 51 52 120 105 319 0 0 1 "Arrest"
0 51 52 120 105 320 0 0 1 "Arrest"
0 51 52 120 105 321 0 0 1 "Arrest"
0 52 52 121 105 322 0 0 1 "Arrest"
0 52 52 121 105 323 0 0 1 "Arrest"
0 52 52 121 105 324 0 0 1 "Arrest"
0 52 52 121 105 325 0 0 1 "Arrest"
0 52 52 121 105 326 0 0 1 "Arrest"
0 52 52 121 105 327 0 0 1 "Arrest"
0 52 52 121 105 328 0 0 1 "Arrest"
0 52 52 121 105 329 0 0 1 "Arrest"
0 52 52 121 105 330 0 0 1 "Arrest"
0 53 52 122 105 331 0 0 1 "Arrest"
0 53 52 122 105 332 0 0 1 "Arrest"
0 53 52 122 105 333 0 0 1 "Arrest"
0 53 52 122 105 334 0 0 1 "Arrest"
0 53 52 122 105 335 0 0 1 "Arrest"
0 53 52 122 105 336 0 0 1 "Arrest"
0 53 52 122 105 337 0 0 1 "Arrest"
0 53 52 122 105 338 0 0 1 "Arrest"
0 53 52 122 105 339 0 0 1 "Arrest"
0 53 52 122 105 340 0 0 1 "Arrest"
0 54 52 123 105 341 0 0 1 "Arrest"
0 54 52 123 105 342 0 0 1 "Arrest"
0 54 52 123 105 343 0 0 1 "Arrest"
0 54 52 123 105 344 0 0 1 "Arrest"
0 54 52 123 105 345 0 0 1 "Arrest"
0 54 52 123 105 346 0 0 1 "Arrest"
0 54 52 123 105 347 0 0 1 "Arrest"
0 54 52 123 105 348 0 0 1 "Arrest"
0 54 52 123 105 349 0 0 1 "Arrest"
0 54 52 123 105 350 0 0 1 "Arrest"
0 55 52 124 105 351 0 0 1 "Arrest"
0 55 52 124 105 352 0 0 1 "Arrest"
0 55 52 124 105 353 0 0 1 "Arrest"
0 55 52 124 105 354 0 0 1 "Arrest"
0 55 52 124 105 355 0 0 1 "Arrest"
0 55 52 124 105 356 0 0 1 "Arrest"
0 55 52 124 105 357 0 0 1 "Arrest"
0 55 52 124 105 358 0 0 1 "Arrest"
0 55 52 124 105 359 0 0 1 "Arrest"
0 56 53 125 106 360 0 0 0 "Arrest"
0 56 53 124 105 361 0 0 1 "Arrest"
0 56 53 124 105 362 0 0 1 "Arrest"
0 56 53 124 105 363 0 0 1 "Arrest"
0 56 53 124 105 364 0 0 1 "Arrest"
0 56 53 124 105 365 0 0 1 "Arrest"
0 56 53 124 105 366 0 0 1 "Arrest"
0 56 53 124 105 367 0 0 1 "Arrest"
0 56 53 124 105 368 0 0 1 "Arrest"
0 56 53 124 105 369 0 0 1 "Arrest"
0 56 53 124 105 370 0 0 1 "Arrest"
0 56 53 123 105 371 0 0 1 "Arrest"
0 56 53 123 105 372 0 0 1 "Arrest"
0 56 53 123 105 373 0 0 1 "Arrest"
0 56 53 123 105 374 0 0 1 "Arrest"
0 56 53 123 105 375 0 0 1 "Arrest"
0 56 53 123 105 376 0 0 1 "Arrest"
0 56 53 123 105 377 0 0 1 "Arrest"
0 56 53 123 105 378 0 0 1 "Arrest"
0 56 53 123 105 379 0 0 1 "Arrest"
0 56 53 123 105 380 0 0 1 "Arrest"
0 56 53 122 105 381 0 0 1 "Arrest"
0 56 53 122 105 382 0 0 1 "Arrest"
0 56 53 122 105 383 0 0 1 "Arrest"
0 56 53 122 105 384 0 0 1 "Arrest"
0 56 53 122 105 385 0 0 1 "Arrest"
0 56 53 122 105 386 0 0 1 "Arrest"
0 56 53 122 105 387 0 0 1 "Arrest"
0 56 53 122 105 388 0 0 1 "Arrest"
0 56 53 122 105 389 0 0 1 "Arrest"
0 56 53 122 105 390 0 0 1 "Arrest"
0 56 53 122 105 391 0 0 1 "Arrest"
0 56 53 121 105 392 0 0 1 "Arrest"
0 56 53 121 105 393 0 0 1 "Arrest"
0 56 53 121 105 394 0 0 1 "Arrest"
0 56 53 121 105 395 0 0 1 "Arrest"
0 56 53 121 105 396 0 0 1 "Arrest"
0 56 53 121 105 397 0 0 1 "Arrest"
0 56 53 121 105 398 0 0 1 "Arrest"
0 56 53 121 105 399 0 0 1 "Arrest"
0 56 53 121 105 400 0 0 1 "Arrest"
0 56 53 121 105 401 0 0 1 "Arrest"
0 56 53 120 105 402 0 0 1 "Arrest"
0 56 53 120 105 403 0 0 1 "Arrest"
0 56 53 120 105 404 0 0 1 "Arrest"
0 56 53 120 105 405 0 0 1 "Arrest"
0 56 53 120 105 406 0 0 1 "Arrest"
0 56 53 120 105 407 0 0 1 "Arrest"
0 56 53 120 105 408 0 0 1 "Arrest"
0 56 53 120 105 409 0 0 1 "Arrest"
0 56 53 120 105 410 0 0 1 "Arrest"
0 56 53 120 105 411 0 0 1 "Arrest"
0 56 53 119 105 412 0 0 1 "Arrest"
0 56 53 119 105 413 0 0 1 "Arrest"
0 56 53 119 105 414 0 0 1 "Arrest"
0 56 53 119 105 415 0 0 1 "Arrest"
0 56 53 119 105 416 0 0 1 "Arrest"
0 56 53 119 105 417 0 0 1 "Arrest"
0 56 53 119 105 418 0 0 1 "Arrest"
0 56 53 119 105 419 0 0 1 "Arrest"
0 56 53 119 105 420 0 0 1 "Arrest"
0 56 53 119 105 421 0 0 1 "Arrest"
0 56 53 119 105 422 1 0 0 "Arrest"
0 56 53 119 105 423 1 0 1 "Arrest"
0 56 53 119 105 424 1 0 1 "Arrest"
0 56 53 119 105 425 1 0 1 "Arrest"
0 56 53 119 105 426 1 0 1 "Arrest"
0 56 53 119 105 427 1 0 1 "Arrest"
0 56 53 119 105 428 1 0 1 "Arrest"
0 56 53 119 105 429 1 0 1 "Arrest"
0 56 53 119 105 430 1 0 1 "Arrest"
0 56 53 119 105 431 1 0 1 "Arrest"
0 56 53 119 105 432 1 0 1 "Arrest"
0 56 53 119 105 433 1 0 1 "Arrest"
0 56 53 119 105 434 1 0 1 "Arrest"
0 56 53 119 105 435 1 0 1 "Arrest"
0 56 53 119 105 436 1 0 1 "Arrest"
0 56 53 119 105 437 1 0 1 "Arrest"
0 56 53 119 105 438 1 0 1 "Arrest"
0 56 53 119 105 439 1 0 1 "Arrest"
0 56 53 119 105 440 1 0 1 "Arrest"
0 56 53 119 105 441 1 0 1 "Arrest"
0 56 53 119 105 442 1 0 1 "Arrest"
0 56 53 119 105 443 1 0 1 "Arrest"
0 56 53 119 105 444 1 0 0 "Arrest"
0 55 52 118 105 445 1 0 1 "Arrest"
0 55 52 118 105 446 1 0 1 "Arrest"
0 55 52 118 105 447 1 0 1 "Arrest"
0 55 52 118 105 448 1 0 1 "Arrest"
0 55 52 118 105 449 1 0 1 "Arrest"
0 55 52 118 105 450 1 0 1 "Arrest"
0 55 52 118 105 451 1 0 1 "Arrest"
0 55 52 118 105 452 1 0 1 "Arrest"
0 55 52 118 105 453 1 0 1 "Arrest"
0 55 52 118 105 454 1 0 1 "Arrest"
0 55 52 118 105 455 1 0 1 "Arrest"
0 55 52 118 105 456 1 0 1 "Arrest"
0 55 52 118 105 457 1 0 1 "Arrest"
0 55 52 118 105 458 1 0 1 "Arrest"
0 55 52 118 106 459 1 0 1 "Arrest"
0 55 52 118 106 460 1 0 1 "Arrest"
0 55 52 118 106 461 1 0 1 "Arrest"
0 55 52 118 106 462 1 0 1 "Arrest"
0 54 52 118 106 463 1 0 1 "Arrest"
0 54 52 118 106 464 1 0 1 "Arrest"
0 54 52 118 106 465 1 0 1 "Arrest"
0 54 52 118 106 466 1 0 1 "Arrest"
0 54 52 118 106 467 1 0 1 "Arrest"
0 54 52 118 106 468 1 0 1 "Arrest"
0 54 52 118 106 469 1 0 1 "Arrest"
0 54 52 118 106 470 1 0 1 "Arrest"
0 54 52 118 106 471 1 0 1 "Arrest"
0 54 52 118 106 472 1 0 1 "Arrest"
0 54 52 118 106 473 1 0 1 "Arrest"
0 54 52 118 107 474 1 0 1 "Arrest"
0 54 52 118 107 475 1 0 1 "Arrest"
0 54 52 118 107 476 1 0 1 "Arrest"
0 54 52 118 107 477 1 0 1 "Arrest"
0 54 52 118 107 478 1 0 1 "Arrest"
0 54 52 118 107 479 1 0 1 "Arrest"
0 54 52 118 107 480 1 0 1 "Arrest"
0 53 52 118 107 481 1 0 1 "Arrest"
0 53 52 118 107 482 1 0 1 "Arrest"
0 53 52 118 107 483 1 0 1 "Arrest"
0 53 52 118 107 484 1 0 1 "Arrest"
0 53 52 118 107 485 1 0 1 "Arrest"
0 53 52 118 107 486 1 0 1 "Arrest"
0 53 52 118 107 487 1 0 1 "Arrest"
0 53 52 118 107 488 1 0 1 "Arrest"
0 53 52 118 108 489 1 0 1 "Arrest"
0 53 52 118 108 490 1 0 1 "Arrest"
0 53 52 118 108 491 1 0 1 "Arrest"
0 53 52 118 108 492 1 0 1 "Arrest"
0 53 52 118 108 493 1 0 1 "Arrest"
0 53 52 118 108 494 1 0 1 "Arrest"
0 53 52 118 108 495 1 0 1 "Arrest"
0 53 52 118 108 496 1 0 1 "Arrest"
0 53 52 118 108 497 1 0 1 "Arrest"
0 53 52 118 108 498 1 0 1 "Arrest"
0 52 52 118 108 499 1 0 1 "Arrest"
0 52 52 118 108 500 1 0 1 "Arrest"
0 52 52 118 108 501 1 0 1 "Arrest"
0 52 52 118 108 502 1 0 1 "Arrest"
0 52 52 118 108 503 1 0 1 "Arrest"
0 52 52 118 109 504 1 0 1 "Arrest"
0 52 52 118 109 505 1 0 1 "Arrest"
0 52 52 118 109 506 1 0 1 "Arrest"
0 52 52 118 109 507 1 0 1 "Arrest"
0 52 52 118 109 508 1 0 1 "Arrest"
0 52 52 118 109 509 1 0 1 "Arrest"
0 52 52 118 109 510 1 0 1 "Arrest"
0 52 52 118 109 511 1 0 1 "Arrest"
0 52 52 118 109 512 1 0 1 "Arrest"
0 52 52 118 109 513 1 0 1 "Arrest"
0 52 52 118 109 514 1 0 1 "Arrest"
0 52 52 118 109 515 1 0 1 "Arrest"
0 52 52 118 109 516 1 0 1 "Arrest"
0 51 52 118 109 517 1 0 1 "Arrest"
0 51 52 118 109 518 1 0 1 "Arrest"
0 51 52 118 110 519 1 0 1 "Arrest"
0 51 52 118 110 520 1 0 1 "Arrest"
0 51 52 118 110 521 1 0 1 "Arrest"
0 51 52 118 110 522 1 0 1 "Arrest"
0 51 52 118 110 523 1 0 1 "Arrest"
0 51 52 118 110 524 1 0 1 "Arrest"
0 51 52 118 110 525 1 0 1 "Arrest"
0 51 52 118 110 526 1 0 1 "Arrest"
0 51 52 118 110 527 1 0 1 "Arrest"
0 51 52 118 110 528 1 0 1 "Arrest"
0 51 52 118 110 529 1 0 1 "Arrest"
0 51 52 118 110 530 1 0 1 "Arrest"
0 51 52 118 110 531 1 0 1 "Arrest"
0 51 52 118 110 532 1 0 1 "Arrest"
0 51 52 118 110 533 1 0 1 "Arrest"
0 51 52 118 111 534 1 0 1 "Arrest"
0 50 52 118 111 535 1 0 1 "Arrest"
0 50 52 118 111 536 1 0 1 "Arrest"
0 50 52 118 111 537 1 0 1 "Arrest"
0 50 52 118 111 538 1 0 1 "Arrest"
0 50 52 118 111 539 1 0 1 "Arrest"
0 50 52 118 111 540 1 0 1 "Arrest"
0 50 52 118 111 541 1 0 1 "Arrest"
0 50 52 118 111 542 1 0 1 "Arrest"
0 50 52 118 111 543 1 0 1 "Arrest"
0 50 52 118 111 544 1 0 1 "Arrest"
0 50 52 118 111 545 1 0 1 "Arrest"
0 50 52 118 111 546 1 0 1 "Arrest"
0 50 52 118 111 547 1 0 1 "Arrest"
0 50 52 118 111 548 1 0 1 "Arrest"
0 50 52 118 112 549 1 0 1 "Arrest"
0 50 52 118 112 550 1 0 1 "Arrest"
0 50 52 118 112 551 1 0 1 "Arrest"
0 50 52 118 112 552 1 0 1 "Arrest"
0 49 52 118 112 553 1 0 1 "Arrest"
0 49 52 118 112 554 1 0 1 "Arrest"
0 49 52 118 112 555 1 0 1 "Arrest"
0 49 52 118 112 556 1 0 1 "Arrest"
0 49 52 118 112 557 1 0 1 "Arrest"
0 49 52 118 112 558 1 0 1 "Arrest"
0 49 52 118 112 559 1 0 1 "Arrest"
0 49 52 118 112 560 1 0 1 "Arrest"
0 49 52 118 112 561 1 0 1 "Arrest"
0 49 52 118 112 562 1 0 1 "Arrest"
0 49 52 118 112 563 1 0 1 "Arrest"
0 49 52 118 113 564 1 0 1 "Arrest"
0 49 52 118 113 565 1 0 1 "Arrest"
0 49 52 118 113 566 1 0 1 "Arrest"
0 49 52 118 113 567 1 0 1 "Arrest"
0 49 52 118 113 568 1 0 1 "Arrest"
0 49 52 118 113 569 1 0 1 "Arrest"
0 49 52 118 113 570 1 0 1 "Arrest"
0 48 52 118 113 571 1 0 1 "Arrest"
0 48 52 118 113 572 1 0 1 "Arrest"
0 48 52 118 113 573 1 0 1 "Arrest"
0 48 52 118 113 574 1 0 1 "Arrest"
0 48 52 118 113 575 1 0 1 "Arrest"
0 48 52 118 113 576 1 0 1 "Arrest"
0 48 52 118 113 577 1 0 1 "Arrest"
0 48 52 118 113 578 1 0 1 "Arrest"
0 48 52 118 114 579 1 0 1 "Arrest"
0 48 52 118 114 580 1 0 1 "Arrest"
0 48 52 118 114 581 1 0 1 "Arrest"
0 48 52 118 114 582 1 0 1 "Arrest"
0 48 52 118 114 583 1 0 1 "Arrest"
0 48 52 118 114 584 1 0 1 "Arrest"
0 48 52 118 114 585 1 0 1 "Arrest"
0 48 52 118 114 586 1 0 1 "Arrest"
0 48 52 118 114 587 1 0 1 "Arrest"
0 48 52 118 114 588 1 0 1 "Arrest"
0 47 52 118 114 589 1 0 1 "Arrest"
0 47 52 118 114 590 1 0 1 "Arrest"
0 47 52 118 114 591 1 0 1 "Arrest"
0 47 52 118 114 592 1 0 1 "Arrest"
0 47 52 118 114 593 1 0 1 "Arrest"
0 47 52 118 115 594 1 0 1 "Arrest"
0 47 52 118 115 595 1 0 1 "Arrest"
0 47 52 118 115 596 1 0 1 "Arrest"
0 47 52 118 115 597 1 0 1 "Arrest"
0 47 52 118 115 598 1 0 1 "Arrest"
0 47 52 118 115 599 1 0 1 "Arrest"
0 47 52 118 115 600 1 0 1 "Arrest"
0 47 52 118 115 601 1 0 1 "Arrest"
0 47 52 118 115 602 1 0 1 "Arrest"
0 47 52 118 115 603 1 0 1 "Arrest"
0 47 52 118 115 604 1 0 1 "Arrest"
0 47 52 118 115 605 1 0 1 "Arrest"
0 47 52 118 115 606 1 0 1 "Arrest"
0 46 52 118 115 607 1 0 1 "Arrest"
0 46 52 118 115 608 1 0 1 "Arrest"
0 46 52 118 116 609 1 0 1 "Arrest"
0 46 52 118 116 610 1 0 1 "Arrest"
0 46 52 118 116 611 1 0 1 "Arrest"
0 46 52 118 116 612 1 0 1 "Arrest"
0 46 52 118 116 613 1 0 1 "Arrest"
0 46 52 118 116 614 1 0 1 "Arrest"
0 46 52 118 116 615 1 0 1 "Arrest"
0 46 52 118 116 616 1 0 1 "Arrest"
0 46 52 118 116 617 1 0 1 "Arrest"
0 46 52 118 116 618 1 0 1 "Arrest"
0 46 52 118 116 619 1 0 1 "Arrest"
0 46 52 118 116 620 1 0 1 "Arrest"
0 46 52 118 116 621 1 0 1 "Arrest"
0 46 52 118 116 622 1 0 1 "Arrest"
0 46 52 118 116 623 1 0 1 "Arrest"
0 46 52 118 117 624 1 0 1 "Arrest"
0 45 52 118 117 625 1 0 1 "Arrest"
0 45 52 118 117 626 1 0 1 "Arrest"
0 45 52 118 117 627 1 0 1 "Arrest"
0 45 52 118 117 628 1 0 1 "Arrest"
0 45 52 118 117 629 1 0 1 "Arrest"
0 45 52 118 117 630 1 0 1 "Arrest"
0 45 52 118 117 631 1 0 1 "Arrest"
0 45 52 118 117 632 1 0 1 "Arrest"
0 45 52 118 117 633 1 0 1 "Arrest"
0 45 52 118 117 634 1 0 1 "Arrest"
0 45 52 118 117 635 1 0 1 "Arrest"
0 45 52 118 117 636 1 0 1 "Arrest"
0 45 52 118 117 637 1 0 1 "Arrest"
0 45 52 118 117 638 1 0 1 "Arrest"
0 45 52 118 118 639 1 0 1 "Arrest"
0 45 52 118 118 640 1 0 1 "Arrest"
0 45 52 118 118 641 1 0 1 "Arrest"
0 45 52 118 118 642 1 0 1 "Arrest"
0 44 52 118 118 643 1 0 1 "Arrest"
0 44 52 118 118 644 1 0 1 "Arrest"
0 44 52 118 118 645 1 0 1 "Arrest"
0 44 52 118 118 646 1 0 1 "Arrest"
0 44 52 118 118 647 1 0 1 "Arrest"
0 44 52 118 118 648 1 0 1 "Arrest"
0 44 52 118 118 649 1 0 1 "Arrest"
0 44 52 118 118 650 1 0 1 "Arrest"
0 44 52 118 118 651 1 0 1 "Arrest"
0 44 52 118 118 652 1 0 1 "Arrest"
0 44 52 118 118 653 1 0 1 "Arrest"
0 44 52 118 119 654 1 0 1 "Arrest"
0 44 52 118 119 655 1 0 1 "Arrest"
0 44 52 118 119 656 1 0 1 "Arrest"
0 44 52 118 119 657 1 0 1 "Arrest"
0 44 52 118 119 658 1 0 1 "Arrest"
0 44 52 118 119 659 1 0 1 "Arrest"
0 44 52 118 119 660 1 0 1 "Arrest"
0 43 52 118 119 661 1 0 1 "Arrest"
0 43 52 118 119 662 1 0 1 "Arrest"
0 43 52 118 119 663 1 0 1 "Arrest"
0 43 52 118 119 664 1 0 1 "Arrest"
0 43 52 118 119 665 1 0 1 "Arrest"
0 43 52 118 119 666 1 0 1 "Arrest"
0 43 52 118 119 667 1 0 1 "Arrest"
0 43 52 118 119 668 1 0 1 "Arrest"
0 43 52 118 120 669 1 0 1 "Arrest"
0 43 52 118 120 670 1 0 1 "Arrest"
0 43 52 118 120 671 1 0 1 "Arrest"
0 43 52 118 120 672 1 0 1 "Arrest"
0 43 52 118 120 673 1 0 1 "Arrest"
0 43 52 117 120 674 1 0 1 "Arrest"
0 43 52 117 120 675 1 0 1 "Arrest"
0 43 52 117 120 676 1 0 1 "Arrest"
0 43 52 117 120 677 1 0 1 "Arrest"
0 43 52 117 120 678 1 0 1 "Arrest"
0 43 52 117 120 679 1 0 1 "Arrest"
0 42 52 117 120 680 1 0 1 "Arrest"
0 42 52 117 120 681 1 0 1 "Arrest"
0 42 52 117 120 682 1 0 1 "Arrest"
0 42 52 117 121 683 1 0 1 "Arrest"
0 42 52 117 121 684 1 0 1 "Arrest"
0 42 52 117 121 685 1 0 1 "Arrest"
0 42 52 117 121 686 1 0 1 "Arrest"
0 42 52 117 121 687 1 0 1 "Arrest"
0 42 52 117 121 688 1 0 1 "Arrest"
0 42 52 117 121 689 1 0 1 "Arrest"
0 42 52 117 121 690 1 0 1 "Arrest"
0 42 52 117 121 691 1 0 1 "Arrest"
0 42 52 117 121 692 1 0 1 "Arrest"
0 42 52 117 121 693 1 0 1 "Arrest"
0 42 52 117 121 694 1 0 1 "Arrest"
0 42 52 117 121 695 1 0 1 "Arrest"
0 42 52 117 121 696 1 0 1 "Arrest"
0 42 52 117 121 697 1 0 1 "Arrest"
0 41 52 117 122 698 1 0 1 "Arrest"
0 41 52 117 122 699 1 0 1 "Arrest"
0 41 52 117 122 700 1 0 1 "Arrest"
0 41 52 117 122 701 1 0 1 "Arrest"
0 41 52 117 122 702 1 0 1 "Arrest"
0 41 52 117 122 703 1 0 1 "Arrest"
0 41 52 117 122 704 1 0 1 "Arrest"
0 41 52 117 122 705 1 0 1 "Arrest"
0 41 52 117 122 706 1 0 1 "Arrest"
0 41 52 117 122 707 1 0 1 "Arrest"
0 41 52 117 122 708 1 0 1 "Arrest"
0 41 52 117 122 709 1 0 1 "Arrest"
0 41 52 117 122 710 1 0 1 "Arrest"
0 41 52 117 122 711 1 0 1 "Arrest"
0 41 52 117 122 712 1 0 1 "Arrest"
0 41 52 117 123 713 1 0 1 "Arrest"
0 41 52 117 123 714 1 0 1 "Arrest"
0 41 52 117 123 715 1 0 1 "Arrest"
0 40 52 117 123 716 1 0 1 "Arrest"
0 40 52 117 123 717 1 0 1 "Arrest"
0 40 52 117 123 718 1 0 1 "Arrest"
0 40 52 117 123 719 1 0 1 "Arrest"
0 40 52 117 123 720 1 0 1 "Arrest"
0 40 52 117 123 721 1 0 1 "Arrest"
0 40 52 117 123 722 1 0 1 "Arrest"
0 40 52 117 123 723 1 0 1 "Arrest"
0 40 52 117 123 724 1 0 1 "Arrest"
0 40 52 117 123 725 1 0 1 "Arrest"
0 40 52 117 123 726 1 0 1 "Arrest"
0 40 52 117 123 727 1 0 1 "Arrest"
0 40 52 117 124 728 1 0 1 "Arrest"
0 40 52 117 124 729 1 0 1 "Arrest"
0 40 52 117 124 730 1 0 1 "Arrest"
0 40 52 117 124 731 1 0 1 "Arrest"
0 40 52 117 124 732 1 0 1 "Arrest"
0 40 52 117 124 733 1 0 1 "Arrest"
0 39 52 117 124 734 1 0 1 "Arrest"
0 39 52 117 124 735 1 0 1 "Arrest"
0 39 52 117 124 736 1 0 1 "Arrest"
0 39 52 117 124 737 1 0 1 "Arrest"
0 39 52 117 124 738 1 0 1 "Arrest"
0 39 52 117 124 739 1 0 1 "Arrest"
0 39 52 117 124 740 1 0 1 "Arrest"
0 39 52 117 124 741 1 0 1 "Arrest"
0 39 52 117 124 742 1 0 1 "Arrest"
0 39 52 117 125 743 1 0 1 "Arrest"
0 39 52 117 125 744 1 0 1 "Arrest"
0 39 52 117 125 745 1 0 1 "Arrest"
0 39 52 117 125 746 1 0 1 "Arrest"
0 39 52 117 125 747 1 0 1 "Arrest"
0 39 52 117 125 748 1 0 1 "Arrest"
0 39 52 117 125 749 1 0 1 "Arrest"
0 39 52 117 125 750 1 0 1 "Arrest"
0 39 52 117 125 751 1 0 1 "Arrest"
0 38 52 117 125 752 1 0 1 "Arrest"
0 38 52 117 125 753 1 0 1 "Arrest"
0 38 52 117 125 754 1 0 1 "Arrest"
0 38 52 117 125 755 1 0 1 "Arrest"
0 38 52 117 125 756 1 0 1 "Arrest"
0 38 52 117 125 757 1 0 1 "Arrest"
0 38 52 117 126 758 1 0 1 "Arrest"
0 38 52 117 126 759 1 0 1 "Arrest"
0 38 52 117 126 760 1 0 1 "Arrest"
0 38 52 117 126 761 1 0 1 "Arrest"
0 38 52 117 126 762 1 0 1 "Arrest"
0 38 52 117 126 763 1 0 1 "Arrest"
0 38 52 117 126 764 1 0 1 "Arrest"
0 38 52 117 126 765 1 0 1 "Arrest"
0 38 52 117 126 766 1 0 1 "Arrest"
0 38 52 117 126 767 1 0 1 "Arrest"
0 38 52 117 126 768 1 0 1 "Arrest"
0 38 52 117 126 769 1 0 1 "Arrest"
0 37 52 117 126 770 1 0 1 "Arrest"
0 37 52 117 126 771 1 0 1 "Arrest"
0 37 52 117 126 772 1 0 1 "Arrest"
0 37 52 117 127 773 1 0 1 "Arrest"
0 37 52 117 127 774 1 0 1 "Arrest"
0 37 52 117 127 775 1 0 1 "Arrest"
0 37 52 117 127 776 1 0 1 "Arrest"
0 37 52 117 127 777 1 0 1 "Arrest"
0 37 52 117 127 778 1 0 1 "Arrest"
0 37 52 117 127 779 1 0 1 "Arrest"
0 37 52 117 127 780 1 0 1 "Arrest"
0 37 52 117 127 781 1 0 1 "Arrest"
0 37 52 117 127 782 1 0 1 "Arrest"
0 37 52 117 127 783 1 0 1 "Arrest"
0 37 52 117 127 784 1 0 1 "Arrest"
0 37 52 117 127 785 1 0 1 "Arrest"
0 37 52 117 127 786 1 0 1 "Arrest"
0 37 52 117 127 787 1 0 1 "Arrest"
0 36 52 117 128 788 1 0 1 "Arrest"
0 36 52 117 128 789 1 0 1 "Arrest"
0 36 52 117 128 790 1 0 1 "Arrest"
0 36 52 117 128 791 1 0 1 "Arrest"
0 36 52 117 128 792 1 0 1 "Arrest"
0 36 52 117 128 793 1 0 1 "Arrest"
0 36 52 117 128 794 1 0 1 "Arrest"
0 36 52 117 128 795 1 0 1 "Arrest"
0 36 52 117 128 796 1 0 1 "Arrest"
0 36 52 117 128 797 1 0 1 "Arrest"
0 36 52 117 128 798 1 0 1 "Arrest"
0 36 52 117 128 799 1 0 1 "Arrest"
0 36 52 117 128 800 1 0 1 "Arrest"
0 36 52 117 128 801 1 0 1 "Arrest"
0 36 52 117 128 802 1 0 1 "Arrest"
0 36 52 117 129 803 1 0 1 "Arrest"
0 36 52 117 129 804 1 0 1 "Arrest"
0 36 52 117 129 805 1 0 1 "Arrest"
0 35 52 117 129 806 1 0 1 "Arrest"
0 35 52 117 129 807 1 0 1 "Arrest"
0 35 52 117 129 808 1 0 1 "Arrest"
0 35 52 117 129 809 1 0 1 "Arrest"
0 35 52 117 129 810 1 0 1 "Arrest"
0 35 52 117 129 811 1 0 1 "Arrest"
0 35 52 117 129 812 1 0 1 "Arrest"
0 35 52 117 129 813 1 0 1 "Arrest"
0 35 52 117 129 814 1 0 1 "Arrest"
0 35 52 117 129 815 1 0 1 "Arrest"
0 35 52 117 129 816 1 0 1 "Arrest"
0 35 52 117 129 817 1 0 1 "Arrest"
0 35 52 117 130 818 1 0 1 "Arrest"
0 35 52 117 130 819 1 0 1 "Arrest"
0 35 52 117 130 820 1 0 1 "Arrest"
0 35 52 117 130 821 1 0 1 "Arrest"
0 35 52 117 130 822 1 0 1 "Arrest"
0 35 52 117 130 823 1 0 1 "Arrest"
0 34 52 117 130 824 1 0 1 "Arrest"
0 34 52 117 130 825 1 0 1 "Arrest"
0 34 52 117 130 826 1 0 1 "Arrest"
0 34 52 117 130 827 1 0 1 "Arrest"
0 34 52 117 130 828 1 0 1 "Arrest"
0 34 52 117 130 829 1 0 1 "Arrest"
0 34 52 117 130 830 1 0 1 "Arrest"
0 34 52 117 130 831 1 0 1 "Arrest"
0 34 52 117 130 832 1 0 1 "Arrest"
0 34 52 117 131 833 1 0 1 "Arrest"
0 34 52 117 131 834 1 0 1 "Arrest"
0 34 52 117 131 835 1 0 1 "Arrest"
0 34 52 117 131 836 1 0 1 "Arrest"
0 34 52 117 131 837 1 0 1 "Arrest"
0 34 52 117 131 838 1 0 1 "Arrest"
0 34 52 117 131 839 1 0 1 "Arrest"
0 34 52 117 131 840 1 0 1 "Arrest"
0 34 52 117 131 841 1 0 1 "Arrest"
0 33 52 117 131 842 1 0 1 "Arrest"
0 33 52 117 131 843 1 0 1 "Arrest"
0 33 52 117 131 844 1 0 1 "Arrest"
0 33 52 117 131 845 1 0 1 "Arrest"
0 33 52 117 131 846 1 0 1 "Arrest"
0 33 52 117 131 847 1 0 1 "Arrest"
0 33 52 117 132 848 1 0 1 "Arrest"
0 33 52 117 132 849 1 0 1 "Arrest"
0 33 52 117 132 850 1 0 1 "Arrest"
0 33 52 117 132 851 1 0 1 "Arrest"
0 33 52 117 132 852 1 0 1 "Arrest"
0 33 52 117 132 853 1 0 1 "Arrest"
0 33 52 117 132 854 1 0 1 "Arrest"
0 33 52 117 132 855 1 0 1 "Arrest"
0 33 52 117 132 856 1 0 1 "Arrest"
0 33 52 117 132 857 1 0 1 "Arrest"
0 33 52 117 132 858 1 0 1 "Arrest"
0 33 52 117 132 859 1 0 1 "Arrest"
0 32 52 117 132 860 1 0 1 "Arrest"
0 32 52 117 132 861 1 0 1 "Arrest"
0 32 52 117 132 862 1 0 1 "Arrest"
0 32 52 117 133 863 1 0 1 "Arrest"
0 32 52 117 133 864 1 0 1 "Arrest"
0 32 52 117 133 865 1 0 1 "Arrest"
0 32 52 117 133 866 1 0 1 "Arrest"
0 32 52 117 133 867 1 0 1 "Arrest"
0 32 52 117 133 868 1 0 1 "Arrest"
0 32 52 117 133 869 1 0 1 "Arrest"
0 32 52 117 133 870 1 0 1 "Arrest"
0 32 52 117 133 871 1 0 1 "Arrest"
0 32 52 117 133 872 1 0 1 "Arrest"
0 32 52 117 133 873 1 0 1 "Arrest"
0 32 52 117 133 874 1 0 1 "Arrest"
0 32 52 117 133 875 1 0 1 "Arrest"
0 32 52 117 133 876 1 0 1 "Arrest"
0 32 52 117 133 877 1 0 1 "Arrest"
0 31 52 117 134 878 1 0 1 "Arrest"
0 31 52 117 134 879 1 0 1 "Arrest"
0 31 52 117 134 880 1 0 1 "Arrest"
0 31 52 117 134 881 1 0 1 "Arrest"
0 31 52 117 134 882 1 0 1 "Arrest"
0 31 52 117 134 883 1 0 1 "Arrest"
0 31 52 117 134 884 1 0 1 "Arrest"
0 31 52 117 134 885 1 0 1 "Arrest"
0 31 52 117 134 886 1 0 1 "Arrest"
0 31 52 117 134 887 1 0 1 "Arrest"
0 31 52 117 134 888 1 0 1 "Arrest"
0 31 52 117 134 889 1 0 1 "Arrest"
0 31 52 117 134 890 1 0 1 "Arrest"
0 31 52 117 134 891 1 0 1 "Arrest"
0 31 52 117 134 892 1 0 1 "Arrest"
0 31 52 117 135 893 1 0 1 "Arrest"
0 31 52 117 135 894 1 0 1 "Arrest"
0 31 52 117 135 895 1 0 1 "Arrest"
0 30 52 117 135 896 1 0 1 "Arrest"
0 30 52 117 135 897 1 0 1 "Arrest"
0 30 52 117 135 898 1 0 1 "Arrest"
0 30 52 117 135 899 1 0 1 "Arrest"
0 30 52 117 135 900 1 0 1 "Arrest"
0 30 52 117 135 901 1 0 1 "Arrest"
0 30 52 117 135 902 1 0 1 "Arrest"
0 30 52 116 135 903 1 0 1 "Arrest"
0 30 52 116 135 904 1 0 1 "Arrest"
0 30 52 116 135 905 1 0 1 "Arrest"
0 30 52 116 135 906 1 0 1 "Arrest"
0 30 52 116 136 907 1 0 1 "Arrest"
0 30 52 116 136 908 1 0 1 "Arrest"
0 30 52 116 136 909 1 0 1 "Arrest"
0 30 52 116 136 910 1 0 1 "Arrest"
0 30 52 116 136 911 1 0 1 "Arrest"
0 30 52 116 136 912 1 0 1 "Arrest"
0 30 52 116 136 913 1 0 1 "Arrest"
0 30 52 116 136 914 1 0 1 "Arrest"
0 29 52 116 136 915 1 0 1 "Arrest"
0 29 52 116 136 916 1 0 1 "Arrest"
0 29 52 116 136 917 1 0 1 "Arrest"
0 29 52 116 136 918 1 0 1 "Arrest"
0 29 52 116 136 919 1 0 1 "Arrest"
0 29 52 116 136 920 1 0 1 "Arrest"
0 29 52 116 136 921 1 0 1 "Arrest"
0 29 52 116 137 922 1 0 1 "Arrest"
0 29 52 116 137 923 1 0 1 "Arrest"
0 29 52 116 137 924 1 0 1 "Arrest"
0 29 52 116 137 925 1 0 1 "Arrest"
0 29 52 116 137 926 1 0 1 "Arrest"
0 29 52 116 137 927 1 0 1 "Arrest"
0 29 52 116 137 928 1 0 1 "Arrest"
0 29 52 116 137 929 1 0 1 "Arrest"
0 29 52 116 137 930 1 0 1 "Arrest"
0 29 52 116 137 931 1 0 1 "Arrest"
0 29 52 116 137 932 1 0 1 "Arrest"
0 28 52 116 137 933 1 0 1 "Arrest"
0 28 52 116 137 934 1 0 1 "Arrest"
0 28 52 116 137 935 1 0 1 "Arrest"
0 28 52 116 137 936 1 0 1 "Arrest"
0 28 52 116 138 937 1 0 1 "Arrest"
0 28 52 116 138 938 1 0 1 "Arrest"
0 28 52 116 138 939 1 0 1 "Arrest"
0 28 52 116 138 940 1 0 1 "Arrest"
0 28 52 116 138 941 1 0 1 "Arrest"
0 28 52 116 138 942 1 0 1 "Arrest"
0 28 52 116 138 943 1 0 1 "Arrest"
0 28 52 116 138 944 1 0 1 "Arrest"
0 28 52 116 138 945 1 0 1 "Arrest"
0 28 52 116 138 946 1 0 1 "Arrest"
0 28 52 116 138 947 1 0 1 "Arrest"
0 28 52 116 138 948 1 0 1 "Arrest"
0 28 52 116 138 949 1 0 1 "Arrest"
0 28 52 116 138 950 1 0 1 "Arrest"
0 27 52 116 138 951 1 0 1 "Arrest"
0 27 52 116 139 952 1 0 1 "Arrest"
0 27 52 116 139 953 1 0 1 "Arrest"
0 27 52 116 139 954 1 0 1 "Arrest"
0 27 52 116 139 955 1 0 1 "Arrest"
0 27 52 116 139 956 1 0 1 "Arrest"
0 27 52 116 139 957 1 0 1 "Arrest"
0 27 52 116 139 958 1 0 1 "Arrest"
0 27 52 116 139 959 1 0 1 "Arrest"
0 27 52 116 139 960 1 0 1 "Arrest"
0 27 52 116 139 961 1 0 1 "Arrest"
0 27 52 116 139 962 1 0 1 "Arrest"
0 27 52 116 139 963 1 0 1 "Arrest"
0 27 52 116 139 964 1 0 1 "Arrest"
0 27 52 116 139 965 1 0 1 "Arrest"
0 27 52 116 139 966 1 0 1 "Arrest"
0 27 52 116 140 967 1 0 1 "Arrest"
0 27 52 116 140 968 1 0 1 "Arrest"
0 26 52 116 140 969 1 0 1 "Arrest"
0 26 52 116 140 970 1 0 1 "Arrest"
0 26 52 116 140 971 1 0 1 "Arrest"
0 26 52 116 140 972 1 0 1 "Arrest"
0 26 52 116 140 973 1 0 1 "Arrest"
0 26 52 116 140 974 1 0 1 "Arrest"
0 26 52 116 140 975 1 0 1 "Arrest"
0 26 52 116 140 976 1 0 1 "Arrest"
0 26 52 116 140 977 1 0 1 "Arrest"
0 26 52 116 140 978 1 0 1 "Arrest"
0 26 52 116 140 979 1 0 1 "Arrest"
0 26 52 116 140 980 1 0 1 "Arrest"
0 26 52 116 140 981 1 0 1 "Arrest"
0 26 52 116 141 982 1 0 1 "Arrest"
0 26 52 116 141 983 1 0 1 "Arrest"
0 26 52 116 141 984 1 0 1 "Arrest"
0 26 52 116 141 985 1 0 1 "Arrest"
0 26 52 116 141 986 1 0 1 "Arrest"
0 25 52 116 141 987 1 0 1 "Arrest"
0 25 52 116 141 988 1 0 1 "Arrest"
0 25 52 116 141 989 1 0 1 "Arrest"
0 25 52 116 141 990 1 0 1 "Arrest"
0 25 52 116 141 991 1 0 1 "Arrest"
0 25 52 116 141 992 1 0 1 "Arrest"
0 25 52 116 141 993 1 0 1 "Arrest"
0 25 52 116 141 994 1 0 1 "Arrest"
0 25 52 116 141 995 1 0 1 "Arrest"
0 25 52 116 141 996 1 0 1 "Arrest"
0 25 52 116 142 997 1 0 1 "Arrest"
0 25 52 116 142 998 1 0 1 "Arrest"
0 25 52 116 142 999 1 0 1 "Arrest"
0 25 52 116 142 1000 1 0 1 "Arrest"
0 25 52 116 142 1001 1 0 1 "Arrest"
0 25 52 116 142 1002 1 0 1 "Arrest"
0 25 52 116 142 1003 1 0 1 "Arrest"
0 25 52 116 142 1004 1 0 1 "Arrest"
0 24 52 116 142 1005 1 0 1 "Arrest"
0 24 52 116 142 1006 1 0 1 "Arrest"
0 24 52 116 142 1007 1 0 1 "Arrest"
0 24 52 116 142 1008 1 0 1 "Arrest"
0 24 52 116 142 1009 1 0 1 "Arrest"
0 24 52 116 142 1010 1 0 1 "Arrest"
0 24 52 116 142 1011 1 0 1 "Arrest"
0 24 52 116 143 1012 1 0 1 "Arrest"
0 24 52 116 143 1013 1 0 1 "Arrest"
0 24 52 116 143 1014 1 0 1 "Arrest"
0 24 52 116 143 1015 1 0 1 "Arrest"
0 24 52 116 143 1016 1 0 1 "Arrest"
0 24 52 116 143 1017 1 0 1 "Arrest"
0 24 52 116 143 1018 1 0 1 "Arrest"
0 24 52 116 143 1019 1 0 1 "Arrest"
0 24 52 116 143 1020 1 0 1 "Arrest"
0 24 52 116 143 1021 1 0 1 "Arrest"
0 24 52 116 143 1022 1 0 1 "Arrest"
0 23 52 116 143 1023 1 0 1 "Arrest"
0 23 52 116 143 1024 1 0 1 "Arrest"
0 23 52 116 143 1025 1 0 1 "Arrest"
0 23 52 116 143 1026 1 0 1 "Arrest"
0 23 52 116 144 1027 1 0 1 "Arrest"
0 23 52 116 144 1028 1 0 1 "Arrest"
0 23 52 116 144 1029 1 0 1 "Arrest"
0 23 52 116 144 1030 1 0 1 "Arrest"
0 23 52 116 144 1031 1 0 1 "Arrest"
0 23 52 116 144 1032 1 0 1 "Arrest"
0 23 52 116 144 1033 1 0 1 "Arrest"
0 23 52 116 144 1034 1 0 1 "Arrest"
0 23 52 116 144 1035 1 0 1 "Arrest"
0 23 52 116 144 1036 1 0 1 "Arrest"
0 23 52 116 144 1037 1 0 1 "Arrest"
0 23 52 116 144 1038 1 0 1 "Arrest"
0 23 52 116 144 1039 1 0 1 "Arrest"
0 23 52 116 144 1040 1 0 1 "Arrest"
0 22 52 116 144 1041 1 0 1 "Arrest"
0 22 52 116 145 1042 1 0 1 "Arrest"
0 22 52 116 145 1043 1 0 1 "Arrest"
0 22 52 116 145 1044 1 0 1 "Arrest"
0 22 52 116 145 1045 1 0 1 "Arrest"
0 22 52 116 145 1046 1 0 1 "Arrest"
0 22 52 116 145 1047 1 0 1 "Arrest"
0 22 52 116 145 1048 1 0 1 "Arrest"
0 22 52 116 145 1049 1 0 1 "Arrest"
0 22 52 116 145 1050 1 0 1 "Arrest"
0 22 52 116 145 1051 1 0 1 "Arrest"
0 22 52 116 145 1052 1 0 1 "Arrest"
0 22 52 116 145 1053 1 0 1 "Arrest"
0 22 52 116 145 1054 1 0 1 "Arrest"
0 22 52 116 145 1055 1 0 1 "Arrest"
0 22 52 116 145 1056 1 0 1 "Arrest"
0 22 52 116 146 1057 1 0 1 "Arrest"
0 22 52 116 146 1058 1 0 1 "Arrest"
0 21 52 116 146 1059 1 0 1 "Arrest"
0 21 52 116 146 1060 1 0 1 "Arrest"
0 21 52 116 146 1061 1 0 1 "Arrest"
0 21 52 116 146 1062 1 0 1 "Arrest"
0 21 52 116 146 1063 1 0 1 "Arrest"
0 21 52 116 146 1064 1 0 1 "Arrest"
0 21 52 116 146 1065 1 0 1 "Arrest"
0 21 52 116 146 1066 1 0 1 "Arrest"
0 21 52 116 146 1067 1 0 1 "Arrest"
0 21 52 116 146 1068 1 0 1 "Arrest"
0 21 52 116 146 1069 1 0 1 "Arrest"
0 21 52 116 146 1070 1 0 1 "Arrest"
0 21 52 116 146 1071 1 0 1 "Arrest"
0 21 52 116 147 1072 1 0 1 "Arrest"
0 21 52 116 147 1073 1 0 1 "Arrest"
0 21 52 116 147 1074 1 0 1 "Arrest"
0 21 52 116 147 1075 1 0 1 "Arrest"
0 21 52 116 147 1076 1 0 1 "Arrest"
0 20 52 116 147 1077 1 0 1 "Arrest"
0 20 52 116 147 1078 1 0 1 "Arrest"
0 20 52 116 147 1079 1 0 1 "Arrest"
0 20 52 116 147 1080 1 0 1 "Arrest"
0 20 52 116 147 1081 1 0 1 "Arrest"
0 20 52 116 147 1082 1 0 1 "Arrest"
0 20 52 116 147 1083 1 0 1 "Arrest"
0 20 52 116 147 1084 1 0 1 "Arrest"
0 20 52 116 147 1085 1 0 1 "Arrest"
0 20 52 116 147 1086 1 0 1 "Arrest"
0 20 52 116 148 1087 1 0 1 "Arrest"
0 20 52 116 148 1088 1 0 1 "Arrest"
0 20 52 116 148 1089 1 0 1 "Arrest"
0 20 52 116 148 1090 1 0 1 "Arrest"
0 20 52 116 148 1091 1 0 1 "Arrest"
0 20 52 116 148 1092 1 0 1 "Arrest"
0 20 52 116 148 1093 1 0 1 "Arrest"
0 20 52 116 148 1094 1 0 1 "Arrest"
0 19 52 116 148 1095 1 0 1 "Arrest"
0 19 52 116 148 1096 1 0 1 "Arrest"
0 19 52 116 148 1097 1 0 1 "Arrest"
0 19 52 116 148 1098 1 0 1 "Arrest"
0 19 52 116 148 1099 1 0 1 "Arrest"
0 19 52 116 148 1100 1 0 1 "Arrest"
0 19 52 116 148 1101 1 0 1 "Arrest"
0 19 52 116 149 1102 1 0 1 "Arrest"
0 19 52 116 149 1103 1 0 1 "Arrest"
0 19 52 116 149 1104 1 0 1 "Arrest"
0 19 52 116 149 1105 1 0 1 "Arrest"
0 19 52 116 149 1106 1 0 1 "Arrest"
0 19 52 116 149 1107 1 0 1 "Arrest"
0 19 52 116 149 1108 1 0 1 "Arrest"
0 19 52 116 149 1109 1 0 1 "Arrest"
0 19 52 116 149 1110 1 0 1 "Arrest"
0 19 52 116 149 1111 1 0 1 "Arrest"
0 19 52 116 149 1112 1 0 1 "Arrest"
0 18 52 116 149 1113 1 0 1 "Arrest"
0 18 52 116 149 1114 1 0 1 "Arrest"
0 18 52 116 149 1115 1 0 1 "Arrest"
0 18 52 116 149 1116 1 0 1 "Arrest"
0 18 52 116 150 1117 1 0 1 "Arrest"
0 18 52 116 150 1118 1 0 1 "Arrest"
0 18 52 116 150 1119 1 0 1 "Arrest"
0 18 52 116 150 1120 1 0 1 "Arrest"
0 18 52 116 150 1121 1 0 1 "Arrest"
0 18 52 116 150 1122 1 0 1 "Arrest"
0 18 52 116 150 1123 1 0 1 "Arrest"
0 18 52 116 150 1124 1 0 1 "Arrest"
0 18 52 116 150 1125 1 0 1 "Arrest"
0 18 52 116 150 1126 1 0 1 "Arrest"
0 18 52 116 150 1127 1 0 1 "Arrest"
0 18 52 116 150 1128 1 0 1 "Arrest"
0 18 52 116 150 1129 1 0 1 "Arrest"
0 18 52 116 150 1130 1 0 1 "Arrest"
0 18 52 116 151 1131 0 0 0 "Arrest"
0 20 52 120 151 1132 0 0 1 "Arrest"
0 22 52 125 151 1133 0 0 1 "Arrest"
0 24 52 130 151 1134 0 0 1 "Arrest"
0 27 53 135 151 1135 0 0 1 "Arrest"
0 29 53 140 151 1136 0 0 1 "Arrest"
0 31 53 145 151 1137 0 0 1 "Arrest"
0 34 54 150 152 1138 0 0 0 "Arrest"
0 40 54 156 152 1139 0 0 1 "Arrest"
0 46 54 162 152 1140 0 0 1 "Arrest"
0 52 55 168 153 1141 0 0 0 "Arrest"
0 59 55 175 153 1142 0 0 1 "Arrest"
0 67 56 183 154 1143 0 0 1 "Arrest"
0 75 57 191 155 1144 0 0 0 "Arrest"
0 79 57 191 154 1145 0 0 1 "Arrest"
0 84 57 191 154 1146 0 0 1 "Arrest"
0 88 57 191 154 1147 0 0 1 "Arrest"
0 93 57 191 154 1148 0 0 0 "Arrest"
0 96 57 194 154 1149 0 0 1 "Arrest"
0 99 57 197 154 1150 0 0 1 "Arrest"
0 102 58 200 155 1151 0 0 0 "Arrest"
0 104 57 202 154 1152 0 0 1 "Arrest"
0 106 57 204 154 1153 0 0 1 "Arrest"
0 108 56 206 153 1154 0 0 1 "Arrest"
0 110 56 208 153 1155 0 0 1 "Arrest"
0 113 56 211 153 1156 0 0 0 "Arrest"
0 113 56 211 153 1157 0 0 1 "Arrest"
0 114 56 212 153 1158 0 0 1 "Arrest"
0 115 57 213 154 1159 0 0 1 "Arrest"
0 116 57 214 154 1160 0 0 1 "Arrest"
0 116 58 214 155 1161 0 0 1 "Arrest"
0 117 58 215 155 1162 0 0 1 "Arrest"
0 118 58 216 155 1163 0 0 1 "Arrest"
0 119 59 217 156 1164 0 0 1 "Arrest"
0 119 59 217 156 1165 0 0 1 "Arrest"
0 120 60 218 157 1166 0 0 1 "Arrest"
0 121 60 219 157 1167 0 0 1 "Arrest"
0 122 61 220 158 1168 0 0 0 "Arrest"
0 117 61 219 158 1169 0 0 1 "Arrest"
0 112 61 218 158 1170 0 0 1 "Arrest"
0 108 61 217 158 1171 0 0 1 "Arrest"
0 103 61 216 158 1172 0 0 1 "Arrest"
0 99 61 215 158 1173 0 0 1 "Arrest"
0 94 61 214 158 1174 0 0 1 "Arrest"
0 90 62 213 158 1175 0 0 0 "Arrest"
0 90 62 213 158 1176 0 0 1 "Arrest"
0 91 62 214 158 1177 0 0 1 "Arrest"
0 92 62 215 158 1178 0 0 1 "Arrest"
0 92 62 215 158 1179 0 0 1 "Arrest"
0 93 62 216 158 1180 0 0 1 "Arrest"
0 94 62 217 158 1181 0 0 1 "Arrest"
0 94 62 217 158 1182 0 0 1 "Arrest"
0 95 62 218 158 1183 0 0 1 "Arrest"
0 96 62 219 158 1184 0 0 1 "Arrest"
0 97 63 220 159 1185 0 0 0 "Arrest"
0 98 63 219 159 1186 0 0 1 "Arrest"
0 100 63 219 159 1187 0 0 1 "Arrest"
0 102 63 219 160 1188 0 0 1 "Arrest"
0 103 63 219 160 1189 0 0 1 "Arrest"
0 105 63 218 161 1190 0 0 1 "Arrest"
0 107 63 218 161 1191 0 0 1 "Arrest"
0 108 63 218 162 1192 0 0 1 "Arrest"
0 110 63 218 162 1193 0 0 1 "Arrest"
0 112 63 217 163 1194 0 0 1 "Arrest"
0 113 63 217 163 1195 0 0 1 "Arrest"
0 115 63 217 164 1196 0 0 1 "Arrest"
0 117 63 217 164 1197 0 0 1 "Arrest"
0 119 64 217 165 1198 0 0 0 "Arrest"
0 118 64 216 165 1199 0 0 1 "Arrest"
0 117 64 215 165 1200 0 0 1 "Arrest"
0 117 64 215 165 1201 0 0 1 "Arrest"
0 116 64 214 165 1202 0 0 1 "Arrest"
0 115 65 213 166 1203 0 0 1 "Arrest"
0 115 65 213 166 1204 0 0 1 "Arrest"
0 114 65 212 166 1205 0 0 1 "Arrest"
0 113 65 211 166 1206 0 0 1 "Arrest"
0 113 65 211 166 1207 0 0 1 "Arrest"
0 112 66 210 167 1208 0 0 1 "Arrest"
0 111 66 209 167 1209 0 0 1 "Arrest"
0 111 66 209 167 1210 0 0 1 "Arrest"
0 110 66 208 167 1211 0 0 1 "Arrest"
0 110 67 208 168 1212 0 0 0 "Arrest"
0 107 67 205 168 1213 0 0 1 "Arrest"
0 105 67 203 168 1214 0 0 1 "Arrest"
0 103 67 201 168 1215 0 0 1 "Arrest"
0 101 67 199 168 1216 0 0 1 "Arrest"
0 99 67 197 168 1217 0 0 1 "Arrest"
0 97 67 195 168 1218 0 0 1 "Arrest"
0 95 67 193 168 1219 0 0 1 "Arrest"
0 93 67 191 168 1220 0 0 1 "Arrest"
0 91 67 189 168 1221 0 0 0 "Arrest"
0 89 67 187 168 1222 0 0 1 "Arrest"
0 88 67 186 168 1223 0 0 1 "Arrest"
0 87 67 185 168 1224 0 0 1 "Arrest"
0 85 68 183 169 1225 0 0 1 "Arrest"
0 84 68 182 169 1226 0 0 1 "Arrest"
0 83 68 181 169 1227 0 0 1 "Arrest"
0 82 69 180 170 1228 0 0 0 "Arrest"
0 76 69 180 169 1229 0 0 1 "Arrest"
0 70 69 180 169 1230 0 0 1 "Arrest"
0 64 69 181 169 1231 0 0 0 "Arrest"
0 64 68 181 168 1232 0 0 1 "Arrest"
0 65 67 182 168 1233 0 0 1 "Arrest"
0 66 67 183 168 1234 0 0 1 "Arrest"
0 67 66 183 168 1235 0 0 1 "Arrest"
0 67 66 184 168 1236 0 0 1 "Arrest"
0 68 65 185 168 1237 0 0 1 "Arrest"
0 69 65 186 168 1238 0 0 1 "Arrest"
0 70 64 186 168 1239 0 0 1 "Arrest"
0 71 63 187 168 1240 0 0 1 "Arrest"
0 71 63 188 168 1241 0 0 1 "Arrest"
0 72 62 188 168 1242 0 0 1 "Arrest"
0 73 62 189 168 1243 0 0 1 "Arrest"
0 74 61 190 168 1244 0 0 1 "Arrest"
0 75 61 191 168 1245 0 0 0 "Arrest"
0 74 61 191 167 1246 0 0 1 "Arrest"
0 74 61 191 167 1247 0 0 1 "Arrest"
0 73 61 191 167 1248 0 0 1 "Arrest"
0 73 61 191 167 1249 0 0 1 "Arrest"
0 73 61 191 167 1250 0 0 1 "Arrest"
0 72 61 191 167 1251 0 0 1 "Arrest"
0 72 61 191 167 1252 0 0 1 "Arrest"
0 71 61 191 167 1253 0 0 1 "Arrest"
0 71 61 191 167 1254 0 0 1 "Arrest"
0 71 61 191 167 1255 0 0 1 "Arrest"
0 70 61 191 167 1256 0 0 1 "Arrest"
0 70 61 191 167 1257 0 0 1 "Arrest"
0 69 61 191 167 1258 0 0 1 "Arrest"
0 69 61 191 167 1259 0 0 1 "Arrest"
0 69 61 191 167 1260 0 0 1 "Arrest"
0 68 61 191 167 1261 0 0 1 "Arrest"
0 68 61 191 167 1262 0 0 1 "Arrest"
0 67 61 191 167 1263 0 0 1 "Arrest"
0 67 61 191 167 1264 0 0 1 "Arrest"
0 67 61 191 167 1265 0 0 1 "Arrest"
0 66 61 191 167 1266 0 0 1 "Arrest"
0 66 61 191 167 1267 0 0 1 "Arrest"
0 65 61 191 167 1268 0 0 1 "Arrest"
0 65 61 191 167 1269 0 0 1 "Arrest"
0 65 61 191 167 1270 0 0 1 "Arrest"
0 64 61 191 167 1271 0 0 1 "Arrest"
0 64 61 191 167 1272 0 0 1 "Arrest"
0 64 61 191 167 1273 0 0 0 "Arrest"
0 62 61 189 167 1274 0 0 1 "Arrest"
0 61 61 188 167 1275 0 0 1 "Arrest"
0 60 61 187 167 1276 0 0 1 "Arrest"
0 59 62 186 168 1277 0 0 0 "Arrest"
0 59 61 186 167 1278 0 0 1 "Arrest"
0 59 61 186 167 1279 0 0 1 "Arrest"
0 59 61 186 167 1280 0 0 1 "Arrest"
0 60 61 187 167 1281 0 0 1 "Arrest"
0 60 61 187 167 1282 0 0 1 "Arrest"
0 60 61 187 167 1283 0 0 1 "Arrest"
0 60 61 187 167 1284 0 0 1 "Arrest"
0 61 61 188 167 1285 0 0 1 "Arrest"
0 61 61 188 167 1286 0 0 1 "Arrest"
0 61 61 188 167 1287 0 0 1 "Arrest"
0 61 61 188 167 1288 0 0 1 "Arrest"
0 62 61 189 167 1289 0 0 1 "Arrest"
0 62 61 189 167 1290 0 0 1 "Arrest"
0 62 61 189 167 1291 0 0 1 "Arrest"
0 62 61 189 167 1292 0 0 1 "Arrest"
0 63 61 190 167 1293 0 0 1 "Arrest"
0 63 61 190 167 1294 0 0 1 "Arrest"
0 63 61 190 167 1295 0 0 1 "Arrest"
0 64 61 191 167 1296 0 0 1 "Arrest"
0 64 61 191 167 1297 0 0 1 "Arrest"
0 64 61 191 167 1298 0 0 1 "Arrest"
0 64 61 191 167 1299 0 0 1 "Arrest"
0 65 61 192 167 1300 0 0 1 "Arrest"
0 65 61 192 167 1301 0 0 1 "Arrest"
0 65 61 192 167 1302 0 0 1 "Arrest"
0 65 61 192 167 1303 0 0 1 "Arrest"
0 66 61 193 167 1304 0 0 1 "Arrest"
0 66 61 193 167 1305 0 0 1 "Arrest"
0 66 61 193 167 1306 0 0 1 "Arrest"
0 66 61 193 167 1307 0 0 1 "Arrest"
0 67 61 194 167 1308 0 0 1 "Arrest"
0 67 61 194 167 1309 0 0 1 "Arrest"
0 67 61 194 167 1310 0 0 1 "Arrest"
0 68 61 195 167 1311 0 0 1 "Arrest"
0 68 61 195 167 1312 0 0 1 "Arrest"
0 68 61 195 167 1313 0 0 1 "Arrest"
0 68 61 195 167 1314 0 0 1 "Arrest"
0 69 61 196 167 1315 0 0 1 "Arrest"
0 69 61 196 167 1316 0 0 1 "Arrest"
0 69 61 196 167 1317 0 0 1 "Arrest"
0 69 61 196 167 1318 0 0 1 "Arrest"
0 70 61 197 167 1319 0 0 1 "Arrest"
0 70 61 197 167 1320 0 0 1 "Arrest"
0 70 61 197 167 1321 0 0 1 "Arrest"
0 70 61 197 167 1322 0 0 1 "Arrest"
0 71 61 198 167 1323 0 0 1 "Arrest"
0 71 61 198 167 1324 0 0 1 "Arrest"
0 71 61 198 167 1325 0 0 1 "Arrest"
0 72 61 199 167 1326 0 0 0 "Arrest"
0 71 61 198 167 1327 0 0 1 "Arrest"
0 71 61 198 167 1328 0 0 1 "Arrest"
0 71 61 198 167 1329 0 0 1 "Arrest"
0 71 61 198 167 1330 0 0 1 "Arrest"
0 71 61 198 167 1331 0 0 1 "Arrest"
0 71 61 198 167 1332 0 0 1 "Arrest"
0 71 61 198 167 1333 0 0 1 "Arrest"
0 70 61 197 167 1334 0 0 1 "Arrest"
0 70 61 197 167 1335 0 0 1 "Arrest"
0 70 61 197 167 1336 0 0 1 "Arrest"
0 70 61 197 167 1337 0 0 1 "Arrest"
0 70 61 197 167 1338 0 0 1 "Arrest"
0 70 61 197 167 1339 0 0 1 "Arrest"
0 70 62 197 168 1340 0 0 1 "Arrest"
0 69 62 196 168 1341 0 0 1 "Arrest"
0 69 62 196 168 1342 0 0 1 "Arrest"
0 69 62 196 168 1343 0 0 1 "Arrest"
0 69 62 196 168 1344 0 0 1 "Arrest"
0 69 62 196 168 1345 0 0 1 "Arrest"
0 69 62 196 168 1346 0 0 1 "Arrest"
0 69 62 196 168 1347 0 0 1 "Arrest"
0 68 62 195 168 1348 0 0 1 "Arrest"
0 68 62 195 168 1349 0 0 1 "Arrest"
0 68 62 195 168 1350 0 0 1 "Arrest"
0 68 62 195 168 1351 0 0 1 "Arrest"
0 68 62 195 168 1352 0 0 1 "Arrest"
0 68 62 195 168 1353 0 0 1 "Arrest"
0 68 63 195 169 1354 0 0 1 "Arrest"
0 67 63 194 169 1355 0 0 1 "Arrest"
0 67 63 194 169 1356 0 0 1 "Arrest"
0 67 63 194 169 1357 0 0 1 "Arrest"
0 67 63 194 169 1358 0 0 1 "Arrest"
0 67 63 194 169 1359 0 0 1 "Arrest"
0 67 63 194 169 1360 0 0 1 "Arrest"
0 67 63 194 169 1361 0 0 1 "Arrest"
0 66 63 193 169 1362 0 0 1 "Arrest"
0 66 63 193 169 1363 0 0 1 "Arrest"
0 66 63 193 169 1364 0 0 1 "Arrest"
0 66 63 193 169 1365 0 0 1 "Arrest"
0 66 63 193 169 1366 0 0 1 "Arrest"
0 66 63 193 169 1367 0 0 1 "Arrest"
0 66 64 193 170 1368 0 0 1 "Arrest"
0 65 64 192 170 1369 0 0 1 "Arrest"
0 65 64 192 170 1370 0 0 1 "Arrest"
0 65 64 192 170 1371 0 0 1 "Arrest"
0 65 64 192 170 1372 0 0 1 "Arrest"
0 65 64 192 170 1373 0 0 1 "Arrest"
0 65 64 192 170 1374 0 0 1 "Arrest"
0 65 64 192 170 1375 0 0 1 "Arrest"
0 64 64 191 170 1376 0 0 1 "Arrest"
0 64 64 191 170 1377 0 0 1 "Arrest"
0 64 64 191 170 1378 0 0 1 "Arrest"
0 64 64 191 170 1379 0 0 1 "Arrest"
0 64 64 191 170 1380 0 0 1 "Arrest"
0 64 64 191 170 1381 0 0 1 "Arrest"
0 64 65 191 171 1382 0 0 1 "Arrest"
0 63 65 190 171 1383 0 0 1 "Arrest"
0 63 65 190 171 1384 0 0 1 "Arrest"
0 63 65 190 171 1385 0 0 1 "Arrest"
0 63 65 190 171 1386 0 0 1 "Arrest"
0 63 65 190 171 1387 0 0 1 "Arrest"
0 63 65 190 171 1388 0 0 1 "Arrest"
0 63 65 190 171 1389 0 0 1 "Arrest"
0 62 65 189 171 1390 0 0 1 "Arrest"
0 62 65 189 171 1391 0 0 1 "Arrest"
0 62 65 189 171 1392 0 0 1 "Arrest"
0 62 65 189 171 1393 0 0 1 "Arrest"
0 62 65 189 171 1394 0 0 1 "Arrest"
0 62 65 189 171 1395 0 0 1 "Arrest"
0 62 66 189 172 1396 0 0 1 "Arrest"
0 61 66 188 172 1397 0 0 1 "Arrest"
0 61 66 188 172 1398 0 0 1 "Arrest"
0 61 66 188 172 1399 0 0 1 "Arrest"
0 61 66 188 172 1400 0 0 1 "Arrest"
0 61 66 188 172 1401 0 0 1 "Arrest"
0 61 66 188 172 1402 0 0 1 "Arrest"
0 61 66 188 172 1403 0 0 1 "Arrest"
0 60 66 187 172 1404 0 0 1 "Arrest"
0 60 66 187 172 1405 0 0 1 "Arrest"
0 60 66 187 172 1406 0 0 1 "Arrest"
0 60 66 187 172 1407 0 0 1 "Arrest"
0 60 66 187 172 1408 0 0 1 "Arrest"
0 60 66 187 172 1409 0 0 1 "Arrest"
0 60 67 187 173 1410 1 0 0 "Arrest"
0 60 67 187 173 1411 1 0 1 "Arrest"
0 60 67 187 173 1412 1 0 1 "Arrest"
0 60 67 187 173 1413 1 0 1 "Arrest"
0 60 67 187 173 1414 1 0 1 "Arrest"
0 60 67 187 173 1415 1 0 1 "Arrest"
0 60 67 187 173 1416 1 0 1 "Arrest"
0 60 67 187 173 1417 1 0 1 "Arrest"
0 60 67 187 173 1418 1 0 1 "Arrest"
0 60 67 187 173 1419 1 0 1 "Arrest"
0 60 67 187 173 1420 1 0 1 "Arrest"
0 60 67 187 173 1421 1 0 1 "Arrest"
0 60 67 187 173 1422 1 0 1 "Arrest"
0 60 67 187 173 1423 1 0 1 "Arrest"
0 60 67 187 173 1424 1 0 1 "Arrest"
0 60 67 187 173 1425 1 0 1 "Arrest"
0 60 67 187 173 1426 1 0 1 "Arrest"
0 60 67 187 173 1427 1 0 1 "Arrest"
0 60 67 187 173 1428 1 0 1 "Arrest"
0 60 67 187 173 1429 1 0 1 "Arrest"
0 60 67 187 173 1430 1 0 1 "Arrest"
0 60 67 187 173 1431 1 0 1 "Arrest"
0 60 67 187 173 1432 1 0 1 "Arrest"
0 60 67 187 173 1433 1 0 1 "Arrest"
0 60 67 187 173 1434 1 0 1 "Arrest"
0 60 67 187 173 1435 1 0 1 "Arrest"
0 60 67 187 173 1436 1 0 1 "Arrest"
0 60 67 187 173 1437 1 0 1 "Arrest"
0 60 67 187 173 1438 1 0 1 "Arrest"
0 60 67 187 173 1439 1 0 1 "Arrest"
0 60 67 187 173 1440 1 0 1 "Arrest"
0 60 67 187 173 1441 1 0 1 "Arrest"
0 60 67 187 173 1442 1 0 1 "Arrest"
0 60 67 187 173 1443 1 0 1 "Arrest"
0 60 67 187 173 1444 1 0 1 "Arrest"
0 60 67 187 173 1445 1 0 1 "Arrest"
0 60 67 187 173 1446 1 0 1 "Arrest"
0 60 67 187 173 1447 1 0 1 "Arrest"
0 60 67 187 173 1448 1 0 1 "Arrest"
0 60 67 187 173 1449 1 0 1 "Arrest"
0 60 67 187 173 1450 1 0 1 "Arrest"
0 60 67 187 173 1451 1 0 1 "Arrest"
0 60 67 187 173 1452 1 0 1 "Arrest"
0 60 67 187 173 1453 1 0 1 "Arrest"
0 60 67 187 173 1454 1 0 1 "Arrest"
0 60 67 187 173 1455 1 0 1 "Arrest"
0 60 67 187 173 1456 1 0 1 "Arrest"
0 60 67 187 173 1457 1 0 1 "Arrest"
0 60 67 187 173 1458 1 0 1 "Arrest"
0 60 67 187 173 1459 1 0 1 "Arrest"
0 60 67 187 173 1460 1 0 1 "Arrest"
0 60 67 187 173 1461 1 0 0 "Arrest"
0 60 67 187 172 1462 1 0 1 "Arrest"
0 60 67 187 172 1463 1 0 1 "Arrest"
0 60 67 187 172 1464 1 0 1 "Arrest"
0 61 67 187 172 1465 1 0 1 "Arrest"
0 61 67 187 172 1466 1 0 1 "Arrest"
0 61 67 187 172 1467 1 0 1 "Arrest"
0 62 67 187 172 1468 1 0 1 "Arrest"
0 62 67 188 172 1469 1 0 1 "Arrest"
0 62 67 188 172 1470 1 0 1 "Arrest"
0 62 67 188 172 1471 1 0 1 "Arrest"
0 63 67 188 172 1472 1 0 1 "Arrest"
0 63 67 188 172 1473 1 0 1 "Arrest"
0 63 68 188 172 1474 1 0 1 "Arrest"
0 64 68 188 172 1475 1 0 1 "Arrest"
0 64 68 189 172 1476 1 0 1 "Arrest"
0 64 68 189 172 1477 1 0 1 "Arrest"
0 64 68 189 172 1478 1 0 1 "Arrest"
0 65 68 189 172 1479 1 0 1 "Arrest"
0 65 68 189 172 1480 1 0 1 "Arrest"
0 65 68 189 172 1481 1 0 1 "Arrest"
0 66 68 189 172 1482 1 0 1 "Arrest"
0 66 68 190 172 1483 1 0 1 "Arrest"
0 66 68 190 172 1484 1 0 1 "Arrest"
0 66 68 190 172 1485 1 0 1 "Arrest"
0 67 69 190 172 1486 1 0 1 "Arrest"
0 67 69 190 172 1487 1 0 1 "Arrest"
0 67 69 190 172 1488 1 0 1 "Arrest"
0 68 69 190 172 1489 1 0 1 "Arrest"
0 68 69 191 172 1490 1 0 1 "Arrest"
0 68 69 191 172 1491 1 0 1 "Arrest"
0 68 69 191 172 1492 1 0 1 "Arrest"
0 69 69 191 172 1493 1 0 1 "Arrest"
0 69 69 191 172 1494 1 0 1 "Arrest"
0 69 69 191 172 1495 1 0 1 "Arrest"
0 70 69 191 171 1496 1 0 1 "Arrest"
0 70 69 192 171 1497 1 0 1 "Arrest"
0 70 70 192 171 1498 1 0 1 "Arrest"
0 71 70 192 171 1499 1 0 1 "Arrest"
0 71 70 192 171 1500 1 0 1 "Arrest"
0 71 70 192 171 1501 1 0 1 "Arrest"
0 71 70 192 171 1502 1 0 1 "Arrest"
0 72 70 192 171 1503 1 0 1 "Arrest"
0 72 70 192 171 1504 1 0 1 "Arrest"
0 72 70 193 171 1505 1 0 1 "Arrest"
0 73 70 193 171 1506 1 0 1 "Arrest"
0 73 70 193 171 1507 1 0 1 "Arrest"
0 73 70 193 171 1508 1 0 1 "Arrest"
0 73 70 193 171 1509 1 0 1 "Arrest"
0 74 70 193 171 1510 1 0 1 "Arrest"
0 74 71 193 171 1511 1 0 1 "Arrest"
0 74 71 194 171 1512 1 0 1 "Arrest"
0 75 71 194 171 1513 1 0 1 "Arrest"
0 75 71 194 171 1514 1 0 1 "Arrest"
0 75 71 194 171 1515 1 0 1 "Arrest"
0 75 71 194 171 1516 1 0 1 "Arrest"
0 76 71 194 171 1517 1 0 1 "Arrest"
0 76 71 194 171 1518 1 0 1 "Arrest"
0 76 71 195 171 1519 1 0 1 "Arrest"
0 77 71 195 171 1520 1 0 1 "Arrest"
0 77 71 195 171 1521 1 0 1 "Arrest"
0 77 71 195 171 1522 1 0 1 "Arrest"
0 77 72 195 171 1523 1 0 1 "Arrest"
0 78 72 195 171 1524 1 0 1 "Arrest"
0 78 72 195 171 1525 1 0 1 "Arrest"
0 78 72 196 171 1526 1 0 1 "Arrest"
0 79 72 196 171 1527 1 0 1 "Arrest"
0 79 72 196 171 1528 1 0 1 "Arrest"
0 79 72 196 171 1529 1 0 1 "Arrest"
0 80 72 196 171 1530 1 0 1 "Arrest"
0 80 72 196 170 1531 1 0 1 "Arrest"
0 80 72 196 170 1532 1 0 1 "Arrest"
0 80 72 197 170 1533 1 0 1 "Arrest"
0 81 72 197 170 1534 1 0 1 "Arrest"
0 81 73 197 170 1535 1 0 1 "Arrest"
0 81 73 197 170 1536 1 0 1 "Arrest"
0 82 73 197 170 1537 1 0 1 "Arrest"
0 82 73 197 170 1538 1 0 1 "Arrest"
0 82 73 197 170 1539 1 0 1 "Arrest"
0 82 73 197 170 1540 1 0 1 "Arrest"
0 83 73 198 170 1541 1 0 1 "Arrest"
0 83 73 198 170 1542 1 0 1 "Arrest"
0 83 73 198 170 1543 1 0 1 "Arrest"
0 84 73 198 170 1544 1 0 1 "Arrest"
0 84 73 198 170 1545 1 0 1 "Arrest"
0 84 73 198 170 1546 1 0 1 "Arrest"
0 84 73 198 170 1547 1 0 1 "Arrest"
0 85 74 199 170 1548 1 0 1 "Arrest"
0 85 74 199 170 1549 1 0 1 "Arrest"
0 85 74 199 170 1550 1 0 1 "Arrest"
0 86 74 199 170 1551 1 0 1 "Arrest"
0 86 74 199 170 1552 1 0 1 "Arrest"
0 86 74 199 170 1553 1 0 1 "Arrest"
0 86 74 199 170 1554 1 0 1 "Arrest"
0 87 74 200 170 1555 1 0 1 "Arrest"
0 87 74 200 170 1556 1 0 1 "Arrest"
0 87 74 200 170 1557 1 0 1 "Arrest"
0 88 74 200 170 1558 1 0 1 "Arrest"
0 88 74 200 170 1559 1 0 1 "Arrest"
0 88 75 200 170 1560 1 0 1 "Arrest"
0 88 75 200 170 1561 1 0 1 "Arrest"
0 89 75 201 170 1562 1 0 1 "Arrest"
0 89 75 201 170 1563 1 0 1 "Arrest"
0 89 75 201 170 1564 1 0 1 "Arrest"
0 90 75 201 169 1565 1 0 1 "Arrest"
0 90 75 201 169 1566 1 0 1 "Arrest"
0 90 75 201 169 1567 1 0 1 "Arrest"
0 91 75 201 169 1568 1 0 1 "Arrest"
0 91 75 202 169 1569 1 0 1 "Arrest"
0 91 75 202 169 1570 1 0 1 "Arrest"
0 91 75 202 169 1571 1 0 1 "Arrest"
0 92 76 202 169 1572 1 0 1 "Arrest"
0 92 76 202 169 1573 1 0 1 "Arrest"
0 92 76 202 169 1574 1 0 1 "Arrest"
0 93 76 202 169 1575 1 0 1 "Arrest"
0 93 76 203 169 1576 1 0 1 "Arrest"
0 93 76 203 169 1577 1 0 1 "Arrest"
0 93 76 203 169 1578 1 0 1 "Arrest"
0 94 76 203 169 1579 1 0 1 "Arrest"
0 94 76 203 169 1580 1 0 1 "Arrest"
0 94 76 203 169 1581 1 0 1 "Arrest"
0 95 76 203 169 1582 1 0 1 "Arrest"
0 95 76 203 169 1583 1 0 1 "Arrest"
0 95 76 204 169 1584 1 0 1 "Arrest"
0 95 77 204 169 1585 1 0 1 "Arrest"
0 96 77 204 169 1586 1 0 1 "Arrest"
0 96 77 204 169 1587 1 0 1 "Arrest"
0 96 77 204 169 1588 1 0 1 "Arrest"
0 97 77 204 169 1589 1 0 1 "Arrest"
0 97 77 204 169 1590 1 0 1 "Arrest"
0 97 77 205 169 1591 1 0 1 "Arrest"
0 97 77 205 169 1592 1 0 1 "Arrest"
0 98 77 205 169 1593 1 0 1 "Arrest"
0 98 77 205 169 1594 1 0 1 "Arrest"
0 98 77 205 169 1595 1 0 1 "Arrest"
0 99 77 205 169 1596 1 0 1 "Arrest"
0 99 78 205 169 1597 1 0 1 "Arrest"
0 99 78 206 169 1598 1 0 1 "Arrest"
0 100 78 206 169 1599 1 0 1 "Arrest"
0 100 78 206 168 1600 1 0 1 "Arrest"
0 100 78 206 168 1601 1 0 1 "Arrest"
0 100 78 206 168 1602 1 0 1 "Arrest"
0 101 78 206 168 1603 1 0 1 "Arrest"
0 101 78 206 168 1604 1 0 1 "Arrest"
0 101 78 207 168 1605 1 0 1 "Arrest"
0 102 78 207 168 1606 1 0 1 "Arrest"
0 102 78 207 168 1607 1 0 1 "Arrest"
0 102 78 207 168 1608 1 0 1 "Arrest"
0 102 79 207 168 1609 1 0 1 "Arrest"
0 103 79 207 168 1610 1 0 1 "Arrest"
0 103 79 207 168 1611 1 0 1 "Arrest"
0 103 79 208 168 1612 1 0 1 "Arrest"
0 104 79 208 168 1613 1 0 1 "Arrest"
0 104 79 208 168 1614 1 0 1 "Arrest"
0 104 79 208 168 1615 1 0 1 "Arrest"
0 104 79 208 168 1616 1 0 1 "Arrest"
0 105 79 208 168 1617 1 0 1 "Arrest"
0 105 79 208 168 1618 1 0 1 "Arrest"
0 105 79 208 168 1619 1 0 1 "Arrest"
0 106 79 209 168 1620 1 0 1 "Arrest"
0 106 79 209 168 1621 1 0 1 "Arrest"
0 106 80 209 168 1622 1 0 1 "Arrest"
0 106 80 209 168 1623 1 0 1 "Arrest"
0 107 80 209 168 1624 1 0 1 "Arrest"
0 107 80 209 168 1625 1 0 1 "Arrest"
0 107 80 209 168 1626 1 0 1 "Arrest"
0 108 80 210 168 1627 1 0 1 "Arrest"
0 108 80 210 168 1628 1 0 1 "Arrest"
0 108 80 210 168 1629 1 0 1 "Arrest"
0 108 80 210 168 1630 1 0 1 "Arrest"
0 109 80 210 168 1631 1 0 1 "Arrest"
0 109 80 210 168 1632 1 0 1 "Arrest"
0 109 80 210 168 1633 1 0 1 "Arrest"
0 110 81 211 167 1634 1 0 1 "Arrest"
0 110 81 211 167 1635 1 0 1 "Arrest"
0 110 81 211 167 1636 1 0 1 "Arrest"
0 111 81 211 167 1637 1 0 1 "Arrest"
0 111 81 211 167 1638 1 0 1 "Arrest"
0 111 81 211 167 1639 1 0 1 "Arrest"
0 111 81 211 167 1640 1 0 1 "Arrest"
0 112 81 212 167 1641 1 0 1 "Arrest"
0 112 81 212 167 1642 1 0 1 "Arrest"
0 112 81 212 167 1643 1 0 1 "Arrest"
0 113 81 212 167 1644 1 0 1 "Arrest"
0 113 81 212 167 1645 1 0 1 "Arrest"
0 113 82 212 167 1646 1 0 1 "Arrest"
0 113 82 212 167 1647 1 0 1 "Arrest"
0 114 82 213 167 1648 1 0 1 "Arrest"
0 114 82 213 167 1649 1 0 1 "Arrest"
0 114 82 213 167 1650 1 0 1 "Arrest"
0 115 82 213 167 1651 1 0 1 "Arrest"
0 115 82 213 167 1652 1 0 1 "Arrest"
0 115 82 213 167 1653 1 0 1 "Arrest"
0 115 82 213 167 1654 1 0 1 "Arrest"
0 116 82 213 167 1655 1 0 1 "Arrest"
0 116 82 214 167 1656 1 0 1 "Arrest"
0 116 82 214 167 1657 1 0 1 "Arrest"
0 117 82 214 167 1658 1 0 1 "Arrest"
0 117 83 214 167 1659 1 0 1 "Arrest"
0 117 83 214 167 1660 1 0 1 "Arrest"
0 117 83 214 167 1661 1 0 1 "Arrest"
0 118 83 214 167 1662 1 0 1 "Arrest"
0 118 83 215 167 1663 1 0 1 "Arrest"
0 118 83 215 167 1664 1 0 1 "Arrest"
0 119 83 215 167 1665 1 0 1 "Arrest"
0 119 83 215 167 1666 1 0 1 "Arrest"
0 119 83 215 167 1667 1 0 1 "Arrest"
0 120 83 215 167 1668 1 0 1 "Arrest"
0 120 83 215 166 1669 1 0 1 "Arrest"
0 120 83 216 166 1670 1 0 1 "Arrest"
0 120 84 216 166 1671 1 0 1 "Arrest"
0 121 84 216 166 1672 1 0 1 "Arrest"
0 121 84 216 166 1673 1 0 1 "Arrest"
0 121 84 216 166 1674 1 0 1 "Arrest"
0 122 84 216 166 1675 1 0 1 "Arrest"
0 122 84 216 166 1676 1 0 1 "Arrest"
0 122 84 217 166 1677 1 0 1 "Arrest"
0 122 84 217 166 1678 1 0 1 "Arrest"
0 123 84 217 166 1679 1 0 1 "Arrest"
0 123 84 217 166 1680 1 0 1 "Arrest"
0 123 84 217 166 1681 1 0 1 "Arrest"
0 124 84 217 166 1682 1 0 1 "Arrest"
0 124 85 217 166 1683 1 0 1 "Arrest"
0 124 85 218 166 1684 1 0 1 "Arrest"
0 124 85 218 166 1685 1 0 1 "Arrest"
0 125 85 218 166 1686 1 0 1 "Arrest"
0 125 85 218 166 1687 1 0 1 "Arrest"
0 125 85 218 166 1688 1 0 1 "Arrest"
0 126 85 218 166 1689 1 0 1 "Arrest"
0 126 85 218 166 1690 1 0 1 "Arrest"
0 126 85 219 166 1691 1 0 1 "Arrest"
0 126 85 219 166 1692 1 0 1 "Arrest"
0 127 85 219 166 1693 1 0 1 "Arrest"
0 127 85 219 166 1694 1 0 1 "Arrest"
0 127 85 219 166 1695 1 0 1 "Arrest"
0 128 86 219 166 1696 1 0 1 "Arrest"
0 128 86 219 166 1697 1 0 1 "Arrest"
0 128 86 219 166 1698 1 0 1 "Arrest"
0 128 86 220 166 1699 1 0 1 "Arrest"
0 129 86 220 166 1700 1 0 1 "Arrest"
0 129 86 220 166 1701 1 0 1 "Arrest"
0 129 86 220 166 1702 1 0 1 "Arrest"
0 130 86 220 165 1703 1 0 1 "Arrest"
0 130 86 220 165 1704 1 0 1 "Arrest"
0 130 86 220 165 1705 1 0 1 "Arrest"
0 131 86 221 165 1706 1 0 1 "Arrest"
0 131 86 221 165 1707 1 0 1 "Arrest"
0 131 87 221 165 1708 1 0 1 "Arrest"
0 131 87 221 165 1709 1 0 1 "Arrest"
0 132 87 221 165 1710 1 0 1 "Arrest"
0 132 87 221 165 1711 1 0 1 "Arrest"
0 132 87 221 165 1712 1 0 1 "Arrest"
0 133 87 222 165 1713 1 0 1 "Arrest"
0 133 87 222 165 1714 1 0 1 "Arrest"
0 133 87 222 165 1715 1 0 1 "Arrest"
0 133 87 222 165 1716 1 0 1 "Arrest"
0 134 87 222 165 1717 1 0 1 "Arrest"
0 134 87 222 165 1718 1 0 1 "Arrest"
0 134 87 222 165 1719 1 0 1 "Arrest"
0 135 88 223 165 1720 1 0 1 "Arrest"
0 135 88 223 165 1721 1 0 1 "Arrest"
0 135 88 223 165 1722 1 0 1 "Arrest"
0 135 88 223 165 1723 1 0 1 "Arrest"
0 136 88 223 165 1724 1 0 1 "Arrest"
0 136 88 223 165 1725 1 0 1 "Arrest"
0 136 88 223 165 1726 1 0 1 "Arrest"
0 137 88 224 165 1727 1 0 1 "Arrest"
0 137 88 224 165 1728 1 0 1 "Arrest"
0 137 88 224 165 1729 1 0 1 "Arrest"
0 137 88 224 165 1730 1 0 1 "Arrest"
0 138 88 224 165 1731 1 0 1 "Arrest"
0 138 88 224 165 1732 1 0 1 "Arrest"
0 138 89 224 165 1733 1 0 1 "Arrest"
0 139 89 224 165 1734 1 0 1 "Arrest"
0 139 89 225 165 1735 1 0 1 "Arrest"
0 139 89 225 165 1736 1 0 1 "Arrest"
0 140 89 225 165 1737 1 0 1 "Arrest"
0 140 89 225 164 1738 1 0 1 "Arrest"
0 140 89 225 164 1739 1 0 1 "Arrest"
0 140 89 225 164 1740 1 0 1 "Arrest"
0 141 89 225 164 1741 1 0 1 "Arrest"
0 141 89 226 164 1742 1 0 1 "Arrest"
0 141 89 226 164 1743 1 0 1 "Arrest"
0 142 89 226 164 1744 1 0 1 "Arrest"
0 142 90 226 164 1745 1 0 1 "Arrest"
0 142 90 226 164 1746 1 0 1 "Arrest"
0 142 90 226 164 1747 1 0 1 "Arrest"
0 143 90 226 164 1748 1 0 1 "Arrest"
0 143 90 227 164 1749 1 0 1 "Arrest"
0 143 90 227 164 1750 1 0 1 "Arrest"
0 144 90 227 164 1751 1 0 1 "Arrest"
0 144 90 227 164 1752 1 0 1 "Arrest"
0 144 90 227 164 1753 1 0 1 "Arrest"
0 144 90 227 164 1754 1 0 1 "Arrest"
0 145 90 227 164 1755 1 0 1 "Arrest"
0 145 90 228 164 1756 1 0 1 "Arrest"
0 145 91 228 164 1757 1 0 1 "Arrest"
0 146 91 228 164 1758 1 0 1 "Arrest"
0 146 91 228 164 1759 1 0 1 "Arrest"
0 146 91 228 164 1760 1 0 1 "Arrest"
0 146 91 228 164 1761 1 0 1 "Arrest"
0 147 91 228 164 1762 1 0 1 "Arrest"
0 147 91 229 164 1763 1 0 1 "Arrest"
0 147 91 229 164 1764 1 0 1 "Arrest"
0 148 91 229 164 1765 1 0 1 "Arrest"
0 148 91 229 164 1766 1 0 1 "Arrest"
0 148 91 229 164 1767 1 0 1 "Arrest"
0 148 91 229 164 1768 1 0 1 "Arrest"
0 149 91 229 164 1769 1 0 1 "Arrest"
0 149 92 229 164 1770 1 0 1 "Arrest"
0 149 92 230 164 1771 1 0 1 "Arrest"
0 150 92 230 163 1772 1 0 1 "Arrest"
0 150 92 230 163 1773 1 0 1 "Arrest"
0 150 92 230 163 1774 1 0 1 "Arrest"
0 151 92 230 163 1775 1 0 1 "Arrest"
0 151 92 230 163 1776 1 0 1 "Arrest"
0 151 92 230 163 1777 1 0 1 "Arrest"
0 151 92 231 163 1778 1 0 1 "Arrest"
0 152 92 231 163 1779 1 0 1 "Arrest"
0 152 92 231 163 1780 1 0 1 "Arrest"
0 152 92 231 163 1781 1 0 1 "Arrest"
0 153 93 231 163 1782 1 0 1 "Arrest"
0 153 93 231 163 1783 1 0 1 "Arrest"
0 153 93 231 163 1784 1 0 1 "Arrest"
0 153 93 232 163 1785 1 0 1 "Arrest"
0 154 93 232 163 1786 1 0 1 "Arrest"
0 154 93 232 163 1787 1 0 1 "Arrest"
0 154 93 232 163 1788 1 0 1 "Arrest"
0 155 93 232 163 1789 1 0 1 "Arrest"
0 155 93 232 163 1790 1 0 1 "Arrest"
0 155 93 232 163 1791 1 0 1 "Arrest"
0 155 93 233 163 1792 1 0 1 "Arrest"
0 156 93 233 163 1793 1 0 1 "Arrest"
0 156 94 233 163 1794 1 0 1 "Arrest"
0 156 94 233 163 1795 1 0 1 "Arrest"
0 157 94 233 163 1796 1 0 1 "Arrest"
0 157 94 233 163 1797 1 0 1 "Arrest"
0 157 94 233 163 1798 1 0 1 "Arrest"
0 157 94 234 163 1799 1 0 1 "Arrest"
0 158 94 234 163 1800 1 0 1 "Arrest"
0 158 94 234 163 1801 1 0 1 "Arrest"
0 158 94 234 163 1802 1 0 1 "Arrest"
0 159 94 234 163 1803 1 0 1 "Arrest"
0 159 94 234 163 1804 1 0 1 "Arrest"
0 159 94 234 163 1805 1 0 1 "Arrest"
0 160 95 235 163 1806 1 0 0 "Arrest"
