0 117 139 185 205 0 1 0 0 "Arrest"
0 117 139 185 205 1 1 0 1 "Arrest"
0 117 139 185 205 2 1 0 1 "Arrest"
0 117 139 185 205 3 1 0 1 "Arrest"
0 117 139 185 205 4 1 0 1 "Arrest"
0 117 139 185 205 5 1 0 1 "Arrest"
0 117 139 185 205 6 1 0 1 "Arrest"
0 117 139 185 205 7 1 0 1 "Arrest"
0 117 139 185 205 8 1 0 1 "Arrest"
0 117 139 185 205 9 1 0 1 "Arrest"
0 117 139 185 205 10 1 0 1 "Arrest"
0 117 139 185 205 11 1 0 1 "Arrest"
0 117 139 185 205 12 1 0 1 "Arrest"
0 117 139 185 205 13 1 0 1 "Arrest"
0 117 139 185 205 14 1 0 1 "Arrest"
0 117 139 185 205 15 1 0 1 "Arrest"
0 117 139 185 205 16 1 0 1 "Arrest"
0 117 139 185 205 17 1 0 1 "Arrest"
0 117 139 185 205 18 1 0 1 "Arrest"
0 117 139 185 205 19 1 0 1 "Arrest"
0 117 139 185 205 20 1 0 1 "Arrest"
0 117 139 185 205 21 1 0 1 "Arrest"
0 117 139 185 205 22 1 0 1 "Arrest"
0 117 139 185 205 23 1 0 1 "Arrest"
0 117 139 185 205 24 1 0 1 "Arrest"
0 117 139 185 205 25 1 0 1 "Arrest"
0 117 139 185 205 26 1 0 1 "Arrest"
0 117 139 185 205 27 1 0 1 "Arrest"
0 117 139 185 205 28 1 0 1 "Arrest"
0 117 139 185 205 29 1 0 1 "Arrest"
0 117 139 185 205 30 1 0 1 "Arrest"
0 117 139 185 205 31 1 0 1 "Arrest"
0 117 139 185 205 32 1 0 1 "Arrest"
0 117 139 185 205 33 1 0 1 "Arrest"
0 117 139 185 205 34 1 0 1 "Arrest"
0 117 139 185 205 35 1 0 1 "Arrest"
0 117 139 185 205 36 1 0 1 "Arrest"
0 117 139 185 205 37 1 0 1 "Arrest"
0 117 139 185 205 38 1 0 1 "Arrest"
0 117 139 185 205 39 1 0 1 "Arrest"
0 117 139 185 205 40 1 0 1 "Arrest"
0 117 139 185 205 41 1 0 1 "Arrest"
0 117 139 185 205 42 1 0 1 "Arrest"
0 117 139 185 205 43 1 0 1 "Arrest"
0 117 139 185 205 44 1 0 1 "Arrest"
0 117 139 185 205 45 1 0 1 "Arrest"
0 117 139 185 205 46 1 0 1 "Arrest"
0 117 139 185 205 47 1 0 1 "Arrest"
0 117 139 185 205 48 1 0 1 "Arrest"
0 117 139 185 205 49 1 0 1 "Arrest"
0 117 139 185 205 50 1 0 1 "Arrest"
0 117 139 185 205 51 1 0 1 "Arrest"
0 117 139 185 205 52 1 0 1 "Arrest"
0 117 139 185 205 53 1 0 1 "Arrest"
0 117 139 185 205 54 1 0 1 "Arrest"
0 117 139 185 205 55 1 0 1 "Arrest"
0 117 139 185 205 56 1 0 1 "Arrest"
0 117 139 185 205 57 1 0 1 "Arrest"
0 117 139 185 205 58 1 0 1 "Arrest"
0 117 139 185 205 59 1 0 1 "Arrest"
0 117 139 185 205 60 1 0 1 "Arrest"
0 117 139 185 205 61 1 0 1 "Arrest"
0 117 139 185 205 62 1 0 1 "Arrest"
0 117 139 185 205 63 1 0 1 "Arrest"
0 117 139 185 205 64 1 0 1 "Arrest"
0 117 139 185 205 65 1 0 1 "Arrest"
0 117 139 185 205 66 1 0 1 "Arrest"
0 117 139 185 205 67 1 0 1 "Arrest"
0 117 139 185 205 68 1 0 1 "Arrest"
0 117 139 185 205 69 1 0 1 "Arrest"
0 117 139 185 205 70 1 0 1 "Arrest"
0 117 139 185 205 71 1 0 1 "Arrest"
0 117 139 185 205 72 1 0 1 "Arrest"
0 117 139 185 205 73 1 0 1 "Arrest"
0 117 139 185 205 74 1 0 1 "Arrest"
0 117 139 185 205 75 1 0 1 "Arrest"
0 117 139 185 205 76 1 0 1 "Arrest"
0 117 139 185 205 77 1 0 1 "Arrest"
0 117 139 185 205 78 1 0 1 "Arrest"
0 117 139 185 205 79 1 0 1 "Arrest"
0 117 139 185 205 80 1 0 1 "Arrest"
0 117 139 185 205 81 1 0 1 "Arrest"
0 117 139 185 205 82 1 0 1 "Arrest"
0 117 139 185 205 83 1 0 1 "Arrest"
0 117 139 185 205 84 1 0 1 "Arrest"
0 117 139 185 205 85 1 0 1 "Arrest"
0 117 139 185 205 86 1 0 1 "Arrest"
0 117 139 185 205 87 1 0 1 "Arrest"
0 117 139 185 205 88 1 0 1 "Arrest"
0 117 139 185 205 89 1 0 1 "Arrest"
0 117 139 185 205 90 1 0 1 "Arrest"
0 117 139 185 205 91 1 0 1 "Arrest"
0 117 139 185 205 92 1 0 1 "Arrest"
0 117 139 185 205 93 1 0 1 "Arrest"
0 117 139 185 205 94 1 0 1 "Arrest"
0 117 139 185 205 95 1 0 1 "Arrest"
0 117 139 185 205 96 1 0 1 "Arrest"
0 117 139 185 205 97 1 0 1 "Arrest"
0 117 139 185 205 98 1 0 1 "Arrest"
0 117 139 185 205 99 1 0 1 "Arrest"
0 117 139 185 205 100 1 0 1 "Arrest"
0 117 139 185 205 101 1 0 1 "Arrest"
0 117 139 185 205 102 1 0 1 "Arrest"
0 117 139 185 205 103 1 0 1 "Arrest"
0 117 139 185 205 104 1 0 1 "Arrest"
0 117 139 185 205 105 1 0 1 "Arrest"
0 117 139 185 205 106 1 0 1 "Arrest"
0 117 139 185 205 107 1 0 1 "Arrest"
0 117 139 185 205 108 1 0 1 "Arrest"
0 117 139 185 205 109 1 0 1 "Arrest"
0 117 139 185 205 110 1 0 1 "Arrest"
0 117 139 185 205 111 1 0 1 "Arrest"
0 117 139 185 205 112 1 0 1 "Arrest"
0 117 139 185 205 113 1 0 1 "Arrest"
0 117 139 185 205 114 1 0 1 "Arrest"
0 117 139 185 205 115 1 0 1 "Arrest"
0 117 139 185 205 116 1 0 1 "Arrest"
0 117 139 185 205 117 1 0 1 "Arrest"
0 117 139 185 205 118 1 0 1 "Arrest"
0 117 139 185 205 119 1 0 1 "Arrest"
0 117 139 185 205 120 1 0 1 "Arrest"
0 117 139 185 205 121 1 0 1 "Arrest"
0 117 139 185 205 122 1 0 1 "Arrest"
0 117 139 185 205 123 1 0 1 "Arrest"
0 117 139 185 205 124 1 0 1 "Arrest"
0 117 139 185 205 125 1 0 1 "Arrest"
0 117 139 185 205 126 1 0 1 "Arrest"
0 117 139 185 205 127 1 0 1 "Arrest"
0 117 139 185 205 128 1 0 1 "Arrest"
0 117 139 185 205 129 1 0 1 "Arrest"
0 117 139 185 205 130 1 0 1 "Arrest"
0 117 139 185 205 131 1 0 1 "Arrest"
0 117 139 185 205 132 1 0 1 "Arrest"
0 117 139 185 205 133 1 0 1 "Arrest"
0 117 139 185 205 134 1 0 1 "Arrest"
0 117 139 185 205 135 1 0 1 "Arrest"
0 117 139 185 205 136 1 0 1 "Arrest"
0 117 139 185 205 137 1 0 1 "Arrest"
0 117 139 185 205 138 1 0 1 "Arrest"
0 117 139 185 205 139 1 0 1 "Arrest"
0 117 139 185 205 140 1 0 1 "Arrest"
0 117 139 185 205 141 1 0 1 "Arrest"
0 117 139 185 205 142 1 0 1 "Arrest"
0 117 139 185 205 143 1 0 1 "Arrest"
0 117 139 185 205 144 1 0 1 "Arrest"
0 117 139 185 205 145 1 0 1 "Arrest"
0 117 139 185 205 146 1 0 1 "Arrest"
0 117 139 185 205 147 1 0 1 "Arrest"
0 117 139 185 205 148 1 0 1 "Arrest"
0 117 139 185 205 149 1 0 1 "Arrest"
0 117 139 185 205 150 1 0 1 "Arrest"
0 117 139 185 205 151 1 0 1 "Arrest"
0 117 139 185 205 152 1 0 1 "Arrest"
0 117 139 185 205 153 1 0 1 "Arrest"
0 117 139 185 205 154 1 0 1 "Arrest"
0 117 139 185 205 155 1 0 1 "Arrest"
0 117 139 185 205 156 1 0 1 "Arrest"
0 117 139 185 205 157 1 0 1 "Arrest"
0 117 139 185 205 158 1 0 1 "Arrest"
0 117 139 185 205 159 1 0 1 "Arrest"
0 117 139 185 205 160 1 0 1 "Arrest"
0 117 139 185 205 161 1 0 1 "Arrest"
0 117 139 185 205 162 1 0 1 "Arrest"
0 117 139 185 205 163 1 0 1 "Arrest"
0 117 139 185 205 164 1 0 1 "Arrest"
0 117 139 185 205 165 1 0 1 "Arrest"
0 117 139 185 205 166 1 0 1 "Arrest"
0 117 139 185 205 167 1 0 1 "Arrest"
0 117 139 185 205 168 1 0 1 "Arrest"
0 117 139 185 205 169 1 0 1 "Arrest"
0 117 139 185 205 170 1 0 1 "Arrest"
0 117 139 185 205 171 1 0 1 "Arrest"
0 117 139 185 205 172 1 0 1 "Arrest"
0 117 139 185 205 173 1 0 1 "Arrest"
0 117 139 185 205 174 1 0 1 "Arrest"
0 117 139 185 205 175 1 0 1 "Arrest"
0 117 139 185 205 176 1 0 1 "Arrest"
0 117 139 185 205 177 1 0 1 "Arrest"
0 117 139 185 205 178 1 0 1 "Arrest"
0 117 139 185 205 179 1 0 1 "Arrest"
0 117 139 185 205 180 1 0 1 "Arrest"
0 117 139 185 205 181 1 0 1 "Arrest"
0 117 139 185 205 182 1 0 1 "Arrest"
0 117 139 185 205 183 1 0 1 "Arrest"
0 117 139 185 205 184 1 0 1 "Arrest"
0 117 139 185 205 185 1 0 1 "Arrest"
0 117 139 185 205 186 1 0 1 "Arrest"
0 117 139 185 205 187 1 0 1 "Arrest"
0 117 139 185 205 188 1 0 1 "Arrest"
0 117 139 185 205 189 1 0 1 "Arrest"
0 117 139 185 205 190 1 0 1 "Arrest"
0 117 139 185 205 191 1 0 1 "Arrest"
0 117 139 185 205 192 1 0 1 "Arrest"
0 117 139 185 205 193 1 0 1 "Arrest"
0 117 139 185 205 194 1 0 1 "Arrest"
0 117 139 185 205 195 1 0 1 "Arrest"
0 117 139 185 205 196 1 0 1 "Arrest"
0 117 139 185 205 197 1 0 1 "Arrest"
0 117 139 185 205 198 1 0 1 "Arrest"
0 117 139 185 205 199 1 0 1 "Arrest"
0 117 139 185 205 200 1 0 1 "Arrest"
0 117 139 185 205 201 1 0 1 "Arrest"
0 117 139 185 205 202 1 0 1 "Arrest"
0 117 139 185 205 203 1 0 1 "Arrest"
0 117 139 185 205 204 1 0 1 "Arrest"
0 117 139 185 205 205 1 0 1 "Arrest"
0 117 139 185 205 206 1 0 1 "Arrest"
0 117 139 185 205 207 1 0 1 "Arrest"
0 117 139 185 205 208 1 0 1 "Arrest"
0 117 139 185 205 209 1 0 1 "Arrest"
0 117 139 185 205 210 1 0 1 "Arrest"
0 117 139 185 205 211 1 0 1 "Arrest"
0 117 139 185 205 212 1 0 1 "Arrest"
0 117 139 185 205 213 1 0 1 "Arrest"
0 117 139 185 205 214 1 0 1 "Arrest"
0 117 139 185 205 215 1 0 1 "Arrest"
0 117 139 185 205 216 1 0 1 "Arrest"
0 117 139 185 205 217 1 0 1 "Arrest"
0 117 139 185 205 218 1 0 1 "Arrest"
0 117 139 185 205 219 1 0 1 "Arrest"
0 117 139 185 205 220 1 0 1 "Arrest"
0 117 139 185 205 221 1 0 1 "Arrest"
0 117 139 185 205 222 1 0 1 "Arrest"
0 117 139 185 205 223 1 0 1 "Arrest"
0 117 139 185 205 224 1 0 1 "Arrest"
0 117 139 185 205 225 1 0 1 "Arrest"
0 117 139 185 205 226 1 0 1 "Arrest"
0 117 139 185 205 227 1 0 1 "Arrest"
0 117 139 185 205 228 1 0 1 "Arrest"
0 117 139 185 205 229 1 0 1 "Arrest"
0 117 139 185 205 230 1 0 1 "Arrest"
0 117 139 185 205 231 1 0 1 "Arrest"
0 117 139 185 205 232 1 0 1 "Arrest"
0 117 139 185 205 233 1 0 1 "Arrest"
0 117 139 185 205 234 1 0 1 "Arrest"
0 117 139 185 205 235 1 0 1 "Arrest"
0 117 139 185 205 236 1 0 1 "Arrest"
0 117 139 185 205 237 1 0 1 "Arrest"
0 117 139 185 205 238 1 0 1 "Arrest"
0 117 139 185 205 239 1 0 1 "Arrest"
0 117 139 185 205 240 1 0 1 "Arrest"
0 117 139 185 205 241 1 0 1 "Arrest"
0 117 139 185 205 242 1 0 1 "Arrest"
0 117 139 185 205 243 1 0 1 "Arrest"
0 117 139 185 205 244 1 0 1 "Arrest"
0 117 139 185 205 245 1 0 1 "Arrest"
0 117 139 185 205 246 1 0 1 "Arrest"
0 117 139 185 205 247 1 0 1 "Arrest"
0 117 139 185 205 248 1 0 1 "Arrest"
0 117 139 185 205 249 1 0 1 "Arrest"
0 117 139 185 205 250 1 0 1 "Arrest"
0 117 139 185 205 251 1 0 1 "Arrest"
0 117 139 185 205 252 1 0 1 "Arrest"
0 117 139 185 205 253 1 0 1 "Arrest"
0 117 139 185 205 254 1 0 1 "Arrest"
0 117 139 185 205 255 1 0 1 "Arrest"
0 117 139 185 205 256 1 0 1 "Arrest"
0 117 139 185 205 257 1 0 1 "Arrest"
0 117 139 185 205 258 1 0 1 "Arrest"
0 117 139 185 205 259 1 0 1 "Arrest"
0 117 139 185 205 260 1 0 1 "Arrest"
0 117 139 185 205 261 1 0 1 "Arrest"
0 117 139 185 205 262 1 0 1 "Arrest"
0 117 139 185 205 263 1 0 1 "Arrest"
0 117 139 185 205 264 1 0 1 "Arrest"
0 117 139 185 205 265 1 0 1 "Arrest"
0 117 139 185 205 266 1 0 1 "Arrest"
0 117 139 185 205 267 1 0 1 "Arrest"
0 117 139 185 205 268 1 0 1 "Arrest"
0 117 139 185 205 269 1 0 1 "Arrest"
0 117 139 185 205 270 1 0 1 "Arrest"
0 117 139 185 205 271 1 0 1 "Arrest"
0 117 139 185 205 272 1 0 1 "Arrest"
0 117 139 185 205 273 1 0 1 "Arrest"
0 117 139 185 205 274 1 0 1 "Arrest"
0 117 139 185 205 275 1 0 1 "Arrest"
0 117 139 185 205 276 1 0 1 "Arrest"
0 117 139 185 205 277 1 0 1 "Arrest"
0 117 139 185 205 278 1 0 1 "Arrest"
0 117 139 185 205 279 1 0 1 "Arrest"
0 117 139 185 205 280 1 0 1 "Arrest"
0 117 139 185 205 281 1 0 1 "Arrest"
0 117 139 185 205 282 1 0 1 "Arrest"
0 117 139 185 205 283 1 0 1 "Arrest"
0 117 139 185 205 284 1 0 1 "Arrest"
0 117 139 185 205 285 1 0 1 "Arrest"
0 117 139 185 205 286 1 0 1 "Arrest"
0 117 139 185 205 287 1 0 1 "Arrest"
0 117 139 185 205 288 1 0 1 "Arrest"
0 117 139 185 205 289 1 0 1 "Arrest"
0 117 139 185 205 290 1 0 1 "Arrest"
0 117 139 185 205 291 1 0 1 "Arrest"
0 117 139 185 205 292 1 0 1 "Arrest"
0 117 139 185 205 293 1 0 1 "Arrest"
0 117 139 185 205 294 1 0 1 "Arrest"
0 117 139 185 205 295 1 0 1 "Arrest"
0 117 139 185 205 296 1 0 1 "Arrest"
0 117 139 185 205 297 1 0 1 "Arrest"
0 117 139 185 205 298 1 0 1 "Arrest"
0 117 139 185 205 299 1 0 1 "Arrest"
0 117 139 185 205 300 1 0 1 "Arrest"
0 117 139 185 205 301 1 0 1 "Arrest"
0 117 139 185 205 302 1 0 1 "Arrest"
0 117 139 185 205 303 1 0 1 "Arrest"
0 117 139 185 205 304 1 0 1 "Arrest"
0 117 139 185 205 305 1 0 1 "Arrest"
0 117 139 185 205 306 1 0 1 "Arrest"
0 117 139 185 205 307 1 0 1 "Arrest"
0 117 139 185 205 308 1 0 1 "Arrest"
0 117 139 185 205 309 1 0 1 "Arrest"
0 117 139 185 205 310 1 0 1 "Arrest"
0 117 139 185 205 311 1 0 1 "Arrest"
0 117 139 185 205 312 1 0 1 "Arrest"
0 117 139 185 205 313 1 0 1 "Arrest"
0 117 139 185 205 314 1 0 1 "Arrest"
0 117 139 185 205 315 1 0 1 "Arrest"
0 117 139 185 205 316 1 0 1 "Arrest"
0 117 139 185 205 317 1 0 1 "Arrest"
0 117 139 185 205 318 1 0 1 "Arrest"
0 117 139 185 205 319 1 0 1 "Arrest"
0 117 139 185 205 320 1 0 1 "Arrest"
0 117 139 185 205 321 1 0 1 "Arrest"
0 117 139 185 205 322 1 0 1 "Arrest"
0 117 139 185 205 323 1 0 1 "Arrest"
0 117 139 185 205 324 1 0 1 "Arrest"
0 117 139 185 205 325 1 0 1 "Arrest"
0 117 139 185 205 326 1 0 1 "Arrest"
0 117 139 185 205 327 1 0 1 "Arrest"
0 117 139 185 205 328 1 0 1 "Arrest"
0 117 139 185 205 329 1 0 1 "Arrest"
0 117 139 185 205 330 1 0 1 "Arrest"
0 117 139 185 205 331 1 0 1 "Arrest"
0 117 139 185 205 332 1 0 1 "Arrest"
0 117 139 185 205 333 1 0 1 "Arrest"
0 117 139 185 205 334 0 0 0 "Arrest"
0 117 135 184 205 335 0 0 1 "Arrest"
0 117 132 184 205 336 0 0 1 "Arrest"
0 117 129 184 205 337 0 0 0 "Arrest"
0 117 126 183 205 338 0 0 1 "Arrest"
0 117 123 183 205 339 0 0 1 "Arrest"
0 117 120 183 205 340 0 0 1 "Arrest"
0 117 118 183 205 341 0 0 0 "Arrest"
0 118 117 184 204 342 0 0 1 "Arrest"
0 120 117 186 204 343 0 0 1 "Arrest"
0 121 116 187 203 344 0 0 1 "Arrest"
0 123 116 189 203 345 0 0 0 "Arrest"
0 123 114 189 201 346 0 0 1 "Arrest"
0 123 112 189 199 347 0 0 1 "Arrest"
0 123 110 189 197 348 0 0 0 "Arrest"
0 123 108 189 195 349 0 0 1 "Arrest"
0 123 107 189 194 350 0 0 1 "Arrest"
0 123 106 189 193 351 0 0 0 "Arrest"
0 124 105 194 194 352 0 0 1 "Arrest"
0 126 104 199 195 353 0 0 1 "Arrest"
0 128 104 205 196 354 0 0 1 "Arrest"
0 130 103 210 198 355 0 0 1 "Arrest"
0 132 103 216 199 356 0 0 1 "Arrest"
0 134 102 221 200 357 0 0 1 "Arrest"
0 136 102 227 202 358 0 0 0 "Arrest"
0 136 101 227 201 359 0 0 1 "Arrest"
0 136 100 227 200 360 0 0 1 "Arrest"
0 136 100 227 200 361 0 0 1 "Arrest"
0 137 99 228 199 362 0 0 1 "Arrest"
0 137 98 228 198 363 0 0 1 "Arrest"
0 137 98 228 198 364 0 0 1 "Arrest"
0 137 97 228 197 365 0 0 1 "Arrest"
0 138 97 229 197 366 0 0 0 "Arrest"
0 137 95 228 195 367 0 0 1 "Arrest"
0 137 94 228 194 368 0 0 1 "Arrest"
0 137 93 228 193 369 0 0 0 "Arrest"
0 136 92 227 192 370 0 0 1 "Arrest"
0 136 92 227 192 371 0 0 1 "Arrest"
0 136 91 227 191 372 0 0 1 "Arrest"
0 136 91 227 191 373 0 0 1 "Arrest"
0 136 90 227 190 374 0 0 1 "Arrest"
0 136 90 227 190 375 0 0 1 "Arrest"
0 136 90 227 190 376 0 0 0 "Arrest"
0 134 88 225 187 377 0 0 1 "Arrest"
0 133 87 224 184 378 0 0 1 "Arrest"
0 132 86 222 182 379 0 0 1 "Arrest"
0 130 84 221 179 380 0 0 1 "Arrest"
0 129 83 219 176 381 0 0 1 "Arrest"
0 128 82 218 174 382 0 0 0 "Arrest"
0 127 81 217 173 383 0 0 1 "Arrest"
0 126 80 216 172 384 0 0 1 "Arrest"
0 125 80 215 172 385 0 0 0 "Arrest"
0 125 80 214 176 386 0 0 1 "Arrest"
0 125 80 214 181 387 0 0 1 "Arrest"
0 125 80 214 185 388 0 0 1 "Arrest"
0 125 80 214 190 389 0 0 1 "Arrest"
0 125 80 214 194 390 0 0 1 "Arrest"
0 125 80 214 199 391 0 0 1 "Arrest"
0 125 80 214 204 392 0 0 0 "Arrest"
0 125 79 213 204 393 0 0 1 "Arrest"
0 125 79 213 204 394 0 0 1 "Arrest"
0 125 79 213 204 395 0 0 1 "Arrest"
0 125 78 213 204 396 0 0 1 "Arrest"
0 125 78 213 204 397 0 0 1 "Arrest"
0 125 78 213 204 398 0 0 1 "Arrest"
0 125 77 213 204 399 0 0 1 "Arrest"
0 125 77 213 204 400 0 0 1 "Arrest"
0 125 77 213 204 401 0 0 1 "Arrest"
0 125 76 213 204 402 0 0 1 "Arrest"
0 125 76 213 204 403 0 0 1 "Arrest"
0 125 76 213 204 404 0 0 0 "Arrest"
0 125 76 212 202 405 0 0 1 "Arrest"
0 125 76 212 200 406 0 0 1 "Arrest"
0 125 76 212 199 407 0 0 1 "Arrest"
0 125 76 212 197 408 0 0 1 "Arrest"
0 125 76 212 195 409 0 0 1 "Arrest"
0 125 76 212 194 410 0 0 0 "Arrest"
0 125 74 207 192 411 0 0 1 "Arrest"
0 125 73 202 190 412 0 0 1 "Arrest"
0 125 71 197 188 413 0 0 1 "Arrest"
0 125 70 193 187 414 0 0 0 "Arrest"
0 125 67 193 184 415 0 0 1 "Arrest"
0 125 65 193 182 416 0 0 1 "Arrest"
0 125 63 193 180 417 0 0 1 "Arrest"
0 125 60 193 177 418 0 0 1 "Arrest"
0 125 58 193 175 419 0 0 1 "Arrest"
0 126 56 194 173 420 0 0 0 "Arrest"
0 126 56 193 171 421 0 0 1 "Arrest"
0 126 56 193 170 422 0 0 1 "Arrest"
0 126 56 193 168 423 0 0 1 "Arrest"
0 126 56 193 167 424 0 0 1 "Arrest"
0 126 56 193 165 425 0 0 1 "Arrest"
0 126 56 193 164 426 0 0 1 "Arrest"
0 126 56 193 162 427 0 0 1 "Arrest"
0 126 56 193 161 428 0 0 1 "Arrest"
0 126 56 193 159 429 0 0 1 "Arrest"
0 126 56 193 158 430 0 0 0 "Arrest"
0 126 56 191 157 431 0 0 1 "Arrest"
0 126 56 190 156 432 0 0 1 "Arrest"
0 126 56 189 156 433 0 0 1 "Arrest"
0 126 56 188 155 434 0 0 1 "Arrest"
0 126 56 186 154 435 0 0 1 "Arrest"
0 126 56 185 154 436 0 0 1 "Arrest"
0 126 56 184 153 437 0 0 1 "Arrest"
0 126 56 183 153 438 0 0 0 "Arrest"
0 126 56 182 150 439 0 0 1 "Arrest"
0 126 56 182 148 440 0 0 1 "Arrest"
0 126 56 182 145 441 0 0 1 "Arrest"
0 126 56 182 143 442 0 0 1 "Arrest"
0 126 56 182 141 443 0 0 0 "Arrest"
0 126 56 181 140 444 0 0 1 "Arrest"
0 126 56 181 139 445 0 0 1 "Arrest"
0 126 56 181 139 446 0 0 1 "Arrest"
0 126 56 181 138 447 0 0 1 "Arrest"
0 126 56 181 137 448 0 0 1 "Arrest"
0 126 56 181 137 449 0 0 1 "Arrest"
0 126 56 181 136 450 0 0 1 "Arrest"
0 126 56 181 135 451 0 0 1 "Arrest"
0 126 56 181 135 452 0 0 0 "Arrest"
0 126 56 180 133 453 0 0 1 "Arrest"
0 126 56 180 132 454 0 0 1 "Arrest"
0 126 56 180 131 455 0 0 1 "Arrest"
0 126 56 180 130 456 0 0 1 "Arrest"
0 126 56 180 129 457 0 0 0 "Arrest"
0 126 56 179 128 458 0 0 1 "Arrest"
0 126 56 179 128 459 0 0 1 "Arrest"
0 126 56 179 127 460 0 0 1 "Arrest"
0 126 56 179 127 461 0 0 0 "Arrest"
0 126 56 178 126 462 0 0 1 "Arrest"
0 126 56 178 125 463 0 0 1 "Arrest"
0 126 56 178 124 464 0 0 1 "Arrest"
0 126 56 178 123 465 0 0 1 "Arrest"
0 126 56 178 123 466 0 0 1 "Arrest"
0 126 56 178 122 467 0 0 1 "Arrest"
0 126 56 178 121 468 0 0 1 "Arrest"
0 126 56 178 120 469 0 0 1 "Arrest"
0 126 56 178 119 470 0 0 1 "Arrest"
0 126 56 178 119 471 0 0 0 "Arrest"
0 126 56 178 118 472 0 0 1 "Arrest"
0 126 56 178 118 473 0 0 1 "Arrest"
0 126 56 179 118 474 0 0 1 "Arrest"
0 126 56 179 118 475 0 0 1 "Arrest"
0 126 56 179 118 476 0 0 1 "Arrest"
0 126 56 180 118 477 0 0 1 "Arrest"
0 126 56 180 118 478 0 0 1 "Arrest"
0 126 56 180 118 479 0 0 1 "Arrest"
0 126 56 181 118 480 0 0 1 "Arrest"
0 126 56 181 118 481 0 0 1 "Arrest"
0 126 56 181 118 482 0 0 1 "Arrest"
0 126 56 182 118 483 0 0 1 "Arrest"
0 126 56 182 118 484 0 0 1 "Arrest"
0 126 56 182 118 485 0 0 1 "Arrest"
0 126 56 183 118 486 0 0 1 "Arrest"
0 126 56 183 118 487 0 0 1 "Arrest"
0 126 56 183 118 488 0 0 1 "Arrest"
0 126 56 184 118 489 0 0 1 "Arrest"
0 126 56 184 118 490 0 0 1 "Arrest"
0 126 56 184 118 491 0 0 1 "Arrest"
0 126 56 185 118 492 0 0 0 "Arrest"
0 126 56 186 117 493 0 0 1 "Arrest"
0 126 56 187 117 494 0 0 1 "Arrest"
0 126 56 189 117 495 0 0 1 "Arrest"
0 126 56 190 117 496 0 0 1 "Arrest"
0 126 56 191 117 497 0 0 1 "Arrest"
0 126 56 193 117 498 0 0 1 "Arrest"
0 126 56 194 117 499 0 0 1 "Arrest"
0 126 56 195 117 500 0 0 1 "Arrest"
0 126 56 197 117 501 0 0 0 "Arrest"
0 126 56 196 116 502 0 0 1 "Arrest"
0 126 56 196 115 503 0 0 1 "Arrest"
0 126 56 196 114 504 0 0 1 "Arrest"
0 126 56 196 113 505 0 0 1 "Arrest"
0 126 56 196 112 506 0 0 1 "Arrest"
0 126 56 196 111 507 0 0 0 "Arrest"
0 126 56 196 110 508 0 0 1 "Arrest"
0 126 56 196 110 509 0 0 1 "Arrest"
0 126 56 196 110 510 0 0 1 "Arrest"
0 126 56 197 110 511 0 0 1 "Arrest"
0 126 56 197 110 512 0 0 1 "Arrest"
0 126 56 197 110 513 0 0 1 "Arrest"
0 126 56 198 110 514 0 0 1 "Arrest"
0 126 56 198 110 515 0 0 1 "Arrest"
0 126 56 198 110 516 0 0 1 "Arrest"
0 126 56 199 110 517 0 0 1 "Arrest"
0 126 56 199 110 518 0 0 1 "Arrest"
0 126 56 199 110 519 0 0 1 "Arrest"
0 126 56 199 110 520 0 0 1 "Arrest"
0 126 56 200 110 521 0 0 1 "Arrest"
0 126 56 200 110 522 0 0 1 "Arrest"
0 126 56 200 110 523 0 0 1 "Arrest"
0 126 56 201 110 524 0 0 1 "Arrest"
0 126 56 201 110 525 0 0 1 "Arrest"
0 126 56 201 110 526 0 0 1 "Arrest"
0 126 56 202 110 527 0 0 0 "Arrest"
0 125 55 201 109 528 0 0 1 "Arrest"
0 125 55 201 109 529 0 0 1 "Arrest"
0 125 55 201 109 530 0 0 1 "Arrest"
0 125 55 201 109 531 0 0 1 "Arrest"
0 125 55 201 109 532 0 0 1 "Arrest"
0 125 55 201 109 533 0 0 1 "Arrest"
0 124 54 200 108 534 0 0 1 "Arrest"
0 124 54 200 108 535 0 0 1 "Arrest"
0 124 54 200 108 536 0 0 1 "Arrest"
0 124 54 200 108 537 0 0 1 "Arrest"
0 124 54 200 108 538 0 0 1 "Arrest"
0 124 54 200 108 539 0 0 1 "Arrest"
0 123 53 199 107 540 0 0 1 "Arrest"
0 123 53 199 107 541 0 0 1 "Arrest"
0 123 53 199 107 542 0 0 1 "Arrest"
0 123 53 199 107 543 0 0 1 "Arrest"
0 123 53 199 107 544 0 0 1 "Arrest"
0 123 53 199 107 545 0 0 0 "Arrest"
0 123 53 198 106 546 0 0 1 "Arrest"
0 123 53 198 106 547 0 0 1 "Arrest"
0 123 53 197 105 548 0 0 1 "Arrest"
0 123 53 197 105 549 0 0 1 "Arrest"
0 123 53 196 105 550 0 0 1 "Arrest"
0 123 53 196 104 551 0 0 1 "Arrest"
0 123 53 195 104 552 0 0 1 "Arrest"
0 123 53 195 103 553 0 0 1 "Arrest"
0 123 53 194 103 554 0 0 1 "Arrest"
0 123 53 194 103 555 0 0 1 "Arrest"
0 123 53 193 102 556 0 0 1 "Arrest"
0 123 53 193 102 557 0 0 1 "Arrest"
0 123 53 192 101 558 0 0 1 "Arrest"
0 123 53 192 101 559 0 0 1 "Arrest"
0 123 53 192 101 560 0 0 0 "Arrest"
0 123 53 191 100 561 0 0 1 "Arrest"
0 123 53 190 100 562 0 0 1 "Arrest"
0 123 53 189 100 563 0 0 1 "Arrest"
0 123 53 188 100 564 0 0 1 "Arrest"
0 123 53 187 100 565 0 0 1 "Arrest"
0 123 53 186 100 566 0 0 1 "Arrest"
0 123 53 185 100 567 0 0 1 "Arrest"
0 123 53 184 100 568 0 0 1 "Arrest"
0 123 53 183 100 569 0 0 1 "Arrest"
0 123 53 182 100 570 0 0 1 "Arrest"
0 123 53 181 100 571 0 0 1 "Arrest"
0 123 53 180 100 572 0 0 1 "Arrest"
0 123 53 180 100 573 0 0 0 "Arrest"
0 122 53 180 99 574 0 0 1 "Arrest"
0 122 53 180 99 575 0 0 1 "Arrest"
0 122 53 180 99 576 0 0 1 "Arrest"
0 122 53 180 99 577 0 0 1 "Arrest"
0 122 53 180 99 578 0 0 1 "Arrest"
0 121 53 180 99 579 0 0 1 "Arrest"
0 121 53 180 99 580 0 0 1 "Arrest"
0 121 53 180 99 581 0 0 1 "Arrest"
0 121 53 180 99 582 0 0 1 "Arrest"
0 121 53 180 99 583 0 0 1 "Arrest"
0 120 53 180 99 584 0 0 1 "Arrest"
0 120 53 180 99 585 0 0 1 "Arrest"
0 120 53 180 99 586 0 0 1 "Arrest"
0 120 53 180 99 587 0 0 1 "Arrest"
0 120 53 180 99 588 0 0 1 "Arrest"
0 119 53 180 99 589 0 0 1 "Arrest"
0 119 53 180 99 590 0 0 1 "Arrest"
0 119 53 180 99 591 0 0 1 "Arrest"
0 119 53 180 99 592 0 0 1 "Arrest"
0 119 53 180 99 593 0 0 1 "Arrest"
0 119 53 180 99 594 0 0 0 "Arrest"
0 119 53 180 98 595 0 0 1 "Arrest"
0 119 53 180 98 596 0 0 1 "Arrest"
0 119 53 180 98 597 0 0 1 "Arrest"
0 119 53 180 98 598 0 0 1 "Arrest"
0 120 53 180 98 599 0 0 1 "Arrest"
0 120 53 180 98 600 0 0 1 "Arrest"
0 120 53 180 98 601 0 0 1 "Arrest"
0 120 53 180 98 602 0 0 1 "Arrest"
0 120 53 180 98 603 0 0 1 "Arrest"
0 121 53 180 98 604 0 0 1 "Arrest"
0 121 53 180 98 605 0 0 1 "Arrest"
0 121 53 180 98 606 0 0 1 "Arrest"
0 121 53 180 98 607 0 0 1 "Arrest"
0 122 53 180 98 608 0 0 1 "Arrest"
0 122 53 180 98 609 0 0 1 "Arrest"
0 122 53 180 98 610 0 0 1 "Arrest"
0 122 53 180 98 611 0 0 1 "Arrest"
0 122 53 180 98 612 0 0 1 "Arrest"
0 123 53 180 98 613 0 0 1 "Arrest"
0 123 53 180 98 614 0 0 1 "Arrest"
0 123 53 180 98 615 0 0 1 "Arrest"
0 123 53 180 98 616 0 0 1 "Arrest"
0 123 53 180 98 617 0 0 1 "Arrest"
0 124 53 180 98 618 0 0 1 "Arrest"
0 124 53 180 98 619 0 0 1 "Arrest"
0 124 53 180 98 620 0 0 1 "Arrest"
0 124 53 180 98 621 0 0 1 "Arrest"
0 125 53 180 98 622 0 0 1 "Arrest"
0 125 53 180 98 623 0 0 1 "Arrest"
0 125 53 180 98 624 0 0 1 "Arrest"
0 125 53 180 98 625 0 0 1 "Arrest"
0 125 53 180 98 626 0 0 1 "Arrest"
0 126 53 180 98 627 0 0 1 "Arrest"
0 126 53 180 98 628 0 0 1 "Arrest"
0 126 53 180 98 629 0 0 1 "Arrest"
0 126 53 180 98 630 0 0 1 "Arrest"
0 126 53 180 98 631 0 0 1 "Arrest"
0 127 53 180 98 632 0 0 1 "Arrest"
0 127 53 180 98 633 0 0 1 "Arrest"
0 127 53 180 98 634 0 0 1 "Arrest"
0 127 53 180 98 635 0 0 1 "Arrest"
0 128 53 180 98 636 0 0 1 "Arrest"
0 128 53 180 98 637 0 0 1 "Arrest"
0 128 53 180 98 638 0 0 1 "Arrest"
0 128 53 180 98 639 0 0 1 "Arrest"
0 128 53 180 98 640 0 0 1 "Arrest"
0 129 53 180 98 641 0 0 1 "Arrest"
0 129 53 180 98 642 0 0 1 "Arrest"
0 129 53 180 98 643 0 0 1 "Arrest"
0 129 53 180 98 644 0 0 1 "Arrest"
0 130 53 180 98 645 0 0 0 "Arrest"
0 130 53 179 97 646 0 0 1 "Arrest"
0 130 53 179 97 647 0 0 1 "Arrest"
0 130 53 178 96 648 0 0 1 "Arrest"
0 130 53 178 96 649 0 0 1 "Arrest"
0 130 53 177 96 650 0 0 1 "Arrest"
0 130 53 177 95 651 0 0 1 "Arrest"
0 130 53 177 95 652 0 0 1 "Arrest"
0 130 53 176 94 653 0 0 1 "Arrest"
0 130 53 176 94 654 0 0 1 "Arrest"
0 130 53 175 94 655 0 0 1 "Arrest"
0 130 53 175 93 656 0 0 1 "Arrest"
0 130 53 174 93 657 0 0 1 "Arrest"
0 130 53 174 93 658 0 0 1 "Arrest"
0 130 53 174 92 659 0 0 1 "Arrest"
0 130 53 173 92 660 0 0 1 "Arrest"
0 130 53 173 91 661 0 0 1 "Arrest"
0 130 53 172 91 662 0 0 1 "Arrest"
0 130 53 172 91 663 0 0 1 "Arrest"
0 130 53 171 90 664 0 0 1 "Arrest"
0 130 53 171 90 665 0 0 1 "Arrest"
0 130 53 171 90 666 0 0 0 "Arrest"
0 129 52 171 89 667 0 0 1 "Arrest"
0 129 52 171 89 668 0 0 1 "Arrest"
0 129 52 171 89 669 0 0 1 "Arrest"
0 129 52 171 89 670 0 0 1 "Arrest"
0 128 52 172 89 671 0 0 1 "Arrest"
0 128 52 172 89 672 0 0 1 "Arrest"
0 128 52 172 89 673 0 0 1 "Arrest"
0 128 52 172 89 674 0 0 1 "Arrest"
0 127 52 173 89 675 0 0 1 "Arrest"
0 127 52 173 89 676 0 0 1 "Arrest"
0 127 52 173 89 677 0 0 1 "Arrest"
0 127 52 173 89 678 0 0 1 "Arrest"
0 126 52 173 89 679 0 0 1 "Arrest"
0 126 52 174 89 680 0 0 1 "Arrest"
0 126 52 174 89 681 0 0 1 "Arrest"
0 126 51 174 89 682 0 0 1 "Arrest"
0 126 51 174 89 683 0 0 1 "Arrest"
0 125 51 175 89 684 0 0 1 "Arrest"
0 125 51 175 89 685 0 0 1 "Arrest"
0 125 51 175 89 686 0 0 1 "Arrest"
0 125 51 175 89 687 0 0 1 "Arrest"
0 124 51 175 89 688 0 0 1 "Arrest"
0 124 51 176 89 689 0 0 1 "Arrest"
0 124 51 176 89 690 0 0 1 "Arrest"
0 124 51 176 89 691 0 0 1 "Arrest"
0 123 51 176 89 692 0 0 1 "Arrest"
0 123 51 177 89 693 0 0 1 "Arrest"
0 123 51 177 89 694 0 0 1 "Arrest"
0 123 51 177 89 695 0 0 1 "Arrest"
0 123 51 177 89 696 0 0 1 "Arrest"
0 122 50 177 89 697 0 0 1 "Arrest"
0 122 50 178 89 698 0 0 1 "Arrest"
0 122 50 178 89 699 0 0 1 "Arrest"
0 122 50 178 89 700 0 0 1 "Arrest"
0 121 50 178 89 701 0 0 1 "Arrest"
0 121 50 179 89 702 0 0 1 "Arrest"
0 121 50 179 89 703 0 0 1 "Arrest"
0 121 50 179 89 704 0 0 1 "Arrest"
0 120 50 179 89 705 0 0 1 "Arrest"
0 120 50 179 89 706 0 0 1 "Arrest"
0 120 50 180 89 707 0 0 1 "Arrest"
0 120 50 180 89 708 0 0 1 "Arrest"
0 119 50 180 89 709 0 0 1 "Arrest"
0 119 50 180 89 710 0 0 1 "Arrest"
0 119 50 181 89 711 0 0 1 "Arrest"
0 119 49 181 88 712 0 0 1 "Arrest"
0 119 49 181 88 713 0 0 1 "Arrest"
0 118 49 181 88 714 0 0 1 "Arrest"
0 118 49 181 88 715 0 0 1 "Arrest"
0 118 49 182 88 716 0 0 1 "Arrest"
0 118 49 182 88 717 0 0 1 "Arrest"
0 117 49 182 88 718 0 0 1 "Arrest"
0 117 49 182 88 719 0 0 1 "Arrest"
0 117 49 183 88 720 0 0 1 "Arrest"
0 117 49 183 88 721 0 0 1 "Arrest"
0 116 49 183 88 722 0 0 1 "Arrest"
0 116 49 183 88 723 0 0 1 "Arrest"
0 116 49 183 88 724 0 0 1 "Arrest"
0 116 49 184 88 725 0 0 1 "Arrest"
0 116 49 184 88 726 0 0 1 "Arrest"
0 115 48 184 88 727 0 0 1 "Arrest"
0 115 48 184 88 728 0 0 1 "Arrest"
0 115 48 185 88 729 0 0 1 "Arrest"
0 115 48 185 88 730 0 0 1 "Arrest"
0 114 48 185 88 731 0 0 1 "Arrest"
0 114 48 185 88 732 0 0 1 "Arrest"
0 114 48 185 88 733 0 0 1 "Arrest"
0 114 48 186 88 734 0 0 1 "Arrest"
0 113 48 186 88 735 0 0 1 "Arrest"
0 113 48 186 88 736 0 0 1 "Arrest"
0 113 48 186 88 737 0 0 1 "Arrest"
0 113 48 187 88 738 0 0 1 "Arrest"
0 112 48 187 88 739 0 0 1 "Arrest"
0 112 48 187 88 740 0 0 1 "Arrest"
0 112 48 187 88 741 0 0 1 "Arrest"
0 112 47 187 88 742 0 0 1 "Arrest"
0 112 47 188 88 743 0 0 1 "Arrest"
0 111 47 188 88 744 0 0 1 "Arrest"
0 111 47 188 88 745 0 0 1 "Arrest"
0 111 47 188 88 746 0 0 1 "Arrest"
0 111 47 189 88 747 0 0 1 "Arrest"
0 110 47 189 88 748 0 0 1 "Arrest"
0 110 47 189 88 749 0 0 1 "Arrest"
0 110 47 189 88 750 0 0 1 "Arrest"
0 110 47 189 88 751 0 0 1 "Arrest"
0 109 47 190 88 752 0 0 1 "Arrest"
0 109 47 190 88 753 0 0 1 "Arrest"
0 109 47 190 88 754 0 0 1 "Arrest"
0 109 47 190 88 755 0 0 1 "Arrest"
0 109 47 191 88 756 0 0 0 "Arrest"
0 109 47 190 87 757 0 0 1 "Arrest"
0 109 47 190 87 758 0 0 1 "Arrest"
0 109 47 190 87 759 0 0 1 "Arrest"
0 109 47 190 87 760 0 0 1 "Arrest"
0 109 47 190 87 761 0 0 1 "Arrest"
0 109 47 190 87 762 0 0 1 "Arrest"
0 109 47 190 87 763 0 0 1 "Arrest"
0 109 47 190 87 764 0 0 1 "Arrest"
0 109 47 190 87 765 0 0 1 "Arrest"
0 109 47 190 87 766 0 0 1 "Arrest"
0 109 47 190 87 767 0 0 1 "Arrest"
0 109 47 190 87 768 0 0 1 "Arrest"
0 109 47 190 87 769 0 0 1 "Arrest"
0 109 47 190 87 770 0 0 1 "Arrest"
0 109 47 190 87 771 0 0 1 "Arrest"
0 109 47 189 87 772 0 0 1 "Arrest"
0 109 47 189 87 773 0 0 1 "Arrest"
0 109 47 189 87 774 0 0 1 "Arrest"
0 109 47 189 87 775 0 0 1 "Arrest"
0 109 47 189 87 776 0 0 1 "Arrest"
0 109 47 189 87 777 0 0 1 "Arrest"
0 109 47 189 87 778 0 0 1 "Arrest"
0 109 47 189 87 779 0 0 1 "Arrest"
0 109 47 189 87 780 0 0 1 "Arrest"
0 109 47 189 87 781 0 0 1 "Arrest"
0 109 47 189 87 782 0 0 1 "Arrest"
0 109 47 189 87 783 0 0 1 "Arrest"
0 109 47 189 87 784 0 0 1 "Arrest"
0 109 47 189 87 785 0 0 1 "Arrest"
0 109 47 189 87 786 0 0 1 "Arrest"
0 109 47 188 87 787 0 0 1 "Arrest"
0 109 47 188 87 788 0 0 1 "Arrest"
0 109 47 188 87 789 0 0 1 "Arrest"
0 109 47 188 87 790 0 0 1 "Arrest"
0 109 47 188 87 791 0 0 1 "Arrest"
0 109 47 188 87 792 0 0 1 "Arrest"
0 109 47 188 87 793 0 0 1 "Arrest"
0 109 47 188 87 794 0 0 1 "Arrest"
0 109 47 188 87 795 0 0 1 "Arrest"
0 109 47 188 87 796 0 0 1 "Arrest"
0 109 47 188 87 797 0 0 1 "Arrest"
0 109 47 188 87 798 0 0 1 "Arrest"
0 109 47 188 87 799 0 0 1 "Arrest"
0 109 47 188 87 800 0 0 1 "Arrest"
0 109 47 188 87 801 0 0 1 "Arrest"
0 109 47 187 87 802 0 0 1 "Arrest"
0 109 47 187 87 803 0 0 1 "Arrest"
0 109 47 187 87 804 0 0 1 "Arrest"
0 109 47 187 87 805 0 0 1 "Arrest"
0 109 47 187 87 806 0 0 1 "Arrest"
0 109 47 187 87 807 0 0 1 "Arrest"
0 109 47 187 87 808 0 0 1 "Arrest"
0 109 47 187 87 809 0 0 1 "Arrest"
0 109 47 187 87 810 0 0 1 "Arrest"
0 109 47 187 87 811 0 0 1 "Arrest"
0 109 47 187 87 812 0 0 1 "Arrest"
0 109 47 187 87 813 0 0 1 "Arrest"
0 109 47 187 87 814 0 0 1 "Arrest"
0 109 47 187 87 815 0 0 1 "Arrest"
0 109 47 187 87 816 0 0 1 "Arrest"
0 109 47 187 87 817 0 0 1 "Arrest"
0 109 47 186 87 818 0 0 1 "Arrest"
0 109 47 186 87 819 0 0 1 "Arrest"
0 109 47 186 87 820 0 0 1 "Arrest"
0 109 47 186 87 821 0 0 1 "Arrest"
0 109 47 186 87 822 0 0 1 "Arrest"
0 109 47 186 87 823 0 0 1 "Arrest"
0 109 47 186 87 824 0 0 1 "Arrest"
0 109 47 186 87 825 0 0 1 "Arrest"
0 109 47 186 87 826 0 0 1 "Arrest"
0 109 47 186 87 827 0 0 1 "Arrest"
0 109 47 186 87 828 0 0 1 "Arrest"
0 109 47 186 87 829 0 0 1 "Arrest"
0 109 47 186 87 830 0 0 1 "Arrest"
0 109 47 186 87 831 0 0 1 "Arrest"
0 109 47 186 87 832 0 0 1 "Arrest"
0 109 47 185 87 833 0 0 1 "Arrest"
0 109 47 185 87 834 0 0 1 "Arrest"
0 109 47 185 87 835 0 0 1 "Arrest"
0 109 47 185 87 836 0 0 1 "Arrest"
0 109 47 185 87 837 0 0 1 "Arrest"
0 109 47 185 87 838 0 0 1 "Arrest"
0 109 47 185 87 839 0 0 1 "Arrest"
0 109 47 185 87 840 0 0 1 "Arrest"
0 109 47 185 87 841 0 0 1 "Arrest"
0 109 47 185 87 842 0 0 1 "Arrest"
0 109 47 185 87 843 0 0 1 "Arrest"
0 109 47 185 87 844 0 0 1 "Arrest"
0 109 47 185 87 845 0 0 1 "Arrest"
0 109 47 185 87 846 0 0 1 "Arrest"
0 109 47 185 87 847 0 0 1 "Arrest"
0 109 47 184 87 848 0 0 1 "Arrest"
0 109 47 184 87 849 0 0 1 "Arrest"
0 109 47 184 87 850 0 0 1 "Arrest"
0 109 47 184 87 851 0 0 1 "Arrest"
0 109 47 184 87 852 0 0 1 "Arrest"
0 109 47 184 87 853 0 0 1 "Arrest"
0 109 47 184 87 854 0 0 1 "Arrest"
0 109 47 184 87 855 0 0 1 "Arrest"
0 109 47 184 87 856 0 0 1 "Arrest"
0 109 47 184 87 857 0 0 1 "Arrest"
0 109 47 184 87 858 0 0 1 "Arrest"
0 109 47 184 87 859 0 0 1 "Arrest"
0 109 47 184 87 860 0 0 1 "Arrest"
0 109 47 184 87 861 0 0 1 "Arrest"
0 109 47 184 87 862 0 0 1 "Arrest"
0 109 47 184 87 863 0 0 1 "Arrest"
0 109 47 183 87 864 0 0 1 "Arrest"
0 109 47 183 87 865 0 0 1 "Arrest"
0 109 47 183 87 866 0 0 1 "Arrest"
0 109 47 183 87 867 0 0 1 "Arrest"
0 109 47 183 87 868 0 0 1 "Arrest"
0 109 47 183 87 869 0 0 1 "Arrest"
0 109 47 183 87 870 0 0 1 "Arrest"
0 109 47 183 87 871 0 0 1 "Arrest"
0 109 47 183 87 872 0 0 1 "Arrest"
0 109 47 183 87 873 0 0 1 "Arrest"
0 109 47 183 87 874 0 0 1 "Arrest"
0 109 47 183 87 875 0 0 1 "Arrest"
0 109 47 183 87 876 0 0 1 "Arrest"
0 109 47 183 87 877 0 0 1 "Arrest"
0 109 47 183 87 878 0 0 1 "Arrest"
0 109 47 182 87 879 0 0 1 "Arrest"
0 109 47 182 87 880 0 0 1 "Arrest"
0 109 47 182 87 881 0 0 1 "Arrest"
0 109 47 182 87 882 0 0 1 "Arrest"
0 109 47 182 87 883 0 0 1 "Arrest"
0 109 47 182 87 884 0 0 1 "Arrest"
0 109 47 182 87 885 0 0 1 "Arrest"
0 109 47 182 87 886 0 0 1 "Arrest"
0 109 47 182 87 887 0 0 1 "Arrest"
0 109 47 182 87 888 0 0 1 "Arrest"
0 109 47 182 87 889 0 0 1 "Arrest"
0 109 47 182 87 890 0 0 1 "Arrest"
0 109 47 182 87 891 0 0 1 "Arrest"
0 109 47 182 87 892 0 0 1 "Arrest"
0 109 47 182 87 893 0 0 1 "Arrest"
0 109 47 181 87 894 0 0 1 "Arrest"
0 109 47 181 87 895 0 0 1 "Arrest"
0 109 47 181 87 896 0 0 1 "Arrest"
0 109 47 181 87 897 0 0 1 "Arrest"
0 109 47 181 87 898 0 0 1 "Arrest"
0 109 47 181 87 899 0 0 1 "Arrest"
0 109 47 181 87 900 0 0 1 "Arrest"
0 109 47 181 87 901 0 0 1 "Arrest"
0 109 47 181 87 902 0 0 1 "Arrest"
0 109 47 181 87 903 0 0 1 "Arrest"
0 109 47 181 87 904 0 0 1 "Arrest"
0 109 47 181 87 905 0 0 1 "Arrest"
0 109 47 181 87 906 0 0 1 "Arrest"
0 109 47 181 87 907 0 0 1 "Arrest"
0 109 47 181 87 908 0 0 1 "Arrest"
0 109 47 181 87 909 0 0 1 "Arrest"
0 109 47 180 87 910 0 0 1 "Arrest"
0 109 47 180 87 911 0 0 1 "Arrest"
0 109 47 180 87 912 0 0 1 "Arrest"
0 109 47 180 87 913 0 0 1 "Arrest"
0 109 47 180 87 914 0 0 1 "Arrest"
0 109 47 180 87 915 0 0 1 "Arrest"
0 109 47 180 87 916 0 0 1 "Arrest"
0 109 47 180 87 917 0 0 1 "Arrest"
0 109 47 180 87 918 0 0 1 "Arrest"
0 109 47 180 87 919 0 0 1 "Arrest"
0 109 47 180 87 920 0 0 1 "Arrest"
0 109 47 180 87 921 0 0 1 "Arrest"
0 109 47 180 87 922 0 0 1 "Arrest"
0 109 47 180 87 923 0 0 1 "Arrest"
0 109 47 180 87 924 0 0 1 "Arrest"
0 109 47 179 87 925 0 0 1 "Arrest"
0 109 47 179 87 926 0 0 1 "Arrest"
0 109 47 179 87 927 0 0 1 "Arrest"
0 109 47 179 87 928 0 0 1 "Arrest"
0 109 47 179 87 929 0 0 1 "Arrest"
0 109 47 179 87 930 0 0 1 "Arrest"
0 109 47 179 87 931 0 0 1 "Arrest"
0 109 47 179 87 932 0 0 1 "Arrest"
0 109 47 179 87 933 0 0 1 "Arrest"
0 109 47 179 87 934 0 0 1 "Arrest"
0 109 47 179 87 935 0 0 1 "Arrest"
0 109 47 179 87 936 0 0 1 "Arrest"
0 109 47 179 87 937 0 0 1 "Arrest"
0 109 47 179 87 938 0 0 1 "Arrest"
0 109 47 179 87 939 0 0 1 "Arrest"
0 109 47 178 87 940 0 0 1 "Arrest"
0 109 47 178 87 941 0 0 1 "Arrest"
0 109 47 178 87 942 0 0 1 "Arrest"
0 109 47 178 87 943 0 0 1 "Arrest"
0 109 47 178 87 944 0 0 1 "Arrest"
0 109 47 178 87 945 0 0 1 "Arrest"
0 109 47 178 87 946 0 0 1 "Arrest"
0 109 47 178 87 947 0 0 1 "Arrest"
0 109 47 178 87 948 0 0 1 "Arrest"
0 109 47 178 87 949 0 0 1 "Arrest"
0 109 47 178 87 950 0 0 1 "Arrest"
0 109 47 178 87 951 0 0 1 "Arrest"
0 109 47 178 87 952 0 0 1 "Arrest"
0 109 47 178 87 953 0 0 1 "Arrest"
0 109 47 178 87 954 0 0 1 "Arrest"
0 109 47 178 87 955 0 0 1 "Arrest"
0 109 47 177 87 956 0 0 1 "Arrest"
0 109 47 177 87 957 0 0 1 "Arrest"
0 109 47 177 87 958 0 0 1 "Arrest"
0 109 47 177 87 959 0 0 1 "Arrest"
0 109 47 177 87 960 0 0 1 "Arrest"
0 109 47 177 87 961 0 0 1 "Arrest"
0 109 47 177 87 962 0 0 1 "Arrest"
0 109 47 177 87 963 0 0 1 "Arrest"
0 109 47 177 87 964 0 0 1 "Arrest"
0 109 47 177 87 965 0 0 1 "Arrest"
0 109 47 177 87 966 0 0 1 "Arrest"
0 109 47 177 87 967 0 0 1 "Arrest"
0 109 47 177 87 968 0 0 1 "Arrest"
0 109 47 177 87 969 0 0 1 "Arrest"
0 109 47 177 87 970 0 0 1 "Arrest"
0 109 47 176 87 971 0 0 1 "Arrest"
0 109 47 176 87 972 0 0 1 "Arrest"
0 109 47 176 87 973 0 0 1 "Arrest"
0 109 47 176 87 974 0 0 1 "Arrest"
0 109 47 176 87 975 0 0 1 "Arrest"
0 109 47 176 87 976 0 0 1 "Arrest"
0 109 47 176 87 977 0 0 1 "Arrest"
0 109 47 176 87 978 0 0 1 "Arrest"
0 109 47 176 87 979 0 0 1 "Arrest"
0 109 47 176 87 980 0 0 1 "Arrest"
0 109 47 176 87 981 0 0 1 "Arrest"
0 109 47 176 87 982 0 0 1 "Arrest"
0 109 47 176 87 983 0 0 1 "Arrest"
0 109 47 176 87 984 0 0 1 "Arrest"
0 109 47 176 87 985 0 0 1 "Arrest"
0 109 47 175 87 986 0 0 1 "Arrest"
0 109 47 175 87 987 0 0 1 "Arrest"
0 109 47 175 87 988 0 0 1 "Arrest"
0 109 47 175 87 989 0 0 1 "Arrest"
0 109 47 175 87 990 0 0 1 "Arrest"
0 109 47 175 87 991 0 0 1 "Arrest"
0 109 47 175 87 992 0 0 1 "Arrest"
0 109 47 175 87 993 0 0 1 "Arrest"
0 109 47 175 87 994 0 0 1 "Arrest"
0 109 47 175 87 995 0 0 1 "Arrest"
0 109 47 175 87 996 0 0 1 "Arrest"
0 109 47 175 87 997 0 0 1 "Arrest"
0 109 47 175 87 998 0 0 1 "Arrest"
0 109 47 175 87 999 0 0 1 "Arrest"
0 109 47 175 87 1000 0 0 1 "Arrest"
0 109 47 175 87 1001 0 0 0 "Arrest"
0 109 47 175 87 1002 0 0 1 "Arrest"
0 109 47 175 87 1003 0 0 1 "Arrest"
0 109 47 175 87 1004 0 0 1 "Arrest"
0 109 47 175 87 1005 0 0 1 "Arrest"
0 109 47 175 87 1006 0 0 1 "Arrest"
0 109 47 175 87 1007 0 0 1 "Arrest"
0 110 47 176 87 1008 0 0 1 "Arrest"
0 110 47 176 87 1009 0 0 1 "Arrest"
0 110 47 176 87 1010 0 0 1 "Arrest"
0 110 47 176 87 1011 0 0 1 "Arrest"
0 110 47 176 87 1012 0 0 1 "Arrest"
0 110 47 176 87 1013 0 0 1 "Arrest"
0 111 47 177 87 1014 0 0 1 "Arrest"
0 111 47 177 87 1015 0 0 1 "Arrest"
0 111 47 177 87 1016 0 0 1 "Arrest"
0 111 47 177 87 1017 0 0 1 "Arrest"
0 111 47 177 87 1018 0 0 1 "Arrest"
0 111 47 177 87 1019 0 0 1 "Arrest"
0 112 47 178 87 1020 0 0 1 "Arrest"
0 112 47 178 87 1021 0 0 1 "Arrest"
0 112 47 178 87 1022 0 0 1 "Arrest"
0 112 47 178 87 1023 0 0 1 "Arrest"
0 112 47 178 87 1024 0 0 1 "Arrest"
0 112 47 178 87 1025 0 0 1 "Arrest"
0 113 47 179 87 1026 0 0 1 "Arrest"
0 113 47 179 87 1027 0 0 1 "Arrest"
0 113 47 179 87 1028 0 0 1 "Arrest"
0 113 47 179 87 1029 0 0 1 "Arrest"
0 113 47 179 87 1030 0 0 1 "Arrest"
0 113 47 179 87 1031 0 0 1 "Arrest"
0 114 47 180 87 1032 0 0 1 "Arrest"
0 114 47 180 87 1033 0 0 1 "Arrest"
0 114 47 180 87 1034 0 0 1 "Arrest"
0 114 47 180 87 1035 0 0 1 "Arrest"
0 114 47 180 87 1036 0 0 1 "Arrest"
0 114 47 180 87 1037 0 0 1 "Arrest"
0 115 47 181 87 1038 0 0 1 "Arrest"
0 115 47 181 87 1039 0 0 1 "Arrest"
0 115 47 181 87 1040 0 0 1 "Arrest"
0 115 47 181 87 1041 0 0 1 "Arrest"
0 115 47 181 87 1042 0 0 1 "Arrest"
0 115 47 181 87 1043 0 0 1 "Arrest"
0 116 47 182 87 1044 0 0 1 "Arrest"
0 116 47 182 87 1045 0 0 1 "Arrest"
0 116 47 182 87 1046 0 0 1 "Arrest"
0 116 47 182 87 1047 0 0 1 "Arrest"
0 116 47 182 87 1048 0 0 1 "Arrest"
0 116 47 182 87 1049 0 0 1 "Arrest"
0 117 48 183 88 1050 1 0 0 "Arrest"
0 117 48 183 88 1051 1 0 1 "Arrest"
0 117 48 183 88 1052 1 0 1 "Arrest"
0 117 48 183 88 1053 1 0 1 "Arrest"
0 117 48 183 88 1054 1 0 1 "Arrest"
0 117 48 183 88 1055 1 0 1 "Arrest"
0 117 48 183 88 1056 1 0 1 "Arrest"
0 117 48 183 88 1057 1 0 1 "Arrest"
0 117 48 183 88 1058 1 0 1 "Arrest"
0 117 48 183 88 1059 1 0 1 "Arrest"
0 117 48 183 88 1060 1 0 1 "Arrest"
0 117 48 183 88 1061 1 0 1 "Arrest"
0 117 48 183 88 1062 1 0 1 "Arrest"
0 117 48 183 88 1063 1 0 1 "Arrest"
0 117 48 183 88 1064 1 0 1 "Arrest"
0 117 48 183 88 1065 1 0 1 "Arrest"
0 117 48 183 88 1066 1 0 1 "Arrest"
0 117 48 183 88 1067 1 0 1 "Arrest"
0 117 48 183 88 1068 1 0 1 "Arrest"
0 117 48 183 88 1069 1 0 1 "Arrest"
0 117 48 183 88 1070 1 0 1 "Arrest"
0 117 48 183 88 1071 1 0 1 "Arrest"
0 117 48 183 88 1072 1 0 1 "Arrest"
0 117 48 183 88 1073 1 0 1 "Arrest"
0 117 48 183 88 1074 1 0 1 "Arrest"
0 117 48 183 88 1075 1 0 1 "Arrest"
0 117 48 183 88 1076 1 0 1 "Arrest"
0 117 48 183 88 1077 1 0 1 "Arrest"
0 117 48 183 88 1078 1 0 1 "Arrest"
0 117 48 183 88 1079 1 0 1 "Arrest"
0 117 48 183 88 1080 1 0 1 "Arrest"
0 117 48 183 88 1081 1 0 1 "Arrest"
0 117 48 183 88 1082 1 0 1 "Arrest"
0 117 48 183 88 1083 1 0 1 "Arrest"
0 117 48 183 88 1084 1 0 1 "Arrest"
0 117 48 183 88 1085 1 0 1 "Arrest"
0 117 48 183 88 1086 1 0 1 "Arrest"
0 117 48 183 88 1087 1 0 1 "Arrest"
0 117 48 183 88 1088 1 0 1 "Arrest"
0 117 48 183 88 1089 1 0 1 "Arrest"
0 117 48 183 88 1090 1 0 1 "Arrest"
0 117 48 183 88 1091 1 0 1 "Arrest"
0 117 48 183 88 1092 1 0 1 "Arrest"
0 117 48 183 88 1093 1 0 1 "Arrest"
0 117 48 183 88 1094 1 0 1 "Arrest"
0 117 48 183 88 1095 1 0 1 "Arrest"
0 117 48 183 88 1096 1 0 1 "Arrest"
0 117 48 183 88 1097 1 0 1 "Arrest"
0 117 48 183 88 1098 1 0 1 "Arrest"
0 117 48 183 88 1099 1 0 1 "Arrest"
0 117 48 183 88 1100 1 0 1 "Arrest"
0 117 48 183 88 1101 1 0 1 "Arrest"
0 117 48 183 88 1102 1 0 1 "Arrest"
0 117 48 183 88 1103 1 0 1 "Arrest"
0 117 48 183 88 1104 1 0 1 "Arrest"
0 117 48 183 88 1105 1 0 1 "Arrest"
0 117 48 183 88 1106 1 0 1 "Arrest"
0 117 48 183 88 1107 1 0 1 "Arrest"
0 117 48 183 88 1108 1 0 1 "Arrest"
0 117 48 183 88 1109 1 0 1 "Arrest"
0 117 48 183 88 1110 1 0 1 "Arrest"
0 117 48 183 88 1111 1 0 1 "Arrest"
0 117 48 183 88 1112 1 0 1 "Arrest"
0 117 48 183 88 1113 1 0 1 "Arrest"
0 117 48 183 88 1114 1 0 1 "Arrest"
0 117 48 183 88 1115 1 0 1 "Arrest"
0 117 48 183 88 1116 1 0 1 "Arrest"
0 117 48 183 88 1117 1 0 1 "Arrest"
0 117 48 183 88 1118 1 0 1 "Arrest"
0 117 48 183 88 1119 1 0 1 "Arrest"
0 117 48 183 88 1120 1 0 1 "Arrest"
0 117 48 183 88 1121 1 0 1 "Arrest"
0 117 48 183 88 1122 1 0 1 "Arrest"
0 117 48 183 88 1123 1 0 1 "Arrest"
0 117 48 183 88 1124 1 0 1 "Arrest"
0 117 48 183 88 1125 1 0 1 "Arrest"
0 117 48 183 88 1126 1 0 1 "Arrest"
0 117 48 183 88 1127 1 0 1 "Arrest"
0 117 48 183 88 1128 1 0 1 "Arrest"
0 117 48 183 88 1129 1 0 1 "Arrest"
0 117 48 183 88 1130 1 0 1 "Arrest"
0 117 48 183 88 1131 1 0 1 "Arrest"
0 117 48 183 88 1132 1 0 1 "Arrest"
0 117 48 183 88 1133 1 0 1 "Arrest"
0 117 48 183 88 1134 1 0 1 "Arrest"
0 117 48 183 88 1135 1 0 1 "Arrest"
0 117 48 183 88 1136 1 0 1 "Arrest"
0 117 48 183 88 1137 1 0 1 "Arrest"
0 117 48 183 88 1138 1 0 1 "Arrest"
0 117 48 183 88 1139 1 0 1 "Arrest"
0 117 48 183 88 1140 1 0 1 "Arrest"
0 117 48 183 88 1141 1 0 1 "Arrest"
0 117 48 183 88 1142 1 0 1 "Arrest"
0 117 48 183 88 1143 1 0 1 "Arrest"
0 117 48 183 88 1144 1 0 1 "Arrest"
0 117 48 183 88 1145 1 0 1 "Arrest"
0 117 48 183 88 1146 1 0 1 "Arrest"
0 117 48 183 88 1147 1 0 1 "Arrest"
0 117 48 183 88 1148 1 0 1 "Arrest"
0 117 48 183 88 1149 1 0 1 "Arrest"
0 117 48 183 88 1150 1 0 1 "Arrest"
0 117 48 183 88 1151 1 0 1 "Arrest"
0 117 48 183 88 1152 1 0 1 "Arrest"
0 117 48 183 88 1153 1 0 1 "Arrest"
0 117 48 183 88 1154 1 0 1 "Arrest"
0 117 48 183 88 1155 1 0 1 "Arrest"
0 117 48 183 88 1156 1 0 1 "Arrest"
0 117 48 183 88 1157 1 0 1 "Arrest"
0 117 48 183 88 1158 1 0 1 "Arrest"
0 117 48 183 88 1159 1 0 1 "Arrest"
0 117 48 183 88 1160 1 0 1 "Arrest"
0 117 48 183 88 1161 1 0 1 "Arrest"
0 117 48 183 88 1162 1 0 1 "Arrest"
0 117 48 183 88 1163 1 0 1 "Arrest"
0 117 48 183 88 1164 1 0 1 "Arrest"
0 117 48 183 88 1165 1 0 1 "Arrest"
0 117 48 183 88 1166 1 0 1 "Arrest"
0 117 48 183 88 1167 1 0 1 "Arrest"
0 117 48 183 88 1168 1 0 1 "Arrest"
0 117 48 183 88 1169 1 0 1 "Arrest"
0 117 48 183 88 1170 1 0 1 "Arrest"
0 117 48 183 88 1171 1 0 1 "Arrest"
0 117 48 183 88 1172 1 0 1 "Arrest"
0 117 48 183 88 1173 1 0 1 "Arrest"
0 117 48 183 88 1174 1 0 1 "Arrest"
0 117 48 183 88 1175 1 0 1 "Arrest"
0 117 48 183 88 1176 1 0 1 "Arrest"
0 117 48 183 88 1177 1 0 1 "Arrest"
0 117 48 183 88 1178 1 0 1 "Arrest"
0 117 48 183 88 1179 1 0 1 "Arrest"
0 117 48 183 88 1180 1 0 1 "Arrest"
0 117 48 183 88 1181 1 0 1 "Arrest"
0 117 48 183 88 1182 1 0 1 "Arrest"
0 117 48 183 88 1183 1 0 1 "Arrest"
0 117 48 183 88 1184 1 0 1 "Arrest"
0 117 48 183 88 1185 1 0 1 "Arrest"
0 117 48 183 88 1186 1 0 1 "Arrest"
0 117 48 183 88 1187 1 0 1 "Arrest"
0 117 48 183 88 1188 1 0 1 "Arrest"
0 117 48 183 88 1189 1 0 1 "Arrest"
0 117 48 183 88 1190 1 0 1 "Arrest"
0 117 48 183 88 1191 1 0 1 "Arrest"
0 117 48 183 88 1192 1 0 1 "Arrest"
0 117 48 183 88 1193 1 0 1 "Arrest"
0 117 48 183 88 1194 1 0 1 "Arrest"
0 117 48 183 88 1195 1 0 1 "Arrest"
0 117 48 183 88 1196 1 0 1 "Arrest"
0 117 48 183 88 1197 1 0 1 "Arrest"
0 117 48 183 88 1198 1 0 1 "Arrest"
0 117 48 183 88 1199 1 0 1 "Arrest"
0 117 48 183 88 1200 1 0 1 "Arrest"
0 117 48 183 88 1201 1 0 1 "Arrest"
0 117 48 183 88 1202 1 0 1 "Arrest"
0 117 48 183 88 1203 1 0 1 "Arrest"
0 117 48 183 88 1204 1 0 1 "Arrest"
0 117 48 183 88 1205 1 0 1 "Arrest"
0 117 48 183 88 1206 1 0 1 "Arrest"
0 117 48 183 88 1207 1 0 1 "Arrest"
0 117 48 183 88 1208 1 0 1 "Arrest"
0 117 48 183 88 1209 1 0 1 "Arrest"
0 117 48 183 88 1210 1 0 1 "Arrest"
0 117 48 183 88 1211 1 0 1 "Arrest"
0 117 48 183 88 1212 1 0 1 "Arrest"
0 117 48 183 88 1213 1 0 1 "Arrest"
0 117 48 183 88 1214 1 0 1 "Arrest"
0 117 48 183 88 1215 1 0 1 "Arrest"
0 117 48 183 88 1216 1 0 1 "Arrest"
0 117 48 183 88 1217 1 0 1 "Arrest"
0 117 48 183 88 1218 1 0 1 "Arrest"
0 117 48 183 88 1219 1 0 1 "Arrest"
0 117 48 183 88 1220 1 0 1 "Arrest"
0 117 48 183 88 1221 1 0 1 "Arrest"
0 117 48 183 88 1222 1 0 1 "Arrest"
0 117 48 183 88 1223 1 0 1 "Arrest"
0 117 48 183 88 1224 1 0 1 "Arrest"
0 117 48 183 88 1225 1 0 1 "Arrest"
0 117 48 183 88 1226 1 0 1 "Arrest"
0 117 48 183 88 1227 1 0 1 "Arrest"
0 117 48 183 88 1228 1 0 1 "Arrest"
0 117 48 183 88 1229 1 0 1 "Arrest"
0 117 48 183 88 1230 1 0 1 "Arrest"
0 117 48 183 88 1231 1 0 1 "Arrest"
0 117 48 183 88 1232 1 0 1 "Arrest"
0 117 48 183 88 1233 1 0 1 "Arrest"
0 117 48 183 88 1234 1 0 1 "Arrest"
0 117 48 183 88 1235 1 0 1 "Arrest"
0 117 48 183 88 1236 1 0 1 "Arrest"
0 117 48 183 88 1237 1 0 1 "Arrest"
0 117 48 183 88 1238 1 0 1 "Arrest"
0 117 48 183 88 1239 1 0 1 "Arrest"
0 117 48 183 88 1240 1 0 1 "Arrest"
0 117 48 183 88 1241 1 0 1 "Arrest"
0 117 48 183 88 1242 1 0 1 "Arrest"
0 117 48 183 88 1243 1 0 1 "Arrest"
0 117 48 183 88 1244 1 0 1 "Arrest"
0 117 48 183 88 1245 1 0 1 "Arrest"
0 117 48 183 88 1246 1 0 1 "Arrest"
0 117 48 183 88 1247 1 0 1 "Arrest"
0 117 48 183 88 1248 1 0 1 "Arrest"
0 117 48 183 88 1249 1 0 1 "Arrest"
0 117 48 183 88 1250 1 0 1 "Arrest"
0 117 48 183 88 1251 1 0 1 "Arrest"
0 117 48 183 88 1252 1 0 1 "Arrest"
0 117 48 183 88 1253 1 0 1 "Arrest"
0 117 48 183 88 1254 1 0 1 "Arrest"
0 117 48 183 88 1255 1 0 1 "Arrest"
0 117 48 183 88 1256 1 0 1 "Arrest"
0 117 48 183 88 1257 1 0 1 "Arrest"
0 117 48 183 88 1258 1 0 1 "Arrest"
0 117 48 183 88 1259 1 0 1 "Arrest"
0 117 48 183 88 1260 1 0 1 "Arrest"
0 117 48 183 88 1261 1 0 1 "Arrest"
0 117 48 183 88 1262 1 0 1 "Arrest"
0 117 48 183 88 1263 1 0 1 "Arrest"
0 117 48 183 88 1264 1 0 1 "Arrest"
0 117 48 183 88 1265 1 0 1 "Arrest"
0 117 48 183 88 1266 1 0 1 "Arrest"
0 117 48 183 88 1267 1 0 1 "Arrest"
0 117 48 183 88 1268 1 0 1 "Arrest"
0 117 48 183 88 1269 1 0 1 "Arrest"
0 117 48 183 88 1270 1 0 1 "Arrest"
0 117 48 183 88 1271 1 0 1 "Arrest"
0 117 48 183 88 1272 1 0 1 "Arrest"
0 117 48 183 88 1273 1 0 1 "Arrest"
0 117 48 183 88 1274 1 0 1 "Arrest"
0 117 48 183 88 1275 1 0 1 "Arrest"
0 117 48 183 88 1276 1 0 1 "Arrest"
0 117 48 183 88 1277 1 0 1 "Arrest"
0 117 48 183 88 1278 1 0 1 "Arrest"
0 117 48 183 88 1279 1 0 1 "Arrest"
0 117 48 183 88 1280 1 0 0 "Arrest"
0 116 47 183 88 1281 1 0 1 "Arrest"
0 116 47 183 88 1282 1 0 1 "Arrest"
0 116 47 183 88 1283 1 0 1 "Arrest"
0 116 47 183 88 1284 1 0 1 "Arrest"
0 116 47 183 88 1285 1 0 1 "Arrest"
0 116 47 183 88 1286 1 0 1 "Arrest"
0 116 47 183 88 1287 1 0 1 "Arrest"
0 116 47 183 88 1288 1 0 1 "Arrest"
0 116 47 183 88 1289 1 0 1 "Arrest"
0 116 47 183 88 1290 1 0 1 "Arrest"
0 116 47 183 88 1291 1 0 1 "Arrest"
0 116 47 183 88 1292 1 0 1 "Arrest"
0 116 47 183 88 1293 1 0 1 "Arrest"
0 116 47 183 88 1294 1 0 1 "Arrest"
0 116 47 183 88 1295 1 0 1 "Arrest"
0 116 47 183 88 1296 1 0 1 "Arrest"
0 116 47 183 88 1297 1 0 1 "Arrest"
0 116 47 183 88 1298 1 0 1 "Arrest"
0 116 47 183 88 1299 1 0 1 "Arrest"
0 116 47 183 88 1300 1 0 1 "Arrest"
0 116 47 183 88 1301 1 0 1 "Arrest"
0 116 47 183 88 1302 1 0 1 "Arrest"
0 116 47 183 88 1303 1 0 1 "Arrest"
0 116 47 183 88 1304 1 0 1 "Arrest"
0 116 47 183 88 1305 1 0 1 "Arrest"
0 116 47 183 88 1306 1 0 1 "Arrest"
0 116 47 183 88 1307 1 0 1 "Arrest"
0 116 47 183 88 1308 1 0 1 "Arrest"
0 116 47 183 88 1309 1 0 1 "Arrest"
0 116 47 183 88 1310 1 0 1 "Arrest"
0 116 47 183 88 1311 1 0 1 "Arrest"
0 116 47 183 88 1312 1 0 1 "Arrest"
0 116 47 183 88 1313 1 0 1 "Arrest"
0 116 47 183 88 1314 1 0 1 "Arrest"
0 116 47 183 88 1315 1 0 1 "Arrest"
0 116 47 183 88 1316 1 0 1 "Arrest"
0 116 47 183 88 1317 1 0 1 "Arrest"
0 116 47 183 88 1318 1 0 1 "Arrest"
0 116 47 183 88 1319 1 0 1 "Arrest"
0 115 47 184 88 1320 1 0 1 "Arrest"
0 115 47 184 88 1321 1 0 1 "Arrest"
0 115 47 184 88 1322 1 0 1 "Arrest"
0 115 47 184 88 1323 1 0 1 "Arrest"
0 115 47 184 88 1324 1 0 1 "Arrest"
0 115 47 184 88 1325 1 0 1 "Arrest"
0 115 47 184 88 1326 1 0 1 "Arrest"
0 115 47 184 88 1327 1 0 1 "Arrest"
0 115 47 184 88 1328 1 0 1 "Arrest"
0 115 47 184 88 1329 1 0 1 "Arrest"
0 115 47 184 88 1330 1 0 1 "Arrest"
0 115 47 184 88 1331 1 0 1 "Arrest"
0 115 47 184 88 1332 1 0 1 "Arrest"
0 115 47 184 88 1333 1 0 1 "Arrest"
0 115 47 184 88 1334 1 0 1 "Arrest"
0 115 47 184 88 1335 1 0 1 "Arrest"
0 115 47 184 88 1336 1 0 1 "Arrest"
0 115 47 184 88 1337 1 0 1 "Arrest"
0 115 47 184 88 1338 1 0 1 "Arrest"
0 115 47 184 88 1339 1 0 1 "Arrest"
0 115 47 184 88 1340 1 0 1 "Arrest"
0 115 47 184 88 1341 1 0 1 "Arrest"
0 115 47 184 88 1342 1 0 1 "Arrest"
0 115 47 184 88 1343 1 0 1 "Arrest"
0 115 47 184 88 1344 1 0 1 "Arrest"
0 115 47 184 88 1345 1 0 1 "Arrest"
0 115 47 184 88 1346 1 0 1 "Arrest"
0 115 47 184 88 1347 1 0 1 "Arrest"
0 115 47 184 88 1348 1 0 1 "Arrest"
0 115 47 184 88 1349 1 0 1 "Arrest"
0 115 47 184 88 1350 1 0 1 "Arrest"
0 115 47 184 88 1351 1 0 1 "Arrest"
0 115 47 184 88 1352 1 0 1 "Arrest"
0 115 47 184 88 1353 1 0 1 "Arrest"
0 115 47 184 88 1354 1 0 1 "Arrest"
0 115 47 184 88 1355 1 0 1 "Arrest"
0 115 47 184 88 1356 1 0 1 "Arrest"
0 115 47 184 88 1357 1 0 1 "Arrest"
0 115 47 184 88 1358 1 0 1 "Arrest"
0 114 47 185 88 1359 1 0 1 "Arrest"
0 114 47 185 88 1360 1 0 1 "Arrest"
0 114 47 185 88 1361 1 0 1 "Arrest"
0 114 47 185 88 1362 1 0 1 "Arrest"
0 114 47 185 88 1363 1 0 1 "Arrest"
0 114 47 185 88 1364 1 0 1 "Arrest"
0 114 47 185 88 1365 1 0 1 "Arrest"
0 114 47 185 88 1366 1 0 1 "Arrest"
0 114 47 185 88 1367 1 0 1 "Arrest"
0 114 47 185 88 1368 1 0 1 "Arrest"
0 114 47 185 88 1369 1 0 1 "Arrest"
0 114 47 185 88 1370 1 0 1 "Arrest"
0 114 47 185 88 1371 1 0 1 "Arrest"
0 114 47 185 88 1372 1 0 1 "Arrest"
0 114 47 185 88 1373 1 0 1 "Arrest"
0 114 47 185 88 1374 1 0 1 "Arrest"
0 114 47 185 88 1375 1 0 1 "Arrest"
0 114 47 185 88 1376 1 0 1 "Arrest"
0 114 47 185 88 1377 1 0 1 "Arrest"
0 114 47 185 88 1378 1 0 1 "Arrest"
0 114 47 185 88 1379 1 0 1 "Arrest"
0 114 47 185 88 1380 1 0 1 "Arrest"
0 114 47 185 88 1381 1 0 1 "Arrest"
0 114 47 185 88 1382 1 0 1 "Arrest"
0 114 47 185 88 1383 1 0 1 "Arrest"
0 114 47 185 88 1384 1 0 1 "Arrest"
0 114 47 185 88 1385 1 0 1 "Arrest"
0 114 47 185 88 1386 1 0 1 "Arrest"
0 114 47 185 88 1387 1 0 1 "Arrest"
0 114 47 185 88 1388 1 0 1 "Arrest"
0 114 47 185 88 1389 1 0 1 "Arrest"
0 114 47 185 88 1390 1 0 1 "Arrest"
0 114 47 185 88 1391 1 0 1 "Arrest"
0 114 47 185 88 1392 1 0 1 "Arrest"
0 114 47 185 88 1393 1 0 1 "Arrest"
0 114 47 185 88 1394 1 0 1 "Arrest"
0 114 47 185 88 1395 1 0 1 "Arrest"
0 114 47 185 88 1396 1 0 1 "Arrest"
0 114 47 185 88 1397 1 0 1 "Arrest"
0 113 47 186 88 1398 1 0 1 "Arrest"
0 113 47 186 88 1399 1 0 1 "Arrest"
0 113 47 186 88 1400 1 0 1 "Arrest"
0 113 47 186 88 1401 1 0 1 "Arrest"
0 113 47 186 88 1402 1 0 1 "Arrest"
0 113 47 186 88 1403 1 0 1 "Arrest"
0 113 47 186 88 1404 1 0 1 "Arrest"
0 113 47 186 88 1405 1 0 1 "Arrest"
0 113 47 186 88 1406 1 0 1 "Arrest"
0 113 47 186 88 1407 1 0 1 "Arrest"
0 113 47 186 88 1408 1 0 1 "Arrest"
0 113 47 186 88 1409 1 0 1 "Arrest"
0 113 47 186 88 1410 1 0 1 "Arrest"
0 113 47 186 88 1411 1 0 1 "Arrest"
0 113 47 186 88 1412 1 0 1 "Arrest"
0 113 47 186 88 1413 1 0 1 "Arrest"
0 113 47 186 88 1414 1 0 1 "Arrest"
0 113 47 186 88 1415 1 0 1 "Arrest"
0 113 47 186 88 1416 1 0 1 "Arrest"
0 113 47 186 88 1417 1 0 1 "Arrest"
0 113 47 186 88 1418 1 0 1 "Arrest"
0 113 47 186 88 1419 1 0 1 "Arrest"
0 113 47 186 88 1420 1 0 1 "Arrest"
0 113 47 186 88 1421 1 0 1 "Arrest"
0 113 47 186 88 1422 1 0 1 "Arrest"
0 113 47 186 88 1423 1 0 1 "Arrest"
0 113 47 186 88 1424 1 0 1 "Arrest"
0 113 47 186 88 1425 1 0 1 "Arrest"
0 113 47 186 88 1426 1 0 1 "Arrest"
0 113 47 186 88 1427 1 0 1 "Arrest"
0 113 47 186 88 1428 1 0 1 "Arrest"
0 113 47 186 88 1429 1 0 1 "Arrest"
0 113 47 186 88 1430 1 0 1 "Arrest"
0 113 47 186 88 1431 1 0 1 "Arrest"
0 113 47 186 88 1432 1 0 1 "Arrest"
0 113 47 186 88 1433 1 0 1 "Arrest"
0 113 47 186 88 1434 1 0 1 "Arrest"
0 113 47 186 88 1435 1 0 1 "Arrest"
0 113 47 186 88 1436 1 0 1 "Arrest"
0 113 47 187 88 1437 1 0 1 "Arrest"
0 112 47 187 88 1438 1 0 1 "Arrest"
0 112 47 187 88 1439 1 0 1 "Arrest"
0 112 47 187 88 1440 1 0 1 "Arrest"
0 112 47 187 88 1441 1 0 1 "Arrest"
0 112 47 187 88 1442 1 0 1 "Arrest"
0 112 47 187 88 1443 1 0 1 "Arrest"
0 112 47 187 88 1444 1 0 1 "Arrest"
0 112 47 187 88 1445 1 0 1 "Arrest"
0 112 47 187 88 1446 1 0 1 "Arrest"
0 112 47 187 88 1447 1 0 1 "Arrest"
0 112 47 187 88 1448 1 0 1 "Arrest"
0 112 47 187 88 1449 1 0 1 "Arrest"
0 112 47 187 88 1450 1 0 1 "Arrest"
0 112 47 187 88 1451 1 0 1 "Arrest"
0 112 47 187 88 1452 1 0 1 "Arrest"
0 112 47 187 88 1453 1 0 1 "Arrest"
0 112 47 187 88 1454 1 0 1 "Arrest"
0 112 47 187 88 1455 1 0 1 "Arrest"
0 112 47 187 88 1456 1 0 1 "Arrest"
0 112 47 187 88 1457 1 0 1 "Arrest"
0 112 47 187 88 1458 1 0 1 "Arrest"
0 112 47 187 88 1459 1 0 1 "Arrest"
0 112 47 187 88 1460 1 0 1 "Arrest"
0 112 47 187 88 1461 1 0 1 "Arrest"
0 112 47 187 88 1462 1 0 1 "Arrest"
0 112 47 187 88 1463 1 0 1 "Arrest"
0 112 47 187 88 1464 1 0 1 "Arrest"
0 112 47 187 88 1465 1 0 1 "Arrest"
0 112 47 187 88 1466 1 0 1 "Arrest"
0 112 47 187 88 1467 1 0 1 "Arrest"
0 112 47 187 88 1468 1 0 1 "Arrest"
0 112 47 187 88 1469 1 0 1 "Arrest"
0 112 47 187 88 1470 1 0 1 "Arrest"
0 112 47 187 88 1471 1 0 1 "Arrest"
0 112 47 187 88 1472 1 0 1 "Arrest"
0 112 47 187 88 1473 1 0 1 "Arrest"
0 112 47 187 88 1474 1 0 1 "Arrest"
0 112 47 187 88 1475 1 0 1 "Arrest"
0 112 47 187 88 1476 1 0 1 "Arrest"
0 111 47 188 88 1477 1 0 1 "Arrest"
0 111 47 188 88 1478 1 0 1 "Arrest"
0 111 47 188 88 1479 1 0 1 "Arrest"
0 111 47 188 88 1480 1 0 1 "Arrest"
0 111 47 188 88 1481 1 0 1 "Arrest"
0 111 47 188 88 1482 1 0 1 "Arrest"
0 111 47 188 88 1483 1 0 1 "Arrest"
0 111 47 188 88 1484 1 0 1 "Arrest"
0 111 47 188 88 1485 1 0 1 "Arrest"
0 111 47 188 88 1486 1 0 1 "Arrest"
0 111 47 188 88 1487 1 0 1 "Arrest"
0 111 47 188 88 1488 1 0 1 "Arrest"
0 111 47 188 88 1489 1 0 1 "Arrest"
0 111 47 188 88 1490 1 0 1 "Arrest"
0 111 47 188 88 1491 1 0 1 "Arrest"
0 111 47 188 88 1492 1 0 1 "Arrest"
0 111 47 188 88 1493 1 0 1 "Arrest"
0 111 47 188 88 1494 1 0 1 "Arrest"
0 111 47 188 88 1495 1 0 1 "Arrest"
0 111 47 188 88 1496 1 0 1 "Arrest"
0 111 47 188 88 1497 1 0 1 "Arrest"
0 111 47 188 88 1498 1 0 1 "Arrest"
0 111 47 188 88 1499 1 0 1 "Arrest"
0 111 47 188 88 1500 1 0 1 "Arrest"
0 111 47 188 88 1501 1 0 1 "Arrest"
0 111 47 188 88 1502 1 0 1 "Arrest"
0 111 47 188 88 1503 1 0 1 "Arrest"
0 111 47 188 88 1504 1 0 1 "Arrest"
0 111 47 188 88 1505 1 0 1 "Arrest"
0 111 47 188 88 1506 1 0 1 "Arrest"
0 111 47 188 88 1507 1 0 1 "Arrest"
0 111 47 188 88 1508 1 0 1 "Arrest"
0 111 47 188 88 1509 1 0 1 "Arrest"
0 111 47 188 88 1510 1 0 1 "Arrest"
0 111 47 188 88 1511 1 0 1 "Arrest"
0 111 47 188 88 1512 1 0 1 "Arrest"
0 111 47 188 88 1513 1 0 1 "Arrest"
0 111 47 188 88 1514 1 0 1 "Arrest"
0 111 47 188 88 1515 1 0 1 "Arrest"
0 110 47 189 88 1516 1 0 1 "Arrest"
0 110 47 189 88 1517 1 0 1 "Arrest"
0 110 47 189 88 1518 1 0 1 "Arrest"
0 110 47 189 88 1519 1 0 1 "Arrest"
0 110 47 189 88 1520 1 0 1 "Arrest"
0 110 47 189 88 1521 1 0 1 "Arrest"
0 110 47 189 88 1522 1 0 1 "Arrest"
0 110 47 189 88 1523 1 0 1 "Arrest"
0 110 47 189 88 1524 1 0 1 "Arrest"
0 110 47 189 88 1525 1 0 1 "Arrest"
0 110 47 189 88 1526 1 0 1 "Arrest"
0 110 47 189 88 1527 1 0 1 "Arrest"
0 110 47 189 88 1528 1 0 1 "Arrest"
0 110 47 189 88 1529 1 0 1 "Arrest"
0 110 47 189 88 1530 1 0 1 "Arrest"
0 110 47 189 88 1531 1 0 1 "Arrest"
0 110 47 189 88 1532 1 0 1 "Arrest"
0 110 47 189 88 1533 1 0 1 "Arrest"
0 110 47 189 88 1534 1 0 1 "Arrest"
0 110 47 189 88 1535 1 0 1 "Arrest"
0 110 47 189 88 1536 1 0 1 "Arrest"
0 110 47 189 88 1537 1 0 1 "Arrest"
0 110 47 189 88 1538 1 0 1 "Arrest"
0 110 47 189 88 1539 1 0 1 "Arrest"
0 110 47 189 88 1540 1 0 1 "Arrest"
0 110 47 189 88 1541 1 0 1 "Arrest"
0 110 47 189 88 1542 1 0 1 "Arrest"
0 110 47 189 88 1543 1 0 1 "Arrest"
0 110 47 189 88 1544 1 0 1 "Arrest"
0 110 47 189 88 1545 1 0 1 "Arrest"
0 110 47 189 88 1546 1 0 1 "Arrest"
0 110 47 189 88 1547 1 0 1 "Arrest"
0 110 47 189 88 1548 1 0 1 "Arrest"
0 110 47 189 88 1549 1 0 1 "Arrest"
0 110 47 189 88 1550 1 0 1 "Arrest"
0 110 47 189 88 1551 1 0 1 "Arrest"
0 110 47 189 88 1552 1 0 1 "Arrest"
0 110 47 189 88 1553 1 0 1 "Arrest"
0 110 47 189 88 1554 1 0 1 "Arrest"
0 109 47 190 88 1555 1 0 1 "Arrest"
0 109 47 190 88 1556 1 0 1 "Arrest"
0 109 47 190 88 1557 1 0 1 "Arrest"
0 109 47 190 88 1558 1 0 1 "Arrest"
0 109 47 190 88 1559 1 0 1 "Arrest"
0 109 47 190 88 1560 1 0 1 "Arrest"
0 109 47 190 88 1561 1 0 1 "Arrest"
0 109 47 190 88 1562 1 0 1 "Arrest"
0 109 47 190 88 1563 1 0 1 "Arrest"
0 109 47 190 88 1564 1 0 1 "Arrest"
0 109 47 190 88 1565 1 0 1 "Arrest"
0 109 47 190 88 1566 1 0 1 "Arrest"
0 109 47 190 88 1567 1 0 1 "Arrest"
0 109 47 190 88 1568 1 0 1 "Arrest"
0 109 47 190 88 1569 1 0 1 "Arrest"
0 109 47 190 88 1570 1 0 1 "Arrest"
0 109 47 190 88 1571 1 0 1 "Arrest"
0 109 47 190 88 1572 1 0 1 "Arrest"
0 109 47 190 88 1573 1 0 1 "Arrest"
0 109 47 190 88 1574 1 0 1 "Arrest"
0 109 47 190 88 1575 1 0 1 "Arrest"
0 109 47 190 88 1576 1 0 1 "Arrest"
0 109 47 190 88 1577 1 0 1 "Arrest"
0 109 47 190 88 1578 1 0 1 "Arrest"
0 109 47 190 88 1579 1 0 1 "Arrest"
0 109 47 190 88 1580 1 0 1 "Arrest"
0 109 47 190 88 1581 1 0 1 "Arrest"
0 109 47 190 88 1582 1 0 1 "Arrest"
0 109 47 190 88 1583 1 0 1 "Arrest"
0 109 47 190 88 1584 1 0 1 "Arrest"
0 109 47 190 88 1585 1 0 1 "Arrest"
0 109 47 190 88 1586 1 0 1 "Arrest"
0 109 47 190 88 1587 1 0 1 "Arrest"
0 109 47 190 88 1588 1 0 1 "Arrest"
0 109 47 190 88 1589 1 0 1 "Arrest"
0 109 47 190 88 1590 1 0 1 "Arrest"
0 109 47 190 88 1591 1 0 1 "Arrest"
0 109 47 190 88 1592 1 0 1 "Arrest"
0 109 47 190 88 1593 1 0 1 "Arrest"
0 109 47 191 88 1594 1 0 0 "Arrest"
