0 134 34 219 182 0 1 0 0 "Arrest"
0 134 34 219 182 1 1 0 1 "Arrest"
0 134 34 219 182 2 1 0 1 "Arrest"
0 134 34 219 182 3 1 0 1 "Arrest"
0 134 34 219 182 4 1 0 1 "Arrest"
0 134 34 219 182 5 1 0 1 "Arrest"
0 134 34 219 182 6 1 0 1 "Arrest"
0 134 34 219 182 7 1 0 1 "Arrest"
0 134 34 219 182 8 1 0 1 "Arrest"
0 134 34 219 182 9 1 0 1 "Arrest"
0 134 34 219 182 10 1 0 1 "Arrest"
0 134 34 219 182 11 1 0 1 "Arrest"
0 134 34 219 182 12 1 0 1 "Arrest"
0 134 34 219 182 13 1 0 1 "Arrest"
0 134 34 219 182 14 1 0 1 "Arrest"
0 134 34 219 182 15 1 0 1 "Arrest"
0 134 34 219 182 16 1 0 1 "Arrest"
0 134 34 219 182 17 1 0 1 "Arrest"
0 134 34 219 182 18 1 0 1 "Arrest"
0 134 34 219 182 19 1 0 1 "Arrest"
0 134 34 219 182 20 1 0 1 "Arrest"
0 134 34 219 182 21 1 0 1 "Arrest"
0 134 34 219 182 22 1 0 1 "Arrest"
0 134 34 219 182 23 1 0 1 "Arrest"
0 134 34 219 182 24 1 0 1 "Arrest"
0 134 34 219 182 25 1 0 1 "Arrest"
0 134 34 219 182 26 1 0 1 "Arrest"
0 134 34 219 182 27 1 0 1 "Arrest"
0 134 34 219 182 28 1 0 1 "Arrest"
0 134 34 219 182 29 1 0 1 "Arrest"
0 134 34 219 182 30 1 0 1 "Arrest"
0 134 34 219 182 31 1 0 1 "Arrest"
0 134 34 219 182 32 1 0 1 "Arrest"
0 134 34 219 182 33 1 0 1 "Arrest"
0 134 34 219 182 34 1 0 1 "Arrest"
0 134 34 219 182 35 1 0 1 "Arrest"
0 134 34 219 182 36 1 0 1 "Arrest"
0 134 34 219 182 37 1 0 1 "Arrest"
0 134 34 219 182 38 1 0 1 "Arrest"
0 134 34 219 182 39 1 0 1 "Arrest"
0 134 34 219 182 40 1 0 1 "Arrest"
0 134 34 219 182 41 1 0 1 "Arrest"
0 134 34 219 182 42 1 0 1 "Arrest"
0 134 34 219 182 43 1 0 1 "Arrest"
0 134 34 219 182 44 1 0 1 "Arrest"
0 134 34 219 182 45 1 0 1 "Arrest"
0 134 34 219 182 46 1 0 1 "Arrest"
0 134 34 219 182 47 1 0 1 "Arrest"
0 134 34 219 182 48 1 0 1 "Arrest"
0 134 34 219 182 49 1 0 1 "Arrest"
0 134 34 219 182 50 1 0 1 "Arrest"
0 134 34 219 182 51 1 0 1 "Arrest"
0 134 34 219 182 52 1 0 1 "Arrest"
0 134 34 219 182 53 1 0 1 "Arrest"
0 134 34 219 182 54 1 0 1 "Arrest"
0 134 34 219 182 55 1 0 1 "Arrest"
0 134 34 219 182 56 1 0 1 "Arrest"
0 134 34 219 182 57 1 0 1 "Arrest"
0 134 34 219 182 58 1 0 1 "Arrest"
0 134 34 219 182 59 1 0 1 "Arrest"
0 134 34 219 182 60 1 0 1 "Arrest"
0 134 34 219 182 61 1 0 1 "Arrest"
0 134 34 219 182 62 1 0 1 "Arrest"
0 134 34 219 182 63 1 0 1 "Arrest"
0 134 34 219 182 64 1 0 1 "Arrest"
0 134 34 219 182 65 1 0 1 "Arrest"
0 134 34 219 182 66 1 0 1 "Arrest"
0 134 34 219 182 67 1 0 1 "Arrest"
0 134 34 219 182 68 1 0 1 "Arrest"
0 134 34 219 182 69 1 0 1 "Arrest"
0 134 34 219 182 70 1 0 1 "Arrest"
0 134 34 219 182 71 1 0 1 "Arrest"
0 134 34 219 182 72 1 0 1 "Arrest"
0 134 34 219 182 73 1 0 1 "Arrest"
0 134 34 219 182 74 1 0 1 "Arrest"
0 134 34 219 182 75 1 0 1 "Arrest"
0 134 34 219 182 76 1 0 1 "Arrest"
0 134 34 219 182 77 1 0 1 "Arrest"
0 134 34 219 182 78 1 0 1 "Arrest"
0 134 34 219 182 79 1 0 1 "Arrest"
0 134 34 219 182 80 1 0 1 "Arrest"
0 134 34 219 182 81 1 0 1 "Arrest"
0 134 34 219 182 82 1 0 1 "Arrest"
0 134 34 219 182 83 1 0 1 "Arrest"
0 134 34 219 182 84 1 0 1 "Arrest"
0 134 34 219 182 85 1 0 1 "Arrest"
0 134 34 219 182 86 1 0 1 "Arrest"
0 134 34 219 182 87 1 0 1 "Arrest"
0 134 34 219 182 88 1 0 1 "Arrest"
0 134 34 219 182 89 1 0 1 "Arrest"
0 134 34 219 182 90 1 0 1 "Arrest"
0 134 34 219 182 91 1 0 1 "Arrest"
0 134 34 219 182 92 1 0 1 "Arrest"
0 134 34 219 182 93 1 0 1 "Arrest"
0 134 34 219 182 94 1 0 1 "Arrest"
0 134 34 219 182 95 1 0 1 "Arrest"
0 134 34 219 182 96 1 0 1 "Arrest"
0 134 34 219 182 97 1 0 1 "Arrest"
0 134 34 219 182 98 1 0 1 "Arrest"
0 134 34 219 182 99 1 0 1 "Arrest"
0 134 34 219 182 100 1 0 1 "Arrest"
0 134 34 219 182 101 1 0 1 "Arrest"
0 134 34 219 182 102 1 0 1 "Arrest"
0 134 34 219 182 103 1 0 1 "Arrest"
0 134 34 219 182 104 1 0 1 "Arrest"
0 134 34 219 182 105 1 0 1 "Arrest"
0 134 34 219 182 106 1 0 1 "Arrest"
0 134 34 219 182 107 1 0 1 "Arrest"
0 134 34 219 182 108 1 0 1 "Arrest"
0 134 34 219 182 109 1 0 1 "Arrest"
0 134 34 219 182 110 1 0 1 "Arrest"
0 134 34 219 182 111 1 0 1 "Arrest"
0 134 34 219 182 112 1 0 1 "Arrest"
0 134 34 219 182 113 1 0 1 "Arrest"
0 134 34 219 182 114 1 0 1 "Arrest"
0 134 34 219 182 115 1 0 1 "Arrest"
0 134 34 219 182 116 1 0 1 "Arrest"
0 134 34 219 182 117 1 0 1 "Arrest"
0 134 34 219 182 118 1 0 1 "Arrest"
0 134 34 219 182 119 1 0 1 "Arrest"
0 134 34 219 182 120 1 0 1 "Arrest"
0 134 34 219 182 121 1 0 1 "Arrest"
0 134 34 219 182 122 1 0 1 "Arrest"
0 134 34 219 182 123 1 0 1 "Arrest"
0 134 34 219 182 124 1 0 1 "Arrest"
0 134 34 219 182 125 1 0 1 "Arrest"
0 134 34 219 182 126 1 0 1 "Arrest"
0 134 34 219 182 127 1 0 1 "Arrest"
0 134 34 219 182 128 1 0 1 "Arrest"
0 134 34 219 182 129 1 0 1 "Arrest"
0 134 34 219 182 130 1 0 1 "Arrest"
0 134 34 219 182 131 1 0 1 "Arrest"
0 134 34 219 182 132 1 0 1 "Arrest"
0 134 34 219 182 133 1 0 1 "Arrest"
0 134 34 219 182 134 1 0 1 "Arrest"
0 134 34 219 182 135 1 0 1 "Arrest"
0 134 34 219 182 136 1 0 1 "Arrest"
0 134 34 219 182 137 1 0 1 "Arrest"
0 134 34 219 182 138 1 0 1 "Arrest"
0 134 34 219 182 139 1 0 1 "Arrest"
0 134 34 219 182 140 1 0 1 "Arrest"
0 134 34 219 182 141 1 0 1 "Arrest"
0 134 34 219 182 142 1 0 1 "Arrest"
0 134 34 219 182 143 1 0 1 "Arrest"
0 134 34 219 182 144 1 0 1 "Arrest"
0 134 34 219 182 145 1 0 1 "Arrest"
0 134 34 219 182 146 1 0 1 "Arrest"
0 134 34 219 182 147 1 0 1 "Arrest"
0 134 34 219 182 148 1 0 1 "Arrest"
0 134 34 219 182 149 1 0 1 "Arrest"
0 134 34 219 182 150 1 0 1 "Arrest"
0 134 34 219 182 151 1 0 1 "Arrest"
0 134 34 219 182 152 1 0 1 "Arrest"
0 134 34 219 182 153 1 0 1 "Arrest"
0 134 34 219 182 154 1 0 1 "Arrest"
0 134 34 219 182 155 1 0 1 "Arrest"
0 134 34 219 182 156 1 0 1 "Arrest"
0 134 34 219 182 157 1 0 1 "Arrest"
0 134 34 219 182 158 1 0 1 "Arrest"
0 134 34 219 182 159 1 0 1 "Arrest"
0 134 34 219 182 160 1 0 1 "Arrest"
0 134 34 219 182 161 1 0 1 "Arrest"
0 134 34 219 182 162 1 0 1 "Arrest"
0 134 34 219 182 163 1 0 1 "Arrest"
0 134 34 219 182 164 1 0 1 "Arrest"
0 134 34 219 182 165 1 0 1 "Arrest"
0 134 34 219 182 166 1 0 1 "Arrest"
0 134 34 219 182 167 1 0 1 "Arrest"
0 134 34 219 182 168 1 0 1 "Arrest"
0 134 34 219 182 169 1 0 1 "Arrest"
0 134 34 219 182 170 1 0 1 "Arrest"
0 134 34 219 182 171 1 0 1 "Arrest"
0 134 34 219 182 172 1 0 1 "Arrest"
0 134 34 219 182 173 1 0 1 "Arrest"
0 134 34 219 182 174 1 0 1 "Arrest"
0 134 34 219 182 175 1 0 1 "Arrest"
0 134 34 219 182 176 1 0 1 "Arrest"
0 134 34 219 182 177 1 0 1 "Arrest"
0 134 34 219 182 178 1 0 1 "Arrest"
0 134 34 219 182 179 1 0 1 "Arrest"
0 134 34 219 182 180 1 0 1 "Arrest"
0 134 34 219 182 181 1 0 1 "Arrest"
0 134 34 219 182 182 1 0 1 "Arrest"
0 134 34 219 182 183 1 0 1 "Arrest"
0 134 34 219 182 184 1 0 1 "Arrest"
0 134 34 219 182 185 1 0 1 "Arrest"
0 134 34 219 182 186 1 0 1 "Arrest"
0 134 34 219 182 187 1 0 1 "Arrest"
0 134 34 219 182 188 1 0 1 "Arrest"
0 134 34 219 182 189 1 0 1 "Arrest"
0 134 34 219 182 190 1 0 1 "Arrest"
0 134 34 219 182 191 1 0 1 "Arrest"
0 134 34 219 182 192 1 0 1 "Arrest"
0 134 34 219 182 193 1 0 1 "Arrest"
0 134 34 219 182 194 1 0 1 "Arrest"
0 134 34 219 182 195 1 0 1 "Arrest"
0 134 34 219 182 196 1 0 1 "Arrest"
0 134 34 219 182 197 1 0 1 "Arrest"
0 134 34 219 182 198 1 0 1 "Arrest"
0 134 34 219 182 199 1 0 1 "Arrest"
0 134 34 219 182 200 1 0 1 "Arrest"
0 134 34 219 182 201 1 0 1 "Arrest"
0 134 34 219 182 202 1 0 1 "Arrest"
0 134 34 219 182 203 1 0 1 "Arrest"
0 134 34 219 182 204 1 0 1 "Arrest"
0 134 34 219 182 205 1 0 1 "Arrest"
0 134 34 219 182 206 1 0 1 "Arrest"
0 134 34 219 182 207 1 0 1 "Arrest"
0 134 34 219 182 208 1 0 1 "Arrest"
0 134 34 219 182 209 1 0 1 "Arrest"
0 134 34 219 182 210 1 0 1 "Arrest"
0 134 34 219 182 211 1 0 1 "Arrest"
0 134 34 219 182 212 1 0 1 "Arrest"
0 134 34 219 182 213 1 0 1 "Arrest"
0 134 34 219 182 214 1 0 1 "Arrest"
0 134 34 219 182 215 1 0 1 "Arrest"
0 134 34 219 182 216 1 0 1 "Arrest"
0 134 34 219 182 217 1 0 1 "Arrest"
0 134 34 219 182 218 1 0 1 "Arrest"
0 134 34 219 182 219 1 0 1 "Arrest"
0 134 34 219 182 220 1 0 1 "Arrest"
0 134 34 219 182 221 1 0 1 "Arrest"
0 134 34 219 182 222 1 0 1 "Arrest"
0 134 34 219 182 223 1 0 1 "Arrest"
0 134 34 219 182 224 1 0 1 "Arrest"
0 134 34 219 182 225 1 0 1 "Arrest"
0 134 34 219 182 226 1 0 1 "Arrest"
0 134 34 219 182 227 1 0 1 "Arrest"
0 134 34 219 182 228 1 0 1 "Arrest"
0 134 34 219 182 229 1 0 1 "Arrest"
0 134 34 219 182 230 1 0 1 "Arrest"
0 134 34 219 182 231 1 0 1 "Arrest"
0 134 34 219 182 232 1 0 1 "Arrest"
0 134 34 219 182 233 1 0 1 "Arrest"
0 134 34 219 182 234 1 0 1 "Arrest"
0 134 34 219 182 235 1 0 1 "Arrest"
0 134 34 219 182 236 1 0 1 "Arrest"
0 134 34 219 182 237 1 0 1 "Arrest"
0 134 34 219 182 238 1 0 1 "Arrest"
0 134 34 219 182 239 1 0 1 "Arrest"
0 134 34 219 182 240 1 0 1 "Arrest"
0 134 34 219 182 241 1 0 1 "Arrest"
0 134 34 219 182 242 1 0 1 "Arrest"
0 134 34 219 182 243 1 0 1 "Arrest"
0 134 34 219 182 244 1 0 1 "Arrest"
0 134 34 219 182 245 1 0 1 "Arrest"
0 134 34 219 182 246 1 0 1 "Arrest"
0 134 34 219 182 247 1 0 1 "Arrest"
0 134 34 219 182 248 1 0 1 "Arrest"
0 134 34 219 182 249 1 0 1 "Arrest"
0 134 34 219 182 250 1 0 1 "Arrest"
0 134 34 219 182 251 1 0 1 "Arrest"
0 134 34 219 182 252 1 0 1 "Arrest"
0 134 34 219 182 253 1 0 1 "Arrest"
0 134 34 219 182 254 1 0 1 "Arrest"
0 134 34 219 182 255 1 0 1 "Arrest"
0 134 34 219 182 256 1 0 1 "Arrest"
0 134 34 219 182 257 1 0 1 "Arrest"
0 134 34 219 182 258 1 0 1 "Arrest"
0 134 34 219 182 259 1 0 1 "Arrest"
0 134 34 219 182 260 1 0 1 "Arrest"
0 134 34 219 182 261 1 0 1 "Arrest"
0 134 34 219 182 262 1 0 1 "Arrest"
0 134 34 219 182 263 1 0 1 "Arrest"
0 134 34 219 182 264 1 0 1 "Arrest"
0 134 34 219 182 265 1 0 1 "Arrest"
0 134 34 219 182 266 1 0 1 "Arrest"
0 134 34 219 182 267 1 0 1 "Arrest"
0 134 34 219 182 268 1 0 1 "Arrest"
0 134 34 219 182 269 1 0 1 "Arrest"
0 134 34 219 182 270 1 0 1 "Arrest"
0 134 34 219 182 271 1 0 1 "Arrest"
0 134 34 219 182 272 1 0 1 "Arrest"
0 134 34 219 182 273 1 0 1 "Arrest"
0 134 34 219 182 274 1 0 1 "Arrest"
0 134 34 219 182 275 1 0 1 "Arrest"
0 134 34 219 182 276 1 0 1 "Arrest"
0 134 34 219 182 277 1 0 1 "Arrest"
0 134 34 219 182 278 1 0 1 "Arrest"
0 134 34 219 182 279 1 0 1 "Arrest"
0 134 34 219 182 280 1 0 1 "Arrest"
0 134 34 219 182 281 1 0 1 "Arrest"
0 134 34 219 182 282 1 0 1 "Arrest"
0 134 34 219 182 283 1 0 1 "Arrest"
0 134 34 219 182 284 1 0 1 "Arrest"
0 134 34 219 182 285 1 0 1 "Arrest"
0 134 34 219 182 286 1 0 1 "Arrest"
0 134 34 219 182 287 1 0 1 "Arrest"
0 134 34 219 182 288 1 0 1 "Arrest"
0 134 34 219 182 289 1 0 1 "Arrest"
0 134 34 219 182 290 1 0 1 "Arrest"
0 134 34 219 182 291 1 0 1 "Arrest"
0 134 34 219 182 292 1 0 1 "Arrest"
0 134 34 219 182 293 1 0 1 "Arrest"
0 134 34 219 182 294 1 0 1 "Arrest"
0 134 34 219 182 295 1 0 1 "Arrest"
0 134 34 219 182 296 1 0 1 "Arrest"
0 134 34 219 182 297 1 0 1 "Arrest"
0 134 34 219 182 298 1 0 1 "Arrest"
0 134 34 219 182 299 1 0 1 "Arrest"
0 134 34 219 182 300 1 0 1 "Arrest"
0 134 34 219 182 301 1 0 1 "Arrest"
0 134 34 219 182 302 1 0 1 "Arrest"
0 134 34 219 182 303 1 0 1 "Arrest"
0 134 34 219 182 304 1 0 1 "Arrest"
0 134 34 219 182 305 1 0 1 "Arrest"
0 134 34 219 182 306 1 0 1 "Arrest"
0 134 34 219 182 307 1 0 1 "Arrest"
0 134 34 219 182 308 1 0 1 "Arrest"
0 134 34 219 182 309 1 0 1 "Arrest"
0 134 34 219 182 310 1 0 1 "Arrest"
0 134 34 219 182 311 1 0 1 "Arrest"
0 134 34 219 182 312 1 0 1 "Arrest"
0 134 34 219 182 313 1 0 1 "Arrest"
0 134 34 219 182 314 1 0 1 "Arrest"
0 134 34 219 182 315 1 0 1 "Arrest"
0 134 34 219 182 316 1 0 1 "Arrest"
0 134 34 219 182 317 1 0 1 "Arrest"
0 134 34 219 182 318 1 0 1 "Arrest"
0 134 34 219 182 319 1 0 1 "Arrest"
0 134 34 219 182 320 1 0 1 "Arrest"
0 134 34 219 182 321 1 0 1 "Arrest"
0 134 34 219 182 322 1 0 1 "Arrest"
0 134 34 219 182 323 1 0 1 "Arrest"
0 134 34 219 182 324 1 0 1 "Arrest"
0 134 34 219 182 325 1 0 1 "Arrest"
0 134 34 219 182 326 1 0 1 "Arrest"
0 134 34 219 182 327 1 0 1 "Arrest"
0 134 34 219 182 328 1 0 1 "Arrest"
0 134 34 219 182 329 1 0 1 "Arrest"
0 134 34 219 182 330 1 0 1 "Arrest"
0 134 34 219 182 331 1 0 1 "Arrest"
0 134 34 219 182 332 1 0 1 "Arrest"
0 134 34 219 182 333 1 0 1 "Arrest"
0 134 34 219 182 334 1 0 1 "Arrest"
0 134 34 219 182 335 1 0 1 "Arrest"
0 134 34 219 182 336 1 0 1 "Arrest"
0 134 34 219 182 337 1 0 1 "Arrest"
0 134 34 219 182 338 1 0 1 "Arrest"
0 134 34 219 182 339 1 0 1 "Arrest"
0 134 34 219 182 340 1 0 1 "Arrest"
0 134 34 219 182 341 1 0 1 "Arrest"
0 134 34 219 182 342 1 0 1 "Arrest"
0 134 34 219 182 343 1 0 1 "Arrest"
0 134 34 219 182 344 1 0 1 "Arrest"
0 134 34 219 182 345 1 0 1 "Arrest"
0 134 34 219 182 346 1 0 1 "Arrest"
0 134 34 219 182 347 1 0 1 "Arrest"
0 134 34 219 182 348 1 0 1 "Arrest"
0 134 34 219 182 349 1 0 1 "Arrest"
0 134 34 219 182 350 1 0 1 "Arrest"
0 134 34 219 182 351 1 0 1 "Arrest"
0 134 34 219 182 352 1 0 1 "Arrest"
0 134 34 219 182 353 1 0 1 "Arrest"
0 134 34 219 182 354 1 0 1 "Arrest"
0 134 34 219 182 355 1 0 1 "Arrest"
0 134 34 219 182 356 1 0 1 "Arrest"
0 134 34 219 182 357 1 0 1 "Arrest"
0 134 34 219 182 358 1 0 1 "Arrest"
0 134 34 219 182 359 1 0 1 "Arrest"
0 134 34 219 182 360 1 0 1 "Arrest"
0 134 34 219 182 361 1 0 1 "Arrest"
0 134 34 219 182 362 1 0 1 "Arrest"
0 134 34 219 182 363 1 0 1 "Arrest"
0 134 34 219 182 364 1 0 1 "Arrest"
0 134 34 219 182 365 1 0 1 "Arrest"
0 134 34 219 182 366 1 0 1 "Arrest"
0 134 34 219 182 367 1 0 1 "Arrest"
0 134 34 219 182 368 1 0 1 "Arrest"
0 134 34 219 182 369 1 0 1 "Arrest"
0 134 34 219 182 370 1 0 1 "Arrest"
0 134 34 219 182 371 1 0 1 "Arrest"
0 134 34 219 182 372 1 0 1 "Arrest"
0 134 34 219 182 373 1 0 1 "Arrest"
0 134 34 219 182 374 1 0 1 "Arrest"
0 134 34 219 182 375 1 0 1 "Arrest"
0 134 34 219 182 376 1 0 1 "Arrest"
0 134 34 219 182 377 1 0 1 "Arrest"
0 134 34 219 182 378 1 0 1 "Arrest"
0 134 34 219 182 379 1 0 1 "Arrest"
0 134 34 219 182 380 1 0 1 "Arrest"
0 134 34 219 182 381 1 0 1 "Arrest"
0 134 34 219 182 382 1 0 1 "Arrest"
0 134 34 219 182 383 1 0 1 "Arrest"
0 134 34 219 182 384 1 0 1 "Arrest"
0 134 34 219 182 385 1 0 1 "Arrest"
0 134 34 219 182 386 1 0 1 "Arrest"
0 134 34 219 182 387 1 0 1 "Arrest"
0 134 34 219 182 388 1 0 1 "Arrest"
0 134 34 219 182 389 1 0 1 "Arrest"
0 134 34 219 182 390 1 0 1 "Arrest"
0 134 34 219 182 391 1 0 1 "Arrest"
0 134 34 219 182 392 1 0 1 "Arrest"
0 134 34 219 182 393 1 0 1 "Arrest"
0 134 34 219 182 394 1 0 1 "Arrest"
0 134 34 219 182 395 1 0 1 "Arrest"
0 134 34 219 182 396 1 0 1 "Arrest"
0 134 34 219 182 397 1 0 1 "Arrest"
0 134 34 219 182 398 1 0 1 "Arrest"
0 134 34 219 182 399 1 0 1 "Arrest"
0 134 34 219 182 400 1 0 1 "Arrest"
0 134 34 219 182 401 1 0 1 "Arrest"
0 134 34 219 182 402 1 0 1 "Arrest"
0 134 34 219 182 403 1 0 1 "Arrest"
0 134 34 219 182 404 1 0 1 "Arrest"
0 134 34 219 182 405 1 0 1 "Arrest"
0 134 34 219 182 406 1 0 1 "Arrest"
0 134 34 219 182 407 1 0 1 "Arrest"
0 134 34 219 182 408 1 0 1 "Arrest"
0 134 34 219 182 409 1 0 1 "Arrest"
0 134 34 219 182 410 1 0 1 "Arrest"
0 134 34 219 182 411 1 0 1 "Arrest"
0 134 34 219 182 412 1 0 1 "Arrest"
0 134 34 219 182 413 1 0 1 "Arrest"
0 134 34 219 182 414 1 0 1 "Arrest"
0 134 34 219 182 415 1 0 1 "Arrest"
0 134 34 219 182 416 1 0 1 "Arrest"
0 134 34 219 182 417 1 0 1 "Arrest"
0 134 34 219 182 418 1 0 1 "Arrest"
0 134 34 219 182 419 1 0 1 "Arrest"
0 134 34 219 182 420 1 0 1 "Arrest"
0 134 34 219 182 421 1 0 1 "Arrest"
0 134 34 219 182 422 1 0 1 "Arrest"
0 134 34 219 182 423 1 0 1 "Arrest"
0 134 34 219 182 424 1 0 1 "Arrest"
0 134 34 219 182 425 1 0 1 "Arrest"
0 134 34 219 182 426 1 0 1 "Arrest"
0 134 34 219 182 427 1 0 1 "Arrest"
0 134 34 219 182 428 1 0 1 "Arrest"
0 134 34 219 182 429 1 0 1 "Arrest"
0 134 34 219 182 430 1 0 1 "Arrest"
0 134 34 219 182 431 1 0 1 "Arrest"
0 134 34 219 182 432 1 0 1 "Arrest"
0 134 34 219 182 433 1 0 1 "Arrest"
0 134 34 219 182 434 1 0 1 "Arrest"
0 134 34 219 182 435 1 0 1 "Arrest"
0 134 34 219 182 436 1 0 1 "Arrest"
0 134 34 219 182 437 1 0 1 "Arrest"
0 134 34 219 182 438 1 0 1 "Arrest"
0 134 34 219 182 439 1 0 1 "Arrest"
0 134 34 219 182 440 1 0 1 "Arrest"
0 134 34 219 182 441 1 0 1 "Arrest"
0 134 34 219 182 442 1 0 1 "Arrest"
0 134 34 219 182 443 1 0 1 "Arrest"
0 134 34 219 182 444 1 0 1 "Arrest"
0 134 34 219 182 445 1 0 1 "Arrest"
0 134 34 219 182 446 1 0 1 "Arrest"
0 134 34 219 182 447 1 0 1 "Arrest"
0 134 34 219 182 448 1 0 1 "Arrest"
0 134 34 219 182 449 1 0 1 "Arrest"
0 134 34 219 182 450 1 0 1 "Arrest"
0 134 34 219 182 451 1 0 1 "Arrest"
0 134 34 219 182 452 1 0 1 "Arrest"
0 134 34 219 182 453 1 0 1 "Arrest"
0 134 34 219 182 454 1 0 1 "Arrest"
0 134 34 219 182 455 1 0 1 "Arrest"
0 134 34 219 182 456 1 0 1 "Arrest"
0 134 34 219 182 457 1 0 1 "Arrest"
0 134 34 219 182 458 1 0 1 "Arrest"
0 134 34 219 182 459 1 0 1 "Arrest"
0 134 34 219 182 460 1 0 1 "Arrest"
0 134 34 219 182 461 1 0 1 "Arrest"
0 134 34 219 182 462 1 0 1 "Arrest"
0 134 34 219 182 463 1 0 1 "Arrest"
0 134 34 219 182 464 1 0 1 "Arrest"
0 134 34 219 182 465 1 0 1 "Arrest"
0 134 34 219 182 466 1 0 1 "Arrest"
0 134 34 219 182 467 1 0 1 "Arrest"
0 134 34 219 182 468 1 0 1 "Arrest"
0 134 34 219 182 469 1 0 1 "Arrest"
0 134 34 219 182 470 1 0 1 "Arrest"
0 134 34 219 182 471 1 0 1 "Arrest"
0 134 34 219 182 472 1 0 1 "Arrest"
0 134 34 219 182 473 1 0 1 "Arrest"
0 134 34 219 182 474 1 0 1 "Arrest"
0 134 34 219 182 475 1 0 1 "Arrest"
0 134 34 219 182 476 1 0 1 "Arrest"
0 134 34 219 182 477 1 0 1 "Arrest"
0 134 34 219 182 478 1 0 1 "Arrest"
0 134 34 219 182 479 1 0 1 "Arrest"
0 134 34 219 182 480 1 0 1 "Arrest"
0 134 34 219 182 481 1 0 1 "Arrest"
0 134 34 219 182 482 1 0 1 "Arrest"
0 134 34 219 182 483 1 0 1 "Arrest"
0 134 34 219 182 484 1 0 1 "Arrest"
0 134 34 219 182 485 1 0 1 "Arrest"
0 134 34 219 182 486 1 0 1 "Arrest"
0 134 34 219 182 487 1 0 1 "Arrest"
0 134 34 219 182 488 1 0 1 "Arrest"
0 134 34 219 182 489 1 0 1 "Arrest"
0 134 34 219 182 490 1 0 1 "Arrest"
0 134 34 219 182 491 1 0 1 "Arrest"
0 134 34 219 182 492 1 0 1 "Arrest"
0 134 34 219 182 493 1 0 1 "Arrest"
0 134 34 219 182 494 1 0 1 "Arrest"
0 134 34 219 182 495 1 0 1 "Arrest"
0 134 34 219 182 496 1 0 1 "Arrest"
0 134 34 219 182 497 1 0 1 "Arrest"
0 134 34 219 182 498 1 0 1 "Arrest"
0 134 34 219 182 499 1 0 1 "Arrest"
0 134 34 219 182 500 1 0 1 "Arrest"
0 134 34 219 182 501 1 0 1 "Arrest"
0 134 34 219 182 502 1 0 1 "Arrest"
0 134 34 219 182 503 1 0 1 "Arrest"
0 134 34 219 182 504 1 0 1 "Arrest"
0 134 34 219 182 505 1 0 1 "Arrest"
0 134 34 219 182 506 1 0 1 "Arrest"
0 134 34 219 182 507 1 0 1 "Arrest"
0 134 34 219 182 508 1 0 1 "Arrest"
0 134 34 219 182 509 1 0 1 "Arrest"
0 134 34 219 182 510 1 0 1 "Arrest"
0 134 34 219 182 511 1 0 1 "Arrest"
0 134 34 219 182 512 1 0 1 "Arrest"
0 134 34 219 182 513 1 0 1 "Arrest"
0 134 34 219 182 514 1 0 1 "Arrest"
0 134 34 219 182 515 1 0 1 "Arrest"
0 134 34 219 182 516 1 0 1 "Arrest"
0 134 34 219 182 517 1 0 1 "Arrest"
0 134 34 219 182 518 1 0 1 "Arrest"
0 134 34 219 182 519 1 0 1 "Arrest"
0 134 34 219 182 520 1 0 1 "Arrest"
0 134 34 219 182 521 1 0 1 "Arrest"
0 134 34 219 182 522 1 0 1 "Arrest"
0 134 34 219 182 523 1 0 1 "Arrest"
0 134 34 219 182 524 1 0 1 "Arrest"
0 134 34 219 182 525 1 0 1 "Arrest"
0 134 34 219 182 526 1 0 1 "Arrest"
0 134 34 219 182 527 1 0 1 "Arrest"
0 134 34 219 182 528 1 0 1 "Arrest"
0 134 34 219 182 529 1 0 1 "Arrest"
0 134 34 219 182 530 1 0 1 "Arrest"
0 134 34 219 182 531 1 0 1 "Arrest"
0 134 34 219 182 532 1 0 1 "Arrest"
0 134 34 219 182 533 1 0 1 "Arrest"
0 134 34 219 182 534 1 0 1 "Arrest"
0 134 34 219 182 535 1 0 1 "Arrest"
0 134 34 219 182 536 1 0 1 "Arrest"
0 134 34 219 182 537 1 0 1 "Arrest"
0 134 34 219 182 538 1 0 1 "Arrest"
0 134 34 219 182 539 1 0 1 "Arrest"
0 134 34 219 182 540 1 0 1 "Arrest"
0 134 34 219 182 541 1 0 1 "Arrest"
0 134 34 219 182 542 1 0 1 "Arrest"
0 134 34 219 182 543 1 0 1 "Arrest"
0 134 34 219 182 544 1 0 1 "Arrest"
0 134 34 219 182 545 1 0 1 "Arrest"
0 134 34 219 182 546 1 0 1 "Arrest"
0 134 34 219 182 547 1 0 1 "Arrest"
0 134 34 219 182 548 1 0 1 "Arrest"
0 134 34 219 182 549 1 0 1 "Arrest"
0 134 34 219 182 550 1 0 1 "Arrest"
0 134 34 219 182 551 1 0 1 "Arrest"
0 134 34 219 182 552 1 0 1 "Arrest"
0 134 34 219 182 553 1 0 1 "Arrest"
0 134 34 219 182 554 1 0 1 "Arrest"
0 134 34 219 182 555 1 0 1 "Arrest"
0 134 34 219 182 556 1 0 1 "Arrest"
0 134 34 219 182 557 1 0 1 "Arrest"
0 134 34 219 182 558 1 0 1 "Arrest"
0 134 34 219 182 559 1 0 1 "Arrest"
0 134 34 219 182 560 1 0 1 "Arrest"
0 134 34 219 182 561 1 0 1 "Arrest"
0 134 34 219 182 562 1 0 1 "Arrest"
0 134 34 219 182 563 1 0 1 "Arrest"
0 134 34 219 182 564 1 0 1 "Arrest"
0 134 34 219 182 565 1 0 1 "Arrest"
0 134 34 219 182 566 1 0 1 "Arrest"
0 134 34 219 182 567 1 0 1 "Arrest"
0 134 34 219 182 568 1 0 1 "Arrest"
0 134 34 219 182 569 1 0 1 "Arrest"
0 134 34 219 182 570 1 0 1 "Arrest"
0 134 34 219 182 571 1 0 1 "Arrest"
0 134 34 219 182 572 1 0 1 "Arrest"
0 134 34 219 182 573 1 0 1 "Arrest"
0 134 34 219 182 574 1 0 1 "Arrest"
0 134 34 219 182 575 1 0 1 "Arrest"
0 134 34 219 182 576 1 0 1 "Arrest"
0 134 34 219 182 577 1 0 1 "Arrest"
0 134 34 219 182 578 1 0 1 "Arrest"
0 134 34 219 182 579 1 0 1 "Arrest"
0 134 34 219 182 580 1 0 1 "Arrest"
0 134 34 219 182 581 1 0 1 "Arrest"
0 134 34 219 182 582 1 0 1 "Arrest"
0 134 34 219 182 583 1 0 1 "Arrest"
0 134 34 219 182 584 1 0 1 "Arrest"
0 134 34 219 182 585 1 0 1 "Arrest"
0 134 34 219 182 586 1 0 1 "Arrest"
0 134 34 219 182 587 1 0 1 "Arrest"
0 134 34 219 182 588 1 0 1 "Arrest"
0 134 34 219 182 589 1 0 1 "Arrest"
0 134 34 219 182 590 1 0 1 "Arrest"
0 134 34 219 182 591 1 0 1 "Arrest"
0 134 34 219 182 592 1 0 1 "Arrest"
0 134 34 219 182 593 1 0 1 "Arrest"
0 134 34 219 182 594 1 0 1 "Arrest"
0 134 34 219 182 595 1 0 1 "Arrest"
0 134 34 219 182 596 1 0 1 "Arrest"
0 134 34 219 182 597 1 0 1 "Arrest"
0 134 34 219 182 598 1 0 1 "Arrest"
0 134 34 219 182 599 1 0 1 "Arrest"
0 134 34 219 182 600 1 0 1 "Arrest"
0 134 34 219 182 601 1 0 1 "Arrest"
0 134 34 219 182 602 1 0 1 "Arrest"
0 134 34 219 182 603 1 0 1 "Arrest"
0 134 34 219 182 604 1 0 1 "Arrest"
0 134 34 219 182 605 1 0 1 "Arrest"
0 134 34 219 182 606 1 0 1 "Arrest"
0 134 34 219 182 607 1 0 1 "Arrest"
0 134 34 219 182 608 1 0 1 "Arrest"
0 134 34 219 182 609 1 0 1 "Arrest"
0 134 34 219 182 610 1 0 1 "Arrest"
0 134 34 219 182 611 1 0 1 "Arrest"
0 134 34 219 182 612 1 0 1 "Arrest"
0 134 34 219 182 613 1 0 1 "Arrest"
0 134 34 219 182 614 1 0 1 "Arrest"
0 134 34 219 182 615 1 0 1 "Arrest"
0 134 34 219 182 616 1 0 1 "Arrest"
0 134 34 219 182 617 1 0 1 "Arrest"
0 134 34 219 182 618 1 0 1 "Arrest"
0 134 34 219 182 619 1 0 1 "Arrest"
0 134 34 219 182 620 1 0 1 "Arrest"
0 134 34 219 182 621 1 0 1 "Arrest"
0 134 34 219 182 622 1 0 1 "Arrest"
0 134 34 219 182 623 1 0 1 "Arrest"
0 134 34 219 182 624 1 0 1 "Arrest"
0 134 34 219 182 625 1 0 1 "Arrest"
0 134 34 219 182 626 1 0 1 "Arrest"
0 134 34 219 182 627 1 0 1 "Arrest"
0 134 34 219 182 628 1 0 1 "Arrest"
0 134 34 219 182 629 1 0 1 "Arrest"
0 134 34 219 182 630 1 0 1 "Arrest"
0 134 34 219 182 631 1 0 1 "Arrest"
0 134 34 219 182 632 1 0 1 "Arrest"
0 134 34 219 182 633 1 0 1 "Arrest"
0 134 34 219 182 634 1 0 1 "Arrest"
0 134 34 219 182 635 1 0 1 "Arrest"
0 134 34 219 182 636 1 0 1 "Arrest"
0 134 34 219 182 637 1 0 1 "Arrest"
0 134 34 219 182 638 1 0 1 "Arrest"
0 134 34 219 182 639 1 0 1 "Arrest"
0 134 34 219 182 640 1 0 1 "Arrest"
0 134 34 219 182 641 1 0 1 "Arrest"
0 134 34 219 182 642 1 0 1 "Arrest"
0 134 34 219 182 643 1 0 1 "Arrest"
0 134 34 219 182 644 1 0 1 "Arrest"
0 134 34 219 182 645 1 0 1 "Arrest"
0 134 34 219 182 646 1 0 1 "Arrest"
0 134 34 219 182 647 1 0 1 "Arrest"
0 134 34 219 182 648 1 0 1 "Arrest"
0 134 34 219 182 649 1 0 1 "Arrest"
0 134 34 219 182 650 1 0 1 "Arrest"
0 134 34 219 182 651 1 0 1 "Arrest"
0 134 34 219 182 652 1 0 1 "Arrest"
0 134 34 219 182 653 1 0 1 "Arrest"
0 134 34 219 182 654 1 0 1 "Arrest"
0 134 34 219 182 655 1 0 1 "Arrest"
0 134 34 219 182 656 1 0 1 "Arrest"
0 134 34 219 182 657 1 0 1 "Arrest"
0 134 34 219 182 658 1 0 1 "Arrest"
0 134 34 219 182 659 1 0 1 "Arrest"
0 134 34 219 182 660 1 0 1 "Arrest"
0 134 34 219 182 661 1 0 1 "Arrest"
0 134 34 219 182 662 1 0 1 "Arrest"
0 134 34 219 182 663 1 0 1 "Arrest"
0 134 34 219 182 664 1 0 1 "Arrest"
0 134 34 219 182 665 1 0 1 "Arrest"
0 134 34 219 182 666 1 0 1 "Arrest"
0 134 34 219 182 667 1 0 1 "Arrest"
0 134 34 219 182 668 1 0 1 "Arrest"
0 134 34 219 182 669 1 0 1 "Arrest"
0 134 34 219 182 670 1 0 1 "Arrest"
0 134 34 219 182 671 1 0 1 "Arrest"
0 134 34 219 182 672 1 0 1 "Arrest"
0 134 34 219 182 673 1 0 1 "Arrest"
0 134 34 219 182 674 1 0 1 "Arrest"
0 134 34 219 182 675 1 0 1 "Arrest"
0 134 34 219 182 676 1 0 1 "Arrest"
0 134 34 219 182 677 1 0 1 "Arrest"
0 134 34 219 182 678 1 0 1 "Arrest"
0 134 34 219 182 679 1 0 1 "Arrest"
0 134 34 219 182 680 1 0 1 "Arrest"
0 134 34 219 182 681 1 0 1 "Arrest"
0 134 34 219 182 682 1 0 1 "Arrest"
0 134 34 219 182 683 1 0 1 "Arrest"
0 134 34 219 182 684 1 0 1 "Arrest"
0 134 34 219 182 685 1 0 1 "Arrest"
0 134 34 219 182 686 1 0 1 "Arrest"
0 134 34 219 182 687 1 0 1 "Arrest"
0 134 34 219 182 688 1 0 1 "Arrest"
0 134 34 219 182 689 1 0 1 "Arrest"
0 134 34 219 182 690 1 0 1 "Arrest"
0 134 34 219 182 691 1 0 1 "Arrest"
0 134 34 219 182 692 1 0 1 "Arrest"
0 134 34 219 182 693 1 0 1 "Arrest"
0 134 34 219 182 694 1 0 1 "Arrest"
0 134 34 219 182 695 1 0 1 "Arrest"
0 134 34 219 182 696 1 0 1 "Arrest"
0 134 34 219 182 697 1 0 1 "Arrest"
0 134 34 219 182 698 1 0 1 "Arrest"
0 134 34 219 182 699 1 0 1 "Arrest"
0 134 34 219 182 700 1 0 1 "Arrest"
0 134 34 219 182 701 1 0 1 "Arrest"
0 134 34 219 182 702 1 0 1 "Arrest"
0 134 34 219 182 703 1 0 1 "Arrest"
0 134 34 219 182 704 1 0 1 "Arrest"
0 134 34 219 182 705 1 0 1 "Arrest"
0 134 34 219 182 706 1 0 1 "Arrest"
0 134 34 219 182 707 1 0 1 "Arrest"
0 134 34 219 182 708 1 0 1 "Arrest"
0 134 34 219 182 709 0 0 0 "Arrest"
0 133 34 218 182 710 0 0 1 "Arrest"
0 133 34 218 182 711 0 0 1 "Arrest"
0 133 34 218 182 712 0 0 1 "Arrest"
0 133 34 218 182 713 0 0 1 "Arrest"
0 133 34 218 182 714 0 0 1 "Arrest"
0 133 34 218 182 715 0 0 1 "Arrest"
0 132 34 217 182 716 0 0 1 "Arrest"
0 132 34 217 182 717 0 0 1 "Arrest"
0 132 34 217 182 718 0 0 1 "Arrest"
0 132 34 217 182 719 0 0 1 "Arrest"
0 132 34 217 182 720 0 0 1 "Arrest"
0 132 34 217 182 721 0 0 1 "Arrest"
0 131 34 216 182 722 0 0 1 "Arrest"
0 131 34 216 182 723 0 0 1 "Arrest"
0 131 34 216 182 724 0 0 1 "Arrest"
0 131 34 216 182 725 0 0 1 "Arrest"
0 131 34 216 182 726 0 0 1 "Arrest"
0 131 34 216 182 727 0 0 1 "Arrest"
0 130 34 215 182 728 0 0 1 "Arrest"
0 130 34 215 182 729 0 0 1 "Arrest"
0 130 34 215 182 730 0 0 1 "Arrest"
0 130 34 215 182 731 0 0 1 "Arrest"
0 130 34 215 182 732 0 0 1 "Arrest"
0 130 34 215 182 733 0 0 1 "Arrest"
0 130 34 215 182 734 0 0 0 "Arrest"
0 130 33 215 181 735 0 0 1 "Arrest"
0 130 33 215 181 736 0 0 1 "Arrest"
0 130 33 215 181 737 0 0 1 "Arrest"
0 130 32 215 180 738 0 0 1 "Arrest"
0 130 32 215 180 739 0 0 1 "Arrest"
0 130 32 215 180 740 0 0 1 "Arrest"
0 130 31 215 179 741 0 0 1 "Arrest"
0 130 31 215 179 742 0 0 1 "Arrest"
0 130 31 215 179 743 0 0 1 "Arrest"
0 130 31 215 179 744 0 0 0 "Arrest"
0 129 30 214 176 745 0 0 1 "Arrest"
0 128 30 213 174 746 0 0 1 "Arrest"
0 128 30 212 171 747 0 0 1 "Arrest"
0 127 30 212 169 748 0 0 1 "Arrest"
0 127 30 211 167 749 0 0 1 "Arrest"
0 126 29 210 164 750 0 0 1 "Arrest"
0 125 29 210 162 751 0 0 1 "Arrest"
0 125 29 209 159 752 0 0 1 "Arrest"
0 124 29 208 157 753 0 0 1 "Arrest"
0 124 29 208 155 754 0 0 0 "Arrest"
0 123 29 206 154 755 0 0 1 "Arrest"
0 122 29 204 154 756 0 0 1 "Arrest"
0 121 29 202 154 757 0 0 1 "Arrest"
0 120 29 201 154 758 0 0 1 "Arrest"
0 119 29 199 154 759 0 0 1 "Arrest"
0 119 29 197 154 760 0 0 1 "Arrest"
0 118 29 195 153 761 0 0 1 "Arrest"
0 117 29 194 153 762 0 0 1 "Arrest"
0 116 29 192 153 763 0 0 1 "Arrest"
0 115 29 190 153 764 0 0 1 "Arrest"
0 114 29 188 153 765 0 0 1 "Arrest"
0 114 29 187 153 766 0 0 0 "Arrest"
0 114 29 186 148 767 0 0 1 "Arrest"
0 114 29 186 144 768 0 0 1 "Arrest"
0 114 29 186 140 769 0 0 1 "Arrest"
0 114 29 186 136 770 0 0 0 "Arrest"
0 114 29 185 134 771 0 0 1 "Arrest"
0 114 29 185 133 772 0 0 1 "Arrest"
0 114 29 185 132 773 0 0 1 "Arrest"
0 115 29 185 131 774 0 0 1 "Arrest"
0 115 29 185 130 775 0 0 1 "Arrest"
0 115 29 185 128 776 0 0 1 "Arrest"
0 116 29 185 127 777 0 0 1 "Arrest"
0 116 29 185 126 778 0 0 1 "Arrest"
0 116 29 185 125 779 0 0 1 "Arrest"
0 117 29 185 124 780 0 0 1 "Arrest"
0 117 29 185 122 781 0 0 1 "Arrest"
0 117 29 185 121 782 0 0 1 "Arrest"
0 118 29 185 120 783 0 0 1 "Arrest"
0 118 29 185 119 784 0 0 1 "Arrest"
0 118 29 185 118 785 0 0 1 "Arrest"
0 119 29 185 117 786 0 0 0 "Arrest"
0 119 29 185 117 787 0 0 1 "Arrest"
0 119 29 185 117 788 0 0 1 "Arrest"
0 119 29 185 117 789 0 0 1 "Arrest"
0 120 29 186 117 790 0 0 1 "Arrest"
0 120 29 186 117 791 0 0 1 "Arrest"
0 120 29 186 117 792 0 0 1 "Arrest"
0 120 29 186 117 793 0 0 1 "Arrest"
0 121 29 187 117 794 0 0 1 "Arrest"
0 121 29 187 117 795 0 0 1 "Arrest"
0 121 29 187 117 796 0 0 1 "Arrest"
0 122 29 188 117 797 0 0 1 "Arrest"
0 122 29 188 117 798 0 0 1 "Arrest"
0 122 29 188 117 799 0 0 1 "Arrest"
0 122 29 188 117 800 0 0 1 "Arrest"
0 123 29 189 117 801 0 0 1 "Arrest"
0 123 29 189 117 802 0 0 1 "Arrest"
0 123 30 189 118 803 0 0 1 "Arrest"
0 123 30 189 118 804 0 0 1 "Arrest"
0 124 30 190 118 805 0 0 1 "Arrest"
0 124 30 190 118 806 0 0 1 "Arrest"
0 124 30 190 118 807 0 0 1 "Arrest"
0 125 30 191 118 808 0 0 1 "Arrest"
0 125 30 191 118 809 0 0 1 "Arrest"
0 125 30 191 118 810 0 0 1 "Arrest"
0 125 30 191 118 811 0 0 1 "Arrest"
0 126 30 192 118 812 0 0 1 "Arrest"
0 126 30 192 118 813 0 0 1 "Arrest"
0 126 30 192 118 814 0 0 1 "Arrest"
0 126 30 192 118 815 0 0 1 "Arrest"
0 127 30 193 118 816 0 0 1 "Arrest"
0 127 30 193 118 817 0 0 1 "Arrest"
0 127 30 193 118 818 0 0 1 "Arrest"
0 128 31 194 119 819 0 0 0 "Arrest"
0 128 31 196 119 820 0 0 1 "Arrest"
0 128 31 198 120 821 0 0 1 "Arrest"
0 128 31 201 121 822 0 0 1 "Arrest"
0 128 31 203 121 823 0 0 1 "Arrest"
0 128 31 206 122 824 0 0 1 "Arrest"
0 128 31 208 123 825 0 0 1 "Arrest"
0 128 31 210 123 826 0 0 1 "Arrest"
0 128 31 213 124 827 0 0 1 "Arrest"
0 128 31 215 125 828 0 0 1 "Arrest"
0 128 31 218 126 829 0 0 0 "Arrest"
0 125 34 220 132 830 0 0 1 "Arrest"
0 123 38 222 138 831 0 0 1 "Arrest"
0 121 42 224 144 832 0 0 1 "Arrest"
0 119 46 226 151 833 0 0 1 "Arrest"
0 117 50 228 157 834 0 0 1 "Arrest"
0 115 53 230 163 835 0 0 1 "Arrest"
0 113 57 232 170 836 0 0 1 "Arrest"
0 111 61 234 176 837 0 0 1 "Arrest"
0 109 65 236 182 838 0 0 1 "Arrest"
0 107 69 239 189 839 0 0 0 "Arrest"
0 107 70 239 190 840 0 0 1 "Arrest"
0 107 71 239 191 841 0 0 1 "Arrest"
0 107 72 239 192 842 0 0 1 "Arrest"
0 108 73 240 193 843 0 0 1 "Arrest"
0 108 74 240 194 844 0 0 1 "Arrest"
0 108 75 240 195 845 0 0 1 "Arrest"
0 109 76 241 196 846 0 0 0 "Arrest"
0 109 76 241 196 847 0 0 1 "Arrest"
0 109 76 241 196 848 0 0 1 "Arrest"
0 109 76 241 196 849 0 0 1 "Arrest"
0 109 76 241 196 850 0 0 1 "Arrest"
0 110 76 242 196 851 0 0 1 "Arrest"
0 110 76 242 196 852 0 0 1 "Arrest"
0 110 76 242 196 853 0 0 1 "Arrest"
0 110 76 242 196 854 0 0 1 "Arrest"
0 111 76 243 196 855 0 0 1 "Arrest"
0 111 76 243 196 856 0 0 1 "Arrest"
0 111 76 243 196 857 0 0 1 "Arrest"
0 111 76 243 196 858 0 0 1 "Arrest"
0 112 76 244 196 859 0 0 1 "Arrest"
0 112 76 244 196 860 0 0 1 "Arrest"
0 112 76 244 196 861 0 0 1 "Arrest"
0 112 76 244 196 862 0 0 1 "Arrest"
0 113 76 245 196 863 0 0 1 "Arrest"
0 113 76 245 196 864 0 0 1 "Arrest"
0 113 76 245 196 865 0 0 1 "Arrest"
0 113 76 245 196 866 0 0 1 "Arrest"
0 114 76 246 196 867 0 0 0 "Arrest"
0 114 75 246 195 868 0 0 1 "Arrest"
0 115 74 247 194 869 0 0 1 "Arrest"
0 116 73 248 193 870 0 0 1 "Arrest"
0 117 72 249 192 871 0 0 1 "Arrest"
0 118 71 250 191 872 0 0 1 "Arrest"
0 118 70 250 190 873 0 0 1 "Arrest"
0 119 69 251 189 874 0 0 1 "Arrest"
0 120 68 252 188 875 0 0 1 "Arrest"
0 121 67 253 187 876 0 0 1 "Arrest"
0 122 67 254 187 877 0 0 0 "Arrest"
0 122 66 254 186 878 0 0 1 "Arrest"
0 122 66 254 186 879 0 0 1 "Arrest"
0 122 66 254 186 880 0 0 1 "Arrest"
0 123 66 255 186 881 0 0 1 "Arrest"
0 123 66 255 186 882 0 0 1 "Arrest"
0 123 66 255 186 883 0 0 1 "Arrest"
0 124 66 256 186 884 0 0 1 "Arrest"
0 124 66 256 186 885 0 0 1 "Arrest"
0 124 66 256 186 886 0 0 1 "Arrest"
0 125 66 257 186 887 0 0 0 "Arrest"
0 124 66 256 186 888 0 0 1 "Arrest"
0 124 66 256 186 889 0 0 1 "Arrest"
0 123 66 255 186 890 0 0 1 "Arrest"
0 123 66 255 186 891 0 0 1 "Arrest"
0 123 66 255 186 892 0 0 1 "Arrest"
0 122 66 254 186 893 0 0 1 "Arrest"
0 122 66 254 186 894 0 0 1 "Arrest"
0 121 66 253 186 895 0 0 1 "Arrest"
0 121 66 253 186 896 0 0 1 "Arrest"
0 121 67 253 187 897 0 0 0 "Arrest"
0 121 65 253 185 898 0 0 1 "Arrest"
0 121 63 253 183 899 0 0 1 "Arrest"
0 121 62 253 182 900 0 0 1 "Arrest"
0 121 60 253 180 901 0 0 1 "Arrest"
0 121 59 253 179 902 0 0 1 "Arrest"
0 121 57 253 177 903 0 0 1 "Arrest"
0 121 55 253 175 904 0 0 1 "Arrest"
0 121 54 253 174 905 0 0 1 "Arrest"
0 121 52 253 172 906 0 0 1 "Arrest"
0 121 51 253 171 907 0 0 0 "Arrest"
0 122 50 254 170 908 0 0 1 "Arrest"
0 123 50 255 170 909 0 0 1 "Arrest"
0 124 50 256 170 910 0 0 1 "Arrest"
0 125 50 257 170 911 0 0 1 "Arrest"
0 126 50 258 170 912 0 0 1 "Arrest"
0 127 49 259 169 913 0 0 1 "Arrest"
0 128 49 260 169 914 0 0 1 "Arrest"
0 129 49 261 169 915 0 0 1 "Arrest"
0 130 49 262 169 916 0 0 1 "Arrest"
0 131 49 263 169 917 0 0 0 "Arrest"
0 131 48 263 168 918 0 0 1 "Arrest"
0 131 48 263 168 919 0 0 1 "Arrest"
0 131 47 263 167 920 0 0 1 "Arrest"
0 131 47 263 167 921 0 0 1 "Arrest"
0 131 47 263 167 922 0 0 1 "Arrest"
0 131 46 263 166 923 0 0 1 "Arrest"
0 131 46 263 166 924 0 0 1 "Arrest"
0 131 45 263 165 925 0 0 1 "Arrest"
0 131 45 263 165 926 0 0 1 "Arrest"
0 131 45 263 165 927 0 0 0 "Arrest"
0 131 45 262 164 928 0 0 1 "Arrest"
0 131 45 262 164 929 0 0 1 "Arrest"
0 132 45 262 164 930 0 0 1 "Arrest"
0 132 45 262 164 931 0 0 1 "Arrest"
0 133 45 262 164 932 0 0 1 "Arrest"
0 133 45 262 164 933 0 0 1 "Arrest"
0 133 45 262 164 934 0 0 1 "Arrest"
0 134 45 262 164 935 0 0 1 "Arrest"
0 134 45 262 164 936 0 0 1 "Arrest"
0 135 45 262 164 937 0 0 1 "Arrest"
0 135 45 261 164 938 0 0 1 "Arrest"
0 135 45 261 164 939 0 0 1 "Arrest"
0 136 45 261 164 940 0 0 1 "Arrest"
0 136 45 261 164 941 0 0 1 "Arrest"
0 137 45 261 164 942 0 0 1 "Arrest"
0 137 45 261 164 943 0 0 1 "Arrest"
0 137 45 261 164 944 0 0 1 "Arrest"
0 138 45 261 164 945 0 0 1 "Arrest"
0 138 45 261 164 946 0 0 1 "Arrest"
0 139 45 261 164 947 0 0 0 "Arrest"
0 139 45 261 164 948 0 0 1 "Arrest"
0 139 45 261 164 949 0 0 1 "Arrest"
0 139 46 261 165 950 0 0 1 "Arrest"
0 140 46 262 165 951 0 0 1 "Arrest"
0 140 47 262 166 952 0 0 1 "Arrest"
0 140 47 262 166 953 0 0 1 "Arrest"
0 141 47 263 166 954 0 0 1 "Arrest"
0 141 48 263 167 955 0 0 1 "Arrest"
0 141 48 263 167 956 0 0 1 "Arrest"
0 142 49 264 168 957 1 0 0 "Arrest"
0 142 49 264 168 958 1 0 1 "Arrest"
0 142 49 264 168 959 1 0 1 "Arrest"
0 142 49 264 168 960 1 0 1 "Arrest"
0 142 49 264 168 961 1 0 1 "Arrest"
0 142 49 264 168 962 1 0 1 "Arrest"
0 142 49 264 168 963 1 0 1 "Arrest"
0 142 49 264 168 964 1 0 1 "Arrest"
0 142 49 264 168 965 1 0 1 "Arrest"
0 142 49 264 168 966 1 0 1 "Arrest"
0 142 49 264 168 967 1 0 1 "Arrest"
0 142 49 264 168 968 1 0 1 "Arrest"
0 142 49 264 168 969 1 0 1 "Arrest"
0 142 49 264 168 970 1 0 1 "Arrest"
0 142 49 264 168 971 1 0 1 "Arrest"
0 142 49 264 168 972 1 0 1 "Arrest"
0 142 49 264 168 973 1 0 1 "Arrest"
0 142 49 264 168 974 1 0 1 "Arrest"
0 142 49 264 168 975 1 0 1 "Arrest"
0 142 49 264 168 976 1 0 1 "Arrest"
0 142 49 264 168 977 1 0 1 "Arrest"
0 142 49 264 168 978 1 0 1 "Arrest"
0 142 49 264 168 979 1 0 1 "Arrest"
0 142 49 264 168 980 1 0 1 "Arrest"
0 142 49 264 168 981 1 0 1 "Arrest"
0 142 49 264 168 982 1 0 1 "Arrest"
0 142 49 264 168 983 1 0 1 "Arrest"
0 142 49 264 168 984 1 0 1 "Arrest"
0 142 49 264 168 985 1 0 1 "Arrest"
0 142 49 264 168 986 1 0 1 "Arrest"
0 142 49 264 168 987 1 0 1 "Arrest"
0 142 49 264 168 988 1 0 1 "Arrest"
0 142 49 264 168 989 1 0 1 "Arrest"
0 142 49 264 168 990 1 0 1 "Arrest"
0 142 49 264 168 991 1 0 1 "Arrest"
0 142 49 264 168 992 1 0 1 "Arrest"
0 142 49 264 168 993 1 0 1 "Arrest"
0 142 49 264 168 994 1 0 1 "Arrest"
0 142 49 264 168 995 1 0 1 "Arrest"
0 142 49 264 168 996 1 0 1 "Arrest"
0 142 49 264 168 997 1 0 1 "Arrest"
0 142 49 264 168 998 1 0 1 "Arrest"
0 142 49 264 168 999 1 0 1 "Arrest"
0 142 49 264 168 1000 1 0 1 "Arrest"
0 142 49 264 168 1001 1 0 1 "Arrest"
0 142 49 264 168 1002 1 0 1 "Arrest"
0 142 49 264 168 1003 1 0 1 "Arrest"
0 142 49 264 168 1004 1 0 1 "Arrest"
0 142 49 264 168 1005 1 0 1 "Arrest"
0 142 49 264 168 1006 1 0 1 "Arrest"
0 142 49 264 168 1007 1 0 1 "Arrest"
0 142 49 264 168 1008 1 0 1 "Arrest"
0 142 49 264 168 1009 1 0 1 "Arrest"
0 142 49 264 168 1010 1 0 1 "Arrest"
0 142 49 264 168 1011 1 0 1 "Arrest"
0 142 49 264 168 1012 1 0 1 "Arrest"
0 142 49 264 168 1013 1 0 1 "Arrest"
0 142 49 264 168 1014 1 0 1 "Arrest"
0 142 49 264 168 1015 1 0 1 "Arrest"
0 142 49 264 168 1016 1 0 1 "Arrest"
0 142 49 264 168 1017 1 0 1 "Arrest"
0 142 49 264 168 1018 1 0 1 "Arrest"
0 142 49 264 168 1019 1 0 1 "Arrest"
0 142 49 264 168 1020 1 0 1 "Arrest"
0 142 49 264 168 1021 1 0 1 "Arrest"
0 142 49 264 168 1022 1 0 1 "Arrest"
0 142 49 264 168 1023 1 0 1 "Arrest"
0 142 49 264 168 1024 1 0 1 "Arrest"
0 142 49 264 168 1025 1 0 1 "Arrest"
0 142 49 264 168 1026 1 0 1 "Arrest"
0 142 49 264 168 1027 1 0 1 "Arrest"
0 142 49 264 168 1028 1 0 1 "Arrest"
0 142 49 264 168 1029 1 0 1 "Arrest"
0 142 49 264 168 1030 1 0 1 "Arrest"
0 142 49 264 168 1031 1 0 1 "Arrest"
0 142 49 264 168 1032 1 0 1 "Arrest"
0 142 49 264 168 1033 1 0 1 "Arrest"
0 142 49 264 168 1034 1 0 1 "Arrest"
0 142 49 264 168 1035 1 0 1 "Arrest"
0 142 49 264 168 1036 1 0 1 "Arrest"
0 142 49 264 168 1037 1 0 0 "Arrest"
0 142 48 263 168 1038 1 0 1 "Arrest"
0 142 48 263 168 1039 1 0 1 "Arrest"
0 142 48 263 168 1040 1 0 1 "Arrest"
0 142 48 263 168 1041 1 0 1 "Arrest"
0 142 48 263 168 1042 1 0 1 "Arrest"
0 142 48 263 168 1043 1 0 1 "Arrest"
0 142 48 263 168 1044 1 0 1 "Arrest"
0 142 48 263 168 1045 1 0 1 "Arrest"
0 142 48 263 168 1046 1 0 1 "Arrest"
0 142 48 263 168 1047 1 0 1 "Arrest"
0 142 48 263 168 1048 1 0 1 "Arrest"
0 142 48 263 168 1049 1 0 1 "Arrest"
0 142 48 263 168 1050 1 0 1 "Arrest"
0 142 48 263 168 1051 1 0 1 "Arrest"
0 142 48 263 168 1052 1 0 1 "Arrest"
0 142 48 263 168 1053 1 0 1 "Arrest"
0 142 48 263 168 1054 1 0 1 "Arrest"
0 142 48 263 168 1055 1 0 1 "Arrest"
0 142 48 263 168 1056 1 0 1 "Arrest"
0 142 48 263 168 1057 1 0 1 "Arrest"
0 142 48 263 168 1058 1 0 1 "Arrest"
0 142 48 263 168 1059 1 0 1 "Arrest"
0 142 48 263 168 1060 1 0 1 "Arrest"
0 142 48 263 168 1061 1 0 1 "Arrest"
0 142 48 263 168 1062 1 0 1 "Arrest"
0 142 48 263 168 1063 1 0 1 "Arrest"
0 142 48 263 168 1064 1 0 1 "Arrest"
0 142 48 263 168 1065 1 0 1 "Arrest"
0 142 48 263 168 1066 1 0 1 "Arrest"
0 142 48 262 168 1067 1 0 1 "Arrest"
0 142 48 262 168 1068 1 0 1 "Arrest"
0 142 48 262 168 1069 1 0 1 "Arrest"
0 142 48 262 168 1070 1 0 1 "Arrest"
0 142 48 262 168 1071 1 0 1 "Arrest"
0 142 48 262 168 1072 1 0 1 "Arrest"
0 142 48 262 168 1073 1 0 1 "Arrest"
0 142 48 262 168 1074 1 0 1 "Arrest"
0 142 48 262 168 1075 1 0 1 "Arrest"
0 142 48 262 168 1076 1 0 1 "Arrest"
0 142 48 262 168 1077 1 0 1 "Arrest"
0 142 48 262 168 1078 1 0 1 "Arrest"
0 142 48 262 168 1079 1 0 1 "Arrest"
0 142 48 262 168 1080 1 0 1 "Arrest"
0 142 48 262 168 1081 1 0 1 "Arrest"
0 142 48 262 168 1082 1 0 1 "Arrest"
0 142 48 262 168 1083 1 0 1 "Arrest"
0 142 48 262 168 1084 1 0 1 "Arrest"
0 142 48 262 168 1085 1 0 1 "Arrest"
0 142 48 262 168 1086 1 0 1 "Arrest"
0 142 48 262 168 1087 1 0 1 "Arrest"
0 142 48 262 168 1088 1 0 1 "Arrest"
0 142 48 262 168 1089 1 0 1 "Arrest"
0 142 48 262 168 1090 1 0 1 "Arrest"
0 142 48 262 168 1091 1 0 1 "Arrest"
0 142 48 262 168 1092 1 0 1 "Arrest"
0 142 48 262 168 1093 1 0 1 "Arrest"
0 142 48 262 168 1094 1 0 1 "Arrest"
0 142 48 262 168 1095 1 0 1 "Arrest"
0 142 48 262 168 1096 1 0 1 "Arrest"
0 142 48 261 168 1097 1 0 1 "Arrest"
0 142 48 261 168 1098 1 0 1 "Arrest"
0 142 48 261 168 1099 1 0 1 "Arrest"
0 142 48 261 168 1100 1 0 1 "Arrest"
0 142 48 261 168 1101 1 0 1 "Arrest"
0 142 48 261 168 1102 1 0 1 "Arrest"
0 142 48 261 168 1103 1 0 1 "Arrest"
0 142 48 261 168 1104 1 0 1 "Arrest"
0 142 48 261 168 1105 1 0 1 "Arrest"
0 142 48 261 168 1106 1 0 1 "Arrest"
0 142 48 261 168 1107 1 0 1 "Arrest"
0 142 48 261 168 1108 1 0 1 "Arrest"
0 142 48 261 168 1109 1 0 1 "Arrest"
0 142 48 261 168 1110 1 0 1 "Arrest"
0 142 48 261 168 1111 1 0 1 "Arrest"
0 142 48 261 168 1112 1 0 1 "Arrest"
0 142 48 261 168 1113 1 0 1 "Arrest"
0 142 48 261 168 1114 1 0 1 "Arrest"
0 142 48 261 168 1115 1 0 1 "Arrest"
0 142 48 261 168 1116 1 0 1 "Arrest"
0 142 48 261 168 1117 1 0 1 "Arrest"
0 142 48 261 168 1118 1 0 1 "Arrest"
0 142 48 261 168 1119 1 0 1 "Arrest"
0 142 48 261 168 1120 1 0 1 "Arrest"
0 142 48 261 168 1121 1 0 1 "Arrest"
0 142 48 261 168 1122 1 0 1 "Arrest"
0 142 48 261 168 1123 1 0 1 "Arrest"
0 142 48 261 168 1124 1 0 1 "Arrest"
0 142 48 261 168 1125 1 0 1 "Arrest"
0 142 48 260 168 1126 1 0 1 "Arrest"
0 142 48 260 168 1127 1 0 1 "Arrest"
0 142 48 260 168 1128 1 0 1 "Arrest"
0 142 48 260 168 1129 1 0 1 "Arrest"
0 142 48 260 168 1130 1 0 1 "Arrest"
0 142 48 260 168 1131 1 0 1 "Arrest"
0 142 48 260 168 1132 1 0 1 "Arrest"
0 142 48 260 168 1133 1 0 1 "Arrest"
0 142 48 260 168 1134 1 0 1 "Arrest"
0 142 48 260 168 1135 1 0 1 "Arrest"
0 142 48 260 168 1136 1 0 1 "Arrest"
0 142 48 260 168 1137 1 0 1 "Arrest"
0 142 48 260 168 1138 1 0 1 "Arrest"
0 142 48 260 168 1139 1 0 1 "Arrest"
0 142 48 260 168 1140 1 0 1 "Arrest"
0 142 48 260 168 1141 1 0 1 "Arrest"
0 142 48 260 168 1142 1 0 1 "Arrest"
0 142 48 260 168 1143 1 0 1 "Arrest"
0 142 48 260 168 1144 1 0 1 "Arrest"
0 142 48 260 168 1145 1 0 1 "Arrest"
0 142 48 260 168 1146 1 0 1 "Arrest"
0 142 48 260 168 1147 1 0 1 "Arrest"
0 142 48 260 168 1148 1 0 1 "Arrest"
0 142 48 260 168 1149 1 0 1 "Arrest"
0 142 48 260 168 1150 1 0 1 "Arrest"
0 142 48 260 168 1151 1 0 1 "Arrest"
0 142 48 260 168 1152 1 0 1 "Arrest"
0 142 48 260 168 1153 1 0 1 "Arrest"
0 142 48 260 168 1154 1 0 1 "Arrest"
0 142 48 260 168 1155 1 0 1 "Arrest"
0 142 48 259 168 1156 1 0 1 "Arrest"
0 142 48 259 168 1157 1 0 1 "Arrest"
0 142 48 259 168 1158 1 0 1 "Arrest"
0 142 48 259 168 1159 1 0 1 "Arrest"
0 142 48 259 168 1160 1 0 1 "Arrest"
0 142 48 259 168 1161 1 0 1 "Arrest"
0 142 48 259 168 1162 1 0 1 "Arrest"
0 143 48 259 168 1163 1 0 1 "Arrest"
0 143 48 259 168 1164 1 0 1 "Arrest"
0 143 48 259 168 1165 1 0 1 "Arrest"
0 143 48 259 168 1166 1 0 1 "Arrest"
0 143 48 259 168 1167 1 0 1 "Arrest"
0 143 48 259 168 1168 1 0 1 "Arrest"
0 143 48 259 168 1169 1 0 1 "Arrest"
0 143 48 259 168 1170 1 0 1 "Arrest"
0 143 48 259 168 1171 1 0 1 "Arrest"
0 143 48 259 168 1172 1 0 1 "Arrest"
0 143 48 259 168 1173 1 0 1 "Arrest"
0 143 48 259 168 1174 1 0 1 "Arrest"
0 143 48 259 168 1175 1 0 1 "Arrest"
0 143 48 259 168 1176 1 0 1 "Arrest"
0 143 48 259 168 1177 1 0 1 "Arrest"
0 143 48 259 168 1178 1 0 1 "Arrest"
0 143 48 259 168 1179 1 0 1 "Arrest"
0 143 48 259 168 1180 1 0 1 "Arrest"
0 143 48 259 168 1181 1 0 1 "Arrest"
0 143 48 259 168 1182 1 0 1 "Arrest"
0 143 48 259 168 1183 1 0 1 "Arrest"
0 143 48 259 168 1184 1 0 1 "Arrest"
0 143 48 259 168 1185 1 0 1 "Arrest"
0 143 48 258 168 1186 1 0 1 "Arrest"
0 143 48 258 168 1187 1 0 1 "Arrest"
0 143 48 258 168 1188 1 0 1 "Arrest"
0 143 48 258 168 1189 1 0 1 "Arrest"
0 143 48 258 168 1190 1 0 1 "Arrest"
0 143 48 258 168 1191 1 0 1 "Arrest"
0 143 48 258 168 1192 1 0 1 "Arrest"
0 143 48 258 168 1193 1 0 1 "Arrest"
0 143 48 258 168 1194 1 0 1 "Arrest"
0 143 48 258 168 1195 1 0 1 "Arrest"
0 143 48 258 168 1196 1 0 1 "Arrest"
0 143 48 258 168 1197 1 0 1 "Arrest"
0 143 48 258 168 1198 1 0 1 "Arrest"
0 143 48 258 168 1199 1 0 1 "Arrest"
0 143 48 258 168 1200 1 0 1 "Arrest"
0 143 48 258 168 1201 1 0 1 "Arrest"
0 143 48 258 168 1202 1 0 1 "Arrest"
0 143 48 258 168 1203 1 0 1 "Arrest"
0 143 48 258 168 1204 1 0 1 "Arrest"
0 143 48 258 168 1205 1 0 1 "Arrest"
0 143 48 258 168 1206 1 0 1 "Arrest"
0 143 48 258 168 1207 1 0 1 "Arrest"
0 143 48 258 168 1208 1 0 1 "Arrest"
0 143 48 258 168 1209 1 0 1 "Arrest"
0 143 48 258 168 1210 1 0 1 "Arrest"
0 143 48 258 168 1211 1 0 1 "Arrest"
0 143 48 258 168 1212 1 0 1 "Arrest"
0 143 48 258 168 1213 1 0 1 "Arrest"
0 143 48 258 168 1214 1 0 1 "Arrest"
0 143 48 257 168 1215 1 0 1 "Arrest"
0 143 48 257 168 1216 1 0 1 "Arrest"
0 143 48 257 168 1217 1 0 1 "Arrest"
0 143 48 257 168 1218 1 0 1 "Arrest"
0 143 48 257 168 1219 1 0 1 "Arrest"
0 143 48 257 168 1220 1 0 1 "Arrest"
0 143 48 257 168 1221 1 0 1 "Arrest"
0 143 48 257 168 1222 1 0 1 "Arrest"
0 143 48 257 168 1223 1 0 1 "Arrest"
0 143 48 257 168 1224 1 0 1 "Arrest"
0 143 47 257 168 1225 1 0 1 "Arrest"
0 143 47 257 168 1226 1 0 1 "Arrest"
0 143 47 257 168 1227 1 0 1 "Arrest"
0 143 47 257 168 1228 1 0 1 "Arrest"
0 143 47 257 168 1229 1 0 1 "Arrest"
0 143 47 257 168 1230 1 0 1 "Arrest"
0 143 47 257 168 1231 1 0 1 "Arrest"
0 143 47 257 168 1232 1 0 1 "Arrest"
0 143 47 257 168 1233 1 0 1 "Arrest"
0 143 47 257 168 1234 1 0 1 "Arrest"
0 143 47 257 168 1235 1 0 1 "Arrest"
0 143 47 257 168 1236 1 0 1 "Arrest"
0 143 47 257 168 1237 1 0 1 "Arrest"
0 143 47 257 168 1238 1 0 1 "Arrest"
0 143 47 257 168 1239 1 0 1 "Arrest"
0 143 47 257 168 1240 1 0 1 "Arrest"
0 143 47 257 168 1241 1 0 1 "Arrest"
0 143 47 257 168 1242 1 0 1 "Arrest"
0 143 47 257 168 1243 1 0 1 "Arrest"
0 143 47 257 168 1244 1 0 1 "Arrest"
0 143 47 256 168 1245 1 0 1 "Arrest"
0 143 47 256 168 1246 1 0 1 "Arrest"
0 143 47 256 168 1247 1 0 1 "Arrest"
0 143 47 256 168 1248 1 0 1 "Arrest"
0 143 47 256 168 1249 1 0 1 "Arrest"
0 143 47 256 168 1250 1 0 1 "Arrest"
0 143 47 256 168 1251 1 0 1 "Arrest"
0 143 47 256 168 1252 1 0 1 "Arrest"
0 143 47 256 168 1253 1 0 1 "Arrest"
0 143 47 256 168 1254 1 0 1 "Arrest"
0 143 47 256 168 1255 1 0 1 "Arrest"
0 143 47 256 168 1256 1 0 1 "Arrest"
0 143 47 256 168 1257 1 0 1 "Arrest"
0 143 47 256 168 1258 1 0 1 "Arrest"
0 143 47 256 168 1259 1 0 1 "Arrest"
0 143 47 256 168 1260 1 0 1 "Arrest"
0 143 47 256 168 1261 1 0 1 "Arrest"
0 143 47 256 168 1262 1 0 1 "Arrest"
0 143 47 256 168 1263 1 0 1 "Arrest"
0 143 47 256 168 1264 1 0 1 "Arrest"
0 143 47 256 168 1265 1 0 1 "Arrest"
0 143 47 256 168 1266 1 0 1 "Arrest"
0 143 47 256 168 1267 1 0 1 "Arrest"
0 143 47 256 168 1268 1 0 1 "Arrest"
0 143 47 256 168 1269 1 0 1 "Arrest"
0 143 47 256 168 1270 1 0 1 "Arrest"
0 143 47 256 168 1271 1 0 1 "Arrest"
0 143 47 256 168 1272 1 0 1 "Arrest"
0 143 47 256 168 1273 1 0 1 "Arrest"
0 143 47 256 168 1274 1 0 1 "Arrest"
0 143 47 255 168 1275 1 0 1 "Arrest"
0 143 47 255 168 1276 1 0 1 "Arrest"
0 143 47 255 168 1277 1 0 1 "Arrest"
0 143 47 255 168 1278 1 0 1 "Arrest"
0 143 47 255 168 1279 1 0 1 "Arrest"
0 143 47 255 168 1280 1 0 1 "Arrest"
0 143 47 255 168 1281 1 0 1 "Arrest"
0 143 47 255 168 1282 1 0 1 "Arrest"
0 143 47 255 168 1283 1 0 1 "Arrest"
0 143 47 255 168 1284 1 0 1 "Arrest"
0 143 47 255 168 1285 1 0 1 "Arrest"
0 143 47 255 168 1286 1 0 1 "Arrest"
0 143 47 255 168 1287 1 0 1 "Arrest"
0 144 47 255 168 1288 1 0 1 "Arrest"
0 144 47 255 168 1289 1 0 1 "Arrest"
0 144 47 255 168 1290 1 0 1 "Arrest"
0 144 47 255 168 1291 1 0 1 "Arrest"
0 144 47 255 168 1292 1 0 1 "Arrest"
0 144 47 255 168 1293 1 0 1 "Arrest"
0 144 47 255 168 1294 1 0 1 "Arrest"
0 144 47 255 168 1295 1 0 1 "Arrest"
0 144 47 255 168 1296 1 0 1 "Arrest"
0 144 47 255 168 1297 1 0 1 "Arrest"
0 144 47 255 168 1298 1 0 1 "Arrest"
0 144 47 255 168 1299 1 0 1 "Arrest"
0 144 47 255 168 1300 1 0 1 "Arrest"
0 144 47 255 168 1301 1 0 1 "Arrest"
0 144 47 255 168 1302 1 0 1 "Arrest"
0 144 47 255 168 1303 1 0 1 "Arrest"
0 144 47 254 168 1304 1 0 1 "Arrest"
0 144 47 254 168 1305 1 0 1 "Arrest"
0 144 47 254 168 1306 1 0 1 "Arrest"
0 144 47 254 168 1307 1 0 1 "Arrest"
0 144 47 254 168 1308 1 0 1 "Arrest"
0 144 47 254 168 1309 1 0 1 "Arrest"
0 144 47 254 168 1310 1 0 1 "Arrest"
0 144 47 254 168 1311 1 0 1 "Arrest"
0 144 47 254 168 1312 1 0 1 "Arrest"
0 144 47 254 168 1313 1 0 1 "Arrest"
0 144 47 254 168 1314 1 0 1 "Arrest"
0 144 47 254 168 1315 1 0 1 "Arrest"
0 144 47 254 168 1316 1 0 1 "Arrest"
0 144 47 254 168 1317 1 0 1 "Arrest"
0 144 47 254 168 1318 1 0 1 "Arrest"
0 144 47 254 168 1319 1 0 1 "Arrest"
0 144 47 254 168 1320 1 0 1 "Arrest"
0 144 47 254 168 1321 1 0 1 "Arrest"
0 144 47 254 168 1322 1 0 1 "Arrest"
0 144 47 254 168 1323 1 0 1 "Arrest"
0 144 47 254 168 1324 1 0 1 "Arrest"
0 144 47 254 168 1325 1 0 1 "Arrest"
0 144 47 254 168 1326 1 0 1 "Arrest"
0 144 47 254 168 1327 1 0 1 "Arrest"
0 144 47 254 168 1328 1 0 1 "Arrest"
0 144 47 254 168 1329 1 0 1 "Arrest"
0 144 47 254 168 1330 1 0 1 "Arrest"
0 144 47 254 168 1331 1 0 1 "Arrest"
0 144 47 254 168 1332 1 0 1 "Arrest"
0 144 47 254 168 1333 1 0 1 "Arrest"
0 144 47 253 168 1334 1 0 1 "Arrest"
0 144 47 253 168 1335 1 0 1 "Arrest"
0 144 47 253 168 1336 1 0 1 "Arrest"
0 144 47 253 168 1337 1 0 1 "Arrest"
0 144 47 253 168 1338 1 0 1 "Arrest"
0 144 47 253 168 1339 1 0 1 "Arrest"
0 144 47 253 168 1340 1 0 1 "Arrest"
0 144 47 253 168 1341 1 0 1 "Arrest"
0 144 47 253 168 1342 1 0 1 "Arrest"
0 144 47 253 168 1343 1 0 1 "Arrest"
0 144 47 253 168 1344 1 0 1 "Arrest"
0 144 47 253 168 1345 1 0 1 "Arrest"
0 144 47 253 168 1346 1 0 1 "Arrest"
0 144 47 253 168 1347 1 0 1 "Arrest"
0 144 47 253 168 1348 1 0 1 "Arrest"
0 144 47 253 168 1349 1 0 1 "Arrest"
0 144 47 253 168 1350 1 0 1 "Arrest"
0 144 47 253 168 1351 1 0 1 "Arrest"
0 144 47 253 168 1352 1 0 1 "Arrest"
0 144 47 253 168 1353 1 0 1 "Arrest"
0 144 47 253 168 1354 1 0 1 "Arrest"
0 144 47 253 168 1355 1 0 1 "Arrest"
0 144 47 253 168 1356 1 0 1 "Arrest"
0 144 47 253 168 1357 1 0 1 "Arrest"
0 144 47 253 168 1358 1 0 1 "Arrest"
0 144 47 253 168 1359 1 0 1 "Arrest"
0 144 47 253 168 1360 1 0 1 "Arrest"
0 144 47 253 168 1361 1 0 1 "Arrest"
0 144 47 253 168 1362 1 0 1 "Arrest"
0 144 47 253 168 1363 1 0 1 "Arrest"
0 144 47 252 168 1364 1 0 1 "Arrest"
0 144 47 252 168 1365 1 0 1 "Arrest"
0 144 47 252 168 1366 1 0 1 "Arrest"
0 144 47 252 168 1367 1 0 1 "Arrest"
0 144 47 252 168 1368 1 0 1 "Arrest"
0 144 47 252 168 1369 1 0 1 "Arrest"
0 144 47 252 168 1370 1 0 1 "Arrest"
0 144 47 252 168 1371 1 0 1 "Arrest"
0 144 47 252 168 1372 1 0 1 "Arrest"
0 144 47 252 168 1373 1 0 1 "Arrest"
0 144 47 252 168 1374 1 0 1 "Arrest"
0 144 47 252 168 1375 1 0 1 "Arrest"
0 144 47 252 168 1376 1 0 1 "Arrest"
0 144 47 252 168 1377 1 0 1 "Arrest"
0 144 47 252 168 1378 1 0 1 "Arrest"
0 144 47 252 168 1379 1 0 1 "Arrest"
0 144 47 252 168 1380 1 0 1 "Arrest"
0 144 47 252 168 1381 1 0 1 "Arrest"
0 144 47 252 168 1382 1 0 1 "Arrest"
0 144 47 252 168 1383 1 0 1 "Arrest"
0 144 47 252 168 1384 1 0 1 "Arrest"
0 144 47 252 168 1385 1 0 1 "Arrest"
0 144 47 252 168 1386 1 0 1 "Arrest"
0 144 47 252 168 1387 1 0 1 "Arrest"
0 144 47 252 168 1388 1 0 1 "Arrest"
0 144 47 252 168 1389 1 0 1 "Arrest"
0 144 47 252 168 1390 1 0 1 "Arrest"
0 144 47 252 168 1391 1 0 1 "Arrest"
0 144 47 252 168 1392 1 0 1 "Arrest"
0 144 47 251 168 1393 1 0 1 "Arrest"
0 144 47 251 168 1394 1 0 1 "Arrest"
0 144 47 251 168 1395 1 0 1 "Arrest"
0 144 47 251 168 1396 1 0 1 "Arrest"
0 144 47 251 168 1397 1 0 1 "Arrest"
0 144 47 251 168 1398 1 0 1 "Arrest"
0 144 47 251 168 1399 1 0 1 "Arrest"
0 144 47 251 168 1400 1 0 1 "Arrest"
0 144 47 251 168 1401 1 0 1 "Arrest"
0 144 47 251 168 1402 1 0 1 "Arrest"
0 144 47 251 168 1403 1 0 1 "Arrest"
0 144 47 251 168 1404 1 0 1 "Arrest"
0 144 47 251 168 1405 1 0 1 "Arrest"
0 144 47 251 168 1406 1 0 1 "Arrest"
0 144 47 251 168 1407 1 0 1 "Arrest"
0 144 47 251 168 1408 1 0 1 "Arrest"
0 144 47 251 168 1409 1 0 1 "Arrest"
0 144 47 251 168 1410 1 0 1 "Arrest"
0 144 47 251 168 1411 1 0 1 "Arrest"
0 144 47 251 168 1412 1 0 1 "Arrest"
0 145 46 251 169 1413 1 0 1 "Arrest"
0 145 46 251 169 1414 1 0 1 "Arrest"
0 145 46 251 169 1415 1 0 1 "Arrest"
0 145 46 251 169 1416 1 0 1 "Arrest"
0 145 46 251 169 1417 1 0 1 "Arrest"
0 145 46 251 169 1418 1 0 1 "Arrest"
0 145 46 251 169 1419 1 0 1 "Arrest"
0 145 46 251 169 1420 1 0 1 "Arrest"
0 145 46 251 169 1421 1 0 1 "Arrest"
0 145 46 251 169 1422 1 0 1 "Arrest"
0 145 46 250 169 1423 1 0 1 "Arrest"
0 145 46 250 169 1424 1 0 1 "Arrest"
0 145 46 250 169 1425 1 0 1 "Arrest"
0 145 46 250 169 1426 1 0 1 "Arrest"
0 145 46 250 169 1427 1 0 1 "Arrest"
0 145 46 250 169 1428 1 0 1 "Arrest"
0 145 46 250 169 1429 1 0 1 "Arrest"
0 145 46 250 169 1430 1 0 1 "Arrest"
0 145 46 250 169 1431 1 0 1 "Arrest"
0 145 46 250 169 1432 1 0 1 "Arrest"
0 145 46 250 169 1433 1 0 1 "Arrest"
0 145 46 250 169 1434 1 0 1 "Arrest"
0 145 46 250 169 1435 1 0 1 "Arrest"
0 145 46 250 169 1436 1 0 1 "Arrest"
0 145 46 250 169 1437 1 0 1 "Arrest"
0 145 46 250 169 1438 1 0 1 "Arrest"
0 145 46 250 169 1439 1 0 1 "Arrest"
0 145 46 250 169 1440 1 0 1 "Arrest"
0 145 46 250 169 1441 1 0 1 "Arrest"
0 145 46 250 169 1442 1 0 1 "Arrest"
0 145 46 250 169 1443 1 0 1 "Arrest"
0 145 46 250 169 1444 1 0 1 "Arrest"
0 145 46 250 169 1445 1 0 1 "Arrest"
0 145 46 250 169 1446 1 0 1 "Arrest"
0 145 46 250 169 1447 1 0 1 "Arrest"
0 145 46 250 169 1448 1 0 1 "Arrest"
0 145 46 250 169 1449 1 0 1 "Arrest"
0 145 46 250 169 1450 1 0 1 "Arrest"
0 145 46 250 169 1451 1 0 1 "Arrest"
0 145 46 250 169 1452 1 0 1 "Arrest"
0 145 46 249 169 1453 1 0 1 "Arrest"
0 145 46 249 169 1454 1 0 1 "Arrest"
0 145 46 249 169 1455 1 0 1 "Arrest"
0 145 46 249 169 1456 1 0 1 "Arrest"
0 145 46 249 169 1457 1 0 1 "Arrest"
0 145 46 249 169 1458 1 0 1 "Arrest"
0 145 46 249 169 1459 1 0 1 "Arrest"
0 145 46 249 169 1460 1 0 1 "Arrest"
0 145 46 249 169 1461 1 0 1 "Arrest"
0 145 46 249 169 1462 1 0 1 "Arrest"
0 145 46 249 169 1463 1 0 1 "Arrest"
0 145 46 249 169 1464 1 0 1 "Arrest"
0 145 46 249 169 1465 1 0 1 "Arrest"
0 145 46 249 169 1466 1 0 1 "Arrest"
0 145 46 249 169 1467 1 0 1 "Arrest"
0 145 46 249 169 1468 1 0 1 "Arrest"
0 145 46 249 169 1469 1 0 1 "Arrest"
0 145 46 249 169 1470 1 0 1 "Arrest"
0 145 46 249 169 1471 1 0 1 "Arrest"
0 145 46 249 169 1472 1 0 1 "Arrest"
0 145 46 249 169 1473 1 0 1 "Arrest"
0 145 46 249 169 1474 1 0 1 "Arrest"
0 145 46 249 169 1475 1 0 1 "Arrest"
0 145 46 249 169 1476 1 0 1 "Arrest"
0 145 46 249 169 1477 1 0 1 "Arrest"
0 145 46 249 169 1478 1 0 1 "Arrest"
0 145 46 249 169 1479 1 0 1 "Arrest"
0 145 46 249 169 1480 1 0 1 "Arrest"
0 145 46 249 169 1481 1 0 1 "Arrest"
0 145 46 248 169 1482 1 0 1 "Arrest"
0 145 46 248 169 1483 1 0 1 "Arrest"
0 145 46 248 169 1484 1 0 1 "Arrest"
0 145 46 248 169 1485 1 0 1 "Arrest"
0 145 46 248 169 1486 1 0 1 "Arrest"
0 145 46 248 169 1487 1 0 1 "Arrest"
0 145 46 248 169 1488 1 0 1 "Arrest"
0 145 46 248 169 1489 1 0 1 "Arrest"
0 145 46 248 169 1490 1 0 1 "Arrest"
0 145 46 248 169 1491 1 0 1 "Arrest"
0 145 46 248 169 1492 1 0 1 "Arrest"
0 145 46 248 169 1493 1 0 1 "Arrest"
0 145 46 248 169 1494 1 0 1 "Arrest"
0 145 46 248 169 1495 1 0 1 "Arrest"
0 145 46 248 169 1496 1 0 1 "Arrest"
0 145 46 248 169 1497 1 0 1 "Arrest"
0 145 46 248 169 1498 1 0 1 "Arrest"
0 145 46 248 169 1499 1 0 1 "Arrest"
0 145 46 248 169 1500 1 0 1 "Arrest"
0 145 46 248 169 1501 1 0 1 "Arrest"
0 145 46 248 169 1502 1 0 1 "Arrest"
0 145 46 248 169 1503 1 0 1 "Arrest"
0 145 46 248 169 1504 1 0 1 "Arrest"
0 145 46 248 169 1505 1 0 1 "Arrest"
0 145 46 248 169 1506 1 0 1 "Arrest"
0 145 46 248 169 1507 1 0 1 "Arrest"
0 145 46 248 169 1508 1 0 1 "Arrest"
0 145 46 248 169 1509 1 0 1 "Arrest"
0 145 46 248 169 1510 1 0 1 "Arrest"
0 145 46 248 169 1511 1 0 1 "Arrest"
0 145 46 247 169 1512 1 0 1 "Arrest"
0 145 46 247 169 1513 1 0 1 "Arrest"
0 145 46 247 169 1514 1 0 1 "Arrest"
0 145 46 247 169 1515 1 0 1 "Arrest"
0 145 46 247 169 1516 1 0 1 "Arrest"
0 145 46 247 169 1517 1 0 1 "Arrest"
0 145 46 247 169 1518 1 0 1 "Arrest"
0 145 46 247 169 1519 1 0 1 "Arrest"
0 145 46 247 169 1520 1 0 1 "Arrest"
0 145 46 247 169 1521 1 0 1 "Arrest"
0 145 46 247 169 1522 1 0 1 "Arrest"
0 145 46 247 169 1523 1 0 1 "Arrest"
0 145 46 247 169 1524 1 0 1 "Arrest"
0 145 46 247 169 1525 1 0 1 "Arrest"
0 145 46 247 169 1526 1 0 1 "Arrest"
0 145 46 247 169 1527 1 0 1 "Arrest"
0 145 46 247 169 1528 1 0 1 "Arrest"
0 145 46 247 169 1529 1 0 1 "Arrest"
0 145 46 247 169 1530 1 0 1 "Arrest"
0 145 46 247 169 1531 1 0 1 "Arrest"
0 145 46 247 169 1532 1 0 1 "Arrest"
0 145 46 247 169 1533 1 0 1 "Arrest"
0 145 46 247 169 1534 1 0 1 "Arrest"
0 145 46 247 169 1535 1 0 1 "Arrest"
0 145 46 247 169 1536 1 0 1 "Arrest"
0 145 46 247 169 1537 1 0 1 "Arrest"
0 146 46 247 169 1538 1 0 1 "Arrest"
0 146 46 247 169 1539 1 0 1 "Arrest"
0 146 46 247 169 1540 1 0 1 "Arrest"
0 146 46 247 169 1541 1 0 1 "Arrest"
0 146 46 246 169 1542 1 0 1 "Arrest"
0 146 46 246 169 1543 1 0 1 "Arrest"
0 146 46 246 169 1544 1 0 1 "Arrest"
0 146 46 246 169 1545 1 0 1 "Arrest"
0 146 46 246 169 1546 1 0 1 "Arrest"
0 146 46 246 169 1547 1 0 1 "Arrest"
0 146 46 246 169 1548 1 0 1 "Arrest"
0 146 46 246 169 1549 1 0 1 "Arrest"
0 146 46 246 169 1550 1 0 1 "Arrest"
0 146 46 246 169 1551 1 0 1 "Arrest"
0 146 46 246 169 1552 1 0 1 "Arrest"
0 146 46 246 169 1553 1 0 1 "Arrest"
0 146 46 246 169 1554 1 0 1 "Arrest"
0 146 46 246 169 1555 1 0 1 "Arrest"
0 146 46 246 169 1556 1 0 1 "Arrest"
0 146 46 246 169 1557 1 0 1 "Arrest"
0 146 46 246 169 1558 1 0 1 "Arrest"
0 146 46 246 169 1559 1 0 1 "Arrest"
0 146 46 246 169 1560 1 0 1 "Arrest"
0 146 46 246 169 1561 1 0 1 "Arrest"
0 146 46 246 169 1562 1 0 1 "Arrest"
0 146 46 246 169 1563 1 0 1 "Arrest"
0 146 46 246 169 1564 1 0 1 "Arrest"
0 146 46 246 169 1565 1 0 1 "Arrest"
0 146 46 246 169 1566 1 0 1 "Arrest"
0 146 46 246 169 1567 1 0 1 "Arrest"
0 146 46 246 169 1568 1 0 1 "Arrest"
0 146 46 246 169 1569 1 0 1 "Arrest"
0 146 46 246 169 1570 1 0 1 "Arrest"
0 146 46 245 169 1571 1 0 1 "Arrest"
0 146 46 245 169 1572 1 0 1 "Arrest"
0 146 46 245 169 1573 1 0 1 "Arrest"
0 146 46 245 169 1574 1 0 1 "Arrest"
0 146 46 245 169 1575 1 0 1 "Arrest"
0 146 46 245 169 1576 1 0 1 "Arrest"
0 146 46 245 169 1577 1 0 1 "Arrest"
0 146 46 245 169 1578 1 0 1 "Arrest"
0 146 46 245 169 1579 1 0 1 "Arrest"
0 146 46 245 169 1580 1 0 1 "Arrest"
0 146 46 245 169 1581 1 0 1 "Arrest"
0 146 46 245 169 1582 1 0 1 "Arrest"
0 146 46 245 169 1583 1 0 1 "Arrest"
0 146 46 245 169 1584 1 0 1 "Arrest"
0 146 46 245 169 1585 1 0 1 "Arrest"
0 146 46 245 169 1586 1 0 1 "Arrest"
0 146 46 245 169 1587 1 0 1 "Arrest"
0 146 46 245 169 1588 1 0 1 "Arrest"
0 146 46 245 169 1589 1 0 1 "Arrest"
0 146 46 245 169 1590 1 0 1 "Arrest"
0 146 46 245 169 1591 1 0 1 "Arrest"
0 146 46 245 169 1592 1 0 1 "Arrest"
0 146 46 245 169 1593 1 0 1 "Arrest"
0 146 46 245 169 1594 1 0 1 "Arrest"
0 146 46 245 169 1595 1 0 1 "Arrest"
0 146 46 245 169 1596 1 0 1 "Arrest"
0 146 46 245 169 1597 1 0 1 "Arrest"
0 146 46 245 169 1598 1 0 1 "Arrest"
0 146 46 245 169 1599 1 0 1 "Arrest"
0 146 46 245 169 1600 1 0 1 "Arrest"
0 146 45 244 169 1601 1 0 1 "Arrest"
0 146 45 244 169 1602 1 0 1 "Arrest"
0 146 45 244 169 1603 1 0 1 "Arrest"
0 146 45 244 169 1604 1 0 1 "Arrest"
0 146 45 244 169 1605 1 0 1 "Arrest"
0 146 45 244 169 1606 1 0 1 "Arrest"
0 146 45 244 169 1607 1 0 1 "Arrest"
0 146 45 244 169 1608 1 0 1 "Arrest"
0 146 45 244 169 1609 1 0 1 "Arrest"
0 146 45 244 169 1610 1 0 1 "Arrest"
0 146 45 244 169 1611 1 0 1 "Arrest"
0 146 45 244 169 1612 1 0 1 "Arrest"
0 146 45 244 169 1613 1 0 1 "Arrest"
0 146 45 244 169 1614 1 0 1 "Arrest"
0 146 45 244 169 1615 1 0 1 "Arrest"
0 146 45 244 169 1616 1 0 1 "Arrest"
0 146 45 244 169 1617 1 0 1 "Arrest"
0 146 45 244 169 1618 1 0 1 "Arrest"
0 146 45 244 169 1619 1 0 1 "Arrest"
0 146 45 244 169 1620 1 0 1 "Arrest"
0 146 45 244 169 1621 1 0 1 "Arrest"
0 146 45 244 169 1622 1 0 1 "Arrest"
0 146 45 244 169 1623 1 0 1 "Arrest"
0 146 45 244 169 1624 1 0 1 "Arrest"
0 146 45 244 169 1625 1 0 1 "Arrest"
0 146 45 244 169 1626 1 0 1 "Arrest"
0 146 45 244 169 1627 1 0 1 "Arrest"
0 146 45 244 169 1628 1 0 1 "Arrest"
0 146 45 244 169 1629 1 0 1 "Arrest"
0 146 45 244 169 1630 1 0 1 "Arrest"
0 146 45 243 169 1631 1 0 1 "Arrest"
0 146 45 243 169 1632 1 0 1 "Arrest"
0 146 45 243 169 1633 1 0 1 "Arrest"
0 146 45 243 169 1634 1 0 1 "Arrest"
0 146 45 243 169 1635 1 0 1 "Arrest"
0 146 45 243 169 1636 1 0 1 "Arrest"
0 146 45 243 169 1637 1 0 1 "Arrest"
0 146 45 243 169 1638 1 0 1 "Arrest"
0 146 45 243 169 1639 1 0 1 "Arrest"
0 146 45 243 169 1640 1 0 1 "Arrest"
0 146 45 243 169 1641 1 0 1 "Arrest"
0 146 45 243 169 1642 1 0 1 "Arrest"
0 146 45 243 169 1643 1 0 1 "Arrest"
0 146 45 243 169 1644 1 0 1 "Arrest"
0 146 45 243 169 1645 1 0 1 "Arrest"
0 146 45 243 169 1646 1 0 1 "Arrest"
0 146 45 243 169 1647 1 0 1 "Arrest"
0 146 45 243 169 1648 1 0 1 "Arrest"
0 146 45 243 169 1649 1 0 1 "Arrest"
0 146 45 243 169 1650 1 0 1 "Arrest"
0 146 45 243 169 1651 1 0 1 "Arrest"
0 146 45 243 169 1652 1 0 1 "Arrest"
0 146 45 243 169 1653 1 0 1 "Arrest"
0 146 45 243 169 1654 1 0 1 "Arrest"
0 146 45 243 169 1655 1 0 1 "Arrest"
0 146 45 243 169 1656 1 0 1 "Arrest"
0 146 45 243 169 1657 1 0 1 "Arrest"
0 146 45 243 169 1658 1 0 1 "Arrest"
0 146 45 243 169 1659 1 0 1 "Arrest"
0 146 45 242 169 1660 1 0 1 "Arrest"
0 146 45 242 169 1661 1 0 1 "Arrest"
0 146 45 242 169 1662 1 0 1 "Arrest"
0 146 45 242 169 1663 1 0 1 "Arrest"
0 147 45 242 169 1664 1 0 1 "Arrest"
0 147 45 242 169 1665 1 0 1 "Arrest"
0 147 45 242 169 1666 1 0 1 "Arrest"
0 147 45 242 169 1667 1 0 1 "Arrest"
0 147 45 242 169 1668 1 0 1 "Arrest"
0 147 45 242 169 1669 1 0 1 "Arrest"
0 147 45 242 169 1670 1 0 1 "Arrest"
0 147 45 242 169 1671 1 0 1 "Arrest"
0 147 45 242 169 1672 1 0 1 "Arrest"
0 147 45 242 169 1673 1 0 1 "Arrest"
0 147 45 242 169 1674 1 0 1 "Arrest"
0 147 45 242 169 1675 1 0 1 "Arrest"
0 147 45 242 169 1676 1 0 1 "Arrest"
0 147 45 242 169 1677 1 0 1 "Arrest"
0 147 45 242 169 1678 1 0 1 "Arrest"
0 147 45 242 169 1679 1 0 1 "Arrest"
0 147 45 242 169 1680 1 0 1 "Arrest"
0 147 45 242 169 1681 1 0 1 "Arrest"
0 147 45 242 169 1682 1 0 1 "Arrest"
0 147 45 242 169 1683 1 0 1 "Arrest"
0 147 45 242 169 1684 1 0 1 "Arrest"
0 147 45 242 169 1685 1 0 1 "Arrest"
0 147 45 242 169 1686 1 0 1 "Arrest"
0 147 45 242 169 1687 1 0 1 "Arrest"
0 147 45 242 169 1688 1 0 1 "Arrest"
0 147 45 242 169 1689 1 0 1 "Arrest"
0 147 45 241 169 1690 1 0 1 "Arrest"
0 147 45 241 169 1691 1 0 1 "Arrest"
0 147 45 241 169 1692 1 0 1 "Arrest"
0 147 45 241 169 1693 1 0 1 "Arrest"
0 147 45 241 169 1694 1 0 1 "Arrest"
0 147 45 241 169 1695 1 0 1 "Arrest"
0 147 45 241 169 1696 1 0 1 "Arrest"
0 147 45 241 169 1697 1 0 1 "Arrest"
0 147 45 241 169 1698 1 0 1 "Arrest"
0 147 45 241 169 1699 1 0 1 "Arrest"
0 147 45 241 169 1700 1 0 1 "Arrest"
0 147 45 241 169 1701 1 0 1 "Arrest"
0 147 45 241 169 1702 1 0 1 "Arrest"
0 147 45 241 169 1703 1 0 1 "Arrest"
0 147 45 241 169 1704 1 0 1 "Arrest"
0 147 45 241 169 1705 1 0 1 "Arrest"
0 147 45 241 169 1706 1 0 1 "Arrest"
0 147 45 241 169 1707 1 0 1 "Arrest"
0 147 45 241 169 1708 1 0 1 "Arrest"
0 147 45 241 169 1709 1 0 1 "Arrest"
0 147 45 241 169 1710 1 0 1 "Arrest"
0 147 45 241 169 1711 1 0 1 "Arrest"
0 147 45 241 169 1712 1 0 1 "Arrest"
0 147 45 241 169 1713 1 0 1 "Arrest"
0 147 45 241 169 1714 1 0 1 "Arrest"
0 147 45 241 169 1715 1 0 1 "Arrest"
0 147 45 241 169 1716 1 0 1 "Arrest"
0 147 45 241 169 1717 1 0 1 "Arrest"
0 147 45 241 169 1718 1 0 1 "Arrest"
0 147 45 241 169 1719 1 0 1 "Arrest"
0 147 45 240 169 1720 1 0 1 "Arrest"
0 147 45 240 169 1721 1 0 1 "Arrest"
0 147 45 240 169 1722 1 0 1 "Arrest"
0 147 45 240 169 1723 1 0 1 "Arrest"
0 147 45 240 169 1724 1 0 1 "Arrest"
0 147 45 240 169 1725 1 0 1 "Arrest"
0 147 45 240 169 1726 1 0 1 "Arrest"
0 147 45 240 169 1727 1 0 1 "Arrest"
0 147 45 240 169 1728 1 0 1 "Arrest"
0 147 45 240 169 1729 1 0 1 "Arrest"
0 147 45 240 169 1730 1 0 1 "Arrest"
0 147 45 240 169 1731 1 0 1 "Arrest"
0 147 45 240 169 1732 1 0 1 "Arrest"
0 147 45 240 169 1733 1 0 1 "Arrest"
0 147 45 240 169 1734 1 0 1 "Arrest"
0 147 45 240 169 1735 1 0 1 "Arrest"
0 147 45 240 169 1736 1 0 1 "Arrest"
0 147 45 240 169 1737 1 0 1 "Arrest"
0 147 45 240 169 1738 1 0 1 "Arrest"
0 147 45 240 169 1739 1 0 1 "Arrest"
0 147 45 240 169 1740 1 0 1 "Arrest"
0 147 45 240 169 1741 1 0 1 "Arrest"
0 147 45 240 169 1742 1 0 1 "Arrest"
0 147 45 240 169 1743 1 0 1 "Arrest"
0 147 45 240 169 1744 1 0 1 "Arrest"
0 147 45 240 169 1745 1 0 1 "Arrest"
0 147 45 240 169 1746 1 0 1 "Arrest"
0 147 45 240 169 1747 1 0 1 "Arrest"
0 147 45 240 169 1748 1 0 1 "Arrest"
0 147 45 239 169 1749 1 0 1 "Arrest"
0 147 45 239 169 1750 1 0 1 "Arrest"
0 147 45 239 169 1751 1 0 1 "Arrest"
0 147 45 239 169 1752 1 0 1 "Arrest"
0 147 45 239 169 1753 1 0 1 "Arrest"
0 147 45 239 169 1754 1 0 1 "Arrest"
0 147 45 239 169 1755 1 0 1 "Arrest"
0 147 45 239 169 1756 1 0 1 "Arrest"
0 147 45 239 169 1757 1 0 1 "Arrest"
0 147 45 239 169 1758 1 0 1 "Arrest"
0 147 45 239 169 1759 1 0 1 "Arrest"
0 147 45 239 169 1760 1 0 1 "Arrest"
0 147 45 239 169 1761 1 0 1 "Arrest"
0 147 45 239 169 1762 1 0 1 "Arrest"
0 147 45 239 169 1763 1 0 1 "Arrest"
0 147 45 239 169 1764 1 0 1 "Arrest"
0 147 45 239 169 1765 1 0 1 "Arrest"
0 147 45 239 169 1766 1 0 1 "Arrest"
0 147 45 239 169 1767 1 0 1 "Arrest"
0 147 45 239 169 1768 1 0 1 "Arrest"
0 147 45 239 169 1769 1 0 1 "Arrest"
0 147 45 239 169 1770 1 0 1 "Arrest"
0 147 45 239 169 1771 1 0 1 "Arrest"
0 147 45 239 169 1772 1 0 1 "Arrest"
0 147 45 239 169 1773 1 0 1 "Arrest"
0 147 45 239 169 1774 1 0 1 "Arrest"
0 147 45 239 169 1775 1 0 1 "Arrest"
0 147 45 239 169 1776 1 0 1 "Arrest"
0 147 45 239 169 1777 1 0 1 "Arrest"
0 147 45 239 169 1778 1 0 1 "Arrest"
0 147 45 238 169 1779 1 0 1 "Arrest"
0 147 45 238 169 1780 1 0 1 "Arrest"
0 147 45 238 169 1781 1 0 1 "Arrest"
0 147 45 238 169 1782 1 0 1 "Arrest"
0 147 45 238 169 1783 1 0 1 "Arrest"
0 147 45 238 169 1784 1 0 1 "Arrest"
0 147 45 238 169 1785 1 0 1 "Arrest"
0 147 45 238 169 1786 1 0 1 "Arrest"
0 147 45 238 169 1787 1 0 1 "Arrest"
0 147 45 238 169 1788 1 0 1 "Arrest"
0 148 44 238 170 1789 1 0 1 "Arrest"
0 148 44 238 170 1790 1 0 1 "Arrest"
0 148 44 238 170 1791 1 0 1 "Arrest"
0 148 44 238 170 1792 1 0 1 "Arrest"
0 148 44 238 170 1793 1 0 1 "Arrest"
0 148 44 238 170 1794 1 0 1 "Arrest"
0 148 44 238 170 1795 1 0 1 "Arrest"
0 148 44 238 170 1796 1 0 1 "Arrest"
0 148 44 238 170 1797 1 0 1 "Arrest"
0 148 44 238 170 1798 1 0 1 "Arrest"
0 148 44 238 170 1799 1 0 1 "Arrest"
0 148 44 238 170 1800 1 0 1 "Arrest"
0 148 44 238 170 1801 1 0 1 "Arrest"
0 148 44 238 170 1802 1 0 1 "Arrest"
0 148 44 238 170 1803 1 0 1 "Arrest"
0 148 44 238 170 1804 1 0 1 "Arrest"
0 148 44 238 170 1805 1 0 1 "Arrest"
0 148 44 238 170 1806 1 0 1 "Arrest"
0 148 44 238 170 1807 1 0 1 "Arrest"
0 148 44 238 170 1808 1 0 1 "Arrest"
0 148 44 237 170 1809 1 0 1 "Arrest"
0 148 44 237 170 1810 1 0 1 "Arrest"
0 148 44 237 170 1811 1 0 1 "Arrest"
0 148 44 237 170 1812 1 0 1 "Arrest"
0 148 44 237 170 1813 1 0 1 "Arrest"
0 148 44 237 170 1814 1 0 1 "Arrest"
0 148 44 237 170 1815 1 0 1 "Arrest"
0 148 44 237 170 1816 1 0 1 "Arrest"
0 148 44 237 170 1817 1 0 1 "Arrest"
0 148 44 237 170 1818 1 0 1 "Arrest"
0 148 44 237 170 1819 1 0 1 "Arrest"
0 148 44 237 170 1820 1 0 1 "Arrest"
0 148 44 237 170 1821 1 0 1 "Arrest"
0 148 44 237 170 1822 1 0 1 "Arrest"
0 148 44 237 170 1823 1 0 1 "Arrest"
0 148 44 237 170 1824 1 0 1 "Arrest"
0 148 44 237 170 1825 1 0 1 "Arrest"
0 148 44 237 170 1826 1 0 1 "Arrest"
0 148 44 237 170 1827 1 0 1 "Arrest"
0 148 44 237 170 1828 1 0 1 "Arrest"
0 148 44 237 170 1829 1 0 1 "Arrest"
0 148 44 237 170 1830 1 0 1 "Arrest"
0 148 44 237 170 1831 1 0 1 "Arrest"
0 148 44 237 170 1832 1 0 1 "Arrest"
0 148 44 237 170 1833 1 0 1 "Arrest"
0 148 44 237 170 1834 1 0 1 "Arrest"
0 148 44 237 170 1835 1 0 1 "Arrest"
0 148 44 237 170 1836 1 0 1 "Arrest"
0 148 44 237 170 1837 1 0 1 "Arrest"
0 148 44 236 170 1838 1 0 1 "Arrest"
0 148 44 236 170 1839 1 0 1 "Arrest"
0 148 44 236 170 1840 1 0 1 "Arrest"
0 148 44 236 170 1841 1 0 1 "Arrest"
0 148 44 236 170 1842 1 0 1 "Arrest"
0 148 44 236 170 1843 1 0 1 "Arrest"
0 148 44 236 170 1844 1 0 1 "Arrest"
0 148 44 236 170 1845 1 0 1 "Arrest"
0 148 44 236 170 1846 1 0 1 "Arrest"
0 148 44 236 170 1847 1 0 1 "Arrest"
0 148 44 236 170 1848 1 0 1 "Arrest"
0 148 44 236 170 1849 1 0 1 "Arrest"
0 148 44 236 170 1850 1 0 1 "Arrest"
0 148 44 236 170 1851 1 0 1 "Arrest"
0 148 44 236 170 1852 1 0 1 "Arrest"
0 148 44 236 170 1853 1 0 1 "Arrest"
0 148 44 236 170 1854 1 0 1 "Arrest"
0 148 44 236 170 1855 1 0 1 "Arrest"
0 148 44 236 170 1856 1 0 1 "Arrest"
0 148 44 236 170 1857 1 0 1 "Arrest"
0 148 44 236 170 1858 1 0 1 "Arrest"
0 148 44 236 170 1859 1 0 1 "Arrest"
0 148 44 236 170 1860 1 0 1 "Arrest"
0 148 44 236 170 1861 1 0 1 "Arrest"
0 148 44 236 170 1862 1 0 1 "Arrest"
0 148 44 236 170 1863 1 0 1 "Arrest"
0 148 44 236 170 1864 1 0 1 "Arrest"
0 148 44 236 170 1865 1 0 1 "Arrest"
0 148 44 236 170 1866 1 0 1 "Arrest"
0 148 44 236 170 1867 1 0 1 "Arrest"
0 148 44 235 170 1868 1 0 1 "Arrest"
0 148 44 235 170 1869 1 0 1 "Arrest"
0 148 44 235 170 1870 1 0 1 "Arrest"
0 148 44 235 170 1871 1 0 1 "Arrest"
0 148 44 235 170 1872 1 0 1 "Arrest"
0 148 44 235 170 1873 1 0 1 "Arrest"
0 148 44 235 170 1874 1 0 1 "Arrest"
0 148 44 235 170 1875 1 0 1 "Arrest"
0 148 44 235 170 1876 1 0 1 "Arrest"
0 148 44 235 170 1877 1 0 1 "Arrest"
0 148 44 235 170 1878 1 0 1 "Arrest"
0 148 44 235 170 1879 1 0 1 "Arrest"
0 148 44 235 170 1880 1 0 1 "Arrest"
0 148 44 235 170 1881 1 0 1 "Arrest"
0 148 44 235 170 1882 1 0 1 "Arrest"
0 148 44 235 170 1883 1 0 1 "Arrest"
0 148 44 235 170 1884 1 0 1 "Arrest"
0 148 44 235 170 1885 1 0 1 "Arrest"
0 148 44 235 170 1886 1 0 1 "Arrest"
0 148 44 235 170 1887 1 0 1 "Arrest"
0 148 44 235 170 1888 1 0 1 "Arrest"
0 148 44 235 170 1889 1 0 1 "Arrest"
0 148 44 235 170 1890 1 0 1 "Arrest"
0 148 44 235 170 1891 1 0 1 "Arrest"
0 148 44 235 170 1892 1 0 1 "Arrest"
0 148 44 235 170 1893 1 0 1 "Arrest"
0 148 44 235 170 1894 1 0 1 "Arrest"
0 148 44 235 170 1895 1 0 1 "Arrest"
0 148 44 235 170 1896 1 0 1 "Arrest"
0 148 44 235 170 1897 1 0 1 "Arrest"
0 148 44 234 170 1898 1 0 1 "Arrest"
0 148 44 234 170 1899 1 0 1 "Arrest"
0 148 44 234 170 1900 1 0 1 "Arrest"
0 148 44 234 170 1901 1 0 1 "Arrest"
0 148 44 234 170 1902 1 0 1 "Arrest"
0 148 44 234 170 1903 1 0 1 "Arrest"
0 148 44 234 170 1904 1 0 1 "Arrest"
0 148 44 234 170 1905 1 0 1 "Arrest"
0 148 44 234 170 1906 1 0 1 "Arrest"
0 148 44 234 170 1907 1 0 1 "Arrest"
0 148 44 234 170 1908 1 0 1 "Arrest"
0 148 44 234 170 1909 1 0 1 "Arrest"
0 148 44 234 170 1910 1 0 1 "Arrest"
0 148 44 234 170 1911 1 0 1 "Arrest"
0 148 44 234 170 1912 1 0 1 "Arrest"
0 148 44 234 170 1913 1 0 1 "Arrest"
0 149 44 234 170 1914 1 0 1 "Arrest"
0 149 44 234 170 1915 1 0 1 "Arrest"
0 149 44 234 170 1916 1 0 1 "Arrest"
0 149 44 234 170 1917 1 0 1 "Arrest"
0 149 44 234 170 1918 1 0 1 "Arrest"
0 149 44 234 170 1919 1 0 1 "Arrest"
0 149 44 234 170 1920 1 0 1 "Arrest"
0 149 44 234 170 1921 1 0 1 "Arrest"
0 149 44 234 170 1922 1 0 1 "Arrest"
0 149 44 234 170 1923 1 0 1 "Arrest"
0 149 44 234 170 1924 1 0 1 "Arrest"
0 149 44 234 170 1925 1 0 1 "Arrest"
0 149 44 234 170 1926 1 0 1 "Arrest"
0 149 44 233 170 1927 1 0 1 "Arrest"
0 149 44 233 170 1928 1 0 1 "Arrest"
0 149 44 233 170 1929 1 0 1 "Arrest"
0 149 44 233 170 1930 1 0 1 "Arrest"
0 149 44 233 170 1931 1 0 1 "Arrest"
0 149 44 233 170 1932 1 0 1 "Arrest"
0 149 44 233 170 1933 1 0 1 "Arrest"
0 149 44 233 170 1934 1 0 1 "Arrest"
0 149 44 233 170 1935 1 0 1 "Arrest"
0 149 44 233 170 1936 1 0 1 "Arrest"
0 149 44 233 170 1937 1 0 1 "Arrest"
0 149 44 233 170 1938 1 0 1 "Arrest"
0 149 44 233 170 1939 1 0 1 "Arrest"
0 149 44 233 170 1940 1 0 1 "Arrest"
0 149 44 233 170 1941 1 0 1 "Arrest"
0 149 44 233 170 1942 1 0 1 "Arrest"
0 149 44 233 170 1943 1 0 1 "Arrest"
0 149 44 233 170 1944 1 0 1 "Arrest"
0 149 44 233 170 1945 1 0 1 "Arrest"
0 149 44 233 170 1946 1 0 1 "Arrest"
0 149 44 233 170 1947 1 0 1 "Arrest"
0 149 44 233 170 1948 1 0 1 "Arrest"
0 149 44 233 170 1949 1 0 1 "Arrest"
0 149 44 233 170 1950 1 0 1 "Arrest"
0 149 44 233 170 1951 1 0 1 "Arrest"
0 149 44 233 170 1952 1 0 1 "Arrest"
0 149 44 233 170 1953 1 0 1 "Arrest"
0 149 44 233 170 1954 1 0 1 "Arrest"
0 149 44 233 170 1955 1 0 1 "Arrest"
0 149 44 233 170 1956 1 0 1 "Arrest"
0 149 44 232 170 1957 1 0 1 "Arrest"
0 149 44 232 170 1958 1 0 1 "Arrest"
0 149 44 232 170 1959 1 0 1 "Arrest"
0 149 44 232 170 1960 1 0 1 "Arrest"
0 149 44 232 170 1961 1 0 1 "Arrest"
0 149 44 232 170 1962 1 0 1 "Arrest"
0 149 44 232 170 1963 1 0 1 "Arrest"
0 149 44 232 170 1964 1 0 1 "Arrest"
0 149 44 232 170 1965 1 0 1 "Arrest"
0 149 44 232 170 1966 1 0 1 "Arrest"
0 149 44 232 170 1967 1 0 1 "Arrest"
0 149 44 232 170 1968 1 0 1 "Arrest"
0 149 44 232 170 1969 1 0 1 "Arrest"
0 149 44 232 170 1970 1 0 1 "Arrest"
0 149 44 232 170 1971 1 0 1 "Arrest"
0 149 44 232 170 1972 1 0 1 "Arrest"
0 149 44 232 170 1973 1 0 1 "Arrest"
0 149 44 232 170 1974 1 0 1 "Arrest"
0 149 44 232 170 1975 1 0 1 "Arrest"
0 149 44 232 170 1976 1 0 1 "Arrest"
0 149 43 232 170 1977 1 0 1 "Arrest"
0 149 43 232 170 1978 1 0 1 "Arrest"
0 149 43 232 170 1979 1 0 1 "Arrest"
0 149 43 232 170 1980 1 0 1 "Arrest"
0 149 43 232 170 1981 1 0 1 "Arrest"
0 149 43 232 170 1982 1 0 1 "Arrest"
0 149 43 232 170 1983 1 0 1 "Arrest"
0 149 43 232 170 1984 1 0 1 "Arrest"
0 149 43 232 170 1985 1 0 1 "Arrest"
0 149 43 232 170 1986 1 0 1 "Arrest"
0 149 43 231 170 1987 1 0 1 "Arrest"
0 149 43 231 170 1988 1 0 1 "Arrest"
0 149 43 231 170 1989 1 0 1 "Arrest"
0 149 43 231 170 1990 1 0 1 "Arrest"
0 149 43 231 170 1991 1 0 1 "Arrest"
0 149 43 231 170 1992 1 0 1 "Arrest"
0 149 43 231 170 1993 1 0 1 "Arrest"
0 149 43 231 170 1994 1 0 1 "Arrest"
0 149 43 231 170 1995 1 0 1 "Arrest"
0 149 43 231 170 1996 1 0 1 "Arrest"
0 149 43 231 170 1997 1 0 1 "Arrest"
0 149 43 231 170 1998 1 0 1 "Arrest"
0 149 43 231 170 1999 1 0 1 "Arrest"
0 149 43 231 170 2000 1 0 1 "Arrest"
0 149 43 231 170 2001 1 0 1 "Arrest"
0 149 43 231 170 2002 1 0 1 "Arrest"
0 149 43 231 170 2003 1 0 1 "Arrest"
0 149 43 231 170 2004 1 0 1 "Arrest"
0 149 43 231 170 2005 1 0 1 "Arrest"
0 149 43 231 170 2006 1 0 1 "Arrest"
0 149 43 231 170 2007 1 0 1 "Arrest"
0 149 43 231 170 2008 1 0 1 "Arrest"
0 149 43 231 170 2009 1 0 1 "Arrest"
0 149 43 231 170 2010 1 0 1 "Arrest"
0 149 43 231 170 2011 1 0 1 "Arrest"
0 149 43 231 170 2012 1 0 1 "Arrest"
0 149 43 231 170 2013 1 0 1 "Arrest"
0 149 43 231 170 2014 1 0 1 "Arrest"
0 149 43 231 170 2015 1 0 1 "Arrest"
0 149 43 230 170 2016 1 0 1 "Arrest"
0 149 43 230 170 2017 1 0 1 "Arrest"
0 149 43 230 170 2018 1 0 1 "Arrest"
0 149 43 230 170 2019 1 0 1 "Arrest"
0 149 43 230 170 2020 1 0 1 "Arrest"
0 149 43 230 170 2021 1 0 1 "Arrest"
0 149 43 230 170 2022 1 0 1 "Arrest"
0 149 43 230 170 2023 1 0 1 "Arrest"
0 149 43 230 170 2024 1 0 1 "Arrest"
0 149 43 230 170 2025 1 0 1 "Arrest"
0 149 43 230 170 2026 1 0 1 "Arrest"
0 149 43 230 170 2027 1 0 1 "Arrest"
0 149 43 230 170 2028 1 0 1 "Arrest"
0 149 43 230 170 2029 1 0 1 "Arrest"
0 149 43 230 170 2030 1 0 1 "Arrest"
0 149 43 230 170 2031 1 0 1 "Arrest"
0 149 43 230 170 2032 1 0 1 "Arrest"
0 149 43 230 170 2033 1 0 1 "Arrest"
0 149 43 230 170 2034 1 0 1 "Arrest"
0 149 43 230 170 2035 1 0 1 "Arrest"
0 149 43 230 170 2036 1 0 1 "Arrest"
0 149 43 230 170 2037 1 0 1 "Arrest"
0 149 43 230 170 2038 1 0 1 "Arrest"
0 150 43 230 170 2039 1 0 1 "Arrest"
0 150 43 230 170 2040 1 0 1 "Arrest"
0 150 43 230 170 2041 1 0 1 "Arrest"
0 150 43 230 170 2042 1 0 1 "Arrest"
0 150 43 230 170 2043 1 0 1 "Arrest"
0 150 43 230 170 2044 1 0 1 "Arrest"
0 150 43 230 170 2045 1 0 1 "Arrest"
0 150 43 229 170 2046 1 0 1 "Arrest"
0 150 43 229 170 2047 1 0 1 "Arrest"
0 150 43 229 170 2048 1 0 1 "Arrest"
0 150 43 229 170 2049 1 0 1 "Arrest"
0 150 43 229 170 2050 1 0 1 "Arrest"
0 150 43 229 170 2051 1 0 1 "Arrest"
0 150 43 229 170 2052 1 0 1 "Arrest"
0 150 43 229 170 2053 1 0 1 "Arrest"
0 150 43 229 170 2054 1 0 1 "Arrest"
0 150 43 229 170 2055 1 0 1 "Arrest"
0 150 43 229 170 2056 1 0 1 "Arrest"
0 150 43 229 170 2057 1 0 1 "Arrest"
0 150 43 229 170 2058 1 0 1 "Arrest"
0 150 43 229 170 2059 1 0 1 "Arrest"
0 150 43 229 170 2060 1 0 1 "Arrest"
0 150 43 229 170 2061 1 0 1 "Arrest"
0 150 43 229 170 2062 1 0 1 "Arrest"
0 150 43 229 170 2063 1 0 1 "Arrest"
0 150 43 229 170 2064 1 0 1 "Arrest"
0 150 43 229 170 2065 1 0 1 "Arrest"
0 150 43 229 170 2066 1 0 1 "Arrest"
0 150 43 229 170 2067 1 0 1 "Arrest"
0 150 43 229 170 2068 1 0 1 "Arrest"
0 150 43 229 170 2069 1 0 1 "Arrest"
0 150 43 229 170 2070 1 0 1 "Arrest"
0 150 43 229 170 2071 1 0 1 "Arrest"
0 150 43 229 170 2072 1 0 1 "Arrest"
0 150 43 229 170 2073 1 0 1 "Arrest"
0 150 43 229 170 2074 1 0 1 "Arrest"
0 150 43 229 170 2075 1 0 1 "Arrest"
0 150 43 228 170 2076 1 0 1 "Arrest"
0 150 43 228 170 2077 1 0 1 "Arrest"
0 150 43 228 170 2078 1 0 1 "Arrest"
0 150 43 228 170 2079 1 0 1 "Arrest"
0 150 43 228 170 2080 1 0 1 "Arrest"
0 150 43 228 170 2081 1 0 1 "Arrest"
0 150 43 228 170 2082 1 0 1 "Arrest"
0 150 43 228 170 2083 1 0 1 "Arrest"
0 150 43 228 170 2084 1 0 1 "Arrest"
0 150 43 228 170 2085 1 0 1 "Arrest"
0 150 43 228 170 2086 1 0 1 "Arrest"
0 150 43 228 170 2087 1 0 1 "Arrest"
0 150 43 228 170 2088 1 0 1 "Arrest"
0 150 43 228 170 2089 1 0 1 "Arrest"
0 150 43 228 170 2090 1 0 1 "Arrest"
0 150 43 228 170 2091 1 0 1 "Arrest"
0 150 43 228 170 2092 1 0 1 "Arrest"
0 150 43 228 170 2093 1 0 1 "Arrest"
0 150 43 228 170 2094 1 0 1 "Arrest"
0 150 43 228 170 2095 1 0 1 "Arrest"
0 150 43 228 170 2096 1 0 1 "Arrest"
0 150 43 228 170 2097 1 0 1 "Arrest"
0 150 43 228 170 2098 1 0 1 "Arrest"
0 150 43 228 170 2099 1 0 1 "Arrest"
0 150 43 228 170 2100 1 0 1 "Arrest"
0 150 43 228 170 2101 1 0 1 "Arrest"
0 150 43 228 170 2102 1 0 1 "Arrest"
0 150 43 228 170 2103 1 0 1 "Arrest"
0 150 43 228 170 2104 1 0 1 "Arrest"
0 150 43 227 170 2105 1 0 1 "Arrest"
0 150 43 227 170 2106 1 0 1 "Arrest"
0 150 43 227 170 2107 1 0 1 "Arrest"
0 150 43 227 170 2108 1 0 1 "Arrest"
0 150 43 227 170 2109 1 0 1 "Arrest"
0 150 43 227 170 2110 1 0 1 "Arrest"
0 150 43 227 170 2111 1 0 1 "Arrest"
0 150 43 227 170 2112 1 0 1 "Arrest"
0 150 43 227 170 2113 1 0 1 "Arrest"
0 150 43 227 170 2114 1 0 1 "Arrest"
0 150 43 227 170 2115 1 0 1 "Arrest"
0 150 43 227 170 2116 1 0 1 "Arrest"
0 150 43 227 170 2117 1 0 1 "Arrest"
0 150 43 227 170 2118 1 0 1 "Arrest"
0 150 43 227 170 2119 1 0 1 "Arrest"
0 150 43 227 170 2120 1 0 1 "Arrest"
0 150 43 227 170 2121 1 0 1 "Arrest"
0 150 43 227 170 2122 1 0 1 "Arrest"
0 150 43 227 170 2123 1 0 1 "Arrest"
0 150 43 227 170 2124 1 0 1 "Arrest"
0 150 43 227 170 2125 1 0 1 "Arrest"
0 150 43 227 170 2126 1 0 1 "Arrest"
0 150 43 227 170 2127 1 0 1 "Arrest"
0 150 43 227 170 2128 1 0 1 "Arrest"
0 150 43 227 170 2129 1 0 1 "Arrest"
0 150 43 227 170 2130 1 0 1 "Arrest"
0 150 43 227 170 2131 1 0 1 "Arrest"
0 150 43 227 170 2132 1 0 1 "Arrest"
0 150 43 227 170 2133 1 0 1 "Arrest"
0 150 43 227 170 2134 1 0 1 "Arrest"
0 150 43 226 170 2135 1 0 1 "Arrest"
0 150 43 226 170 2136 1 0 1 "Arrest"
0 150 43 226 170 2137 1 0 1 "Arrest"
0 150 43 226 170 2138 1 0 1 "Arrest"
0 150 43 226 170 2139 1 0 1 "Arrest"
0 150 43 226 170 2140 1 0 1 "Arrest"
0 150 43 226 170 2141 1 0 1 "Arrest"
0 150 43 226 170 2142 1 0 1 "Arrest"
0 150 43 226 170 2143 1 0 1 "Arrest"
0 150 43 226 170 2144 1 0 1 "Arrest"
0 150 43 226 170 2145 1 0 1 "Arrest"
0 150 43 226 170 2146 1 0 1 "Arrest"
0 150 43 226 170 2147 1 0 1 "Arrest"
0 150 43 226 170 2148 1 0 1 "Arrest"
0 150 43 226 170 2149 1 0 1 "Arrest"
0 150 43 226 170 2150 1 0 1 "Arrest"
0 150 43 226 170 2151 1 0 1 "Arrest"
0 150 43 226 170 2152 1 0 1 "Arrest"
0 150 43 226 170 2153 1 0 1 "Arrest"
0 150 43 226 170 2154 1 0 1 "Arrest"
0 150 43 226 170 2155 1 0 1 "Arrest"
0 150 43 226 170 2156 1 0 1 "Arrest"
0 150 43 226 170 2157 1 0 1 "Arrest"
0 150 43 226 170 2158 1 0 1 "Arrest"
0 150 43 226 170 2159 1 0 1 "Arrest"
0 150 43 226 170 2160 1 0 1 "Arrest"
0 150 43 226 170 2161 1 0 1 "Arrest"
0 150 43 226 170 2162 1 0 1 "Arrest"
0 150 43 226 170 2163 1 0 1 "Arrest"
0 151 43 226 171 2164 0 0 0 "Arrest"
0 149 43 224 171 2165 0 0 1 "Arrest"
0 148 43 223 171 2166 0 0 1 "Arrest"
0 147 43 222 171 2167 0 0 0 "Arrest"
0 145 43 220 171 2168 0 0 1 "Arrest"
0 144 43 219 171 2169 0 0 1 "Arrest"
0 143 44 218 172 2170 0 0 0 "Arrest"
0 142 43 217 171 2171 0 0 1 "Arrest"
0 141 43 216 171 2172 0 0 1 "Arrest"
0 140 43 215 171 2173 0 0 1 "Arrest"
0 140 43 215 171 2174 0 0 0 "Arrest"
0 136 43 211 171 2175 0 0 1 "Arrest"
0 132 43 207 171 2176 0 0 1 "Arrest"
0 129 43 204 171 2177 0 0 0 "Arrest"
0 127 43 202 171 2178 0 0 1 "Arrest"
0 125 43 200 171 2179 0 0 1 "Arrest"
0 123 43 198 171 2180 0 0 1 "Arrest"
0 121 44 196 172 2181 0 0 0 "Arrest"
0 119 44 194 172 2182 0 0 1 "Arrest"
0 117 45 192 173 2183 0 0 1 "Arrest"
0 115 46 190 174 2184 0 0 0 "Arrest"
0 113 45 188 173 2185 0 0 1 "Arrest"
0 112 45 187 173 2186 0 0 1 "Arrest"
0 110 45 185 173 2187 0 0 1 "Arrest"
0 109 45 184 173 2188 0 0 1 "Arrest"
0 108 45 183 173 2189 0 0 0 "Arrest"
0 105 45 180 173 2190 0 0 1 "Arrest"
0 102 45 177 173 2191 0 0 1 "Arrest"
0 100 46 175 174 2192 0 0 0 "Arrest"
0 99 46 174 174 2193 0 0 1 "Arrest"
0 98 46 173 174 2194 0 0 1 "Arrest"
0 97 46 172 174 2195 0 0 0 "Arrest"
0 95 46 170 174 2196 0 0 1 "Arrest"
0 94 46 169 174 2197 0 0 1 "Arrest"
0 92 47 167 175 2198 0 0 1 "Arrest"
0 91 47 166 175 2199 0 0 1 "Arrest"
0 90 48 165 176 2200 0 0 0 "Arrest"
0 88 48 163 176 2201 0 0 1 "Arrest"
0 86 48 161 176 2202 0 0 1 "Arrest"
0 85 48 160 176 2203 0 0 0 "Arrest"
0 83 47 158 175 2204 0 0 1 "Arrest"
0 82 47 157 175 2205 0 0 1 "Arrest"
0 80 46 155 174 2206 0 0 1 "Arrest"
0 79 46 154 174 2207 0 0 0 "Arrest"
0 78 46 153 174 2208 0 0 1 "Arrest"
0 78 46 153 174 2209 0 0 1 "Arrest"
0 78 47 153 175 2210 0 0 1 "Arrest"
0 77 47 152 175 2211 0 0 1 "Arrest"
0 77 48 152 176 2212 0 0 1 "Arrest"
0 77 48 152 176 2213 0 0 1 "Arrest"
0 76 49 151 177 2214 0 0 1 "Arrest"
0 76 49 151 177 2215 0 0 1 "Arrest"
0 76 50 151 178 2216 0 0 0 "Arrest"
0 76 48 153 177 2217 0 0 1 "Arrest"
0 76 47 156 177 2218 0 0 1 "Arrest"
0 76 45 158 177 2219 0 0 1 "Arrest"
0 76 44 161 177 2220 0 0 1 "Arrest"
0 76 42 163 177 2221 0 0 1 "Arrest"
0 76 41 166 177 2222 0 0 1 "Arrest"
0 76 39 168 177 2223 0 0 1 "Arrest"
0 76 38 171 177 2224 0 0 1 "Arrest"
0 76 36 173 177 2225 0 0 1 "Arrest"
0 76 35 176 177 2226 0 0 1 "Arrest"
0 76 33 178 177 2227 0 0 1 "Arrest"
0 76 32 181 177 2228 0 0 1 "Arrest"
0 76 30 183 177 2229 0 0 1 "Arrest"
0 76 29 186 177 2230 0 0 0 "Arrest"
0 76 29 185 176 2231 0 0 1 "Arrest"
0 76 29 184 176 2232 0 0 1 "Arrest"
0 76 30 183 176 2233 0 0 1 "Arrest"
0 76 30 182 175 2234 0 0 1 "Arrest"
0 76 31 181 175 2235 0 0 1 "Arrest"
0 76 31 181 175 2236 0 0 1 "Arrest"
0 76 32 180 175 2237 0 0 1 "Arrest"
0 76 32 179 174 2238 0 0 1 "Arrest"
0 76 33 178 174 2239 0 0 1 "Arrest"
0 76 33 177 174 2240 0 0 1 "Arrest"
0 76 34 177 174 2241 0 0 1 "Arrest"
0 76 34 176 173 2242 0 0 1 "Arrest"
0 76 35 175 173 2243 0 0 1 "Arrest"
0 76 35 174 173 2244 0 0 1 "Arrest"
0 76 36 173 173 2245 0 0 1 "Arrest"
0 76 36 173 172 2246 0 0 1 "Arrest"
0 76 36 172 172 2247 0 0 1 "Arrest"
0 76 37 171 172 2248 0 0 1 "Arrest"
0 76 37 170 172 2249 0 0 1 "Arrest"
0 76 38 169 171 2250 0 0 1 "Arrest"
0 76 38 169 171 2251 0 0 1 "Arrest"
0 76 39 168 171 2252 0 0 1 "Arrest"
0 76 39 167 171 2253 0 0 1 "Arrest"
0 76 40 166 170 2254 0 0 1 "Arrest"
0 76 40 165 170 2255 0 0 1 "Arrest"
0 76 41 164 170 2256 0 0 1 "Arrest"
0 76 41 164 170 2257 0 0 1 "Arrest"
0 76 42 163 169 2258 0 0 1 "Arrest"
0 76 42 162 169 2259 0 0 1 "Arrest"
0 76 43 161 169 2260 0 0 1 "Arrest"
0 76 43 160 169 2261 0 0 1 "Arrest"
0 76 43 160 168 2262 0 0 1 "Arrest"
0 76 44 159 168 2263 0 0 1 "Arrest"
0 76 44 158 168 2264 0 0 1 "Arrest"
0 76 45 157 168 2265 0 0 1 "Arrest"
0 76 45 156 167 2266 0 0 1 "Arrest"
0 76 46 156 167 2267 0 0 1 "Arrest"
0 76 46 155 167 2268 0 0 1 "Arrest"
0 76 47 154 167 2269 0 0 1 "Arrest"
0 76 47 153 166 2270 0 0 1 "Arrest"
0 76 48 152 166 2271 0 0 1 "Arrest"
0 76 48 152 166 2272 0 0 1 "Arrest"
0 76 49 151 166 2273 0 0 1 "Arrest"
0 76 49 150 165 2274 0 0 1 "Arrest"
0 76 50 149 165 2275 0 0 1 "Arrest"
0 76 50 148 165 2276 0 0 1 "Arrest"
0 76 51 148 165 2277 0 0 0 "Arrest"
0 76 51 148 165 2278 0 0 1 "Arrest"
0 77 51 149 165 2279 0 0 1 "Arrest"
0 77 51 149 165 2280 0 0 1 "Arrest"
0 78 51 150 165 2281 0 0 1 "Arrest"
0 78 51 150 165 2282 0 0 1 "Arrest"
0 79 51 151 165 2283 0 0 1 "Arrest"
0 79 51 151 165 2284 0 0 1 "Arrest"
0 80 51 152 165 2285 0 0 1 "Arrest"
0 80 51 152 165 2286 0 0 1 "Arrest"
0 81 52 153 166 2287 0 0 0 "Arrest"
0 81 52 152 165 2288 0 0 1 "Arrest"
0 82 52 152 164 2289 0 0 1 "Arrest"
0 82 52 151 163 2290 0 0 1 "Arrest"
0 83 52 151 162 2291 0 0 1 "Arrest"
0 83 53 151 161 2292 0 0 1 "Arrest"
0 84 53 150 160 2293 0 0 1 "Arrest"
0 84 53 150 159 2294 0 0 1 "Arrest"
0 85 53 149 158 2295 0 0 1 "Arrest"
0 85 53 149 157 2296 0 0 1 "Arrest"
0 86 54 149 157 2297 1 0 0 "Arrest"
0 86 54 149 157 2298 1 0 1 "Arrest"
0 86 54 149 157 2299 1 0 1 "Arrest"
0 86 54 149 157 2300 1 0 1 "Arrest"
0 86 54 149 157 2301 1 0 1 "Arrest"
0 86 54 149 157 2302 1 0 1 "Arrest"
0 86 54 149 157 2303 1 0 1 "Arrest"
0 86 54 149 157 2304 1 0 1 "Arrest"
0 86 54 149 157 2305 1 0 1 "Arrest"
0 86 54 149 157 2306 1 0 1 "Arrest"
0 86 54 149 157 2307 1 0 1 "Arrest"
0 86 54 149 157 2308 1 0 1 "Arrest"
0 86 54 149 157 2309 1 0 1 "Arrest"
0 86 54 149 157 2310 1 0 1 "Arrest"
0 86 54 149 157 2311 1 0 1 "Arrest"
0 86 54 149 157 2312 1 0 1 "Arrest"
0 86 54 149 157 2313 1 0 1 "Arrest"
0 86 54 149 157 2314 1 0 1 "Arrest"
0 86 54 149 157 2315 1 0 1 "Arrest"
0 86 54 149 157 2316 1 0 1 "Arrest"
0 86 54 149 157 2317 1 0 0 "Arrest"
0 86 53 149 157 2318 1 0 1 "Arrest"
0 86 53 150 157 2319 1 0 1 "Arrest"
0 86 53 150 157 2320 1 0 1 "Arrest"
0 87 53 151 157 2321 1 0 1 "Arrest"
0 87 53 152 157 2322 1 0 1 "Arrest"
0 87 53 152 157 2323 1 0 1 "Arrest"
0 88 53 153 157 2324 1 0 1 "Arrest"
0 88 53 154 157 2325 1 0 1 "Arrest"
0 88 53 154 157 2326 1 0 1 "Arrest"
0 89 53 155 157 2327 1 0 1 "Arrest"
0 89 53 156 157 2328 1 0 1 "Arrest"
0 89 53 156 157 2329 1 0 1 "Arrest"
0 90 53 157 157 2330 1 0 1 "Arrest"
0 90 53 158 157 2331 1 0 1 "Arrest"
0 90 53 158 157 2332 1 0 1 "Arrest"
0 91 53 159 157 2333 1 0 1 "Arrest"
0 91 53 160 158 2334 1 0 1 "Arrest"
0 91 53 160 158 2335 1 0 1 "Arrest"
0 92 53 161 158 2336 1 0 1 "Arrest"
0 92 53 161 158 2337 1 0 1 "Arrest"
0 92 53 162 158 2338 1 0 1 "Arrest"
0 92 53 163 158 2339 1 0 1 "Arrest"
0 93 53 163 158 2340 1 0 1 "Arrest"
0 93 53 164 158 2341 1 0 1 "Arrest"
0 93 53 165 158 2342 1 0 1 "Arrest"
0 94 53 165 158 2343 1 0 1 "Arrest"
0 94 53 166 158 2344 1 0 1 "Arrest"
0 94 53 167 158 2345 1 0 1 "Arrest"
0 95 53 167 158 2346 1 0 1 "Arrest"
0 95 53 168 158 2347 1 0 1 "Arrest"
0 95 53 169 158 2348 1 0 1 "Arrest"
0 96 53 169 158 2349 1 0 1 "Arrest"
0 96 53 170 159 2350 1 0 1 "Arrest"
0 96 53 171 159 2351 1 0 1 "Arrest"
0 97 53 171 159 2352 1 0 1 "Arrest"
0 97 52 172 159 2353 1 0 1 "Arrest"
0 97 52 173 159 2354 1 0 1 "Arrest"
0 98 52 173 159 2355 1 0 1 "Arrest"
0 98 52 174 159 2356 1 0 1 "Arrest"
0 98 52 174 159 2357 1 0 1 "Arrest"
0 98 52 175 159 2358 1 0 1 "Arrest"
0 99 52 176 159 2359 1 0 1 "Arrest"
0 99 52 176 159 2360 1 0 1 "Arrest"
0 99 52 177 159 2361 1 0 1 "Arrest"
0 100 52 178 159 2362 1 0 1 "Arrest"
0 100 52 178 159 2363 1 0 1 "Arrest"
0 100 52 179 159 2364 1 0 1 "Arrest"
0 101 52 180 159 2365 1 0 1 "Arrest"
0 101 52 180 160 2366 1 0 1 "Arrest"
0 101 52 181 160 2367 1 0 1 "Arrest"
0 102 52 182 160 2368 1 0 1 "Arrest"
0 102 52 182 160 2369 1 0 1 "Arrest"
0 102 52 183 160 2370 1 0 1 "Arrest"
0 103 52 184 160 2371 1 0 1 "Arrest"
0 103 52 184 160 2372 1 0 1 "Arrest"
0 103 52 185 160 2373 1 0 1 "Arrest"
0 104 52 186 160 2374 1 0 1 "Arrest"
0 104 52 186 160 2375 1 0 1 "Arrest"
0 104 52 187 160 2376 1 0 1 "Arrest"
0 104 52 187 160 2377 1 0 1 "Arrest"
0 105 52 188 160 2378 1 0 1 "Arrest"
0 105 52 189 160 2379 1 0 1 "Arrest"
0 105 52 189 160 2380 1 0 1 "Arrest"
0 106 52 190 160 2381 1 0 1 "Arrest"
0 106 52 191 161 2382 1 0 1 "Arrest"
0 106 52 191 161 2383 1 0 1 "Arrest"
0 107 52 192 161 2384 1 0 1 "Arrest"
0 107 52 193 161 2385 1 0 1 "Arrest"
0 107 52 193 161 2386 1 0 1 "Arrest"
0 108 52 194 161 2387 1 0 1 "Arrest"
0 108 51 195 161 2388 1 0 1 "Arrest"
0 108 51 195 161 2389 1 0 1 "Arrest"
0 109 51 196 161 2390 1 0 1 "Arrest"
0 109 51 197 161 2391 1 0 1 "Arrest"
0 109 51 197 161 2392 1 0 1 "Arrest"
0 110 51 198 161 2393 1 0 1 "Arrest"
0 110 51 199 161 2394 1 0 1 "Arrest"
0 110 51 199 161 2395 1 0 1 "Arrest"
0 110 51 200 161 2396 1 0 1 "Arrest"
0 111 51 200 161 2397 1 0 1 "Arrest"
0 111 51 201 162 2398 1 0 1 "Arrest"
0 111 51 202 162 2399 1 0 1 "Arrest"
0 112 51 202 162 2400 1 0 1 "Arrest"
0 112 51 203 162 2401 1 0 1 "Arrest"
0 112 51 204 162 2402 1 0 1 "Arrest"
0 113 51 204 162 2403 1 0 1 "Arrest"
0 113 51 205 162 2404 1 0 1 "Arrest"
0 113 51 206 162 2405 1 0 1 "Arrest"
0 114 51 206 162 2406 1 0 1 "Arrest"
0 114 51 207 162 2407 1 0 1 "Arrest"
0 114 51 208 162 2408 1 0 1 "Arrest"
0 115 51 208 162 2409 1 0 1 "Arrest"
0 115 51 209 162 2410 1 0 1 "Arrest"
0 115 51 210 162 2411 1 0 1 "Arrest"
0 116 51 210 162 2412 1 0 1 "Arrest"
0 116 51 211 162 2413 1 0 1 "Arrest"
0 116 51 212 163 2414 1 0 1 "Arrest"
0 117 51 212 163 2415 1 0 1 "Arrest"
0 117 51 213 163 2416 1 0 1 "Arrest"
0 117 51 213 163 2417 1 0 1 "Arrest"
0 117 51 214 163 2418 1 0 1 "Arrest"
0 118 51 215 163 2419 1 0 1 "Arrest"
0 118 51 215 163 2420 1 0 1 "Arrest"
0 118 51 216 163 2421 1 0 1 "Arrest"
0 119 51 217 163 2422 1 0 1 "Arrest"
0 119 51 217 163 2423 1 0 1 "Arrest"
0 119 50 218 163 2424 1 0 1 "Arrest"
0 120 50 219 163 2425 1 0 1 "Arrest"
0 120 50 219 163 2426 1 0 1 "Arrest"
0 120 50 220 163 2427 1 0 1 "Arrest"
0 121 50 221 163 2428 1 0 1 "Arrest"
0 121 50 221 163 2429 1 0 1 "Arrest"
0 121 50 222 164 2430 1 0 1 "Arrest"
0 122 50 223 164 2431 1 0 1 "Arrest"
0 122 50 223 164 2432 1 0 1 "Arrest"
0 122 50 224 164 2433 1 0 1 "Arrest"
0 123 50 225 164 2434 1 0 1 "Arrest"
0 123 50 225 164 2435 1 0 1 "Arrest"
0 123 50 226 164 2436 1 0 1 "Arrest"
0 123 50 226 164 2437 1 0 1 "Arrest"
0 124 50 227 164 2438 1 0 1 "Arrest"
0 124 50 228 164 2439 1 0 1 "Arrest"
0 124 50 228 164 2440 1 0 1 "Arrest"
0 125 50 229 164 2441 1 0 1 "Arrest"
0 125 50 230 164 2442 1 0 1 "Arrest"
0 125 50 230 164 2443 1 0 1 "Arrest"
0 126 50 231 164 2444 1 0 1 "Arrest"
0 126 50 232 164 2445 1 0 1 "Arrest"
0 126 50 232 165 2446 1 0 1 "Arrest"
0 127 50 233 165 2447 1 0 1 "Arrest"
0 127 50 234 165 2448 1 0 1 "Arrest"
0 127 50 234 165 2449 1 0 1 "Arrest"
0 128 50 235 165 2450 1 0 1 "Arrest"
0 128 50 236 165 2451 1 0 1 "Arrest"
0 128 50 236 165 2452 1 0 1 "Arrest"
0 129 50 237 165 2453 1 0 1 "Arrest"
0 129 50 238 165 2454 1 0 1 "Arrest"
0 129 50 238 165 2455 1 0 1 "Arrest"
0 129 50 239 165 2456 1 0 1 "Arrest"
0 130 50 239 165 2457 1 0 1 "Arrest"
0 130 50 240 165 2458 1 0 1 "Arrest"
0 130 49 241 165 2459 1 0 1 "Arrest"
0 131 49 241 165 2460 1 0 1 "Arrest"
0 131 49 242 165 2461 1 0 1 "Arrest"
0 131 49 243 166 2462 1 0 1 "Arrest"
0 132 49 243 166 2463 1 0 1 "Arrest"
0 132 49 244 166 2464 1 0 1 "Arrest"
0 132 49 245 166 2465 1 0 1 "Arrest"
0 133 49 245 166 2466 1 0 1 "Arrest"
0 133 49 246 166 2467 1 0 1 "Arrest"
0 133 49 247 166 2468 1 0 1 "Arrest"
0 134 49 247 166 2469 1 0 1 "Arrest"
0 134 49 248 166 2470 1 0 1 "Arrest"
0 134 49 249 166 2471 1 0 1 "Arrest"
0 135 49 249 166 2472 1 0 1 "Arrest"
0 135 49 250 166 2473 1 0 1 "Arrest"
0 135 49 251 166 2474 1 0 1 "Arrest"
0 135 49 251 166 2475 1 0 1 "Arrest"
0 136 49 252 166 2476 1 0 1 "Arrest"
0 136 49 252 166 2477 1 0 1 "Arrest"
0 136 49 253 167 2478 1 0 1 "Arrest"
0 137 49 254 167 2479 1 0 1 "Arrest"
0 137 49 254 167 2480 1 0 1 "Arrest"
0 137 49 255 167 2481 1 0 1 "Arrest"
0 138 49 256 167 2482 1 0 1 "Arrest"
0 138 49 256 167 2483 1 0 1 "Arrest"
0 138 49 257 167 2484 1 0 1 "Arrest"
0 139 49 258 167 2485 1 0 1 "Arrest"
0 139 49 258 167 2486 1 0 1 "Arrest"
0 139 49 259 167 2487 1 0 1 "Arrest"
0 140 49 260 167 2488 1 0 1 "Arrest"
0 140 49 260 167 2489 1 0 1 "Arrest"
0 140 49 261 167 2490 1 0 1 "Arrest"
0 141 49 262 167 2491 1 0 1 "Arrest"
0 141 49 262 167 2492 1 0 1 "Arrest"
0 141 49 263 167 2493 1 0 1 "Arrest"
0 142 49 264 168 2494 1 0 0 "Arrest"
