0 135 28 225 169 0 1 0 0 "Arrest"
0 134 28 224 169 1 1 0 1 "Arrest"
0 134 28 224 169 2 1 0 1 "Arrest"
0 134 28 224 169 3 1 0 1 "Arrest"
0 134 28 224 169 4 1 0 1 "Arrest"
0 134 28 224 169 5 1 0 1 "Arrest"
0 134 28 224 169 6 1 0 1 "Arrest"
0 134 28 224 169 7 1 0 1 "Arrest"
0 134 28 224 169 8 1 0 1 "Arrest"
0 134 28 224 169 9 1 0 1 "Arrest"
0 134 28 224 169 10 1 0 1 "Arrest"
0 134 28 224 169 11 1 0 1 "Arrest"
0 134 28 224 169 12 1 0 1 "Arrest"
0 134 28 224 169 13 1 0 1 "Arrest"
0 134 28 224 169 14 1 0 1 "Arrest"
0 134 28 224 169 15 1 0 1 "Arrest"
0 134 28 224 169 16 1 0 1 "Arrest"
0 134 28 224 169 17 1 0 1 "Arrest"
0 134 28 224 169 18 1 0 1 "Arrest"
0 134 28 224 169 19 1 0 1 "Arrest"
0 134 28 224 169 20 1 0 1 "Arrest"
0 134 28 224 169 21 1 0 1 "Arrest"
0 134 28 224 169 22 1 0 1 "Arrest"
0 134 28 224 169 23 1 0 1 "Arrest"
0 134 28 224 169 24 1 0 1 "Arrest"
0 134 28 224 169 25 1 0 1 "Arrest"
0 134 28 224 169 26 1 0 1 "Arrest"
0 134 28 224 169 27 1 0 1 "Arrest"
0 134 28 224 169 28 1 0 1 "Arrest"
0 134 28 224 169 29 1 0 1 "Arrest"
0 134 28 224 169 30 1 0 1 "Arrest"
0 134 28 224 169 31 1 0 1 "Arrest"
0 134 28 224 169 32 1 0 1 "Arrest"
0 134 28 224 169 33 1 0 1 "Arrest"
0 134 28 224 169 34 1 0 1 "Arrest"
0 134 28 224 169 35 1 0 1 "Arrest"
0 134 28 224 169 36 1 0 1 "Arrest"
0 134 28 224 169 37 1 0 1 "Arrest"
0 134 28 224 169 38 1 0 1 "Arrest"
0 134 28 224 169 39 1 0 1 "Arrest"
0 134 28 224 169 40 1 0 1 "Arrest"
0 134 28 224 169 41 1 0 1 "Arrest"
0 134 28 224 169 42 1 0 1 "Arrest"
0 134 28 224 169 43 1 0 1 "Arrest"
0 134 28 224 169 44 1 0 1 "Arrest"
0 134 28 224 169 45 1 0 1 "Arrest"
0 134 28 224 169 46 1 0 1 "Arrest"
0 134 28 224 169 47 1 0 1 "Arrest"
0 134 28 224 169 48 1 0 1 "Arrest"
0 134 28 224 169 49 1 0 1 "Arrest"
0 134 28 224 169 50 1 0 1 "Arrest"
0 134 28 224 169 51 1 0 1 "Arrest"
0 134 28 224 169 52 1 0 1 "Arrest"
0 134 28 224 169 53 1 0 1 "Arrest"
0 134 28 224 169 54 1 0 1 "Arrest"
0 134 28 224 169 55 1 0 1 "Arrest"
0 133 28 224 169 56 1 0 1 "Arrest"
0 133 28 224 169 57 1 0 1 "Arrest"
0 133 28 224 169 58 1 0 1 "Arrest"
0 133 28 224 169 59 1 0 1 "Arrest"
0 133 28 224 169 60 1 0 1 "Arrest"
0 133 28 224 169 61 1 0 1 "Arrest"
0 133 28 224 169 62 1 0 1 "Arrest"
0 133 28 224 169 63 1 0 1 "Arrest"
0 133 28 224 169 64 1 0 1 "Arrest"
0 133 28 224 169 65 1 0 1 "Arrest"
0 133 28 224 169 66 1 0 1 "Arrest"
0 133 28 224 169 67 1 0 1 "Arrest"
0 133 28 224 169 68 1 0 1 "Arrest"
0 133 28 224 169 69 1 0 1 "Arrest"
0 133 28 224 169 70 1 0 1 "Arrest"
0 133 28 224 169 71 1 0 1 "Arrest"
0 133 28 224 169 72 1 0 1 "Arrest"
0 133 28 224 169 73 1 0 1 "Arrest"
0 133 28 224 169 74 1 0 1 "Arrest"
0 133 28 224 169 75 1 0 1 "Arrest"
0 133 28 224 169 76 1 0 1 "Arrest"
0 133 28 224 169 77 1 0 1 "Arrest"
0 133 28 224 169 78 1 0 1 "Arrest"
0 133 28 224 169 79 1 0 1 "Arrest"
0 133 28 224 169 80 1 0 1 "Arrest"
0 133 28 224 169 81 1 0 1 "Arrest"
0 133 28 224 169 82 1 0 1 "Arrest"
0 133 28 224 169 83 1 0 1 "Arrest"
0 133 28 224 170 84 1 0 1 "Arrest"
0 133 28 224 170 85 1 0 1 "Arrest"
0 133 28 224 170 86 1 0 1 "Arrest"
0 133 28 224 170 87 1 0 1 "Arrest"
0 133 28 224 170 88 1 0 1 "Arrest"
0 133 28 224 170 89 1 0 1 "Arrest"
0 133 28 224 170 90 1 0 1 "Arrest"
0 133 28 224 170 91 1 0 1 "Arrest"
0 133 28 224 170 92 1 0 1 "Arrest"
0 133 28 224 170 93 1 0 1 "Arrest"
0 133 28 224 170 94 1 0 1 "Arrest"
0 133 28 224 170 95 1 0 1 "Arrest"
0 133 28 224 170 96 1 0 1 "Arrest"
0 133 28 224 170 97 1 0 1 "Arrest"
0 133 28 224 170 98 1 0 1 "Arrest"
0 133 28 224 170 99 1 0 1 "Arrest"
0 133 28 224 170 100 1 0 1 "Arrest"
0 133 28 224 170 101 1 0 1 "Arrest"
0 133 28 224 170 102 1 0 1 "Arrest"
0 133 28 224 170 103 1 0 1 "Arrest"
0 133 28 224 170 104 1 0 1 "Arrest"
0 133 28 224 170 105 1 0 1 "Arrest"
0 133 28 224 170 106 1 0 1 "Arrest"
0 133 28 224 170 107 1 0 1 "Arrest"
0 133 28 224 170 108 1 0 1 "Arrest"
0 133 28 224 170 109 1 0 1 "Arrest"
0 133 28 224 170 110 1 0 1 "Arrest"
0 133 28 224 170 111 1 0 1 "Arrest"
0 132 28 224 170 112 1 0 1 "Arrest"
0 132 28 224 170 113 1 0 1 "Arrest"
0 132 28 224 170 114 1 0 1 "Arrest"
0 132 28 224 170 115 1 0 1 "Arrest"
0 132 28 224 170 116 1 0 1 "Arrest"
0 132 28 224 170 117 1 0 1 "Arrest"
0 132 28 224 170 118 1 0 1 "Arrest"
0 132 28 224 170 119 1 0 1 "Arrest"
0 132 28 224 170 120 1 0 1 "Arrest"
0 132 28 224 170 121 1 0 1 "Arrest"
0 132 28 224 170 122 1 0 1 "Arrest"
0 132 28 224 170 123 1 0 1 "Arrest"
0 132 28 224 170 124 1 0 1 "Arrest"
0 132 28 224 170 125 1 0 1 "Arrest"
0 132 28 224 170 126 1 0 1 "Arrest"
0 132 28 224 170 127 1 0 1 "Arrest"
0 132 28 224 170 128 1 0 1 "Arrest"
0 132 28 224 170 129 1 0 1 "Arrest"
0 132 28 224 170 130 1 0 1 "Arrest"
0 132 28 224 170 131 1 0 1 "Arrest"
0 132 28 224 170 132 1 0 1 "Arrest"
0 132 28 224 170 133 1 0 1 "Arrest"
0 132 28 224 170 134 1 0 1 "Arrest"
0 132 28 224 170 135 1 0 1 "Arrest"
0 132 28 224 170 136 1 0 1 "Arrest"
0 132 28 224 170 137 1 0 1 "Arrest"
0 132 28 224 170 138 1 0 1 "Arrest"
0 132 28 224 170 139 1 0 1 "Arrest"
0 132 28 224 170 140 1 0 1 "Arrest"
0 132 28 224 170 141 1 0 1 "Arrest"
0 132 28 224 170 142 1 0 1 "Arrest"
0 132 28 224 170 143 1 0 1 "Arrest"
0 132 28 224 170 144 1 0 1 "Arrest"
0 132 28 224 170 145 1 0 1 "Arrest"
0 132 28 224 170 146 1 0 1 "Arrest"
0 132 28 224 170 147 1 0 1 "Arrest"
0 132 28 224 170 148 1 0 1 "Arrest"
0 132 28 224 170 149 1 0 1 "Arrest"
0 132 28 224 170 150 1 0 1 "Arrest"
0 132 28 224 170 151 1 0 1 "Arrest"
0 132 28 224 170 152 1 0 1 "Arrest"
0 132 28 224 170 153 1 0 1 "Arrest"
0 132 28 224 170 154 1 0 1 "Arrest"
0 132 28 224 170 155 1 0 1 "Arrest"
0 132 28 224 170 156 1 0 1 "Arrest"
0 132 28 224 170 157 1 0 1 "Arrest"
0 132 28 224 170 158 1 0 1 "Arrest"
0 132 28 224 170 159 1 0 1 "Arrest"
0 132 28 224 170 160 1 0 1 "Arrest"
0 132 28 224 170 161 1 0 1 "Arrest"
0 132 28 224 170 162 1 0 1 "Arrest"
0 132 28 224 170 163 1 0 1 "Arrest"
0 132 28 224 170 164 1 0 1 "Arrest"
0 132 28 224 170 165 1 0 1 "Arrest"
0 132 28 224 170 166 1 0 1 "Arrest"
0 131 29 224 171 167 1 0 1 "Arrest"
0 131 29 224 171 168 1 0 1 "Arrest"
0 131 29 224 171 169 1 0 1 "Arrest"
0 131 29 224 171 170 1 0 1 "Arrest"
0 131 29 224 171 171 1 0 1 "Arrest"
0 131 29 224 171 172 1 0 1 "Arrest"
0 131 29 224 171 173 1 0 1 "Arrest"
0 131 29 224 171 174 1 0 1 "Arrest"
0 131 29 224 171 175 1 0 1 "Arrest"
0 131 29 224 171 176 1 0 1 "Arrest"
0 131 29 224 171 177 1 0 1 "Arrest"
0 131 29 224 171 178 1 0 1 "Arrest"
0 131 29 224 171 179 1 0 1 "Arrest"
0 131 29 224 171 180 1 0 1 "Arrest"
0 131 29 224 171 181 1 0 1 "Arrest"
0 131 29 224 171 182 1 0 1 "Arrest"
0 131 29 224 171 183 1 0 1 "Arrest"
0 131 29 224 171 184 1 0 1 "Arrest"
0 131 29 224 171 185 1 0 1 "Arrest"
0 131 29 224 171 186 1 0 1 "Arrest"
0 131 29 224 171 187 1 0 1 "Arrest"
0 131 29 224 171 188 1 0 1 "Arrest"
0 131 29 224 171 189 1 0 1 "Arrest"
0 131 29 224 171 190 1 0 1 "Arrest"
0 131 29 224 171 191 1 0 1 "Arrest"
0 131 29 224 171 192 1 0 1 "Arrest"
0 131 29 224 171 193 1 0 1 "Arrest"
0 131 29 224 171 194 1 0 1 "Arrest"
0 131 29 224 171 195 1 0 1 "Arrest"
0 131 29 224 171 196 1 0 1 "Arrest"
0 131 29 224 171 197 1 0 1 "Arrest"
0 131 29 224 171 198 1 0 1 "Arrest"
0 131 29 224 171 199 1 0 1 "Arrest"
0 131 29 224 171 200 1 0 1 "Arrest"
0 131 29 224 171 201 1 0 1 "Arrest"
0 131 29 224 171 202 1 0 1 "Arrest"
0 131 29 224 171 203 1 0 1 "Arrest"
0 131 29 224 171 204 1 0 1 "Arrest"
0 131 29 224 171 205 1 0 1 "Arrest"
0 131 29 224 171 206 1 0 1 "Arrest"
0 131 29 224 171 207 1 0 1 "Arrest"
0 131 29 224 171 208 1 0 1 "Arrest"
0 131 29 224 171 209 1 0 1 "Arrest"
0 131 29 224 171 210 1 0 1 "Arrest"
0 131 29 224 171 211 1 0 1 "Arrest"
0 131 29 224 171 212 1 0 1 "Arrest"
0 131 29 224 171 213 1 0 1 "Arrest"
0 131 29 224 171 214 1 0 1 "Arrest"
0 131 29 224 171 215 1 0 1 "Arrest"
0 131 29 224 171 216 1 0 1 "Arrest"
0 131 29 224 171 217 1 0 1 "Arrest"
0 131 29 224 171 218 1 0 1 "Arrest"
0 131 29 224 171 219 1 0 1 "Arrest"
0 131 29 224 171 220 1 0 1 "Arrest"
0 131 29 224 171 221 1 0 1 "Arrest"
0 131 29 224 171 222 1 0 1 "Arrest"
0 130 29 224 171 223 1 0 1 "Arrest"
0 130 29 224 171 224 1 0 1 "Arrest"
0 130 29 224 171 225 1 0 1 "Arrest"
0 130 29 224 171 226 1 0 1 "Arrest"
0 130 29 224 171 227 1 0 1 "Arrest"
0 130 29 224 171 228 1 0 1 "Arrest"
0 130 29 224 171 229 1 0 1 "Arrest"
0 130 29 224 171 230 1 0 1 "Arrest"
0 130 29 224 171 231 1 0 1 "Arrest"
0 130 29 224 171 232 1 0 1 "Arrest"
0 130 29 224 171 233 1 0 1 "Arrest"
0 130 29 224 171 234 1 0 1 "Arrest"
0 130 29 224 171 235 1 0 1 "Arrest"
0 130 29 224 171 236 1 0 1 "Arrest"
0 130 29 224 171 237 1 0 1 "Arrest"
0 130 29 224 171 238 1 0 1 "Arrest"
0 130 29 224 171 239 1 0 1 "Arrest"
0 130 29 224 171 240 1 0 1 "Arrest"
0 130 29 224 171 241 1 0 1 "Arrest"
0 130 29 224 171 242 1 0 1 "Arrest"
0 130 29 224 171 243 1 0 1 "Arrest"
0 130 29 224 171 244 1 0 1 "Arrest"
0 130 29 224 171 245 1 0 1 "Arrest"
0 130 29 224 171 246 1 0 1 "Arrest"
0 130 29 224 171 247 1 0 1 "Arrest"
0 130 29 224 171 248 1 0 1 "Arrest"
0 130 29 224 171 249 1 0 1 "Arrest"
0 130 29 224 172 250 1 0 1 "Arrest"
0 130 29 224 172 251 1 0 1 "Arrest"
0 130 29 224 172 252 1 0 1 "Arrest"
0 130 29 224 172 253 1 0 1 "Arrest"
0 130 29 224 172 254 1 0 1 "Arrest"
0 130 29 224 172 255 1 0 1 "Arrest"
0 130 29 224 172 256 1 0 1 "Arrest"
0 130 29 224 172 257 1 0 1 "Arrest"
0 130 29 224 172 258 1 0 1 "Arrest"
0 130 29 224 172 259 1 0 1 "Arrest"
0 130 29 224 172 260 1 0 1 "Arrest"
0 130 29 224 172 261 1 0 1 "Arrest"
0 130 29 224 172 262 1 0 1 "Arrest"
0 130 29 224 172 263 1 0 1 "Arrest"
0 130 29 224 172 264 1 0 1 "Arrest"
0 130 29 224 172 265 1 0 1 "Arrest"
0 130 29 224 172 266 1 0 1 "Arrest"
0 130 29 224 172 267 1 0 1 "Arrest"
0 130 29 224 172 268 1 0 1 "Arrest"
0 130 29 224 172 269 1 0 1 "Arrest"
0 130 29 224 172 270 1 0 1 "Arrest"
0 130 29 224 172 271 1 0 1 "Arrest"
0 130 29 224 172 272 1 0 1 "Arrest"
0 130 29 224 172 273 1 0 1 "Arrest"
0 130 29 224 172 274 1 0 1 "Arrest"
0 130 29 224 172 275 1 0 1 "Arrest"
0 130 29 224 172 276 1 0 1 "Arrest"
0 130 29 224 172 277 1 0 1 "Arrest"
0 129 29 224 172 278 1 0 1 "Arrest"
0 129 29 224 172 279 1 0 1 "Arrest"
0 129 29 224 172 280 1 0 1 "Arrest"
0 129 29 224 172 281 1 0 1 "Arrest"
0 129 29 224 172 282 1 0 1 "Arrest"
0 129 29 224 172 283 1 0 1 "Arrest"
0 129 29 224 172 284 1 0 1 "Arrest"
0 129 29 224 172 285 1 0 1 "Arrest"
0 129 29 224 172 286 1 0 1 "Arrest"
0 129 29 224 172 287 1 0 1 "Arrest"
0 129 29 224 172 288 1 0 1 "Arrest"
0 129 29 224 172 289 1 0 1 "Arrest"
0 129 29 224 172 290 1 0 1 "Arrest"
0 129 29 224 172 291 1 0 1 "Arrest"
0 129 29 224 172 292 1 0 1 "Arrest"
0 129 29 224 172 293 1 0 1 "Arrest"
0 129 29 224 172 294 1 0 1 "Arrest"
0 129 29 224 172 295 1 0 1 "Arrest"
0 129 29 224 172 296 1 0 1 "Arrest"
0 129 29 224 172 297 1 0 1 "Arrest"
0 129 29 224 172 298 1 0 1 "Arrest"
0 129 29 224 172 299 1 0 1 "Arrest"
0 129 29 224 172 300 1 0 1 "Arrest"
0 129 29 224 172 301 1 0 1 "Arrest"
0 129 29 224 172 302 1 0 1 "Arrest"
0 129 29 224 172 303 1 0 1 "Arrest"
0 129 29 224 172 304 1 0 1 "Arrest"
0 129 29 224 172 305 1 0 1 "Arrest"
0 129 29 224 172 306 1 0 1 "Arrest"
0 129 29 224 172 307 1 0 1 "Arrest"
0 129 29 224 172 308 1 0 1 "Arrest"
0 129 29 224 172 309 1 0 1 "Arrest"
0 129 29 224 172 310 1 0 1 "Arrest"
0 129 29 224 172 311 1 0 1 "Arrest"
0 129 29 224 172 312 1 0 1 "Arrest"
0 129 29 224 172 313 1 0 1 "Arrest"
0 129 29 224 172 314 1 0 1 "Arrest"
0 129 29 224 172 315 1 0 1 "Arrest"
0 129 29 224 172 316 1 0 1 "Arrest"
0 129 29 224 172 317 1 0 1 "Arrest"
0 129 29 224 172 318 1 0 1 "Arrest"
0 129 29 224 172 319 1 0 1 "Arrest"
0 129 29 224 172 320 1 0 1 "Arrest"
0 129 29 224 172 321 1 0 1 "Arrest"
0 129 29 224 172 322 1 0 1 "Arrest"
0 129 29 224 172 323 1 0 1 "Arrest"
0 129 29 224 172 324 1 0 1 "Arrest"
0 129 29 224 172 325 1 0 1 "Arrest"
0 129 29 224 172 326 1 0 1 "Arrest"
0 129 29 224 172 327 1 0 1 "Arrest"
0 129 29 224 172 328 1 0 1 "Arrest"
0 129 29 224 172 329 1 0 1 "Arrest"
0 129 29 224 172 330 1 0 1 "Arrest"
0 129 29 224 172 331 1 0 1 "Arrest"
0 129 29 224 172 332 1 0 1 "Arrest"
0 129 30 224 173 333 0 0 0 "Arrest"
0 127 30 225 173 334 0 0 1 "Arrest"
0 126 30 227 173 335 0 0 1 "Arrest"
0 125 30 228 174 336 0 0 1 "Arrest"
0 124 30 230 174 337 0 0 1 "Arrest"
0 122 30 232 174 338 0 0 1 "Arrest"
0 121 30 233 175 339 0 0 1 "Arrest"
0 120 30 235 175 340 0 0 1 "Arrest"
0 119 30 236 175 341 0 0 1 "Arrest"
0 118 30 238 176 342 0 0 1 "Arrest"
0 116 30 240 176 343 0 0 1 "Arrest"
0 115 30 241 176 344 0 0 1 "Arrest"
0 114 30 243 177 345 0 0 1 "Arrest"
0 113 30 244 177 346 0 0 1 "Arrest"
0 111 30 246 177 347 0 0 1 "Arrest"
0 110 30 248 178 348 0 0 1 "Arrest"
0 109 30 249 178 349 0 0 1 "Arrest"
0 108 30 251 178 350 0 0 1 "Arrest"
0 107 30 253 179 351 0 0 0 "Arrest"
0 107 30 253 178 352 0 0 1 "Arrest"
0 108 30 253 178 353 0 0 1 "Arrest"
0 109 30 253 178 354 0 0 1 "Arrest"
0 110 30 253 178 355 0 0 1 "Arrest"
0 110 30 253 178 356 0 0 1 "Arrest"
0 111 30 253 178 357 0 0 1 "Arrest"
0 112 30 253 178 358 0 0 1 "Arrest"
0 113 30 253 178 359 0 0 1 "Arrest"
0 114 30 253 178 360 0 0 1 "Arrest"
0 114 30 253 178 361 0 0 1 "Arrest"
0 115 30 253 178 362 0 0 1 "Arrest"
0 116 30 253 178 363 0 0 1 "Arrest"
0 117 30 253 178 364 0 0 1 "Arrest"
0 118 30 253 178 365 0 0 0 "Arrest"
0 118 30 253 177 366 0 0 1 "Arrest"
0 119 30 253 177 367 0 0 1 "Arrest"
0 119 30 253 177 368 0 0 1 "Arrest"
0 120 30 253 177 369 0 0 1 "Arrest"
0 121 30 253 177 370 0 0 1 "Arrest"
0 121 30 253 177 371 0 0 1 "Arrest"
0 122 30 253 177 372 0 0 1 "Arrest"
0 123 30 253 177 373 0 0 1 "Arrest"
0 123 30 253 177 374 0 0 1 "Arrest"
0 124 30 253 177 375 0 0 1 "Arrest"
0 125 30 253 177 376 0 0 1 "Arrest"
0 125 30 253 177 377 0 0 1 "Arrest"
0 126 30 253 177 378 0 0 1 "Arrest"
0 127 30 253 177 379 0 0 1 "Arrest"
0 127 30 253 177 380 0 0 1 "Arrest"
0 128 30 253 177 381 0 0 1 "Arrest"
0 129 30 253 177 382 0 0 0 "Arrest"
0 128 30 252 177 383 0 0 1 "Arrest"
0 128 30 252 177 384 0 0 1 "Arrest"
0 128 30 252 177 385 0 0 1 "Arrest"
0 127 30 251 177 386 0 0 1 "Arrest"
0 127 30 251 177 387 0 0 1 "Arrest"
0 127 30 251 177 388 0 0 0 "Arrest"
0 127 30 251 177 389 0 0 1 "Arrest"
0 127 30 251 177 390 0 0 1 "Arrest"
0 127 30 251 177 391 0 0 1 "Arrest"
0 127 30 251 177 392 0 0 1 "Arrest"
0 128 30 252 177 393 0 0 1 "Arrest"
0 128 30 252 177 394 0 0 1 "Arrest"
0 128 30 252 177 395 0 0 1 "Arrest"
0 128 30 252 177 396 0 0 1 "Arrest"
0 129 30 253 177 397 0 0 1 "Arrest"
0 129 30 253 177 398 0 0 1 "Arrest"
0 129 30 253 177 399 0 0 1 "Arrest"
0 129 30 253 177 400 0 0 1 "Arrest"
0 130 30 254 177 401 0 0 1 "Arrest"
0 130 30 254 177 402 0 0 1 "Arrest"
0 130 30 254 177 403 0 0 1 "Arrest"
0 130 30 254 177 404 0 0 1 "Arrest"
0 131 30 255 177 405 0 0 1 "Arrest"
0 131 30 255 177 406 0 0 1 "Arrest"
0 131 30 255 177 407 0 0 1 "Arrest"
0 131 30 255 177 408 0 0 1 "Arrest"
0 132 30 256 177 409 0 0 1 "Arrest"
0 132 30 256 177 410 0 0 1 "Arrest"
0 132 30 256 177 411 0 0 1 "Arrest"
0 132 30 256 177 412 0 0 1 "Arrest"
0 133 30 257 177 413 0 0 1 "Arrest"
0 133 30 257 177 414 0 0 1 "Arrest"
0 133 30 257 177 415 0 0 1 "Arrest"
0 133 30 257 177 416 0 0 1 "Arrest"
0 134 30 258 177 417 0 0 1 "Arrest"
0 134 30 258 177 418 0 0 1 "Arrest"
0 134 30 258 177 419 0 0 1 "Arrest"
0 134 30 258 177 420 0 0 1 "Arrest"
0 135 30 259 177 421 0 0 0 "Arrest"
0 134 30 258 177 422 0 0 1 "Arrest"
0 134 30 258 177 423 0 0 1 "Arrest"
0 134 30 258 177 424 0 0 1 "Arrest"
0 134 30 258 177 425 0 0 1 "Arrest"
0 134 30 258 177 426 0 0 1 "Arrest"
0 133 30 257 177 427 0 0 1 "Arrest"
0 133 30 257 177 428 0 0 1 "Arrest"
0 133 30 257 177 429 0 0 1 "Arrest"
0 133 30 257 177 430 0 0 1 "Arrest"
0 133 30 257 177 431 0 0 1 "Arrest"
0 133 30 257 177 432 0 0 0 "Arrest"
0 133 30 257 177 433 0 0 1 "Arrest"
0 133 30 257 177 434 0 0 1 "Arrest"
0 133 30 257 177 435 0 0 1 "Arrest"
0 134 30 258 177 436 0 0 1 "Arrest"
0 134 30 258 177 437 0 0 1 "Arrest"
0 134 30 258 177 438 0 0 1 "Arrest"
0 135 30 259 177 439 0 0 0 "Arrest"
0 135 30 259 177 440 0 0 1 "Arrest"
0 135 30 259 177 441 0 0 1 "Arrest"
0 136 30 260 177 442 0 0 1 "Arrest"
0 136 30 260 177 443 0 0 1 "Arrest"
0 136 30 260 177 444 0 0 1 "Arrest"
0 137 30 261 177 445 0 0 0 "Arrest"
0 137 30 261 177 446 0 0 1 "Arrest"
0 138 30 262 177 447 0 0 1 "Arrest"
0 138 30 262 177 448 0 0 1 "Arrest"
0 139 30 263 177 449 0 0 0 "Arrest"
0 139 31 263 178 450 0 0 1 "Arrest"
0 140 32 264 179 451 0 0 1 "Arrest"
0 141 33 265 180 452 0 0 1 "Arrest"
0 141 34 265 181 453 0 0 1 "Arrest"
0 142 35 266 182 454 0 0 1 "Arrest"
0 143 37 267 184 455 0 0 0 "Arrest"
0 143 37 267 184 456 0 0 1 "Arrest"
0 143 38 267 185 457 0 0 1 "Arrest"
0 143 39 267 186 458 0 0 0 "Arrest"
0 143 39 267 186 459 0 0 1 "Arrest"
0 143 40 267 187 460 0 0 1 "Arrest"
0 143 40 267 187 461 0 0 1 "Arrest"
0 143 41 267 188 462 0 0 1 "Arrest"
0 143 42 267 189 463 0 0 0 "Arrest"
0 142 41 266 188 464 0 0 1 "Arrest"
0 142 41 266 188 465 0 0 1 "Arrest"
0 142 41 266 188 466 0 0 1 "Arrest"
0 141 41 265 188 467 0 0 1 "Arrest"
0 141 41 265 188 468 0 0 1 "Arrest"
0 141 41 265 188 469 0 0 0 "Arrest"
0 140 41 264 188 470 0 0 1 "Arrest"
0 140 41 264 188 471 0 0 1 "Arrest"
0 140 41 264 188 472 0 0 1 "Arrest"
0 140 41 264 188 473 0 0 1 "Arrest"
0 140 41 264 188 474 0 0 1 "Arrest"
0 139 41 263 188 475 0 0 1 "Arrest"
0 139 41 263 188 476 0 0 1 "Arrest"
0 139 41 263 188 477 0 0 1 "Arrest"
0 139 41 263 188 478 0 0 1 "Arrest"
0 139 41 263 188 479 0 0 1 "Arrest"
0 138 41 262 188 480 0 0 1 "Arrest"
0 138 41 262 188 481 0 0 1 "Arrest"
0 138 41 262 188 482 0 0 1 "Arrest"
0 138 41 262 188 483 0 0 1 "Arrest"
0 138 41 262 188 484 0 0 1 "Arrest"
0 138 41 262 188 485 0 0 0 "Arrest"
0 137 41 261 188 486 0 0 1 "Arrest"
0 137 41 261 188 487 0 0 1 "Arrest"
0 136 41 260 188 488 0 0 1 "Arrest"
0 136 41 260 188 489 0 0 1 "Arrest"
0 136 41 260 188 490 0 0 1 "Arrest"
0 135 41 259 188 491 0 0 1 "Arrest"
0 135 41 259 188 492 0 0 1 "Arrest"
0 135 41 259 188 493 0 0 1 "Arrest"
0 134 41 258 188 494 0 0 1 "Arrest"
0 134 41 258 188 495 0 0 1 "Arrest"
0 134 41 258 188 496 0 0 0 "Arrest"
0 131 40 255 187 497 0 0 1 "Arrest"
0 128 40 252 187 498 0 0 1 "Arrest"
0 125 39 249 186 499 0 0 1 "Arrest"
0 123 39 247 186 500 0 0 0 "Arrest"
0 120 39 244 185 501 0 0 1 "Arrest"
0 117 39 241 185 502 0 0 1 "Arrest"
0 114 39 238 185 503 0 0 1 "Arrest"
0 112 39 236 185 504 0 0 1 "Arrest"
0 109 40 233 185 505 0 0 1 "Arrest"
0 106 40 230 185 506 0 0 1 "Arrest"
0 104 40 227 185 507 0 0 1 "Arrest"
0 101 40 225 185 508 0 0 1 "Arrest"
0 98 40 222 185 509 0 0 1 "Arrest"
0 96 41 219 185 510 0 0 1 "Arrest"
0 93 41 216 184 511 0 0 1 "Arrest"
0 90 41 214 184 512 0 0 1 "Arrest"
0 87 41 211 184 513 0 0 1 "Arrest"
0 85 41 208 184 514 0 0 1 "Arrest"
0 82 42 205 184 515 0 0 1 "Arrest"
0 79 42 203 184 516 0 0 1 "Arrest"
0 77 42 200 184 517 0 0 1 "Arrest"
0 74 42 197 184 518 0 0 1 "Arrest"
0 71 42 194 184 519 0 0 1 "Arrest"
0 69 43 192 184 520 0 0 0 "Arrest"
0 69 43 191 184 521 0 0 1 "Arrest"
0 69 44 191 184 522 0 0 1 "Arrest"
0 69 44 191 184 523 0 0 1 "Arrest"
0 69 45 191 184 524 0 0 1 "Arrest"
0 69 45 191 184 525 0 0 1 "Arrest"
0 69 46 191 184 526 0 0 1 "Arrest"
0 69 46 191 184 527 0 0 1 "Arrest"
0 69 47 191 184 528 0 0 1 "Arrest"
0 69 47 191 184 529 0 0 1 "Arrest"
0 69 48 191 184 530 0 0 0 "Arrest"
0 69 47 191 183 531 0 0 1 "Arrest"
0 69 47 191 183 532 0 0 1 "Arrest"
0 69 46 191 182 533 0 0 1 "Arrest"
0 69 46 191 182 534 0 0 1 "Arrest"
0 69 45 191 181 535 0 0 1 "Arrest"
0 69 45 191 181 536 0 0 1 "Arrest"
0 69 44 191 180 537 0 0 1 "Arrest"
0 69 44 191 180 538 0 0 1 "Arrest"
0 69 43 191 179 539 0 0 1 "Arrest"
0 70 43 192 179 540 0 0 0 "Arrest"
0 69 43 191 179 541 0 0 1 "Arrest"
0 69 43 191 179 542 0 0 1 "Arrest"
0 68 43 190 179 543 0 0 1 "Arrest"
0 68 43 190 179 544 0 0 1 "Arrest"
0 67 43 189 179 545 0 0 1 "Arrest"
0 67 43 189 179 546 0 0 1 "Arrest"
0 66 43 188 179 547 0 0 1 "Arrest"
0 66 43 188 179 548 0 0 1 "Arrest"
0 65 43 187 179 549 0 0 1 "Arrest"
0 65 44 187 180 550 0 0 0 "Arrest"
0 65 44 186 179 551 0 0 1 "Arrest"
0 65 44 185 178 552 0 0 1 "Arrest"
0 66 45 184 178 553 0 0 1 "Arrest"
0 66 45 184 177 554 0 0 1 "Arrest"
0 67 46 183 177 555 0 0 1 "Arrest"
0 67 46 182 176 556 0 0 1 "Arrest"
0 67 46 182 175 557 0 0 1 "Arrest"
0 68 47 181 175 558 0 0 1 "Arrest"
0 68 47 180 174 559 0 0 1 "Arrest"
0 69 48 180 174 560 0 0 0 "Arrest"
0 69 48 180 174 561 0 0 1 "Arrest"
0 69 48 180 174 562 0 0 1 "Arrest"
0 69 48 180 174 563 0 0 1 "Arrest"
0 69 48 180 174 564 0 0 1 "Arrest"
0 69 48 180 174 565 0 0 1 "Arrest"
0 69 49 180 174 566 0 0 1 "Arrest"
0 70 49 180 174 567 0 0 1 "Arrest"
0 70 49 181 174 568 0 0 1 "Arrest"
0 70 49 181 174 569 0 0 1 "Arrest"
0 70 49 181 174 570 0 0 1 "Arrest"
0 70 49 181 174 571 0 0 1 "Arrest"
0 70 50 181 174 572 0 0 1 "Arrest"
0 71 50 181 174 573 0 0 1 "Arrest"
0 71 50 181 174 574 0 0 1 "Arrest"
0 71 50 182 174 575 0 0 1 "Arrest"
0 71 50 182 174 576 0 0 1 "Arrest"
0 71 51 182 174 577 0 0 1 "Arrest"
0 71 51 182 174 578 0 0 1 "Arrest"
0 72 51 182 174 579 0 0 1 "Arrest"
0 72 51 182 174 580 0 0 1 "Arrest"
0 72 51 182 174 581 0 0 1 "Arrest"
0 72 51 183 174 582 0 0 1 "Arrest"
0 72 52 183 174 583 0 0 1 "Arrest"
0 72 52 183 174 584 0 0 1 "Arrest"
0 73 52 183 175 585 0 0 1 "Arrest"
0 73 52 183 175 586 0 0 1 "Arrest"
0 73 52 183 175 587 0 0 1 "Arrest"
0 73 53 183 175 588 0 0 1 "Arrest"
0 73 53 184 175 589 0 0 1 "Arrest"
0 73 53 184 175 590 0 0 1 "Arrest"
0 73 53 184 175 591 0 0 1 "Arrest"
0 74 53 184 175 592 0 0 1 "Arrest"
0 74 53 184 175 593 0 0 1 "Arrest"
0 74 54 184 175 594 0 0 1 "Arrest"
0 74 54 184 175 595 0 0 1 "Arrest"
0 74 54 185 175 596 0 0 1 "Arrest"
0 74 54 185 175 597 0 0 1 "Arrest"
0 75 54 185 175 598 0 0 1 "Arrest"
0 75 55 185 175 599 0 0 1 "Arrest"
0 75 55 185 175 600 0 0 1 "Arrest"
0 75 55 185 175 601 0 0 1 "Arrest"
0 75 55 185 175 602 0 0 1 "Arrest"
0 75 55 186 175 603 0 0 1 "Arrest"
0 76 55 186 175 604 0 0 1 "Arrest"
0 76 56 186 175 605 0 0 1 "Arrest"
0 76 56 186 175 606 0 0 1 "Arrest"
0 76 56 186 175 607 0 0 1 "Arrest"
0 76 56 186 175 608 0 0 1 "Arrest"
0 76 56 186 175 609 0 0 1 "Arrest"
0 77 57 187 176 610 0 0 0 "Arrest"
0 76 57 186 176 611 0 0 1 "Arrest"
0 76 57 186 176 612 0 0 1 "Arrest"
0 76 57 186 176 613 0 0 1 "Arrest"
0 75 57 185 176 614 0 0 1 "Arrest"
0 75 57 185 176 615 0 0 1 "Arrest"
0 75 57 185 176 616 0 0 1 "Arrest"
0 74 57 184 176 617 0 0 1 "Arrest"
0 74 57 184 176 618 0 0 1 "Arrest"
0 74 57 184 176 619 0 0 1 "Arrest"
0 74 57 184 176 620 0 0 0 "Arrest"
0 73 57 185 175 621 0 0 1 "Arrest"
0 73 57 186 175 622 0 0 1 "Arrest"
0 72 57 187 175 623 0 0 1 "Arrest"
0 72 57 188 175 624 0 0 1 "Arrest"
0 72 57 189 175 625 0 0 1 "Arrest"
0 71 57 190 175 626 0 0 1 "Arrest"
0 71 57 191 175 627 0 0 1 "Arrest"
0 70 57 192 175 628 0 0 1 "Arrest"
0 70 57 193 175 629 0 0 1 "Arrest"
0 70 57 194 175 630 0 0 0 "Arrest"
0 69 57 193 175 631 0 0 1 "Arrest"
0 69 57 192 175 632 0 0 1 "Arrest"
0 69 57 191 175 633 0 0 1 "Arrest"
0 69 57 191 175 634 0 0 1 "Arrest"
0 69 58 190 175 635 0 0 1 "Arrest"
0 69 58 189 175 636 0 0 1 "Arrest"
0 69 58 189 175 637 0 0 1 "Arrest"
0 69 58 188 175 638 0 0 1 "Arrest"
0 69 58 187 175 639 0 0 1 "Arrest"
0 69 59 187 176 640 0 0 0 "Arrest"
0 69 58 187 175 641 0 0 1 "Arrest"
0 69 57 187 174 642 0 0 1 "Arrest"
0 69 57 187 174 643 0 0 1 "Arrest"
0 69 56 187 173 644 0 0 1 "Arrest"
0 69 56 187 173 645 0 0 1 "Arrest"
0 69 55 187 172 646 0 0 1 "Arrest"
0 69 55 187 172 647 0 0 1 "Arrest"
0 69 54 187 171 648 0 0 1 "Arrest"
0 69 54 187 171 649 0 0 1 "Arrest"
0 69 53 187 170 650 0 0 1 "Arrest"
0 69 52 187 169 651 0 0 1 "Arrest"
0 69 52 187 169 652 0 0 1 "Arrest"
0 69 51 187 168 653 0 0 1 "Arrest"
0 69 51 187 168 654 0 0 1 "Arrest"
0 69 50 187 167 655 0 0 1 "Arrest"
0 69 50 187 167 656 0 0 1 "Arrest"
0 69 49 187 166 657 0 0 1 "Arrest"
0 69 49 187 166 658 0 0 1 "Arrest"
0 69 48 187 165 659 0 0 1 "Arrest"
0 70 48 188 165 660 0 0 0 "Arrest"
0 69 47 187 164 661 0 0 1 "Arrest"
0 69 47 187 164 662 0 0 1 "Arrest"
0 69 46 187 163 663 0 0 1 "Arrest"
0 69 46 187 163 664 0 0 1 "Arrest"
0 69 45 187 162 665 0 0 1 "Arrest"
0 69 45 187 162 666 0 0 1 "Arrest"
0 69 44 187 161 667 0 0 1 "Arrest"
0 69 44 187 161 668 0 0 1 "Arrest"
0 69 43 187 160 669 0 0 1 "Arrest"
0 69 43 187 160 670 0 0 0 "Arrest"
0 68 42 186 159 671 0 0 1 "Arrest"
0 68 42 186 159 672 0 0 1 "Arrest"
0 68 42 186 159 673 0 0 1 "Arrest"
0 68 42 186 159 674 0 0 1 "Arrest"
0 68 42 186 159 675 0 0 1 "Arrest"
0 68 42 186 159 676 0 0 1 "Arrest"
0 68 42 186 159 677 0 0 1 "Arrest"
0 68 42 186 159 678 0 0 1 "Arrest"
0 68 42 186 159 679 0 0 1 "Arrest"
0 68 42 186 159 680 0 0 1 "Arrest"
0 68 41 186 158 681 0 0 1 "Arrest"
0 68 41 186 158 682 0 0 1 "Arrest"
0 68 41 186 158 683 0 0 1 "Arrest"
0 68 41 186 158 684 0 0 1 "Arrest"
0 68 41 186 158 685 0 0 1 "Arrest"
0 68 41 186 158 686 0 0 1 "Arrest"
0 68 41 186 158 687 0 0 1 "Arrest"
0 68 41 186 158 688 0 0 1 "Arrest"
0 68 41 186 158 689 0 0 1 "Arrest"
0 68 41 186 158 690 0 0 0 "Arrest"
0 68 42 186 159 691 0 0 1 "Arrest"
0 68 43 186 160 692 0 0 1 "Arrest"
0 68 44 186 161 693 0 0 1 "Arrest"
0 68 45 186 162 694 0 0 1 "Arrest"
0 68 46 186 163 695 0 0 1 "Arrest"
0 69 47 187 164 696 0 0 1 "Arrest"
0 69 48 187 165 697 0 0 1 "Arrest"
0 69 49 187 166 698 0 0 1 "Arrest"
0 69 50 187 167 699 0 0 1 "Arrest"
0 69 51 187 168 700 0 0 1 "Arrest"
0 70 53 188 170 701 1 0 0 "Arrest"
0 70 53 188 170 702 1 0 1 "Arrest"
0 70 53 188 170 703 1 0 1 "Arrest"
0 70 53 188 170 704 1 0 0 "Arrest"
0 71 52 190 170 705 1 0 1 "Arrest"
0 73 52 192 171 706 1 0 1 "Arrest"
0 74 52 194 171 707 1 0 1 "Arrest"
0 76 51 196 172 708 1 0 1 "Arrest"
0 77 51 198 172 709 1 0 1 "Arrest"
0 79 51 200 173 710 1 0 1 "Arrest"
0 80 50 202 173 711 1 0 1 "Arrest"
0 82 50 204 174 712 1 0 1 "Arrest"
0 83 50 206 174 713 1 0 1 "Arrest"
0 85 49 208 175 714 1 0 1 "Arrest"
0 87 49 211 175 715 1 0 1 "Arrest"
0 88 49 213 176 716 1 0 1 "Arrest"
0 90 49 215 176 717 1 0 1 "Arrest"
0 91 48 217 177 718 1 0 1 "Arrest"
0 93 48 219 177 719 1 0 1 "Arrest"
0 94 48 221 178 720 1 0 1 "Arrest"
0 96 47 223 178 721 1 0 1 "Arrest"
0 97 47 225 179 722 1 0 1 "Arrest"
0 99 47 227 179 723 1 0 1 "Arrest"
0 100 46 229 180 724 1 0 1 "Arrest"
0 102 46 231 180 725 1 0 1 "Arrest"
0 104 46 234 181 726 1 0 1 "Arrest"
0 105 46 236 181 727 1 0 1 "Arrest"
0 107 45 238 182 728 1 0 1 "Arrest"
0 108 45 240 182 729 1 0 1 "Arrest"
0 110 45 242 183 730 1 0 1 "Arrest"
0 111 44 244 183 731 1 0 1 "Arrest"
0 113 44 246 184 732 1 0 1 "Arrest"
0 114 44 248 184 733 1 0 1 "Arrest"
0 116 43 250 185 734 1 0 1 "Arrest"
0 117 43 252 185 735 1 0 1 "Arrest"
0 119 43 255 186 736 1 0 1 "Arrest"
0 121 43 257 186 737 1 0 1 "Arrest"
0 122 42 259 187 738 1 0 1 "Arrest"
0 124 42 261 187 739 1 0 1 "Arrest"
0 125 42 263 188 740 1 0 1 "Arrest"
0 127 41 265 188 741 1 0 1 "Arrest"
0 128 41 267 189 742 1 0 1 "Arrest"
0 130 41 269 189 743 1 0 1 "Arrest"
0 131 40 271 190 744 1 0 1 "Arrest"
0 133 40 273 190 745 1 0 1 "Arrest"
0 134 40 275 191 746 1 0 1 "Arrest"
0 136 40 278 191 747 1 0 1 "Arrest"
0 138 39 280 192 748 1 0 1 "Arrest"
0 139 39 282 192 749 1 0 1 "Arrest"
0 141 39 284 193 750 1 0 1 "Arrest"
0 142 38 286 193 751 1 0 1 "Arrest"
0 144 38 288 194 752 1 0 1 "Arrest"
0 145 38 290 194 753 1 0 1 "Arrest"
0 147 37 292 195 754 1 0 1 "Arrest"
0 148 37 294 195 755 1 0 1 "Arrest"
0 150 37 296 196 756 1 0 1 "Arrest"
0 152 37 299 197 757 0 0 0 "Arrest"
0 152 35 302 198 758 0 0 1 "Arrest"
0 152 34 305 200 759 0 0 1 "Arrest"
0 152 33 308 202 760 0 0 1 "Arrest"
0 152 32 311 204 761 0 0 1 "Arrest"
0 152 31 314 206 762 0 0 1 "Arrest"
0 152 30 318 208 763 0 0 0 "Arrest"
0 152 30 318 207 764 0 0 1 "Arrest"
0 152 30 318 207 765 0 0 1 "Arrest"
0 152 30 318 207 766 0 0 1 "Arrest"
0 152 30 318 207 767 0 0 1 "Arrest"
0 152 30 318 207 768 0 0 1 "Arrest"
0 152 30 318 207 769 0 0 1 "Arrest"
0 152 30 318 207 770 0 0 1 "Arrest"
0 153 30 318 207 771 0 0 1 "Arrest"
0 153 30 318 207 772 0 0 1 "Arrest"
0 153 30 318 207 773 0 0 1 "Arrest"
0 153 30 318 207 774 0 0 1 "Arrest"
0 153 30 318 207 775 0 0 1 "Arrest"
0 153 30 318 207 776 0 0 1 "Arrest"
0 153 30 318 207 777 0 0 1 "Arrest"
0 153 30 318 207 778 0 0 1 "Arrest"
0 154 30 318 207 779 0 0 1 "Arrest"
0 154 30 318 207 780 0 0 1 "Arrest"
0 154 30 318 207 781 0 0 1 "Arrest"
0 154 30 318 207 782 0 0 1 "Arrest"
0 154 30 318 207 783 0 0 1 "Arrest"
0 154 30 318 207 784 0 0 1 "Arrest"
0 154 30 318 207 785 0 0 1 "Arrest"
0 154 30 318 207 786 0 0 1 "Arrest"
0 155 30 318 207 787 0 0 1 "Arrest"
0 155 30 318 207 788 0 0 1 "Arrest"
0 155 30 318 207 789 0 0 1 "Arrest"
0 155 30 318 207 790 0 0 1 "Arrest"
0 155 30 318 207 791 0 0 1 "Arrest"
0 155 30 318 207 792 0 0 1 "Arrest"
0 155 30 318 207 793 0 0 1 "Arrest"
0 156 30 318 207 794 0 0 1 "Arrest"
0 156 30 318 207 795 0 0 1 "Arrest"
0 156 30 318 207 796 0 0 1 "Arrest"
0 156 30 318 207 797 0 0 1 "Arrest"
0 156 30 318 207 798 0 0 1 "Arrest"
0 156 30 318 207 799 0 0 1 "Arrest"
0 156 30 318 207 800 0 0 1 "Arrest"
0 156 30 318 207 801 0 0 1 "Arrest"
0 157 30 318 207 802 0 0 1 "Arrest"
0 157 30 318 207 803 0 0 1 "Arrest"
0 157 30 318 207 804 0 0 1 "Arrest"
0 157 30 318 207 805 0 0 1 "Arrest"
0 157 30 318 207 806 0 0 1 "Arrest"
0 157 30 318 207 807 0 0 1 "Arrest"
0 157 30 318 207 808 0 0 1 "Arrest"
0 157 30 318 207 809 0 0 1 "Arrest"
0 158 30 318 207 810 0 0 1 "Arrest"
0 158 30 318 207 811 0 0 1 "Arrest"
0 158 30 318 207 812 0 0 1 "Arrest"
0 158 30 318 207 813 0 0 1 "Arrest"
0 158 30 318 207 814 0 0 1 "Arrest"
0 158 30 318 207 815 0 0 1 "Arrest"
0 158 30 318 207 816 0 0 1 "Arrest"
0 159 30 318 207 817 0 0 0 "Arrest"
0 159 30 318 207 818 0 0 1 "Arrest"
0 159 30 318 207 819 0 0 1 "Arrest"
0 159 30 318 207 820 0 0 1 "Arrest"
0 159 30 318 207 821 0 0 1 "Arrest"
0 159 30 318 207 822 0 0 0 "Arrest"
0 159 30 318 207 823 0 0 1 "Arrest"
0 159 30 318 207 824 0 0 1 "Arrest"
0 159 30 318 207 825 0 0 1 "Arrest"
0 159 30 318 207 826 0 0 1 "Arrest"
0 159 30 318 207 827 0 0 1 "Arrest"
0 159 30 318 207 828 0 0 1 "Arrest"
0 159 30 318 207 829 0 0 1 "Arrest"
0 159 30 318 207 830 0 0 1 "Arrest"
0 159 30 318 207 831 0 0 1 "Arrest"
0 159 30 318 207 832 0 0 1 "Arrest"
0 159 30 318 207 833 0 0 1 "Arrest"
0 159 30 318 207 834 0 0 1 "Arrest"
0 159 30 318 207 835 0 0 1 "Arrest"
0 159 30 318 207 836 0 0 1 "Arrest"
0 159 30 318 207 837 0 0 1 "Arrest"
0 159 30 318 207 838 0 0 1 "Arrest"
0 159 30 318 207 839 0 0 1 "Arrest"
0 159 30 318 207 840 0 0 1 "Arrest"
0 159 30 318 207 841 0 0 1 "Arrest"
0 159 30 318 207 842 0 0 1 "Arrest"
0 159 30 318 207 843 0 0 1 "Arrest"
0 159 30 318 207 844 0 0 1 "Arrest"
0 159 30 318 207 845 0 0 1 "Arrest"
0 159 30 318 207 846 0 0 1 "Arrest"
0 159 30 318 207 847 0 0 1 "Arrest"
0 159 30 318 207 848 0 0 1 "Arrest"
0 159 30 318 207 849 0 0 1 "Arrest"
0 159 30 318 207 850 0 0 1 "Arrest"
0 159 30 318 207 851 0 0 1 "Arrest"
0 159 30 318 207 852 0 0 0 "Arrest"
0 159 30 318 207 853 0 0 1 "Arrest"
0 159 30 318 207 854 0 0 1 "Arrest"
0 159 30 318 207 855 0 0 1 "Arrest"
0 159 30 318 207 856 0 0 1 "Arrest"
0 159 30 318 207 857 0 0 1 "Arrest"
0 159 30 318 207 858 0 0 1 "Arrest"
0 159 30 318 207 859 1 0 0 "Arrest"
0 159 30 318 207 860 1 0 1 "Arrest"
0 159 30 318 207 861 1 0 1 "Arrest"
0 159 30 318 207 862 1 0 1 "Arrest"
0 159 30 318 207 863 1 0 1 "Arrest"
0 159 30 318 207 864 1 0 0 "Arrest"
0 159 30 318 207 865 1 0 1 "Arrest"
0 159 30 318 207 866 1 0 1 "Arrest"
0 159 30 318 207 867 1 0 1 "Arrest"
0 159 30 318 207 868 1 0 1 "Arrest"
0 159 30 318 207 869 1 0 1 "Arrest"
0 159 30 318 207 870 1 0 1 "Arrest"
0 159 30 318 207 871 1 0 1 "Arrest"
0 159 30 318 207 872 1 0 1 "Arrest"
0 159 30 318 207 873 1 0 1 "Arrest"
0 159 30 318 207 874 1 0 1 "Arrest"
0 159 30 318 207 875 1 0 1 "Arrest"
0 159 30 318 207 876 1 0 1 "Arrest"
0 159 30 318 207 877 1 0 1 "Arrest"
0 159 30 318 207 878 1 0 0 "Arrest"
0 159 30 318 207 879 1 0 1 "Arrest"
0 159 30 318 207 880 1 0 1 "Arrest"
0 159 30 318 207 881 1 0 1 "Arrest"
0 159 30 318 207 882 1 0 1 "Arrest"
0 159 30 318 207 883 1 0 1 "Arrest"
0 159 30 318 207 884 1 0 1 "Arrest"
0 159 30 318 207 885 1 0 1 "Arrest"
0 159 30 318 207 886 1 0 1 "Arrest"
0 159 30 318 207 887 1 0 1 "Arrest"
0 159 30 318 207 888 1 0 1 "Arrest"
0 159 30 318 207 889 1 0 1 "Arrest"
0 159 30 318 207 890 1 0 1 "Arrest"
0 159 30 318 207 891 1 0 1 "Arrest"
0 159 30 318 207 892 1 0 1 "Arrest"
0 159 30 318 207 893 1 0 1 "Arrest"
0 159 30 318 207 894 1 0 1 "Arrest"
0 159 30 318 207 895 1 0 1 "Arrest"
0 159 30 318 207 896 1 0 0 "Arrest"
0 156 31 315 207 897 1 0 1 "Arrest"
0 153 33 312 207 898 1 0 1 "Arrest"
0 151 35 310 207 899 1 0 1 "Arrest"
0 148 37 307 207 900 1 0 1 "Arrest"
0 146 39 305 207 901 1 0 1 "Arrest"
0 143 41 302 207 902 1 0 1 "Arrest"
0 141 43 300 207 903 1 0 1 "Arrest"
0 138 45 297 207 904 1 0 1 "Arrest"
0 136 47 294 207 905 1 0 1 "Arrest"
0 133 49 292 207 906 1 0 1 "Arrest"
0 131 51 289 207 907 1 0 1 "Arrest"
0 128 53 287 207 908 1 0 1 "Arrest"
0 126 55 284 207 909 1 0 1 "Arrest"
0 123 57 282 207 910 1 0 1 "Arrest"
0 120 59 279 207 911 1 0 1 "Arrest"
0 118 61 277 207 912 1 0 1 "Arrest"
0 115 63 274 207 913 1 0 1 "Arrest"
0 113 65 271 207 914 1 0 1 "Arrest"
0 110 67 269 207 915 1 0 1 "Arrest"
0 108 69 266 207 916 1 0 1 "Arrest"
0 105 70 264 208 917 1 0 1 "Arrest"
0 103 72 261 208 918 1 0 1 "Arrest"
0 100 74 259 208 919 1 0 1 "Arrest"
0 98 76 256 208 920 1 0 1 "Arrest"
0 95 78 253 208 921 1 0 1 "Arrest"
0 93 80 251 208 922 1 0 1 "Arrest"
0 90 82 248 208 923 1 0 1 "Arrest"
0 87 84 246 208 924 1 0 1 "Arrest"
0 85 86 243 208 925 1 0 1 "Arrest"
0 82 88 241 208 926 1 0 1 "Arrest"
0 80 90 238 208 927 1 0 1 "Arrest"
0 77 92 236 208 928 1 0 1 "Arrest"
0 75 94 233 208 929 1 0 1 "Arrest"
0 72 96 230 208 930 1 0 1 "Arrest"
0 70 98 228 208 931 1 0 1 "Arrest"
0 67 100 225 208 932 1 0 1 "Arrest"
0 65 102 223 208 933 1 0 1 "Arrest"
0 62 104 220 208 934 1 0 1 "Arrest"
0 60 106 218 208 935 1 0 1 "Arrest"
0 57 108 215 208 936 1 0 1 "Arrest"
0 55 110 213 209 937 1 0 0 "Arrest"
0 54 109 212 209 938 1 0 1 "Arrest"
0 54 109 212 209 939 1 0 1 "Arrest"
0 53 109 211 209 940 1 0 1 "Arrest"
0 53 109 211 209 941 1 0 1 "Arrest"
0 52 109 210 209 942 1 0 1 "Arrest"
0 52 109 210 209 943 1 0 1 "Arrest"
0 51 109 209 209 944 1 0 1 "Arrest"
0 51 109 209 209 945 1 0 1 "Arrest"
0 50 109 208 209 946 1 0 1 "Arrest"
0 50 109 208 209 947 1 0 1 "Arrest"
0 49 109 207 209 948 1 0 1 "Arrest"
0 49 109 207 209 949 1 0 1 "Arrest"
0 48 109 206 209 950 1 0 1 "Arrest"
0 48 109 206 209 951 1 0 1 "Arrest"
0 47 109 205 209 952 1 0 1 "Arrest"
0 47 109 205 209 953 1 0 1 "Arrest"
0 46 109 204 209 954 1 0 1 "Arrest"
0 46 109 204 209 955 1 0 1 "Arrest"
0 46 109 204 210 956 1 0 0 "Arrest"
0 46 107 203 210 957 1 0 1 "Arrest"
0 46 106 203 210 958 1 0 1 "Arrest"
0 46 105 203 210 959 1 0 1 "Arrest"
0 46 104 203 210 960 1 0 1 "Arrest"
0 46 103 203 210 961 1 0 1 "Arrest"
0 46 102 203 210 962 1 0 1 "Arrest"
0 46 101 203 210 963 1 0 1 "Arrest"
0 46 100 203 210 964 1 0 1 "Arrest"
0 46 99 203 210 965 1 0 1 "Arrest"
0 46 98 203 210 966 1 0 1 "Arrest"
0 46 97 203 210 967 1 0 1 "Arrest"
0 46 96 203 210 968 1 0 1 "Arrest"
0 46 95 203 210 969 1 0 1 "Arrest"
0 46 94 203 210 970 1 0 1 "Arrest"
0 46 93 203 210 971 1 0 1 "Arrest"
0 46 92 203 210 972 1 0 1 "Arrest"
0 46 91 203 210 973 1 0 0 "Arrest"
0 45 91 202 210 974 1 0 1 "Arrest"
0 45 91 202 210 975 1 0 1 "Arrest"
0 45 91 202 210 976 1 0 1 "Arrest"
0 45 91 202 210 977 1 0 1 "Arrest"
0 45 91 202 210 978 1 0 1 "Arrest"
0 45 91 202 210 979 1 0 1 "Arrest"
0 44 91 201 210 980 1 0 1 "Arrest"
0 44 91 201 210 981 1 0 1 "Arrest"
0 44 91 201 210 982 1 0 1 "Arrest"
0 44 91 201 210 983 1 0 1 "Arrest"
0 44 91 201 210 984 1 0 1 "Arrest"
0 44 91 201 210 985 1 0 1 "Arrest"
0 43 91 200 210 986 1 0 1 "Arrest"
0 43 91 200 210 987 1 0 1 "Arrest"
0 43 91 200 210 988 1 0 1 "Arrest"
0 43 91 200 210 989 1 0 1 "Arrest"
0 43 91 200 210 990 1 0 1 "Arrest"
0 43 91 200 210 991 1 0 1 "Arrest"
0 42 91 199 210 992 1 0 1 "Arrest"
0 42 91 199 210 993 1 0 1 "Arrest"
0 42 91 199 210 994 1 0 1 "Arrest"
0 42 91 199 210 995 1 0 1 "Arrest"
0 42 91 199 210 996 1 0 1 "Arrest"
0 42 91 199 210 997 1 0 1 "Arrest"
0 41 91 198 210 998 1 0 1 "Arrest"
0 41 91 198 210 999 1 0 1 "Arrest"
0 41 91 198 210 1000 1 0 1 "Arrest"
0 41 91 198 210 1001 1 0 1 "Arrest"
0 41 91 198 210 1002 1 0 1 "Arrest"
0 41 91 198 210 1003 1 0 1 "Arrest"
0 40 91 197 210 1004 1 0 1 "Arrest"
0 40 91 197 210 1005 1 0 1 "Arrest"
0 40 91 197 210 1006 1 0 1 "Arrest"
0 40 91 197 210 1007 1 0 1 "Arrest"
0 40 91 197 210 1008 1 0 1 "Arrest"
0 40 91 197 210 1009 1 0 1 "Arrest"
0 39 91 196 210 1010 1 0 1 "Arrest"
0 39 91 196 210 1011 1 0 1 "Arrest"
0 39 91 196 210 1012 1 0 1 "Arrest"
0 39 91 196 210 1013 1 0 1 "Arrest"
0 39 91 196 210 1014 1 0 1 "Arrest"
0 39 91 196 210 1015 1 0 1 "Arrest"
0 39 91 196 210 1016 1 0 1 "Arrest"
0 38 91 195 210 1017 1 0 1 "Arrest"
0 38 91 195 210 1018 1 0 1 "Arrest"
0 38 91 195 210 1019 1 0 1 "Arrest"
0 38 91 195 210 1020 1 0 1 "Arrest"
0 38 91 195 210 1021 1 0 1 "Arrest"
0 38 91 195 210 1022 1 0 1 "Arrest"
0 37 91 194 210 1023 1 0 1 "Arrest"
0 37 91 194 210 1024 1 0 1 "Arrest"
0 37 91 194 210 1025 1 0 1 "Arrest"
0 37 91 194 210 1026 1 0 1 "Arrest"
0 37 91 194 210 1027 1 0 1 "Arrest"
0 37 91 194 210 1028 1 0 1 "Arrest"
0 36 91 193 210 1029 1 0 1 "Arrest"
0 36 91 193 210 1030 1 0 1 "Arrest"
0 36 91 193 210 1031 1 0 1 "Arrest"
0 36 91 193 210 1032 1 0 1 "Arrest"
0 36 91 193 210 1033 1 0 1 "Arrest"
0 36 91 193 210 1034 1 0 1 "Arrest"
0 35 91 192 210 1035 1 0 1 "Arrest"
0 35 91 192 210 1036 1 0 1 "Arrest"
0 35 91 192 210 1037 1 0 1 "Arrest"
0 35 91 192 210 1038 1 0 1 "Arrest"
0 35 91 192 210 1039 1 0 1 "Arrest"
0 35 91 192 210 1040 1 0 1 "Arrest"
0 34 91 191 210 1041 1 0 1 "Arrest"
0 34 91 191 210 1042 1 0 1 "Arrest"
0 34 91 191 210 1043 1 0 1 "Arrest"
0 34 91 191 210 1044 1 0 1 "Arrest"
0 34 91 191 210 1045 1 0 1 "Arrest"
0 34 91 191 210 1046 1 0 1 "Arrest"
0 33 91 190 210 1047 1 0 1 "Arrest"
0 33 91 190 210 1048 1 0 1 "Arrest"
0 33 91 190 210 1049 1 0 1 "Arrest"
0 33 91 190 210 1050 1 0 1 "Arrest"
0 33 91 190 210 1051 1 0 1 "Arrest"
0 33 91 190 210 1052 1 0 1 "Arrest"
0 33 91 190 210 1053 1 0 0 "Arrest"
0 33 91 190 210 1054 1 0 1 "Arrest"
0 33 91 190 210 1055 1 0 1 "Arrest"
0 33 91 190 210 1056 1 0 0 "Arrest"
