0 145 84 180 118 0 1 0 0 "Arrest"
0 145 84 180 118 1 1 0 1 "Arrest"
0 145 84 180 118 2 1 0 1 "Arrest"
0 145 84 180 118 3 1 0 1 "Arrest"
0 145 84 180 118 4 1 0 1 "Arrest"
0 145 84 180 118 5 1 0 1 "Arrest"
0 145 84 180 118 6 1 0 1 "Arrest"
0 145 84 180 118 7 1 0 1 "Arrest"
0 145 84 180 118 8 1 0 1 "Arrest"
0 145 84 180 118 9 1 0 1 "Arrest"
0 145 84 180 118 10 1 0 1 "Arrest"
0 145 84 180 118 11 1 0 1 "Arrest"
0 145 84 180 118 12 1 0 1 "Arrest"
0 145 84 180 118 13 1 0 1 "Arrest"
0 145 84 180 118 14 1 0 1 "Arrest"
0 145 84 180 118 15 1 0 1 "Arrest"
0 145 84 180 118 16 1 0 1 "Arrest"
0 145 84 180 118 17 1 0 1 "Arrest"
0 145 84 180 118 18 1 0 1 "Arrest"
0 145 84 180 118 19 1 0 1 "Arrest"
0 145 84 180 118 20 1 0 1 "Arrest"
0 145 84 180 118 21 1 0 1 "Arrest"
0 145 84 180 118 22 1 0 1 "Arrest"
0 145 84 180 118 23 1 0 1 "Arrest"
0 145 84 180 118 24 1 0 1 "Arrest"
0 145 84 180 118 25 1 0 1 "Arrest"
0 145 84 180 118 26 1 0 1 "Arrest"
0 145 84 180 118 27 1 0 1 "Arrest"
0 145 84 180 118 28 1 0 1 "Arrest"
0 145 84 180 118 29 1 0 1 "Arrest"
0 145 84 180 118 30 1 0 1 "Arrest"
0 145 84 180 118 31 1 0 1 "Arrest"
0 145 84 180 118 32 1 0 1 "Arrest"
0 145 84 180 118 33 1 0 1 "Arrest"
0 145 84 180 118 34 1 0 1 "Arrest"
0 145 84 180 118 35 1 0 1 "Arrest"
0 145 84 180 118 36 1 0 1 "Arrest"
0 145 84 180 118 37 1 0 1 "Arrest"
0 145 84 180 118 38 1 0 1 "Arrest"
0 145 84 180 118 39 1 0 1 "Arrest"
0 145 84 180 118 40 1 0 1 "Arrest"
0 145 84 180 118 41 1 0 1 "Arrest"
0 145 84 180 118 42 1 0 1 "Arrest"
0 145 84 180 118 43 1 0 1 "Arrest"
0 145 84 180 118 44 1 0 1 "Arrest"
0 145 84 180 118 45 1 0 1 "Arrest"
0 145 84 180 118 46 1 0 1 "Arrest"
0 145 84 180 118 47 1 0 1 "Arrest"
0 145 84 180 118 48 1 0 1 "Arrest"
0 145 84 180 118 49 1 0 1 "Arrest"
0 145 84 180 118 50 1 0 1 "Arrest"
0 145 84 180 118 51 1 0 1 "Arrest"
0 145 84 180 118 52 1 0 1 "Arrest"
0 145 84 180 118 53 1 0 1 "Arrest"
0 145 84 180 118 54 1 0 1 "Arrest"
0 145 84 180 118 55 1 0 1 "Arrest"
0 145 84 180 118 56 1 0 1 "Arrest"
0 145 84 180 118 57 1 0 1 "Arrest"
0 145 84 180 118 58 1 0 1 "Arrest"
0 145 84 180 118 59 1 0 1 "Arrest"
0 145 84 180 118 60 1 0 1 "Arrest"
0 145 84 180 118 61 1 0 1 "Arrest"
0 145 84 180 118 62 1 0 1 "Arrest"
0 145 84 180 118 63 1 0 1 "Arrest"
0 145 84 180 118 64 1 0 1 "Arrest"
0 145 84 180 118 65 1 0 1 "Arrest"
0 145 84 180 118 66 1 0 1 "Arrest"
0 145 84 180 118 67 1 0 1 "Arrest"
0 145 84 180 118 68 1 0 1 "Arrest"
0 145 84 180 118 69 1 0 1 "Arrest"
0 145 84 180 118 70 1 0 1 "Arrest"
0 145 84 180 118 71 1 0 1 "Arrest"
0 145 84 180 118 72 1 0 1 "Arrest"
0 145 84 180 118 73 1 0 1 "Arrest"
0 145 84 180 118 74 1 0 1 "Arrest"
0 145 84 180 118 75 1 0 1 "Arrest"
0 145 84 180 118 76 1 0 1 "Arrest"
0 145 84 180 118 77 1 0 1 "Arrest"
0 145 84 180 118 78 1 0 1 "Arrest"
0 145 84 180 118 79 1 0 1 "Arrest"
0 145 84 180 118 80 1 0 1 "Arrest"
0 145 84 180 118 81 1 0 1 "Arrest"
0 145 84 180 118 82 1 0 1 "Arrest"
0 145 84 180 118 83 1 0 1 "Arrest"
0 145 84 180 118 84 1 0 1 "Arrest"
0 145 84 180 118 85 1 0 1 "Arrest"
0 145 84 180 118 86 1 0 1 "Arrest"
0 145 84 180 118 87 1 0 1 "Arrest"
0 145 84 180 118 88 1 0 1 "Arrest"
0 145 84 180 118 89 1 0 1 "Arrest"
0 145 84 180 118 90 1 0 1 "Arrest"
0 145 84 180 118 91 1 0 1 "Arrest"
0 145 84 180 118 92 1 0 1 "Arrest"
0 145 84 180 118 93 1 0 1 "Arrest"
0 145 84 180 118 94 1 0 1 "Arrest"
0 145 84 180 118 95 1 0 1 "Arrest"
0 145 84 180 118 96 1 0 1 "Arrest"
0 145 84 180 118 97 1 0 1 "Arrest"
0 145 84 180 118 98 1 0 1 "Arrest"
0 145 84 180 118 99 1 0 1 "Arrest"
0 145 84 180 118 100 1 0 1 "Arrest"
0 145 84 180 118 101 1 0 1 "Arrest"
0 145 84 180 118 102 1 0 1 "Arrest"
0 145 84 180 118 103 1 0 1 "Arrest"
0 145 84 180 118 104 1 0 1 "Arrest"
0 145 84 180 118 105 1 0 1 "Arrest"
0 145 84 180 118 106 1 0 1 "Arrest"
0 145 84 180 118 107 1 0 1 "Arrest"
0 145 84 180 118 108 1 0 1 "Arrest"
0 145 84 180 118 109 1 0 1 "Arrest"
0 145 84 180 118 110 1 0 1 "Arrest"
0 145 84 180 118 111 1 0 1 "Arrest"
0 145 84 180 118 112 1 0 1 "Arrest"
0 145 84 180 118 113 1 0 1 "Arrest"
0 145 84 180 118 114 1 0 1 "Arrest"
0 145 84 180 118 115 1 0 1 "Arrest"
0 145 84 180 118 116 1 0 1 "Arrest"
0 145 84 180 118 117 1 0 1 "Arrest"
0 145 84 180 118 118 1 0 1 "Arrest"
0 145 84 180 118 119 1 0 1 "Arrest"
0 145 84 180 118 120 1 0 1 "Arrest"
0 145 84 180 118 121 1 0 1 "Arrest"
0 145 84 180 118 122 1 0 1 "Arrest"
0 145 84 180 118 123 1 0 1 "Arrest"
0 145 84 180 118 124 1 0 1 "Arrest"
0 145 84 180 118 125 1 0 1 "Arrest"
0 145 84 180 118 126 1 0 1 "Arrest"
0 145 84 180 118 127 1 0 1 "Arrest"
0 145 84 180 118 128 1 0 1 "Arrest"
0 145 84 180 118 129 1 0 1 "Arrest"
0 145 84 180 118 130 1 0 1 "Arrest"
0 145 84 180 118 131 1 0 1 "Arrest"
0 145 84 180 118 132 1 0 1 "Arrest"
0 145 84 180 118 133 1 0 1 "Arrest"
0 145 84 180 118 134 1 0 1 "Arrest"
0 145 84 180 118 135 1 0 1 "Arrest"
0 145 84 180 118 136 1 0 1 "Arrest"
0 145 84 180 118 137 1 0 1 "Arrest"
0 145 84 180 118 138 1 0 1 "Arrest"
0 145 84 180 118 139 1 0 1 "Arrest"
0 145 84 180 118 140 1 0 1 "Arrest"
0 145 84 180 118 141 1 0 1 "Arrest"
0 145 84 180 118 142 1 0 1 "Arrest"
0 145 84 180 118 143 1 0 1 "Arrest"
0 145 84 180 118 144 1 0 1 "Arrest"
0 145 84 180 118 145 1 0 1 "Arrest"
0 145 84 180 118 146 1 0 1 "Arrest"
0 145 84 180 118 147 1 0 1 "Arrest"
0 145 84 180 118 148 1 0 1 "Arrest"
0 145 84 180 118 149 1 0 1 "Arrest"
0 145 84 180 118 150 1 0 1 "Arrest"
0 145 84 180 118 151 1 0 1 "Arrest"
0 145 84 180 118 152 1 0 1 "Arrest"
0 145 84 180 118 153 1 0 1 "Arrest"
0 145 84 180 118 154 1 0 1 "Arrest"
0 145 84 180 118 155 1 0 1 "Arrest"
0 145 84 180 118 156 1 0 1 "Arrest"
0 145 84 180 118 157 1 0 1 "Arrest"
0 145 84 180 118 158 1 0 1 "Arrest"
0 145 84 180 118 159 1 0 1 "Arrest"
0 145 84 180 118 160 1 0 1 "Arrest"
0 145 84 180 118 161 1 0 1 "Arrest"
0 145 84 180 118 162 1 0 1 "Arrest"
0 145 84 180 118 163 1 0 1 "Arrest"
0 145 84 180 118 164 1 0 1 "Arrest"
0 145 84 180 118 165 1 0 1 "Arrest"
0 145 84 180 118 166 1 0 1 "Arrest"
0 145 84 180 118 167 1 0 1 "Arrest"
0 145 84 180 118 168 1 0 1 "Arrest"
0 145 84 180 118 169 1 0 1 "Arrest"
0 145 84 180 118 170 1 0 1 "Arrest"
0 145 84 180 118 171 1 0 1 "Arrest"
0 145 84 180 118 172 1 0 1 "Arrest"
0 145 84 180 118 173 1 0 1 "Arrest"
0 145 84 180 118 174 1 0 1 "Arrest"
0 145 84 180 118 175 1 0 1 "Arrest"
0 145 84 180 118 176 1 0 1 "Arrest"
0 145 84 180 118 177 1 0 1 "Arrest"
0 145 84 180 118 178 1 0 1 "Arrest"
0 145 84 180 118 179 1 0 1 "Arrest"
0 145 84 180 118 180 1 0 1 "Arrest"
0 145 84 180 118 181 1 0 1 "Arrest"
0 145 84 180 118 182 1 0 1 "Arrest"
0 145 84 180 118 183 1 0 1 "Arrest"
0 145 84 180 118 184 1 0 1 "Arrest"
0 145 84 180 118 185 1 0 1 "Arrest"
0 145 84 180 118 186 1 0 1 "Arrest"
0 145 84 180 118 187 1 0 1 "Arrest"
0 145 84 180 118 188 1 0 1 "Arrest"
0 145 84 180 118 189 1 0 1 "Arrest"
0 145 84 180 118 190 1 0 1 "Arrest"
0 145 84 180 118 191 1 0 1 "Arrest"
0 145 84 180 118 192 1 0 1 "Arrest"
0 145 84 180 118 193 1 0 1 "Arrest"
0 145 84 180 118 194 1 0 1 "Arrest"
0 145 84 180 118 195 1 0 1 "Arrest"
0 145 84 180 118 196 1 0 1 "Arrest"
0 145 84 180 118 197 1 0 1 "Arrest"
0 145 84 180 118 198 1 0 1 "Arrest"
0 145 84 180 118 199 1 0 1 "Arrest"
0 145 84 180 118 200 1 0 1 "Arrest"
0 145 84 180 118 201 1 0 1 "Arrest"
0 145 84 180 118 202 1 0 1 "Arrest"
0 145 84 180 118 203 1 0 1 "Arrest"
0 145 84 180 118 204 1 0 1 "Arrest"
0 145 84 180 118 205 1 0 1 "Arrest"
0 145 84 180 118 206 1 0 1 "Arrest"
0 145 84 180 118 207 1 0 1 "Arrest"
0 145 84 180 118 208 1 0 1 "Arrest"
0 145 84 180 118 209 1 0 1 "Arrest"
0 145 84 180 118 210 1 0 1 "Arrest"
0 145 84 180 118 211 1 0 1 "Arrest"
0 145 84 180 118 212 1 0 1 "Arrest"
0 145 84 180 118 213 1 0 1 "Arrest"
0 145 84 180 118 214 1 0 1 "Arrest"
0 145 84 180 118 215 1 0 1 "Arrest"
0 145 84 180 118 216 1 0 1 "Arrest"
0 145 84 180 118 217 1 0 1 "Arrest"
0 145 84 180 118 218 1 0 1 "Arrest"
0 145 84 180 118 219 1 0 1 "Arrest"
0 145 84 180 118 220 1 0 1 "Arrest"
0 145 84 180 118 221 1 0 1 "Arrest"
0 145 84 180 118 222 1 0 1 "Arrest"
0 145 84 180 118 223 1 0 1 "Arrest"
0 145 84 180 118 224 1 0 1 "Arrest"
0 145 84 180 118 225 1 0 1 "Arrest"
0 145 84 180 118 226 1 0 1 "Arrest"
0 145 84 180 118 227 1 0 1 "Arrest"
0 145 84 180 118 228 1 0 1 "Arrest"
0 145 84 180 118 229 1 0 1 "Arrest"
0 145 84 180 118 230 1 0 1 "Arrest"
0 145 84 180 118 231 1 0 1 "Arrest"
0 145 84 180 118 232 1 0 1 "Arrest"
0 145 84 180 118 233 1 0 1 "Arrest"
0 145 84 180 118 234 1 0 1 "Arrest"
0 145 84 180 118 235 1 0 1 "Arrest"
0 145 84 180 118 236 1 0 1 "Arrest"
0 145 84 180 118 237 1 0 1 "Arrest"
0 145 84 180 118 238 1 0 1 "Arrest"
0 145 84 180 118 239 1 0 1 "Arrest"
0 145 84 180 118 240 1 0 1 "Arrest"
0 145 84 180 118 241 1 0 1 "Arrest"
0 145 84 180 118 242 1 0 1 "Arrest"
0 145 84 180 118 243 1 0 1 "Arrest"
0 145 84 180 118 244 1 0 1 "Arrest"
0 145 84 180 118 245 1 0 1 "Arrest"
0 145 84 180 118 246 1 0 1 "Arrest"
0 145 84 180 118 247 1 0 1 "Arrest"
0 145 84 180 118 248 1 0 1 "Arrest"
0 145 84 180 118 249 1 0 1 "Arrest"
0 145 84 180 118 250 1 0 1 "Arrest"
0 145 84 180 118 251 1 0 1 "Arrest"
0 145 84 180 118 252 1 0 1 "Arrest"
0 145 84 180 118 253 1 0 1 "Arrest"
0 145 84 180 118 254 1 0 1 "Arrest"
0 145 84 180 118 255 1 0 1 "Arrest"
0 145 84 180 118 256 1 0 1 "Arrest"
0 145 84 180 118 257 1 0 1 "Arrest"
0 145 84 180 118 258 1 0 1 "Arrest"
0 145 84 180 118 259 1 0 1 "Arrest"
0 145 84 180 118 260 1 0 1 "Arrest"
0 145 84 180 118 261 1 0 1 "Arrest"
0 145 84 180 118 262 1 0 1 "Arrest"
0 145 84 180 118 263 1 0 1 "Arrest"
0 145 84 180 118 264 1 0 1 "Arrest"
0 145 84 180 118 265 1 0 1 "Arrest"
0 145 84 180 118 266 1 0 1 "Arrest"
0 145 84 180 118 267 1 0 1 "Arrest"
0 145 84 180 118 268 1 0 1 "Arrest"
0 145 84 180 118 269 1 0 1 "Arrest"
0 145 84 180 118 270 1 0 1 "Arrest"
0 145 84 180 118 271 1 0 1 "Arrest"
0 145 84 180 118 272 1 0 1 "Arrest"
0 145 84 180 118 273 1 0 1 "Arrest"
0 145 84 180 118 274 1 0 1 "Arrest"
0 145 84 180 118 275 1 0 1 "Arrest"
0 145 84 180 118 276 1 0 1 "Arrest"
0 145 84 180 118 277 1 0 1 "Arrest"
0 145 84 180 118 278 1 0 1 "Arrest"
0 145 84 180 118 279 1 0 1 "Arrest"
0 145 84 180 118 280 1 0 1 "Arrest"
0 145 84 180 118 281 1 0 1 "Arrest"
0 145 84 180 118 282 1 0 1 "Arrest"
0 145 84 180 118 283 1 0 1 "Arrest"
0 145 84 180 118 284 1 0 1 "Arrest"
0 145 84 180 118 285 1 0 1 "Arrest"
0 145 84 180 118 286 1 0 1 "Arrest"
0 145 84 180 118 287 1 0 1 "Arrest"
0 145 84 180 118 288 1 0 1 "Arrest"
0 145 84 180 118 289 1 0 1 "Arrest"
0 145 84 180 118 290 1 0 1 "Arrest"
0 145 84 180 118 291 1 0 1 "Arrest"
0 145 84 180 118 292 1 0 1 "Arrest"
0 145 84 180 118 293 1 0 1 "Arrest"
0 145 84 180 118 294 1 0 1 "Arrest"
0 145 84 180 118 295 1 0 1 "Arrest"
0 145 84 180 118 296 1 0 1 "Arrest"
0 145 84 180 118 297 1 0 1 "Arrest"
0 145 84 180 118 298 1 0 1 "Arrest"
0 145 84 180 118 299 1 0 1 "Arrest"
0 145 84 180 118 300 1 0 1 "Arrest"
0 145 84 180 118 301 1 0 1 "Arrest"
0 145 84 180 118 302 1 0 1 "Arrest"
0 145 84 180 118 303 1 0 1 "Arrest"
0 145 84 180 118 304 1 0 1 "Arrest"
0 145 84 180 118 305 1 0 1 "Arrest"
0 145 84 180 118 306 1 0 1 "Arrest"
0 145 84 180 118 307 1 0 1 "Arrest"
0 145 84 180 118 308 1 0 1 "Arrest"
0 145 84 180 118 309 1 0 1 "Arrest"
0 145 84 180 118 310 1 0 1 "Arrest"
0 145 84 180 118 311 1 0 1 "Arrest"
0 145 84 180 118 312 1 0 1 "Arrest"
0 145 84 180 118 313 1 0 1 "Arrest"
0 145 84 180 118 314 1 0 1 "Arrest"
0 145 84 180 118 315 1 0 1 "Arrest"
0 145 84 180 118 316 1 0 1 "Arrest"
0 145 84 180 118 317 1 0 1 "Arrest"
0 145 84 180 118 318 1 0 1 "Arrest"
0 145 84 180 118 319 1 0 1 "Arrest"
0 145 84 180 118 320 1 0 1 "Arrest"
0 145 84 180 118 321 1 0 1 "Arrest"
0 145 84 180 118 322 1 0 1 "Arrest"
0 145 84 180 118 323 1 0 1 "Arrest"
0 145 84 180 118 324 1 0 1 "Arrest"
0 145 84 180 118 325 1 0 1 "Arrest"
0 145 84 180 118 326 1 0 1 "Arrest"
0 145 84 180 118 327 1 0 1 "Arrest"
0 145 84 180 118 328 1 0 1 "Arrest"
0 145 84 180 118 329 1 0 1 "Arrest"
0 145 84 180 118 330 1 0 1 "Arrest"
0 145 84 180 118 331 1 0 1 "Arrest"
0 145 84 180 118 332 1 0 1 "Arrest"
0 145 84 180 118 333 1 0 1 "Arrest"
0 145 84 180 118 334 1 0 1 "Arrest"
0 145 84 180 118 335 1 0 1 "Arrest"
0 145 84 180 118 336 1 0 1 "Arrest"
0 145 84 180 118 337 1 0 1 "Arrest"
0 145 84 180 118 338 1 0 1 "Arrest"
0 145 84 180 118 339 1 0 1 "Arrest"
0 145 84 180 118 340 1 0 1 "Arrest"
0 145 84 180 118 341 1 0 1 "Arrest"
0 145 84 180 118 342 1 0 1 "Arrest"
0 145 84 180 118 343 1 0 1 "Arrest"
0 145 84 180 118 344 1 0 1 "Arrest"
0 145 84 180 118 345 1 0 1 "Arrest"
0 145 84 180 118 346 1 0 1 "Arrest"
0 145 84 180 118 347 1 0 1 "Arrest"
0 145 84 180 118 348 1 0 1 "Arrest"
0 145 84 180 118 349 1 0 1 "Arrest"
0 145 84 180 118 350 1 0 1 "Arrest"
0 145 84 180 118 351 1 0 1 "Arrest"
0 145 84 180 118 352 1 0 1 "Arrest"
0 145 84 180 118 353 1 0 1 "Arrest"
0 145 84 180 118 354 1 0 1 "Arrest"
0 145 84 180 118 355 1 0 1 "Arrest"
0 145 84 180 118 356 1 0 1 "Arrest"
0 145 84 180 118 357 1 0 1 "Arrest"
0 145 84 180 118 358 1 0 1 "Arrest"
0 145 84 180 118 359 1 0 1 "Arrest"
0 145 84 180 118 360 1 0 1 "Arrest"
0 145 84 180 118 361 1 0 1 "Arrest"
0 145 84 180 118 362 1 0 1 "Arrest"
0 145 84 180 118 363 1 0 1 "Arrest"
0 145 84 180 118 364 1 0 1 "Arrest"
0 145 84 180 118 365 1 0 1 "Arrest"
0 145 84 180 118 366 1 0 1 "Arrest"
0 145 84 180 118 367 1 0 1 "Arrest"
0 145 84 180 118 368 1 0 1 "Arrest"
0 145 84 180 118 369 1 0 1 "Arrest"
0 145 84 180 118 370 1 0 1 "Arrest"
0 145 84 180 118 371 1 0 1 "Arrest"
0 145 84 180 118 372 1 0 1 "Arrest"
0 145 84 180 118 373 1 0 1 "Arrest"
0 145 84 180 118 374 1 0 1 "Arrest"
0 145 84 180 118 375 1 0 1 "Arrest"
0 145 84 180 118 376 1 0 1 "Arrest"
0 145 84 180 118 377 1 0 1 "Arrest"
0 145 84 180 118 378 1 0 1 "Arrest"
0 145 84 180 118 379 1 0 1 "Arrest"
0 145 84 180 118 380 1 0 1 "Arrest"
0 145 84 180 118 381 1 0 1 "Arrest"
0 145 84 180 118 382 1 0 1 "Arrest"
0 145 84 180 118 383 1 0 1 "Arrest"
0 145 84 180 118 384 1 0 1 "Arrest"
0 145 84 180 118 385 1 0 1 "Arrest"
0 145 84 180 118 386 1 0 1 "Arrest"
0 145 84 180 118 387 1 0 1 "Arrest"
0 145 84 180 118 388 1 0 1 "Arrest"
0 145 84 180 118 389 1 0 1 "Arrest"
0 145 84 180 118 390 1 0 1 "Arrest"
0 145 84 180 118 391 1 0 1 "Arrest"
0 145 84 180 118 392 1 0 1 "Arrest"
0 145 84 180 118 393 1 0 1 "Arrest"
0 145 84 180 118 394 1 0 1 "Arrest"
0 145 84 180 118 395 1 0 1 "Arrest"
0 145 84 180 118 396 1 0 1 "Arrest"
0 145 84 180 118 397 1 0 1 "Arrest"
0 145 84 180 118 398 1 0 1 "Arrest"
0 145 84 180 118 399 1 0 1 "Arrest"
0 145 84 180 118 400 1 0 1 "Arrest"
0 145 84 180 118 401 1 0 1 "Arrest"
0 145 84 180 118 402 1 0 1 "Arrest"
0 145 84 180 118 403 1 0 1 "Arrest"
0 145 84 180 118 404 1 0 1 "Arrest"
0 145 84 180 118 405 1 0 1 "Arrest"
0 145 84 180 118 406 1 0 1 "Arrest"
0 145 84 180 118 407 1 0 1 "Arrest"
0 145 84 180 118 408 1 0 1 "Arrest"
0 145 84 180 118 409 1 0 1 "Arrest"
0 145 84 180 118 410 1 0 1 "Arrest"
0 145 84 180 118 411 1 0 1 "Arrest"
0 145 84 180 118 412 1 0 1 "Arrest"
0 145 84 180 118 413 1 0 1 "Arrest"
0 145 84 180 118 414 1 0 1 "Arrest"
0 145 84 180 118 415 1 0 1 "Arrest"
0 145 84 180 118 416 1 0 1 "Arrest"
0 145 84 180 118 417 1 0 1 "Arrest"
0 145 84 180 118 418 1 0 1 "Arrest"
0 145 84 180 118 419 1 0 1 "Arrest"
0 145 84 180 118 420 1 0 1 "Arrest"
0 145 84 180 118 421 1 0 1 "Arrest"
0 145 84 180 118 422 1 0 1 "Arrest"
0 145 84 180 118 423 1 0 1 "Arrest"
0 145 84 180 118 424 1 0 1 "Arrest"
0 145 84 180 118 425 1 0 1 "Arrest"
0 145 84 180 118 426 1 0 1 "Arrest"
0 145 84 180 118 427 1 0 1 "Arrest"
0 145 84 180 118 428 1 0 1 "Arrest"
0 145 84 180 118 429 1 0 1 "Arrest"
0 145 84 180 118 430 1 0 1 "Arrest"
0 145 84 180 118 431 1 0 1 "Arrest"
0 145 84 180 118 432 1 0 1 "Arrest"
0 145 84 180 118 433 1 0 1 "Arrest"
0 145 84 180 118 434 1 0 1 "Arrest"
0 145 84 180 118 435 1 0 1 "Arrest"
0 145 84 180 118 436 1 0 1 "Arrest"
0 145 84 180 118 437 1 0 1 "Arrest"
0 145 84 180 118 438 1 0 1 "Arrest"
0 145 84 180 118 439 1 0 1 "Arrest"
0 145 84 180 118 440 1 0 1 "Arrest"
0 145 84 180 118 441 1 0 1 "Arrest"
0 145 84 180 118 442 1 0 1 "Arrest"
0 145 84 180 118 443 1 0 1 "Arrest"
0 145 84 180 118 444 1 0 1 "Arrest"
0 145 84 180 118 445 1 0 1 "Arrest"
0 145 84 180 118 446 1 0 1 "Arrest"
0 145 84 180 118 447 1 0 1 "Arrest"
0 145 84 180 118 448 1 0 1 "Arrest"
0 145 84 180 118 449 1 0 1 "Arrest"
0 145 84 180 118 450 1 0 1 "Arrest"
0 145 84 180 118 451 1 0 1 "Arrest"
0 145 84 180 118 452 1 0 1 "Arrest"
0 145 84 180 118 453 1 0 1 "Arrest"
0 145 84 180 118 454 1 0 1 "Arrest"
0 145 84 180 118 455 1 0 1 "Arrest"
0 145 84 180 118 456 1 0 1 "Arrest"
0 145 84 180 118 457 1 0 1 "Arrest"
0 145 84 180 118 458 1 0 1 "Arrest"
0 145 84 180 118 459 1 0 1 "Arrest"
0 145 84 180 118 460 1 0 1 "Arrest"
0 145 84 180 118 461 1 0 1 "Arrest"
0 145 84 180 118 462 1 0 1 "Arrest"
0 145 84 180 118 463 1 0 1 "Arrest"
0 145 84 180 118 464 1 0 1 "Arrest"
0 145 84 180 118 465 1 0 1 "Arrest"
0 145 84 180 118 466 1 0 1 "Arrest"
0 145 84 180 118 467 1 0 1 "Arrest"
0 145 84 180 118 468 1 0 1 "Arrest"
0 145 84 180 118 469 1 0 1 "Arrest"
0 145 84 180 118 470 1 0 1 "Arrest"
0 145 84 180 118 471 1 0 1 "Arrest"
0 145 84 180 118 472 1 0 1 "Arrest"
0 145 84 180 118 473 1 0 1 "Arrest"
0 145 84 180 118 474 1 0 1 "Arrest"
0 145 84 180 118 475 1 0 1 "Arrest"
0 145 84 180 118 476 1 0 1 "Arrest"
0 145 84 180 118 477 1 0 1 "Arrest"
0 145 84 180 118 478 1 0 1 "Arrest"
0 145 84 180 118 479 1 0 1 "Arrest"
0 145 84 180 118 480 1 0 1 "Arrest"
0 145 84 180 118 481 1 0 1 "Arrest"
0 145 84 180 118 482 1 0 1 "Arrest"
0 145 84 180 118 483 1 0 1 "Arrest"
0 145 84 180 118 484 1 0 1 "Arrest"
0 145 84 180 118 485 1 0 1 "Arrest"
0 145 84 180 118 486 1 0 1 "Arrest"
0 145 84 180 118 487 1 0 1 "Arrest"
0 145 84 180 118 488 1 0 1 "Arrest"
0 145 84 180 118 489 1 0 1 "Arrest"
0 145 84 180 118 490 1 0 1 "Arrest"
0 145 84 180 118 491 1 0 1 "Arrest"
0 145 84 180 118 492 1 0 1 "Arrest"
0 145 84 180 118 493 1 0 1 "Arrest"
0 145 84 180 118 494 1 0 1 "Arrest"
0 145 84 180 118 495 1 0 1 "Arrest"
0 145 84 180 118 496 1 0 1 "Arrest"
0 145 84 180 118 497 1 0 1 "Arrest"
0 145 84 180 118 498 1 0 1 "Arrest"
0 145 84 180 118 499 1 0 1 "Arrest"
0 145 84 180 118 500 1 0 1 "Arrest"
0 145 84 180 118 501 1 0 1 "Arrest"
0 145 84 180 118 502 1 0 1 "Arrest"
0 145 84 180 118 503 1 0 1 "Arrest"
0 145 84 180 118 504 1 0 1 "Arrest"
0 145 84 180 118 505 1 0 1 "Arrest"
0 145 84 180 118 506 1 0 1 "Arrest"
0 145 84 180 118 507 1 0 1 "Arrest"
0 145 84 180 118 508 1 0 1 "Arrest"
0 145 84 180 118 509 1 0 1 "Arrest"
0 145 84 180 118 510 1 0 1 "Arrest"
0 145 84 180 118 511 1 0 1 "Arrest"
0 145 84 180 118 512 1 0 1 "Arrest"
0 145 84 180 118 513 1 0 1 "Arrest"
0 145 84 180 118 514 1 0 1 "Arrest"
0 145 84 180 118 515 1 0 1 "Arrest"
0 145 84 180 118 516 1 0 1 "Arrest"
0 145 84 180 118 517 1 0 1 "Arrest"
0 145 84 180 118 518 1 0 1 "Arrest"
0 145 84 180 118 519 1 0 1 "Arrest"
0 145 84 180 118 520 1 0 1 "Arrest"
0 145 84 180 118 521 1 0 1 "Arrest"
0 145 84 180 118 522 1 0 1 "Arrest"
0 145 84 180 118 523 1 0 1 "Arrest"
0 145 84 180 118 524 1 0 1 "Arrest"
0 145 84 180 118 525 1 0 1 "Arrest"
0 145 84 180 118 526 1 0 1 "Arrest"
0 145 84 180 118 527 1 0 1 "Arrest"
0 145 84 180 118 528 1 0 1 "Arrest"
0 145 84 180 118 529 1 0 1 "Arrest"
0 145 84 180 118 530 1 0 1 "Arrest"
0 145 84 180 118 531 1 0 1 "Arrest"
0 145 84 180 118 532 1 0 1 "Arrest"
0 145 84 180 118 533 1 0 1 "Arrest"
0 145 84 180 118 534 1 0 1 "Arrest"
0 145 84 180 118 535 1 0 1 "Arrest"
0 145 84 180 118 536 1 0 1 "Arrest"
0 145 84 180 118 537 1 0 1 "Arrest"
0 145 84 180 118 538 1 0 1 "Arrest"
0 145 84 180 118 539 1 0 1 "Arrest"
0 145 84 180 118 540 1 0 1 "Arrest"
0 145 84 180 118 541 1 0 1 "Arrest"
0 145 84 180 118 542 1 0 1 "Arrest"
0 145 84 180 118 543 1 0 1 "Arrest"
0 145 84 180 118 544 1 0 1 "Arrest"
0 145 84 180 118 545 1 0 1 "Arrest"
0 145 84 180 118 546 1 0 1 "Arrest"
0 145 84 180 118 547 1 0 1 "Arrest"
0 145 84 180 118 548 1 0 1 "Arrest"
0 145 84 180 118 549 1 0 1 "Arrest"
0 145 84 180 118 550 1 0 1 "Arrest"
0 145 84 180 118 551 1 0 1 "Arrest"
0 145 84 180 118 552 1 0 1 "Arrest"
0 145 84 180 118 553 1 0 1 "Arrest"
0 145 84 180 118 554 1 0 1 "Arrest"
0 145 84 180 118 555 1 0 1 "Arrest"
0 145 84 180 118 556 1 0 1 "Arrest"
0 145 84 180 118 557 1 0 1 "Arrest"
0 145 84 180 118 558 1 0 1 "Arrest"
0 145 84 180 118 559 1 0 1 "Arrest"
0 145 84 180 118 560 1 0 1 "Arrest"
0 145 84 180 118 561 1 0 1 "Arrest"
0 145 84 180 118 562 1 0 1 "Arrest"
0 145 84 180 118 563 1 0 1 "Arrest"
0 145 84 180 118 564 1 0 1 "Arrest"
0 145 84 180 118 565 1 0 1 "Arrest"
0 145 84 180 118 566 1 0 1 "Arrest"
0 145 84 180 118 567 1 0 1 "Arrest"
0 145 84 180 118 568 1 0 1 "Arrest"
0 145 84 180 118 569 1 0 1 "Arrest"
0 145 84 180 118 570 1 0 1 "Arrest"
0 145 84 180 118 571 1 0 1 "Arrest"
0 145 84 180 118 572 1 0 1 "Arrest"
0 145 84 180 118 573 1 0 1 "Arrest"
0 145 84 180 118 574 1 0 1 "Arrest"
0 145 84 180 118 575 1 0 1 "Arrest"
0 145 84 180 118 576 1 0 1 "Arrest"
0 145 84 180 118 577 1 0 1 "Arrest"
0 145 84 180 118 578 1 0 1 "Arrest"
0 145 84 180 118 579 1 0 1 "Arrest"
0 145 84 180 118 580 1 0 1 "Arrest"
0 145 84 180 118 581 1 0 1 "Arrest"
0 145 84 180 118 582 1 0 1 "Arrest"
0 145 84 180 118 583 1 0 1 "Arrest"
0 145 84 180 118 584 1 0 1 "Arrest"
0 145 84 180 118 585 1 0 1 "Arrest"
0 145 84 180 118 586 1 0 1 "Arrest"
0 145 84 180 118 587 1 0 1 "Arrest"
0 145 84 180 118 588 1 0 1 "Arrest"
0 145 84 180 118 589 1 0 1 "Arrest"
0 145 84 180 118 590 1 0 1 "Arrest"
0 145 84 180 118 591 1 0 1 "Arrest"
0 145 84 180 118 592 1 0 1 "Arrest"
0 145 84 180 118 593 1 0 1 "Arrest"
0 145 84 180 118 594 1 0 1 "Arrest"
0 145 84 180 118 595 1 0 1 "Arrest"
0 145 84 180 118 596 1 0 1 "Arrest"
0 145 84 180 118 597 1 0 1 "Arrest"
0 145 84 180 118 598 1 0 1 "Arrest"
0 145 84 180 118 599 1 0 1 "Arrest"
0 145 84 180 118 600 1 0 1 "Arrest"
0 145 84 180 118 601 1 0 1 "Arrest"
0 145 84 180 118 602 1 0 1 "Arrest"
0 145 84 180 118 603 1 0 1 "Arrest"
0 145 84 180 118 604 1 0 1 "Arrest"
0 145 84 180 118 605 1 0 1 "Arrest"
0 145 84 180 118 606 1 0 1 "Arrest"
0 145 84 180 118 607 1 0 1 "Arrest"
0 145 84 180 118 608 1 0 1 "Arrest"
0 145 84 180 118 609 1 0 1 "Arrest"
0 145 84 180 118 610 1 0 1 "Arrest"
0 145 84 180 118 611 1 0 1 "Arrest"
0 145 84 180 118 612 1 0 1 "Arrest"
0 145 84 180 118 613 1 0 1 "Arrest"
0 145 84 180 118 614 1 0 1 "Arrest"
0 145 84 180 118 615 1 0 1 "Arrest"
0 145 84 180 118 616 1 0 1 "Arrest"
0 145 84 180 118 617 1 0 1 "Arrest"
0 145 84 180 118 618 1 0 1 "Arrest"
0 145 84 180 118 619 1 0 1 "Arrest"
0 145 84 180 118 620 1 0 1 "Arrest"
0 145 84 180 118 621 1 0 1 "Arrest"
0 145 84 180 118 622 1 0 1 "Arrest"
0 145 84 180 118 623 1 0 1 "Arrest"
0 145 84 180 118 624 1 0 1 "Arrest"
0 145 84 180 118 625 1 0 1 "Arrest"
0 145 84 180 118 626 1 0 1 "Arrest"
0 145 84 180 118 627 1 0 1 "Arrest"
0 145 84 180 118 628 1 0 1 "Arrest"
0 145 84 180 118 629 1 0 1 "Arrest"
0 145 84 180 118 630 1 0 1 "Arrest"
0 145 84 180 118 631 1 0 1 "Arrest"
0 145 84 180 118 632 1 0 1 "Arrest"
0 145 84 180 118 633 1 0 1 "Arrest"
0 145 84 180 118 634 1 0 1 "Arrest"
0 145 84 180 118 635 1 0 1 "Arrest"
0 145 84 180 118 636 1 0 1 "Arrest"
0 145 84 180 118 637 1 0 1 "Arrest"
0 145 84 180 118 638 1 0 1 "Arrest"
0 145 84 180 118 639 1 0 1 "Arrest"
0 145 84 180 118 640 1 0 1 "Arrest"
0 145 84 180 118 641 1 0 1 "Arrest"
0 145 84 180 118 642 1 0 1 "Arrest"
0 145 84 180 118 643 1 0 1 "Arrest"
0 145 84 180 118 644 1 0 1 "Arrest"
0 145 84 180 118 645 1 0 1 "Arrest"
0 145 84 180 118 646 1 0 1 "Arrest"
0 145 84 180 118 647 1 0 1 "Arrest"
0 145 84 180 118 648 1 0 1 "Arrest"
0 145 84 180 118 649 1 0 1 "Arrest"
0 145 84 180 118 650 1 0 1 "Arrest"
0 145 84 180 118 651 1 0 1 "Arrest"
0 145 84 180 118 652 1 0 1 "Arrest"
0 145 84 180 118 653 1 0 1 "Arrest"
0 145 84 180 118 654 1 0 1 "Arrest"
0 145 84 180 118 655 1 0 1 "Arrest"
0 145 84 180 118 656 1 0 1 "Arrest"
0 145 84 180 118 657 1 0 1 "Arrest"
0 145 84 180 118 658 1 0 1 "Arrest"
0 145 84 180 118 659 1 0 1 "Arrest"
0 145 84 180 118 660 1 0 1 "Arrest"
0 145 84 180 118 661 1 0 1 "Arrest"
0 145 84 180 118 662 1 0 1 "Arrest"
0 145 84 180 118 663 1 0 1 "Arrest"
0 145 84 180 118 664 1 0 1 "Arrest"
0 145 84 180 118 665 1 0 1 "Arrest"
0 145 84 180 118 666 1 0 1 "Arrest"
0 145 84 180 118 667 1 0 1 "Arrest"
0 145 84 180 118 668 1 0 1 "Arrest"
0 145 84 180 118 669 1 0 1 "Arrest"
0 145 84 180 118 670 1 0 1 "Arrest"
0 145 84 180 118 671 1 0 1 "Arrest"
0 145 84 180 118 672 1 0 1 "Arrest"
0 145 84 180 118 673 1 0 1 "Arrest"
0 145 84 180 118 674 1 0 1 "Arrest"
0 145 84 180 118 675 1 0 1 "Arrest"
0 145 84 180 118 676 1 0 1 "Arrest"
0 145 84 180 118 677 1 0 1 "Arrest"
0 145 84 180 118 678 1 0 1 "Arrest"
0 145 84 180 118 679 1 0 1 "Arrest"
0 145 84 180 118 680 1 0 1 "Arrest"
0 145 84 180 118 681 1 0 1 "Arrest"
0 145 84 180 118 682 1 0 1 "Arrest"
0 145 84 180 118 683 1 0 1 "Arrest"
0 145 84 180 118 684 1 0 1 "Arrest"
0 145 84 180 118 685 1 0 1 "Arrest"
0 145 84 180 118 686 1 0 1 "Arrest"
0 145 84 180 118 687 1 0 1 "Arrest"
0 145 84 180 118 688 1 0 1 "Arrest"
0 145 84 180 118 689 1 0 1 "Arrest"
0 145 84 180 118 690 1 0 1 "Arrest"
0 145 84 180 118 691 1 0 1 "Arrest"
0 145 84 180 118 692 1 0 1 "Arrest"
0 145 84 180 118 693 1 0 1 "Arrest"
0 145 84 180 118 694 1 0 1 "Arrest"
0 145 84 180 118 695 1 0 1 "Arrest"
0 145 84 180 118 696 1 0 1 "Arrest"
0 145 84 180 118 697 1 0 1 "Arrest"
0 145 84 180 118 698 1 0 1 "Arrest"
0 145 84 180 118 699 1 0 1 "Arrest"
0 145 84 180 118 700 1 0 1 "Arrest"
0 145 84 180 118 701 1 0 1 "Arrest"
0 145 84 180 118 702 1 0 1 "Arrest"
0 145 84 180 118 703 1 0 1 "Arrest"
0 145 84 180 118 704 1 0 1 "Arrest"
0 145 84 180 118 705 1 0 1 "Arrest"
0 145 84 180 118 706 1 0 1 "Arrest"
0 145 84 180 118 707 1 0 1 "Arrest"
0 145 84 180 118 708 1 0 1 "Arrest"
0 145 84 180 118 709 1 0 1 "Arrest"
0 145 84 180 118 710 1 0 1 "Arrest"
0 145 84 180 118 711 1 0 1 "Arrest"
0 145 84 180 118 712 1 0 1 "Arrest"
0 145 84 180 118 713 1 0 1 "Arrest"
0 145 84 180 118 714 1 0 1 "Arrest"
0 145 84 180 118 715 1 0 1 "Arrest"
0 145 84 180 118 716 1 0 1 "Arrest"
0 145 84 180 118 717 1 0 1 "Arrest"
0 145 84 180 118 718 1 0 1 "Arrest"
0 145 84 180 118 719 1 0 1 "Arrest"
0 145 84 180 118 720 1 0 1 "Arrest"
0 145 84 180 118 721 1 0 1 "Arrest"
0 145 84 180 118 722 1 0 1 "Arrest"
0 145 84 180 118 723 1 0 1 "Arrest"
0 145 84 180 118 724 1 0 1 "Arrest"
0 145 84 180 118 725 1 0 1 "Arrest"
0 145 84 180 118 726 1 0 1 "Arrest"
0 145 84 180 118 727 1 0 1 "Arrest"
0 145 84 180 118 728 1 0 1 "Arrest"
0 145 84 180 118 729 1 0 1 "Arrest"
0 145 84 180 118 730 1 0 1 "Arrest"
0 145 84 180 118 731 1 0 1 "Arrest"
0 145 84 180 118 732 1 0 1 "Arrest"
0 145 84 180 118 733 1 0 1 "Arrest"
0 145 84 180 118 734 1 0 1 "Arrest"
0 145 84 180 118 735 1 0 1 "Arrest"
0 145 84 180 118 736 1 0 1 "Arrest"
0 145 84 180 118 737 1 0 1 "Arrest"
0 145 84 180 118 738 1 0 1 "Arrest"
0 145 84 180 118 739 1 0 1 "Arrest"
0 145 84 180 118 740 1 0 1 "Arrest"
0 145 84 180 118 741 1 0 1 "Arrest"
0 145 84 180 118 742 1 0 1 "Arrest"
0 145 84 180 118 743 1 0 1 "Arrest"
0 145 84 180 118 744 1 0 1 "Arrest"
0 145 84 180 118 745 1 0 1 "Arrest"
0 145 84 180 118 746 1 0 1 "Arrest"
0 145 84 180 118 747 1 0 1 "Arrest"
0 145 84 180 118 748 1 0 1 "Arrest"
0 145 84 180 118 749 1 0 1 "Arrest"
0 145 84 180 118 750 1 0 1 "Arrest"
0 145 84 180 118 751 1 0 1 "Arrest"
0 145 84 180 118 752 1 0 1 "Arrest"
0 145 84 180 118 753 1 0 1 "Arrest"
0 145 84 180 118 754 1 0 1 "Arrest"
0 145 84 180 118 755 1 0 1 "Arrest"
0 145 84 180 118 756 1 0 1 "Arrest"
0 145 84 180 118 757 1 0 1 "Arrest"
0 145 84 180 118 758 1 0 1 "Arrest"
0 145 84 180 118 759 1 0 1 "Arrest"
0 145 84 180 118 760 1 0 1 "Arrest"
0 145 84 180 118 761 1 0 1 "Arrest"
0 145 84 180 118 762 1 0 1 "Arrest"
0 145 84 180 118 763 1 0 1 "Arrest"
0 145 84 180 118 764 1 0 1 "Arrest"
0 145 84 180 118 765 1 0 1 "Arrest"
0 145 84 180 118 766 1 0 1 "Arrest"
0 145 84 180 118 767 1 0 1 "Arrest"
0 145 84 180 118 768 1 0 1 "Arrest"
0 145 84 180 118 769 1 0 1 "Arrest"
0 145 84 180 118 770 1 0 1 "Arrest"
0 145 84 180 118 771 1 0 1 "Arrest"
0 145 84 180 118 772 1 0 1 "Arrest"
0 145 84 180 118 773 1 0 1 "Arrest"
0 145 84 180 118 774 1 0 1 "Arrest"
0 145 84 180 118 775 1 0 1 "Arrest"
0 145 84 180 118 776 1 0 1 "Arrest"
0 145 84 180 118 777 1 0 1 "Arrest"
0 145 84 180 118 778 1 0 1 "Arrest"
0 145 84 180 118 779 1 0 1 "Arrest"
0 145 84 180 118 780 1 0 1 "Arrest"
0 145 84 180 118 781 1 0 1 "Arrest"
0 145 84 180 118 782 1 0 1 "Arrest"
0 145 84 180 118 783 1 0 1 "Arrest"
0 145 84 180 118 784 1 0 1 "Arrest"
0 145 84 180 118 785 1 0 1 "Arrest"
0 145 84 180 118 786 1 0 1 "Arrest"
0 145 84 180 118 787 1 0 1 "Arrest"
0 145 84 180 118 788 1 0 1 "Arrest"
0 145 84 180 118 789 1 0 1 "Arrest"
0 145 84 180 118 790 1 0 1 "Arrest"
0 145 84 180 118 791 1 0 1 "Arrest"
0 145 84 180 118 792 1 0 1 "Arrest"
0 145 84 180 118 793 1 0 1 "Arrest"
0 145 84 180 118 794 1 0 1 "Arrest"
0 145 84 180 118 795 1 0 1 "Arrest"
0 145 84 180 118 796 1 0 1 "Arrest"
0 145 84 180 118 797 1 0 1 "Arrest"
0 145 84 180 118 798 1 0 1 "Arrest"
0 145 84 180 118 799 1 0 1 "Arrest"
0 145 84 180 118 800 1 0 1 "Arrest"
0 145 84 180 118 801 1 0 1 "Arrest"
0 145 84 180 118 802 1 0 1 "Arrest"
0 145 84 180 118 803 1 0 1 "Arrest"
0 145 84 180 118 804 1 0 1 "Arrest"
0 145 84 180 118 805 1 0 1 "Arrest"
0 145 84 180 118 806 1 0 1 "Arrest"
0 145 84 180 118 807 1 0 1 "Arrest"
0 145 84 180 118 808 1 0 1 "Arrest"
0 145 84 180 118 809 1 0 1 "Arrest"
0 145 84 180 118 810 1 0 1 "Arrest"
0 145 84 180 118 811 1 0 1 "Arrest"
0 145 84 180 118 812 1 0 1 "Arrest"
0 145 84 180 118 813 1 0 1 "Arrest"
0 145 84 180 118 814 1 0 1 "Arrest"
0 145 84 180 118 815 1 0 1 "Arrest"
0 145 84 180 118 816 1 0 1 "Arrest"
0 145 84 180 118 817 1 0 1 "Arrest"
0 145 84 180 118 818 1 0 1 "Arrest"
0 145 84 180 118 819 1 0 1 "Arrest"
0 145 84 180 118 820 1 0 1 "Arrest"
0 145 84 180 118 821 1 0 1 "Arrest"
0 145 84 180 118 822 1 0 1 "Arrest"
0 145 84 180 118 823 1 0 1 "Arrest"
0 145 84 180 118 824 1 0 1 "Arrest"
0 145 84 180 118 825 1 0 1 "Arrest"
0 145 84 180 118 826 1 0 1 "Arrest"
0 145 84 180 118 827 1 0 1 "Arrest"
0 145 84 180 118 828 1 0 1 "Arrest"
0 145 84 180 118 829 1 0 1 "Arrest"
0 145 84 180 118 830 1 0 1 "Arrest"
0 145 84 180 118 831 1 0 1 "Arrest"
0 145 84 180 118 832 1 0 1 "Arrest"
0 145 84 180 118 833 1 0 1 "Arrest"
0 145 84 180 118 834 1 0 1 "Arrest"
0 145 84 180 118 835 1 0 1 "Arrest"
0 145 84 180 118 836 1 0 1 "Arrest"
0 145 84 180 118 837 1 0 1 "Arrest"
0 145 84 180 118 838 1 0 1 "Arrest"
0 145 84 180 118 839 1 0 1 "Arrest"
0 145 84 180 118 840 1 0 1 "Arrest"
0 145 84 180 118 841 1 0 1 "Arrest"
0 145 84 180 118 842 1 0 1 "Arrest"
0 145 84 180 118 843 1 0 1 "Arrest"
0 145 84 180 118 844 1 0 1 "Arrest"
0 145 84 180 118 845 1 0 1 "Arrest"
0 145 84 180 118 846 1 0 1 "Arrest"
0 145 84 180 118 847 1 0 1 "Arrest"
0 145 84 180 118 848 1 0 1 "Arrest"
0 145 84 180 118 849 1 0 1 "Arrest"
0 145 84 180 118 850 1 0 1 "Arrest"
0 145 84 180 118 851 1 0 1 "Arrest"
0 145 84 180 118 852 1 0 1 "Arrest"
0 145 84 180 118 853 1 0 1 "Arrest"
0 145 84 180 118 854 1 0 1 "Arrest"
0 145 84 180 118 855 1 0 1 "Arrest"
0 145 84 180 118 856 1 0 1 "Arrest"
0 145 84 180 118 857 1 0 1 "Arrest"
0 145 84 180 118 858 1 0 1 "Arrest"
0 145 84 180 118 859 1 0 1 "Arrest"
0 145 84 180 118 860 1 0 1 "Arrest"
0 145 84 180 118 861 1 0 1 "Arrest"
0 145 84 180 118 862 1 0 1 "Arrest"
0 145 84 180 118 863 1 0 1 "Arrest"
0 145 84 180 118 864 1 0 1 "Arrest"
0 145 84 180 118 865 1 0 1 "Arrest"
0 145 84 180 118 866 1 0 1 "Arrest"
0 145 84 180 118 867 1 0 1 "Arrest"
0 145 84 180 118 868 1 0 1 "Arrest"
0 145 84 180 118 869 1 0 1 "Arrest"
0 145 84 180 118 870 1 0 1 "Arrest"
0 145 84 180 118 871 1 0 1 "Arrest"
0 145 84 180 118 872 1 0 1 "Arrest"
0 145 84 180 118 873 1 0 1 "Arrest"
0 145 84 180 118 874 1 0 1 "Arrest"
0 145 84 180 118 875 1 0 1 "Arrest"
0 145 84 180 118 876 1 0 1 "Arrest"
0 145 84 180 118 877 1 0 1 "Arrest"
0 145 84 180 118 878 1 0 1 "Arrest"
0 145 84 180 118 879 1 0 1 "Arrest"
0 145 84 180 118 880 1 0 1 "Arrest"
0 145 84 180 118 881 1 0 1 "Arrest"
0 145 84 180 118 882 1 0 1 "Arrest"
0 145 84 180 118 883 1 0 1 "Arrest"
0 145 84 180 118 884 1 0 1 "Arrest"
0 145 84 180 118 885 1 0 1 "Arrest"
0 145 84 180 118 886 1 0 1 "Arrest"
0 145 84 180 118 887 1 0 1 "Arrest"
0 145 84 180 118 888 1 0 1 "Arrest"
0 145 84 180 118 889 1 0 1 "Arrest"
0 145 84 180 118 890 1 0 1 "Arrest"
0 145 84 180 118 891 1 0 1 "Arrest"
0 145 84 180 118 892 1 0 1 "Arrest"
0 145 84 180 118 893 1 0 1 "Arrest"
0 145 84 180 118 894 1 0 1 "Arrest"
0 145 84 180 118 895 1 0 1 "Arrest"
0 145 84 180 118 896 1 0 1 "Arrest"
0 145 84 180 118 897 1 0 1 "Arrest"
0 145 84 180 118 898 1 0 1 "Arrest"
0 145 84 180 118 899 1 0 1 "Arrest"
0 145 84 180 118 900 1 0 1 "Arrest"
0 145 84 180 118 901 1 0 1 "Arrest"
0 145 85 180 119 902 0 0 0 "Arrest"
0 144 85 180 118 903 0 0 1 "Arrest"
0 143 85 180 118 904 0 0 1 "Arrest"
0 142 85 180 118 905 0 0 1 "Arrest"
0 142 85 180 118 906 0 0 1 "Arrest"
0 141 85 180 118 907 0 0 1 "Arrest"
0 140 85 180 118 908 0 0 1 "Arrest"
0 139 85 180 118 909 0 0 1 "Arrest"
0 139 85 180 118 910 0 0 1 "Arrest"
0 138 85 180 118 911 0 0 1 "Arrest"
0 137 85 180 118 912 0 0 1 "Arrest"
0 137 85 180 118 913 0 0 0 "Arrest"
0 136 84 180 118 914 0 0 1 "Arrest"
0 136 84 180 118 915 0 0 1 "Arrest"
0 136 84 180 118 916 0 0 1 "Arrest"
0 136 84 180 118 917 0 0 1 "Arrest"
0 136 84 180 118 918 0 0 1 "Arrest"
0 136 84 180 118 919 0 0 1 "Arrest"
0 136 84 180 118 920 0 0 1 "Arrest"
0 136 84 180 118 921 0 0 1 "Arrest"
0 136 84 180 118 922 0 0 1 "Arrest"
0 136 84 180 118 923 0 0 1 "Arrest"
0 136 84 180 118 924 0 0 1 "Arrest"
0 136 84 180 118 925 0 0 1 "Arrest"
0 136 84 180 118 926 0 0 1 "Arrest"
0 136 84 180 118 927 0 0 1 "Arrest"
0 136 84 180 118 928 0 0 1 "Arrest"
0 136 84 180 118 929 0 0 1 "Arrest"
0 136 84 181 118 930 0 0 1 "Arrest"
0 136 84 181 118 931 0 0 1 "Arrest"
0 136 84 181 118 932 0 0 1 "Arrest"
0 136 84 181 118 933 0 0 1 "Arrest"
0 136 84 181 118 934 0 0 1 "Arrest"
0 136 84 181 118 935 0 0 1 "Arrest"
0 136 84 181 118 936 0 0 1 "Arrest"
0 136 84 181 118 937 0 0 1 "Arrest"
0 136 84 181 118 938 0 0 1 "Arrest"
0 136 84 181 118 939 0 0 1 "Arrest"
0 136 84 181 118 940 0 0 1 "Arrest"
0 136 84 181 118 941 0 0 1 "Arrest"
0 136 84 181 118 942 0 0 1 "Arrest"
0 136 84 181 118 943 0 0 1 "Arrest"
0 136 84 181 118 944 0 0 1 "Arrest"
0 136 84 181 118 945 0 0 1 "Arrest"
0 136 84 182 118 946 0 0 1 "Arrest"
0 136 84 182 118 947 0 0 1 "Arrest"
0 136 84 182 118 948 0 0 1 "Arrest"
0 136 84 182 118 949 0 0 1 "Arrest"
0 136 84 182 118 950 0 0 1 "Arrest"
0 136 84 182 118 951 0 0 1 "Arrest"
0 136 84 182 118 952 0 0 1 "Arrest"
0 136 84 182 118 953 0 0 1 "Arrest"
0 136 84 182 118 954 0 0 1 "Arrest"
0 136 84 182 118 955 0 0 1 "Arrest"
0 136 84 182 118 956 0 0 1 "Arrest"
0 136 84 182 118 957 0 0 1 "Arrest"
0 136 84 182 118 958 0 0 1 "Arrest"
0 136 83 182 118 959 0 0 1 "Arrest"
0 136 83 182 118 960 0 0 1 "Arrest"
0 136 83 182 118 961 0 0 1 "Arrest"
0 136 83 183 118 962 0 0 1 "Arrest"
0 136 83 183 118 963 0 0 1 "Arrest"
0 136 83 183 118 964 0 0 1 "Arrest"
0 136 83 183 118 965 0 0 1 "Arrest"
0 136 83 183 118 966 0 0 1 "Arrest"
0 136 83 183 118 967 0 0 1 "Arrest"
0 136 83 183 118 968 0 0 1 "Arrest"
0 136 83 183 118 969 0 0 1 "Arrest"
0 136 83 183 119 970 0 0 1 "Arrest"
0 136 83 183 119 971 0 0 1 "Arrest"
0 136 83 183 119 972 0 0 1 "Arrest"
0 136 83 183 119 973 0 0 1 "Arrest"
0 136 83 183 119 974 0 0 1 "Arrest"
0 136 83 183 119 975 0 0 1 "Arrest"
0 136 83 183 119 976 0 0 1 "Arrest"
0 136 83 183 119 977 0 0 1 "Arrest"
0 136 83 183 119 978 0 0 1 "Arrest"
0 136 83 184 119 979 0 0 1 "Arrest"
0 136 83 184 119 980 0 0 1 "Arrest"
0 136 83 184 119 981 0 0 1 "Arrest"
0 136 83 184 119 982 0 0 1 "Arrest"
0 136 83 184 119 983 0 0 1 "Arrest"
0 136 83 184 119 984 0 0 1 "Arrest"
0 136 83 184 119 985 0 0 1 "Arrest"
0 136 83 184 119 986 0 0 1 "Arrest"
0 136 83 184 119 987 0 0 1 "Arrest"
0 136 83 184 119 988 0 0 1 "Arrest"
0 136 83 184 119 989 0 0 1 "Arrest"
0 135 83 184 119 990 0 0 1 "Arrest"
0 135 83 184 119 991 0 0 1 "Arrest"
0 135 83 184 119 992 0 0 1 "Arrest"
0 135 83 184 119 993 0 0 1 "Arrest"
0 135 83 184 119 994 0 0 1 "Arrest"
0 135 83 185 119 995 0 0 1 "Arrest"
0 135 83 185 119 996 0 0 1 "Arrest"
0 135 83 185 119 997 0 0 1 "Arrest"
0 135 83 185 119 998 0 0 1 "Arrest"
0 135 83 185 119 999 0 0 1 "Arrest"
0 135 83 185 119 1000 0 0 1 "Arrest"
0 135 83 185 119 1001 0 0 1 "Arrest"
0 135 83 185 119 1002 0 0 1 "Arrest"
0 135 83 185 119 1003 0 0 1 "Arrest"
0 135 83 185 119 1004 0 0 1 "Arrest"
0 135 82 185 119 1005 0 0 1 "Arrest"
0 135 82 185 119 1006 0 0 1 "Arrest"
0 135 82 185 119 1007 0 0 1 "Arrest"
0 135 82 185 119 1008 0 0 1 "Arrest"
0 135 82 185 119 1009 0 0 1 "Arrest"
0 135 82 185 119 1010 0 0 1 "Arrest"
0 135 82 186 119 1011 0 0 1 "Arrest"
0 135 82 186 119 1012 0 0 1 "Arrest"
0 135 82 186 119 1013 0 0 1 "Arrest"
0 135 82 186 119 1014 0 0 1 "Arrest"
0 135 82 186 119 1015 0 0 1 "Arrest"
0 135 82 186 119 1016 0 0 1 "Arrest"
0 135 82 186 119 1017 0 0 1 "Arrest"
0 135 82 186 119 1018 0 0 1 "Arrest"
0 135 82 186 119 1019 0 0 1 "Arrest"
0 135 82 186 119 1020 0 0 1 "Arrest"
0 135 82 186 119 1021 0 0 1 "Arrest"
0 135 82 186 119 1022 0 0 1 "Arrest"
0 135 82 186 119 1023 0 0 1 "Arrest"
0 135 82 186 119 1024 0 0 1 "Arrest"
0 135 82 186 119 1025 0 0 1 "Arrest"
0 135 82 186 119 1026 0 0 1 "Arrest"
0 135 82 187 120 1027 0 0 1 "Arrest"
0 135 82 187 120 1028 0 0 1 "Arrest"
0 135 82 187 120 1029 0 0 1 "Arrest"
0 135 82 187 120 1030 0 0 1 "Arrest"
0 135 82 187 120 1031 0 0 1 "Arrest"
0 135 82 187 120 1032 0 0 1 "Arrest"
0 135 82 187 120 1033 0 0 1 "Arrest"
0 135 82 187 120 1034 0 0 1 "Arrest"
0 135 82 187 120 1035 0 0 1 "Arrest"
0 135 82 187 120 1036 0 0 1 "Arrest"
0 135 82 187 120 1037 0 0 1 "Arrest"
0 135 82 187 120 1038 0 0 1 "Arrest"
0 135 82 187 120 1039 0 0 1 "Arrest"
0 135 82 187 120 1040 0 0 1 "Arrest"
0 135 82 187 120 1041 0 0 1 "Arrest"
0 135 82 187 120 1042 0 0 1 "Arrest"
0 135 82 187 120 1043 0 0 1 "Arrest"
0 135 82 188 120 1044 0 0 1 "Arrest"
0 135 82 188 120 1045 0 0 1 "Arrest"
0 135 82 188 120 1046 0 0 1 "Arrest"
0 135 82 188 120 1047 0 0 1 "Arrest"
0 135 82 188 120 1048 0 0 1 "Arrest"
0 135 82 188 120 1049 0 0 1 "Arrest"
0 135 81 188 120 1050 0 0 1 "Arrest"
0 135 81 188 120 1051 0 0 1 "Arrest"
0 135 81 188 120 1052 0 0 1 "Arrest"
0 135 81 188 120 1053 0 0 1 "Arrest"
0 135 81 188 120 1054 0 0 1 "Arrest"
0 135 81 188 120 1055 0 0 1 "Arrest"
0 135 81 188 120 1056 0 0 1 "Arrest"
0 135 81 188 120 1057 0 0 1 "Arrest"
0 135 81 188 120 1058 0 0 1 "Arrest"
0 135 81 188 120 1059 0 0 1 "Arrest"
0 135 81 189 120 1060 0 0 1 "Arrest"
0 135 81 189 120 1061 0 0 1 "Arrest"
0 135 81 189 120 1062 0 0 1 "Arrest"
0 135 81 189 120 1063 0 0 1 "Arrest"
0 135 81 189 120 1064 0 0 1 "Arrest"
0 135 81 189 120 1065 0 0 1 "Arrest"
0 134 81 189 120 1066 0 0 1 "Arrest"
0 134 81 189 120 1067 0 0 1 "Arrest"
0 134 81 189 120 1068 0 0 1 "Arrest"
0 134 81 189 120 1069 0 0 1 "Arrest"
0 134 81 189 120 1070 0 0 1 "Arrest"
0 134 81 189 120 1071 0 0 1 "Arrest"
0 134 81 189 120 1072 0 0 1 "Arrest"
0 134 81 189 120 1073 0 0 1 "Arrest"
0 134 81 189 120 1074 0 0 1 "Arrest"
0 134 81 189 120 1075 0 0 1 "Arrest"
0 134 81 190 120 1076 0 0 1 "Arrest"
0 134 81 190 120 1077 0 0 1 "Arrest"
0 134 81 190 120 1078 0 0 1 "Arrest"
0 134 81 190 120 1079 0 0 1 "Arrest"
0 134 81 190 120 1080 0 0 1 "Arrest"
0 134 81 190 120 1081 0 0 1 "Arrest"
0 134 81 190 120 1082 0 0 1 "Arrest"
0 134 81 190 120 1083 0 0 1 "Arrest"
0 134 81 190 121 1084 0 0 1 "Arrest"
0 134 81 190 121 1085 0 0 1 "Arrest"
0 134 81 190 121 1086 0 0 1 "Arrest"
0 134 81 190 121 1087 0 0 1 "Arrest"
0 134 81 190 121 1088 0 0 1 "Arrest"
0 134 81 190 121 1089 0 0 1 "Arrest"
0 134 81 190 121 1090 0 0 1 "Arrest"
0 134 81 190 121 1091 0 0 1 "Arrest"
0 134 81 190 121 1092 0 0 1 "Arrest"
0 134 81 191 121 1093 0 0 1 "Arrest"
0 134 81 191 121 1094 0 0 1 "Arrest"
0 134 81 191 121 1095 0 0 1 "Arrest"
0 134 80 191 121 1096 0 0 1 "Arrest"
0 134 80 191 121 1097 0 0 1 "Arrest"
0 134 80 191 121 1098 0 0 1 "Arrest"
0 134 80 191 121 1099 0 0 1 "Arrest"
0 134 80 191 121 1100 0 0 1 "Arrest"
0 134 80 191 121 1101 0 0 1 "Arrest"
0 134 80 191 121 1102 0 0 1 "Arrest"
0 134 80 191 121 1103 0 0 1 "Arrest"
0 134 80 191 121 1104 0 0 1 "Arrest"
0 134 80 191 121 1105 0 0 1 "Arrest"
0 134 80 191 121 1106 0 0 1 "Arrest"
0 134 80 191 121 1107 0 0 1 "Arrest"
0 134 80 191 121 1108 0 0 1 "Arrest"
0 134 80 192 121 1109 0 0 1 "Arrest"
0 134 80 192 121 1110 0 0 1 "Arrest"
0 134 80 192 121 1111 0 0 1 "Arrest"
0 134 80 192 121 1112 0 0 1 "Arrest"
0 134 80 192 121 1113 0 0 1 "Arrest"
0 134 80 192 121 1114 0 0 1 "Arrest"
0 134 80 192 121 1115 0 0 1 "Arrest"
0 134 80 192 121 1116 0 0 1 "Arrest"
0 134 80 192 121 1117 0 0 1 "Arrest"
0 134 80 192 121 1118 0 0 1 "Arrest"
0 134 80 192 121 1119 0 0 1 "Arrest"
0 134 80 192 121 1120 0 0 1 "Arrest"
0 134 80 192 121 1121 0 0 1 "Arrest"
0 134 80 192 121 1122 0 0 1 "Arrest"
0 134 80 192 121 1123 0 0 1 "Arrest"
0 134 80 192 121 1124 0 0 1 "Arrest"
0 134 80 193 121 1125 0 0 1 "Arrest"
0 134 80 193 121 1126 0 0 1 "Arrest"
0 134 80 193 121 1127 0 0 1 "Arrest"
0 134 80 193 121 1128 0 0 1 "Arrest"
0 134 80 193 121 1129 0 0 1 "Arrest"
0 134 80 193 121 1130 0 0 1 "Arrest"
0 134 80 193 121 1131 0 0 1 "Arrest"
0 134 80 193 121 1132 0 0 1 "Arrest"
0 134 80 193 121 1133 0 0 1 "Arrest"
0 134 80 193 121 1134 0 0 1 "Arrest"
0 134 80 193 121 1135 0 0 1 "Arrest"
0 134 80 193 121 1136 0 0 1 "Arrest"
0 134 80 193 121 1137 0 0 1 "Arrest"
0 134 80 193 121 1138 0 0 1 "Arrest"
0 134 80 193 121 1139 0 0 1 "Arrest"
0 134 80 193 121 1140 0 0 1 "Arrest"
0 134 80 194 122 1141 0 0 0 "Arrest"
0 134 80 194 121 1142 0 0 1 "Arrest"
0 134 80 194 121 1143 0 0 1 "Arrest"
0 134 80 194 121 1144 0 0 1 "Arrest"
0 134 80 194 121 1145 0 0 1 "Arrest"
0 134 80 194 121 1146 0 0 1 "Arrest"
0 134 80 194 121 1147 0 0 1 "Arrest"
0 134 80 194 121 1148 0 0 1 "Arrest"
0 134 80 194 121 1149 0 0 1 "Arrest"
0 135 80 194 121 1150 0 0 1 "Arrest"
0 135 80 194 121 1151 0 0 1 "Arrest"
0 135 80 194 121 1152 0 0 1 "Arrest"
0 135 80 194 121 1153 0 0 1 "Arrest"
0 135 80 194 121 1154 0 0 1 "Arrest"
0 135 80 194 121 1155 0 0 1 "Arrest"
0 135 80 194 121 1156 0 0 1 "Arrest"
0 135 80 194 121 1157 0 0 1 "Arrest"
0 136 80 194 121 1158 0 0 1 "Arrest"
0 136 80 194 121 1159 0 0 1 "Arrest"
0 136 80 194 121 1160 0 0 1 "Arrest"
0 136 80 194 121 1161 0 0 1 "Arrest"
0 136 80 194 121 1162 0 0 1 "Arrest"
0 136 80 194 121 1163 0 0 1 "Arrest"
0 136 80 194 121 1164 0 0 1 "Arrest"
0 136 80 194 121 1165 0 0 1 "Arrest"
0 137 80 194 121 1166 0 0 1 "Arrest"
0 137 80 194 121 1167 0 0 1 "Arrest"
0 137 80 194 121 1168 0 0 1 "Arrest"
0 137 80 194 121 1169 0 0 1 "Arrest"
0 137 80 194 121 1170 0 0 1 "Arrest"
0 137 80 194 121 1171 0 0 1 "Arrest"
0 137 80 194 121 1172 0 0 1 "Arrest"
0 137 80 194 121 1173 0 0 1 "Arrest"
0 137 80 194 121 1174 0 0 1 "Arrest"
0 138 80 194 121 1175 0 0 1 "Arrest"
0 138 80 194 121 1176 0 0 1 "Arrest"
0 138 80 194 121 1177 0 0 1 "Arrest"
0 138 80 194 121 1178 0 0 1 "Arrest"
0 138 80 194 121 1179 0 0 1 "Arrest"
0 138 80 194 121 1180 0 0 1 "Arrest"
0 138 80 194 121 1181 0 0 1 "Arrest"
0 138 80 194 121 1182 0 0 1 "Arrest"
0 139 80 194 121 1183 0 0 1 "Arrest"
0 139 80 194 121 1184 0 0 1 "Arrest"
0 139 80 194 121 1185 0 0 1 "Arrest"
0 139 80 194 121 1186 0 0 1 "Arrest"
0 139 80 194 121 1187 0 0 1 "Arrest"
0 139 80 194 121 1188 0 0 1 "Arrest"
0 139 80 194 121 1189 0 0 1 "Arrest"
0 139 80 194 121 1190 0 0 1 "Arrest"
0 140 80 194 121 1191 0 0 1 "Arrest"
0 140 80 194 121 1192 0 0 1 "Arrest"
0 140 80 194 121 1193 0 0 1 "Arrest"
0 140 80 194 121 1194 0 0 1 "Arrest"
0 140 80 194 121 1195 0 0 1 "Arrest"
0 140 80 194 121 1196 0 0 1 "Arrest"
0 140 80 194 121 1197 0 0 1 "Arrest"
0 140 80 194 121 1198 0 0 1 "Arrest"
0 141 80 194 121 1199 0 0 1 "Arrest"
0 141 80 194 121 1200 0 0 1 "Arrest"
0 141 80 194 121 1201 0 0 1 "Arrest"
0 141 80 194 121 1202 0 0 1 "Arrest"
0 141 80 194 121 1203 0 0 1 "Arrest"
0 141 80 194 121 1204 0 0 1 "Arrest"
0 141 80 194 121 1205 0 0 1 "Arrest"
0 141 80 194 121 1206 0 0 1 "Arrest"
0 141 80 194 121 1207 0 0 1 "Arrest"
0 142 80 194 121 1208 0 0 1 "Arrest"
0 142 80 194 121 1209 0 0 1 "Arrest"
0 142 80 194 121 1210 0 0 1 "Arrest"
0 142 80 194 121 1211 0 0 1 "Arrest"
0 142 80 194 121 1212 0 0 1 "Arrest"
0 142 80 194 121 1213 0 0 1 "Arrest"
0 142 80 194 121 1214 0 0 1 "Arrest"
0 142 80 194 121 1215 0 0 1 "Arrest"
0 143 80 194 121 1216 0 0 1 "Arrest"
0 143 80 194 121 1217 0 0 1 "Arrest"
0 143 80 194 121 1218 0 0 1 "Arrest"
0 143 80 194 121 1219 0 0 1 "Arrest"
0 143 80 194 121 1220 0 0 1 "Arrest"
0 143 80 194 121 1221 0 0 1 "Arrest"
0 143 80 194 121 1222 0 0 1 "Arrest"
0 143 80 194 121 1223 0 0 1 "Arrest"
0 144 80 194 121 1224 0 0 1 "Arrest"
0 144 80 194 121 1225 0 0 1 "Arrest"
0 144 80 194 121 1226 0 0 1 "Arrest"
0 144 80 194 121 1227 0 0 1 "Arrest"
0 144 80 194 121 1228 0 0 1 "Arrest"
0 144 80 194 121 1229 0 0 1 "Arrest"
0 144 80 194 121 1230 0 0 1 "Arrest"
0 144 80 194 121 1231 0 0 1 "Arrest"
0 144 80 194 121 1232 0 0 1 "Arrest"
0 145 80 194 121 1233 0 0 1 "Arrest"
0 145 80 194 121 1234 0 0 1 "Arrest"
0 145 80 194 121 1235 0 0 1 "Arrest"
0 145 80 194 121 1236 0 0 1 "Arrest"
0 145 80 194 121 1237 0 0 1 "Arrest"
0 145 80 194 121 1238 0 0 1 "Arrest"
0 145 80 194 121 1239 0 0 1 "Arrest"
0 145 80 194 121 1240 0 0 1 "Arrest"
0 146 80 194 121 1241 0 0 1 "Arrest"
0 146 80 194 121 1242 0 0 1 "Arrest"
0 146 80 194 121 1243 0 0 1 "Arrest"
0 146 80 194 121 1244 0 0 1 "Arrest"
0 146 80 194 121 1245 0 0 1 "Arrest"
0 146 80 194 121 1246 0 0 1 "Arrest"
0 146 80 194 121 1247 0 0 1 "Arrest"
0 146 80 194 121 1248 0 0 1 "Arrest"
0 147 80 194 121 1249 0 0 1 "Arrest"
0 147 80 194 121 1250 0 0 1 "Arrest"
0 147 80 194 121 1251 0 0 1 "Arrest"
0 147 80 194 121 1252 0 0 1 "Arrest"
0 147 80 194 121 1253 0 0 1 "Arrest"
0 147 80 194 121 1254 0 0 1 "Arrest"
0 147 80 194 121 1255 0 0 1 "Arrest"
0 147 80 194 121 1256 0 0 1 "Arrest"
0 148 80 194 121 1257 0 0 0 "Arrest"
0 148 80 195 121 1258 0 0 1 "Arrest"
0 148 80 196 121 1259 0 0 1 "Arrest"
0 148 80 197 121 1260 0 0 1 "Arrest"
0 148 80 199 122 1261 0 0 1 "Arrest"
0 148 80 200 122 1262 0 0 1 "Arrest"
0 148 80 201 122 1263 0 0 1 "Arrest"
0 148 80 203 123 1264 0 0 0 "Arrest"
0 148 80 203 123 1265 0 0 1 "Arrest"
0 149 80 204 123 1266 0 0 1 "Arrest"
0 149 80 204 123 1267 0 0 1 "Arrest"
0 150 80 205 123 1268 0 0 1 "Arrest"
0 150 80 205 123 1269 0 0 1 "Arrest"
0 151 80 206 123 1270 0 0 1 "Arrest"
0 151 80 206 123 1271 0 0 1 "Arrest"
0 152 80 207 123 1272 0 0 1 "Arrest"
0 152 80 207 123 1273 0 0 1 "Arrest"
0 153 80 208 123 1274 0 0 1 "Arrest"
0 153 80 208 123 1275 0 0 1 "Arrest"
0 154 80 209 123 1276 0 0 1 "Arrest"
0 155 80 210 123 1277 0 0 0 "Arrest"
0 155 80 210 122 1278 0 0 1 "Arrest"
0 155 80 210 122 1279 0 0 1 "Arrest"
0 155 80 211 122 1280 0 0 1 "Arrest"
0 155 80 211 122 1281 0 0 1 "Arrest"
0 155 80 211 122 1282 0 0 1 "Arrest"
0 155 80 212 122 1283 0 0 1 "Arrest"
0 155 80 212 122 1284 0 0 1 "Arrest"
0 155 80 212 122 1285 0 0 1 "Arrest"
0 155 80 213 122 1286 0 0 1 "Arrest"
0 155 80 213 122 1287 0 0 1 "Arrest"
0 155 80 213 122 1288 0 0 1 "Arrest"
0 155 80 214 122 1289 0 0 1 "Arrest"
0 155 80 214 122 1290 0 0 1 "Arrest"
0 155 80 215 122 1291 0 0 1 "Arrest"
0 155 80 215 122 1292 0 0 1 "Arrest"
0 155 80 215 122 1293 0 0 1 "Arrest"
0 155 80 216 122 1294 0 0 1 "Arrest"
0 155 80 216 122 1295 0 0 1 "Arrest"
0 155 80 216 122 1296 0 0 1 "Arrest"
0 155 80 217 122 1297 0 0 1 "Arrest"
0 155 80 217 122 1298 0 0 1 "Arrest"
0 155 80 217 122 1299 0 0 1 "Arrest"
0 155 80 218 122 1300 0 0 1 "Arrest"
0 155 80 218 122 1301 0 0 1 "Arrest"
0 155 80 219 122 1302 0 0 0 "Arrest"
0 155 79 219 121 1303 0 0 1 "Arrest"
0 155 79 219 121 1304 0 0 1 "Arrest"
0 155 79 219 121 1305 0 0 1 "Arrest"
0 155 78 219 120 1306 0 0 1 "Arrest"
0 155 78 219 120 1307 0 0 1 "Arrest"
0 155 78 219 120 1308 0 0 1 "Arrest"
0 155 77 219 119 1309 0 0 1 "Arrest"
0 155 77 219 119 1310 0 0 1 "Arrest"
0 155 77 219 119 1311 0 0 1 "Arrest"
0 155 76 219 118 1312 0 0 1 "Arrest"
0 155 76 219 118 1313 0 0 1 "Arrest"
0 155 76 219 118 1314 0 0 1 "Arrest"
0 155 75 219 117 1315 0 0 1 "Arrest"
0 155 75 219 117 1316 0 0 1 "Arrest"
0 155 75 219 117 1317 0 0 1 "Arrest"
0 156 75 220 117 1318 0 0 0 "Arrest"
0 156 75 219 117 1319 0 0 1 "Arrest"
0 156 75 218 117 1320 0 0 1 "Arrest"
0 156 75 217 117 1321 0 0 1 "Arrest"
0 156 75 216 117 1322 0 0 1 "Arrest"
0 156 75 215 117 1323 0 0 1 "Arrest"
0 156 75 214 117 1324 0 0 1 "Arrest"
0 156 75 214 117 1325 0 0 1 "Arrest"
0 156 75 213 117 1326 0 0 1 "Arrest"
0 156 75 212 117 1327 0 0 1 "Arrest"
0 156 75 211 117 1328 0 0 1 "Arrest"
0 156 76 210 117 1329 0 0 1 "Arrest"
0 156 76 209 117 1330 0 0 1 "Arrest"
0 156 76 209 117 1331 0 0 1 "Arrest"
0 156 76 208 117 1332 0 0 1 "Arrest"
0 156 76 207 118 1333 0 0 1 "Arrest"
0 156 76 206 118 1334 0 0 1 "Arrest"
0 156 76 205 118 1335 0 0 1 "Arrest"
0 156 76 204 118 1336 0 0 1 "Arrest"
0 156 76 204 118 1337 0 0 1 "Arrest"
0 156 76 203 118 1338 0 0 1 "Arrest"
0 156 76 202 118 1339 0 0 1 "Arrest"
0 156 77 201 118 1340 0 0 1 "Arrest"
0 156 77 200 118 1341 0 0 1 "Arrest"
0 156 77 199 118 1342 0 0 1 "Arrest"
0 156 77 198 118 1343 0 0 1 "Arrest"
0 156 77 198 118 1344 0 0 1 "Arrest"
0 156 77 197 118 1345 0 0 1 "Arrest"
0 156 77 196 118 1346 0 0 1 "Arrest"
0 156 77 195 118 1347 0 0 1 "Arrest"
0 156 77 194 119 1348 0 0 1 "Arrest"
0 156 77 193 119 1349 0 0 1 "Arrest"
0 156 77 193 119 1350 0 0 1 "Arrest"
0 156 78 192 119 1351 0 0 1 "Arrest"
0 156 78 191 119 1352 0 0 1 "Arrest"
0 156 78 190 119 1353 0 0 1 "Arrest"
0 156 78 189 119 1354 0 0 1 "Arrest"
0 156 78 188 119 1355 0 0 1 "Arrest"
0 156 78 188 119 1356 0 0 1 "Arrest"
0 156 78 187 119 1357 0 0 1 "Arrest"
0 156 78 186 119 1358 0 0 1 "Arrest"
0 156 78 185 119 1359 0 0 1 "Arrest"
0 156 78 184 119 1360 0 0 1 "Arrest"
0 156 78 183 119 1361 0 0 1 "Arrest"
0 156 79 183 120 1362 0 0 0 "Arrest"
0 156 78 183 119 1363 0 0 1 "Arrest"
0 156 78 183 119 1364 0 0 1 "Arrest"
0 156 78 183 119 1365 0 0 1 "Arrest"
0 156 78 183 119 1366 0 0 1 "Arrest"
0 156 78 183 119 1367 0 0 1 "Arrest"
0 156 78 183 119 1368 0 0 1 "Arrest"
0 156 78 183 119 1369 0 0 1 "Arrest"
0 156 78 183 119 1370 0 0 1 "Arrest"
0 156 78 183 119 1371 0 0 1 "Arrest"
0 156 78 183 119 1372 0 0 1 "Arrest"
0 156 78 183 119 1373 0 0 1 "Arrest"
0 156 78 183 119 1374 0 0 1 "Arrest"
0 156 78 183 119 1375 0 0 1 "Arrest"
0 156 78 183 119 1376 0 0 1 "Arrest"
0 156 78 183 119 1377 0 0 1 "Arrest"
0 156 78 183 119 1378 0 0 1 "Arrest"
0 156 78 183 119 1379 0 0 1 "Arrest"
0 156 78 183 119 1380 0 0 1 "Arrest"
0 156 78 183 119 1381 0 0 1 "Arrest"
0 156 77 183 118 1382 0 0 1 "Arrest"
0 156 77 183 118 1383 0 0 1 "Arrest"
0 156 77 183 118 1384 0 0 1 "Arrest"
0 156 77 183 118 1385 0 0 1 "Arrest"
0 156 77 183 118 1386 0 0 1 "Arrest"
0 156 77 183 118 1387 0 0 1 "Arrest"
0 156 77 183 118 1388 0 0 1 "Arrest"
0 156 77 183 118 1389 0 0 1 "Arrest"
0 156 77 183 118 1390 0 0 1 "Arrest"
0 156 77 183 118 1391 0 0 1 "Arrest"
0 156 77 183 118 1392 0 0 1 "Arrest"
0 156 77 183 118 1393 0 0 1 "Arrest"
0 156 77 183 118 1394 0 0 1 "Arrest"
0 156 77 183 118 1395 0 0 1 "Arrest"
0 156 77 183 118 1396 0 0 1 "Arrest"
0 156 77 183 118 1397 0 0 1 "Arrest"
0 156 77 183 118 1398 0 0 1 "Arrest"
0 156 77 183 118 1399 0 0 1 "Arrest"
0 156 77 183 118 1400 0 0 1 "Arrest"
0 156 76 183 117 1401 0 0 1 "Arrest"
0 156 76 183 117 1402 0 0 1 "Arrest"
0 156 76 183 117 1403 0 0 1 "Arrest"
0 156 76 183 117 1404 0 0 1 "Arrest"
0 156 76 183 117 1405 0 0 1 "Arrest"
0 156 76 183 117 1406 0 0 1 "Arrest"
0 156 76 183 117 1407 0 0 1 "Arrest"
0 156 76 183 117 1408 0 0 1 "Arrest"
0 156 76 183 117 1409 0 0 1 "Arrest"
0 156 76 183 117 1410 0 0 1 "Arrest"
0 156 76 183 117 1411 0 0 1 "Arrest"
0 156 76 183 117 1412 0 0 1 "Arrest"
0 156 76 183 117 1413 0 0 1 "Arrest"
0 156 76 183 117 1414 0 0 1 "Arrest"
0 156 76 183 117 1415 0 0 1 "Arrest"
0 156 76 183 117 1416 0 0 1 "Arrest"
0 156 76 183 117 1417 0 0 1 "Arrest"
0 156 76 183 117 1418 0 0 1 "Arrest"
0 156 76 183 117 1419 0 0 1 "Arrest"
0 156 76 183 117 1420 0 0 1 "Arrest"
0 156 75 183 116 1421 0 0 1 "Arrest"
0 156 75 183 116 1422 0 0 1 "Arrest"
0 156 75 183 116 1423 0 0 1 "Arrest"
0 156 75 183 116 1424 0 0 1 "Arrest"
0 156 75 183 116 1425 0 0 1 "Arrest"
0 156 75 183 116 1426 0 0 1 "Arrest"
0 156 75 183 116 1427 0 0 1 "Arrest"
0 156 75 183 116 1428 0 0 1 "Arrest"
0 156 75 183 116 1429 0 0 1 "Arrest"
0 156 75 183 116 1430 0 0 1 "Arrest"
0 156 75 183 116 1431 0 0 1 "Arrest"
0 156 75 183 116 1432 0 0 1 "Arrest"
0 156 75 183 116 1433 0 0 1 "Arrest"
0 156 75 183 116 1434 0 0 1 "Arrest"
0 156 75 183 116 1435 0 0 1 "Arrest"
0 156 75 183 116 1436 0 0 1 "Arrest"
0 156 75 183 116 1437 0 0 1 "Arrest"
0 156 75 183 116 1438 0 0 1 "Arrest"
0 156 75 183 116 1439 0 0 1 "Arrest"
0 156 74 183 115 1440 0 0 1 "Arrest"
0 156 74 183 115 1441 0 0 1 "Arrest"
0 156 74 183 115 1442 0 0 1 "Arrest"
0 156 74 183 115 1443 0 0 1 "Arrest"
0 156 74 183 115 1444 0 0 1 "Arrest"
0 156 74 183 115 1445 0 0 1 "Arrest"
0 156 74 183 115 1446 0 0 1 "Arrest"
0 156 74 183 115 1447 0 0 1 "Arrest"
0 156 74 183 115 1448 0 0 1 "Arrest"
0 156 74 183 115 1449 0 0 1 "Arrest"
0 156 74 183 115 1450 0 0 1 "Arrest"
0 156 74 183 115 1451 0 0 1 "Arrest"
0 156 74 183 115 1452 0 0 1 "Arrest"
0 156 74 183 115 1453 0 0 1 "Arrest"
0 156 74 183 115 1454 0 0 1 "Arrest"
0 156 74 183 115 1455 0 0 1 "Arrest"
0 156 74 183 115 1456 0 0 1 "Arrest"
0 156 74 183 115 1457 0 0 1 "Arrest"
0 156 74 183 115 1458 0 0 1 "Arrest"
0 156 74 183 115 1459 0 0 0 "Arrest"
0 156 74 183 114 1460 0 0 1 "Arrest"
0 156 74 183 114 1461 0 0 1 "Arrest"
0 156 74 183 114 1462 0 0 1 "Arrest"
0 156 74 183 114 1463 0 0 1 "Arrest"
0 156 74 183 114 1464 0 0 1 "Arrest"
0 156 74 183 114 1465 0 0 1 "Arrest"
0 156 74 183 114 1466 0 0 1 "Arrest"
0 156 74 183 114 1467 0 0 1 "Arrest"
0 156 74 183 114 1468 0 0 1 "Arrest"
0 156 74 183 114 1469 0 0 1 "Arrest"
0 156 74 183 114 1470 0 0 1 "Arrest"
0 156 74 183 114 1471 0 0 1 "Arrest"
0 156 74 183 114 1472 0 0 1 "Arrest"
0 156 74 183 114 1473 0 0 1 "Arrest"
0 156 74 183 114 1474 0 0 1 "Arrest"
0 156 74 183 114 1475 0 0 1 "Arrest"
0 156 74 183 114 1476 0 0 1 "Arrest"
0 156 74 183 114 1477 0 0 1 "Arrest"
0 156 74 183 114 1478 0 0 1 "Arrest"
0 156 74 184 114 1479 0 0 1 "Arrest"
0 156 74 184 114 1480 0 0 1 "Arrest"
0 156 74 184 114 1481 0 0 1 "Arrest"
0 156 74 184 114 1482 0 0 1 "Arrest"
0 156 74 184 114 1483 0 0 1 "Arrest"
0 156 74 184 114 1484 0 0 1 "Arrest"
0 156 74 184 114 1485 0 0 1 "Arrest"
0 156 74 184 114 1486 0 0 1 "Arrest"
0 156 74 184 114 1487 0 0 1 "Arrest"
0 156 74 184 114 1488 0 0 1 "Arrest"
0 156 74 184 114 1489 0 0 1 "Arrest"
0 156 74 184 114 1490 0 0 1 "Arrest"
0 156 74 184 114 1491 0 0 1 "Arrest"
0 156 74 184 114 1492 0 0 1 "Arrest"
0 156 74 184 114 1493 0 0 1 "Arrest"
0 156 74 184 114 1494 0 0 1 "Arrest"
0 156 74 184 114 1495 0 0 1 "Arrest"
0 156 74 184 114 1496 0 0 1 "Arrest"
0 156 74 184 114 1497 0 0 1 "Arrest"
0 156 74 184 114 1498 0 0 1 "Arrest"
0 156 74 185 114 1499 0 0 1 "Arrest"
0 156 74 185 114 1500 0 0 1 "Arrest"
0 156 74 185 114 1501 0 0 1 "Arrest"
0 156 74 185 114 1502 0 0 1 "Arrest"
0 156 74 185 114 1503 0 0 1 "Arrest"
0 156 74 185 114 1504 0 0 1 "Arrest"
0 156 74 185 114 1505 0 0 1 "Arrest"
0 156 74 185 114 1506 0 0 1 "Arrest"
0 156 74 185 114 1507 0 0 1 "Arrest"
0 156 74 185 114 1508 0 0 1 "Arrest"
0 156 74 185 114 1509 0 0 1 "Arrest"
0 156 74 185 114 1510 0 0 1 "Arrest"
0 156 74 185 114 1511 0 0 1 "Arrest"
0 156 74 185 114 1512 0 0 1 "Arrest"
0 156 74 185 114 1513 0 0 1 "Arrest"
0 156 74 185 114 1514 0 0 1 "Arrest"
0 156 74 185 114 1515 0 0 1 "Arrest"
0 156 74 185 114 1516 0 0 1 "Arrest"
0 156 74 185 114 1517 0 0 1 "Arrest"
0 156 74 185 114 1518 0 0 1 "Arrest"
0 156 74 186 114 1519 0 0 1 "Arrest"
0 156 74 186 114 1520 0 0 1 "Arrest"
0 156 74 186 114 1521 0 0 1 "Arrest"
0 156 74 186 114 1522 0 0 1 "Arrest"
0 156 74 186 114 1523 0 0 1 "Arrest"
0 156 74 186 114 1524 0 0 1 "Arrest"
0 156 74 186 114 1525 0 0 1 "Arrest"
0 156 74 186 114 1526 0 0 1 "Arrest"
0 156 74 186 114 1527 0 0 1 "Arrest"
0 156 74 186 114 1528 0 0 1 "Arrest"
0 156 74 186 114 1529 0 0 1 "Arrest"
0 156 74 186 114 1530 0 0 1 "Arrest"
0 156 74 186 114 1531 0 0 1 "Arrest"
0 156 74 186 114 1532 0 0 1 "Arrest"
0 156 74 186 114 1533 0 0 1 "Arrest"
0 156 74 186 114 1534 0 0 1 "Arrest"
0 156 74 186 114 1535 0 0 1 "Arrest"
0 156 74 186 114 1536 0 0 1 "Arrest"
0 156 74 186 114 1537 0 0 1 "Arrest"
0 156 74 186 114 1538 0 0 1 "Arrest"
0 156 74 187 114 1539 0 0 1 "Arrest"
0 156 74 187 114 1540 0 0 1 "Arrest"
0 156 74 187 114 1541 0 0 1 "Arrest"
0 156 74 187 114 1542 0 0 1 "Arrest"
0 156 74 187 114 1543 0 0 1 "Arrest"
0 156 74 187 114 1544 0 0 1 "Arrest"
0 156 74 187 114 1545 0 0 1 "Arrest"
0 156 74 187 114 1546 0 0 1 "Arrest"
0 156 74 187 114 1547 0 0 1 "Arrest"
0 156 74 187 114 1548 0 0 1 "Arrest"
0 156 74 187 114 1549 0 0 1 "Arrest"
0 156 74 187 114 1550 0 0 1 "Arrest"
0 156 74 187 114 1551 0 0 1 "Arrest"
0 156 74 187 114 1552 0 0 1 "Arrest"
0 156 74 187 114 1553 0 0 1 "Arrest"
0 156 74 187 114 1554 0 0 1 "Arrest"
0 156 74 187 114 1555 0 0 1 "Arrest"
0 156 74 187 114 1556 0 0 1 "Arrest"
0 156 74 187 114 1557 0 0 1 "Arrest"
0 156 74 187 114 1558 0 0 1 "Arrest"
0 156 74 188 114 1559 0 0 1 "Arrest"
0 156 74 188 114 1560 0 0 1 "Arrest"
0 156 74 188 114 1561 0 0 1 "Arrest"
0 156 74 188 114 1562 0 0 1 "Arrest"
0 156 74 188 114 1563 0 0 1 "Arrest"
0 156 74 188 114 1564 0 0 1 "Arrest"
0 156 74 188 114 1565 0 0 1 "Arrest"
0 156 74 188 114 1566 0 0 1 "Arrest"
0 156 74 188 114 1567 0 0 1 "Arrest"
0 156 74 188 114 1568 0 0 1 "Arrest"
0 156 74 188 114 1569 0 0 1 "Arrest"
0 156 74 188 114 1570 0 0 1 "Arrest"
0 156 74 188 114 1571 0 0 1 "Arrest"
0 156 74 188 114 1572 0 0 1 "Arrest"
0 156 74 188 114 1573 0 0 1 "Arrest"
0 156 74 188 114 1574 0 0 1 "Arrest"
0 156 74 188 114 1575 0 0 1 "Arrest"
0 156 74 188 114 1576 0 0 1 "Arrest"
0 156 74 188 114 1577 0 0 1 "Arrest"
0 156 74 189 114 1578 0 0 0 "Arrest"
0 156 73 189 113 1579 0 0 1 "Arrest"
0 156 72 189 113 1580 0 0 1 "Arrest"
0 156 72 190 113 1581 0 0 1 "Arrest"
0 156 71 190 113 1582 0 0 1 "Arrest"
0 156 71 191 113 1583 0 0 1 "Arrest"
0 156 70 191 113 1584 0 0 1 "Arrest"
0 156 70 192 113 1585 0 0 1 "Arrest"
0 156 69 192 113 1586 0 0 1 "Arrest"
0 156 69 193 113 1587 0 0 1 "Arrest"
0 156 68 193 113 1588 0 0 1 "Arrest"
0 156 68 194 113 1589 0 0 1 "Arrest"
0 156 67 194 113 1590 0 0 1 "Arrest"
0 156 67 195 113 1591 0 0 0 "Arrest"
0 154 67 200 115 1592 0 0 1 "Arrest"
0 153 67 206 117 1593 0 0 1 "Arrest"
0 152 67 211 120 1594 0 0 1 "Arrest"
0 151 67 217 122 1595 0 0 1 "Arrest"
0 150 67 222 124 1596 0 0 1 "Arrest"
0 149 67 228 127 1597 0 0 0 "Arrest"
0 149 67 228 127 1598 0 0 1 "Arrest"
0 149 67 228 127 1599 0 0 1 "Arrest"
0 149 67 228 127 1600 0 0 1 "Arrest"
0 149 67 228 127 1601 0 0 1 "Arrest"
0 149 67 228 127 1602 0 0 1 "Arrest"
0 149 67 228 127 1603 0 0 1 "Arrest"
0 149 67 228 127 1604 0 0 1 "Arrest"
0 149 67 228 127 1605 0 0 1 "Arrest"
0 149 67 228 127 1606 0 0 1 "Arrest"
0 150 67 229 127 1607 0 0 1 "Arrest"
0 150 67 229 127 1608 0 0 1 "Arrest"
0 150 67 229 127 1609 0 0 1 "Arrest"
0 150 67 229 127 1610 0 0 1 "Arrest"
0 150 67 229 127 1611 0 0 1 "Arrest"
0 150 67 229 127 1612 0 0 1 "Arrest"
0 150 67 229 127 1613 0 0 1 "Arrest"
0 150 67 229 127 1614 0 0 1 "Arrest"
0 150 67 229 127 1615 0 0 1 "Arrest"
0 150 67 229 127 1616 0 0 1 "Arrest"
0 151 67 230 127 1617 0 0 0 "Arrest"
0 151 67 230 127 1618 0 0 1 "Arrest"
0 151 67 230 127 1619 0 0 1 "Arrest"
0 151 67 230 127 1620 0 0 1 "Arrest"
0 151 67 230 127 1621 0 0 1 "Arrest"
0 151 67 230 127 1622 0 0 1 "Arrest"
0 152 67 231 127 1623 0 0 1 "Arrest"
0 152 67 231 127 1624 0 0 1 "Arrest"
0 152 67 231 127 1625 0 0 1 "Arrest"
0 152 67 231 127 1626 0 0 1 "Arrest"
0 152 67 231 127 1627 0 0 1 "Arrest"
0 152 67 231 127 1628 0 0 1 "Arrest"
0 153 67 232 127 1629 1 0 0 "Arrest"
0 153 67 232 127 1630 1 0 1 "Arrest"
0 153 67 232 127 1631 1 0 1 "Arrest"
0 153 67 232 127 1632 1 0 1 "Arrest"
0 153 67 232 127 1633 1 0 1 "Arrest"
0 153 67 232 127 1634 1 0 1 "Arrest"
0 153 67 232 127 1635 1 0 0 "Arrest"
0 152 67 231 126 1636 1 0 1 "Arrest"
0 152 67 230 126 1637 1 0 1 "Arrest"
0 152 67 229 126 1638 1 0 1 "Arrest"
0 152 67 229 126 1639 1 0 1 "Arrest"
0 151 68 228 126 1640 1 0 1 "Arrest"
0 151 68 227 126 1641 1 0 1 "Arrest"
0 151 68 227 126 1642 1 0 1 "Arrest"
0 151 68 226 126 1643 1 0 1 "Arrest"
0 151 69 225 125 1644 1 0 1 "Arrest"
0 150 69 225 125 1645 1 0 1 "Arrest"
0 150 69 224 125 1646 1 0 1 "Arrest"
0 150 69 223 125 1647 1 0 1 "Arrest"
0 150 70 223 125 1648 1 0 1 "Arrest"
0 150 70 222 125 1649 1 0 1 "Arrest"
0 149 70 221 125 1650 1 0 1 "Arrest"
0 149 70 221 125 1651 1 0 1 "Arrest"
0 149 70 220 125 1652 1 0 1 "Arrest"
0 149 71 219 124 1653 1 0 1 "Arrest"
0 149 71 219 124 1654 1 0 1 "Arrest"
0 148 71 218 124 1655 1 0 1 "Arrest"
0 148 71 217 124 1656 1 0 1 "Arrest"
0 148 72 217 124 1657 1 0 1 "Arrest"
0 148 72 216 124 1658 1 0 1 "Arrest"
0 148 72 215 124 1659 1 0 1 "Arrest"
0 147 72 215 124 1660 1 0 1 "Arrest"
0 147 73 214 123 1661 1 0 1 "Arrest"
0 147 73 213 123 1662 1 0 1 "Arrest"
0 147 73 213 123 1663 1 0 1 "Arrest"
0 146 73 212 123 1664 1 0 1 "Arrest"
0 146 74 211 123 1665 1 0 1 "Arrest"
0 146 74 211 123 1666 1 0 1 "Arrest"
0 146 74 210 123 1667 1 0 1 "Arrest"
0 146 74 209 123 1668 1 0 1 "Arrest"
0 145 74 209 123 1669 1 0 1 "Arrest"
0 145 75 208 122 1670 1 0 1 "Arrest"
0 145 75 207 122 1671 1 0 1 "Arrest"
0 145 75 207 122 1672 1 0 1 "Arrest"
0 145 75 206 122 1673 1 0 1 "Arrest"
0 144 76 205 122 1674 1 0 1 "Arrest"
0 144 76 204 122 1675 1 0 1 "Arrest"
0 144 76 204 122 1676 1 0 1 "Arrest"
0 144 76 203 122 1677 1 0 1 "Arrest"
0 144 77 202 121 1678 1 0 1 "Arrest"
0 143 77 202 121 1679 1 0 1 "Arrest"
0 143 77 201 121 1680 1 0 1 "Arrest"
0 143 77 200 121 1681 1 0 1 "Arrest"
0 143 77 200 121 1682 1 0 1 "Arrest"
0 143 78 199 121 1683 1 0 1 "Arrest"
0 142 78 198 121 1684 1 0 1 "Arrest"
0 142 78 198 121 1685 1 0 1 "Arrest"
0 142 78 197 121 1686 1 0 1 "Arrest"
0 142 79 196 120 1687 1 0 1 "Arrest"
0 141 79 196 120 1688 1 0 1 "Arrest"
0 141 79 195 120 1689 1 0 1 "Arrest"
0 141 79 194 120 1690 1 0 1 "Arrest"
0 141 80 194 120 1691 1 0 1 "Arrest"
0 141 80 193 120 1692 1 0 1 "Arrest"
0 140 80 192 120 1693 1 0 1 "Arrest"
0 140 80 192 120 1694 1 0 1 "Arrest"
0 140 81 191 119 1695 1 0 1 "Arrest"
0 140 81 190 119 1696 1 0 1 "Arrest"
0 140 81 190 119 1697 1 0 1 "Arrest"
0 139 81 189 119 1698 1 0 1 "Arrest"
0 139 81 188 119 1699 1 0 1 "Arrest"
0 139 82 188 119 1700 1 0 1 "Arrest"
0 139 82 187 119 1701 1 0 1 "Arrest"
0 139 82 186 119 1702 1 0 1 "Arrest"
0 138 82 186 119 1703 1 0 1 "Arrest"
0 138 83 185 118 1704 1 0 1 "Arrest"
0 138 83 184 118 1705 1 0 1 "Arrest"
0 138 83 184 118 1706 1 0 1 "Arrest"
0 138 83 183 118 1707 1 0 1 "Arrest"
0 137 84 182 118 1708 1 0 1 "Arrest"
0 137 84 182 118 1709 1 0 1 "Arrest"
0 137 84 181 118 1710 1 0 1 "Arrest"
0 137 84 180 118 1711 1 0 1 "Arrest"
0 137 85 180 118 1712 1 0 0 "Arrest"
