0 0 89 69 207 0 1 0 0 "Arrest"
0 0 89 69 206 1 1 0 1 "Arrest"
0 0 89 69 206 2 1 0 1 "Arrest"
0 0 89 69 206 3 1 0 1 "Arrest"
0 0 89 69 206 4 1 0 1 "Arrest"
0 0 89 69 206 5 1 0 1 "Arrest"
0 0 89 69 206 6 1 0 1 "Arrest"
0 0 89 69 206 7 1 0 1 "Arrest"
0 0 89 69 206 8 1 0 1 "Arrest"
0 0 89 69 206 9 1 0 1 "Arrest"
0 0 89 69 206 10 1 0 1 "Arrest"
0 0 89 69 206 11 1 0 1 "Arrest"
0 0 89 70 206 12 1 0 1 "Arrest"
0 0 89 70 206 13 1 0 1 "Arrest"
0 0 89 70 206 14 1 0 1 "Arrest"
0 0 89 70 206 15 1 0 1 "Arrest"
0 0 89 70 206 16 1 0 1 "Arrest"
0 0 89 70 206 17 1 0 1 "Arrest"
0 0 89 70 206 18 1 0 1 "Arrest"
0 0 89 70 206 19 1 0 1 "Arrest"
0 0 89 70 206 20 1 0 1 "Arrest"
0 0 89 70 206 21 1 0 1 "Arrest"
0 0 89 70 206 22 1 0 1 "Arrest"
0 0 89 70 206 23 1 0 1 "Arrest"
0 0 89 71 206 24 1 0 1 "Arrest"
0 0 89 71 206 25 1 0 1 "Arrest"
0 0 89 71 206 26 1 0 1 "Arrest"
0 0 89 71 206 27 1 0 1 "Arrest"
0 0 89 71 206 28 1 0 1 "Arrest"
0 0 89 71 206 29 1 0 1 "Arrest"
0 0 89 71 206 30 1 0 1 "Arrest"
0 0 89 71 206 31 1 0 1 "Arrest"
0 0 89 71 206 32 1 0 1 "Arrest"
0 0 89 71 206 33 1 0 1 "Arrest"
0 0 89 71 206 34 1 0 1 "Arrest"
0 0 89 72 206 35 1 0 1 "Arrest"
0 0 89 72 206 36 1 0 1 "Arrest"
0 0 89 72 205 37 1 0 1 "Arrest"
0 0 89 72 205 38 1 0 1 "Arrest"
0 0 89 72 205 39 1 0 1 "Arrest"
0 0 89 72 205 40 1 0 1 "Arrest"
0 0 89 72 205 41 1 0 1 "Arrest"
0 0 89 72 205 42 1 0 1 "Arrest"
0 0 89 72 205 43 1 0 1 "Arrest"
0 0 89 72 205 44 1 0 1 "Arrest"
0 0 89 72 205 45 1 0 1 "Arrest"
0 0 89 72 205 46 1 0 1 "Arrest"
0 0 89 73 205 47 1 0 1 "Arrest"
0 0 89 73 205 48 1 0 1 "Arrest"
0 0 89 73 205 49 1 0 1 "Arrest"
0 0 89 73 205 50 1 0 1 "Arrest"
0 0 89 73 205 51 1 0 1 "Arrest"
0 0 89 73 205 52 1 0 1 "Arrest"
0 0 89 73 205 53 1 0 1 "Arrest"
0 0 89 73 205 54 1 0 1 "Arrest"
0 0 89 73 205 55 1 0 1 "Arrest"
0 0 89 73 205 56 1 0 1 "Arrest"
0 0 89 73 205 57 1 0 1 "Arrest"
0 0 89 73 205 58 1 0 1 "Arrest"
0 0 89 74 205 59 1 0 1 "Arrest"
0 0 89 74 205 60 1 0 1 "Arrest"
0 0 89 74 205 61 1 0 1 "Arrest"
0 0 89 74 205 62 1 0 1 "Arrest"
0 0 89 74 205 63 1 0 1 "Arrest"
0 0 89 74 205 64 1 0 1 "Arrest"
0 0 89 74 205 65 1 0 1 "Arrest"
0 0 89 74 205 66 1 0 1 "Arrest"
0 0 89 74 205 67 1 0 1 "Arrest"
0 0 89 74 205 68 1 0 1 "Arrest"
0 0 89 74 205 69 1 0 1 "Arrest"
0 0 89 75 205 70 1 0 1 "Arrest"
0 0 89 75 205 71 1 0 1 "Arrest"
0 0 89 75 205 72 1 0 1 "Arrest"
0 0 89 75 205 73 1 0 1 "Arrest"
0 0 89 75 204 74 1 0 1 "Arrest"
0 0 89 75 204 75 1 0 1 "Arrest"
0 0 89 75 204 76 1 0 1 "Arrest"
0 0 89 75 204 77 1 0 1 "Arrest"
0 0 89 75 204 78 1 0 1 "Arrest"
0 0 89 75 204 79 1 0 1 "Arrest"
0 0 89 75 204 80 1 0 1 "Arrest"
0 0 89 75 204 81 1 0 1 "Arrest"
0 0 89 76 204 82 1 0 1 "Arrest"
0 0 89 76 204 83 1 0 1 "Arrest"
0 0 89 76 204 84 1 0 1 "Arrest"
0 0 89 76 204 85 1 0 1 "Arrest"
0 0 89 76 204 86 1 0 1 "Arrest"
0 0 89 76 204 87 1 0 1 "Arrest"
0 0 89 76 204 88 1 0 1 "Arrest"
0 0 89 76 204 89 1 0 1 "Arrest"
0 0 89 76 204 90 1 0 1 "Arrest"
0 0 89 76 204 91 1 0 1 "Arrest"
0 0 89 76 204 92 1 0 1 "Arrest"
0 0 89 76 204 93 1 0 1 "Arrest"
0 0 89 77 204 94 1 0 1 "Arrest"
0 0 89 77 204 95 1 0 1 "Arrest"
0 0 89 77 204 96 1 0 1 "Arrest"
0 0 89 77 204 97 1 0 1 "Arrest"
0 0 89 77 204 98 1 0 1 "Arrest"
0 0 89 77 204 99 1 0 1 "Arrest"
0 0 89 77 204 100 1 0 1 "Arrest"
0 0 89 77 204 101 1 0 1 "Arrest"
0 0 89 77 204 102 1 0 1 "Arrest"
0 0 89 77 204 103 1 0 1 "Arrest"
0 0 89 77 204 104 1 0 1 "Arrest"
0 0 89 78 204 105 1 0 1 "Arrest"
0 0 89 78 204 106 1 0 1 "Arrest"
0 0 89 78 204 107 1 0 1 "Arrest"
0 0 89 78 204 108 1 0 1 "Arrest"
0 0 89 78 204 109 1 0 1 "Arrest"
0 0 89 78 203 110 1 0 1 "Arrest"
0 0 89 78 203 111 1 0 1 "Arrest"
0 0 89 78 203 112 1 0 1 "Arrest"
0 0 89 78 203 113 1 0 1 "Arrest"
0 0 89 78 203 114 1 0 1 "Arrest"
0 0 89 78 203 115 1 0 1 "Arrest"
0 0 89 78 203 116 1 0 1 "Arrest"
0 0 89 79 203 117 1 0 1 "Arrest"
0 0 89 79 203 118 1 0 1 "Arrest"
0 0 89 79 203 119 1 0 1 "Arrest"
0 0 89 79 203 120 1 0 1 "Arrest"
0 0 89 79 203 121 1 0 1 "Arrest"
0 0 89 79 203 122 1 0 1 "Arrest"
0 0 89 79 203 123 1 0 1 "Arrest"
0 0 89 79 203 124 1 0 1 "Arrest"
0 0 89 79 203 125 1 0 1 "Arrest"
0 0 89 79 203 126 1 0 1 "Arrest"
0 0 89 79 203 127 1 0 1 "Arrest"
0 0 89 80 203 128 1 0 1 "Arrest"
0 0 89 80 203 129 1 0 1 "Arrest"
0 0 89 80 203 130 1 0 1 "Arrest"
0 0 89 80 203 131 1 0 1 "Arrest"
0 0 89 80 203 132 1 0 1 "Arrest"
0 0 89 80 203 133 1 0 1 "Arrest"
0 0 89 80 203 134 1 0 1 "Arrest"
0 0 89 80 203 135 1 0 1 "Arrest"
0 0 89 80 203 136 1 0 1 "Arrest"
0 0 89 80 203 137 1 0 1 "Arrest"
0 0 89 80 203 138 1 0 1 "Arrest"
0 0 89 80 203 139 1 0 1 "Arrest"
0 0 89 81 203 140 1 0 1 "Arrest"
0 0 89 81 203 141 1 0 1 "Arrest"
0 0 89 81 203 142 1 0 1 "Arrest"
0 0 89 81 203 143 1 0 1 "Arrest"
0 0 89 81 203 144 1 0 1 "Arrest"
0 0 89 81 203 145 1 0 1 "Arrest"
0 0 89 81 203 146 1 0 1 "Arrest"
0 0 89 81 202 147 1 0 1 "Arrest"
0 0 89 81 202 148 1 0 1 "Arrest"
0 0 89 81 202 149 1 0 1 "Arrest"
0 0 89 81 202 150 1 0 1 "Arrest"
0 0 89 81 202 151 1 0 1 "Arrest"
0 0 89 82 202 152 1 0 1 "Arrest"
0 0 89 82 202 153 1 0 1 "Arrest"
0 0 89 82 202 154 1 0 1 "Arrest"
0 0 89 82 202 155 1 0 1 "Arrest"
0 0 89 82 202 156 1 0 1 "Arrest"
0 0 89 82 202 157 1 0 1 "Arrest"
0 0 89 82 202 158 1 0 1 "Arrest"
0 0 89 82 202 159 1 0 1 "Arrest"
0 0 89 82 202 160 1 0 1 "Arrest"
0 0 89 82 202 161 1 0 1 "Arrest"
0 0 89 82 202 162 1 0 1 "Arrest"
0 0 89 83 202 163 1 0 1 "Arrest"
0 0 89 83 202 164 1 0 1 "Arrest"
0 0 89 83 202 165 1 0 1 "Arrest"
0 0 89 83 202 166 1 0 1 "Arrest"
0 0 89 83 202 167 1 0 1 "Arrest"
0 0 89 83 202 168 1 0 1 "Arrest"
0 0 89 83 202 169 1 0 1 "Arrest"
0 0 89 83 202 170 1 0 1 "Arrest"
0 0 89 83 202 171 1 0 1 "Arrest"
0 0 89 83 202 172 1 0 1 "Arrest"
0 0 89 83 202 173 1 0 1 "Arrest"
0 0 89 83 202 174 1 0 1 "Arrest"
0 0 89 84 202 175 1 0 1 "Arrest"
0 0 89 84 202 176 1 0 1 "Arrest"
0 0 89 84 202 177 1 0 1 "Arrest"
0 0 89 84 202 178 1 0 1 "Arrest"
0 0 89 84 202 179 1 0 1 "Arrest"
0 0 89 84 202 180 1 0 1 "Arrest"
0 0 89 84 202 181 1 0 1 "Arrest"
0 0 89 84 202 182 1 0 1 "Arrest"
0 0 89 84 201 183 1 0 1 "Arrest"
0 0 89 84 201 184 1 0 1 "Arrest"
0 0 89 84 201 185 1 0 1 "Arrest"
0 0 89 84 201 186 1 0 1 "Arrest"
0 0 89 85 201 187 1 0 1 "Arrest"
0 0 89 85 201 188 1 0 1 "Arrest"
0 0 89 85 201 189 1 0 1 "Arrest"
0 0 89 85 201 190 1 0 1 "Arrest"
0 0 89 85 201 191 1 0 1 "Arrest"
0 0 89 85 201 192 1 0 1 "Arrest"
0 0 89 85 201 193 1 0 1 "Arrest"
0 0 89 85 201 194 1 0 1 "Arrest"
0 0 89 85 201 195 1 0 1 "Arrest"
0 0 89 85 201 196 1 0 1 "Arrest"
0 0 89 85 201 197 1 0 1 "Arrest"
0 0 89 86 201 198 1 0 1 "Arrest"
0 0 89 86 201 199 1 0 1 "Arrest"
0 0 89 86 201 200 1 0 1 "Arrest"
0 0 89 86 201 201 1 0 1 "Arrest"
0 0 89 86 201 202 1 0 1 "Arrest"
0 0 89 86 201 203 1 0 1 "Arrest"
0 0 89 86 201 204 1 0 1 "Arrest"
0 0 89 86 201 205 1 0 1 "Arrest"
0 0 89 86 201 206 1 0 1 "Arrest"
0 0 89 86 201 207 1 0 1 "Arrest"
0 0 89 86 201 208 1 0 1 "Arrest"
0 0 89 86 201 209 1 0 1 "Arrest"
0 0 89 87 201 210 1 0 1 "Arrest"
0 0 89 87 201 211 1 0 1 "Arrest"
0 0 89 87 201 212 1 0 1 "Arrest"
0 0 89 87 201 213 1 0 1 "Arrest"
0 0 89 87 201 214 1 0 1 "Arrest"
0 0 89 87 201 215 1 0 1 "Arrest"
0 0 89 87 201 216 1 0 1 "Arrest"
0 0 89 87 201 217 1 0 1 "Arrest"
0 0 89 87 201 218 1 0 1 "Arrest"
0 0 89 87 201 219 1 0 1 "Arrest"
0 0 89 87 200 220 1 0 1 "Arrest"
0 0 89 87 200 221 1 0 1 "Arrest"
0 0 89 88 200 222 1 0 1 "Arrest"
0 0 89 88 200 223 1 0 1 "Arrest"
0 0 89 88 200 224 1 0 1 "Arrest"
0 0 89 88 200 225 1 0 1 "Arrest"
0 0 89 88 200 226 1 0 1 "Arrest"
0 0 89 88 200 227 1 0 1 "Arrest"
0 0 89 88 200 228 1 0 1 "Arrest"
0 0 89 88 200 229 1 0 1 "Arrest"
0 0 89 88 200 230 1 0 1 "Arrest"
0 0 89 88 200 231 1 0 1 "Arrest"
0 0 89 88 200 232 1 0 1 "Arrest"
0 0 89 89 200 233 1 0 1 "Arrest"
0 0 89 89 200 234 1 0 1 "Arrest"
0 0 89 89 200 235 1 0 1 "Arrest"
0 0 89 89 200 236 1 0 1 "Arrest"
0 0 89 89 200 237 1 0 1 "Arrest"
0 0 89 89 200 238 1 0 1 "Arrest"
0 0 89 89 200 239 1 0 1 "Arrest"
0 0 89 89 200 240 1 0 1 "Arrest"
0 0 89 89 200 241 1 0 1 "Arrest"
0 0 89 89 200 242 1 0 1 "Arrest"
0 0 89 89 200 243 1 0 1 "Arrest"
0 0 89 89 200 244 1 0 1 "Arrest"
0 0 89 90 200 245 1 0 1 "Arrest"
0 0 89 90 200 246 1 0 1 "Arrest"
0 0 89 90 200 247 1 0 1 "Arrest"
0 0 89 90 200 248 1 0 1 "Arrest"
0 0 89 90 200 249 1 0 1 "Arrest"
0 0 89 90 200 250 1 0 1 "Arrest"
0 0 89 90 200 251 1 0 1 "Arrest"
0 0 89 90 200 252 1 0 1 "Arrest"
0 0 89 90 200 253 1 0 1 "Arrest"
0 0 89 90 200 254 1 0 1 "Arrest"
0 0 89 90 200 255 1 0 1 "Arrest"
0 0 89 91 200 256 0 0 0 "Arrest"
0 0 89 95 199 257 0 0 1 "Arrest"
0 0 89 100 199 258 0 0 1 "Arrest"
0 0 89 105 199 259 0 0 1 "Arrest"
0 0 89 110 199 260 0 0 0 "Arrest"
0 0 89 112 200 261 0 0 1 "Arrest"
0 0 89 114 201 262 0 0 1 "Arrest"
0 0 89 116 202 263 0 0 1 "Arrest"
0 0 89 119 204 264 0 0 0 "Arrest"
0 1 89 120 204 265 0 0 1 "Arrest"
0 2 89 121 204 266 0 0 1 "Arrest"
0 3 89 122 204 267 0 0 1 "Arrest"
0 4 89 123 204 268 0 0 1 "Arrest"
0 5 89 124 204 269 0 0 1 "Arrest"
0 6 89 125 204 270 0 0 1 "Arrest"
0 7 90 126 205 271 0 0 0 "Arrest"
0 9 89 128 204 272 0 0 1 "Arrest"
0 12 89 131 204 273 0 0 1 "Arrest"
0 14 89 133 204 274 0 0 1 "Arrest"
0 17 89 136 204 275 0 0 0 "Arrest"
0 17 89 136 204 276 0 0 1 "Arrest"
0 18 89 137 204 277 0 0 1 "Arrest"
0 19 89 138 204 278 0 0 1 "Arrest"
0 20 89 139 204 279 0 0 0 "Arrest"
0 20 89 139 204 280 0 0 1 "Arrest"
0 20 89 139 204 281 0 0 1 "Arrest"
0 20 89 139 204 282 0 0 1 "Arrest"
0 21 89 140 204 283 0 0 0 "Arrest"
0 20 88 140 203 284 0 0 1 "Arrest"
0 20 88 140 203 285 0 0 1 "Arrest"
0 20 88 140 203 286 0 0 1 "Arrest"
0 20 88 140 203 287 0 0 1 "Arrest"
0 20 88 140 203 288 0 0 1 "Arrest"
0 19 88 140 203 289 0 0 1 "Arrest"
0 19 88 140 203 290 0 0 1 "Arrest"
0 19 87 140 203 291 0 0 1 "Arrest"
0 19 87 140 203 292 0 0 1 "Arrest"
0 19 87 141 203 293 0 0 1 "Arrest"
0 18 87 141 203 294 0 0 1 "Arrest"
0 18 87 141 203 295 0 0 1 "Arrest"
0 18 87 141 203 296 0 0 1 "Arrest"
0 18 87 141 203 297 0 0 1 "Arrest"
0 18 87 141 203 298 0 0 1 "Arrest"
0 18 86 141 203 299 0 0 1 "Arrest"
0 17 86 141 203 300 0 0 1 "Arrest"
0 17 86 141 203 301 0 0 1 "Arrest"
0 17 86 142 203 302 0 0 1 "Arrest"
0 17 86 142 203 303 0 0 1 "Arrest"
0 17 86 142 203 304 0 0 1 "Arrest"
0 16 86 142 203 305 0 0 1 "Arrest"
0 16 85 142 203 306 0 0 1 "Arrest"
0 16 85 142 203 307 0 0 1 "Arrest"
0 16 85 142 203 308 0 0 1 "Arrest"
0 16 85 142 203 309 0 0 1 "Arrest"
0 16 85 142 203 310 0 0 1 "Arrest"
0 15 85 142 203 311 0 0 1 "Arrest"
0 15 85 143 203 312 0 0 1 "Arrest"
0 15 85 143 203 313 0 0 1 "Arrest"
0 15 84 143 203 314 0 0 1 "Arrest"
0 15 84 143 203 315 0 0 1 "Arrest"
0 14 84 143 203 316 0 0 1 "Arrest"
0 14 84 143 203 317 0 0 1 "Arrest"
0 14 84 143 203 318 0 0 1 "Arrest"
0 14 84 143 203 319 0 0 1 "Arrest"
0 14 84 143 203 320 0 0 1 "Arrest"
0 14 84 144 203 321 0 0 0 "Arrest"
0 14 83 143 203 322 0 0 1 "Arrest"
0 14 83 143 203 323 0 0 1 "Arrest"
0 14 83 143 203 324 0 0 1 "Arrest"
0 14 83 143 203 325 0 0 1 "Arrest"
0 14 83 143 203 326 0 0 1 "Arrest"
0 14 83 143 203 327 0 0 1 "Arrest"
0 14 83 143 203 328 0 0 1 "Arrest"
0 14 83 143 203 329 0 0 1 "Arrest"
0 14 83 143 203 330 0 0 1 "Arrest"
0 14 83 143 203 331 0 0 1 "Arrest"
0 14 83 143 203 332 0 0 1 "Arrest"
0 14 82 143 203 333 0 0 1 "Arrest"
0 14 82 143 203 334 0 0 1 "Arrest"
0 14 82 143 203 335 0 0 1 "Arrest"
0 14 82 143 203 336 0 0 1 "Arrest"
0 14 82 143 203 337 0 0 1 "Arrest"
0 14 82 143 203 338 0 0 1 "Arrest"
0 14 82 143 203 339 0 0 1 "Arrest"
0 14 82 143 203 340 0 0 1 "Arrest"
0 14 82 143 203 341 0 0 1 "Arrest"
0 14 82 143 203 342 0 0 1 "Arrest"
0 14 82 143 203 343 0 0 1 "Arrest"
0 14 82 143 203 344 0 0 1 "Arrest"
0 14 81 143 203 345 0 0 1 "Arrest"
0 14 81 143 203 346 0 0 1 "Arrest"
0 14 81 143 203 347 0 0 1 "Arrest"
0 14 81 143 203 348 0 0 1 "Arrest"
0 14 81 143 203 349 0 0 1 "Arrest"
0 14 81 143 203 350 0 0 1 "Arrest"
0 14 81 143 203 351 0 0 1 "Arrest"
0 14 81 143 203 352 0 0 1 "Arrest"
0 14 81 143 203 353 0 0 1 "Arrest"
0 14 81 143 203 354 0 0 1 "Arrest"
0 14 81 143 203 355 0 0 1 "Arrest"
0 14 81 143 203 356 0 0 1 "Arrest"
0 14 80 143 203 357 0 0 1 "Arrest"
0 14 80 143 203 358 0 0 1 "Arrest"
0 14 80 143 203 359 0 0 1 "Arrest"
0 14 80 143 203 360 0 0 1 "Arrest"
0 14 80 143 203 361 0 0 1 "Arrest"
0 14 80 143 203 362 0 0 1 "Arrest"
0 14 80 143 203 363 0 0 1 "Arrest"
0 14 80 143 203 364 0 0 1 "Arrest"
0 14 80 143 203 365 0 0 1 "Arrest"
0 14 80 143 203 366 0 0 1 "Arrest"
0 14 80 143 203 367 0 0 1 "Arrest"
0 14 80 143 203 368 0 0 1 "Arrest"
0 14 79 143 203 369 0 0 1 "Arrest"
0 14 79 143 203 370 0 0 1 "Arrest"
0 14 79 143 203 371 0 0 1 "Arrest"
0 14 79 143 203 372 0 0 1 "Arrest"
0 14 79 143 203 373 0 0 1 "Arrest"
0 14 79 143 203 374 0 0 1 "Arrest"
0 14 79 143 203 375 0 0 1 "Arrest"
0 14 79 143 203 376 0 0 1 "Arrest"
0 14 79 143 203 377 0 0 1 "Arrest"
0 14 79 143 203 378 0 0 1 "Arrest"
0 14 79 143 203 379 0 0 1 "Arrest"
0 14 79 143 203 380 0 0 0 "Arrest"
0 14 79 142 203 381 0 0 1 "Arrest"
0 14 79 142 203 382 0 0 1 "Arrest"
0 14 79 142 203 383 0 0 1 "Arrest"
0 14 80 142 203 384 0 0 1 "Arrest"
0 14 80 142 203 385 0 0 1 "Arrest"
0 14 80 142 203 386 0 0 1 "Arrest"
0 14 80 142 203 387 0 0 1 "Arrest"
0 14 81 142 203 388 0 0 1 "Arrest"
0 14 81 142 203 389 0 0 1 "Arrest"
0 14 81 142 203 390 0 0 1 "Arrest"
0 14 81 142 203 391 0 0 1 "Arrest"
0 14 82 142 203 392 0 0 1 "Arrest"
0 14 82 142 203 393 0 0 1 "Arrest"
0 14 82 142 203 394 0 0 1 "Arrest"
0 14 82 142 203 395 0 0 1 "Arrest"
0 14 83 142 203 396 0 0 0 "Arrest"
0 14 83 141 203 397 0 0 1 "Arrest"
0 14 83 141 203 398 0 0 1 "Arrest"
0 14 84 141 203 399 0 0 1 "Arrest"
0 14 84 141 203 400 0 0 1 "Arrest"
0 14 85 141 203 401 0 0 1 "Arrest"
0 14 85 141 203 402 0 0 1 "Arrest"
0 14 86 141 203 403 0 0 1 "Arrest"
0 14 86 141 203 404 0 0 1 "Arrest"
0 14 87 141 203 405 0 0 1 "Arrest"
0 14 87 141 203 406 0 0 1 "Arrest"
0 14 88 141 203 407 0 0 1 "Arrest"
0 14 88 141 203 408 0 0 1 "Arrest"
0 14 89 141 203 409 0 0 1 "Arrest"
0 14 89 141 203 410 0 0 1 "Arrest"
0 14 90 141 203 411 0 0 1 "Arrest"
0 14 90 141 203 412 0 0 1 "Arrest"
0 14 91 141 203 413 0 0 1 "Arrest"
0 14 91 141 203 414 0 0 1 "Arrest"
0 14 92 141 203 415 0 0 0 "Arrest"
0 14 91 140 203 416 0 0 1 "Arrest"
0 14 91 140 203 417 0 0 1 "Arrest"
0 14 90 140 203 418 0 0 1 "Arrest"
0 14 90 140 203 419 0 0 1 "Arrest"
0 14 90 140 203 420 0 0 1 "Arrest"
0 14 89 140 203 421 0 0 1 "Arrest"
0 14 89 140 203 422 0 0 1 "Arrest"
0 14 89 140 203 423 0 0 1 "Arrest"
0 14 88 140 203 424 0 0 1 "Arrest"
0 14 88 140 203 425 0 0 1 "Arrest"
0 14 88 140 203 426 0 0 1 "Arrest"
0 14 87 140 203 427 0 0 1 "Arrest"
0 14 87 140 203 428 0 0 1 "Arrest"
0 14 87 140 203 429 0 0 0 "Arrest"
0 15 86 141 203 430 0 0 1 "Arrest"
0 17 86 142 203 431 0 0 1 "Arrest"
0 18 85 144 203 432 0 0 1 "Arrest"
0 20 85 145 203 433 0 0 1 "Arrest"
0 21 85 147 203 434 0 0 1 "Arrest"
0 23 84 148 203 435 0 0 1 "Arrest"
0 24 84 149 203 436 0 0 1 "Arrest"
0 26 83 151 203 437 0 0 1 "Arrest"
0 27 83 152 203 438 0 0 1 "Arrest"
0 29 83 154 203 439 0 0 0 "Arrest"
0 27 83 153 202 440 0 0 1 "Arrest"
0 26 83 153 202 441 0 0 1 "Arrest"
0 25 83 153 202 442 0 0 1 "Arrest"
0 24 83 153 202 443 0 0 1 "Arrest"
0 23 83 153 202 444 0 0 0 "Arrest"
0 22 83 153 202 445 0 0 1 "Arrest"
0 22 83 153 202 446 0 0 1 "Arrest"
0 22 83 153 202 447 0 0 1 "Arrest"
0 22 83 153 202 448 0 0 1 "Arrest"
0 22 83 153 202 449 0 0 1 "Arrest"
0 22 83 153 202 450 0 0 1 "Arrest"
0 22 83 153 202 451 0 0 1 "Arrest"
0 22 83 153 202 452 0 0 1 "Arrest"
0 22 83 153 202 453 0 0 1 "Arrest"
0 22 83 153 202 454 0 0 1 "Arrest"
0 22 83 153 202 455 0 0 1 "Arrest"
0 22 83 153 202 456 0 0 1 "Arrest"
0 22 83 153 202 457 0 0 1 "Arrest"
0 22 83 153 202 458 0 0 1 "Arrest"
0 22 83 153 202 459 0 0 1 "Arrest"
0 22 83 153 202 460 0 0 1 "Arrest"
0 22 83 153 202 461 0 0 1 "Arrest"
0 22 83 153 202 462 0 0 1 "Arrest"
0 22 83 153 202 463 0 0 1 "Arrest"
0 22 83 153 202 464 0 0 1 "Arrest"
0 22 83 153 202 465 0 0 1 "Arrest"
0 22 83 153 202 466 0 0 1 "Arrest"
0 22 83 153 202 467 0 0 1 "Arrest"
0 22 83 153 202 468 0 0 1 "Arrest"
0 22 83 153 202 469 0 0 1 "Arrest"
0 22 83 153 202 470 0 0 1 "Arrest"
0 22 83 153 202 471 0 0 1 "Arrest"
0 22 83 153 202 472 0 0 1 "Arrest"
0 22 83 153 202 473 0 0 1 "Arrest"
0 22 83 153 202 474 0 0 0 "Arrest"
0 22 83 153 202 475 0 0 1 "Arrest"
0 23 83 153 202 476 0 0 1 "Arrest"
0 23 83 153 202 477 0 0 1 "Arrest"
0 24 83 153 202 478 0 0 1 "Arrest"
0 24 83 153 202 479 0 0 1 "Arrest"
0 25 83 153 202 480 0 0 1 "Arrest"
0 25 83 153 202 481 0 0 1 "Arrest"
0 26 83 153 202 482 0 0 1 "Arrest"
0 27 83 153 202 483 0 0 1 "Arrest"
0 27 83 153 202 484 0 0 1 "Arrest"
0 28 83 153 202 485 0 0 1 "Arrest"
0 28 83 153 202 486 0 0 1 "Arrest"
0 29 83 153 202 487 0 0 1 "Arrest"
0 29 83 153 202 488 0 0 1 "Arrest"
0 30 83 153 202 489 0 0 1 "Arrest"
0 30 83 153 202 490 0 0 1 "Arrest"
0 31 83 153 202 491 0 0 1 "Arrest"
0 32 83 153 202 492 0 0 1 "Arrest"
0 32 83 153 202 493 0 0 1 "Arrest"
0 33 83 153 202 494 0 0 1 "Arrest"
0 33 83 153 202 495 0 0 1 "Arrest"
0 34 83 153 202 496 0 0 1 "Arrest"
0 34 83 153 202 497 0 0 1 "Arrest"
0 35 83 153 202 498 0 0 1 "Arrest"
0 35 83 153 202 499 0 0 1 "Arrest"
0 36 83 153 202 500 0 0 1 "Arrest"
0 37 83 153 202 501 0 0 1 "Arrest"
0 37 83 153 202 502 0 0 1 "Arrest"
0 38 83 153 202 503 0 0 1 "Arrest"
0 38 83 153 202 504 0 0 1 "Arrest"
0 39 83 153 202 505 0 0 1 "Arrest"
0 39 83 153 202 506 0 0 1 "Arrest"
0 40 83 153 202 507 0 0 1 "Arrest"
0 41 83 154 202 508 0 0 0 "Arrest"
0 41 82 153 202 509 0 0 1 "Arrest"
0 41 81 153 202 510 0 0 1 "Arrest"
0 41 81 153 202 511 0 0 1 "Arrest"
0 41 80 153 202 512 0 0 1 "Arrest"
0 41 80 153 202 513 0 0 1 "Arrest"
0 41 79 153 202 514 0 0 1 "Arrest"
0 41 78 153 202 515 0 0 1 "Arrest"
0 41 78 153 202 516 0 0 1 "Arrest"
0 41 77 153 202 517 0 0 1 "Arrest"
0 41 77 153 202 518 0 0 1 "Arrest"
0 41 76 153 202 519 0 0 1 "Arrest"
0 41 75 153 202 520 0 0 1 "Arrest"
0 41 75 153 202 521 0 0 1 "Arrest"
0 41 74 153 202 522 0 0 1 "Arrest"
0 41 74 153 202 523 0 0 0 "Arrest"
0 40 73 152 202 524 0 0 1 "Arrest"
0 40 73 152 202 525 0 0 1 "Arrest"
0 40 72 152 202 526 0 0 1 "Arrest"
0 40 72 152 202 527 0 0 1 "Arrest"
0 40 71 152 202 528 0 0 1 "Arrest"
0 40 71 152 202 529 0 0 1 "Arrest"
0 40 70 151 202 530 0 0 1 "Arrest"
0 40 70 151 202 531 0 0 1 "Arrest"
0 40 69 151 202 532 0 0 1 "Arrest"
0 40 69 151 202 533 0 0 1 "Arrest"
0 40 68 151 202 534 0 0 1 "Arrest"
0 40 68 151 202 535 0 0 1 "Arrest"
0 40 68 151 202 536 1 0 0 "Arrest"
0 40 68 151 201 537 1 0 1 "Arrest"
0 40 68 151 201 538 1 0 1 "Arrest"
0 40 68 151 201 539 1 0 1 "Arrest"
0 40 68 151 201 540 1 0 1 "Arrest"
0 40 68 151 201 541 1 0 1 "Arrest"
0 40 68 151 201 542 1 0 1 "Arrest"
0 40 68 151 201 543 1 0 1 "Arrest"
0 40 68 151 201 544 1 0 1 "Arrest"
0 40 68 151 201 545 1 0 1 "Arrest"
0 40 68 151 201 546 1 0 1 "Arrest"
0 40 68 151 201 547 1 0 1 "Arrest"
0 40 68 151 201 548 1 0 1 "Arrest"
0 40 68 151 201 549 1 0 1 "Arrest"
0 40 68 151 201 550 1 0 1 "Arrest"
0 40 68 151 201 551 1 0 1 "Arrest"
0 40 68 151 201 552 1 0 1 "Arrest"
0 40 68 151 201 553 1 0 1 "Arrest"
0 40 68 151 201 554 1 0 1 "Arrest"
0 40 68 151 201 555 1 0 1 "Arrest"
0 40 68 151 201 556 1 0 1 "Arrest"
0 40 68 151 201 557 1 0 1 "Arrest"
0 40 68 151 201 558 1 0 1 "Arrest"
0 40 68 151 201 559 1 0 1 "Arrest"
0 40 68 151 201 560 1 0 1 "Arrest"
0 40 68 151 201 561 1 0 1 "Arrest"
0 40 68 151 201 562 1 0 1 "Arrest"
0 40 68 151 201 563 1 0 1 "Arrest"
0 40 68 151 201 564 1 0 1 "Arrest"
0 41 68 151 201 565 1 0 1 "Arrest"
0 41 68 151 201 566 1 0 1 "Arrest"
0 41 68 151 201 567 1 0 1 "Arrest"
0 41 68 151 201 568 1 0 1 "Arrest"
0 41 68 151 201 569 1 0 1 "Arrest"
0 41 69 151 201 570 1 0 1 "Arrest"
0 41 69 151 201 571 1 0 1 "Arrest"
0 41 69 151 201 572 1 0 1 "Arrest"
0 41 69 151 201 573 1 0 1 "Arrest"
0 41 69 151 201 574 1 0 1 "Arrest"
0 41 69 151 201 575 1 0 1 "Arrest"
0 41 69 151 201 576 1 0 1 "Arrest"
0 41 69 151 201 577 1 0 1 "Arrest"
0 41 69 151 201 578 1 0 1 "Arrest"
0 41 69 151 201 579 1 0 1 "Arrest"
0 41 69 151 201 580 1 0 1 "Arrest"
0 41 69 151 201 581 1 0 1 "Arrest"
0 41 69 151 201 582 1 0 1 "Arrest"
0 41 69 151 201 583 1 0 1 "Arrest"
0 41 69 151 201 584 1 0 1 "Arrest"
0 41 69 151 201 585 1 0 1 "Arrest"
0 41 69 151 201 586 1 0 1 "Arrest"
0 41 69 151 201 587 1 0 1 "Arrest"
0 41 69 151 201 588 1 0 1 "Arrest"
0 41 69 151 201 589 1 0 1 "Arrest"
0 41 69 151 201 590 1 0 1 "Arrest"
0 41 69 151 201 591 1 0 1 "Arrest"
0 41 69 151 201 592 1 0 1 "Arrest"
0 41 69 151 201 593 1 0 1 "Arrest"
0 42 69 151 201 594 1 0 1 "Arrest"
0 42 69 151 201 595 1 0 1 "Arrest"
0 42 69 151 201 596 1 0 1 "Arrest"
0 42 69 151 201 597 1 0 1 "Arrest"
0 42 69 151 201 598 1 0 1 "Arrest"
0 42 69 151 201 599 1 0 1 "Arrest"
0 42 69 151 201 600 1 0 1 "Arrest"
0 42 69 151 201 601 1 0 1 "Arrest"
0 42 69 151 201 602 1 0 1 "Arrest"
0 42 70 151 201 603 1 0 1 "Arrest"
0 42 70 151 201 604 1 0 1 "Arrest"
0 42 70 151 201 605 1 0 1 "Arrest"
0 42 70 151 201 606 1 0 1 "Arrest"
0 42 70 151 201 607 1 0 1 "Arrest"
0 42 70 151 201 608 1 0 1 "Arrest"
0 42 70 151 201 609 1 0 1 "Arrest"
0 42 70 151 201 610 1 0 1 "Arrest"
0 42 70 151 201 611 1 0 1 "Arrest"
0 42 70 151 201 612 1 0 1 "Arrest"
0 42 70 151 201 613 1 0 1 "Arrest"
0 42 70 151 201 614 1 0 1 "Arrest"
0 42 70 151 201 615 1 0 1 "Arrest"
0 42 70 151 201 616 1 0 1 "Arrest"
0 42 70 151 201 617 1 0 1 "Arrest"
0 42 70 151 201 618 1 0 1 "Arrest"
0 42 70 151 201 619 1 0 1 "Arrest"
0 42 70 151 201 620 1 0 1 "Arrest"
0 42 70 151 201 621 1 0 1 "Arrest"
0 43 70 151 201 622 1 0 1 "Arrest"
0 43 70 151 201 623 1 0 1 "Arrest"
0 43 70 151 201 624 1 0 1 "Arrest"
0 43 70 151 201 625 1 0 1 "Arrest"
0 43 70 151 201 626 1 0 1 "Arrest"
0 43 70 151 201 627 1 0 1 "Arrest"
0 43 70 151 201 628 1 0 1 "Arrest"
0 43 70 151 201 629 1 0 1 "Arrest"
0 43 70 151 201 630 1 0 1 "Arrest"
0 43 70 151 201 631 1 0 1 "Arrest"
0 43 70 151 201 632 1 0 1 "Arrest"
0 43 70 151 201 633 1 0 1 "Arrest"
0 43 70 151 201 634 1 0 1 "Arrest"
0 43 70 151 201 635 1 0 1 "Arrest"
0 43 71 151 201 636 1 0 1 "Arrest"
0 43 71 151 201 637 1 0 1 "Arrest"
0 43 71 151 201 638 1 0 1 "Arrest"
0 43 71 151 201 639 1 0 1 "Arrest"
0 43 71 151 201 640 1 0 1 "Arrest"
0 43 71 151 201 641 1 0 1 "Arrest"
0 43 71 151 201 642 1 0 1 "Arrest"
0 43 71 151 201 643 1 0 1 "Arrest"
0 43 71 151 201 644 1 0 1 "Arrest"
0 43 71 151 201 645 1 0 1 "Arrest"
0 43 71 151 201 646 1 0 1 "Arrest"
0 43 71 151 201 647 1 0 1 "Arrest"
0 43 71 151 201 648 1 0 1 "Arrest"
0 43 71 151 201 649 1 0 1 "Arrest"
0 43 71 151 201 650 1 0 1 "Arrest"
0 44 71 151 201 651 1 0 1 "Arrest"
0 44 71 151 201 652 1 0 1 "Arrest"
0 44 71 151 201 653 1 0 1 "Arrest"
0 44 71 151 201 654 1 0 1 "Arrest"
0 44 71 151 201 655 1 0 1 "Arrest"
0 44 71 151 201 656 1 0 1 "Arrest"
0 44 71 151 201 657 1 0 1 "Arrest"
0 44 71 151 201 658 1 0 1 "Arrest"
0 44 71 151 201 659 1 0 1 "Arrest"
0 44 71 151 201 660 1 0 1 "Arrest"
0 44 71 151 201 661 1 0 1 "Arrest"
0 44 71 151 201 662 1 0 1 "Arrest"
0 44 71 151 201 663 1 0 1 "Arrest"
0 44 71 151 201 664 1 0 1 "Arrest"
0 44 71 151 201 665 1 0 1 "Arrest"
0 44 71 151 201 666 1 0 1 "Arrest"
0 44 71 151 201 667 1 0 1 "Arrest"
0 44 71 151 201 668 1 0 1 "Arrest"
0 44 71 151 201 669 1 0 1 "Arrest"
0 44 72 151 201 670 1 0 1 "Arrest"
0 44 72 151 201 671 1 0 1 "Arrest"
0 44 72 151 201 672 1 0 1 "Arrest"
0 44 72 151 201 673 1 0 1 "Arrest"
0 44 72 151 201 674 1 0 1 "Arrest"
0 44 72 151 201 675 1 0 1 "Arrest"
0 44 72 151 201 676 1 0 1 "Arrest"
0 44 72 151 201 677 1 0 1 "Arrest"
0 44 72 151 201 678 1 0 1 "Arrest"
0 45 72 151 201 679 1 0 1 "Arrest"
0 45 72 151 201 680 1 0 1 "Arrest"
0 45 72 151 201 681 1 0 1 "Arrest"
0 45 72 151 201 682 1 0 1 "Arrest"
0 45 72 151 201 683 1 0 1 "Arrest"
0 45 72 151 201 684 1 0 1 "Arrest"
0 45 72 151 201 685 1 0 1 "Arrest"
0 45 72 151 201 686 1 0 1 "Arrest"
0 45 72 151 201 687 1 0 1 "Arrest"
0 45 72 151 201 688 1 0 1 "Arrest"
0 45 72 151 201 689 1 0 1 "Arrest"
0 45 72 151 201 690 1 0 1 "Arrest"
0 45 72 151 201 691 1 0 1 "Arrest"
0 45 72 151 201 692 1 0 1 "Arrest"
0 45 72 151 201 693 1 0 1 "Arrest"
0 45 72 151 201 694 1 0 1 "Arrest"
0 45 72 151 201 695 1 0 1 "Arrest"
0 45 72 151 201 696 1 0 1 "Arrest"
0 45 72 151 201 697 1 0 1 "Arrest"
0 45 72 151 201 698 1 0 1 "Arrest"
0 45 72 151 201 699 1 0 1 "Arrest"
0 45 72 151 201 700 1 0 1 "Arrest"
0 45 72 151 201 701 1 0 1 "Arrest"
0 45 72 151 201 702 1 0 1 "Arrest"
0 45 73 151 201 703 1 0 1 "Arrest"
0 45 73 151 201 704 1 0 1 "Arrest"
0 45 73 151 201 705 1 0 1 "Arrest"
0 45 73 151 201 706 1 0 1 "Arrest"
0 45 73 151 201 707 1 0 1 "Arrest"
0 46 73 151 201 708 1 0 1 "Arrest"
0 46 73 151 201 709 1 0 1 "Arrest"
0 46 73 151 201 710 1 0 1 "Arrest"
0 46 73 151 201 711 1 0 1 "Arrest"
0 46 73 151 201 712 1 0 1 "Arrest"
0 46 73 151 201 713 1 0 1 "Arrest"
0 46 73 151 201 714 1 0 1 "Arrest"
0 46 73 151 201 715 1 0 1 "Arrest"
0 46 73 151 201 716 1 0 1 "Arrest"
0 46 73 151 201 717 1 0 1 "Arrest"
0 46 73 151 201 718 1 0 1 "Arrest"
0 46 73 151 201 719 1 0 1 "Arrest"
0 46 73 151 201 720 1 0 1 "Arrest"
0 46 73 151 201 721 1 0 1 "Arrest"
0 46 73 151 201 722 1 0 1 "Arrest"
0 46 73 151 201 723 1 0 1 "Arrest"
0 46 73 151 201 724 1 0 1 "Arrest"
0 46 73 151 201 725 1 0 1 "Arrest"
0 46 73 151 201 726 1 0 1 "Arrest"
0 46 73 151 201 727 1 0 1 "Arrest"
0 46 73 151 201 728 1 0 1 "Arrest"
0 46 73 151 201 729 1 0 1 "Arrest"
0 46 73 151 201 730 1 0 1 "Arrest"
0 46 73 151 201 731 1 0 1 "Arrest"
0 46 73 151 201 732 1 0 1 "Arrest"
0 46 73 151 201 733 1 0 1 "Arrest"
0 46 73 151 201 734 1 0 1 "Arrest"
0 46 73 151 201 735 1 0 1 "Arrest"
0 47 74 151 201 736 1 0 0 "Arrest"
0 47 74 151 201 737 1 0 1 "Arrest"
0 47 74 151 201 738 1 0 1 "Arrest"
0 47 74 151 201 739 1 0 1 "Arrest"
0 47 74 151 201 740 1 0 1 "Arrest"
0 47 74 151 201 741 1 0 1 "Arrest"
0 47 74 151 201 742 1 0 1 "Arrest"
0 47 74 151 201 743 1 0 1 "Arrest"
0 47 74 151 201 744 1 0 1 "Arrest"
0 47 74 151 201 745 1 0 1 "Arrest"
0 47 74 151 201 746 1 0 1 "Arrest"
0 47 74 151 201 747 1 0 1 "Arrest"
0 47 74 151 201 748 1 0 1 "Arrest"
0 47 74 151 201 749 1 0 1 "Arrest"
0 47 74 151 201 750 1 0 1 "Arrest"
0 47 74 151 201 751 1 0 1 "Arrest"
0 47 74 151 201 752 1 0 1 "Arrest"
0 47 74 151 201 753 1 0 1 "Arrest"
0 47 74 151 201 754 1 0 1 "Arrest"
0 47 74 151 201 755 1 0 1 "Arrest"
0 47 74 151 201 756 1 0 1 "Arrest"
0 47 74 151 201 757 1 0 1 "Arrest"
0 47 74 151 201 758 1 0 1 "Arrest"
0 47 74 151 201 759 1 0 1 "Arrest"
0 47 74 151 201 760 1 0 1 "Arrest"
0 47 74 151 201 761 1 0 1 "Arrest"
0 47 74 151 201 762 1 0 1 "Arrest"
0 47 74 151 201 763 1 0 1 "Arrest"
0 48 74 151 201 764 1 0 1 "Arrest"
0 48 74 151 201 765 1 0 1 "Arrest"
0 48 74 151 201 766 1 0 1 "Arrest"
0 48 75 151 201 767 1 0 1 "Arrest"
0 48 75 151 201 768 1 0 1 "Arrest"
0 48 75 151 201 769 1 0 1 "Arrest"
0 48 75 151 201 770 1 0 1 "Arrest"
0 48 75 151 201 771 1 0 1 "Arrest"
0 48 75 151 201 772 1 0 1 "Arrest"
0 48 75 151 201 773 1 0 1 "Arrest"
0 48 75 151 201 774 1 0 1 "Arrest"
0 48 75 151 201 775 1 0 1 "Arrest"
0 48 75 151 201 776 1 0 1 "Arrest"
0 48 75 151 201 777 1 0 1 "Arrest"
0 48 75 151 201 778 1 0 1 "Arrest"
0 48 75 151 201 779 1 0 1 "Arrest"
0 48 75 151 201 780 1 0 1 "Arrest"
0 48 75 151 201 781 1 0 1 "Arrest"
0 48 75 151 201 782 1 0 1 "Arrest"
0 48 75 151 201 783 1 0 1 "Arrest"
0 48 75 151 201 784 1 0 1 "Arrest"
0 48 75 151 201 785 1 0 1 "Arrest"
0 48 75 151 201 786 1 0 1 "Arrest"
0 48 75 151 201 787 1 0 1 "Arrest"
0 48 75 151 201 788 1 0 1 "Arrest"
0 48 75 151 201 789 1 0 1 "Arrest"
0 48 75 151 201 790 1 0 1 "Arrest"
0 49 75 151 201 791 1 0 1 "Arrest"
0 49 75 151 201 792 1 0 1 "Arrest"
0 49 75 151 201 793 1 0 1 "Arrest"
0 49 75 151 201 794 1 0 1 "Arrest"
0 49 75 151 201 795 1 0 1 "Arrest"
0 49 75 151 201 796 1 0 1 "Arrest"
0 49 75 151 201 797 1 0 1 "Arrest"
0 49 76 151 201 798 1 0 1 "Arrest"
0 49 76 151 201 799 1 0 1 "Arrest"
0 49 76 151 201 800 1 0 1 "Arrest"
0 49 76 151 201 801 1 0 1 "Arrest"
0 49 76 151 201 802 1 0 1 "Arrest"
0 49 76 151 201 803 1 0 1 "Arrest"
0 49 76 151 201 804 1 0 1 "Arrest"
0 49 76 151 201 805 1 0 1 "Arrest"
0 49 76 151 201 806 1 0 1 "Arrest"
0 49 76 151 201 807 1 0 1 "Arrest"
0 49 76 151 201 808 1 0 1 "Arrest"
0 49 76 151 201 809 1 0 1 "Arrest"
0 49 76 151 201 810 1 0 1 "Arrest"
0 49 76 151 201 811 1 0 1 "Arrest"
0 49 76 151 201 812 1 0 1 "Arrest"
0 49 76 151 201 813 1 0 1 "Arrest"
0 49 76 151 201 814 1 0 1 "Arrest"
0 49 76 151 201 815 1 0 1 "Arrest"
0 49 76 151 201 816 1 0 1 "Arrest"
0 49 76 151 201 817 1 0 1 "Arrest"
0 50 76 151 201 818 1 0 1 "Arrest"
0 50 76 151 201 819 1 0 1 "Arrest"
0 50 76 151 201 820 1 0 1 "Arrest"
0 50 76 151 201 821 1 0 1 "Arrest"
0 50 76 151 201 822 1 0 1 "Arrest"
0 50 76 151 201 823 1 0 1 "Arrest"
0 50 76 151 201 824 1 0 1 "Arrest"
0 50 76 151 201 825 1 0 1 "Arrest"
0 50 76 151 201 826 1 0 1 "Arrest"
0 50 76 151 201 827 1 0 1 "Arrest"
0 50 76 151 201 828 1 0 1 "Arrest"
0 50 77 151 201 829 1 0 1 "Arrest"
0 50 77 151 201 830 1 0 1 "Arrest"
0 50 77 151 201 831 1 0 1 "Arrest"
0 50 77 151 201 832 1 0 1 "Arrest"
0 50 77 151 201 833 1 0 1 "Arrest"
0 50 77 151 201 834 1 0 1 "Arrest"
0 50 77 151 201 835 1 0 1 "Arrest"
0 50 77 151 201 836 1 0 1 "Arrest"
0 50 77 151 201 837 1 0 1 "Arrest"
0 50 77 151 201 838 1 0 1 "Arrest"
0 50 77 151 201 839 1 0 1 "Arrest"
0 50 77 151 201 840 1 0 1 "Arrest"
0 50 77 151 201 841 1 0 1 "Arrest"
0 50 77 151 201 842 1 0 1 "Arrest"
0 50 77 151 201 843 1 0 1 "Arrest"
0 50 77 151 201 844 1 0 1 "Arrest"
0 50 77 151 201 845 1 0 1 "Arrest"
0 51 77 151 201 846 1 0 1 "Arrest"
0 51 77 151 201 847 1 0 1 "Arrest"
0 51 77 151 201 848 1 0 1 "Arrest"
0 51 77 151 201 849 1 0 1 "Arrest"
0 51 77 151 201 850 1 0 1 "Arrest"
0 51 77 151 201 851 1 0 1 "Arrest"
0 51 77 151 201 852 1 0 1 "Arrest"
0 51 77 151 201 853 1 0 1 "Arrest"
0 51 77 151 201 854 1 0 1 "Arrest"
0 51 77 151 201 855 1 0 1 "Arrest"
0 51 77 151 201 856 1 0 1 "Arrest"
0 51 77 151 201 857 1 0 1 "Arrest"
0 51 77 151 201 858 1 0 1 "Arrest"
0 51 78 151 201 859 1 0 1 "Arrest"
0 51 78 151 201 860 1 0 1 "Arrest"
0 51 78 151 201 861 1 0 1 "Arrest"
0 51 78 151 201 862 1 0 1 "Arrest"
0 51 78 151 201 863 1 0 1 "Arrest"
0 51 78 151 201 864 1 0 1 "Arrest"
0 51 78 151 201 865 1 0 1 "Arrest"
0 51 78 151 201 866 1 0 1 "Arrest"
0 51 78 151 201 867 1 0 1 "Arrest"
0 51 78 151 201 868 1 0 1 "Arrest"
0 51 78 151 201 869 1 0 1 "Arrest"
0 51 78 151 201 870 1 0 1 "Arrest"
0 51 78 151 201 871 1 0 1 "Arrest"
0 51 78 151 201 872 1 0 1 "Arrest"
0 52 78 151 201 873 1 0 1 "Arrest"
0 52 78 151 201 874 1 0 1 "Arrest"
0 52 78 151 201 875 1 0 1 "Arrest"
0 52 78 151 201 876 1 0 1 "Arrest"
0 52 78 151 201 877 1 0 1 "Arrest"
0 52 78 151 201 878 1 0 1 "Arrest"
0 52 78 151 201 879 1 0 1 "Arrest"
0 52 78 151 201 880 1 0 1 "Arrest"
0 52 78 151 201 881 1 0 1 "Arrest"
0 52 78 151 201 882 1 0 1 "Arrest"
0 52 78 151 201 883 1 0 1 "Arrest"
0 52 78 151 201 884 1 0 1 "Arrest"
0 52 78 151 201 885 1 0 1 "Arrest"
0 52 78 151 201 886 1 0 1 "Arrest"
0 52 78 151 201 887 1 0 1 "Arrest"
0 52 78 151 201 888 1 0 1 "Arrest"
0 52 78 151 201 889 1 0 1 "Arrest"
0 52 79 151 201 890 1 0 1 "Arrest"
0 52 79 151 201 891 1 0 1 "Arrest"
0 52 79 151 201 892 1 0 1 "Arrest"
0 52 79 151 201 893 1 0 1 "Arrest"
0 52 79 151 201 894 1 0 1 "Arrest"
0 52 79 151 201 895 1 0 1 "Arrest"
0 52 79 151 201 896 1 0 1 "Arrest"
0 52 79 151 201 897 1 0 1 "Arrest"
0 52 79 151 201 898 1 0 1 "Arrest"
0 52 79 151 201 899 1 0 1 "Arrest"
0 53 79 151 201 900 1 0 1 "Arrest"
0 53 79 151 201 901 1 0 1 "Arrest"
0 53 79 151 201 902 1 0 1 "Arrest"
0 53 79 151 201 903 1 0 1 "Arrest"
0 53 79 151 201 904 1 0 1 "Arrest"
0 53 79 151 201 905 1 0 1 "Arrest"
0 53 79 151 201 906 1 0 1 "Arrest"
0 53 79 151 201 907 1 0 1 "Arrest"
0 53 79 151 201 908 1 0 1 "Arrest"
0 53 79 151 201 909 1 0 1 "Arrest"
0 53 79 151 201 910 1 0 1 "Arrest"
0 53 79 151 201 911 1 0 1 "Arrest"
0 53 79 151 201 912 1 0 1 "Arrest"
0 53 79 151 201 913 1 0 1 "Arrest"
0 53 79 151 201 914 1 0 1 "Arrest"
0 53 79 151 201 915 1 0 1 "Arrest"
0 53 79 151 201 916 1 0 1 "Arrest"
0 53 79 151 201 917 1 0 1 "Arrest"
0 53 79 151 201 918 1 0 1 "Arrest"
0 53 79 151 201 919 1 0 1 "Arrest"
0 53 79 151 201 920 1 0 1 "Arrest"
0 53 80 151 201 921 1 0 1 "Arrest"
0 53 80 151 201 922 1 0 1 "Arrest"
0 53 80 151 201 923 1 0 1 "Arrest"
0 53 80 151 201 924 1 0 1 "Arrest"
0 53 80 151 201 925 1 0 1 "Arrest"
0 53 80 151 201 926 1 0 1 "Arrest"
0 53 80 151 201 927 1 0 1 "Arrest"
0 54 80 151 201 928 1 0 1 "Arrest"
0 54 80 151 201 929 1 0 1 "Arrest"
0 54 80 151 201 930 1 0 1 "Arrest"
0 54 80 151 201 931 1 0 1 "Arrest"
0 54 80 151 201 932 1 0 1 "Arrest"
0 54 80 151 201 933 1 0 1 "Arrest"
0 54 80 151 201 934 1 0 1 "Arrest"
0 54 80 151 201 935 1 0 1 "Arrest"
0 54 80 151 201 936 1 0 1 "Arrest"
0 54 80 151 201 937 1 0 1 "Arrest"
0 54 80 151 201 938 1 0 1 "Arrest"
0 54 80 151 201 939 1 0 1 "Arrest"
0 54 80 151 201 940 1 0 1 "Arrest"
0 54 80 151 201 941 1 0 1 "Arrest"
0 54 80 151 201 942 1 0 1 "Arrest"
0 54 80 151 201 943 1 0 1 "Arrest"
0 54 80 151 201 944 1 0 1 "Arrest"
0 54 80 151 201 945 1 0 1 "Arrest"
0 54 80 151 201 946 1 0 1 "Arrest"
0 54 80 151 201 947 1 0 1 "Arrest"
0 54 80 151 201 948 1 0 1 "Arrest"
0 54 80 151 201 949 1 0 1 "Arrest"
0 54 80 151 201 950 1 0 1 "Arrest"
0 54 80 151 201 951 1 0 1 "Arrest"
0 54 81 151 201 952 1 0 1 "Arrest"
0 54 81 151 201 953 1 0 1 "Arrest"
0 54 81 151 201 954 1 0 1 "Arrest"
0 55 81 151 201 955 1 0 1 "Arrest"
0 55 81 151 201 956 1 0 1 "Arrest"
0 55 81 151 201 957 1 0 1 "Arrest"
0 55 81 151 201 958 1 0 1 "Arrest"
0 55 81 151 201 959 1 0 1 "Arrest"
0 55 81 151 201 960 1 0 1 "Arrest"
0 55 81 151 201 961 1 0 1 "Arrest"
0 55 81 151 201 962 1 0 1 "Arrest"
0 55 81 151 201 963 1 0 1 "Arrest"
0 55 81 151 201 964 1 0 1 "Arrest"
0 55 81 151 201 965 1 0 1 "Arrest"
0 55 81 151 201 966 1 0 1 "Arrest"
0 55 81 151 201 967 1 0 1 "Arrest"
0 55 81 151 201 968 1 0 1 "Arrest"
0 55 81 151 201 969 1 0 1 "Arrest"
0 55 81 151 201 970 1 0 1 "Arrest"
0 55 81 151 201 971 1 0 1 "Arrest"
0 55 81 151 201 972 1 0 1 "Arrest"
0 55 81 151 201 973 1 0 1 "Arrest"
0 55 81 151 201 974 1 0 1 "Arrest"
0 55 81 151 201 975 1 0 1 "Arrest"
0 55 81 151 201 976 1 0 1 "Arrest"
0 55 81 151 201 977 1 0 1 "Arrest"
0 55 81 151 201 978 1 0 1 "Arrest"
0 55 81 151 201 979 1 0 1 "Arrest"
0 55 81 151 201 980 1 0 1 "Arrest"
0 55 81 151 201 981 1 0 1 "Arrest"
0 56 82 151 201 982 1 0 1 "Arrest"
0 56 82 151 201 983 1 0 1 "Arrest"
0 56 82 151 201 984 1 0 1 "Arrest"
0 56 82 151 201 985 1 0 1 "Arrest"
0 56 82 151 201 986 1 0 1 "Arrest"
0 56 82 151 201 987 1 0 1 "Arrest"
0 56 82 151 201 988 1 0 1 "Arrest"
0 56 82 151 201 989 1 0 1 "Arrest"
0 56 82 151 201 990 1 0 1 "Arrest"
0 56 82 151 201 991 1 0 1 "Arrest"
0 56 82 151 201 992 1 0 1 "Arrest"
0 56 82 151 201 993 1 0 1 "Arrest"
0 56 82 151 201 994 1 0 1 "Arrest"
0 56 82 151 201 995 1 0 1 "Arrest"
0 56 82 151 201 996 1 0 1 "Arrest"
0 56 82 151 201 997 1 0 1 "Arrest"
0 56 82 151 201 998 1 0 1 "Arrest"
0 56 82 151 201 999 1 0 1 "Arrest"
0 56 82 151 201 1000 1 0 1 "Arrest"
0 56 82 151 201 1001 1 0 1 "Arrest"
0 56 82 151 201 1002 1 0 1 "Arrest"
0 56 82 151 201 1003 1 0 1 "Arrest"
0 56 82 151 201 1004 1 0 1 "Arrest"
0 56 82 151 201 1005 1 0 1 "Arrest"
0 56 82 151 201 1006 1 0 1 "Arrest"
0 56 82 151 201 1007 1 0 1 "Arrest"
0 56 82 151 201 1008 1 0 1 "Arrest"
0 56 82 151 201 1009 1 0 1 "Arrest"
0 57 82 151 201 1010 1 0 1 "Arrest"
0 57 82 151 201 1011 1 0 1 "Arrest"
0 57 82 151 201 1012 1 0 1 "Arrest"
0 57 83 151 201 1013 1 0 1 "Arrest"
0 57 83 151 201 1014 1 0 1 "Arrest"
0 57 83 151 201 1015 1 0 1 "Arrest"
0 57 83 151 201 1016 1 0 1 "Arrest"
0 57 83 151 201 1017 1 0 1 "Arrest"
0 57 83 151 201 1018 1 0 1 "Arrest"
0 57 83 151 201 1019 1 0 1 "Arrest"
0 57 83 151 201 1020 1 0 1 "Arrest"
0 57 83 151 201 1021 1 0 1 "Arrest"
0 57 83 151 201 1022 1 0 1 "Arrest"
0 57 83 151 201 1023 1 0 1 "Arrest"
0 57 83 151 201 1024 1 0 1 "Arrest"
0 57 83 151 201 1025 1 0 1 "Arrest"
0 57 83 151 201 1026 1 0 1 "Arrest"
0 57 83 151 201 1027 1 0 1 "Arrest"
0 57 83 151 201 1028 1 0 1 "Arrest"
0 57 83 151 201 1029 1 0 1 "Arrest"
0 57 83 151 201 1030 1 0 1 "Arrest"
0 57 83 151 201 1031 1 0 1 "Arrest"
0 57 83 151 201 1032 1 0 1 "Arrest"
0 57 83 151 201 1033 1 0 1 "Arrest"
0 57 83 151 201 1034 1 0 1 "Arrest"
0 57 83 151 201 1035 1 0 1 "Arrest"
0 57 83 151 201 1036 1 0 1 "Arrest"
0 58 83 151 201 1037 1 0 1 "Arrest"
0 58 83 151 201 1038 1 0 1 "Arrest"
0 58 83 151 201 1039 1 0 1 "Arrest"
0 58 83 151 201 1040 1 0 1 "Arrest"
0 58 83 151 201 1041 1 0 1 "Arrest"
0 58 83 151 201 1042 1 0 1 "Arrest"
0 58 83 151 201 1043 1 0 1 "Arrest"
0 58 84 151 201 1044 1 0 1 "Arrest"
0 58 84 151 201 1045 1 0 1 "Arrest"
0 58 84 151 201 1046 1 0 1 "Arrest"
0 58 84 151 201 1047 1 0 1 "Arrest"
0 58 84 151 201 1048 1 0 1 "Arrest"
0 58 84 151 201 1049 1 0 1 "Arrest"
0 58 84 151 201 1050 1 0 1 "Arrest"
0 58 84 151 201 1051 1 0 1 "Arrest"
0 58 84 151 201 1052 1 0 1 "Arrest"
0 58 84 151 201 1053 1 0 1 "Arrest"
0 58 84 151 201 1054 1 0 1 "Arrest"
0 58 84 151 201 1055 1 0 1 "Arrest"
0 58 84 151 201 1056 1 0 1 "Arrest"
0 58 84 151 201 1057 1 0 1 "Arrest"
0 58 84 151 201 1058 1 0 1 "Arrest"
0 58 84 151 201 1059 1 0 1 "Arrest"
0 58 84 151 201 1060 1 0 1 "Arrest"
0 58 84 151 201 1061 1 0 1 "Arrest"
0 58 84 151 201 1062 1 0 1 "Arrest"
0 58 84 151 201 1063 1 0 1 "Arrest"
0 59 84 151 201 1064 1 0 1 "Arrest"
0 59 84 151 201 1065 1 0 1 "Arrest"
0 59 84 151 201 1066 1 0 1 "Arrest"
0 59 84 151 201 1067 1 0 1 "Arrest"
0 59 84 151 201 1068 1 0 1 "Arrest"
0 59 84 151 201 1069 1 0 1 "Arrest"
0 59 84 151 201 1070 1 0 1 "Arrest"
0 59 84 151 201 1071 1 0 1 "Arrest"
0 59 84 151 201 1072 1 0 1 "Arrest"
0 59 84 151 201 1073 1 0 1 "Arrest"
0 59 84 151 201 1074 1 0 1 "Arrest"
0 59 85 151 201 1075 1 0 1 "Arrest"
0 59 85 151 201 1076 1 0 1 "Arrest"
0 59 85 151 201 1077 1 0 1 "Arrest"
0 59 85 151 201 1078 1 0 1 "Arrest"
0 59 85 151 201 1079 1 0 1 "Arrest"
0 59 85 151 201 1080 1 0 1 "Arrest"
0 59 85 151 201 1081 1 0 1 "Arrest"
0 59 85 151 201 1082 1 0 1 "Arrest"
0 59 85 151 201 1083 1 0 1 "Arrest"
0 59 85 151 201 1084 1 0 1 "Arrest"
0 59 85 151 201 1085 1 0 1 "Arrest"
0 59 85 151 201 1086 1 0 1 "Arrest"
0 59 85 151 201 1087 1 0 1 "Arrest"
0 59 85 151 201 1088 1 0 1 "Arrest"
0 59 85 151 201 1089 1 0 1 "Arrest"
0 59 85 151 201 1090 1 0 1 "Arrest"
0 59 85 151 201 1091 1 0 1 "Arrest"
0 60 85 151 201 1092 1 0 1 "Arrest"
0 60 85 151 201 1093 1 0 1 "Arrest"
0 60 85 151 201 1094 1 0 1 "Arrest"
0 60 85 151 201 1095 1 0 1 "Arrest"
0 60 85 151 201 1096 1 0 1 "Arrest"
0 60 85 151 201 1097 1 0 1 "Arrest"
0 60 85 151 201 1098 1 0 1 "Arrest"
0 60 85 151 201 1099 1 0 1 "Arrest"
0 60 85 151 201 1100 1 0 1 "Arrest"
0 60 85 151 201 1101 1 0 1 "Arrest"
0 60 85 151 201 1102 1 0 1 "Arrest"
0 60 85 151 201 1103 1 0 1 "Arrest"
0 60 85 151 201 1104 1 0 1 "Arrest"
0 60 86 151 201 1105 1 0 1 "Arrest"
0 60 86 151 201 1106 1 0 1 "Arrest"
0 60 86 151 201 1107 1 0 1 "Arrest"
0 60 86 151 201 1108 1 0 1 "Arrest"
0 60 86 151 201 1109 1 0 1 "Arrest"
0 60 86 151 201 1110 1 0 1 "Arrest"
0 60 86 151 201 1111 1 0 1 "Arrest"
0 60 86 151 201 1112 1 0 1 "Arrest"
0 60 86 151 201 1113 1 0 1 "Arrest"
0 60 86 151 201 1114 1 0 1 "Arrest"
0 60 86 151 201 1115 1 0 1 "Arrest"
0 60 86 151 201 1116 1 0 1 "Arrest"
0 60 86 151 201 1117 1 0 1 "Arrest"
0 60 86 151 201 1118 1 0 1 "Arrest"
0 61 86 151 201 1119 1 0 1 "Arrest"
0 61 86 151 201 1120 1 0 1 "Arrest"
0 61 86 151 201 1121 1 0 1 "Arrest"
0 61 86 151 201 1122 1 0 1 "Arrest"
0 61 86 151 201 1123 1 0 1 "Arrest"
0 61 86 151 201 1124 1 0 1 "Arrest"
0 61 86 151 201 1125 1 0 1 "Arrest"
0 61 86 151 201 1126 1 0 1 "Arrest"
0 61 86 151 201 1127 1 0 1 "Arrest"
0 61 86 151 201 1128 1 0 1 "Arrest"
0 61 86 151 201 1129 1 0 1 "Arrest"
0 61 86 151 201 1130 1 0 1 "Arrest"
0 61 86 151 201 1131 1 0 1 "Arrest"
0 61 86 151 201 1132 1 0 1 "Arrest"
0 61 86 151 201 1133 1 0 1 "Arrest"
0 61 86 151 201 1134 1 0 1 "Arrest"
0 61 86 151 201 1135 1 0 1 "Arrest"
0 61 87 151 201 1136 1 0 1 "Arrest"
0 61 87 151 201 1137 1 0 1 "Arrest"
0 61 87 151 201 1138 1 0 1 "Arrest"
0 61 87 151 201 1139 1 0 1 "Arrest"
0 61 87 151 201 1140 1 0 1 "Arrest"
0 61 87 151 201 1141 1 0 1 "Arrest"
0 61 87 151 201 1142 1 0 1 "Arrest"
0 61 87 151 201 1143 1 0 1 "Arrest"
0 61 87 151 201 1144 1 0 1 "Arrest"
0 61 87 151 201 1145 1 0 1 "Arrest"
0 62 87 151 201 1146 1 0 1 "Arrest"
0 62 87 151 201 1147 1 0 1 "Arrest"
0 62 87 151 201 1148 1 0 1 "Arrest"
0 62 87 151 201 1149 1 0 1 "Arrest"
0 62 87 151 201 1150 1 0 1 "Arrest"
0 62 87 151 201 1151 1 0 1 "Arrest"
0 62 87 151 201 1152 1 0 1 "Arrest"
0 62 87 151 201 1153 1 0 1 "Arrest"
0 62 87 151 201 1154 1 0 1 "Arrest"
0 62 87 151 201 1155 1 0 1 "Arrest"
0 62 87 151 201 1156 1 0 1 "Arrest"
0 62 87 151 201 1157 1 0 1 "Arrest"
0 62 87 151 201 1158 1 0 1 "Arrest"
0 62 87 151 201 1159 1 0 1 "Arrest"
0 62 87 151 201 1160 1 0 1 "Arrest"
0 62 87 151 201 1161 1 0 1 "Arrest"
0 62 87 151 201 1162 1 0 1 "Arrest"
0 62 87 151 201 1163 1 0 1 "Arrest"
0 62 87 151 201 1164 1 0 1 "Arrest"
0 62 87 151 201 1165 1 0 1 "Arrest"
0 62 87 151 201 1166 1 0 1 "Arrest"
0 62 88 151 201 1167 1 0 1 "Arrest"
0 62 88 151 201 1168 1 0 1 "Arrest"
0 62 88 151 201 1169 1 0 1 "Arrest"
0 62 88 151 201 1170 1 0 1 "Arrest"
0 62 88 151 201 1171 1 0 1 "Arrest"
0 62 88 151 201 1172 1 0 1 "Arrest"
0 62 88 151 201 1173 1 0 1 "Arrest"
0 63 88 151 201 1174 1 0 1 "Arrest"
0 63 88 151 201 1175 1 0 1 "Arrest"
0 63 88 151 201 1176 1 0 1 "Arrest"
0 63 88 151 201 1177 1 0 1 "Arrest"
0 63 88 151 201 1178 1 0 1 "Arrest"
0 63 88 151 201 1179 1 0 1 "Arrest"
0 63 88 151 201 1180 1 0 1 "Arrest"
0 63 88 151 201 1181 1 0 1 "Arrest"
0 63 88 151 201 1182 1 0 1 "Arrest"
0 63 88 151 201 1183 1 0 1 "Arrest"
0 63 88 151 201 1184 1 0 1 "Arrest"
0 63 88 151 201 1185 1 0 1 "Arrest"
0 63 88 151 201 1186 1 0 1 "Arrest"
0 63 88 151 201 1187 1 0 1 "Arrest"
0 63 88 151 201 1188 1 0 1 "Arrest"
0 63 88 151 201 1189 1 0 1 "Arrest"
0 63 88 151 201 1190 1 0 1 "Arrest"
0 63 88 151 201 1191 1 0 1 "Arrest"
0 63 88 151 201 1192 1 0 1 "Arrest"
0 63 88 151 201 1193 1 0 1 "Arrest"
0 63 88 151 201 1194 1 0 1 "Arrest"
0 63 88 151 201 1195 1 0 1 "Arrest"
0 63 88 151 201 1196 1 0 1 "Arrest"
0 63 88 151 201 1197 1 0 1 "Arrest"
0 63 89 151 201 1198 1 0 1 "Arrest"
0 63 89 151 201 1199 1 0 1 "Arrest"
0 63 89 151 201 1200 1 0 1 "Arrest"
0 64 89 151 201 1201 1 0 1 "Arrest"
0 64 89 151 201 1202 1 0 1 "Arrest"
0 64 89 151 201 1203 1 0 1 "Arrest"
0 64 89 151 201 1204 1 0 1 "Arrest"
0 64 89 151 201 1205 1 0 1 "Arrest"
0 64 89 151 201 1206 1 0 1 "Arrest"
0 64 89 151 201 1207 1 0 1 "Arrest"
0 64 89 151 201 1208 1 0 1 "Arrest"
0 64 89 151 201 1209 1 0 1 "Arrest"
0 64 89 151 201 1210 1 0 1 "Arrest"
0 64 89 151 201 1211 1 0 1 "Arrest"
0 64 89 151 201 1212 1 0 1 "Arrest"
0 64 89 151 201 1213 1 0 1 "Arrest"
0 64 89 151 201 1214 1 0 1 "Arrest"
0 64 89 151 201 1215 1 0 1 "Arrest"
0 64 89 151 201 1216 1 0 1 "Arrest"
0 64 89 151 201 1217 1 0 1 "Arrest"
0 64 89 151 201 1218 1 0 1 "Arrest"
0 64 89 151 201 1219 1 0 1 "Arrest"
0 64 89 151 201 1220 1 0 1 "Arrest"
0 64 89 151 201 1221 1 0 1 "Arrest"
0 64 89 151 201 1222 1 0 1 "Arrest"
0 64 89 151 201 1223 1 0 1 "Arrest"
0 64 89 151 201 1224 1 0 1 "Arrest"
0 64 89 151 201 1225 1 0 1 "Arrest"
0 64 89 151 201 1226 1 0 1 "Arrest"
0 64 89 151 201 1227 1 0 1 "Arrest"
0 65 90 152 201 1228 1 0 0 "Arrest"
0 65 89 151 201 1229 1 0 1 "Arrest"
0 65 89 151 201 1230 1 0 1 "Arrest"
0 65 89 151 201 1231 1 0 1 "Arrest"
0 65 89 151 201 1232 1 0 1 "Arrest"
0 65 89 151 201 1233 1 0 1 "Arrest"
0 65 89 151 201 1234 1 0 1 "Arrest"
0 65 88 151 201 1235 1 0 1 "Arrest"
0 65 88 151 201 1236 1 0 1 "Arrest"
0 65 88 151 201 1237 1 0 1 "Arrest"
0 65 88 151 201 1238 1 0 1 "Arrest"
0 65 88 151 201 1239 1 0 1 "Arrest"
0 65 88 151 201 1240 1 0 1 "Arrest"
0 65 87 151 201 1241 1 0 1 "Arrest"
0 65 87 151 201 1242 1 0 1 "Arrest"
0 65 87 151 201 1243 1 0 1 "Arrest"
0 65 87 151 201 1244 1 0 1 "Arrest"
0 65 87 151 201 1245 1 0 1 "Arrest"
0 65 87 151 201 1246 1 0 1 "Arrest"
0 65 87 151 201 1247 1 0 1 "Arrest"
0 65 86 151 201 1248 1 0 1 "Arrest"
0 65 86 151 201 1249 1 0 1 "Arrest"
0 65 86 151 201 1250 1 0 1 "Arrest"
0 65 86 151 201 1251 1 0 1 "Arrest"
0 65 86 151 201 1252 1 0 1 "Arrest"
0 65 86 151 201 1253 1 0 1 "Arrest"
0 65 85 151 201 1254 1 0 1 "Arrest"
0 65 85 151 201 1255 1 0 1 "Arrest"
0 65 85 151 201 1256 1 0 1 "Arrest"
0 65 85 151 201 1257 1 0 1 "Arrest"
0 65 85 151 201 1258 1 0 1 "Arrest"
0 65 85 151 201 1259 1 0 1 "Arrest"
0 65 84 151 201 1260 1 0 1 "Arrest"
0 65 84 151 201 1261 1 0 1 "Arrest"
0 65 84 151 201 1262 1 0 1 "Arrest"
0 65 84 151 201 1263 1 0 1 "Arrest"
0 65 84 151 201 1264 1 0 1 "Arrest"
0 65 84 151 201 1265 1 0 1 "Arrest"
0 65 84 151 201 1266 1 0 1 "Arrest"
0 65 83 151 201 1267 1 0 1 "Arrest"
0 65 83 151 201 1268 1 0 1 "Arrest"
0 65 83 151 201 1269 1 0 1 "Arrest"
0 65 83 151 201 1270 1 0 1 "Arrest"
0 65 83 151 201 1271 1 0 1 "Arrest"
0 65 83 151 201 1272 1 0 1 "Arrest"
0 65 82 151 201 1273 1 0 1 "Arrest"
0 65 82 151 201 1274 1 0 1 "Arrest"
0 65 82 151 201 1275 1 0 1 "Arrest"
0 65 82 151 201 1276 1 0 1 "Arrest"
0 65 82 151 201 1277 1 0 1 "Arrest"
0 65 82 151 201 1278 1 0 1 "Arrest"
0 65 81 151 201 1279 1 0 1 "Arrest"
0 65 81 151 201 1280 1 0 1 "Arrest"
0 65 81 151 201 1281 1 0 1 "Arrest"
0 65 81 151 201 1282 1 0 1 "Arrest"
0 65 81 151 201 1283 1 0 1 "Arrest"
0 65 81 151 201 1284 1 0 1 "Arrest"
0 65 81 151 201 1285 1 0 1 "Arrest"
0 65 80 151 201 1286 1 0 1 "Arrest"
0 65 80 151 201 1287 1 0 1 "Arrest"
0 65 80 151 201 1288 1 0 1 "Arrest"
0 65 80 151 201 1289 1 0 1 "Arrest"
0 65 80 151 201 1290 1 0 1 "Arrest"
0 65 80 151 201 1291 1 0 1 "Arrest"
0 65 79 151 201 1292 1 0 1 "Arrest"
0 65 79 151 201 1293 1 0 1 "Arrest"
0 65 79 151 201 1294 1 0 1 "Arrest"
0 65 79 151 201 1295 1 0 1 "Arrest"
0 65 79 151 201 1296 1 0 1 "Arrest"
0 65 79 151 201 1297 1 0 1 "Arrest"
0 65 79 151 201 1298 1 0 0 "Arrest"
0 64 79 150 201 1299 1 0 1 "Arrest"
0 63 79 149 201 1300 1 0 1 "Arrest"
0 62 79 148 201 1301 1 0 1 "Arrest"
0 61 79 147 201 1302 1 0 1 "Arrest"
0 60 79 146 201 1303 1 0 1 "Arrest"
0 59 79 145 201 1304 1 0 1 "Arrest"
0 58 79 144 201 1305 1 0 1 "Arrest"
0 57 79 143 201 1306 1 0 1 "Arrest"
0 56 79 142 201 1307 1 0 1 "Arrest"
0 56 80 142 202 1308 1 0 0 "Arrest"
0 55 80 141 202 1309 1 0 1 "Arrest"
0 54 80 140 202 1310 1 0 1 "Arrest"
0 53 80 139 202 1311 1 0 1 "Arrest"
0 52 80 138 202 1312 1 0 1 "Arrest"
0 52 80 138 202 1313 1 0 1 "Arrest"
0 51 80 137 202 1314 1 0 1 "Arrest"
0 50 80 136 202 1315 1 0 1 "Arrest"
0 49 80 135 202 1316 1 0 1 "Arrest"
0 48 80 134 202 1317 1 0 1 "Arrest"
0 48 81 134 203 1318 1 0 0 "Arrest"
0 48 82 133 203 1319 1 0 1 "Arrest"
0 48 84 133 203 1320 1 0 1 "Arrest"
0 48 86 133 203 1321 1 0 0 "Arrest"
0 47 87 133 203 1322 1 0 1 "Arrest"
0 47 89 133 203 1323 1 0 1 "Arrest"
0 47 91 133 203 1324 1 0 1 "Arrest"
0 47 92 133 203 1325 1 0 1 "Arrest"
0 46 94 133 203 1326 1 0 1 "Arrest"
0 46 96 133 203 1327 1 0 1 "Arrest"
0 46 97 134 203 1328 1 0 1 "Arrest"
0 46 99 134 203 1329 1 0 1 "Arrest"
0 45 101 134 203 1330 1 0 1 "Arrest"
0 45 102 134 203 1331 1 0 1 "Arrest"
0 45 104 134 203 1332 1 0 1 "Arrest"
0 45 106 134 203 1333 1 0 1 "Arrest"
0 45 108 135 203 1334 1 0 0 "Arrest"
0 42 108 137 203 1335 1 0 1 "Arrest"
0 39 108 140 203 1336 1 0 1 "Arrest"
0 37 108 142 204 1337 1 0 1 "Arrest"
0 34 108 145 204 1338 1 0 1 "Arrest"
0 32 108 148 205 1339 1 0 0 "Arrest"
0 32 107 147 205 1340 1 0 1 "Arrest"
0 32 106 147 205 1341 1 0 1 "Arrest"
0 32 105 147 205 1342 1 0 1 "Arrest"
0 32 104 147 205 1343 1 0 0 "Arrest"
0 32 103 147 205 1344 1 0 1 "Arrest"
0 32 102 147 205 1345 1 0 1 "Arrest"
0 32 101 147 205 1346 1 0 1 "Arrest"
0 32 100 147 205 1347 1 0 1 "Arrest"
0 32 99 147 205 1348 1 0 1 "Arrest"
0 32 98 147 205 1349 1 0 0 "Arrest"
0 32 96 146 205 1350 1 0 1 "Arrest"
0 32 94 146 205 1351 1 0 1 "Arrest"
0 32 92 146 205 1352 1 0 1 "Arrest"
0 32 90 146 205 1353 1 0 0 "Arrest"
0 32 89 145 205 1354 1 0 1 "Arrest"
0 32 89 145 205 1355 1 0 1 "Arrest"
0 32 89 145 205 1356 1 0 1 "Arrest"
0 32 89 145 205 1357 1 0 1 "Arrest"
0 32 89 145 205 1358 1 0 1 "Arrest"
0 32 89 145 205 1359 1 0 1 "Arrest"
0 32 89 145 205 1360 1 0 1 "Arrest"
0 32 89 145 205 1361 1 0 1 "Arrest"
0 32 89 145 205 1362 1 0 1 "Arrest"
0 32 89 145 205 1363 1 0 1 "Arrest"
0 32 89 145 205 1364 1 0 1 "Arrest"
0 32 88 145 205 1365 1 0 1 "Arrest"
0 32 88 145 205 1366 1 0 1 "Arrest"
0 32 88 145 205 1367 1 0 1 "Arrest"
0 32 88 145 205 1368 1 0 1 "Arrest"
0 32 88 145 205 1369 1 0 1 "Arrest"
0 32 88 145 205 1370 1 0 1 "Arrest"
0 32 88 145 205 1371 1 0 1 "Arrest"
0 32 88 145 205 1372 1 0 1 "Arrest"
0 32 88 145 205 1373 1 0 1 "Arrest"
0 32 88 145 205 1374 1 0 1 "Arrest"
0 32 88 145 205 1375 1 0 1 "Arrest"
0 32 87 145 205 1376 1 0 1 "Arrest"
0 32 87 145 205 1377 1 0 1 "Arrest"
0 32 87 145 205 1378 1 0 1 "Arrest"
0 32 87 145 205 1379 1 0 1 "Arrest"
0 32 87 145 205 1380 1 0 1 "Arrest"
0 32 87 145 205 1381 1 0 1 "Arrest"
0 32 87 145 205 1382 1 0 1 "Arrest"
0 32 87 145 205 1383 1 0 1 "Arrest"
0 32 87 145 205 1384 1 0 1 "Arrest"
0 32 87 145 205 1385 1 0 1 "Arrest"
0 32 87 145 205 1386 0 0 0 "Arrest"
0 32 83 144 205 1387 0 0 1 "Arrest"
0 32 79 144 205 1388 0 0 1 "Arrest"
0 32 75 144 205 1389 0 0 1 "Arrest"
0 32 71 144 205 1390 0 0 0 "Arrest"
0 32 71 144 205 1391 0 0 1 "Arrest"
0 32 71 144 205 1392 0 0 1 "Arrest"
0 32 71 144 205 1393 0 0 1 "Arrest"
0 33 71 145 205 1394 0 0 1 "Arrest"
0 33 71 145 205 1395 0 0 1 "Arrest"
0 33 71 145 205 1396 0 0 1 "Arrest"
0 34 71 146 205 1397 0 0 1 "Arrest"
0 34 71 146 205 1398 0 0 1 "Arrest"
0 34 71 146 205 1399 0 0 1 "Arrest"
0 35 71 147 205 1400 0 0 1 "Arrest"
0 35 71 147 205 1401 0 0 1 "Arrest"
0 35 71 147 205 1402 0 0 1 "Arrest"
0 36 71 148 205 1403 0 0 1 "Arrest"
0 36 71 148 205 1404 0 0 1 "Arrest"
0 36 71 148 205 1405 0 0 1 "Arrest"
0 37 71 149 205 1406 0 0 1 "Arrest"
0 37 71 149 205 1407 0 0 1 "Arrest"
0 37 71 149 205 1408 0 0 1 "Arrest"
0 38 71 150 205 1409 0 0 1 "Arrest"
0 38 71 150 205 1410 0 0 1 "Arrest"
0 38 71 150 205 1411 0 0 1 "Arrest"
0 39 71 151 205 1412 0 0 1 "Arrest"
0 39 71 151 205 1413 0 0 1 "Arrest"
0 39 71 151 205 1414 0 0 1 "Arrest"
0 40 71 152 205 1415 0 0 1 "Arrest"
0 40 71 152 205 1416 0 0 1 "Arrest"
0 40 71 152 205 1417 0 0 1 "Arrest"
0 41 71 153 205 1418 0 0 1 "Arrest"
0 41 71 153 205 1419 0 0 1 "Arrest"
0 41 71 153 205 1420 0 0 1 "Arrest"
0 42 71 154 205 1421 0 0 1 "Arrest"
0 42 71 154 205 1422 0 0 1 "Arrest"
0 42 71 154 205 1423 0 0 1 "Arrest"
0 43 71 155 205 1424 0 0 1 "Arrest"
0 43 71 155 205 1425 0 0 1 "Arrest"
0 43 71 155 205 1426 0 0 1 "Arrest"
0 44 71 156 205 1427 0 0 1 "Arrest"
0 44 71 156 205 1428 0 0 1 "Arrest"
0 44 71 156 205 1429 0 0 1 "Arrest"
0 45 71 157 205 1430 0 0 1 "Arrest"
0 45 71 157 205 1431 0 0 1 "Arrest"
0 45 71 157 205 1432 0 0 1 "Arrest"
0 46 71 158 205 1433 0 0 1 "Arrest"
0 46 71 158 205 1434 0 0 1 "Arrest"
0 46 71 158 205 1435 0 0 1 "Arrest"
0 47 71 159 205 1436 0 0 1 "Arrest"
0 47 71 159 205 1437 0 0 1 "Arrest"
0 47 71 159 205 1438 0 0 1 "Arrest"
0 48 71 160 205 1439 0 0 1 "Arrest"
0 48 71 160 205 1440 0 0 1 "Arrest"
0 48 71 160 205 1441 0 0 1 "Arrest"
0 49 71 161 205 1442 0 0 1 "Arrest"
0 49 71 161 205 1443 0 0 1 "Arrest"
0 49 71 161 205 1444 0 0 1 "Arrest"
0 50 71 162 205 1445 0 0 0 "Arrest"
0 51 70 163 204 1446 0 0 1 "Arrest"
0 52 70 164 204 1447 0 0 1 "Arrest"
0 53 70 165 204 1448 0 0 1 "Arrest"
0 54 70 166 204 1449 0 0 1 "Arrest"
0 55 70 167 204 1450 0 0 1 "Arrest"
0 56 70 168 204 1451 0 0 1 "Arrest"
0 57 70 169 204 1452 0 0 1 "Arrest"
0 59 70 171 204 1453 0 0 1 "Arrest"
0 60 70 172 204 1454 0 0 1 "Arrest"
0 61 70 173 204 1455 0 0 1 "Arrest"
0 62 70 174 204 1456 0 0 1 "Arrest"
0 63 70 175 204 1457 0 0 1 "Arrest"
0 64 70 176 204 1458 0 0 1 "Arrest"
0 65 70 177 204 1459 0 0 1 "Arrest"
0 67 70 179 204 1460 0 0 1 "Arrest"
0 68 70 180 204 1461 0 0 1 "Arrest"
0 69 70 181 204 1462 0 0 1 "Arrest"
0 70 70 182 204 1463 0 0 1 "Arrest"
0 71 70 183 204 1464 0 0 1 "Arrest"
0 72 70 184 204 1465 0 0 1 "Arrest"
0 73 70 185 204 1466 0 0 1 "Arrest"
0 75 70 187 204 1467 0 0 1 "Arrest"
0 76 70 188 204 1468 0 0 1 "Arrest"
0 77 70 189 204 1469 0 0 1 "Arrest"
0 78 70 190 204 1470 0 0 1 "Arrest"
0 79 70 191 204 1471 0 0 1 "Arrest"
0 80 70 192 204 1472 0 0 1 "Arrest"
0 81 70 193 204 1473 0 0 1 "Arrest"
0 83 70 195 204 1474 0 0 0 "Arrest"
0 84 69 196 203 1475 0 0 1 "Arrest"
0 85 69 197 203 1476 0 0 1 "Arrest"
0 86 69 198 203 1477 0 0 1 "Arrest"
0 87 69 199 203 1478 0 0 1 "Arrest"
0 88 69 200 203 1479 0 0 1 "Arrest"
0 89 69 201 203 1480 0 0 1 "Arrest"
0 90 69 202 203 1481 0 0 1 "Arrest"
0 91 69 203 203 1482 0 0 1 "Arrest"
0 92 69 204 203 1483 0 0 1 "Arrest"
0 93 69 205 203 1484 0 0 1 "Arrest"
0 94 69 206 203 1485 0 0 1 "Arrest"
0 95 69 207 203 1486 0 0 1 "Arrest"
0 96 69 208 203 1487 0 0 1 "Arrest"
0 97 69 209 203 1488 0 0 1 "Arrest"
0 99 69 211 203 1489 0 0 0 "Arrest"
0 99 67 210 203 1490 0 0 1 "Arrest"
0 99 66 210 203 1491 0 0 1 "Arrest"
0 99 65 210 203 1492 0 0 1 "Arrest"
0 99 63 210 203 1493 0 0 1 "Arrest"
0 99 62 210 203 1494 0 0 1 "Arrest"
0 99 61 210 203 1495 0 0 0 "Arrest"
0 100 61 211 203 1496 0 0 1 "Arrest"
0 102 61 213 203 1497 0 0 1 "Arrest"
0 104 61 215 203 1498 0 0 0 "Arrest"
0 104 61 216 202 1499 0 0 1 "Arrest"
0 104 62 218 202 1500 0 0 1 "Arrest"
0 104 62 220 202 1501 0 0 1 "Arrest"
0 104 63 222 202 1502 0 0 1 "Arrest"
0 104 64 224 202 1503 0 0 1 "Arrest"
0 104 64 226 202 1504 0 0 1 "Arrest"
0 104 65 227 202 1505 0 0 1 "Arrest"
0 104 65 229 202 1506 0 0 1 "Arrest"
0 104 66 231 202 1507 0 0 1 "Arrest"
0 104 67 233 202 1508 0 0 1 "Arrest"
0 104 67 235 202 1509 0 0 1 "Arrest"
0 104 68 237 202 1510 0 0 1 "Arrest"
0 104 69 239 202 1511 0 0 0 "Arrest"
0 104 69 239 202 1512 0 0 1 "Arrest"
0 105 69 240 202 1513 0 0 1 "Arrest"
0 106 69 241 202 1514 0 0 1 "Arrest"
0 107 69 242 202 1515 0 0 1 "Arrest"
0 108 69 243 202 1516 0 0 1 "Arrest"
0 108 69 243 202 1517 0 0 1 "Arrest"
0 109 69 244 202 1518 0 0 1 "Arrest"
0 110 69 245 202 1519 0 0 1 "Arrest"
0 111 69 246 202 1520 0 0 1 "Arrest"
0 112 69 247 202 1521 0 0 0 "Arrest"
0 112 70 247 202 1522 0 0 1 "Arrest"
0 113 72 248 202 1523 0 0 1 "Arrest"
0 114 74 249 202 1524 0 0 1 "Arrest"
0 114 75 249 202 1525 0 0 1 "Arrest"
0 115 77 250 202 1526 0 0 1 "Arrest"
0 116 79 251 202 1527 0 0 1 "Arrest"
0 117 80 251 202 1528 0 0 1 "Arrest"
0 117 82 252 202 1529 0 0 1 "Arrest"
0 118 84 253 202 1530 0 0 1 "Arrest"
0 119 85 253 202 1531 0 0 1 "Arrest"
0 120 87 254 202 1532 0 0 1 "Arrest"
0 120 89 255 202 1533 0 0 1 "Arrest"
0 121 90 255 202 1534 0 0 1 "Arrest"
0 122 92 256 202 1535 0 0 1 "Arrest"
0 123 94 257 203 1536 0 0 0 "Arrest"
0 123 94 257 203 1537 0 0 1 "Arrest"
0 123 94 257 203 1538 0 0 1 "Arrest"
0 123 94 257 203 1539 0 0 1 "Arrest"
0 123 94 257 203 1540 0 0 1 "Arrest"
0 123 94 257 203 1541 0 0 1 "Arrest"
0 124 94 258 203 1542 0 0 1 "Arrest"
0 124 94 258 203 1543 0 0 1 "Arrest"
0 124 94 258 203 1544 0 0 1 "Arrest"
0 124 94 258 203 1545 0 0 1 "Arrest"
0 124 94 258 203 1546 0 0 1 "Arrest"
0 125 94 259 203 1547 0 0 1 "Arrest"
0 125 94 259 203 1548 0 0 1 "Arrest"
0 125 94 259 203 1549 0 0 1 "Arrest"
0 125 94 259 203 1550 0 0 1 "Arrest"
0 125 94 259 203 1551 0 0 1 "Arrest"
0 126 94 260 203 1552 0 0 1 "Arrest"
0 126 94 260 203 1553 0 0 1 "Arrest"
0 126 94 260 203 1554 0 0 1 "Arrest"
0 126 94 260 203 1555 0 0 1 "Arrest"
0 126 94 260 203 1556 0 0 1 "Arrest"
0 127 94 261 203 1557 0 0 1 "Arrest"
0 127 94 261 203 1558 0 0 1 "Arrest"
0 127 94 261 203 1559 0 0 1 "Arrest"
0 127 94 261 203 1560 0 0 1 "Arrest"
0 127 94 261 203 1561 0 0 1 "Arrest"
0 128 94 262 203 1562 0 0 1 "Arrest"
0 128 94 262 203 1563 0 0 1 "Arrest"
0 128 94 262 203 1564 0 0 1 "Arrest"
0 128 94 262 203 1565 0 0 1 "Arrest"
0 128 94 262 203 1566 0 0 1 "Arrest"
0 129 94 263 203 1567 0 0 1 "Arrest"
0 129 94 263 203 1568 0 0 1 "Arrest"
0 129 94 263 203 1569 0 0 1 "Arrest"
0 129 94 263 203 1570 0 0 1 "Arrest"
0 129 94 263 203 1571 0 0 1 "Arrest"
0 130 94 264 203 1572 0 0 1 "Arrest"
0 130 94 264 203 1573 0 0 1 "Arrest"
0 130 94 264 203 1574 0 0 1 "Arrest"
0 130 94 264 203 1575 0 0 1 "Arrest"
0 130 94 264 203 1576 0 0 1 "Arrest"
0 131 94 265 203 1577 0 0 1 "Arrest"
0 131 94 265 203 1578 0 0 1 "Arrest"
0 131 94 265 203 1579 0 0 1 "Arrest"
0 131 94 265 203 1580 0 0 1 "Arrest"
0 131 94 265 203 1581 0 0 1 "Arrest"
0 131 94 265 203 1582 0 0 1 "Arrest"
0 132 94 266 203 1583 0 0 1 "Arrest"
0 132 94 266 203 1584 0 0 1 "Arrest"
0 132 94 266 203 1585 0 0 1 "Arrest"
0 132 94 266 203 1586 0 0 1 "Arrest"
0 132 94 266 203 1587 0 0 1 "Arrest"
0 133 94 267 203 1588 0 0 1 "Arrest"
0 133 94 267 203 1589 0 0 1 "Arrest"
0 133 94 267 203 1590 0 0 1 "Arrest"
0 133 94 267 203 1591 0 0 1 "Arrest"
0 133 94 267 203 1592 0 0 1 "Arrest"
0 134 94 268 203 1593 0 0 1 "Arrest"
0 134 94 268 203 1594 0 0 1 "Arrest"
0 134 94 268 203 1595 0 0 1 "Arrest"
0 134 94 268 203 1596 0 0 1 "Arrest"
0 134 94 268 203 1597 0 0 1 "Arrest"
0 135 94 269 203 1598 0 0 1 "Arrest"
0 135 94 269 203 1599 0 0 1 "Arrest"
0 135 94 269 203 1600 0 0 1 "Arrest"
0 135 94 269 203 1601 0 0 1 "Arrest"
0 135 94 269 203 1602 0 0 1 "Arrest"
0 136 94 270 203 1603 0 0 1 "Arrest"
0 136 94 270 203 1604 0 0 1 "Arrest"
0 136 94 270 203 1605 0 0 1 "Arrest"
0 136 94 270 203 1606 0 0 1 "Arrest"
0 136 94 270 203 1607 0 0 1 "Arrest"
0 137 94 271 203 1608 0 0 1 "Arrest"
0 137 94 271 203 1609 0 0 1 "Arrest"
0 137 94 271 203 1610 0 0 1 "Arrest"
0 137 94 271 203 1611 0 0 1 "Arrest"
0 137 94 271 203 1612 0 0 1 "Arrest"
0 138 94 272 203 1613 0 0 1 "Arrest"
0 138 94 272 203 1614 0 0 1 "Arrest"
0 138 94 272 203 1615 0 0 1 "Arrest"
0 138 94 272 203 1616 0 0 1 "Arrest"
0 138 94 272 203 1617 0 0 1 "Arrest"
0 139 94 273 203 1618 0 0 0 "Arrest"
0 139 93 273 203 1619 0 0 1 "Arrest"
0 140 92 273 203 1620 0 0 1 "Arrest"
0 140 91 274 203 1621 0 0 1 "Arrest"
0 141 90 274 203 1622 0 0 1 "Arrest"
0 141 90 275 203 1623 0 0 1 "Arrest"
0 142 89 275 203 1624 0 0 1 "Arrest"
0 142 88 276 203 1625 0 0 1 "Arrest"
0 143 87 276 203 1626 0 0 1 "Arrest"
0 143 87 277 203 1627 0 0 1 "Arrest"
0 144 86 277 203 1628 0 0 1 "Arrest"
0 144 85 278 203 1629 0 0 1 "Arrest"
0 145 84 278 203 1630 0 0 1 "Arrest"
0 146 84 279 203 1631 0 0 0 "Arrest"
0 146 83 278 203 1632 0 0 1 "Arrest"
0 146 82 278 203 1633 0 0 1 "Arrest"
0 146 82 278 203 1634 0 0 1 "Arrest"
0 146 81 278 203 1635 0 0 1 "Arrest"
0 146 81 278 203 1636 0 0 1 "Arrest"
0 146 80 278 203 1637 0 0 1 "Arrest"
0 146 79 278 203 1638 0 0 1 "Arrest"
0 146 79 278 203 1639 0 0 1 "Arrest"
0 146 78 278 203 1640 0 0 1 "Arrest"
0 146 78 278 203 1641 0 0 1 "Arrest"
0 146 77 278 203 1642 0 0 1 "Arrest"
0 146 76 278 203 1643 0 0 1 "Arrest"
0 146 76 278 203 1644 0 0 1 "Arrest"
0 146 75 278 203 1645 0 0 1 "Arrest"
0 146 75 278 203 1646 0 0 1 "Arrest"
0 146 74 278 203 1647 0 0 1 "Arrest"
0 146 74 278 203 1648 0 0 0 "Arrest"
0 146 72 277 203 1649 0 0 1 "Arrest"
0 146 71 277 203 1650 0 0 1 "Arrest"
0 146 70 277 203 1651 0 0 1 "Arrest"
0 146 69 277 203 1652 0 0 1 "Arrest"
0 146 68 277 203 1653 0 0 1 "Arrest"
0 146 67 277 203 1654 0 0 0 "Arrest"
0 145 67 276 203 1655 0 0 1 "Arrest"
0 145 67 276 203 1656 0 0 1 "Arrest"
0 144 67 275 203 1657 0 0 1 "Arrest"
0 144 67 275 203 1658 0 0 1 "Arrest"
0 143 67 274 203 1659 0 0 1 "Arrest"
0 143 67 274 203 1660 0 0 1 "Arrest"
0 142 67 273 203 1661 0 0 1 "Arrest"
0 142 67 273 203 1662 0 0 1 "Arrest"
0 141 67 272 203 1663 0 0 1 "Arrest"
0 141 67 272 203 1664 0 0 1 "Arrest"
0 140 67 271 203 1665 0 0 1 "Arrest"
0 140 67 271 203 1666 0 0 1 "Arrest"
0 139 67 270 203 1667 0 0 1 "Arrest"
0 139 67 270 203 1668 0 0 1 "Arrest"
0 138 67 269 203 1669 0 0 1 "Arrest"
0 138 67 269 203 1670 0 0 1 "Arrest"
0 137 67 268 203 1671 0 0 1 "Arrest"
0 137 67 268 203 1672 0 0 1 "Arrest"
0 137 67 268 203 1673 0 0 0 "Arrest"
0 136 67 267 203 1674 0 0 1 "Arrest"
0 136 67 267 203 1675 0 0 1 "Arrest"
0 135 67 266 203 1676 0 0 1 "Arrest"
0 135 67 266 203 1677 0 0 1 "Arrest"
0 135 67 266 203 1678 0 0 1 "Arrest"
0 134 67 265 203 1679 0 0 1 "Arrest"
0 134 67 265 203 1680 0 0 1 "Arrest"
0 134 67 265 203 1681 0 0 1 "Arrest"
0 133 67 264 203 1682 0 0 1 "Arrest"
0 133 67 264 203 1683 0 0 1 "Arrest"
0 133 67 264 203 1684 0 0 1 "Arrest"
0 132 67 263 203 1685 0 0 1 "Arrest"
0 132 67 263 203 1686 0 0 1 "Arrest"
0 132 68 263 204 1687 0 0 0 "Arrest"
0 131 69 261 204 1688 0 0 1 "Arrest"
0 130 71 260 204 1689 0 0 1 "Arrest"
0 129 73 259 204 1690 0 0 1 "Arrest"
0 128 75 258 204 1691 0 0 1 "Arrest"
0 127 77 257 204 1692 0 0 0 "Arrest"
0 126 77 256 204 1693 0 0 1 "Arrest"
0 125 77 255 204 1694 0 0 1 "Arrest"
0 125 77 255 204 1695 0 0 1 "Arrest"
0 124 77 254 204 1696 0 0 1 "Arrest"
0 124 77 254 204 1697 0 0 0 "Arrest"
0 121 77 251 204 1698 0 0 1 "Arrest"
0 118 77 248 204 1699 0 0 1 "Arrest"
0 116 77 246 204 1700 0 0 1 "Arrest"
0 113 77 243 204 1701 0 0 1 "Arrest"
0 111 77 241 204 1702 0 0 1 "Arrest"
0 108 77 238 204 1703 0 0 1 "Arrest"
0 106 77 236 204 1704 0 0 1 "Arrest"
0 103 77 233 204 1705 0 0 1 "Arrest"
0 101 77 231 204 1706 0 0 0 "Arrest"
0 98 77 228 204 1707 0 0 1 "Arrest"
0 95 77 225 204 1708 0 0 1 "Arrest"
0 93 77 223 204 1709 0 0 0 "Arrest"
0 88 77 218 204 1710 0 0 1 "Arrest"
0 84 77 214 204 1711 0 0 1 "Arrest"
0 80 77 210 204 1712 0 0 0 "Arrest"
0 77 76 207 203 1713 0 0 1 "Arrest"
0 75 76 205 203 1714 0 0 1 "Arrest"
0 73 76 203 203 1715 0 0 1 "Arrest"
0 71 76 201 203 1716 0 0 1 "Arrest"
0 69 76 199 203 1717 0 0 0 "Arrest"
0 67 75 197 202 1718 0 0 1 "Arrest"
0 66 75 196 202 1719 0 0 1 "Arrest"
0 65 75 195 202 1720 0 0 0 "Arrest"
0 62 75 192 202 1721 0 0 1 "Arrest"
0 59 75 189 202 1722 0 0 1 "Arrest"
0 56 75 186 202 1723 0 0 1 "Arrest"
0 53 75 183 202 1724 0 0 1 "Arrest"
0 51 76 181 203 1725 0 0 0 "Arrest"
0 45 76 175 203 1726 0 0 1 "Arrest"
0 40 76 170 203 1727 0 0 1 "Arrest"
0 35 76 165 203 1728 0 0 1 "Arrest"
0 30 76 160 203 1729 0 0 0 "Arrest"
0 26 76 156 203 1730 0 0 1 "Arrest"
0 23 76 153 203 1731 0 0 1 "Arrest"
0 20 76 150 203 1732 0 0 1 "Arrest"
0 16 76 146 203 1733 0 0 1 "Arrest"
0 13 76 143 203 1734 0 0 1 "Arrest"
0 10 76 140 203 1735 0 0 1 "Arrest"
0 6 76 136 203 1736 0 0 1 "Arrest"
0 3 76 133 203 1737 0 0 1 "Arrest"
0 0 77 130 204 1738 0 0 0 "Arrest"
0 0 77 126 203 1739 0 0 1 "Arrest"
0 0 77 122 203 1740 0 0 1 "Arrest"
0 0 77 118 203 1741 0 0 1 "Arrest"
0 0 77 114 203 1742 0 0 1 "Arrest"
0 0 77 110 203 1743 0 0 1 "Arrest"
0 0 77 106 203 1744 0 0 1 "Arrest"
0 0 77 102 203 1745 0 0 1 "Arrest"
0 0 77 98 203 1746 0 0 1 "Arrest"
0 0 77 95 203 1747 1 0 0 "Arrest"
0 0 77 90 202 1748 1 0 1 "Arrest"
0 0 77 86 202 1749 1 0 1 "Arrest"
0 0 77 82 202 1750 1 0 1 "Arrest"
0 0 77 78 202 1751 1 0 1 "Arrest"
0 0 77 74 202 1752 1 0 1 "Arrest"
0 0 77 70 202 1753 1 0 0 "Arrest"
0 1 76 72 202 1754 1 0 1 "Arrest"
0 2 76 74 202 1755 1 0 1 "Arrest"
0 3 76 76 202 1756 1 0 1 "Arrest"
0 4 76 79 202 1757 1 0 1 "Arrest"
0 5 76 81 202 1758 1 0 1 "Arrest"
0 6 76 83 202 1759 1 0 1 "Arrest"
0 7 76 86 202 1760 1 0 1 "Arrest"
0 9 76 88 202 1761 1 0 1 "Arrest"
0 10 76 90 202 1762 1 0 1 "Arrest"
0 11 76 93 202 1763 1 0 1 "Arrest"
0 12 76 95 202 1764 1 0 1 "Arrest"
0 13 76 97 202 1765 1 0 1 "Arrest"
0 14 75 99 202 1766 1 0 1 "Arrest"
0 15 75 102 202 1767 1 0 1 "Arrest"
0 17 75 104 202 1768 1 0 1 "Arrest"
0 18 75 106 202 1769 1 0 1 "Arrest"
0 19 75 109 202 1770 1 0 1 "Arrest"
0 20 75 111 202 1771 1 0 1 "Arrest"
0 21 75 113 202 1772 1 0 1 "Arrest"
0 22 75 116 202 1773 1 0 1 "Arrest"
0 23 75 118 202 1774 1 0 1 "Arrest"
0 25 75 120 202 1775 1 0 1 "Arrest"
0 26 75 123 202 1776 1 0 1 "Arrest"
0 27 75 125 202 1777 1 0 1 "Arrest"
0 28 74 127 202 1778 1 0 1 "Arrest"
0 29 74 129 202 1779 1 0 1 "Arrest"
0 30 74 132 202 1780 1 0 1 "Arrest"
0 31 74 134 202 1781 1 0 1 "Arrest"
0 33 74 136 202 1782 1 0 1 "Arrest"
0 34 74 139 202 1783 1 0 1 "Arrest"
0 35 74 141 202 1784 1 0 1 "Arrest"
0 36 74 143 202 1785 1 0 1 "Arrest"
0 37 74 146 202 1786 1 0 1 "Arrest"
0 38 74 148 202 1787 1 0 1 "Arrest"
0 39 74 150 202 1788 1 0 1 "Arrest"
0 41 74 153 202 1789 1 0 0 "Arrest"
