0 267 116 319 209 0 1 0 0 "Assault"
0 267 116 319 209 1 1 0 1 "Assault"
0 267 116 319 209 2 1 0 1 "Assault"
0 267 116 319 209 3 1 0 1 "Assault"
0 267 116 319 209 4 1 0 1 "Assault"
0 267 116 319 209 5 1 0 1 "Assault"
0 267 116 319 209 6 1 0 1 "Assault"
0 267 116 319 209 7 1 0 1 "Assault"
0 267 116 319 209 8 1 0 1 "Assault"
0 267 116 319 209 9 1 0 1 "Assault"
0 267 116 319 209 10 1 0 1 "Assault"
0 267 116 319 209 11 1 0 1 "Assault"
0 267 116 319 209 12 1 0 1 "Assault"
0 267 116 319 209 13 1 0 1 "Assault"
0 267 116 319 209 14 1 0 1 "Assault"
0 267 116 319 209 15 1 0 1 "Assault"
0 267 116 319 209 16 1 0 1 "Assault"
0 267 116 319 209 17 1 0 1 "Assault"
0 267 116 319 209 18 1 0 1 "Assault"
0 267 116 319 209 19 1 0 1 "Assault"
0 267 116 319 209 20 1 0 1 "Assault"
0 267 116 319 209 21 1 0 1 "Assault"
0 267 116 319 209 22 1 0 1 "Assault"
0 267 116 319 209 23 1 0 1 "Assault"
0 267 116 319 209 24 1 0 1 "Assault"
0 267 116 319 209 25 1 0 1 "Assault"
0 267 116 319 209 26 1 0 1 "Assault"
0 267 116 319 209 27 1 0 1 "Assault"
0 267 116 319 209 28 1 0 1 "Assault"
0 267 116 319 209 29 1 0 1 "Assault"
0 267 116 319 209 30 1 0 1 "Assault"
0 267 116 319 209 31 1 0 1 "Assault"
0 267 116 319 209 32 1 0 1 "Assault"
0 267 116 319 209 33 1 0 1 "Assault"
0 267 116 319 209 34 1 0 1 "Assault"
0 267 116 319 209 35 1 0 1 "Assault"
0 267 116 319 209 36 1 0 1 "Assault"
0 267 116 319 209 37 1 0 1 "Assault"
0 267 116 319 209 38 1 0 1 "Assault"
0 267 116 319 209 39 1 0 1 "Assault"
0 267 116 319 209 40 1 0 1 "Assault"
0 267 116 319 209 41 1 0 1 "Assault"
0 267 116 319 209 42 1 0 1 "Assault"
0 267 116 319 209 43 1 0 1 "Assault"
0 267 116 319 209 44 1 0 1 "Assault"
0 267 116 319 209 45 1 0 1 "Assault"
0 267 116 319 209 46 0 0 0 "Assault"
0 265 115 317 208 47 0 0 1 "Assault"
0 263 115 315 208 48 0 0 1 "Assault"
0 261 115 313 208 49 0 0 1 "Assault"
0 259 115 311 208 50 0 0 0 "Assault"
0 255 114 307 207 51 0 0 1 "Assault"
0 251 113 303 206 52 0 0 1 "Assault"
0 247 112 299 205 53 0 0 1 "Assault"
0 244 111 296 204 54 0 0 0 "Assault"
0 242 111 294 204 55 0 0 1 "Assault"
0 240 111 292 204 56 0 0 1 "Assault"
0 238 111 290 204 57 0 0 1 "Assault"
0 236 111 288 204 58 0 0 1 "Assault"
0 235 112 287 205 59 0 0 0 "Assault"
0 231 111 283 204 60 0 0 1 "Assault"
0 228 111 280 204 61 0 0 1 "Assault"
0 224 111 276 204 62 0 0 1 "Assault"
0 221 111 273 204 63 0 0 0 "Assault"
0 218 110 270 203 64 0 0 1 "Assault"
0 216 110 268 203 65 0 0 1 "Assault"
0 213 110 265 203 66 0 0 1 "Assault"
0 211 110 263 203 67 0 0 0 "Assault"
0 209 109 261 202 68 0 0 1 "Assault"
0 207 109 259 202 69 0 0 1 "Assault"
0 206 109 258 202 70 0 0 1 "Assault"
0 204 109 256 202 71 0 0 1 "Assault"
0 203 109 255 202 72 0 0 0 "Assault"
0 199 107 251 200 73 0 0 1 "Assault"
0 195 106 247 199 74 0 0 1 "Assault"
0 191 105 243 198 75 0 0 1 "Assault"
0 187 104 239 197 76 0 0 0 "Assault"
0 185 104 237 197 77 0 0 1 "Assault"
0 183 104 235 197 78 0 0 1 "Assault"
0 181 104 233 197 79 0 0 1 "Assault"
0 179 105 231 198 80 0 0 0 "Assault"
0 177 104 229 197 81 0 0 1 "Assault"
0 175 104 227 197 82 0 0 1 "Assault"
0 173 104 225 197 83 0 0 1 "Assault"
0 172 104 224 197 84 0 0 0 "Assault"
0 171 103 223 196 85 0 0 1 "Assault"
0 170 103 222 196 86 0 0 1 "Assault"
0 169 103 221 196 87 0 0 1 "Assault"
0 169 103 221 196 88 0 0 1 "Assault"
0 168 103 220 196 89 0 0 1 "Assault"
0 167 103 219 196 90 0 0 1 "Assault"
0 167 103 219 196 91 0 0 0 "Assault"
0 165 100 217 193 92 0 0 1 "Assault"
0 163 97 215 190 93 0 0 1 "Assault"
0 162 95 214 188 94 0 0 0 "Assault"
0 161 94 213 187 95 0 0 1 "Assault"
0 160 94 212 187 96 0 0 1 "Assault"
0 159 93 211 186 97 0 0 1 "Assault"
0 158 93 210 186 98 0 0 0 "Assault"
0 155 91 207 184 99 0 0 1 "Assault"
0 153 89 205 182 100 0 0 1 "Assault"
0 151 87 203 180 101 0 0 1 "Assault"
0 149 86 201 179 102 0 0 0 "Assault"
0 147 84 199 177 103 0 0 1 "Assault"
0 146 83 198 176 104 0 0 1 "Assault"
0 145 82 197 175 105 0 0 1 "Assault"
0 144 81 196 174 106 0 0 0 "Assault"
0 142 81 194 174 107 0 0 1 "Assault"
0 141 81 193 174 108 0 0 1 "Assault"
0 140 81 192 174 109 0 0 1 "Assault"
0 139 81 191 174 110 0 0 0 "Assault"
0 138 79 190 172 111 0 0 1 "Assault"
0 137 78 189 171 112 0 0 1 "Assault"
0 136 77 188 170 113 0 0 1 "Assault"
0 136 76 188 169 114 0 0 0 "Assault"
0 135 75 187 168 115 0 0 1 "Assault"
0 134 74 186 167 116 0 0 1 "Assault"
0 134 73 186 166 117 0 0 1 "Assault"
0 133 72 185 165 118 0 0 1 "Assault"
0 133 72 185 165 119 0 0 0 "Assault"
0 131 71 183 164 120 0 0 1 "Assault"
0 129 71 181 164 121 0 0 1 "Assault"
0 127 70 179 163 122 0 0 1 "Assault"
0 125 70 177 163 123 0 0 0 "Assault"
0 122 68 174 161 124 0 0 1 "Assault"
0 119 67 171 160 125 0 0 1 "Assault"
0 116 65 168 158 126 0 0 1 "Assault"
0 114 64 166 157 127 0 0 0 "Assault"
0 113 63 165 156 128 0 0 1 "Assault"
0 113 63 165 156 129 0 0 1 "Assault"
0 113 63 165 156 130 0 0 1 "Assault"
0 113 62 165 155 131 0 0 1 "Assault"
0 112 62 164 155 132 0 0 1 "Assault"
0 112 62 164 155 133 0 0 1 "Assault"
0 112 61 164 154 134 0 0 1 "Assault"
0 112 61 164 154 135 0 0 1 "Assault"
0 112 61 164 154 136 0 0 0 "Assault"
0 111 60 163 153 137 0 0 1 "Assault"
0 111 60 163 153 138 0 0 1 "Assault"
0 110 59 162 152 139 0 0 1 "Assault"
0 110 59 162 152 140 0 0 1 "Assault"
0 109 58 161 151 141 0 0 1 "Assault"
0 109 58 161 151 142 0 0 1 "Assault"
0 108 57 160 150 143 0 0 1 "Assault"
0 108 57 160 150 144 0 0 1 "Assault"
0 108 57 160 150 145 0 0 0 "Assault"
0 108 58 159 149 146 0 0 1 "Assault"
0 108 59 159 148 147 0 0 1 "Assault"
0 108 60 159 147 148 0 0 1 "Assault"
0 108 61 159 146 149 0 0 1 "Assault"
0 108 62 159 145 150 0 0 0 "Assault"
0 107 61 158 144 151 0 0 1 "Assault"
0 107 61 158 144 152 0 0 1 "Assault"
0 107 61 158 144 153 0 0 1 "Assault"
0 107 61 158 144 154 0 0 1 "Assault"
0 107 61 158 144 155 0 0 1 "Assault"
0 107 61 158 144 156 0 0 1 "Assault"
0 107 61 158 144 157 0 0 1 "Assault"
0 107 61 158 144 158 0 0 1 "Assault"
0 107 61 158 144 159 0 0 1 "Assault"
0 107 61 158 144 160 0 0 1 "Assault"
0 107 61 158 144 161 0 0 1 "Assault"
0 107 61 158 144 162 0 0 1 "Assault"
0 107 61 158 144 163 0 0 1 "Assault"
0 107 61 158 144 164 0 0 1 "Assault"
0 107 61 158 144 165 0 0 1 "Assault"
0 107 61 158 144 166 0 0 1 "Assault"
0 107 61 158 144 167 0 0 1 "Assault"
0 107 61 158 144 168 0 0 1 "Assault"
0 107 61 158 144 169 0 0 1 "Assault"
0 107 61 158 144 170 0 0 1 "Assault"
0 107 61 158 144 171 0 0 1 "Assault"
0 106 61 157 144 172 0 0 1 "Assault"
0 106 61 157 144 173 0 0 1 "Assault"
0 106 61 157 144 174 0 0 1 "Assault"
0 106 61 157 144 175 0 0 1 "Assault"
0 106 61 157 144 176 0 0 1 "Assault"
0 106 61 157 144 177 0 0 1 "Assault"
0 106 61 157 144 178 0 0 1 "Assault"
0 106 61 157 144 179 0 0 1 "Assault"
0 106 61 157 144 180 0 0 1 "Assault"
0 106 61 157 144 181 0 0 1 "Assault"
0 106 61 157 144 182 0 0 1 "Assault"
0 106 61 157 144 183 0 0 1 "Assault"
0 106 61 157 144 184 0 0 1 "Assault"
0 106 61 157 144 185 0 0 1 "Assault"
0 106 61 157 144 186 0 0 1 "Assault"
0 106 61 157 144 187 0 0 1 "Assault"
0 106 61 157 144 188 0 0 1 "Assault"
0 106 61 157 144 189 0 0 1 "Assault"
0 106 61 157 144 190 0 0 1 "Assault"
0 106 61 157 144 191 0 0 1 "Assault"
0 106 61 157 144 192 0 0 0 "Assault"
0 105 61 156 144 193 0 0 1 "Assault"
0 105 61 156 144 194 0 0 1 "Assault"
0 105 61 156 144 195 0 0 1 "Assault"
0 104 61 155 144 196 0 0 1 "Assault"
0 104 61 155 144 197 0 0 1 "Assault"
0 104 61 155 144 198 0 0 1 "Assault"
0 103 61 154 144 199 0 0 1 "Assault"
0 103 61 154 144 200 0 0 1 "Assault"
0 103 61 154 144 201 0 0 0 "Assault"
0 103 61 154 144 202 0 0 1 "Assault"
0 103 61 154 144 203 0 0 1 "Assault"
0 103 61 154 144 204 0 0 1 "Assault"
0 103 61 154 144 205 0 0 1 "Assault"
0 103 61 154 144 206 0 0 1 "Assault"
0 103 62 154 145 207 0 0 1 "Assault"
0 103 62 154 145 208 0 0 1 "Assault"
0 103 62 154 145 209 0 0 1 "Assault"
0 103 62 154 145 210 0 0 1 "Assault"
0 103 62 154 145 211 0 0 1 "Assault"
0 103 63 154 146 212 0 0 1 "Assault"
0 103 63 154 146 213 0 0 1 "Assault"
0 104 63 155 146 214 0 0 1 "Assault"
0 104 63 155 146 215 0 0 1 "Assault"
0 104 63 155 146 216 0 0 1 "Assault"
0 104 64 155 147 217 0 0 1 "Assault"
0 104 64 155 147 218 0 0 1 "Assault"
0 104 64 155 147 219 0 0 1 "Assault"
0 104 64 155 147 220 0 0 1 "Assault"
0 104 64 155 147 221 0 0 1 "Assault"
0 104 65 155 148 222 0 0 1 "Assault"
0 104 65 155 148 223 0 0 1 "Assault"
0 104 65 155 148 224 0 0 1 "Assault"
0 104 65 155 148 225 0 0 1 "Assault"
0 104 65 155 148 226 0 0 1 "Assault"
0 105 66 156 149 227 0 0 0 "Assault"
0 106 66 157 149 228 0 0 1 "Assault"
0 107 67 158 150 229 0 0 1 "Assault"
0 109 68 160 151 230 0 0 0 "Assault"
0 109 71 160 154 231 0 0 1 "Assault"
0 109 74 160 157 232 0 0 1 "Assault"
0 109 77 160 160 233 0 0 1 "Assault"
0 109 80 160 163 234 0 0 0 "Assault"
0 109 80 160 163 235 0 0 1 "Assault"
0 110 80 161 163 236 0 0 1 "Assault"
0 111 80 162 163 237 0 0 1 "Assault"
0 112 80 163 163 238 0 0 1 "Assault"
0 113 81 164 164 239 0 0 0 "Assault"
0 112 82 163 165 240 0 0 1 "Assault"
0 112 84 163 167 241 0 0 1 "Assault"
0 112 85 163 168 242 0 0 1 "Assault"
0 112 87 163 170 243 0 0 0 "Assault"
0 111 88 162 171 244 0 0 1 "Assault"
0 111 90 162 173 245 0 0 1 "Assault"
0 110 92 161 175 246 0 0 1 "Assault"
0 110 94 161 177 247 0 0 0 "Assault"
0 110 96 161 181 248 0 0 1 "Assault"
0 110 98 161 185 249 0 0 1 "Assault"
0 111 100 161 189 250 0 0 1 "Assault"
0 111 102 161 193 251 0 0 1 "Assault"
0 112 105 162 197 252 0 0 0 "Assault"
0 112 105 166 201 253 0 0 1 "Assault"
0 112 105 171 205 254 0 0 1 "Assault"
0 112 105 176 209 255 0 0 1 "Assault"
0 112 105 181 213 256 0 0 0 "Assault"
0 111 107 180 215 257 0 0 1 "Assault"
0 111 109 180 217 258 0 0 1 "Assault"
0 111 111 180 219 259 0 0 1 "Assault"
0 111 113 180 221 260 0 0 1 "Assault"
0 111 115 180 223 261 1 0 0 "Assault"
0 108 116 181 223 262 1 0 1 "Assault"
0 106 118 182 223 263 1 0 1 "Assault"
0 104 120 183 223 264 1 0 1 "Assault"
0 101 122 184 223 265 1 0 1 "Assault"
0 99 124 185 223 266 1 0 1 "Assault"
0 97 126 186 223 267 1 0 1 "Assault"
0 94 128 187 223 268 1 0 1 "Assault"
0 92 130 188 223 269 1 0 1 "Assault"
0 90 132 190 224 270 1 0 0 "Assault"
0 90 137 177 224 271 1 0 1 "Assault"
0 90 142 164 225 272 1 0 1 "Assault"
0 90 147 152 226 273 1 0 0 "Assault"
0 90 150 152 226 274 1 0 1 "Assault"
0 90 153 152 226 275 1 0 1 "Assault"
0 90 156 152 227 276 1 0 1 "Assault"
0 90 159 152 227 277 1 0 1 "Assault"
0 90 162 152 227 278 1 0 1 "Assault"
0 91 165 152 228 279 1 0 0 "Assault"
0 91 165 152 228 280 1 0 1 "Assault"
0 91 165 152 228 281 1 0 1 "Assault"
0 91 165 152 228 282 1 0 0 "Assault"
0 100 154 160 222 283 1 0 1 "Assault"
0 110 144 168 216 284 1 0 1 "Assault"
0 119 134 176 210 285 1 0 1 "Assault"
0 129 123 185 204 286 1 0 1 "Assault"
0 138 113 193 198 287 1 0 1 "Assault"
0 148 103 201 192 288 1 0 1 "Assault"
0 158 93 210 186 289 1 0 0 "Assault"
