0 160 135 210 200 0 1 0 0 "Assault"
0 159 134 209 199 1 1 0 1 "Assault"
0 159 134 209 199 2 1 0 1 "Assault"
0 159 134 209 199 3 1 0 1 "Assault"
0 159 134 209 199 4 1 0 1 "Assault"
0 159 134 209 199 5 1 0 1 "Assault"
0 159 134 209 199 6 1 0 1 "Assault"
0 159 134 209 199 7 1 0 1 "Assault"
0 159 134 209 199 8 1 0 1 "Assault"
0 159 134 209 199 9 1 0 1 "Assault"
0 159 134 209 199 10 1 0 1 "Assault"
0 159 134 209 199 11 1 0 1 "Assault"
0 159 134 209 199 12 1 0 1 "Assault"
0 159 134 209 199 13 1 0 1 "Assault"
0 159 134 209 199 14 1 0 1 "Assault"
0 159 134 209 199 15 1 0 1 "Assault"
0 159 134 209 199 16 1 0 1 "Assault"
0 159 134 209 199 17 1 0 1 "Assault"
0 159 134 209 199 18 1 0 1 "Assault"
0 159 134 209 199 19 1 0 1 "Assault"
0 159 134 209 199 20 1 0 1 "Assault"
0 159 134 209 199 21 1 0 1 "Assault"
0 159 134 209 199 22 1 0 1 "Assault"
0 159 134 209 199 23 1 0 1 "Assault"
0 159 134 209 199 24 1 0 1 "Assault"
0 159 133 209 198 25 1 0 1 "Assault"
0 159 133 209 198 26 1 0 1 "Assault"
0 159 133 209 198 27 1 0 1 "Assault"
0 159 133 209 198 28 1 0 1 "Assault"
0 159 133 209 198 29 1 0 1 "Assault"
0 159 133 209 198 30 1 0 1 "Assault"
0 159 133 209 198 31 1 0 1 "Assault"
0 159 133 209 198 32 1 0 1 "Assault"
0 159 133 209 198 33 1 0 1 "Assault"
0 159 133 209 198 34 1 0 1 "Assault"
0 159 133 209 198 35 1 0 1 "Assault"
0 159 133 209 198 36 1 0 1 "Assault"
0 159 133 209 198 37 1 0 1 "Assault"
0 159 133 209 198 38 1 0 1 "Assault"
0 159 133 209 198 39 1 0 1 "Assault"
0 159 133 209 198 40 1 0 1 "Assault"
0 159 133 209 198 41 1 0 1 "Assault"
0 159 133 209 198 42 1 0 1 "Assault"
0 159 133 209 198 43 1 0 1 "Assault"
0 159 133 209 198 44 1 0 1 "Assault"
0 159 133 209 198 45 1 0 1 "Assault"
0 159 133 209 198 46 1 0 1 "Assault"
0 159 133 209 198 47 1 0 1 "Assault"
0 159 133 209 198 48 1 0 1 "Assault"
0 159 133 209 198 49 1 0 1 "Assault"
0 159 132 209 197 50 1 0 1 "Assault"
0 159 132 209 197 51 1 0 1 "Assault"
0 159 132 209 197 52 1 0 1 "Assault"
0 159 132 209 197 53 1 0 1 "Assault"
0 159 132 209 197 54 1 0 1 "Assault"
0 159 132 209 197 55 1 0 1 "Assault"
0 159 132 209 197 56 1 0 1 "Assault"
0 159 132 209 197 57 1 0 1 "Assault"
0 159 132 209 197 58 1 0 1 "Assault"
0 159 132 209 197 59 1 0 1 "Assault"
0 159 132 209 197 60 1 0 1 "Assault"
0 159 132 209 197 61 1 0 1 "Assault"
0 159 132 209 197 62 1 0 1 "Assault"
0 159 132 209 197 63 1 0 1 "Assault"
0 159 132 209 197 64 1 0 1 "Assault"
0 159 132 209 197 65 1 0 1 "Assault"
0 159 132 209 197 66 1 0 1 "Assault"
0 159 132 209 197 67 1 0 1 "Assault"
0 159 132 209 197 68 1 0 1 "Assault"
0 159 132 209 197 69 1 0 1 "Assault"
0 159 132 209 197 70 1 0 1 "Assault"
0 159 132 209 197 71 1 0 1 "Assault"
0 159 132 209 197 72 1 0 1 "Assault"
0 159 132 209 197 73 1 0 1 "Assault"
0 159 132 209 197 74 1 0 1 "Assault"
0 159 131 209 196 75 1 0 1 "Assault"
0 159 131 209 196 76 1 0 1 "Assault"
0 159 131 209 196 77 1 0 1 "Assault"
0 159 131 209 196 78 1 0 1 "Assault"
0 159 131 209 196 79 1 0 1 "Assault"
0 159 131 209 196 80 1 0 1 "Assault"
0 159 131 209 196 81 1 0 1 "Assault"
0 159 131 209 196 82 1 0 1 "Assault"
0 159 131 209 196 83 1 0 1 "Assault"
0 159 131 209 196 84 1 0 1 "Assault"
0 159 131 209 196 85 1 0 1 "Assault"
0 159 131 209 196 86 1 0 1 "Assault"
0 159 131 209 196 87 1 0 1 "Assault"
0 159 131 209 196 88 1 0 1 "Assault"
0 159 131 209 196 89 1 0 1 "Assault"
0 159 131 209 196 90 1 0 1 "Assault"
0 159 131 209 196 91 1 0 1 "Assault"
0 159 131 209 196 92 1 0 1 "Assault"
0 159 131 209 196 93 1 0 1 "Assault"
0 159 131 209 196 94 1 0 1 "Assault"
0 159 131 209 196 95 1 0 1 "Assault"
0 159 131 209 196 96 1 0 1 "Assault"
0 159 131 209 196 97 1 0 1 "Assault"
0 159 131 209 196 98 1 0 1 "Assault"
0 159 131 209 196 99 1 0 1 "Assault"
0 159 130 209 195 100 1 0 1 "Assault"
0 159 130 209 195 101 1 0 1 "Assault"
0 159 130 209 195 102 1 0 1 "Assault"
0 159 130 209 195 103 1 0 1 "Assault"
0 159 130 209 195 104 1 0 1 "Assault"
0 159 130 209 195 105 1 0 1 "Assault"
0 159 130 209 195 106 1 0 1 "Assault"
0 159 130 209 195 107 1 0 1 "Assault"
0 159 130 209 195 108 1 0 1 "Assault"
0 159 130 209 195 109 1 0 1 "Assault"
0 159 130 209 195 110 1 0 1 "Assault"
0 159 130 209 195 111 1 0 1 "Assault"
0 159 130 209 195 112 1 0 1 "Assault"
0 159 130 209 195 113 1 0 1 "Assault"
0 159 130 209 195 114 1 0 1 "Assault"
0 159 130 209 195 115 1 0 1 "Assault"
0 159 130 209 195 116 1 0 1 "Assault"
0 159 130 209 195 117 1 0 1 "Assault"
0 159 130 209 195 118 1 0 1 "Assault"
0 159 130 209 195 119 1 0 1 "Assault"
0 159 130 209 195 120 1 0 1 "Assault"
0 159 130 209 195 121 1 0 1 "Assault"
0 159 130 209 195 122 1 0 1 "Assault"
0 159 130 209 195 123 1 0 1 "Assault"
0 159 130 209 195 124 1 0 1 "Assault"
0 159 129 209 194 125 1 0 1 "Assault"
0 159 129 209 194 126 1 0 1 "Assault"
0 159 129 209 194 127 1 0 1 "Assault"
0 159 129 209 194 128 1 0 1 "Assault"
0 159 129 209 194 129 1 0 1 "Assault"
0 159 129 209 194 130 1 0 1 "Assault"
0 159 129 209 194 131 1 0 1 "Assault"
0 159 129 209 194 132 1 0 1 "Assault"
0 159 129 209 194 133 1 0 1 "Assault"
0 159 129 209 194 134 1 0 1 "Assault"
0 159 129 209 194 135 1 0 1 "Assault"
0 159 129 209 194 136 1 0 1 "Assault"
0 159 129 209 194 137 1 0 1 "Assault"
0 159 129 209 194 138 1 0 1 "Assault"
0 159 129 209 194 139 1 0 1 "Assault"
0 159 129 209 194 140 1 0 1 "Assault"
0 159 129 209 194 141 1 0 1 "Assault"
0 159 129 209 194 142 1 0 1 "Assault"
0 159 129 209 194 143 1 0 1 "Assault"
0 159 129 209 194 144 1 0 1 "Assault"
0 159 129 209 194 145 1 0 1 "Assault"
0 159 129 209 194 146 1 0 1 "Assault"
0 159 129 209 194 147 1 0 1 "Assault"
0 159 129 209 194 148 1 0 1 "Assault"
0 159 129 209 194 149 1 0 1 "Assault"
0 159 128 209 193 150 1 0 1 "Assault"
0 159 128 209 193 151 1 0 1 "Assault"
0 159 128 209 193 152 1 0 1 "Assault"
0 159 128 209 193 153 1 0 1 "Assault"
0 159 128 209 193 154 1 0 1 "Assault"
0 159 128 209 193 155 1 0 1 "Assault"
0 159 128 209 193 156 1 0 1 "Assault"
0 159 128 209 193 157 1 0 1 "Assault"
0 159 128 209 193 158 1 0 1 "Assault"
0 159 128 209 193 159 1 0 1 "Assault"
0 159 128 209 193 160 1 0 1 "Assault"
0 159 128 209 193 161 1 0 1 "Assault"
0 159 128 209 193 162 1 0 1 "Assault"
0 159 128 209 193 163 1 0 1 "Assault"
0 159 128 209 193 164 1 0 1 "Assault"
0 159 128 209 193 165 1 0 1 "Assault"
0 159 128 209 193 166 1 0 1 "Assault"
0 159 128 209 193 167 1 0 1 "Assault"
0 159 128 209 193 168 1 0 1 "Assault"
0 159 128 209 193 169 1 0 1 "Assault"
0 159 128 209 193 170 1 0 1 "Assault"
0 159 128 209 193 171 1 0 1 "Assault"
0 159 128 209 193 172 1 0 1 "Assault"
0 159 128 209 193 173 1 0 1 "Assault"
0 159 128 209 193 174 0 0 0 "Assault"
0 159 127 209 192 175 0 0 1 "Assault"
0 160 127 210 192 176 0 0 1 "Assault"
0 161 127 211 192 177 0 0 1 "Assault"
0 162 126 212 191 178 0 0 1 "Assault"
0 163 126 213 191 179 0 0 1 "Assault"
0 164 126 214 191 180 0 0 1 "Assault"
0 165 126 215 191 181 0 0 1 "Assault"
0 165 125 215 190 182 0 0 1 "Assault"
0 166 125 216 190 183 0 0 1 "Assault"
0 167 125 217 190 184 0 0 1 "Assault"
0 168 124 218 189 185 0 0 1 "Assault"
0 169 124 219 189 186 0 0 1 "Assault"
0 170 124 220 189 187 0 0 1 "Assault"
0 171 124 221 189 188 0 0 0 "Assault"
0 171 123 221 188 189 0 0 1 "Assault"
0 172 123 222 188 190 0 0 1 "Assault"
0 173 123 223 188 191 0 0 1 "Assault"
0 174 123 224 188 192 0 0 1 "Assault"
0 175 123 225 188 193 0 0 1 "Assault"
0 176 122 226 187 194 0 0 1 "Assault"
0 177 122 227 187 195 0 0 1 "Assault"
0 178 122 228 187 196 0 0 1 "Assault"
0 179 122 229 187 197 0 0 1 "Assault"
0 180 122 230 187 198 0 0 0 "Assault"
0 180 121 230 186 199 0 0 1 "Assault"
0 181 120 231 185 200 0 0 1 "Assault"
0 181 119 231 184 201 0 0 1 "Assault"
0 182 118 232 183 202 0 0 1 "Assault"
0 183 117 233 182 203 1 0 0 "Assault"
0 183 117 233 182 204 1 0 1 "Assault"
0 183 117 233 182 205 1 0 1 "Assault"
0 183 117 233 182 206 1 0 1 "Assault"
0 183 117 233 182 207 1 0 0 "Assault"
0 182 116 232 181 208 1 0 1 "Assault"
0 181 116 232 181 209 1 0 1 "Assault"
0 180 116 231 181 210 1 0 1 "Assault"
0 179 115 231 180 211 1 0 1 "Assault"
0 178 115 230 180 212 1 0 1 "Assault"
0 177 115 230 180 213 1 0 1 "Assault"
0 177 115 229 179 214 1 0 1 "Assault"
0 176 114 229 179 215 1 0 1 "Assault"
0 175 114 228 179 216 1 0 1 "Assault"
0 174 114 228 179 217 1 0 1 "Assault"
0 173 113 227 178 218 1 0 1 "Assault"
0 172 113 227 178 219 1 0 1 "Assault"
0 172 113 226 178 220 1 0 1 "Assault"
0 171 113 226 177 221 1 0 1 "Assault"
0 170 112 225 177 222 1 0 1 "Assault"
0 169 112 225 177 223 1 0 1 "Assault"
0 168 112 224 177 224 1 0 1 "Assault"
0 167 112 224 176 225 1 0 1 "Assault"
0 167 111 223 176 226 1 0 1 "Assault"
0 166 111 223 176 227 1 0 1 "Assault"
0 165 111 222 175 228 1 0 1 "Assault"
0 164 110 222 175 229 1 0 1 "Assault"
0 163 110 221 175 230 1 0 1 "Assault"
0 162 110 221 175 231 1 0 1 "Assault"
0 161 110 220 174 232 1 0 1 "Assault"
0 161 109 220 174 233 1 0 1 "Assault"
0 160 109 219 174 234 1 0 1 "Assault"
0 159 109 219 173 235 1 0 1 "Assault"
0 158 108 218 173 236 1 0 1 "Assault"
0 157 108 218 173 237 1 0 1 "Assault"
0 156 108 217 173 238 1 0 1 "Assault"
0 156 108 217 172 239 1 0 1 "Assault"
0 155 107 216 172 240 1 0 1 "Assault"
0 154 107 216 172 241 1 0 1 "Assault"
0 153 107 215 171 242 1 0 1 "Assault"
0 152 107 215 171 243 1 0 1 "Assault"
0 151 106 214 171 244 1 0 1 "Assault"
0 151 106 214 171 245 1 0 1 "Assault"
0 150 106 213 170 246 1 0 1 "Assault"
0 149 105 213 170 247 1 0 1 "Assault"
0 148 105 212 170 248 1 0 1 "Assault"
0 147 105 212 169 249 1 0 1 "Assault"
0 146 105 211 169 250 1 0 1 "Assault"
0 145 104 211 169 251 1 0 1 "Assault"
0 145 104 210 168 252 1 0 1 "Assault"
0 144 104 210 168 253 1 0 1 "Assault"
0 143 104 209 168 254 1 0 1 "Assault"
0 142 103 209 168 255 1 0 1 "Assault"
0 141 103 208 167 256 1 0 1 "Assault"
0 140 103 208 167 257 1 0 1 "Assault"
0 140 102 207 167 258 1 0 1 "Assault"
0 139 102 207 166 259 1 0 1 "Assault"
0 138 102 206 166 260 1 0 1 "Assault"
0 137 102 206 166 261 1 0 1 "Assault"
0 136 101 205 166 262 1 0 1 "Assault"
0 135 101 205 165 263 1 0 1 "Assault"
0 135 101 204 165 264 1 0 1 "Assault"
0 134 100 204 165 265 1 0 1 "Assault"
0 133 100 203 164 266 1 0 1 "Assault"
0 132 100 203 164 267 1 0 1 "Assault"
0 131 100 202 164 268 1 0 1 "Assault"
0 130 99 202 164 269 1 0 1 "Assault"
0 129 99 201 163 270 1 0 1 "Assault"
0 129 99 201 163 271 1 0 1 "Assault"
0 128 99 200 163 272 1 0 1 "Assault"
0 127 98 200 162 273 1 0 1 "Assault"
0 126 98 199 162 274 1 0 1 "Assault"
0 125 98 199 162 275 1 0 1 "Assault"
0 124 97 198 162 276 1 0 1 "Assault"
0 124 97 198 161 277 1 0 1 "Assault"
0 123 97 197 161 278 1 0 1 "Assault"
0 122 97 197 161 279 1 0 1 "Assault"
0 121 96 196 160 280 1 0 1 "Assault"
0 120 96 196 160 281 1 0 1 "Assault"
0 119 96 195 160 282 1 0 1 "Assault"
0 119 96 195 160 283 0 0 0 "Assault"
0 119 96 196 160 284 0 0 1 "Assault"
0 119 97 197 160 285 0 0 1 "Assault"
0 120 97 198 161 286 0 0 1 "Assault"
0 120 98 199 161 287 0 0 1 "Assault"
0 121 98 200 162 288 0 0 1 "Assault"
0 121 99 202 162 289 0 0 1 "Assault"
0 122 99 203 163 290 0 0 1 "Assault"
0 122 100 204 163 291 0 0 1 "Assault"
0 122 100 205 163 292 0 0 1 "Assault"
0 123 101 206 164 293 0 0 1 "Assault"
0 123 101 208 164 294 0 0 1 "Assault"
0 124 102 209 165 295 0 0 1 "Assault"
0 124 102 210 165 296 0 0 1 "Assault"
0 125 103 211 166 297 0 0 1 "Assault"
0 125 103 212 166 298 0 0 1 "Assault"
0 126 104 214 167 299 0 0 0 "Assault"
0 127 104 215 167 300 0 0 1 "Assault"
0 128 104 216 167 301 0 0 1 "Assault"
0 129 104 217 167 302 0 0 1 "Assault"
0 131 105 219 168 303 0 0 1 "Assault"
0 132 105 220 168 304 0 0 1 "Assault"
0 133 105 221 168 305 0 0 1 "Assault"
0 134 105 222 168 306 0 0 1 "Assault"
0 136 106 224 169 307 0 0 1 "Assault"
0 137 106 225 169 308 0 0 1 "Assault"
0 138 106 226 169 309 0 0 1 "Assault"
0 139 106 227 169 310 0 0 1 "Assault"
0 141 107 229 170 311 0 0 0 "Assault"
0 142 108 230 171 312 0 0 1 "Assault"
0 143 110 231 173 313 0 0 1 "Assault"
0 144 111 232 174 314 0 0 1 "Assault"
0 146 113 234 176 315 0 0 0 "Assault"
0 146 112 234 175 316 0 0 1 "Assault"
0 146 112 234 175 317 0 0 1 "Assault"
0 146 112 234 175 318 0 0 1 "Assault"
0 146 112 234 175 319 0 0 1 "Assault"
0 146 112 234 175 320 0 0 1 "Assault"
0 146 112 234 175 321 0 0 1 "Assault"
0 146 112 234 175 322 0 0 1 "Assault"
0 146 111 234 174 323 0 0 1 "Assault"
0 146 111 234 174 324 0 0 1 "Assault"
0 146 111 234 174 325 0 0 1 "Assault"
0 146 111 234 174 326 0 0 1 "Assault"
0 146 111 234 174 327 0 0 1 "Assault"
0 147 111 235 174 328 0 0 1 "Assault"
0 147 111 235 174 329 0 0 1 "Assault"
0 147 111 235 174 330 0 0 1 "Assault"
0 147 110 235 173 331 0 0 1 "Assault"
0 147 110 235 173 332 0 0 1 "Assault"
0 147 110 235 173 333 0 0 1 "Assault"
0 147 110 235 173 334 0 0 1 "Assault"
0 147 110 235 173 335 0 0 1 "Assault"
0 147 110 235 173 336 0 0 1 "Assault"
0 147 110 235 173 337 0 0 1 "Assault"
0 147 110 235 173 338 0 0 1 "Assault"
0 147 109 235 172 339 0 0 1 "Assault"
0 147 109 235 172 340 0 0 1 "Assault"
0 148 109 236 172 341 0 0 1 "Assault"
0 148 109 236 172 342 0 0 1 "Assault"
0 148 109 236 172 343 0 0 1 "Assault"
0 148 109 236 172 344 0 0 1 "Assault"
0 148 109 236 172 345 0 0 1 "Assault"
0 148 109 236 172 346 0 0 1 "Assault"
0 148 108 236 171 347 0 0 1 "Assault"
0 148 108 236 171 348 0 0 1 "Assault"
0 148 108 236 171 349 0 0 1 "Assault"
0 148 108 236 171 350 0 0 1 "Assault"
0 148 108 236 171 351 0 0 1 "Assault"
0 148 108 236 171 352 0 0 1 "Assault"
0 149 108 237 171 353 0 0 1 "Assault"
0 149 108 237 171 354 0 0 1 "Assault"
0 149 107 237 170 355 0 0 1 "Assault"
0 149 107 237 170 356 0 0 1 "Assault"
0 149 107 237 170 357 0 0 1 "Assault"
0 149 107 237 170 358 0 0 1 "Assault"
0 149 107 237 170 359 0 0 1 "Assault"
0 149 107 237 170 360 0 0 1 "Assault"
0 149 107 237 170 361 0 0 1 "Assault"
0 149 107 237 170 362 0 0 1 "Assault"
0 149 106 237 169 363 0 0 1 "Assault"
0 149 106 237 169 364 0 0 1 "Assault"
0 149 106 237 169 365 0 0 1 "Assault"
0 150 106 238 169 366 0 0 1 "Assault"
0 150 106 238 169 367 0 0 1 "Assault"
0 150 106 238 169 368 0 0 1 "Assault"
0 150 106 238 169 369 0 0 1 "Assault"
0 150 106 238 169 370 0 0 1 "Assault"
0 150 105 238 168 371 0 0 1 "Assault"
0 150 105 238 168 372 0 0 1 "Assault"
0 150 105 238 168 373 0 0 1 "Assault"
0 150 105 238 168 374 0 0 1 "Assault"
0 150 105 238 168 375 0 0 1 "Assault"
0 150 105 238 168 376 0 0 1 "Assault"
0 150 105 238 168 377 0 0 1 "Assault"
0 151 105 239 168 378 0 0 0 "Assault"
0 151 104 239 167 379 0 0 1 "Assault"
0 151 104 239 167 380 0 0 1 "Assault"
0 151 104 239 167 381 0 0 1 "Assault"
0 151 104 239 167 382 0 0 1 "Assault"
0 151 104 239 167 383 0 0 1 "Assault"
0 151 104 239 167 384 0 0 1 "Assault"
0 152 104 240 167 385 0 0 1 "Assault"
0 152 104 240 167 386 0 0 1 "Assault"
0 152 104 240 167 387 0 0 1 "Assault"
0 152 103 240 166 388 0 0 1 "Assault"
0 152 103 240 166 389 0 0 1 "Assault"
0 152 103 240 166 390 0 0 1 "Assault"
0 153 103 241 166 391 0 0 1 "Assault"
0 153 103 241 166 392 0 0 1 "Assault"
0 153 103 241 166 393 0 0 1 "Assault"
0 153 103 241 166 394 0 0 1 "Assault"
0 153 103 241 166 395 0 0 1 "Assault"
0 153 103 241 166 396 0 0 1 "Assault"
0 154 103 242 166 397 0 0 0 "Assault"
0 154 103 242 166 398 0 0 1 "Assault"
0 154 103 242 166 399 0 0 1 "Assault"
0 155 103 243 166 400 0 0 1 "Assault"
0 155 103 243 166 401 0 0 1 "Assault"
0 156 103 244 166 402 0 0 1 "Assault"
0 156 103 244 166 403 0 0 1 "Assault"
0 157 103 245 166 404 0 0 1 "Assault"
0 157 103 245 166 405 0 0 1 "Assault"
0 157 103 245 166 406 0 0 1 "Assault"
0 158 103 246 166 407 0 0 1 "Assault"
0 158 103 246 166 408 0 0 1 "Assault"
0 159 103 247 166 409 0 0 1 "Assault"
0 159 103 247 166 410 0 0 1 "Assault"
0 160 103 248 166 411 0 0 1 "Assault"
0 160 103 248 166 412 0 0 1 "Assault"
0 161 103 249 166 413 0 0 1 "Assault"
0 161 103 249 166 414 0 0 1 "Assault"
0 161 103 249 166 415 0 0 1 "Assault"
0 162 103 250 166 416 0 0 1 "Assault"
0 162 103 250 166 417 0 0 1 "Assault"
0 163 103 251 166 418 0 0 1 "Assault"
0 163 103 251 166 419 0 0 1 "Assault"
0 164 103 252 166 420 0 0 1 "Assault"
0 164 103 252 166 421 0 0 1 "Assault"
0 165 103 253 166 422 0 0 1 "Assault"
0 165 103 253 166 423 0 0 1 "Assault"
0 165 103 253 166 424 0 0 1 "Assault"
0 166 103 254 166 425 0 0 1 "Assault"
0 166 103 254 166 426 0 0 1 "Assault"
0 167 103 255 166 427 0 0 1 "Assault"
0 167 103 255 166 428 0 0 1 "Assault"
0 168 103 256 166 429 0 0 1 "Assault"
0 168 103 256 166 430 0 0 1 "Assault"
0 168 103 256 166 431 0 0 1 "Assault"
0 169 103 257 166 432 0 0 1 "Assault"
0 169 103 257 166 433 0 0 1 "Assault"
0 170 103 258 166 434 0 0 1 "Assault"
0 170 103 258 166 435 0 0 1 "Assault"
0 171 103 259 166 436 0 0 1 "Assault"
0 171 103 259 166 437 0 0 1 "Assault"
0 172 103 260 166 438 0 0 1 "Assault"
0 172 103 260 166 439 0 0 1 "Assault"
0 172 103 260 166 440 0 0 1 "Assault"
0 173 103 261 166 441 0 0 1 "Assault"
0 173 103 261 166 442 0 0 1 "Assault"
0 174 103 262 166 443 0 0 1 "Assault"
0 174 103 262 166 444 0 0 1 "Assault"
0 175 103 263 166 445 0 0 1 "Assault"
0 175 103 263 166 446 0 0 1 "Assault"
0 176 103 264 166 447 0 0 1 "Assault"
0 176 103 264 166 448 0 0 1 "Assault"
0 176 103 264 166 449 0 0 1 "Assault"
0 177 103 265 166 450 0 0 1 "Assault"
0 177 103 265 166 451 0 0 1 "Assault"
0 178 103 266 166 452 0 0 1 "Assault"
0 178 103 266 166 453 0 0 1 "Assault"
0 179 103 267 166 454 0 0 1 "Assault"
0 179 103 267 166 455 0 0 1 "Assault"
0 179 103 267 166 456 0 0 1 "Assault"
0 180 103 268 166 457 0 0 1 "Assault"
0 180 103 268 166 458 0 0 1 "Assault"
0 181 103 269 166 459 0 0 1 "Assault"
0 181 103 269 166 460 0 0 1 "Assault"
0 182 103 270 166 461 0 0 1 "Assault"
0 182 103 270 166 462 0 0 1 "Assault"
0 183 103 271 166 463 0 0 1 "Assault"
0 183 103 271 166 464 0 0 1 "Assault"
0 183 103 271 166 465 0 0 1 "Assault"
0 184 103 272 166 466 0 0 1 "Assault"
0 184 103 272 166 467 0 0 1 "Assault"
0 185 103 273 166 468 0 0 1 "Assault"
0 185 103 273 166 469 0 0 1 "Assault"
0 186 103 274 166 470 0 0 1 "Assault"
0 186 103 274 166 471 0 0 1 "Assault"
0 187 103 275 166 472 0 0 1 "Assault"
0 187 103 275 166 473 0 0 1 "Assault"
0 187 103 275 166 474 0 0 1 "Assault"
0 188 103 276 166 475 0 0 1 "Assault"
0 188 103 276 166 476 0 0 1 "Assault"
0 189 103 277 166 477 0 0 1 "Assault"
0 189 103 277 166 478 0 0 1 "Assault"
0 190 103 278 166 479 0 0 1 "Assault"
0 190 103 278 166 480 0 0 1 "Assault"
0 191 103 279 166 481 0 0 0 "Assault"
0 191 103 279 166 482 0 0 1 "Assault"
0 191 103 279 166 483 0 0 1 "Assault"
0 191 103 279 166 484 0 0 1 "Assault"
0 191 104 279 167 485 0 0 1 "Assault"
0 191 104 279 167 486 0 0 1 "Assault"
0 191 104 279 167 487 0 0 1 "Assault"
0 191 105 279 168 488 0 0 1 "Assault"
0 191 105 279 168 489 0 0 1 "Assault"
0 191 105 279 168 490 0 0 1 "Assault"
0 191 106 279 169 491 0 0 1 "Assault"
0 191 106 279 169 492 0 0 1 "Assault"
0 191 106 279 169 493 0 0 1 "Assault"
0 191 107 279 170 494 0 0 1 "Assault"
0 191 107 279 170 495 0 0 1 "Assault"
0 191 107 279 170 496 0 0 1 "Assault"
0 191 108 279 171 497 1 0 0 "Assault"
0 191 108 279 171 498 1 0 1 "Assault"
0 191 108 279 171 499 1 0 1 "Assault"
0 191 108 279 171 500 1 0 1 "Assault"
0 191 108 279 171 501 1 0 1 "Assault"
0 191 108 279 171 502 1 0 1 "Assault"
0 191 108 279 171 503 1 0 0 "Assault"
0 191 108 279 171 504 1 0 1 "Assault"
0 191 108 279 171 505 1 0 1 "Assault"
0 191 108 279 171 506 1 0 1 "Assault"
0 191 108 279 171 507 1 0 1 "Assault"
0 191 108 279 171 508 1 0 1 "Assault"
0 191 108 279 171 509 1 0 1 "Assault"
0 191 108 279 171 510 1 0 1 "Assault"
0 191 108 279 171 511 1 0 1 "Assault"
0 191 108 279 171 512 1 0 1 "Assault"
0 191 108 279 171 513 1 0 1 "Assault"
0 191 108 279 171 514 1 0 1 "Assault"
0 191 108 279 171 515 1 0 1 "Assault"
0 191 108 279 171 516 1 0 1 "Assault"
0 191 108 279 171 517 1 0 1 "Assault"
0 191 108 279 171 518 1 0 1 "Assault"
0 191 108 279 171 519 1 0 1 "Assault"
0 191 108 279 171 520 1 0 1 "Assault"
0 191 108 279 171 521 1 0 1 "Assault"
0 191 108 279 171 522 1 0 1 "Assault"
0 191 108 279 171 523 1 0 1 "Assault"
0 191 108 279 171 524 1 0 1 "Assault"
0 191 108 279 171 525 1 0 1 "Assault"
0 191 108 279 171 526 1 0 1 "Assault"
0 191 108 279 171 527 1 0 1 "Assault"
0 191 108 279 171 528 1 0 1 "Assault"
0 191 108 279 171 529 1 0 1 "Assault"
0 191 108 279 171 530 1 0 1 "Assault"
0 191 108 279 171 531 1 0 1 "Assault"
0 191 108 279 171 532 1 0 1 "Assault"
0 191 108 279 171 533 1 0 1 "Assault"
0 191 108 279 171 534 1 0 1 "Assault"
0 191 108 279 171 535 1 0 1 "Assault"
0 191 108 279 171 536 1 0 1 "Assault"
0 191 108 279 171 537 1 0 1 "Assault"
0 191 108 279 171 538 1 0 1 "Assault"
0 191 108 279 171 539 1 0 1 "Assault"
0 191 108 279 171 540 1 0 1 "Assault"
0 191 108 279 171 541 1 0 1 "Assault"
0 191 108 279 171 542 1 0 1 "Assault"
0 191 108 279 171 543 1 0 1 "Assault"
0 191 108 279 171 544 1 0 1 "Assault"
0 191 108 279 171 545 1 0 1 "Assault"
0 191 108 279 171 546 1 0 1 "Assault"
0 191 108 279 171 547 1 0 1 "Assault"
0 191 108 279 171 548 1 0 1 "Assault"
0 191 108 279 171 549 1 0 1 "Assault"
0 191 108 279 171 550 1 0 1 "Assault"
0 191 108 279 171 551 1 0 1 "Assault"
0 191 108 279 171 552 1 0 1 "Assault"
0 191 108 279 171 553 1 0 1 "Assault"
0 191 108 279 171 554 1 0 1 "Assault"
0 191 108 279 171 555 1 0 1 "Assault"
0 191 108 279 171 556 1 0 1 "Assault"
0 191 108 279 171 557 1 0 1 "Assault"
0 191 108 279 171 558 1 0 1 "Assault"
0 191 108 279 171 559 1 0 1 "Assault"
0 191 108 279 171 560 1 0 1 "Assault"
0 191 108 279 171 561 1 0 1 "Assault"
0 191 108 279 171 562 1 0 1 "Assault"
0 191 108 279 171 563 1 0 1 "Assault"
0 191 108 279 171 564 1 0 1 "Assault"
0 191 108 279 171 565 1 0 1 "Assault"
0 191 108 279 171 566 1 0 1 "Assault"
0 191 108 279 171 567 1 0 1 "Assault"
0 191 108 279 171 568 1 0 1 "Assault"
0 191 108 279 171 569 1 0 1 "Assault"
0 191 108 279 171 570 1 0 1 "Assault"
0 191 108 279 171 571 1 0 1 "Assault"
0 191 108 279 171 572 1 0 1 "Assault"
0 191 108 279 171 573 1 0 1 "Assault"
0 191 108 279 171 574 1 0 1 "Assault"
0 191 108 279 171 575 1 0 1 "Assault"
0 191 108 279 171 576 1 0 1 "Assault"
0 191 108 279 171 577 1 0 1 "Assault"
0 191 108 279 171 578 1 0 1 "Assault"
0 191 108 279 171 579 1 0 1 "Assault"
0 191 108 279 171 580 1 0 1 "Assault"
0 191 108 279 171 581 1 0 1 "Assault"
0 191 108 279 171 582 1 0 1 "Assault"
0 191 108 279 171 583 1 0 1 "Assault"
0 191 108 279 171 584 1 0 1 "Assault"
0 191 108 279 171 585 1 0 1 "Assault"
0 191 108 279 171 586 1 0 1 "Assault"
0 191 108 279 171 587 1 0 1 "Assault"
0 191 108 279 171 588 1 0 1 "Assault"
0 191 108 279 171 589 1 0 1 "Assault"
0 191 108 279 171 590 1 0 1 "Assault"
0 191 108 279 171 591 1 0 1 "Assault"
0 191 108 279 171 592 1 0 1 "Assault"
0 191 108 279 171 593 1 0 1 "Assault"
0 191 108 279 171 594 1 0 1 "Assault"
0 191 108 279 171 595 1 0 1 "Assault"
0 191 108 279 171 596 1 0 1 "Assault"
0 191 108 279 171 597 1 0 1 "Assault"
0 191 108 279 171 598 1 0 1 "Assault"
0 191 108 279 171 599 1 0 1 "Assault"
0 191 108 279 171 600 1 0 0 "Assault"
