0 106 104 129 133 0 1 0 0 "Assault"
0 106 104 129 132 1 1 0 1 "Assault"
0 106 104 129 132 2 1 0 1 "Assault"
0 106 104 129 132 3 1 0 1 "Assault"
0 106 104 129 132 4 1 0 1 "Assault"
0 106 104 129 132 5 1 0 1 "Assault"
0 106 104 129 132 6 1 0 1 "Assault"
0 106 104 129 132 7 1 0 1 "Assault"
0 106 104 129 132 8 1 0 1 "Assault"
0 106 104 129 132 9 1 0 1 "Assault"
0 106 104 129 132 10 1 0 1 "Assault"
0 106 104 129 132 11 1 0 1 "Assault"
0 106 104 129 132 12 1 0 1 "Assault"
0 106 104 129 132 13 1 0 1 "Assault"
0 106 104 129 132 14 1 0 1 "Assault"
0 106 104 129 132 15 1 0 1 "Assault"
0 106 104 129 132 16 1 0 1 "Assault"
0 106 104 129 132 17 1 0 1 "Assault"
0 106 104 129 132 18 1 0 1 "Assault"
0 106 104 129 132 19 1 0 1 "Assault"
0 106 104 129 132 20 1 0 1 "Assault"
0 106 104 129 132 21 1 0 1 "Assault"
0 106 104 129 132 22 1 0 1 "Assault"
0 106 104 129 132 23 1 0 1 "Assault"
0 106 104 130 132 24 1 0 1 "Assault"
0 106 104 130 132 25 1 0 1 "Assault"
0 106 104 130 132 26 1 0 1 "Assault"
0 106 104 130 132 27 1 0 1 "Assault"
0 106 104 130 132 28 1 0 1 "Assault"
0 106 104 130 132 29 1 0 1 "Assault"
0 106 104 130 132 30 1 0 1 "Assault"
0 106 104 130 132 31 1 0 1 "Assault"
0 106 104 130 132 32 1 0 1 "Assault"
0 106 104 130 132 33 1 0 1 "Assault"
0 106 104 130 132 34 1 0 1 "Assault"
0 106 104 130 132 35 1 0 1 "Assault"
0 106 104 130 132 36 1 0 1 "Assault"
0 106 104 130 132 37 1 0 1 "Assault"
0 106 104 130 132 38 1 0 1 "Assault"
0 106 104 130 132 39 1 0 1 "Assault"
0 106 104 130 132 40 1 0 1 "Assault"
0 106 104 130 132 41 1 0 1 "Assault"
0 106 104 130 132 42 1 0 1 "Assault"
0 106 104 130 132 43 1 0 1 "Assault"
0 106 104 130 132 44 1 0 1 "Assault"
0 106 104 130 132 45 1 0 1 "Assault"
0 106 104 130 132 46 1 0 1 "Assault"
0 106 104 131 131 47 1 0 1 "Assault"
0 106 104 131 131 48 1 0 1 "Assault"
0 106 104 131 131 49 1 0 1 "Assault"
0 106 104 131 131 50 1 0 1 "Assault"
0 106 104 131 131 51 1 0 1 "Assault"
0 106 104 131 131 52 1 0 1 "Assault"
0 106 104 131 131 53 1 0 1 "Assault"
0 106 104 131 131 54 1 0 1 "Assault"
0 106 104 131 131 55 1 0 1 "Assault"
0 106 104 131 131 56 1 0 1 "Assault"
0 106 104 131 131 57 1 0 1 "Assault"
0 106 104 131 131 58 1 0 1 "Assault"
0 106 104 131 131 59 1 0 1 "Assault"
0 106 104 131 131 60 1 0 1 "Assault"
0 106 104 131 131 61 1 0 1 "Assault"
0 106 104 131 131 62 1 0 1 "Assault"
0 106 104 131 131 63 1 0 1 "Assault"
0 106 104 131 131 64 1 0 1 "Assault"
0 106 104 131 131 65 1 0 1 "Assault"
0 106 104 131 131 66 1 0 1 "Assault"
0 106 104 131 131 67 1 0 1 "Assault"
0 106 104 131 131 68 1 0 1 "Assault"
0 106 104 131 131 69 1 0 1 "Assault"
0 106 104 132 131 70 1 0 1 "Assault"
0 106 104 132 131 71 1 0 1 "Assault"
0 106 104 132 131 72 1 0 1 "Assault"
0 106 104 132 131 73 1 0 1 "Assault"
0 106 104 132 131 74 1 0 1 "Assault"
0 106 104 132 131 75 1 0 1 "Assault"
0 106 104 132 131 76 1 0 1 "Assault"
0 106 104 132 131 77 1 0 1 "Assault"
0 106 104 132 131 78 1 0 1 "Assault"
0 106 104 132 131 79 1 0 1 "Assault"
0 106 104 132 131 80 1 0 1 "Assault"
0 106 104 132 131 81 1 0 1 "Assault"
0 106 104 132 131 82 1 0 1 "Assault"
0 106 104 132 131 83 1 0 1 "Assault"
0 106 104 132 131 84 1 0 1 "Assault"
0 106 104 132 131 85 1 0 1 "Assault"
0 106 104 132 131 86 1 0 1 "Assault"
0 106 104 132 131 87 1 0 1 "Assault"
0 106 104 132 131 88 1 0 1 "Assault"
0 106 104 132 131 89 1 0 1 "Assault"
0 106 104 132 131 90 1 0 1 "Assault"
0 106 104 132 131 91 1 0 1 "Assault"
0 106 104 132 131 92 1 0 1 "Assault"
0 106 104 133 131 93 0 0 0 "Assault"
0 105 104 132 130 94 0 0 1 "Assault"
0 105 104 131 130 95 0 0 1 "Assault"
0 105 104 131 130 96 0 0 1 "Assault"
0 105 104 130 130 97 0 0 1 "Assault"
0 105 104 130 130 98 0 0 0 "Assault"
0 103 104 129 130 99 0 0 1 "Assault"
0 102 104 128 130 100 0 0 1 "Assault"
0 100 104 127 131 101 0 0 1 "Assault"
0 99 104 126 131 102 0 0 1 "Assault"
0 98 104 126 132 103 0 0 0 "Assault"
0 97 104 125 132 104 0 0 1 "Assault"
0 96 104 125 132 105 0 0 1 "Assault"
0 96 104 125 132 106 0 0 1 "Assault"
0 95 104 125 132 107 0 0 1 "Assault"
0 94 104 125 132 108 0 0 1 "Assault"
0 94 104 125 132 109 0 0 1 "Assault"
0 93 104 125 132 110 0 0 1 "Assault"
0 93 104 125 133 111 0 0 0 "Assault"
0 93 104 125 132 112 0 0 1 "Assault"
0 93 104 126 132 113 0 0 1 "Assault"
0 93 104 126 132 114 0 0 1 "Assault"
0 93 104 127 132 115 0 0 1 "Assault"
0 93 104 128 132 116 0 0 0 "Assault"
0 93 104 128 133 117 0 0 1 "Assault"
0 93 104 129 134 118 0 0 1 "Assault"
0 93 104 130 135 119 0 0 0 "Assault"
0 90 104 130 134 120 0 0 1 "Assault"
0 88 104 130 134 121 0 0 1 "Assault"
0 86 104 130 134 122 0 0 0 "Assault"
0 86 104 133 134 123 0 0 1 "Assault"
0 86 104 137 134 124 0 0 1 "Assault"
0 86 104 141 135 125 1 0 0 "Assault"
0 86 104 141 134 126 1 0 1 "Assault"
0 86 104 141 134 127 1 0 1 "Assault"
0 86 104 142 134 128 1 0 1 "Assault"
0 86 104 142 134 129 1 0 1 "Assault"
0 86 104 142 134 130 1 0 1 "Assault"
0 86 104 143 134 131 1 0 1 "Assault"
0 86 104 143 134 132 1 0 1 "Assault"
0 86 104 144 134 133 1 0 0 "Assault"
0 86 104 143 133 134 1 0 1 "Assault"
0 86 104 143 133 135 1 0 1 "Assault"
0 86 104 143 133 136 1 0 1 "Assault"
0 86 104 143 133 137 1 0 1 "Assault"
0 86 104 143 133 138 1 0 1 "Assault"
0 86 104 143 133 139 1 0 1 "Assault"
0 86 104 143 133 140 1 0 1 "Assault"
0 86 104 143 133 141 1 0 1 "Assault"
0 86 104 143 133 142 1 0 1 "Assault"
0 86 104 143 133 143 1 0 1 "Assault"
0 86 104 143 133 144 1 0 1 "Assault"
0 86 104 143 133 145 1 0 1 "Assault"
0 86 104 143 133 146 1 0 1 "Assault"
0 86 104 143 133 147 1 0 1 "Assault"
0 86 104 143 133 148 1 0 1 "Assault"
0 86 104 143 133 149 1 0 1 "Assault"
0 86 104 143 133 150 1 0 1 "Assault"
0 87 104 143 133 151 1 0 1 "Assault"
0 87 104 143 133 152 1 0 1 "Assault"
0 87 104 143 133 153 1 0 1 "Assault"
0 87 104 143 133 154 1 0 1 "Assault"
0 87 104 143 133 155 1 0 1 "Assault"
0 87 104 143 133 156 1 0 1 "Assault"
0 87 104 143 133 157 1 0 1 "Assault"
0 87 104 142 133 158 1 0 1 "Assault"
0 87 104 142 133 159 1 0 1 "Assault"
0 87 104 142 133 160 1 0 1 "Assault"
0 87 104 142 133 161 1 0 1 "Assault"
0 87 104 142 133 162 1 0 1 "Assault"
0 87 104 142 133 163 1 0 1 "Assault"
0 87 104 142 133 164 1 0 1 "Assault"
0 87 104 142 133 165 1 0 1 "Assault"
0 87 104 142 133 166 1 0 1 "Assault"
0 87 104 142 133 167 1 0 1 "Assault"
0 87 104 142 133 168 1 0 1 "Assault"
0 88 104 142 133 169 1 0 1 "Assault"
0 88 104 142 133 170 1 0 1 "Assault"
0 88 104 142 133 171 1 0 1 "Assault"
0 88 104 142 133 172 1 0 1 "Assault"
0 88 104 142 133 173 1 0 1 "Assault"
0 88 104 142 133 174 1 0 1 "Assault"
0 88 104 142 133 175 1 0 1 "Assault"
0 88 104 142 133 176 1 0 1 "Assault"
0 88 104 142 133 177 1 0 1 "Assault"
0 88 104 142 133 178 1 0 1 "Assault"
0 88 104 142 133 179 1 0 1 "Assault"
0 88 104 142 133 180 1 0 1 "Assault"
0 88 104 142 133 181 1 0 1 "Assault"
0 88 104 141 133 182 1 0 1 "Assault"
0 88 104 141 133 183 1 0 1 "Assault"
0 88 104 141 133 184 1 0 1 "Assault"
0 88 104 141 133 185 1 0 1 "Assault"
0 88 104 141 133 186 1 0 1 "Assault"
0 89 104 141 133 187 1 0 1 "Assault"
0 89 104 141 133 188 1 0 1 "Assault"
0 89 104 141 133 189 1 0 1 "Assault"
0 89 104 141 133 190 1 0 1 "Assault"
0 89 104 141 133 191 1 0 1 "Assault"
0 89 104 141 133 192 1 0 1 "Assault"
0 89 104 141 133 193 1 0 1 "Assault"
0 89 104 141 133 194 1 0 1 "Assault"
0 89 104 141 133 195 1 0 1 "Assault"
0 89 104 141 133 196 1 0 1 "Assault"
0 89 104 141 133 197 1 0 1 "Assault"
0 89 104 141 133 198 1 0 1 "Assault"
0 89 104 141 133 199 1 0 1 "Assault"
0 89 104 141 133 200 1 0 1 "Assault"
0 89 104 141 133 201 1 0 1 "Assault"
0 89 104 141 133 202 1 0 1 "Assault"
0 89 104 141 133 203 1 0 1 "Assault"
0 89 104 141 133 204 1 0 1 "Assault"
0 90 104 141 133 205 1 0 1 "Assault"
0 90 104 140 133 206 1 0 1 "Assault"
0 90 104 140 133 207 1 0 1 "Assault"
0 90 104 140 133 208 1 0 1 "Assault"
0 90 104 140 133 209 1 0 1 "Assault"
0 90 104 140 133 210 1 0 1 "Assault"
0 90 104 140 133 211 1 0 1 "Assault"
0 90 104 140 133 212 1 0 1 "Assault"
0 90 104 140 133 213 1 0 1 "Assault"
0 90 104 140 133 214 1 0 1 "Assault"
0 90 104 140 133 215 1 0 1 "Assault"
0 90 104 140 133 216 1 0 1 "Assault"
0 90 104 140 133 217 1 0 1 "Assault"
0 90 104 140 133 218 1 0 1 "Assault"
0 90 104 140 132 219 1 0 1 "Assault"
0 90 104 140 132 220 1 0 1 "Assault"
0 90 104 140 132 221 1 0 1 "Assault"
0 90 104 140 132 222 1 0 1 "Assault"
0 91 104 140 132 223 1 0 1 "Assault"
0 91 104 140 132 224 1 0 1 "Assault"
0 91 104 140 132 225 1 0 1 "Assault"
0 91 104 140 132 226 1 0 1 "Assault"
0 91 104 140 132 227 1 0 1 "Assault"
0 91 104 140 132 228 1 0 1 "Assault"
0 91 104 140 132 229 1 0 1 "Assault"
0 91 104 140 132 230 1 0 1 "Assault"
0 91 104 139 132 231 1 0 1 "Assault"
0 91 104 139 132 232 1 0 1 "Assault"
0 91 104 139 132 233 1 0 1 "Assault"
0 91 104 139 132 234 1 0 1 "Assault"
0 91 104 139 132 235 1 0 1 "Assault"
0 91 104 139 132 236 1 0 1 "Assault"
0 91 104 139 132 237 1 0 1 "Assault"
0 91 104 139 132 238 1 0 1 "Assault"
0 91 104 139 132 239 1 0 1 "Assault"
0 91 104 139 132 240 1 0 1 "Assault"
0 92 104 139 132 241 1 0 1 "Assault"
0 92 104 139 132 242 1 0 1 "Assault"
0 92 104 139 132 243 1 0 1 "Assault"
0 92 104 139 132 244 1 0 1 "Assault"
0 92 104 139 132 245 1 0 1 "Assault"
0 92 104 139 132 246 1 0 1 "Assault"
0 92 104 139 132 247 1 0 1 "Assault"
0 92 104 139 132 248 1 0 1 "Assault"
0 92 104 139 132 249 1 0 1 "Assault"
0 92 104 139 132 250 1 0 1 "Assault"
0 92 104 139 132 251 1 0 1 "Assault"
0 92 104 139 132 252 1 0 1 "Assault"
0 92 104 139 132 253 1 0 1 "Assault"
0 92 104 139 132 254 1 0 1 "Assault"
0 92 104 138 132 255 1 0 1 "Assault"
0 92 104 138 132 256 1 0 1 "Assault"
0 92 104 138 132 257 1 0 1 "Assault"
0 92 104 138 132 258 1 0 1 "Assault"
0 93 104 138 132 259 1 0 1 "Assault"
0 93 104 138 132 260 1 0 1 "Assault"
0 93 104 138 132 261 1 0 1 "Assault"
0 93 104 138 132 262 1 0 1 "Assault"
0 93 104 138 132 263 1 0 1 "Assault"
0 93 104 138 132 264 1 0 1 "Assault"
0 93 104 138 132 265 1 0 1 "Assault"
0 93 104 138 132 266 1 0 1 "Assault"
0 93 104 138 132 267 1 0 1 "Assault"
0 93 104 138 132 268 1 0 1 "Assault"
0 93 104 138 132 269 1 0 1 "Assault"
0 93 104 138 132 270 1 0 1 "Assault"
0 93 104 138 132 271 1 0 1 "Assault"
0 93 104 138 132 272 1 0 1 "Assault"
0 93 104 138 132 273 1 0 1 "Assault"
0 93 104 138 132 274 1 0 1 "Assault"
0 93 104 138 132 275 1 0 1 "Assault"
0 93 104 138 132 276 1 0 1 "Assault"
0 94 104 138 132 277 1 0 1 "Assault"
0 94 104 138 132 278 1 0 1 "Assault"
0 94 104 137 132 279 1 0 1 "Assault"
0 94 104 137 132 280 1 0 1 "Assault"
0 94 104 137 132 281 1 0 1 "Assault"
0 94 104 137 132 282 1 0 1 "Assault"
0 94 104 137 132 283 1 0 1 "Assault"
0 94 104 137 132 284 1 0 1 "Assault"
0 94 104 137 132 285 1 0 1 "Assault"
0 94 104 137 132 286 1 0 1 "Assault"
0 94 104 137 132 287 1 0 1 "Assault"
0 94 104 137 132 288 1 0 1 "Assault"
0 94 104 137 132 289 1 0 1 "Assault"
0 94 104 137 132 290 1 0 1 "Assault"
0 94 104 137 132 291 1 0 1 "Assault"
0 94 104 137 132 292 1 0 1 "Assault"
0 94 104 137 132 293 1 0 1 "Assault"
0 94 104 137 132 294 1 0 1 "Assault"
0 95 104 137 132 295 1 0 1 "Assault"
0 95 104 137 132 296 1 0 1 "Assault"
0 95 104 137 132 297 1 0 1 "Assault"
0 95 104 137 132 298 1 0 1 "Assault"
0 95 104 137 132 299 1 0 1 "Assault"
0 95 104 137 132 300 1 0 1 "Assault"
0 95 104 137 132 301 1 0 1 "Assault"
0 95 104 137 132 302 1 0 1 "Assault"
0 95 104 137 132 303 1 0 1 "Assault"
0 95 104 136 131 304 1 0 1 "Assault"
0 95 104 136 131 305 1 0 1 "Assault"
0 95 104 136 131 306 1 0 1 "Assault"
0 95 104 136 131 307 1 0 1 "Assault"
0 95 104 136 131 308 1 0 1 "Assault"
0 95 104 136 131 309 1 0 1 "Assault"
0 95 104 136 131 310 1 0 1 "Assault"
0 95 104 136 131 311 1 0 1 "Assault"
0 96 104 136 131 312 1 0 1 "Assault"
0 96 104 136 131 313 1 0 1 "Assault"
0 96 104 136 131 314 1 0 1 "Assault"
0 96 104 136 131 315 1 0 1 "Assault"
0 96 104 136 131 316 1 0 1 "Assault"
0 96 104 136 131 317 1 0 1 "Assault"
0 96 104 136 131 318 1 0 1 "Assault"
0 96 104 136 131 319 1 0 1 "Assault"
0 96 104 136 131 320 1 0 1 "Assault"
0 96 104 136 131 321 1 0 1 "Assault"
0 96 104 136 131 322 1 0 1 "Assault"
0 96 104 136 131 323 1 0 1 "Assault"
0 96 104 136 131 324 1 0 1 "Assault"
0 96 104 136 131 325 1 0 1 "Assault"
0 96 104 136 131 326 1 0 1 "Assault"
0 96 104 136 131 327 1 0 1 "Assault"
0 96 104 135 131 328 1 0 1 "Assault"
0 96 104 135 131 329 1 0 1 "Assault"
0 97 104 135 131 330 1 0 1 "Assault"
0 97 104 135 131 331 1 0 1 "Assault"
0 97 104 135 131 332 1 0 1 "Assault"
0 97 104 135 131 333 1 0 1 "Assault"
0 97 104 135 131 334 1 0 1 "Assault"
0 97 104 135 131 335 1 0 1 "Assault"
0 97 104 135 131 336 1 0 1 "Assault"
0 97 104 135 131 337 1 0 1 "Assault"
0 97 104 135 131 338 1 0 1 "Assault"
0 97 104 135 131 339 1 0 1 "Assault"
0 97 104 135 131 340 1 0 1 "Assault"
0 97 104 135 131 341 1 0 1 "Assault"
0 97 104 135 131 342 1 0 1 "Assault"
0 97 104 135 131 343 1 0 1 "Assault"
0 97 104 135 131 344 1 0 1 "Assault"
0 97 104 135 131 345 1 0 1 "Assault"
0 97 104 135 131 346 1 0 1 "Assault"
0 97 104 135 131 347 1 0 1 "Assault"
0 98 104 135 131 348 1 0 1 "Assault"
0 98 104 135 131 349 1 0 1 "Assault"
0 98 104 135 131 350 1 0 1 "Assault"
0 98 104 135 131 351 1 0 1 "Assault"
0 98 104 134 131 352 1 0 1 "Assault"
0 98 104 134 131 353 1 0 1 "Assault"
0 98 104 134 131 354 1 0 1 "Assault"
0 98 104 134 131 355 1 0 1 "Assault"
0 98 104 134 131 356 1 0 1 "Assault"
0 98 104 134 131 357 1 0 1 "Assault"
0 98 104 134 131 358 1 0 1 "Assault"
0 98 104 134 131 359 1 0 1 "Assault"
0 98 104 134 131 360 1 0 1 "Assault"
0 98 104 134 131 361 1 0 1 "Assault"
0 98 104 134 131 362 1 0 1 "Assault"
0 98 104 134 131 363 1 0 1 "Assault"
0 98 104 134 131 364 1 0 1 "Assault"
0 98 104 134 131 365 1 0 1 "Assault"
0 99 104 134 131 366 1 0 1 "Assault"
0 99 104 134 131 367 1 0 1 "Assault"
0 99 104 134 131 368 1 0 1 "Assault"
0 99 104 134 131 369 1 0 1 "Assault"
0 99 104 134 131 370 1 0 1 "Assault"
0 99 104 134 131 371 1 0 1 "Assault"
0 99 104 134 131 372 1 0 1 "Assault"
0 99 104 134 131 373 1 0 1 "Assault"
0 99 104 134 131 374 1 0 1 "Assault"
0 99 104 134 131 375 1 0 1 "Assault"
0 99 104 133 131 376 1 0 1 "Assault"
0 99 104 133 131 377 1 0 1 "Assault"
0 99 104 133 131 378 1 0 1 "Assault"
0 99 104 133 131 379 1 0 1 "Assault"
0 99 104 133 131 380 1 0 1 "Assault"
0 99 104 133 131 381 1 0 1 "Assault"
0 99 104 133 131 382 1 0 1 "Assault"
0 99 104 133 131 383 1 0 1 "Assault"
0 100 104 133 131 384 1 0 1 "Assault"
0 100 104 133 131 385 1 0 1 "Assault"
0 100 104 133 131 386 1 0 1 "Assault"
0 100 104 133 131 387 1 0 1 "Assault"
0 100 104 133 131 388 1 0 1 "Assault"
0 100 104 133 130 389 1 0 1 "Assault"
0 100 104 133 130 390 1 0 1 "Assault"
0 100 104 133 130 391 1 0 1 "Assault"
0 100 104 133 130 392 1 0 1 "Assault"
0 100 104 133 130 393 1 0 1 "Assault"
0 100 104 133 130 394 1 0 1 "Assault"
0 100 104 133 130 395 1 0 1 "Assault"
0 100 104 133 130 396 1 0 1 "Assault"
0 100 104 133 130 397 1 0 1 "Assault"
0 100 104 133 130 398 1 0 1 "Assault"
0 100 104 133 130 399 1 0 1 "Assault"
0 100 104 133 130 400 1 0 1 "Assault"
0 100 104 132 130 401 1 0 1 "Assault"
0 101 104 132 130 402 1 0 1 "Assault"
0 101 104 132 130 403 1 0 1 "Assault"
0 101 104 132 130 404 1 0 1 "Assault"
0 101 104 132 130 405 1 0 1 "Assault"
0 101 104 132 130 406 1 0 1 "Assault"
0 101 104 132 130 407 1 0 1 "Assault"
0 101 104 132 130 408 1 0 1 "Assault"
0 101 104 132 130 409 1 0 1 "Assault"
0 101 104 132 130 410 1 0 1 "Assault"
0 101 104 132 130 411 1 0 1 "Assault"
0 101 104 132 130 412 1 0 1 "Assault"
0 101 104 132 130 413 1 0 1 "Assault"
0 101 104 132 130 414 1 0 1 "Assault"
0 101 104 132 130 415 1 0 1 "Assault"
0 101 104 132 130 416 1 0 1 "Assault"
0 101 104 132 130 417 1 0 1 "Assault"
0 101 104 132 130 418 1 0 1 "Assault"
0 101 104 132 130 419 1 0 1 "Assault"
0 102 104 132 130 420 1 0 1 "Assault"
0 102 104 132 130 421 1 0 1 "Assault"
0 102 104 132 130 422 1 0 1 "Assault"
0 102 104 132 130 423 1 0 1 "Assault"
0 102 104 132 130 424 1 0 1 "Assault"
0 102 104 131 130 425 1 0 1 "Assault"
0 102 104 131 130 426 1 0 1 "Assault"
0 102 104 131 130 427 1 0 1 "Assault"
0 102 104 131 130 428 1 0 1 "Assault"
0 102 104 131 130 429 1 0 1 "Assault"
0 102 104 131 130 430 1 0 1 "Assault"
0 102 104 131 130 431 1 0 1 "Assault"
0 102 104 131 130 432 1 0 1 "Assault"
0 102 104 131 130 433 1 0 1 "Assault"
0 102 104 131 130 434 1 0 1 "Assault"
0 102 104 131 130 435 1 0 1 "Assault"
0 102 104 131 130 436 1 0 1 "Assault"
0 102 104 131 130 437 1 0 1 "Assault"
0 103 104 131 130 438 1 0 1 "Assault"
0 103 104 131 130 439 1 0 1 "Assault"
0 103 104 131 130 440 1 0 1 "Assault"
0 103 104 131 130 441 1 0 1 "Assault"
0 103 104 131 130 442 1 0 1 "Assault"
0 103 104 131 130 443 1 0 1 "Assault"
0 103 104 131 130 444 1 0 1 "Assault"
0 103 104 131 130 445 1 0 1 "Assault"
0 103 104 131 130 446 1 0 1 "Assault"
0 103 104 131 130 447 1 0 1 "Assault"
0 103 104 131 130 448 1 0 1 "Assault"
0 103 104 130 130 449 1 0 1 "Assault"
0 103 104 130 130 450 1 0 1 "Assault"
0 103 104 130 130 451 1 0 1 "Assault"
0 103 104 130 130 452 1 0 1 "Assault"
0 103 104 130 130 453 1 0 1 "Assault"
0 103 104 130 130 454 1 0 1 "Assault"
0 103 104 130 130 455 1 0 1 "Assault"
0 104 104 130 130 456 1 0 1 "Assault"
0 104 104 130 130 457 1 0 1 "Assault"
0 104 104 130 130 458 1 0 1 "Assault"
0 104 104 130 130 459 1 0 1 "Assault"
0 104 104 130 130 460 1 0 1 "Assault"
0 104 104 130 130 461 1 0 1 "Assault"
0 104 104 130 130 462 1 0 1 "Assault"
0 104 104 130 130 463 1 0 1 "Assault"
0 104 104 130 130 464 1 0 1 "Assault"
0 104 104 130 130 465 1 0 1 "Assault"
0 104 104 130 130 466 1 0 1 "Assault"
0 104 104 130 130 467 1 0 1 "Assault"
0 104 104 130 130 468 1 0 1 "Assault"
0 104 104 130 130 469 1 0 1 "Assault"
0 104 104 130 130 470 1 0 1 "Assault"
0 104 104 130 130 471 1 0 1 "Assault"
0 104 104 130 130 472 1 0 1 "Assault"
0 105 104 130 130 473 1 0 0 "Assault"
