0 129 50 169 98 0 1 0 0 "Assault"
0 129 50 169 98 1 1 0 1 "Assault"
0 129 50 169 98 2 1 0 1 "Assault"
0 129 50 169 98 3 1 0 1 "Assault"
0 129 50 169 98 4 1 0 1 "Assault"
0 129 50 169 98 5 1 0 1 "Assault"
0 129 50 169 98 6 1 0 1 "Assault"
0 129 50 169 98 7 1 0 1 "Assault"
0 129 50 169 98 8 1 0 1 "Assault"
0 129 50 169 98 9 1 0 1 "Assault"
0 129 50 169 98 10 1 0 1 "Assault"
0 129 50 169 98 11 1 0 1 "Assault"
0 129 50 169 98 12 1 0 1 "Assault"
0 129 50 169 98 13 1 0 1 "Assault"
0 129 50 169 98 14 1 0 1 "Assault"
0 129 50 169 98 15 1 0 1 "Assault"
0 129 50 169 98 16 1 0 1 "Assault"
0 129 50 169 98 17 1 0 1 "Assault"
0 129 50 169 98 18 1 0 1 "Assault"
0 129 50 169 98 19 1 0 1 "Assault"
0 129 50 169 98 20 1 0 1 "Assault"
0 129 50 169 98 21 1 0 1 "Assault"
0 129 50 169 98 22 1 0 1 "Assault"
0 129 50 169 98 23 1 0 1 "Assault"
0 129 50 169 98 24 1 0 1 "Assault"
0 129 50 169 98 25 1 0 1 "Assault"
0 129 50 169 98 26 1 0 1 "Assault"
0 129 50 169 98 27 1 0 1 "Assault"
0 129 50 169 98 28 1 0 1 "Assault"
0 129 50 169 98 29 1 0 1 "Assault"
0 129 50 169 98 30 1 0 1 "Assault"
0 129 50 169 98 31 1 0 1 "Assault"
0 129 50 169 98 32 1 0 1 "Assault"
0 129 50 169 98 33 1 0 1 "Assault"
0 129 50 169 98 34 1 0 1 "Assault"
0 129 50 169 98 35 1 0 1 "Assault"
0 129 50 169 98 36 1 0 1 "Assault"
0 129 50 169 98 37 1 0 1 "Assault"
0 129 50 169 98 38 1 0 1 "Assault"
0 129 50 169 98 39 1 0 1 "Assault"
0 129 50 169 98 40 1 0 1 "Assault"
0 129 50 169 98 41 1 0 1 "Assault"
0 129 50 169 98 42 1 0 1 "Assault"
0 129 50 169 98 43 1 0 1 "Assault"
0 129 50 169 98 44 1 0 1 "Assault"
0 129 50 169 98 45 1 0 1 "Assault"
0 129 50 169 98 46 1 0 1 "Assault"
0 129 50 169 98 47 1 0 1 "Assault"
0 129 50 169 98 48 1 0 1 "Assault"
0 129 50 169 98 49 1 0 1 "Assault"
0 129 50 169 98 50 1 0 1 "Assault"
0 129 50 169 98 51 1 0 1 "Assault"
0 129 50 169 98 52 1 0 1 "Assault"
0 129 50 169 98 53 1 0 1 "Assault"
0 129 50 169 98 54 1 0 1 "Assault"
0 129 50 169 98 55 1 0 1 "Assault"
0 129 50 169 98 56 1 0 1 "Assault"
0 129 50 169 98 57 1 0 1 "Assault"
0 129 50 169 98 58 1 0 1 "Assault"
0 129 50 169 98 59 1 0 1 "Assault"
0 129 50 169 98 60 1 0 1 "Assault"
0 129 50 169 98 61 1 0 1 "Assault"
0 129 50 169 98 62 1 0 1 "Assault"
0 129 50 169 98 63 1 0 1 "Assault"
0 129 50 169 98 64 1 0 1 "Assault"
0 129 50 169 98 65 1 0 1 "Assault"
0 129 50 169 98 66 1 0 1 "Assault"
0 129 50 169 98 67 1 0 1 "Assault"
0 129 50 169 98 68 1 0 1 "Assault"
0 129 50 169 98 69 1 0 1 "Assault"
0 129 50 169 98 70 1 0 1 "Assault"
0 129 50 169 98 71 1 0 1 "Assault"
0 129 50 169 98 72 1 0 1 "Assault"
0 129 50 169 98 73 1 0 1 "Assault"
0 129 50 169 98 74 1 0 1 "Assault"
0 129 50 169 98 75 1 0 1 "Assault"
0 129 50 169 98 76 1 0 1 "Assault"
0 129 50 169 98 77 1 0 1 "Assault"
0 129 50 169 98 78 1 0 1 "Assault"
0 129 50 169 98 79 1 0 1 "Assault"
0 129 50 169 98 80 1 0 1 "Assault"
0 129 50 169 98 81 1 0 1 "Assault"
0 129 50 169 98 82 1 0 1 "Assault"
0 129 50 169 98 83 1 0 1 "Assault"
0 129 50 169 98 84 1 0 1 "Assault"
0 129 50 169 98 85 1 0 1 "Assault"
0 129 50 169 98 86 1 0 1 "Assault"
0 129 50 169 98 87 1 0 1 "Assault"
0 129 50 169 98 88 1 0 1 "Assault"
0 129 50 169 98 89 1 0 1 "Assault"
0 129 50 169 98 90 1 0 1 "Assault"
0 129 50 169 98 91 1 0 1 "Assault"
0 129 50 169 98 92 1 0 1 "Assault"
0 129 50 169 98 93 1 0 1 "Assault"
0 129 50 169 98 94 1 0 1 "Assault"
0 129 50 169 98 95 1 0 1 "Assault"
0 129 50 169 98 96 1 0 1 "Assault"
0 129 50 169 98 97 1 0 1 "Assault"
0 129 50 169 98 98 1 0 1 "Assault"
0 129 50 169 98 99 1 0 1 "Assault"
0 129 50 169 98 100 1 0 1 "Assault"
0 129 50 169 98 101 1 0 1 "Assault"
0 129 50 169 98 102 1 0 1 "Assault"
0 129 50 169 98 103 1 0 1 "Assault"
0 129 50 169 98 104 1 0 1 "Assault"
0 129 50 169 98 105 1 0 1 "Assault"
0 129 50 169 98 106 1 0 1 "Assault"
0 129 50 169 98 107 1 0 1 "Assault"
0 129 50 169 98 108 1 0 1 "Assault"
0 129 50 169 98 109 1 0 1 "Assault"
0 129 50 169 98 110 1 0 1 "Assault"
0 129 50 169 98 111 1 0 1 "Assault"
0 129 50 169 98 112 1 0 1 "Assault"
0 129 50 169 98 113 1 0 1 "Assault"
0 129 50 169 98 114 1 0 1 "Assault"
0 129 50 169 98 115 1 0 1 "Assault"
0 129 50 169 98 116 1 0 1 "Assault"
0 129 50 169 98 117 1 0 1 "Assault"
0 129 50 169 98 118 1 0 1 "Assault"
0 129 50 169 98 119 1 0 1 "Assault"
0 129 50 169 98 120 1 0 1 "Assault"
0 129 50 169 98 121 1 0 1 "Assault"
0 129 50 169 98 122 1 0 1 "Assault"
0 129 50 169 98 123 1 0 1 "Assault"
0 129 50 169 98 124 1 0 1 "Assault"
0 129 50 169 98 125 1 0 1 "Assault"
0 129 50 169 98 126 1 0 1 "Assault"
0 129 50 169 98 127 1 0 1 "Assault"
0 129 50 169 98 128 1 0 1 "Assault"
0 129 50 169 98 129 1 0 1 "Assault"
0 129 50 169 98 130 1 0 1 "Assault"
0 129 50 169 98 131 1 0 1 "Assault"
0 129 50 169 98 132 1 0 1 "Assault"
0 129 50 169 98 133 1 0 1 "Assault"
0 129 50 169 98 134 1 0 1 "Assault"
0 129 50 169 98 135 1 0 1 "Assault"
0 129 50 169 98 136 1 0 1 "Assault"
0 129 50 169 98 137 1 0 1 "Assault"
0 129 50 169 98 138 1 0 1 "Assault"
0 129 50 169 98 139 1 0 1 "Assault"
0 129 50 169 98 140 1 0 1 "Assault"
0 129 50 169 98 141 1 0 1 "Assault"
0 129 50 169 98 142 1 0 1 "Assault"
0 129 50 169 98 143 1 0 1 "Assault"
0 129 50 169 98 144 1 0 1 "Assault"
0 129 50 169 98 145 1 0 1 "Assault"
0 129 50 169 98 146 1 0 1 "Assault"
0 129 50 169 98 147 1 0 1 "Assault"
0 129 50 169 98 148 1 0 1 "Assault"
0 129 50 169 98 149 1 0 1 "Assault"
0 129 50 169 98 150 1 0 1 "Assault"
0 129 50 169 98 151 1 0 1 "Assault"
0 129 50 169 98 152 1 0 1 "Assault"
0 129 50 169 98 153 1 0 1 "Assault"
0 129 50 169 98 154 1 0 1 "Assault"
0 129 50 169 98 155 1 0 1 "Assault"
0 129 50 169 98 156 1 0 1 "Assault"
0 129 50 169 98 157 1 0 1 "Assault"
0 129 50 169 98 158 1 0 1 "Assault"
0 129 50 169 98 159 1 0 1 "Assault"
0 129 50 169 98 160 1 0 1 "Assault"
0 129 50 169 98 161 1 0 1 "Assault"
0 129 50 169 98 162 1 0 1 "Assault"
0 129 50 169 98 163 1 0 1 "Assault"
0 129 50 169 98 164 1 0 1 "Assault"
0 129 50 169 98 165 1 0 1 "Assault"
0 129 50 169 98 166 1 0 1 "Assault"
0 129 50 169 98 167 1 0 1 "Assault"
0 129 50 169 98 168 1 0 1 "Assault"
0 129 50 169 98 169 1 0 1 "Assault"
0 129 50 169 98 170 1 0 1 "Assault"
0 129 50 169 98 171 1 0 1 "Assault"
0 129 50 169 98 172 1 0 1 "Assault"
0 129 50 169 98 173 1 0 1 "Assault"
0 129 50 169 98 174 1 0 1 "Assault"
0 129 50 169 98 175 1 0 1 "Assault"
0 129 50 169 98 176 1 0 1 "Assault"
0 129 50 169 98 177 1 0 1 "Assault"
0 129 50 169 98 178 1 0 1 "Assault"
0 129 50 169 98 179 1 0 1 "Assault"
0 129 50 169 98 180 1 0 1 "Assault"
0 129 50 169 98 181 1 0 1 "Assault"
0 129 50 169 98 182 1 0 1 "Assault"
0 129 50 169 98 183 1 0 1 "Assault"
0 129 50 169 98 184 1 0 1 "Assault"
0 129 50 169 98 185 1 0 1 "Assault"
0 129 50 169 98 186 1 0 1 "Assault"
0 129 50 169 98 187 1 0 1 "Assault"
0 129 50 169 98 188 1 0 1 "Assault"
0 129 50 169 98 189 1 0 1 "Assault"
0 129 50 169 98 190 1 0 1 "Assault"
0 129 50 169 98 191 1 0 1 "Assault"
0 129 50 169 98 192 1 0 1 "Assault"
0 129 50 169 98 193 1 0 1 "Assault"
0 129 50 169 98 194 1 0 1 "Assault"
0 129 50 169 98 195 1 0 1 "Assault"
0 129 50 169 98 196 1 0 1 "Assault"
0 129 50 169 98 197 1 0 1 "Assault"
0 129 50 169 98 198 1 0 1 "Assault"
0 129 50 169 98 199 1 0 1 "Assault"
0 129 50 169 98 200 1 0 1 "Assault"
0 129 50 169 98 201 1 0 1 "Assault"
0 129 50 169 98 202 1 0 1 "Assault"
0 129 50 169 98 203 1 0 1 "Assault"
0 129 50 169 98 204 1 0 1 "Assault"
0 129 50 169 98 205 1 0 1 "Assault"
0 129 50 169 98 206 1 0 1 "Assault"
0 129 50 169 98 207 1 0 1 "Assault"
0 129 50 169 98 208 1 0 1 "Assault"
0 129 50 169 98 209 1 0 1 "Assault"
0 129 50 169 98 210 1 0 1 "Assault"
0 129 50 169 98 211 1 0 1 "Assault"
0 129 50 169 98 212 1 0 1 "Assault"
0 129 50 169 98 213 1 0 1 "Assault"
0 129 50 169 98 214 1 0 1 "Assault"
0 129 50 169 98 215 1 0 1 "Assault"
0 129 50 169 98 216 1 0 1 "Assault"
0 129 50 169 98 217 1 0 1 "Assault"
0 129 50 169 98 218 1 0 1 "Assault"
0 129 50 169 98 219 1 0 1 "Assault"
0 129 50 169 98 220 1 0 1 "Assault"
0 129 50 169 98 221 1 0 1 "Assault"
0 129 50 169 98 222 1 0 1 "Assault"
0 129 50 169 98 223 1 0 1 "Assault"
0 129 50 169 98 224 1 0 1 "Assault"
0 129 50 169 98 225 1 0 1 "Assault"
0 129 50 169 98 226 1 0 1 "Assault"
0 129 50 169 98 227 1 0 1 "Assault"
0 129 50 169 98 228 1 0 1 "Assault"
0 129 50 169 98 229 1 0 1 "Assault"
0 129 50 169 98 230 1 0 1 "Assault"
0 129 50 169 98 231 1 0 1 "Assault"
0 129 50 169 98 232 1 0 1 "Assault"
0 129 50 169 98 233 1 0 1 "Assault"
0 129 50 169 98 234 1 0 1 "Assault"
0 129 50 169 98 235 1 0 1 "Assault"
0 129 50 169 98 236 1 0 1 "Assault"
0 129 50 169 98 237 1 0 1 "Assault"
0 129 50 169 98 238 1 0 1 "Assault"
0 129 50 169 98 239 1 0 1 "Assault"
0 129 50 169 98 240 1 0 1 "Assault"
0 129 50 169 98 241 1 0 1 "Assault"
0 129 50 169 98 242 1 0 1 "Assault"
0 129 50 169 98 243 1 0 1 "Assault"
0 129 50 169 98 244 1 0 1 "Assault"
0 129 50 169 98 245 1 0 1 "Assault"
0 129 50 169 98 246 1 0 1 "Assault"
0 129 50 169 98 247 1 0 1 "Assault"
0 129 50 169 98 248 1 0 1 "Assault"
0 129 50 169 98 249 1 0 1 "Assault"
0 129 50 169 98 250 1 0 1 "Assault"
0 129 50 169 98 251 1 0 1 "Assault"
0 129 50 169 98 252 1 0 1 "Assault"
0 129 50 169 98 253 1 0 1 "Assault"
0 129 50 169 98 254 1 0 1 "Assault"
0 129 50 169 98 255 1 0 1 "Assault"
0 129 50 169 98 256 1 0 1 "Assault"
0 129 50 169 98 257 1 0 1 "Assault"
0 129 50 169 98 258 1 0 1 "Assault"
0 129 50 169 98 259 1 0 1 "Assault"
0 129 50 169 98 260 1 0 1 "Assault"
0 129 50 169 98 261 1 0 1 "Assault"
0 129 50 169 98 262 1 0 1 "Assault"
0 129 50 169 98 263 1 0 1 "Assault"
0 129 50 169 98 264 1 0 1 "Assault"
0 129 50 169 98 265 1 0 1 "Assault"
0 129 50 169 98 266 1 0 1 "Assault"
0 129 50 169 98 267 1 0 1 "Assault"
0 129 50 169 98 268 1 0 1 "Assault"
0 129 50 169 98 269 1 0 1 "Assault"
0 129 50 169 98 270 1 0 1 "Assault"
0 129 50 169 98 271 1 0 1 "Assault"
0 129 50 169 98 272 1 0 1 "Assault"
0 129 50 169 98 273 1 0 1 "Assault"
0 129 50 169 98 274 1 0 1 "Assault"
0 129 50 169 98 275 1 0 1 "Assault"
0 129 50 169 98 276 1 0 1 "Assault"
0 129 50 169 98 277 1 0 1 "Assault"
0 129 50 169 98 278 1 0 1 "Assault"
0 129 50 169 98 279 1 0 1 "Assault"
0 129 50 169 98 280 1 0 1 "Assault"
0 129 50 169 98 281 1 0 1 "Assault"
0 129 50 169 98 282 1 0 1 "Assault"
0 129 50 169 98 283 1 0 1 "Assault"
0 129 50 169 98 284 1 0 1 "Assault"
0 129 50 169 98 285 1 0 1 "Assault"
0 129 50 169 98 286 1 0 1 "Assault"
0 129 50 169 98 287 1 0 1 "Assault"
0 129 50 169 98 288 1 0 1 "Assault"
0 129 50 169 98 289 1 0 1 "Assault"
0 129 50 169 98 290 1 0 1 "Assault"
0 129 50 169 98 291 1 0 1 "Assault"
0 129 50 169 98 292 1 0 1 "Assault"
0 129 50 169 98 293 1 0 1 "Assault"
0 129 50 169 98 294 1 0 1 "Assault"
0 129 50 169 98 295 1 0 1 "Assault"
0 129 50 169 98 296 1 0 1 "Assault"
0 129 50 169 98 297 1 0 1 "Assault"
0 129 50 169 98 298 1 0 1 "Assault"
0 129 50 169 98 299 1 0 1 "Assault"
0 129 50 169 98 300 1 0 1 "Assault"
0 129 50 169 98 301 1 0 1 "Assault"
0 129 50 169 98 302 1 0 1 "Assault"
0 129 50 169 98 303 1 0 1 "Assault"
0 129 50 169 98 304 1 0 1 "Assault"
0 129 50 169 98 305 1 0 1 "Assault"
0 129 50 169 98 306 1 0 1 "Assault"
0 129 50 169 98 307 1 0 1 "Assault"
0 129 50 169 98 308 1 0 1 "Assault"
0 129 50 169 98 309 1 0 1 "Assault"
0 129 50 169 98 310 1 0 1 "Assault"
0 129 50 169 98 311 1 0 1 "Assault"
0 129 50 169 98 312 1 0 1 "Assault"
0 129 50 169 98 313 1 0 1 "Assault"
0 129 50 169 98 314 1 0 1 "Assault"
0 129 50 169 98 315 1 0 1 "Assault"
0 129 50 169 98 316 1 0 1 "Assault"
0 129 50 169 98 317 1 0 1 "Assault"
0 129 50 169 98 318 1 0 1 "Assault"
0 129 50 169 98 319 1 0 1 "Assault"
0 129 50 169 98 320 1 0 1 "Assault"
0 129 50 169 98 321 1 0 1 "Assault"
0 129 50 169 98 322 1 0 1 "Assault"
0 129 50 169 98 323 1 0 1 "Assault"
0 129 50 169 98 324 1 0 1 "Assault"
0 129 50 169 98 325 0 0 0 "Assault"
0 130 50 169 98 326 0 0 1 "Assault"
0 132 50 169 98 327 0 0 1 "Assault"
0 134 50 169 98 328 0 0 1 "Assault"
0 136 50 169 98 329 0 0 1 "Assault"
0 138 50 170 98 330 0 0 0 "Assault"
0 139 50 171 98 331 0 0 1 "Assault"
0 140 50 172 98 332 0 0 1 "Assault"
0 141 50 173 98 333 0 0 1 "Assault"
0 142 50 174 98 334 0 0 1 "Assault"
0 144 51 176 99 335 0 0 0 "Assault"
0 147 51 179 99 336 0 0 1 "Assault"
0 150 51 182 99 337 0 0 1 "Assault"
0 153 52 185 100 338 0 0 1 "Assault"
0 156 52 188 100 339 0 0 1 "Assault"
0 159 53 191 101 340 0 0 0 "Assault"
0 160 54 192 102 341 0 0 1 "Assault"
0 162 55 194 103 342 0 0 1 "Assault"
0 163 57 195 105 343 0 0 1 "Assault"
0 165 58 197 106 344 0 0 1 "Assault"
0 167 60 199 108 345 0 0 0 "Assault"
0 167 61 201 108 346 0 0 1 "Assault"
0 167 63 203 109 347 0 0 1 "Assault"
0 167 65 205 110 348 0 0 1 "Assault"
0 167 66 207 110 349 0 0 1 "Assault"
0 167 68 209 111 350 0 0 1 "Assault"
0 167 70 212 112 351 0 0 0 "Assault"
0 168 70 213 112 352 0 0 1 "Assault"
0 169 70 214 112 353 0 0 1 "Assault"
0 170 70 215 112 354 0 0 1 "Assault"
0 172 71 217 113 355 0 0 0 "Assault"
0 172 69 216 113 356 0 0 1 "Assault"
0 172 67 216 113 357 0 0 1 "Assault"
0 172 65 216 113 358 0 0 1 "Assault"
0 172 63 216 113 359 0 0 1 "Assault"
0 172 61 216 113 360 0 0 1 "Assault"
0 172 59 216 113 361 1 0 0 "Assault"
0 171 59 216 113 362 1 0 1 "Assault"
0 171 59 216 113 363 1 0 1 "Assault"
0 171 60 217 114 364 1 0 1 "Assault"
0 171 60 217 114 365 1 0 1 "Assault"
0 171 61 218 115 366 1 0 1 "Assault"
0 171 61 218 115 367 1 0 1 "Assault"
0 171 62 218 116 368 1 0 1 "Assault"
0 171 62 219 116 369 1 0 1 "Assault"
0 171 63 219 117 370 1 0 1 "Assault"
0 171 63 220 117 371 1 0 1 "Assault"
0 171 64 220 118 372 1 0 1 "Assault"
0 171 64 220 118 373 1 0 1 "Assault"
0 171 65 221 119 374 1 0 1 "Assault"
0 171 65 221 119 375 1 0 1 "Assault"
0 171 66 222 120 376 1 0 1 "Assault"
0 171 66 222 120 377 1 0 1 "Assault"
0 171 67 223 121 378 1 0 0 "Assault"
0 171 67 223 122 379 1 0 1 "Assault"
0 171 67 224 123 380 1 0 1 "Assault"
0 171 67 225 124 381 1 0 1 "Assault"
0 171 68 226 126 382 1 0 1 "Assault"
0 171 68 227 127 383 1 0 1 "Assault"
0 171 68 228 128 384 1 0 1 "Assault"
0 171 68 229 129 385 1 0 1 "Assault"
0 171 69 230 131 386 1 0 1 "Assault"
0 171 69 231 132 387 1 0 1 "Assault"
0 171 69 232 133 388 1 0 1 "Assault"
0 171 69 233 134 389 1 0 1 "Assault"
0 171 70 234 136 390 1 0 0 "Assault"
0 171 70 234 136 391 1 0 1 "Assault"
0 171 70 234 136 392 1 0 1 "Assault"
0 171 70 234 136 393 1 0 1 "Assault"
0 171 70 234 136 394 1 0 1 "Assault"
0 171 70 234 136 395 1 0 1 "Assault"
0 171 70 234 136 396 1 0 1 "Assault"
0 171 70 234 136 397 1 0 1 "Assault"
0 171 70 234 136 398 1 0 1 "Assault"
0 171 70 234 136 399 1 0 1 "Assault"
0 171 70 234 136 400 1 0 1 "Assault"
0 171 70 234 136 401 1 0 1 "Assault"
0 171 70 234 136 402 1 0 1 "Assault"
0 171 70 234 136 403 1 0 1 "Assault"
0 171 70 234 136 404 1 0 1 "Assault"
0 171 70 234 136 405 1 0 1 "Assault"
0 171 70 234 136 406 1 0 1 "Assault"
0 171 70 234 136 407 1 0 1 "Assault"
0 171 70 234 136 408 1 0 1 "Assault"
0 171 70 234 136 409 1 0 1 "Assault"
0 171 70 234 136 410 1 0 1 "Assault"
0 171 70 234 136 411 1 0 1 "Assault"
0 171 70 234 136 412 1 0 1 "Assault"
0 171 70 234 136 413 1 0 1 "Assault"
0 171 70 234 136 414 1 0 1 "Assault"
0 171 70 234 136 415 1 0 1 "Assault"
0 171 70 234 136 416 1 0 1 "Assault"
0 171 70 234 136 417 1 0 1 "Assault"
0 171 70 234 136 418 1 0 1 "Assault"
0 171 70 234 136 419 1 0 1 "Assault"
0 171 70 234 136 420 1 0 1 "Assault"
0 171 70 234 136 421 1 0 1 "Assault"
0 171 70 234 136 422 1 0 1 "Assault"
0 171 70 234 136 423 1 0 1 "Assault"
0 171 70 234 136 424 1 0 1 "Assault"
0 171 70 234 136 425 1 0 1 "Assault"
0 171 70 234 136 426 1 0 1 "Assault"
0 171 70 234 136 427 1 0 1 "Assault"
0 171 70 234 136 428 1 0 1 "Assault"
0 171 70 234 136 429 1 0 1 "Assault"
0 171 70 234 136 430 1 0 1 "Assault"
0 171 70 234 136 431 1 0 1 "Assault"
0 171 70 234 136 432 1 0 1 "Assault"
0 171 70 234 136 433 1 0 1 "Assault"
0 171 70 234 136 434 1 0 1 "Assault"
0 171 70 234 136 435 1 0 1 "Assault"
0 171 70 234 136 436 1 0 1 "Assault"
0 171 70 234 136 437 1 0 1 "Assault"
0 171 70 234 136 438 1 0 1 "Assault"
0 171 70 234 136 439 1 0 1 "Assault"
0 171 70 234 136 440 1 0 1 "Assault"
0 171 70 234 136 441 1 0 1 "Assault"
0 171 70 234 136 442 1 0 1 "Assault"
0 171 70 234 136 443 1 0 1 "Assault"
0 171 70 234 136 444 1 0 1 "Assault"
0 171 70 234 136 445 1 0 1 "Assault"
0 171 70 234 136 446 1 0 1 "Assault"
0 171 70 234 136 447 1 0 1 "Assault"
0 171 70 234 136 448 1 0 1 "Assault"
0 171 70 234 136 449 1 0 1 "Assault"
0 171 70 234 136 450 1 0 1 "Assault"
0 171 70 234 136 451 1 0 1 "Assault"
0 171 70 234 136 452 1 0 1 "Assault"
0 171 70 234 136 453 1 0 1 "Assault"
0 171 70 234 136 454 1 0 1 "Assault"
0 171 70 234 136 455 1 0 1 "Assault"
0 171 70 234 136 456 1 0 1 "Assault"
0 171 70 234 136 457 1 0 1 "Assault"
0 171 70 234 136 458 1 0 1 "Assault"
0 171 70 234 136 459 1 0 1 "Assault"
0 171 70 234 136 460 1 0 1 "Assault"
0 171 70 234 136 461 1 0 1 "Assault"
0 171 70 234 136 462 1 0 1 "Assault"
0 171 70 234 136 463 1 0 1 "Assault"
0 171 70 234 136 464 1 0 1 "Assault"
0 171 70 234 136 465 1 0 1 "Assault"
0 171 70 234 136 466 1 0 1 "Assault"
0 171 70 234 136 467 1 0 1 "Assault"
0 171 70 234 136 468 1 0 1 "Assault"
0 171 70 234 136 469 1 0 1 "Assault"
0 171 70 234 136 470 1 0 1 "Assault"
0 171 70 234 136 471 1 0 1 "Assault"
0 171 70 234 136 472 1 0 1 "Assault"
0 171 70 234 136 473 1 0 1 "Assault"
0 171 70 234 136 474 1 0 1 "Assault"
0 171 70 234 136 475 1 0 1 "Assault"
0 171 70 234 136 476 1 0 1 "Assault"
0 171 70 234 136 477 1 0 1 "Assault"
0 171 70 234 136 478 1 0 1 "Assault"
0 171 70 234 136 479 1 0 1 "Assault"
0 171 70 234 136 480 1 0 1 "Assault"
0 171 70 234 136 481 1 0 1 "Assault"
0 171 70 234 136 482 1 0 1 "Assault"
0 171 70 234 136 483 1 0 1 "Assault"
0 171 70 234 136 484 1 0 1 "Assault"
0 171 70 234 136 485 1 0 1 "Assault"
0 171 70 234 136 486 1 0 1 "Assault"
0 171 70 234 136 487 1 0 1 "Assault"
0 171 70 234 136 488 1 0 1 "Assault"
0 171 70 234 136 489 1 0 1 "Assault"
0 171 70 234 136 490 1 0 1 "Assault"
0 171 70 234 136 491 1 0 1 "Assault"
0 171 70 234 136 492 1 0 1 "Assault"
0 171 70 234 136 493 1 0 1 "Assault"
0 171 70 234 136 494 1 0 1 "Assault"
0 171 70 234 136 495 1 0 1 "Assault"
0 171 70 234 136 496 1 0 1 "Assault"
0 171 70 234 136 497 1 0 1 "Assault"
0 171 70 234 136 498 1 0 1 "Assault"
0 171 70 234 136 499 1 0 1 "Assault"
0 171 70 234 136 500 1 0 1 "Assault"
0 171 70 234 136 501 1 0 1 "Assault"
0 171 70 234 136 502 1 0 1 "Assault"
0 171 70 234 136 503 1 0 1 "Assault"
0 171 70 234 136 504 1 0 1 "Assault"
0 171 70 234 136 505 1 0 1 "Assault"
0 171 70 234 136 506 1 0 1 "Assault"
0 171 70 234 136 507 1 0 1 "Assault"
0 171 70 234 136 508 1 0 1 "Assault"
0 171 70 234 136 509 1 0 1 "Assault"
0 171 70 234 136 510 1 0 1 "Assault"
0 171 70 234 136 511 1 0 1 "Assault"
0 171 70 234 136 512 1 0 1 "Assault"
0 171 70 234 136 513 1 0 1 "Assault"
0 171 70 234 136 514 1 0 1 "Assault"
0 171 70 234 136 515 1 0 1 "Assault"
0 171 70 234 136 516 1 0 1 "Assault"
0 171 70 234 136 517 1 0 1 "Assault"
0 171 70 234 136 518 1 0 1 "Assault"
0 171 70 234 136 519 1 0 1 "Assault"
0 171 70 234 136 520 1 0 1 "Assault"
0 171 70 234 136 521 1 0 1 "Assault"
0 171 70 234 136 522 1 0 1 "Assault"
0 171 70 234 136 523 1 0 1 "Assault"
0 171 70 234 136 524 1 0 1 "Assault"
0 171 70 234 136 525 1 0 1 "Assault"
0 171 70 234 136 526 1 0 1 "Assault"
0 171 70 234 136 527 1 0 1 "Assault"
0 171 70 234 136 528 1 0 1 "Assault"
0 171 70 234 136 529 1 0 1 "Assault"
0 171 70 234 136 530 1 0 1 "Assault"
0 171 70 234 136 531 1 0 1 "Assault"
0 171 70 234 136 532 1 0 1 "Assault"
0 171 70 234 136 533 1 0 1 "Assault"
0 171 70 234 136 534 1 0 1 "Assault"
0 171 70 234 136 535 1 0 1 "Assault"
0 171 70 234 136 536 1 0 1 "Assault"
0 171 70 234 136 537 1 0 1 "Assault"
0 171 70 234 136 538 1 0 1 "Assault"
0 171 70 234 136 539 1 0 1 "Assault"
0 171 70 234 136 540 1 0 1 "Assault"
0 171 70 234 136 541 1 0 1 "Assault"
0 171 70 234 136 542 1 0 1 "Assault"
0 171 70 234 136 543 1 0 1 "Assault"
0 171 70 234 136 544 1 0 1 "Assault"
0 171 70 234 136 545 1 0 1 "Assault"
0 171 70 234 136 546 1 0 1 "Assault"
0 171 70 234 136 547 1 0 1 "Assault"
0 171 70 234 136 548 1 0 1 "Assault"
0 171 70 234 136 549 1 0 1 "Assault"
0 171 70 234 136 550 1 0 1 "Assault"
0 171 70 234 136 551 1 0 1 "Assault"
0 171 70 234 136 552 1 0 1 "Assault"
0 171 70 234 136 553 1 0 1 "Assault"
0 171 70 234 136 554 1 0 1 "Assault"
0 171 70 234 136 555 1 0 1 "Assault"
0 171 70 234 136 556 1 0 1 "Assault"
0 171 70 234 136 557 1 0 1 "Assault"
0 171 70 234 136 558 1 0 1 "Assault"
0 171 70 234 136 559 1 0 1 "Assault"
0 171 70 234 136 560 1 0 1 "Assault"
0 171 70 234 136 561 1 0 1 "Assault"
0 171 70 234 136 562 1 0 1 "Assault"
0 171 70 234 136 563 1 0 1 "Assault"
0 171 70 234 136 564 1 0 1 "Assault"
0 171 70 234 136 565 1 0 1 "Assault"
0 171 70 234 136 566 1 0 1 "Assault"
0 171 70 234 136 567 1 0 1 "Assault"
0 171 70 234 136 568 1 0 1 "Assault"
0 171 70 234 136 569 1 0 1 "Assault"
0 171 70 234 136 570 1 0 1 "Assault"
0 171 70 234 136 571 1 0 1 "Assault"
0 171 70 234 136 572 1 0 1 "Assault"
0 171 70 234 136 573 1 0 1 "Assault"
0 171 70 234 136 574 1 0 1 "Assault"
0 171 70 234 136 575 1 0 1 "Assault"
0 171 70 234 136 576 1 0 1 "Assault"
0 171 70 234 136 577 1 0 1 "Assault"
0 171 70 234 136 578 1 0 1 "Assault"
0 171 70 234 136 579 1 0 1 "Assault"
0 171 70 234 136 580 1 0 1 "Assault"
0 171 70 234 136 581 1 0 1 "Assault"
0 171 70 234 136 582 1 0 1 "Assault"
0 171 70 234 136 583 1 0 1 "Assault"
0 171 70 234 136 584 1 0 1 "Assault"
0 171 70 234 136 585 1 0 1 "Assault"
0 171 70 234 136 586 1 0 1 "Assault"
0 171 70 234 136 587 1 0 1 "Assault"
0 171 70 234 136 588 1 0 1 "Assault"
0 171 70 234 136 589 1 0 1 "Assault"
0 171 70 234 136 590 1 0 1 "Assault"
0 171 70 234 136 591 1 0 1 "Assault"
0 171 70 234 136 592 1 0 1 "Assault"
0 171 70 234 136 593 1 0 1 "Assault"
0 171 70 234 136 594 1 0 1 "Assault"
0 171 70 234 136 595 1 0 1 "Assault"
0 171 70 234 136 596 1 0 1 "Assault"
0 171 70 234 136 597 1 0 1 "Assault"
0 171 70 234 136 598 1 0 1 "Assault"
0 171 70 234 136 599 1 0 1 "Assault"
0 171 70 234 136 600 1 0 1 "Assault"
0 171 70 234 136 601 1 0 1 "Assault"
0 171 70 234 136 602 1 0 1 "Assault"
0 171 70 234 136 603 1 0 1 "Assault"
0 171 70 234 136 604 1 0 1 "Assault"
0 171 70 234 136 605 1 0 1 "Assault"
0 171 70 234 136 606 1 0 1 "Assault"
0 171 70 234 136 607 1 0 1 "Assault"
0 171 70 234 136 608 1 0 1 "Assault"
0 171 70 234 136 609 1 0 1 "Assault"
0 171 70 234 136 610 1 0 1 "Assault"
0 171 70 234 136 611 1 0 1 "Assault"
0 171 70 234 136 612 1 0 1 "Assault"
0 171 70 234 136 613 1 0 1 "Assault"
0 171 70 234 136 614 1 0 1 "Assault"
0 171 70 234 136 615 1 0 1 "Assault"
0 171 70 234 136 616 1 0 1 "Assault"
0 171 70 234 136 617 1 0 1 "Assault"
0 171 70 234 136 618 1 0 1 "Assault"
0 171 70 234 136 619 1 0 1 "Assault"
0 171 70 234 136 620 1 0 1 "Assault"
0 171 70 234 136 621 1 0 1 "Assault"
0 171 70 234 136 622 1 0 1 "Assault"
0 171 70 234 136 623 1 0 1 "Assault"
0 171 70 234 136 624 1 0 1 "Assault"
0 171 70 234 136 625 1 0 1 "Assault"
0 171 70 234 136 626 1 0 1 "Assault"
0 171 70 234 136 627 1 0 1 "Assault"
0 171 70 234 136 628 1 0 1 "Assault"
0 171 70 234 136 629 1 0 1 "Assault"
0 171 70 234 136 630 1 0 1 "Assault"
0 171 70 234 136 631 1 0 1 "Assault"
0 171 70 234 136 632 1 0 1 "Assault"
0 171 70 234 136 633 1 0 1 "Assault"
0 171 70 234 136 634 1 0 1 "Assault"
0 171 70 234 136 635 1 0 1 "Assault"
0 171 70 234 136 636 1 0 1 "Assault"
0 171 70 234 136 637 1 0 1 "Assault"
0 171 70 234 136 638 1 0 1 "Assault"
0 171 70 234 136 639 1 0 1 "Assault"
0 171 70 234 136 640 1 0 1 "Assault"
0 171 70 234 136 641 1 0 1 "Assault"
0 171 70 234 136 642 1 0 1 "Assault"
0 171 70 234 136 643 1 0 1 "Assault"
0 171 70 234 136 644 1 0 1 "Assault"
0 171 70 234 136 645 1 0 1 "Assault"
0 171 70 234 136 646 1 0 1 "Assault"
0 171 70 234 136 647 1 0 1 "Assault"
0 171 70 234 136 648 1 0 1 "Assault"
0 171 70 234 136 649 1 0 1 "Assault"
0 171 70 234 136 650 1 0 1 "Assault"
0 171 70 234 136 651 1 0 1 "Assault"
0 171 70 234 136 652 1 0 1 "Assault"
0 171 70 234 136 653 1 0 1 "Assault"
0 171 70 234 136 654 1 0 1 "Assault"
0 171 70 234 136 655 1 0 1 "Assault"
0 171 70 234 136 656 1 0 1 "Assault"
0 171 70 234 136 657 1 0 1 "Assault"
0 171 70 234 136 658 1 0 1 "Assault"
0 171 70 234 136 659 1 0 1 "Assault"
0 171 70 234 136 660 1 0 1 "Assault"
0 171 70 234 136 661 1 0 1 "Assault"
0 171 70 234 136 662 1 0 1 "Assault"
0 171 70 234 136 663 1 0 1 "Assault"
0 171 70 234 136 664 1 0 1 "Assault"
0 171 70 234 136 665 1 0 1 "Assault"
0 171 70 234 136 666 1 0 1 "Assault"
0 171 70 234 136 667 1 0 1 "Assault"
0 171 70 234 136 668 1 0 1 "Assault"
0 171 70 234 136 669 1 0 1 "Assault"
0 171 70 234 136 670 1 0 1 "Assault"
0 171 70 234 136 671 1 0 1 "Assault"
0 171 70 234 136 672 1 0 1 "Assault"
0 171 70 234 136 673 1 0 1 "Assault"
0 171 70 234 136 674 1 0 1 "Assault"
0 171 70 234 136 675 1 0 1 "Assault"
0 171 70 234 136 676 1 0 1 "Assault"
0 171 70 234 136 677 1 0 1 "Assault"
0 171 70 234 136 678 1 0 1 "Assault"
0 171 70 234 136 679 1 0 1 "Assault"
0 171 70 234 136 680 1 0 1 "Assault"
0 171 70 234 136 681 1 0 1 "Assault"
0 171 70 234 136 682 1 0 1 "Assault"
0 171 70 234 136 683 1 0 1 "Assault"
0 171 70 234 136 684 1 0 1 "Assault"
0 171 70 234 136 685 1 0 1 "Assault"
0 171 70 234 136 686 1 0 1 "Assault"
0 171 70 234 136 687 1 0 1 "Assault"
0 171 70 234 136 688 1 0 1 "Assault"
0 171 70 234 136 689 1 0 1 "Assault"
0 171 70 234 136 690 1 0 1 "Assault"
0 171 70 234 136 691 1 0 1 "Assault"
0 171 70 234 136 692 1 0 1 "Assault"
0 171 70 234 136 693 1 0 1 "Assault"
0 171 70 234 136 694 1 0 1 "Assault"
0 171 70 234 136 695 1 0 1 "Assault"
0 171 70 234 136 696 1 0 1 "Assault"
0 171 70 234 136 697 1 0 1 "Assault"
0 171 70 234 136 698 1 0 1 "Assault"
0 171 70 234 136 699 1 0 1 "Assault"
0 171 70 234 136 700 1 0 1 "Assault"
0 171 70 234 136 701 1 0 1 "Assault"
0 171 70 234 136 702 1 0 1 "Assault"
0 171 70 234 136 703 1 0 1 "Assault"
0 171 70 234 136 704 1 0 1 "Assault"
0 171 70 234 136 705 1 0 1 "Assault"
0 171 70 234 136 706 1 0 1 "Assault"
0 171 70 234 136 707 1 0 1 "Assault"
0 171 70 234 136 708 1 0 1 "Assault"
0 171 70 234 136 709 1 0 1 "Assault"
0 171 70 234 136 710 1 0 1 "Assault"
0 171 70 234 136 711 1 0 1 "Assault"
0 171 70 234 136 712 1 0 1 "Assault"
0 171 70 234 136 713 1 0 1 "Assault"
0 171 70 234 136 714 1 0 1 "Assault"
0 171 70 234 136 715 1 0 1 "Assault"
0 171 70 234 136 716 1 0 1 "Assault"
0 171 70 234 136 717 1 0 1 "Assault"
0 171 70 234 136 718 1 0 1 "Assault"
0 171 70 234 136 719 1 0 1 "Assault"
0 171 70 234 136 720 1 0 1 "Assault"
0 171 70 234 136 721 1 0 1 "Assault"
0 171 70 234 136 722 1 0 1 "Assault"
0 171 70 234 136 723 1 0 1 "Assault"
0 171 70 234 136 724 1 0 1 "Assault"
0 171 70 234 136 725 1 0 1 "Assault"
0 171 70 234 136 726 1 0 1 "Assault"
0 171 70 234 136 727 1 0 1 "Assault"
0 171 70 234 136 728 1 0 1 "Assault"
0 171 70 234 136 729 1 0 1 "Assault"
0 171 70 234 136 730 1 0 1 "Assault"
0 171 70 234 136 731 1 0 1 "Assault"
0 171 70 234 136 732 1 0 1 "Assault"
0 171 70 234 136 733 1 0 1 "Assault"
0 171 70 234 136 734 1 0 1 "Assault"
0 171 70 234 136 735 1 0 1 "Assault"
0 171 70 234 136 736 1 0 1 "Assault"
0 171 70 234 136 737 1 0 1 "Assault"
0 171 70 234 136 738 1 0 1 "Assault"
0 171 70 234 136 739 1 0 1 "Assault"
0 171 70 234 136 740 1 0 1 "Assault"
0 171 70 234 136 741 1 0 1 "Assault"
0 171 70 234 136 742 1 0 1 "Assault"
0 171 70 234 136 743 1 0 1 "Assault"
0 171 70 234 136 744 1 0 1 "Assault"
0 171 70 234 136 745 1 0 1 "Assault"
0 171 70 234 136 746 1 0 1 "Assault"
0 171 70 234 136 747 1 0 1 "Assault"
0 171 70 234 136 748 1 0 1 "Assault"
0 171 70 234 136 749 1 0 1 "Assault"
0 171 70 234 136 750 1 0 1 "Assault"
0 171 70 234 136 751 1 0 1 "Assault"
0 171 70 234 136 752 1 0 1 "Assault"
0 171 70 234 136 753 1 0 1 "Assault"
0 171 70 234 136 754 1 0 1 "Assault"
0 171 70 234 136 755 1 0 1 "Assault"
0 171 70 234 136 756 1 0 1 "Assault"
0 171 70 234 136 757 1 0 1 "Assault"
0 171 70 234 136 758 1 0 1 "Assault"
0 171 70 234 136 759 1 0 1 "Assault"
0 171 70 234 136 760 1 0 1 "Assault"
0 171 70 234 136 761 1 0 1 "Assault"
0 171 70 234 136 762 1 0 1 "Assault"
0 171 70 234 136 763 1 0 1 "Assault"
0 171 70 234 136 764 1 0 1 "Assault"
0 171 70 234 136 765 1 0 1 "Assault"
0 171 70 234 136 766 1 0 1 "Assault"
0 171 70 234 136 767 1 0 1 "Assault"
0 171 70 234 136 768 1 0 1 "Assault"
0 171 70 234 136 769 1 0 1 "Assault"
0 171 70 234 136 770 1 0 1 "Assault"
0 171 70 234 136 771 1 0 1 "Assault"
0 171 70 234 136 772 1 0 1 "Assault"
0 171 70 234 136 773 1 0 1 "Assault"
0 171 70 234 136 774 1 0 1 "Assault"
0 171 70 234 136 775 1 0 1 "Assault"
0 171 70 234 136 776 1 0 1 "Assault"
0 171 70 234 136 777 1 0 1 "Assault"
0 171 70 234 136 778 1 0 1 "Assault"
0 171 70 234 136 779 1 0 1 "Assault"
0 171 70 234 136 780 1 0 1 "Assault"
0 171 70 234 136 781 1 0 1 "Assault"
0 171 70 234 136 782 1 0 0 "Assault"
