0 170 84 230 228 0 1 0 0 "Assault"
0 170 84 230 228 1 1 0 1 "Assault"
0 170 84 230 228 2 1 0 1 "Assault"
0 170 84 230 228 3 1 0 1 "Assault"
0 170 84 230 228 4 1 0 1 "Assault"
0 170 84 230 228 5 1 0 1 "Assault"
0 170 84 230 228 6 1 0 1 "Assault"
0 170 84 230 228 7 1 0 1 "Assault"
0 170 84 230 228 8 1 0 1 "Assault"
0 170 84 230 228 9 1 0 1 "Assault"
0 170 84 230 228 10 1 0 1 "Assault"
0 170 84 230 228 11 1 0 1 "Assault"
0 170 84 230 228 12 1 0 1 "Assault"
0 170 84 230 228 13 1 0 1 "Assault"
0 170 84 230 228 14 1 0 1 "Assault"
0 170 84 230 228 15 1 0 1 "Assault"
0 170 84 230 228 16 1 0 1 "Assault"
0 170 84 230 228 17 1 0 1 "Assault"
0 170 84 230 228 18 1 0 1 "Assault"
0 170 84 230 228 19 1 0 1 "Assault"
0 170 84 230 228 20 1 0 1 "Assault"
0 170 84 230 228 21 1 0 1 "Assault"
0 170 84 230 228 22 1 0 1 "Assault"
0 170 84 230 228 23 1 0 1 "Assault"
0 170 84 230 228 24 1 0 1 "Assault"
0 170 84 230 228 25 1 0 1 "Assault"
0 170 84 230 228 26 1 0 1 "Assault"
0 170 84 230 228 27 1 0 1 "Assault"
0 170 84 230 228 28 1 0 1 "Assault"
0 170 84 230 228 29 1 0 1 "Assault"
0 170 84 230 228 30 1 0 1 "Assault"
0 170 84 230 228 31 1 0 1 "Assault"
0 170 84 230 228 32 1 0 1 "Assault"
0 170 84 230 228 33 1 0 1 "Assault"
0 170 84 230 228 34 1 0 1 "Assault"
0 170 84 230 228 35 1 0 1 "Assault"
0 170 84 230 228 36 1 0 1 "Assault"
0 170 84 230 228 37 1 0 1 "Assault"
0 170 84 230 228 38 1 0 1 "Assault"
0 170 84 230 228 39 1 0 1 "Assault"
0 170 84 230 228 40 1 0 1 "Assault"
0 170 84 230 228 41 1 0 1 "Assault"
0 170 84 230 228 42 1 0 1 "Assault"
0 170 84 230 228 43 1 0 1 "Assault"
0 170 84 230 228 44 1 0 1 "Assault"
0 170 84 230 228 45 1 0 1 "Assault"
0 170 84 230 228 46 1 0 1 "Assault"
0 170 84 230 228 47 1 0 1 "Assault"
0 170 84 230 228 48 1 0 1 "Assault"
0 170 84 230 228 49 1 0 1 "Assault"
0 170 84 230 228 50 1 0 1 "Assault"
0 170 84 230 228 51 1 0 1 "Assault"
0 170 84 230 228 52 1 0 1 "Assault"
0 170 84 230 228 53 1 0 1 "Assault"
0 170 84 230 228 54 1 0 1 "Assault"
0 170 84 230 228 55 1 0 1 "Assault"
0 170 84 230 228 56 1 0 1 "Assault"
0 170 84 230 228 57 1 0 1 "Assault"
0 170 84 230 228 58 1 0 1 "Assault"
0 170 84 230 228 59 1 0 1 "Assault"
0 170 84 230 228 60 1 0 1 "Assault"
0 170 84 230 228 61 1 0 1 "Assault"
0 170 84 230 228 62 1 0 1 "Assault"
0 170 84 230 228 63 1 0 1 "Assault"
0 170 84 230 228 64 1 0 1 "Assault"
0 170 84 230 228 65 1 0 1 "Assault"
0 170 84 230 228 66 1 0 1 "Assault"
0 170 84 230 228 67 1 0 1 "Assault"
0 170 84 230 228 68 1 0 1 "Assault"
0 170 84 230 228 69 1 0 1 "Assault"
0 170 84 230 228 70 1 0 1 "Assault"
0 170 84 230 228 71 1 0 1 "Assault"
0 170 84 230 228 72 1 0 1 "Assault"
0 170 84 230 228 73 1 0 1 "Assault"
0 170 84 230 228 74 1 0 1 "Assault"
0 170 84 230 228 75 1 0 1 "Assault"
0 170 84 230 228 76 1 0 1 "Assault"
0 170 84 230 228 77 1 0 1 "Assault"
0 170 84 230 228 78 1 0 1 "Assault"
0 170 84 230 228 79 1 0 1 "Assault"
0 170 84 230 228 80 1 0 1 "Assault"
0 170 84 230 228 81 1 0 1 "Assault"
0 170 84 230 228 82 1 0 1 "Assault"
0 170 84 230 228 83 1 0 1 "Assault"
0 170 84 230 228 84 1 0 1 "Assault"
0 170 84 230 228 85 1 0 1 "Assault"
0 170 84 230 228 86 1 0 1 "Assault"
0 170 84 230 228 87 1 0 1 "Assault"
0 170 84 230 228 88 1 0 1 "Assault"
0 170 84 230 228 89 1 0 1 "Assault"
0 170 84 230 228 90 1 0 1 "Assault"
0 170 84 230 228 91 1 0 1 "Assault"
0 170 84 230 228 92 1 0 1 "Assault"
0 170 84 230 228 93 1 0 1 "Assault"
0 170 84 230 228 94 1 0 1 "Assault"
0 170 84 230 228 95 1 0 1 "Assault"
0 170 84 230 228 96 1 0 1 "Assault"
0 170 84 230 228 97 1 0 1 "Assault"
0 170 84 230 228 98 1 0 1 "Assault"
0 170 84 230 228 99 1 0 1 "Assault"
0 170 84 230 228 100 1 0 1 "Assault"
0 170 84 230 228 101 1 0 1 "Assault"
0 170 84 230 228 102 1 0 1 "Assault"
0 170 84 230 228 103 1 0 1 "Assault"
0 170 84 230 228 104 1 0 1 "Assault"
0 170 84 230 228 105 1 0 1 "Assault"
0 170 84 230 228 106 1 0 1 "Assault"
0 170 84 230 228 107 1 0 1 "Assault"
0 170 84 230 228 108 1 0 1 "Assault"
0 170 84 230 228 109 1 0 1 "Assault"
0 170 84 230 228 110 1 0 1 "Assault"
0 170 84 230 228 111 1 0 1 "Assault"
0 170 84 230 228 112 1 0 1 "Assault"
0 170 84 230 228 113 1 0 1 "Assault"
0 170 84 230 228 114 1 0 1 "Assault"
0 170 84 230 228 115 1 0 1 "Assault"
0 170 84 230 228 116 1 0 1 "Assault"
0 170 84 230 228 117 0 0 0 "Assault"
0 170 84 230 227 118 0 0 1 "Assault"
0 170 84 231 227 119 0 0 1 "Assault"
0 170 84 232 227 120 0 0 1 "Assault"
0 170 84 233 227 121 0 0 1 "Assault"
0 170 84 233 227 122 0 0 1 "Assault"
0 170 84 234 227 123 0 0 1 "Assault"
0 170 84 235 227 124 0 0 1 "Assault"
0 170 84 236 227 125 0 0 1 "Assault"
0 170 84 237 227 126 0 0 1 "Assault"
0 170 84 237 227 127 0 0 1 "Assault"
0 170 84 238 227 128 0 0 1 "Assault"
0 170 84 239 227 129 0 0 1 "Assault"
0 170 84 240 227 130 0 0 1 "Assault"
0 170 84 241 227 131 0 0 1 "Assault"
0 170 84 241 227 132 0 0 1 "Assault"
0 170 84 242 227 133 0 0 1 "Assault"
0 170 84 243 227 134 0 0 1 "Assault"
0 170 84 244 227 135 0 0 1 "Assault"
0 170 84 245 227 136 0 0 0 "Assault"
0 168 84 244 227 137 0 0 1 "Assault"
0 167 85 244 228 138 0 0 1 "Assault"
0 166 86 244 229 139 0 0 1 "Assault"
0 165 86 244 230 140 0 0 1 "Assault"
0 164 87 244 231 141 0 0 1 "Assault"
0 163 88 244 232 142 0 0 1 "Assault"
0 162 89 244 233 143 0 0 1 "Assault"
0 160 89 243 233 144 0 0 1 "Assault"
0 159 90 243 234 145 0 0 1 "Assault"
0 158 91 243 235 146 0 0 1 "Assault"
0 157 91 243 236 147 0 0 1 "Assault"
0 156 92 243 237 148 0 0 1 "Assault"
0 155 93 243 238 149 0 0 1 "Assault"
0 154 94 243 239 150 0 0 0 "Assault"
0 154 96 243 239 151 0 0 1 "Assault"
0 155 98 244 239 152 0 0 1 "Assault"
0 156 100 245 239 153 0 0 1 "Assault"
0 157 102 246 239 154 0 0 1 "Assault"
0 158 104 247 239 155 0 0 1 "Assault"
0 159 106 248 239 156 0 0 1 "Assault"
0 160 108 249 239 157 0 0 1 "Assault"
0 161 110 249 239 158 0 0 1 "Assault"
0 162 112 250 239 159 0 0 1 "Assault"
0 163 114 251 239 160 0 0 1 "Assault"
0 164 116 252 239 161 0 0 1 "Assault"
0 165 118 253 239 162 0 0 1 "Assault"
0 166 120 254 239 163 0 0 1 "Assault"
0 167 122 255 239 164 0 0 0 "Assault"
0 166 122 254 239 165 0 0 1 "Assault"
0 166 122 254 239 166 0 0 1 "Assault"
0 166 122 254 239 167 0 0 1 "Assault"
0 165 122 253 239 168 0 0 1 "Assault"
0 165 122 253 239 169 0 0 1 "Assault"
0 165 122 253 239 170 0 0 1 "Assault"
0 164 122 252 239 171 0 0 1 "Assault"
0 164 122 252 239 172 0 0 1 "Assault"
0 164 122 252 239 173 0 0 1 "Assault"
0 163 122 251 239 174 0 0 1 "Assault"
0 163 122 251 239 175 0 0 1 "Assault"
0 163 122 251 239 176 0 0 1 "Assault"
0 162 122 250 239 177 0 0 1 "Assault"
0 162 122 250 239 178 0 0 1 "Assault"
0 162 122 250 239 179 0 0 1 "Assault"
0 161 122 249 239 180 0 0 1 "Assault"
0 161 122 249 239 181 0 0 1 "Assault"
0 161 122 249 239 182 0 0 1 "Assault"
0 161 123 249 239 183 0 0 0 "Assault"
0 160 123 248 239 184 0 0 1 "Assault"
0 159 123 247 239 185 0 0 1 "Assault"
0 158 123 246 239 186 0 0 1 "Assault"
0 158 123 246 239 187 0 0 1 "Assault"
0 157 123 245 239 188 0 0 1 "Assault"
0 156 123 244 239 189 0 0 1 "Assault"
0 156 123 244 239 190 0 0 1 "Assault"
0 155 123 243 239 191 0 0 1 "Assault"
0 154 123 242 239 192 0 0 1 "Assault"
0 153 123 241 239 193 0 0 1 "Assault"
0 153 123 241 239 194 0 0 1 "Assault"
0 152 123 240 239 195 0 0 1 "Assault"
0 151 123 239 239 196 0 0 1 "Assault"
0 151 123 239 239 197 0 0 1 "Assault"
0 150 123 238 239 198 0 0 1 "Assault"
0 149 123 237 239 199 0 0 1 "Assault"
0 148 123 236 239 200 0 0 1 "Assault"
0 148 123 236 239 201 0 0 1 "Assault"
0 147 123 235 239 202 0 0 1 "Assault"
0 146 123 234 239 203 0 0 1 "Assault"
0 146 123 234 239 204 0 0 1 "Assault"
0 145 123 233 239 205 0 0 1 "Assault"
0 144 123 232 239 206 0 0 1 "Assault"
0 144 123 232 239 207 0 0 0 "Assault"
0 142 123 230 239 208 0 0 1 "Assault"
0 140 123 228 239 209 0 0 1 "Assault"
0 139 123 227 239 210 0 0 1 "Assault"
0 137 123 225 239 211 0 0 1 "Assault"
0 136 123 224 239 212 0 0 1 "Assault"
0 134 124 222 239 213 0 0 1 "Assault"
0 133 124 221 239 214 0 0 1 "Assault"
0 131 124 219 239 215 0 0 1 "Assault"
0 130 124 218 239 216 0 0 1 "Assault"
0 128 124 216 239 217 0 0 1 "Assault"
0 127 124 215 239 218 0 0 1 "Assault"
0 125 125 213 239 219 0 0 1 "Assault"
0 124 125 212 239 220 0 0 1 "Assault"
0 122 125 210 239 221 0 0 1 "Assault"
0 121 125 209 239 222 0 0 1 "Assault"
0 119 125 207 239 223 0 0 1 "Assault"
0 118 126 206 239 224 0 0 0 "Assault"
0 116 129 204 239 225 0 0 1 "Assault"
0 115 132 203 239 226 0 0 1 "Assault"
0 114 135 202 239 227 0 0 1 "Assault"
0 113 139 200 239 228 0 0 1 "Assault"
0 111 142 199 239 229 0 0 1 "Assault"
0 110 145 198 239 230 0 0 1 "Assault"
0 109 148 197 239 231 0 0 1 "Assault"
0 108 152 195 239 232 0 0 1 "Assault"
0 107 155 194 239 233 0 0 1 "Assault"
0 105 158 193 239 234 0 0 1 "Assault"
0 104 162 191 239 235 0 0 1 "Assault"
0 103 165 190 239 236 0 0 1 "Assault"
0 102 168 189 239 237 0 0 1 "Assault"
0 100 171 188 239 238 0 0 1 "Assault"
0 99 175 186 239 239 0 0 1 "Assault"
0 98 178 185 239 240 0 0 1 "Assault"
0 97 181 184 239 241 0 0 1 "Assault"
0 96 185 183 239 242 1 0 0 "Assault"
0 96 185 183 239 243 1 0 1 "Assault"
0 96 185 183 239 244 1 0 1 "Assault"
0 96 185 183 239 245 1 0 1 "Assault"
0 96 185 183 239 246 1 0 1 "Assault"
0 96 185 183 239 247 1 0 1 "Assault"
0 96 185 183 239 248 1 0 1 "Assault"
0 96 185 183 239 249 1 0 1 "Assault"
0 96 185 183 239 250 1 0 1 "Assault"
0 96 185 183 239 251 1 0 1 "Assault"
0 96 185 183 239 252 1 0 1 "Assault"
0 96 185 183 239 253 1 0 0 "Assault"
0 96 185 183 239 254 1 0 1 "Assault"
0 96 185 183 239 255 1 0 1 "Assault"
0 96 185 183 239 256 1 0 1 "Assault"
0 96 185 183 239 257 1 0 1 "Assault"
0 96 185 183 239 258 1 0 1 "Assault"
0 96 185 183 239 259 1 0 1 "Assault"
0 96 185 183 239 260 1 0 1 "Assault"
0 96 185 183 239 261 1 0 1 "Assault"
0 96 185 183 239 262 1 0 1 "Assault"
0 96 185 183 239 263 1 0 1 "Assault"
0 96 185 183 239 264 1 0 1 "Assault"
0 96 185 183 239 265 1 0 1 "Assault"
0 96 185 183 239 266 1 0 1 "Assault"
0 96 185 183 239 267 1 0 1 "Assault"
0 96 185 183 239 268 1 0 1 "Assault"
0 96 185 183 239 269 1 0 1 "Assault"
0 96 185 183 239 270 1 0 1 "Assault"
0 96 185 183 239 271 1 0 1 "Assault"
0 96 185 183 239 272 1 0 1 "Assault"
0 96 185 183 239 273 1 0 1 "Assault"
0 96 185 183 239 274 1 0 1 "Assault"
0 96 185 183 239 275 1 0 1 "Assault"
0 96 185 183 239 276 1 0 1 "Assault"
0 96 185 183 239 277 1 0 1 "Assault"
0 96 185 183 239 278 1 0 1 "Assault"
0 96 185 183 239 279 1 0 1 "Assault"
0 96 185 183 239 280 1 0 1 "Assault"
0 96 185 183 239 281 1 0 1 "Assault"
0 96 185 183 239 282 1 0 1 "Assault"
0 96 185 183 239 283 1 0 1 "Assault"
0 96 185 183 239 284 1 0 1 "Assault"
0 96 185 183 239 285 1 0 1 "Assault"
0 96 185 183 239 286 1 0 1 "Assault"
0 96 185 183 239 287 1 0 1 "Assault"
0 96 185 183 239 288 1 0 1 "Assault"
0 96 185 183 239 289 1 0 1 "Assault"
0 96 185 183 239 290 1 0 1 "Assault"
0 96 185 183 239 291 1 0 1 "Assault"
0 96 185 183 239 292 1 0 1 "Assault"
0 96 185 183 239 293 1 0 1 "Assault"
0 96 185 183 239 294 1 0 0 "Assault"
