0 153 95 193 196 0 1 0 0 "Assault"
0 153 95 193 196 1 1 0 1 "Assault"
0 153 95 193 196 2 1 0 1 "Assault"
0 153 95 193 196 3 1 0 1 "Assault"
0 153 95 193 196 4 1 0 1 "Assault"
0 153 95 193 196 5 1 0 1 "Assault"
0 153 95 193 196 6 1 0 1 "Assault"
0 153 95 193 196 7 1 0 1 "Assault"
0 153 95 193 196 8 1 0 1 "Assault"
0 153 95 193 196 9 1 0 1 "Assault"
0 153 95 193 196 10 1 0 1 "Assault"
0 153 95 193 196 11 1 0 1 "Assault"
0 153 95 193 196 12 1 0 1 "Assault"
0 153 95 193 196 13 1 0 1 "Assault"
0 153 95 193 196 14 1 0 1 "Assault"
0 153 95 193 196 15 1 0 1 "Assault"
0 153 95 193 196 16 1 0 1 "Assault"
0 153 95 193 196 17 1 0 1 "Assault"
0 153 95 193 196 18 1 0 1 "Assault"
0 153 95 193 196 19 1 0 1 "Assault"
0 153 95 193 196 20 1 0 1 "Assault"
0 153 95 193 196 21 1 0 1 "Assault"
0 153 95 193 196 22 1 0 1 "Assault"
0 153 95 193 196 23 1 0 1 "Assault"
0 153 95 193 196 24 1 0 1 "Assault"
0 153 95 193 196 25 1 0 1 "Assault"
0 153 95 193 196 26 1 0 1 "Assault"
0 153 95 193 196 27 1 0 1 "Assault"
0 153 95 193 196 28 1 0 1 "Assault"
0 153 95 193 196 29 1 0 1 "Assault"
0 153 95 193 196 30 1 0 1 "Assault"
0 153 95 193 196 31 1 0 1 "Assault"
0 153 95 193 196 32 1 0 1 "Assault"
0 153 95 193 196 33 1 0 1 "Assault"
0 153 95 193 196 34 1 0 1 "Assault"
0 153 95 193 196 35 1 0 1 "Assault"
0 153 95 193 196 36 1 0 1 "Assault"
0 153 95 193 196 37 1 0 1 "Assault"
0 153 95 193 196 38 1 0 1 "Assault"
0 153 95 193 196 39 1 0 1 "Assault"
0 153 95 193 196 40 1 0 1 "Assault"
0 153 95 193 196 41 1 0 1 "Assault"
0 153 95 193 196 42 1 0 1 "Assault"
0 153 95 193 196 43 1 0 1 "Assault"
0 153 95 193 196 44 1 0 1 "Assault"
0 153 95 193 196 45 1 0 1 "Assault"
0 153 95 193 196 46 1 0 1 "Assault"
0 153 95 193 196 47 1 0 1 "Assault"
0 153 95 193 196 48 1 0 1 "Assault"
0 153 95 193 196 49 1 0 1 "Assault"
0 153 95 193 196 50 1 0 1 "Assault"
0 153 95 193 196 51 1 0 1 "Assault"
0 153 95 193 196 52 1 0 1 "Assault"
0 153 95 193 196 53 1 0 1 "Assault"
0 153 95 193 196 54 1 0 1 "Assault"
0 153 95 193 196 55 1 0 1 "Assault"
0 153 95 193 196 56 1 0 1 "Assault"
0 153 95 193 196 57 1 0 1 "Assault"
0 153 95 193 196 58 1 0 1 "Assault"
0 153 95 193 196 59 1 0 1 "Assault"
0 153 95 193 196 60 1 0 1 "Assault"
0 153 95 193 196 61 1 0 1 "Assault"
0 153 95 193 196 62 1 0 1 "Assault"
0 153 95 193 196 63 1 0 1 "Assault"
0 153 95 193 196 64 1 0 1 "Assault"
0 153 95 193 196 65 1 0 1 "Assault"
0 153 95 193 196 66 1 0 1 "Assault"
0 153 95 193 196 67 1 0 1 "Assault"
0 153 95 193 196 68 1 0 1 "Assault"
0 153 95 193 196 69 1 0 1 "Assault"
0 153 95 193 196 70 1 0 1 "Assault"
0 153 95 193 196 71 1 0 1 "Assault"
0 153 95 193 196 72 1 0 1 "Assault"
0 153 95 193 196 73 1 0 1 "Assault"
0 153 95 193 196 74 1 0 1 "Assault"
0 153 95 193 196 75 1 0 1 "Assault"
0 153 95 193 196 76 1 0 1 "Assault"
0 153 95 193 196 77 1 0 1 "Assault"
0 153 95 193 196 78 1 0 1 "Assault"
0 153 95 193 196 79 1 0 1 "Assault"
0 153 95 193 196 80 1 0 1 "Assault"
0 153 95 193 196 81 1 0 1 "Assault"
0 153 95 193 196 82 1 0 1 "Assault"
0 153 95 193 196 83 1 0 1 "Assault"
0 153 95 193 196 84 1 0 1 "Assault"
0 153 95 193 196 85 1 0 1 "Assault"
0 153 95 193 196 86 1 0 1 "Assault"
0 153 95 193 196 87 1 0 1 "Assault"
0 153 95 193 196 88 1 0 1 "Assault"
0 153 95 193 196 89 1 0 1 "Assault"
0 153 95 193 196 90 1 0 1 "Assault"
0 153 95 193 196 91 1 0 1 "Assault"
0 153 95 193 196 92 1 0 1 "Assault"
0 153 95 193 196 93 1 0 1 "Assault"
0 153 95 193 196 94 1 0 1 "Assault"
0 153 95 193 196 95 1 0 1 "Assault"
0 153 95 193 196 96 1 0 1 "Assault"
0 153 95 193 196 97 1 0 1 "Assault"
0 153 95 193 196 98 1 0 1 "Assault"
0 153 95 193 196 99 1 0 1 "Assault"
0 153 95 193 196 100 1 0 1 "Assault"
0 153 95 193 196 101 1 0 1 "Assault"
0 153 95 193 196 102 1 0 1 "Assault"
0 153 95 193 196 103 1 0 1 "Assault"
0 153 95 193 196 104 1 0 1 "Assault"
0 153 95 193 196 105 1 0 1 "Assault"
0 153 95 193 196 106 1 0 1 "Assault"
0 153 95 193 196 107 1 0 1 "Assault"
0 153 95 193 196 108 1 0 1 "Assault"
0 153 95 193 196 109 1 0 1 "Assault"
0 153 95 193 196 110 1 0 1 "Assault"
0 153 95 193 196 111 1 0 1 "Assault"
0 153 95 193 196 112 1 0 1 "Assault"
0 153 95 193 196 113 1 0 1 "Assault"
0 153 95 193 196 114 1 0 1 "Assault"
0 153 95 193 196 115 1 0 1 "Assault"
0 153 95 193 196 116 1 0 1 "Assault"
0 153 95 193 196 117 1 0 1 "Assault"
0 153 95 193 196 118 1 0 1 "Assault"
0 153 95 193 196 119 1 0 1 "Assault"
0 153 95 193 196 120 1 0 1 "Assault"
0 153 95 193 196 121 1 0 1 "Assault"
0 153 95 193 196 122 1 0 1 "Assault"
0 153 95 193 196 123 1 0 1 "Assault"
0 153 95 193 196 124 1 0 1 "Assault"
0 153 95 193 196 125 1 0 1 "Assault"
0 153 95 193 196 126 1 0 1 "Assault"
0 153 95 193 196 127 1 0 1 "Assault"
0 153 95 193 196 128 1 0 1 "Assault"
0 153 95 193 196 129 1 0 1 "Assault"
0 153 95 193 196 130 1 0 1 "Assault"
0 153 95 193 196 131 1 0 1 "Assault"
0 153 95 193 196 132 1 0 1 "Assault"
0 153 95 193 196 133 1 0 1 "Assault"
0 153 95 193 196 134 1 0 1 "Assault"
0 153 95 193 196 135 1 0 1 "Assault"
0 153 95 193 196 136 1 0 1 "Assault"
0 153 95 193 196 137 1 0 1 "Assault"
0 153 95 193 196 138 1 0 1 "Assault"
0 153 95 193 196 139 1 0 1 "Assault"
0 153 95 193 196 140 1 0 1 "Assault"
0 153 95 193 196 141 1 0 1 "Assault"
0 153 95 193 196 142 1 0 1 "Assault"
0 153 95 193 196 143 1 0 1 "Assault"
0 153 95 193 196 144 1 0 1 "Assault"
0 153 95 193 196 145 1 0 1 "Assault"
0 153 95 193 196 146 1 0 1 "Assault"
0 153 95 193 196 147 1 0 1 "Assault"
0 153 95 193 196 148 1 0 1 "Assault"
0 153 95 193 196 149 1 0 1 "Assault"
0 153 95 193 196 150 1 0 1 "Assault"
0 153 95 193 196 151 1 0 1 "Assault"
0 153 95 193 196 152 1 0 1 "Assault"
0 153 95 193 196 153 1 0 1 "Assault"
0 153 95 193 196 154 1 0 1 "Assault"
0 153 95 193 196 155 1 0 1 "Assault"
0 153 95 193 196 156 1 0 1 "Assault"
0 153 95 193 196 157 1 0 1 "Assault"
0 153 95 193 196 158 1 0 1 "Assault"
0 153 95 193 196 159 1 0 1 "Assault"
0 153 95 193 196 160 1 0 1 "Assault"
0 153 95 193 196 161 1 0 1 "Assault"
0 153 95 193 196 162 1 0 1 "Assault"
0 153 95 193 196 163 1 0 1 "Assault"
0 153 95 193 196 164 1 0 1 "Assault"
0 153 95 193 196 165 1 0 1 "Assault"
0 153 95 193 196 166 1 0 1 "Assault"
0 153 95 193 196 167 1 0 1 "Assault"
0 153 95 193 196 168 1 0 1 "Assault"
0 153 95 193 196 169 1 0 1 "Assault"
0 153 95 193 196 170 1 0 1 "Assault"
0 153 95 193 196 171 1 0 1 "Assault"
0 153 95 193 196 172 1 0 1 "Assault"
0 153 95 193 196 173 1 0 1 "Assault"
0 153 95 193 196 174 1 0 1 "Assault"
0 153 95 193 196 175 1 0 1 "Assault"
0 153 95 193 196 176 1 0 1 "Assault"
0 153 95 193 196 177 1 0 1 "Assault"
0 153 95 193 196 178 1 0 1 "Assault"
0 153 95 193 196 179 1 0 1 "Assault"
0 153 95 193 196 180 1 0 1 "Assault"
0 153 95 193 196 181 1 0 1 "Assault"
0 153 95 193 196 182 1 0 1 "Assault"
0 153 95 193 196 183 1 0 1 "Assault"
0 153 95 193 196 184 1 0 1 "Assault"
0 153 95 193 196 185 1 0 1 "Assault"
0 153 95 193 196 186 1 0 1 "Assault"
0 153 95 193 196 187 1 0 1 "Assault"
0 153 95 193 196 188 1 0 1 "Assault"
0 153 95 193 196 189 1 0 1 "Assault"
0 153 95 193 196 190 1 0 1 "Assault"
0 153 95 193 196 191 1 0 1 "Assault"
0 153 95 193 196 192 1 0 1 "Assault"
0 153 95 193 196 193 1 0 1 "Assault"
0 153 95 193 196 194 1 0 1 "Assault"
0 153 95 193 196 195 1 0 1 "Assault"
0 153 95 193 196 196 1 0 1 "Assault"
0 153 95 193 196 197 1 0 1 "Assault"
0 153 95 193 196 198 1 0 1 "Assault"
0 153 95 193 196 199 1 0 1 "Assault"
0 153 95 193 196 200 1 0 1 "Assault"
0 153 95 193 196 201 1 0 1 "Assault"
0 153 95 193 196 202 1 0 1 "Assault"
0 153 95 193 196 203 1 0 1 "Assault"
0 153 95 193 196 204 1 0 1 "Assault"
0 153 95 193 196 205 1 0 1 "Assault"
0 153 95 193 196 206 1 0 1 "Assault"
0 153 95 193 196 207 1 0 1 "Assault"
0 153 95 193 196 208 1 0 1 "Assault"
0 153 95 193 196 209 1 0 1 "Assault"
0 153 95 193 196 210 1 0 1 "Assault"
0 153 95 193 196 211 1 0 1 "Assault"
0 153 95 193 196 212 1 0 1 "Assault"
0 153 95 193 196 213 1 0 1 "Assault"
0 153 95 193 196 214 1 0 1 "Assault"
0 153 95 193 196 215 1 0 1 "Assault"
0 153 95 193 196 216 1 0 1 "Assault"
0 153 95 193 196 217 1 0 1 "Assault"
0 153 95 193 196 218 1 0 1 "Assault"
0 153 95 193 196 219 1 0 1 "Assault"
0 153 95 193 196 220 1 0 1 "Assault"
0 153 95 193 196 221 1 0 1 "Assault"
0 153 95 193 196 222 1 0 1 "Assault"
0 153 95 193 196 223 1 0 1 "Assault"
0 153 95 193 196 224 1 0 1 "Assault"
0 153 95 193 196 225 1 0 1 "Assault"
0 153 95 193 196 226 1 0 1 "Assault"
0 153 95 193 196 227 1 0 1 "Assault"
0 153 95 193 196 228 1 0 1 "Assault"
0 153 95 193 196 229 1 0 1 "Assault"
0 153 95 193 196 230 1 0 1 "Assault"
0 153 95 193 196 231 1 0 1 "Assault"
0 153 95 193 196 232 1 0 1 "Assault"
0 153 95 193 196 233 1 0 1 "Assault"
0 153 95 193 196 234 1 0 1 "Assault"
0 153 95 193 196 235 1 0 1 "Assault"
0 153 95 193 196 236 1 0 1 "Assault"
0 153 95 193 196 237 1 0 1 "Assault"
0 153 95 193 196 238 1 0 1 "Assault"
0 153 95 193 196 239 1 0 1 "Assault"
0 153 95 193 196 240 1 0 1 "Assault"
0 153 95 193 196 241 1 0 1 "Assault"
0 153 95 193 196 242 1 0 1 "Assault"
0 153 95 193 196 243 1 0 1 "Assault"
0 153 95 193 196 244 1 0 1 "Assault"
0 153 95 193 196 245 1 0 1 "Assault"
0 153 95 193 196 246 1 0 1 "Assault"
0 153 95 193 196 247 1 0 1 "Assault"
0 153 95 193 196 248 1 0 1 "Assault"
0 153 95 193 196 249 1 0 1 "Assault"
0 153 95 193 196 250 1 0 1 "Assault"
0 153 95 193 196 251 1 0 1 "Assault"
0 153 95 193 196 252 1 0 1 "Assault"
0 153 95 193 196 253 1 0 1 "Assault"
0 153 95 193 196 254 1 0 1 "Assault"
0 153 95 193 196 255 1 0 1 "Assault"
0 153 95 193 196 256 1 0 1 "Assault"
0 153 95 193 196 257 1 0 1 "Assault"
0 153 95 193 196 258 1 0 1 "Assault"
0 153 95 193 196 259 1 0 1 "Assault"
0 153 95 193 196 260 1 0 1 "Assault"
0 153 95 193 196 261 1 0 1 "Assault"
0 153 95 193 196 262 1 0 1 "Assault"
0 153 95 193 196 263 1 0 1 "Assault"
0 153 95 193 196 264 1 0 1 "Assault"
0 153 95 193 196 265 1 0 1 "Assault"
0 153 95 193 196 266 1 0 1 "Assault"
0 153 95 193 196 267 1 0 1 "Assault"
0 153 95 193 196 268 1 0 1 "Assault"
0 153 95 193 196 269 1 0 1 "Assault"
0 153 95 193 196 270 1 0 1 "Assault"
0 153 95 193 196 271 1 0 1 "Assault"
0 153 95 193 196 272 1 0 1 "Assault"
0 153 95 193 196 273 1 0 1 "Assault"
0 153 95 193 196 274 1 0 1 "Assault"
0 153 95 193 196 275 1 0 1 "Assault"
0 153 95 193 196 276 1 0 1 "Assault"
0 153 95 193 196 277 1 0 1 "Assault"
0 153 95 193 196 278 1 0 1 "Assault"
0 153 95 193 196 279 1 0 1 "Assault"
0 153 95 193 196 280 1 0 1 "Assault"
0 153 95 193 196 281 1 0 1 "Assault"
0 153 95 193 196 282 1 0 1 "Assault"
0 153 95 193 196 283 1 0 1 "Assault"
0 153 95 193 196 284 1 0 1 "Assault"
0 153 95 193 196 285 1 0 1 "Assault"
0 153 95 193 196 286 1 0 1 "Assault"
0 153 95 193 196 287 1 0 1 "Assault"
0 153 95 193 196 288 1 0 1 "Assault"
0 153 95 193 196 289 1 0 1 "Assault"
0 153 95 193 196 290 1 0 1 "Assault"
0 153 95 193 196 291 1 0 1 "Assault"
0 153 95 193 196 292 1 0 1 "Assault"
0 153 95 193 196 293 1 0 1 "Assault"
0 153 95 193 196 294 1 0 1 "Assault"
0 153 95 193 196 295 1 0 1 "Assault"
0 153 95 193 196 296 1 0 1 "Assault"
0 153 95 193 196 297 1 0 1 "Assault"
0 153 95 193 196 298 1 0 1 "Assault"
0 153 95 193 196 299 1 0 1 "Assault"
0 153 95 193 196 300 1 0 1 "Assault"
0 153 95 193 196 301 1 0 1 "Assault"
0 153 95 193 196 302 1 0 1 "Assault"
0 153 95 193 196 303 1 0 1 "Assault"
0 153 95 193 196 304 1 0 1 "Assault"
0 153 95 193 196 305 1 0 1 "Assault"
0 153 95 193 196 306 1 0 1 "Assault"
0 153 95 193 196 307 1 0 1 "Assault"
0 153 95 193 196 308 1 0 1 "Assault"
0 153 95 193 196 309 1 0 1 "Assault"
0 153 95 193 196 310 1 0 1 "Assault"
0 153 95 193 196 311 1 0 1 "Assault"
0 153 95 193 196 312 1 0 1 "Assault"
0 153 95 193 196 313 1 0 1 "Assault"
0 153 95 193 196 314 1 0 1 "Assault"
0 153 95 193 196 315 1 0 1 "Assault"
0 153 95 193 196 316 1 0 1 "Assault"
0 153 95 193 196 317 1 0 1 "Assault"
0 153 95 193 196 318 1 0 1 "Assault"
0 153 95 193 196 319 1 0 1 "Assault"
0 153 95 193 196 320 1 0 1 "Assault"
0 153 95 193 196 321 1 0 1 "Assault"
0 153 95 193 196 322 1 0 1 "Assault"
0 153 95 193 196 323 1 0 1 "Assault"
0 153 95 193 196 324 1 0 1 "Assault"
0 153 95 193 196 325 1 0 1 "Assault"
0 153 95 193 196 326 1 0 1 "Assault"
0 153 95 193 196 327 1 0 1 "Assault"
0 153 95 193 196 328 1 0 1 "Assault"
0 153 95 193 196 329 1 0 1 "Assault"
0 153 95 193 196 330 1 0 1 "Assault"
0 153 95 193 196 331 1 0 1 "Assault"
0 153 95 193 196 332 1 0 1 "Assault"
0 153 95 193 196 333 1 0 1 "Assault"
0 153 95 193 196 334 1 0 1 "Assault"
0 153 95 193 196 335 1 0 1 "Assault"
0 153 95 193 196 336 1 0 1 "Assault"
0 153 95 193 196 337 1 0 1 "Assault"
0 153 95 193 196 338 1 0 1 "Assault"
0 153 95 193 196 339 1 0 1 "Assault"
0 153 95 193 196 340 1 0 1 "Assault"
0 153 95 193 196 341 1 0 1 "Assault"
0 153 95 193 196 342 1 0 1 "Assault"
0 153 95 193 196 343 1 0 1 "Assault"
0 153 95 193 196 344 1 0 1 "Assault"
0 153 95 193 196 345 1 0 1 "Assault"
0 153 95 193 196 346 1 0 1 "Assault"
0 153 95 193 196 347 1 0 1 "Assault"
0 153 95 193 196 348 1 0 1 "Assault"
0 153 95 193 196 349 1 0 1 "Assault"
0 153 95 193 196 350 1 0 1 "Assault"
0 153 95 193 196 351 1 0 1 "Assault"
0 153 95 193 196 352 1 0 1 "Assault"
0 153 95 193 196 353 1 0 1 "Assault"
0 153 95 193 196 354 1 0 1 "Assault"
0 153 95 193 196 355 1 0 1 "Assault"
0 153 95 193 196 356 1 0 1 "Assault"
0 153 95 193 196 357 1 0 1 "Assault"
0 153 95 193 196 358 1 0 1 "Assault"
0 153 95 193 196 359 1 0 1 "Assault"
0 153 95 193 196 360 1 0 1 "Assault"
0 153 95 193 196 361 1 0 1 "Assault"
0 153 95 193 196 362 1 0 1 "Assault"
0 153 95 193 196 363 1 0 1 "Assault"
0 153 95 193 196 364 1 0 1 "Assault"
0 153 95 193 196 365 1 0 1 "Assault"
0 153 95 193 196 366 1 0 1 "Assault"
0 153 95 193 196 367 1 0 1 "Assault"
0 153 95 193 196 368 1 0 1 "Assault"
0 153 95 193 196 369 1 0 1 "Assault"
0 153 95 193 196 370 1 0 1 "Assault"
0 153 95 193 196 371 1 0 1 "Assault"
0 153 95 193 196 372 1 0 1 "Assault"
0 153 95 193 196 373 1 0 1 "Assault"
0 153 95 193 196 374 1 0 1 "Assault"
0 153 95 193 196 375 1 0 1 "Assault"
0 153 95 193 196 376 1 0 1 "Assault"
0 153 95 193 196 377 1 0 1 "Assault"
0 153 95 193 196 378 1 0 1 "Assault"
0 153 95 193 196 379 1 0 1 "Assault"
0 153 95 193 196 380 1 0 1 "Assault"
0 153 95 193 196 381 1 0 1 "Assault"
0 153 95 193 196 382 1 0 1 "Assault"
0 153 95 193 196 383 1 0 1 "Assault"
0 153 95 193 196 384 1 0 1 "Assault"
0 153 95 193 196 385 1 0 1 "Assault"
0 153 95 193 196 386 1 0 1 "Assault"
0 153 95 193 196 387 1 0 1 "Assault"
0 153 95 193 196 388 1 0 1 "Assault"
0 153 95 193 196 389 1 0 1 "Assault"
0 153 95 193 196 390 1 0 1 "Assault"
0 153 95 193 196 391 1 0 1 "Assault"
0 153 95 193 196 392 1 0 1 "Assault"
0 153 95 193 196 393 1 0 1 "Assault"
0 153 95 193 196 394 1 0 1 "Assault"
0 153 95 193 196 395 1 0 1 "Assault"
0 153 95 193 196 396 1 0 1 "Assault"
0 153 95 193 196 397 1 0 1 "Assault"
0 153 95 193 196 398 1 0 1 "Assault"
0 153 95 193 196 399 1 0 1 "Assault"
0 153 95 193 196 400 1 0 1 "Assault"
0 153 95 193 196 401 1 0 1 "Assault"
0 153 95 193 196 402 1 0 1 "Assault"
0 153 95 193 196 403 1 0 1 "Assault"
0 153 95 193 196 404 1 0 1 "Assault"
0 153 95 193 196 405 1 0 1 "Assault"
0 153 95 193 196 406 1 0 1 "Assault"
0 153 95 193 196 407 1 0 1 "Assault"
0 153 95 193 196 408 1 0 1 "Assault"
0 153 95 193 196 409 1 0 1 "Assault"
0 153 95 193 196 410 1 0 1 "Assault"
0 153 95 193 196 411 1 0 1 "Assault"
0 153 95 193 196 412 1 0 1 "Assault"
0 153 95 193 196 413 1 0 1 "Assault"
0 153 95 193 196 414 1 0 1 "Assault"
0 153 95 193 196 415 1 0 1 "Assault"
0 153 95 193 196 416 1 0 1 "Assault"
0 153 95 193 196 417 1 0 1 "Assault"
0 153 95 193 196 418 1 0 1 "Assault"
0 153 95 193 196 419 1 0 1 "Assault"
0 153 95 193 196 420 1 0 1 "Assault"
0 153 95 193 196 421 1 0 1 "Assault"
0 153 95 193 196 422 1 0 1 "Assault"
0 153 95 193 196 423 1 0 1 "Assault"
0 153 95 193 196 424 1 0 1 "Assault"
0 153 95 193 196 425 1 0 1 "Assault"
0 153 95 193 196 426 1 0 1 "Assault"
0 153 95 193 196 427 1 0 1 "Assault"
0 153 95 193 196 428 1 0 1 "Assault"
0 153 95 193 196 429 1 0 1 "Assault"
0 153 95 193 196 430 1 0 1 "Assault"
0 153 95 193 196 431 1 0 1 "Assault"
0 153 95 193 196 432 1 0 1 "Assault"
0 153 95 193 196 433 1 0 1 "Assault"
0 153 95 193 196 434 1 0 1 "Assault"
0 153 95 193 196 435 1 0 1 "Assault"
0 153 95 193 196 436 1 0 1 "Assault"
0 153 95 193 196 437 1 0 1 "Assault"
0 153 95 193 196 438 1 0 1 "Assault"
0 153 95 193 196 439 1 0 1 "Assault"
0 153 95 193 196 440 1 0 1 "Assault"
0 153 95 193 196 441 1 0 1 "Assault"
0 153 95 193 196 442 1 0 1 "Assault"
0 153 95 193 196 443 1 0 1 "Assault"
0 153 95 193 196 444 1 0 1 "Assault"
0 153 95 193 196 445 1 0 1 "Assault"
0 153 95 193 196 446 1 0 1 "Assault"
0 153 95 193 196 447 1 0 1 "Assault"
0 153 95 193 196 448 1 0 1 "Assault"
0 153 95 193 196 449 1 0 1 "Assault"
0 153 95 193 196 450 1 0 1 "Assault"
0 153 95 193 196 451 1 0 1 "Assault"
0 153 95 193 196 452 1 0 1 "Assault"
0 153 95 193 196 453 1 0 1 "Assault"
0 153 95 193 196 454 1 0 1 "Assault"
0 153 95 193 196 455 1 0 1 "Assault"
0 153 95 193 196 456 1 0 1 "Assault"
0 153 95 193 196 457 1 0 1 "Assault"
0 153 95 193 196 458 1 0 1 "Assault"
0 153 95 193 196 459 1 0 1 "Assault"
0 153 95 193 196 460 1 0 1 "Assault"
0 153 95 193 196 461 1 0 1 "Assault"
0 153 95 193 196 462 1 0 1 "Assault"
0 153 95 193 196 463 1 0 1 "Assault"
0 153 95 193 196 464 1 0 1 "Assault"
0 153 95 193 196 465 1 0 1 "Assault"
0 153 95 193 196 466 1 0 1 "Assault"
0 153 95 193 196 467 1 0 1 "Assault"
0 153 95 193 196 468 1 0 1 "Assault"
0 153 95 193 196 469 1 0 1 "Assault"
0 153 95 193 196 470 1 0 1 "Assault"
0 153 95 193 196 471 1 0 1 "Assault"
0 153 95 193 196 472 1 0 1 "Assault"
0 153 95 193 196 473 1 0 1 "Assault"
0 153 95 193 196 474 1 0 1 "Assault"
0 153 95 193 196 475 1 0 1 "Assault"
0 153 95 193 196 476 1 0 1 "Assault"
0 153 95 193 196 477 1 0 1 "Assault"
0 153 95 193 196 478 1 0 1 "Assault"
0 153 95 193 196 479 1 0 1 "Assault"
0 153 95 193 196 480 1 0 1 "Assault"
0 153 95 193 196 481 1 0 1 "Assault"
0 153 95 193 196 482 1 0 1 "Assault"
0 153 95 193 196 483 1 0 1 "Assault"
0 153 95 193 196 484 1 0 1 "Assault"
0 153 95 193 196 485 1 0 1 "Assault"
0 153 95 193 196 486 1 0 1 "Assault"
0 153 95 193 196 487 1 0 1 "Assault"
0 153 95 193 196 488 1 0 1 "Assault"
0 153 95 193 196 489 1 0 1 "Assault"
0 153 95 193 196 490 1 0 1 "Assault"
0 153 95 193 196 491 1 0 1 "Assault"
0 153 95 193 196 492 1 0 1 "Assault"
0 153 95 193 196 493 1 0 1 "Assault"
0 153 95 193 196 494 1 0 1 "Assault"
0 153 95 193 196 495 1 0 1 "Assault"
0 153 95 193 196 496 1 0 1 "Assault"
0 153 95 193 196 497 1 0 1 "Assault"
0 153 95 193 196 498 1 0 1 "Assault"
0 153 95 193 196 499 1 0 1 "Assault"
0 153 95 193 196 500 1 0 1 "Assault"
0 153 95 193 196 501 1 0 1 "Assault"
0 153 95 193 196 502 1 0 1 "Assault"
0 153 95 193 196 503 1 0 1 "Assault"
0 153 95 193 196 504 1 0 1 "Assault"
0 153 95 193 196 505 1 0 1 "Assault"
0 153 95 193 196 506 1 0 1 "Assault"
0 153 95 193 196 507 1 0 1 "Assault"
0 153 95 193 196 508 1 0 1 "Assault"
0 153 95 193 196 509 1 0 1 "Assault"
0 153 95 193 196 510 1 0 1 "Assault"
0 153 95 193 196 511 1 0 1 "Assault"
0 153 95 193 196 512 1 0 1 "Assault"
0 153 95 193 196 513 1 0 1 "Assault"
0 153 95 193 196 514 1 0 1 "Assault"
0 153 95 193 196 515 1 0 1 "Assault"
0 153 95 193 196 516 1 0 1 "Assault"
0 153 95 193 196 517 1 0 1 "Assault"
0 153 95 193 196 518 1 0 1 "Assault"
0 153 95 193 196 519 1 0 1 "Assault"
0 153 95 193 196 520 1 0 1 "Assault"
0 153 95 193 196 521 1 0 1 "Assault"
0 153 95 193 196 522 1 0 1 "Assault"
0 153 95 193 196 523 1 0 1 "Assault"
0 153 95 193 196 524 1 0 1 "Assault"
0 153 95 193 196 525 1 0 1 "Assault"
0 153 95 193 196 526 1 0 1 "Assault"
0 153 95 193 196 527 1 0 1 "Assault"
0 153 95 193 196 528 1 0 1 "Assault"
0 153 95 193 196 529 1 0 1 "Assault"
0 153 95 193 196 530 1 0 1 "Assault"
0 153 95 193 196 531 1 0 1 "Assault"
0 153 95 193 196 532 1 0 1 "Assault"
0 153 95 193 196 533 1 0 1 "Assault"
0 153 95 193 196 534 1 0 1 "Assault"
0 153 95 193 196 535 1 0 1 "Assault"
0 153 95 193 196 536 1 0 1 "Assault"
0 153 95 193 196 537 1 0 1 "Assault"
0 153 95 193 196 538 1 0 1 "Assault"
0 153 95 193 196 539 1 0 1 "Assault"
0 153 95 193 196 540 1 0 1 "Assault"
0 153 95 193 196 541 1 0 1 "Assault"
0 153 95 193 196 542 1 0 1 "Assault"
0 153 95 193 196 543 1 0 1 "Assault"
0 153 95 193 196 544 1 0 1 "Assault"
0 153 95 193 196 545 1 0 1 "Assault"
0 153 95 193 196 546 1 0 1 "Assault"
0 153 95 193 196 547 1 0 1 "Assault"
0 153 95 193 196 548 1 0 1 "Assault"
0 153 95 193 196 549 1 0 1 "Assault"
0 153 95 193 196 550 1 0 1 "Assault"
0 153 95 193 196 551 1 0 1 "Assault"
0 153 95 193 196 552 1 0 1 "Assault"
0 153 95 193 196 553 1 0 1 "Assault"
0 153 95 193 196 554 1 0 1 "Assault"
0 153 95 193 196 555 1 0 1 "Assault"
0 153 95 193 196 556 1 0 1 "Assault"
0 153 95 193 196 557 1 0 1 "Assault"
0 153 95 193 196 558 1 0 1 "Assault"
0 153 95 193 196 559 1 0 1 "Assault"
0 153 95 193 196 560 1 0 1 "Assault"
0 153 95 193 196 561 1 0 1 "Assault"
0 153 95 193 196 562 1 0 1 "Assault"
0 153 95 193 196 563 1 0 1 "Assault"
0 153 95 193 196 564 1 0 1 "Assault"
0 153 95 193 196 565 1 0 1 "Assault"
0 153 95 193 196 566 1 0 1 "Assault"
0 153 95 193 196 567 1 0 1 "Assault"
0 153 95 193 196 568 1 0 1 "Assault"
0 153 95 193 196 569 1 0 1 "Assault"
0 153 95 193 196 570 1 0 1 "Assault"
0 153 95 193 196 571 1 0 1 "Assault"
0 153 95 193 196 572 1 0 1 "Assault"
0 153 95 193 196 573 1 0 1 "Assault"
0 153 95 193 196 574 1 0 1 "Assault"
0 153 95 193 196 575 1 0 1 "Assault"
0 153 95 193 196 576 1 0 1 "Assault"
0 153 95 193 196 577 1 0 1 "Assault"
0 153 95 193 196 578 1 0 1 "Assault"
0 153 95 193 196 579 1 0 1 "Assault"
0 153 95 193 196 580 1 0 1 "Assault"
0 153 95 193 196 581 1 0 1 "Assault"
0 153 95 193 196 582 1 0 1 "Assault"
0 153 95 193 196 583 1 0 1 "Assault"
0 153 95 193 196 584 1 0 1 "Assault"
0 153 95 193 196 585 1 0 1 "Assault"
0 153 95 193 196 586 1 0 1 "Assault"
0 153 95 193 196 587 1 0 1 "Assault"
0 153 95 193 196 588 1 0 1 "Assault"
0 153 95 193 196 589 1 0 1 "Assault"
0 153 95 193 196 590 1 0 1 "Assault"
0 153 95 193 196 591 1 0 1 "Assault"
0 153 95 193 196 592 1 0 1 "Assault"
0 153 95 193 196 593 1 0 1 "Assault"
0 153 95 193 196 594 1 0 1 "Assault"
0 153 95 193 196 595 1 0 1 "Assault"
0 153 95 193 196 596 1 0 1 "Assault"
0 153 95 193 196 597 1 0 1 "Assault"
0 153 95 193 196 598 1 0 1 "Assault"
0 153 95 193 196 599 1 0 1 "Assault"
0 153 95 193 196 600 1 0 1 "Assault"
0 153 95 193 196 601 1 0 1 "Assault"
0 153 95 193 196 602 1 0 1 "Assault"
0 153 95 193 196 603 1 0 1 "Assault"
0 153 95 193 196 604 1 0 1 "Assault"
0 153 95 193 196 605 1 0 1 "Assault"
0 153 95 193 196 606 1 0 1 "Assault"
0 153 95 193 196 607 1 0 1 "Assault"
0 153 95 193 196 608 1 0 1 "Assault"
0 153 95 193 196 609 1 0 1 "Assault"
0 153 95 193 196 610 1 0 1 "Assault"
0 153 95 193 196 611 1 0 1 "Assault"
0 153 95 193 196 612 1 0 1 "Assault"
0 153 95 193 196 613 1 0 1 "Assault"
0 153 95 193 196 614 1 0 1 "Assault"
0 153 95 193 196 615 1 0 1 "Assault"
0 153 95 193 196 616 1 0 1 "Assault"
0 153 95 193 196 617 1 0 1 "Assault"
0 153 95 193 196 618 1 0 1 "Assault"
0 153 95 193 196 619 1 0 1 "Assault"
0 153 95 193 196 620 1 0 1 "Assault"
0 153 95 193 196 621 1 0 1 "Assault"
0 153 95 193 196 622 1 0 1 "Assault"
0 153 95 193 196 623 1 0 1 "Assault"
0 153 95 193 196 624 1 0 1 "Assault"
0 153 95 193 196 625 1 0 1 "Assault"
0 153 95 193 196 626 1 0 1 "Assault"
0 153 95 193 196 627 1 0 1 "Assault"
0 153 95 193 196 628 1 0 1 "Assault"
0 153 95 193 196 629 1 0 1 "Assault"
0 153 95 193 196 630 1 0 1 "Assault"
0 153 95 193 196 631 1 0 1 "Assault"
0 153 95 193 196 632 1 0 1 "Assault"
0 153 95 193 196 633 1 0 1 "Assault"
0 153 95 193 196 634 1 0 1 "Assault"
0 153 95 193 196 635 1 0 1 "Assault"
0 153 95 193 196 636 1 0 1 "Assault"
0 153 95 193 196 637 1 0 1 "Assault"
0 153 95 193 196 638 1 0 1 "Assault"
0 153 95 193 196 639 1 0 1 "Assault"
0 153 95 193 196 640 1 0 1 "Assault"
0 153 95 193 196 641 1 0 1 "Assault"
0 153 95 193 196 642 1 0 1 "Assault"
0 153 95 193 196 643 1 0 1 "Assault"
0 153 95 193 196 644 1 0 1 "Assault"
0 153 95 193 196 645 1 0 1 "Assault"
0 153 95 193 196 646 1 0 1 "Assault"
0 153 95 193 196 647 1 0 1 "Assault"
0 153 95 193 196 648 1 0 1 "Assault"
0 153 95 193 196 649 1 0 1 "Assault"
0 153 95 193 196 650 1 0 1 "Assault"
0 153 95 193 196 651 1 0 1 "Assault"
0 153 95 193 196 652 1 0 1 "Assault"
0 153 95 193 196 653 1 0 1 "Assault"
0 153 95 193 196 654 1 0 1 "Assault"
0 153 95 193 196 655 1 0 1 "Assault"
0 153 95 193 196 656 1 0 1 "Assault"
0 153 95 193 196 657 1 0 1 "Assault"
0 153 95 193 196 658 1 0 1 "Assault"
0 153 95 193 196 659 1 0 1 "Assault"
0 153 95 193 196 660 1 0 1 "Assault"
0 153 95 193 196 661 1 0 1 "Assault"
0 153 95 193 196 662 1 0 1 "Assault"
0 153 95 193 196 663 1 0 1 "Assault"
0 153 95 193 196 664 1 0 1 "Assault"
0 153 95 193 196 665 1 0 1 "Assault"
0 153 95 193 196 666 1 0 1 "Assault"
0 153 95 193 196 667 1 0 1 "Assault"
0 153 95 193 196 668 1 0 1 "Assault"
0 153 95 193 196 669 1 0 1 "Assault"
0 153 95 193 196 670 1 0 1 "Assault"
0 153 95 193 196 671 1 0 1 "Assault"
0 153 95 193 196 672 1 0 1 "Assault"
0 153 95 193 196 673 1 0 1 "Assault"
0 153 95 193 196 674 1 0 1 "Assault"
0 153 95 193 196 675 1 0 1 "Assault"
0 153 95 193 196 676 1 0 1 "Assault"
0 153 95 193 196 677 1 0 1 "Assault"
0 153 95 193 196 678 1 0 1 "Assault"
0 153 95 193 196 679 1 0 1 "Assault"
0 153 95 193 196 680 1 0 1 "Assault"
0 153 95 193 196 681 1 0 1 "Assault"
0 153 95 193 196 682 1 0 1 "Assault"
0 153 95 193 196 683 1 0 1 "Assault"
0 153 95 193 196 684 1 0 1 "Assault"
0 153 95 193 196 685 1 0 1 "Assault"
0 153 95 193 196 686 1 0 1 "Assault"
0 153 95 193 196 687 1 0 1 "Assault"
0 153 95 193 196 688 1 0 1 "Assault"
0 153 95 193 196 689 1 0 1 "Assault"
0 153 95 193 196 690 1 0 1 "Assault"
0 153 95 193 196 691 1 0 1 "Assault"
0 153 95 193 196 692 1 0 1 "Assault"
0 153 95 193 196 693 1 0 1 "Assault"
0 153 95 193 196 694 1 0 1 "Assault"
0 153 95 193 196 695 1 0 1 "Assault"
0 153 95 193 196 696 1 0 1 "Assault"
0 153 95 193 196 697 1 0 1 "Assault"
0 153 95 193 196 698 1 0 1 "Assault"
0 153 95 193 196 699 1 0 1 "Assault"
0 153 95 193 196 700 1 0 1 "Assault"
0 153 95 193 196 701 1 0 1 "Assault"
0 153 95 193 196 702 1 0 1 "Assault"
0 153 95 193 196 703 1 0 1 "Assault"
0 153 95 193 196 704 1 0 1 "Assault"
0 153 95 193 196 705 1 0 1 "Assault"
0 153 95 193 196 706 1 0 1 "Assault"
0 153 95 193 196 707 1 0 1 "Assault"
0 153 95 193 196 708 1 0 1 "Assault"
0 153 95 193 196 709 1 0 1 "Assault"
0 153 95 193 196 710 1 0 1 "Assault"
0 153 95 193 196 711 1 0 1 "Assault"
0 153 95 193 196 712 1 0 1 "Assault"
0 153 95 193 196 713 1 0 1 "Assault"
0 153 95 193 196 714 1 0 1 "Assault"
0 153 95 193 196 715 1 0 1 "Assault"
0 153 95 193 196 716 1 0 1 "Assault"
0 153 95 193 196 717 1 0 1 "Assault"
0 153 95 193 196 718 1 0 1 "Assault"
0 153 95 193 196 719 1 0 1 "Assault"
0 153 95 193 196 720 1 0 1 "Assault"
0 153 95 193 196 721 1 0 1 "Assault"
0 153 95 193 196 722 1 0 1 "Assault"
0 153 95 193 196 723 1 0 1 "Assault"
0 153 95 193 196 724 1 0 1 "Assault"
0 153 95 193 196 725 1 0 1 "Assault"
0 153 95 193 196 726 1 0 1 "Assault"
0 153 95 193 196 727 1 0 1 "Assault"
0 153 95 193 196 728 1 0 1 "Assault"
0 153 95 193 196 729 1 0 1 "Assault"
0 153 95 193 196 730 1 0 1 "Assault"
0 153 95 193 196 731 1 0 1 "Assault"
0 153 95 193 196 732 1 0 1 "Assault"
0 153 95 193 196 733 1 0 1 "Assault"
0 153 95 193 196 734 1 0 1 "Assault"
0 153 95 193 196 735 1 0 1 "Assault"
0 153 95 193 196 736 1 0 1 "Assault"
0 153 95 193 196 737 1 0 1 "Assault"
0 153 95 193 196 738 1 0 1 "Assault"
0 153 95 193 196 739 1 0 1 "Assault"
0 153 95 193 196 740 1 0 1 "Assault"
0 153 95 193 196 741 1 0 1 "Assault"
0 153 95 193 196 742 1 0 1 "Assault"
0 153 95 193 196 743 1 0 1 "Assault"
0 153 95 193 196 744 1 0 1 "Assault"
0 153 95 193 196 745 1 0 1 "Assault"
0 153 95 193 196 746 1 0 1 "Assault"
0 153 95 193 196 747 1 0 1 "Assault"
0 153 95 193 196 748 1 0 1 "Assault"
0 153 95 193 196 749 1 0 1 "Assault"
0 153 95 193 196 750 1 0 1 "Assault"
0 153 95 193 196 751 1 0 1 "Assault"
0 153 95 193 196 752 1 0 1 "Assault"
0 153 95 193 196 753 1 0 1 "Assault"
0 153 95 193 196 754 1 0 1 "Assault"
0 153 95 193 196 755 1 0 1 "Assault"
0 153 95 193 196 756 1 0 1 "Assault"
0 153 95 193 196 757 1 0 1 "Assault"
0 153 95 193 196 758 1 0 1 "Assault"
0 153 95 193 196 759 1 0 1 "Assault"
0 153 95 193 196 760 1 0 1 "Assault"
0 153 95 193 196 761 1 0 1 "Assault"
0 153 95 193 196 762 1 0 1 "Assault"
0 153 95 193 196 763 1 0 1 "Assault"
0 153 95 193 196 764 1 0 1 "Assault"
0 153 95 193 196 765 1 0 1 "Assault"
0 153 95 193 196 766 1 0 1 "Assault"
0 153 95 193 196 767 1 0 1 "Assault"
0 153 95 193 196 768 1 0 1 "Assault"
0 153 95 193 196 769 1 0 1 "Assault"
0 153 95 193 196 770 1 0 1 "Assault"
0 153 95 193 196 771 1 0 1 "Assault"
0 153 95 193 196 772 1 0 1 "Assault"
0 153 95 193 196 773 1 0 1 "Assault"
0 153 95 193 196 774 1 0 1 "Assault"
0 153 95 193 196 775 1 0 1 "Assault"
0 153 95 193 196 776 1 0 1 "Assault"
0 153 95 193 196 777 1 0 1 "Assault"
0 153 95 193 196 778 1 0 1 "Assault"
0 153 95 193 196 779 1 0 1 "Assault"
0 153 95 193 196 780 1 0 1 "Assault"
0 153 95 193 196 781 1 0 1 "Assault"
0 153 95 193 196 782 1 0 1 "Assault"
0 153 95 193 196 783 1 0 1 "Assault"
0 153 95 193 196 784 1 0 1 "Assault"
0 153 95 193 196 785 1 0 1 "Assault"
0 153 95 193 196 786 1 0 1 "Assault"
0 153 95 193 196 787 1 0 1 "Assault"
0 153 95 193 196 788 1 0 1 "Assault"
0 153 95 193 196 789 1 0 1 "Assault"
0 153 95 193 196 790 1 0 1 "Assault"
0 153 95 193 196 791 1 0 1 "Assault"
0 153 95 193 196 792 1 0 1 "Assault"
0 153 95 193 196 793 1 0 1 "Assault"
0 153 95 193 196 794 1 0 1 "Assault"
0 153 95 193 196 795 1 0 1 "Assault"
0 153 95 193 196 796 1 0 1 "Assault"
0 153 95 193 196 797 1 0 1 "Assault"
0 153 95 193 196 798 1 0 1 "Assault"
0 153 95 193 196 799 1 0 1 "Assault"
0 153 95 193 196 800 1 0 1 "Assault"
0 153 95 193 196 801 1 0 1 "Assault"
0 153 95 193 196 802 1 0 1 "Assault"
0 153 95 193 196 803 1 0 1 "Assault"
0 153 95 193 196 804 1 0 1 "Assault"
0 153 95 193 196 805 1 0 1 "Assault"
0 153 95 193 196 806 1 0 1 "Assault"
0 153 95 193 196 807 1 0 1 "Assault"
0 153 95 193 196 808 1 0 1 "Assault"
0 153 95 193 196 809 1 0 1 "Assault"
0 153 95 193 196 810 1 0 1 "Assault"
0 153 95 193 196 811 1 0 1 "Assault"
0 153 95 193 196 812 1 0 1 "Assault"
0 153 95 193 196 813 1 0 1 "Assault"
0 153 95 193 196 814 1 0 1 "Assault"
0 153 95 193 196 815 1 0 1 "Assault"
0 153 95 193 196 816 1 0 1 "Assault"
0 153 95 193 196 817 1 0 1 "Assault"
0 153 95 193 196 818 1 0 1 "Assault"
0 153 95 193 196 819 1 0 1 "Assault"
0 153 95 193 196 820 1 0 1 "Assault"
0 153 95 193 196 821 1 0 1 "Assault"
0 153 95 193 196 822 1 0 1 "Assault"
0 153 95 193 196 823 1 0 1 "Assault"
0 153 95 193 196 824 1 0 1 "Assault"
0 153 95 193 196 825 1 0 1 "Assault"
0 153 95 193 196 826 1 0 1 "Assault"
0 153 95 193 196 827 1 0 1 "Assault"
0 153 95 193 196 828 1 0 1 "Assault"
0 153 95 193 196 829 1 0 1 "Assault"
0 153 95 193 196 830 1 0 1 "Assault"
0 153 95 193 196 831 1 0 1 "Assault"
0 153 95 193 196 832 1 0 1 "Assault"
0 153 95 193 196 833 1 0 1 "Assault"
0 153 95 193 196 834 1 0 1 "Assault"
0 153 95 193 196 835 1 0 1 "Assault"
0 153 95 193 196 836 1 0 1 "Assault"
0 153 95 193 196 837 1 0 1 "Assault"
0 153 95 193 196 838 1 0 1 "Assault"
0 153 95 193 196 839 1 0 1 "Assault"
0 153 95 193 196 840 1 0 1 "Assault"
0 153 95 193 196 841 1 0 1 "Assault"
0 153 95 193 196 842 1 0 1 "Assault"
0 153 95 193 196 843 1 0 1 "Assault"
0 153 95 193 196 844 1 0 1 "Assault"
0 153 95 193 196 845 1 0 1 "Assault"
0 153 95 193 196 846 1 0 1 "Assault"
0 153 95 193 196 847 1 0 1 "Assault"
0 153 95 193 196 848 1 0 1 "Assault"
0 153 95 193 196 849 1 0 1 "Assault"
0 153 95 193 196 850 1 0 1 "Assault"
0 153 95 193 196 851 1 0 1 "Assault"
0 153 95 193 196 852 1 0 1 "Assault"
0 153 95 193 196 853 1 0 1 "Assault"
0 153 95 193 196 854 1 0 1 "Assault"
0 153 95 193 196 855 1 0 1 "Assault"
0 153 95 193 196 856 1 0 1 "Assault"
0 153 95 193 196 857 1 0 1 "Assault"
0 153 95 193 196 858 1 0 1 "Assault"
0 153 95 193 196 859 1 0 1 "Assault"
0 153 95 193 196 860 1 0 1 "Assault"
0 153 95 193 196 861 1 0 1 "Assault"
0 153 95 193 196 862 1 0 1 "Assault"
0 153 95 193 196 863 1 0 1 "Assault"
0 153 95 193 196 864 1 0 1 "Assault"
0 153 95 193 196 865 1 0 1 "Assault"
0 153 95 193 196 866 1 0 1 "Assault"
0 153 95 193 196 867 1 0 1 "Assault"
0 153 95 193 196 868 1 0 1 "Assault"
0 153 95 193 196 869 1 0 1 "Assault"
0 153 95 193 196 870 1 0 1 "Assault"
0 153 95 193 196 871 1 0 1 "Assault"
0 153 95 193 196 872 1 0 1 "Assault"
0 153 95 193 196 873 1 0 1 "Assault"
0 153 95 193 196 874 1 0 1 "Assault"
0 153 95 193 196 875 1 0 1 "Assault"
0 153 95 193 196 876 1 0 1 "Assault"
0 153 95 193 196 877 1 0 1 "Assault"
0 153 95 193 196 878 1 0 1 "Assault"
0 153 95 193 196 879 1 0 1 "Assault"
0 153 95 193 196 880 1 0 1 "Assault"
0 153 95 193 196 881 1 0 1 "Assault"
0 153 95 193 196 882 1 0 1 "Assault"
0 153 95 193 196 883 1 0 1 "Assault"
0 153 95 193 196 884 1 0 1 "Assault"
0 153 95 193 196 885 1 0 1 "Assault"
0 153 95 193 196 886 1 0 1 "Assault"
0 153 95 193 196 887 1 0 1 "Assault"
0 153 95 193 196 888 1 0 1 "Assault"
0 153 95 193 196 889 1 0 1 "Assault"
0 153 95 193 196 890 0 0 0 "Assault"
0 151 95 193 195 891 0 0 1 "Assault"
0 150 95 193 195 892 0 0 1 "Assault"
0 149 95 193 195 893 0 0 1 "Assault"
0 148 95 193 195 894 0 0 1 "Assault"
0 146 95 193 195 895 0 0 1 "Assault"
0 145 95 193 195 896 0 0 1 "Assault"
0 144 95 193 195 897 0 0 1 "Assault"
0 143 95 193 195 898 0 0 1 "Assault"
0 142 95 193 195 899 0 0 0 "Assault"
0 141 95 192 195 900 0 0 1 "Assault"
0 141 95 192 195 901 0 0 1 "Assault"
0 140 95 192 196 902 0 0 1 "Assault"
0 140 95 192 196 903 0 0 1 "Assault"
0 139 95 192 196 904 0 0 1 "Assault"
0 139 95 192 197 905 0 0 1 "Assault"
0 138 95 192 197 906 0 0 1 "Assault"
0 138 95 192 197 907 0 0 1 "Assault"
0 137 95 192 198 908 0 0 1 "Assault"
0 137 95 192 198 909 0 0 1 "Assault"
0 136 95 192 198 910 0 0 1 "Assault"
0 136 95 192 199 911 0 0 1 "Assault"
0 135 95 192 199 912 0 0 1 "Assault"
0 135 95 192 200 913 0 0 0 "Assault"
0 130 96 191 200 914 0 0 1 "Assault"
0 126 98 191 200 915 0 0 1 "Assault"
0 122 99 190 200 916 0 0 1 "Assault"
0 118 101 190 200 917 0 0 1 "Assault"
0 114 103 190 201 918 1 0 0 "Assault"
0 114 103 190 201 919 1 0 1 "Assault"
0 114 103 190 201 920 1 0 1 "Assault"
0 114 103 190 201 921 1 0 0 "Assault"
0 114 103 190 201 922 1 0 1 "Assault"
0 114 103 190 201 923 1 0 1 "Assault"
0 114 103 190 201 924 1 0 1 "Assault"
0 114 103 190 201 925 1 0 1 "Assault"
0 114 103 190 201 926 1 0 1 "Assault"
0 114 103 190 201 927 1 0 1 "Assault"
0 114 103 190 201 928 1 0 1 "Assault"
0 114 103 190 201 929 1 0 1 "Assault"
0 114 103 190 201 930 1 0 1 "Assault"
0 114 103 190 201 931 1 0 1 "Assault"
0 114 103 190 201 932 1 0 1 "Assault"
0 114 103 190 201 933 1 0 1 "Assault"
0 114 103 190 201 934 1 0 1 "Assault"
0 114 103 190 201 935 1 0 1 "Assault"
0 114 103 190 201 936 1 0 1 "Assault"
0 114 103 190 201 937 1 0 1 "Assault"
0 114 103 190 201 938 1 0 1 "Assault"
0 114 103 190 201 939 1 0 1 "Assault"
0 114 103 190 201 940 1 0 1 "Assault"
0 114 103 190 201 941 1 0 1 "Assault"
0 114 103 190 201 942 1 0 1 "Assault"
0 114 103 190 201 943 1 0 1 "Assault"
0 114 103 190 201 944 1 0 1 "Assault"
0 114 103 190 201 945 1 0 1 "Assault"
0 114 103 190 201 946 1 0 1 "Assault"
0 114 103 190 201 947 1 0 1 "Assault"
0 114 103 190 201 948 1 0 1 "Assault"
0 114 103 190 201 949 1 0 1 "Assault"
0 114 103 190 201 950 1 0 1 "Assault"
0 114 103 190 201 951 1 0 1 "Assault"
0 114 103 190 201 952 1 0 1 "Assault"
0 114 103 190 201 953 1 0 1 "Assault"
0 114 103 190 201 954 1 0 1 "Assault"
0 114 103 190 201 955 1 0 1 "Assault"
0 114 103 190 201 956 1 0 1 "Assault"
0 114 103 190 201 957 1 0 1 "Assault"
0 114 103 190 201 958 1 0 1 "Assault"
0 114 103 190 201 959 1 0 1 "Assault"
0 114 103 190 201 960 1 0 1 "Assault"
0 114 103 190 201 961 1 0 1 "Assault"
0 114 103 190 201 962 1 0 1 "Assault"
0 114 103 190 201 963 1 0 1 "Assault"
0 114 103 190 201 964 1 0 1 "Assault"
0 114 103 190 201 965 1 0 1 "Assault"
0 114 103 190 201 966 1 0 1 "Assault"
0 114 103 190 201 967 1 0 1 "Assault"
0 114 103 190 201 968 1 0 1 "Assault"
0 114 103 190 201 969 1 0 1 "Assault"
0 114 103 190 201 970 1 0 1 "Assault"
0 114 103 190 201 971 1 0 1 "Assault"
0 114 103 190 201 972 1 0 1 "Assault"
0 114 103 190 201 973 1 0 1 "Assault"
0 114 103 190 201 974 1 0 1 "Assault"
0 114 103 190 201 975 1 0 1 "Assault"
0 114 103 190 201 976 1 0 1 "Assault"
0 114 103 190 201 977 1 0 1 "Assault"
0 114 103 190 201 978 1 0 1 "Assault"
0 114 103 190 201 979 1 0 1 "Assault"
0 114 103 190 201 980 1 0 1 "Assault"
0 114 103 190 201 981 1 0 1 "Assault"
0 114 103 190 201 982 1 0 1 "Assault"
0 114 103 190 201 983 1 0 1 "Assault"
0 114 103 190 201 984 1 0 1 "Assault"
0 114 103 190 201 985 1 0 1 "Assault"
0 114 103 190 201 986 1 0 1 "Assault"
0 114 103 190 201 987 1 0 1 "Assault"
0 114 103 190 201 988 1 0 1 "Assault"
0 114 103 190 201 989 1 0 1 "Assault"
0 114 103 190 201 990 1 0 1 "Assault"
0 114 103 190 201 991 1 0 1 "Assault"
0 114 103 190 201 992 1 0 1 "Assault"
0 114 103 190 201 993 1 0 1 "Assault"
0 114 103 190 201 994 1 0 1 "Assault"
0 114 103 190 201 995 1 0 1 "Assault"
0 114 103 190 201 996 1 0 1 "Assault"
0 114 103 190 201 997 1 0 1 "Assault"
0 114 103 190 201 998 1 0 1 "Assault"
0 114 103 190 201 999 1 0 1 "Assault"
0 114 103 190 201 1000 1 0 1 "Assault"
0 114 103 190 201 1001 1 0 1 "Assault"
0 114 103 190 201 1002 1 0 1 "Assault"
0 114 103 190 201 1003 1 0 1 "Assault"
0 114 103 190 201 1004 1 0 1 "Assault"
0 114 103 190 201 1005 1 0 1 "Assault"
0 114 103 190 201 1006 1 0 1 "Assault"
0 114 103 190 201 1007 1 0 1 "Assault"
0 114 103 190 201 1008 1 0 1 "Assault"
0 114 103 190 201 1009 1 0 1 "Assault"
0 114 103 190 201 1010 1 0 1 "Assault"
0 114 103 190 201 1011 1 0 1 "Assault"
0 114 103 190 201 1012 1 0 0 "Assault"
