0 38 49 143 159 0 1 0 0 "Assault"
0 38 49 143 159 1 1 0 1 "Assault"
0 38 49 143 159 2 1 0 1 "Assault"
0 38 49 143 159 3 1 0 1 "Assault"
0 38 49 143 159 4 1 0 1 "Assault"
0 38 49 143 159 5 1 0 1 "Assault"
0 38 49 143 159 6 1 0 1 "Assault"
0 38 49 143 159 7 1 0 1 "Assault"
0 38 49 143 159 8 1 0 1 "Assault"
0 38 49 143 159 9 1 0 1 "Assault"
0 38 49 143 159 10 1 0 1 "Assault"
0 38 49 143 159 11 1 0 1 "Assault"
0 38 49 143 159 12 1 0 1 "Assault"
0 38 49 143 159 13 1 0 1 "Assault"
0 38 49 143 159 14 1 0 1 "Assault"
0 38 49 143 159 15 1 0 1 "Assault"
0 38 49 143 159 16 1 0 1 "Assault"
0 38 49 143 159 17 1 0 1 "Assault"
0 38 49 143 159 18 1 0 1 "Assault"
0 38 49 143 159 19 1 0 1 "Assault"
0 38 49 143 159 20 1 0 1 "Assault"
0 38 49 143 159 21 1 0 1 "Assault"
0 38 49 143 159 22 1 0 1 "Assault"
0 38 49 143 159 23 1 0 1 "Assault"
0 38 49 143 159 24 1 0 1 "Assault"
0 38 49 143 159 25 1 0 1 "Assault"
0 38 49 143 159 26 1 0 1 "Assault"
0 38 49 143 159 27 1 0 1 "Assault"
0 38 49 143 159 28 1 0 1 "Assault"
0 38 49 143 159 29 1 0 1 "Assault"
0 38 49 143 159 30 1 0 1 "Assault"
0 38 49 143 159 31 1 0 1 "Assault"
0 38 49 143 159 32 1 0 1 "Assault"
0 38 49 143 159 33 1 0 1 "Assault"
0 38 49 143 159 34 1 0 1 "Assault"
0 38 49 143 159 35 1 0 1 "Assault"
0 38 49 143 159 36 1 0 1 "Assault"
0 38 49 143 159 37 1 0 1 "Assault"
0 38 49 143 159 38 1 0 1 "Assault"
0 38 49 143 159 39 1 0 1 "Assault"
0 38 49 143 159 40 1 0 1 "Assault"
0 38 49 143 159 41 1 0 1 "Assault"
0 38 49 143 159 42 1 0 1 "Assault"
0 38 49 143 159 43 1 0 1 "Assault"
0 38 49 143 159 44 1 0 1 "Assault"
0 38 49 143 159 45 1 0 1 "Assault"
0 38 49 143 159 46 1 0 1 "Assault"
0 38 49 143 159 47 1 0 1 "Assault"
0 38 49 143 159 48 1 0 1 "Assault"
0 38 49 143 159 49 1 0 1 "Assault"
0 38 49 143 159 50 1 0 1 "Assault"
0 38 49 143 159 51 1 0 1 "Assault"
0 38 49 143 159 52 1 0 1 "Assault"
0 38 49 143 159 53 1 0 1 "Assault"
0 38 49 143 159 54 1 0 1 "Assault"
0 38 49 143 159 55 1 0 1 "Assault"
0 38 49 143 159 56 1 0 1 "Assault"
0 38 49 143 159 57 1 0 1 "Assault"
0 38 49 143 159 58 1 0 1 "Assault"
0 38 49 143 159 59 1 0 1 "Assault"
0 38 49 143 159 60 1 0 1 "Assault"
0 38 49 143 159 61 1 0 1 "Assault"
0 38 49 143 159 62 1 0 1 "Assault"
0 38 49 143 159 63 1 0 1 "Assault"
0 38 49 143 159 64 1 0 1 "Assault"
0 38 49 143 159 65 1 0 1 "Assault"
0 38 49 143 159 66 1 0 1 "Assault"
0 38 49 143 159 67 1 0 1 "Assault"
0 38 49 143 159 68 1 0 1 "Assault"
0 38 49 143 159 69 1 0 1 "Assault"
0 38 49 143 159 70 1 0 1 "Assault"
0 38 49 143 159 71 1 0 1 "Assault"
0 38 49 143 159 72 1 0 1 "Assault"
0 38 49 143 159 73 1 0 1 "Assault"
0 38 49 143 159 74 1 0 1 "Assault"
0 38 49 143 159 75 1 0 1 "Assault"
0 38 49 143 159 76 1 0 1 "Assault"
0 38 49 143 159 77 1 0 1 "Assault"
0 38 49 143 159 78 1 0 1 "Assault"
0 38 49 143 159 79 1 0 1 "Assault"
0 38 49 143 159 80 1 0 1 "Assault"
0 38 49 143 159 81 1 0 1 "Assault"
0 38 49 143 159 82 1 0 1 "Assault"
0 38 49 143 159 83 1 0 1 "Assault"
0 38 49 143 159 84 1 0 1 "Assault"
0 38 49 143 159 85 1 0 1 "Assault"
0 38 49 143 159 86 1 0 1 "Assault"
0 38 49 143 159 87 1 0 1 "Assault"
0 38 49 143 159 88 1 0 1 "Assault"
0 38 49 143 159 89 1 0 1 "Assault"
0 38 49 143 159 90 1 0 1 "Assault"
0 38 49 143 159 91 1 0 1 "Assault"
0 38 49 143 159 92 1 0 1 "Assault"
0 38 49 143 159 93 1 0 1 "Assault"
0 38 49 143 159 94 1 0 1 "Assault"
0 38 49 143 159 95 1 0 1 "Assault"
0 38 49 143 159 96 1 0 1 "Assault"
0 38 49 143 159 97 1 0 1 "Assault"
0 38 49 143 159 98 1 0 1 "Assault"
0 38 49 143 159 99 1 0 1 "Assault"
0 38 49 143 159 100 1 0 1 "Assault"
0 38 49 143 159 101 1 0 1 "Assault"
0 38 49 143 159 102 1 0 1 "Assault"
0 38 49 143 159 103 1 0 1 "Assault"
0 38 49 143 159 104 1 0 1 "Assault"
0 38 49 143 159 105 1 0 1 "Assault"
0 38 49 143 159 106 1 0 1 "Assault"
0 38 49 143 159 107 1 0 1 "Assault"
0 38 49 143 159 108 1 0 1 "Assault"
0 38 49 143 159 109 1 0 1 "Assault"
0 38 49 143 159 110 1 0 1 "Assault"
0 38 49 143 159 111 1 0 1 "Assault"
0 38 49 143 159 112 1 0 1 "Assault"
0 38 49 143 159 113 1 0 1 "Assault"
0 38 49 143 159 114 1 0 1 "Assault"
0 38 49 143 159 115 1 0 1 "Assault"
0 38 49 143 159 116 1 0 1 "Assault"
0 38 49 143 159 117 1 0 1 "Assault"
0 38 49 143 159 118 1 0 1 "Assault"
0 38 49 143 159 119 1 0 1 "Assault"
0 38 49 143 159 120 1 0 1 "Assault"
0 38 49 143 159 121 1 0 1 "Assault"
0 38 49 143 159 122 1 0 1 "Assault"
0 38 49 143 159 123 1 0 1 "Assault"
0 38 49 143 159 124 1 0 1 "Assault"
0 38 49 143 159 125 1 0 1 "Assault"
0 38 49 143 159 126 1 0 1 "Assault"
0 38 49 143 159 127 1 0 1 "Assault"
0 38 49 143 159 128 1 0 1 "Assault"
0 38 49 143 159 129 1 0 1 "Assault"
0 38 49 143 159 130 1 0 1 "Assault"
0 38 49 143 159 131 1 0 1 "Assault"
0 38 49 143 159 132 1 0 1 "Assault"
0 38 49 143 159 133 1 0 1 "Assault"
0 38 49 143 159 134 1 0 1 "Assault"
0 38 49 143 159 135 1 0 1 "Assault"
0 38 49 143 159 136 1 0 1 "Assault"
0 38 49 143 159 137 1 0 1 "Assault"
0 38 49 143 159 138 1 0 1 "Assault"
0 38 49 143 159 139 1 0 1 "Assault"
0 38 49 143 159 140 1 0 1 "Assault"
0 38 49 143 159 141 1 0 1 "Assault"
0 38 49 143 159 142 1 0 1 "Assault"
0 38 49 143 159 143 1 0 1 "Assault"
0 38 49 143 159 144 1 0 1 "Assault"
0 38 49 143 159 145 1 0 1 "Assault"
0 38 49 143 159 146 1 0 1 "Assault"
0 38 49 143 159 147 1 0 1 "Assault"
0 38 49 143 159 148 1 0 1 "Assault"
0 38 49 143 159 149 1 0 1 "Assault"
0 38 49 143 159 150 1 0 1 "Assault"
0 38 49 143 159 151 1 0 1 "Assault"
0 38 49 143 159 152 1 0 1 "Assault"
0 38 49 143 159 153 1 0 1 "Assault"
0 38 49 143 159 154 1 0 1 "Assault"
0 38 49 143 159 155 1 0 1 "Assault"
0 38 49 143 159 156 1 0 1 "Assault"
0 38 49 143 159 157 1 0 1 "Assault"
0 38 49 143 159 158 1 0 1 "Assault"
0 38 49 143 159 159 1 0 1 "Assault"
0 38 49 143 159 160 1 0 1 "Assault"
0 38 49 143 159 161 1 0 1 "Assault"
0 38 49 143 159 162 1 0 1 "Assault"
0 38 49 143 159 163 1 0 1 "Assault"
0 38 49 143 159 164 1 0 1 "Assault"
0 38 49 143 159 165 1 0 1 "Assault"
0 38 49 143 159 166 1 0 1 "Assault"
0 38 49 143 159 167 1 0 1 "Assault"
0 38 49 143 159 168 1 0 1 "Assault"
0 38 49 143 159 169 1 0 1 "Assault"
0 38 49 143 159 170 1 0 1 "Assault"
0 38 49 143 159 171 1 0 1 "Assault"
0 38 49 143 159 172 1 0 1 "Assault"
0 38 49 143 159 173 1 0 1 "Assault"
0 38 49 143 159 174 1 0 1 "Assault"
0 38 49 143 159 175 1 0 1 "Assault"
0 38 49 143 159 176 1 0 1 "Assault"
0 38 49 143 159 177 1 0 1 "Assault"
0 38 49 143 159 178 1 0 1 "Assault"
0 38 49 143 159 179 1 0 1 "Assault"
0 38 49 143 159 180 1 0 1 "Assault"
0 38 49 143 159 181 1 0 1 "Assault"
0 38 49 143 159 182 1 0 1 "Assault"
0 38 49 143 159 183 1 0 1 "Assault"
0 38 49 143 159 184 1 0 1 "Assault"
0 38 49 143 159 185 1 0 1 "Assault"
0 38 49 143 159 186 1 0 1 "Assault"
0 38 49 143 159 187 1 0 1 "Assault"
0 38 49 143 159 188 1 0 1 "Assault"
0 38 49 143 159 189 1 0 1 "Assault"
0 38 49 143 159 190 1 0 1 "Assault"
0 38 49 143 159 191 1 0 1 "Assault"
0 38 49 143 159 192 1 0 1 "Assault"
0 38 49 143 159 193 1 0 1 "Assault"
0 38 49 143 159 194 1 0 1 "Assault"
0 38 49 143 159 195 1 0 1 "Assault"
0 38 49 143 159 196 1 0 1 "Assault"
0 38 49 143 159 197 1 0 1 "Assault"
0 38 49 143 159 198 1 0 1 "Assault"
0 38 49 143 159 199 1 0 1 "Assault"
0 38 49 143 159 200 1 0 1 "Assault"
0 38 49 143 159 201 1 0 1 "Assault"
0 38 49 143 159 202 1 0 1 "Assault"
0 38 49 143 159 203 1 0 1 "Assault"
0 38 49 143 159 204 1 0 1 "Assault"
0 38 49 143 159 205 1 0 1 "Assault"
0 38 49 143 159 206 1 0 1 "Assault"
0 38 49 143 159 207 1 0 1 "Assault"
0 38 49 143 159 208 1 0 1 "Assault"
0 38 49 143 159 209 1 0 1 "Assault"
0 38 49 143 159 210 1 0 1 "Assault"
0 38 49 143 159 211 1 0 1 "Assault"
0 38 49 143 159 212 1 0 1 "Assault"
0 38 49 143 159 213 1 0 1 "Assault"
0 38 49 143 159 214 1 0 1 "Assault"
0 38 49 143 159 215 1 0 1 "Assault"
0 38 49 143 159 216 1 0 1 "Assault"
0 38 49 143 159 217 1 0 1 "Assault"
0 38 49 143 159 218 1 0 1 "Assault"
0 38 49 143 159 219 1 0 1 "Assault"
0 38 49 143 159 220 1 0 1 "Assault"
0 38 49 143 159 221 1 0 1 "Assault"
0 38 49 143 159 222 1 0 1 "Assault"
0 38 49 143 159 223 1 0 1 "Assault"
0 38 49 143 159 224 1 0 1 "Assault"
0 38 49 143 159 225 1 0 1 "Assault"
0 38 49 143 159 226 1 0 1 "Assault"
0 38 49 143 159 227 1 0 1 "Assault"
0 38 49 143 159 228 1 0 1 "Assault"
0 38 49 143 159 229 1 0 1 "Assault"
0 38 49 143 159 230 1 0 1 "Assault"
0 38 49 143 159 231 1 0 1 "Assault"
0 38 49 143 159 232 1 0 1 "Assault"
0 38 49 143 159 233 1 0 1 "Assault"
0 38 49 143 159 234 1 0 1 "Assault"
0 38 49 143 159 235 1 0 1 "Assault"
0 38 49 143 159 236 1 0 1 "Assault"
0 38 49 143 159 237 1 0 1 "Assault"
0 38 49 143 159 238 1 0 1 "Assault"
0 38 49 143 159 239 1 0 1 "Assault"
0 38 49 143 159 240 1 0 1 "Assault"
0 38 49 143 159 241 1 0 1 "Assault"
0 38 49 143 159 242 1 0 1 "Assault"
0 38 49 143 159 243 1 0 1 "Assault"
0 38 49 143 159 244 1 0 1 "Assault"
0 38 49 143 159 245 1 0 1 "Assault"
0 38 49 143 159 246 1 0 1 "Assault"
0 38 49 143 159 247 1 0 1 "Assault"
0 38 49 143 159 248 1 0 1 "Assault"
0 38 49 143 159 249 1 0 1 "Assault"
0 38 49 143 159 250 1 0 1 "Assault"
0 38 49 143 159 251 1 0 1 "Assault"
0 38 49 143 159 252 1 0 1 "Assault"
0 38 49 143 159 253 1 0 1 "Assault"
0 38 49 143 159 254 1 0 1 "Assault"
0 38 49 143 159 255 1 0 1 "Assault"
0 38 49 143 159 256 1 0 1 "Assault"
0 38 49 143 159 257 1 0 1 "Assault"
0 38 49 143 159 258 1 0 1 "Assault"
0 38 49 143 159 259 1 0 1 "Assault"
0 38 49 143 159 260 1 0 1 "Assault"
0 38 49 143 159 261 1 0 1 "Assault"
0 38 49 143 159 262 1 0 1 "Assault"
0 38 49 143 159 263 1 0 1 "Assault"
0 38 49 143 159 264 1 0 1 "Assault"
0 38 49 143 159 265 1 0 1 "Assault"
0 38 49 143 159 266 1 0 1 "Assault"
0 38 49 143 159 267 1 0 1 "Assault"
0 38 49 143 159 268 1 0 1 "Assault"
0 38 49 143 159 269 1 0 1 "Assault"
0 38 49 143 159 270 1 0 1 "Assault"
0 38 49 143 159 271 1 0 1 "Assault"
0 38 49 143 159 272 1 0 1 "Assault"
0 38 49 143 159 273 1 0 1 "Assault"
0 38 49 143 159 274 1 0 1 "Assault"
0 38 49 143 159 275 1 0 1 "Assault"
0 38 49 143 159 276 1 0 1 "Assault"
0 38 49 143 159 277 1 0 1 "Assault"
0 38 49 143 159 278 1 0 1 "Assault"
0 38 49 143 159 279 1 0 1 "Assault"
0 38 49 143 159 280 1 0 1 "Assault"
0 38 49 143 159 281 1 0 1 "Assault"
0 38 49 143 159 282 1 0 1 "Assault"
0 38 49 143 159 283 1 0 1 "Assault"
0 38 49 143 159 284 1 0 1 "Assault"
0 38 49 143 159 285 1 0 1 "Assault"
0 38 49 143 159 286 1 0 1 "Assault"
0 38 49 143 159 287 1 0 1 "Assault"
0 38 49 143 159 288 1 0 1 "Assault"
0 38 49 143 159 289 1 0 1 "Assault"
0 38 49 143 159 290 1 0 1 "Assault"
0 38 49 143 159 291 1 0 1 "Assault"
0 38 49 143 159 292 1 0 1 "Assault"
0 38 49 143 159 293 1 0 1 "Assault"
0 38 49 143 159 294 1 0 1 "Assault"
0 38 49 143 159 295 1 0 1 "Assault"
0 38 49 143 159 296 1 0 1 "Assault"
0 38 49 143 159 297 1 0 1 "Assault"
0 38 49 143 159 298 1 0 1 "Assault"
0 38 49 143 159 299 1 0 1 "Assault"
0 38 49 143 159 300 1 0 1 "Assault"
0 38 49 143 159 301 1 0 1 "Assault"
0 38 49 143 159 302 1 0 1 "Assault"
0 38 49 143 159 303 1 0 1 "Assault"
0 38 49 143 159 304 1 0 1 "Assault"
0 38 49 143 159 305 1 0 1 "Assault"
0 38 49 143 159 306 1 0 1 "Assault"
0 38 49 143 159 307 1 0 1 "Assault"
0 38 49 143 159 308 1 0 1 "Assault"
0 38 49 143 159 309 1 0 1 "Assault"
0 38 49 143 159 310 1 0 1 "Assault"
0 38 49 143 159 311 1 0 1 "Assault"
0 38 49 143 159 312 1 0 1 "Assault"
0 38 49 143 159 313 1 0 1 "Assault"
0 38 49 143 159 314 1 0 1 "Assault"
0 38 49 143 159 315 1 0 1 "Assault"
0 38 49 143 159 316 1 0 1 "Assault"
0 38 49 143 159 317 1 0 1 "Assault"
0 38 49 143 159 318 1 0 1 "Assault"
0 38 49 143 159 319 1 0 1 "Assault"
0 38 49 143 159 320 1 0 1 "Assault"
0 38 49 143 159 321 1 0 1 "Assault"
0 38 49 143 159 322 1 0 1 "Assault"
0 38 49 143 159 323 1 0 1 "Assault"
0 38 49 143 159 324 1 0 1 "Assault"
0 38 49 143 159 325 1 0 1 "Assault"
0 38 49 143 159 326 1 0 1 "Assault"
0 38 49 143 159 327 1 0 1 "Assault"
0 38 49 143 159 328 1 0 1 "Assault"
0 38 49 143 159 329 1 0 1 "Assault"
0 38 49 143 159 330 1 0 1 "Assault"
0 38 49 143 159 331 1 0 1 "Assault"
0 38 49 143 159 332 1 0 1 "Assault"
0 38 49 143 159 333 1 0 1 "Assault"
0 38 49 143 159 334 1 0 1 "Assault"
0 38 49 143 159 335 1 0 1 "Assault"
0 38 49 143 159 336 1 0 1 "Assault"
0 38 49 143 159 337 1 0 1 "Assault"
0 38 49 143 159 338 1 0 1 "Assault"
0 38 49 143 159 339 1 0 1 "Assault"
0 38 49 143 159 340 1 0 1 "Assault"
0 38 49 143 159 341 1 0 1 "Assault"
0 38 49 143 159 342 1 0 1 "Assault"
0 38 49 143 159 343 1 0 1 "Assault"
0 38 49 143 159 344 1 0 1 "Assault"
0 38 49 143 159 345 1 0 1 "Assault"
0 38 49 143 159 346 1 0 1 "Assault"
0 38 49 143 159 347 1 0 1 "Assault"
0 38 49 143 159 348 1 0 1 "Assault"
0 38 49 143 159 349 1 0 1 "Assault"
0 38 49 143 159 350 1 0 1 "Assault"
0 38 49 143 159 351 1 0 1 "Assault"
0 38 49 143 159 352 1 0 1 "Assault"
0 38 49 143 159 353 1 0 1 "Assault"
0 38 49 143 159 354 1 0 1 "Assault"
0 38 49 143 159 355 1 0 1 "Assault"
0 38 49 143 159 356 1 0 1 "Assault"
0 38 49 143 159 357 1 0 1 "Assault"
0 38 49 143 159 358 1 0 1 "Assault"
0 38 49 143 159 359 1 0 1 "Assault"
0 38 49 143 159 360 1 0 1 "Assault"
0 38 49 143 159 361 1 0 1 "Assault"
0 38 49 143 159 362 1 0 1 "Assault"
0 38 49 143 159 363 1 0 1 "Assault"
0 38 49 143 159 364 1 0 1 "Assault"
0 38 49 143 159 365 1 0 1 "Assault"
0 38 49 143 159 366 1 0 1 "Assault"
0 38 49 143 159 367 1 0 1 "Assault"
0 38 49 143 159 368 1 0 1 "Assault"
0 38 49 143 159 369 1 0 1 "Assault"
0 38 49 143 159 370 1 0 1 "Assault"
0 38 49 143 159 371 1 0 1 "Assault"
0 38 49 143 159 372 1 0 1 "Assault"
0 38 49 143 159 373 1 0 1 "Assault"
0 38 49 143 159 374 1 0 1 "Assault"
0 38 49 143 159 375 1 0 1 "Assault"
0 38 49 143 159 376 0 0 0 "Assault"
0 38 49 144 160 377 0 0 1 "Assault"
0 38 49 146 161 378 0 0 1 "Assault"
0 38 49 147 162 379 0 0 1 "Assault"
0 38 49 149 163 380 0 0 1 "Assault"
0 38 49 150 164 381 0 0 1 "Assault"
0 38 49 152 165 382 0 0 1 "Assault"
0 38 49 153 166 383 0 0 1 "Assault"
0 38 49 155 168 384 0 0 1 "Assault"
0 38 49 156 169 385 0 0 1 "Assault"
0 38 49 158 170 386 0 0 1 "Assault"
0 38 49 159 171 387 0 0 1 "Assault"
0 38 49 161 172 388 0 0 1 "Assault"
0 38 49 162 173 389 0 0 1 "Assault"
0 38 49 164 174 390 0 0 1 "Assault"
0 38 49 166 176 391 0 0 0 "Assault"
0 38 49 166 176 392 0 0 1 "Assault"
0 39 49 167 176 393 0 0 1 "Assault"
0 39 49 167 176 394 0 0 1 "Assault"
0 40 49 168 176 395 0 0 1 "Assault"
0 40 50 168 177 396 0 0 1 "Assault"
0 41 50 169 177 397 0 0 1 "Assault"
0 42 50 170 177 398 0 0 1 "Assault"
0 42 50 170 177 399 0 0 1 "Assault"
0 43 50 171 177 400 0 0 1 "Assault"
0 43 51 171 178 401 0 0 1 "Assault"
0 44 51 172 178 402 0 0 1 "Assault"
0 44 51 172 178 403 0 0 1 "Assault"
0 45 51 173 178 404 0 0 1 "Assault"
0 46 52 174 179 405 0 0 0 "Assault"
0 46 53 174 179 406 0 0 1 "Assault"
0 47 54 175 179 407 0 0 1 "Assault"
0 47 55 175 180 408 0 0 1 "Assault"
0 48 57 176 180 409 0 0 1 "Assault"
0 49 58 176 180 410 0 0 1 "Assault"
0 49 59 177 181 411 0 0 1 "Assault"
0 50 61 178 181 412 0 0 1 "Assault"
0 50 62 178 182 413 0 0 1 "Assault"
0 51 63 179 182 414 0 0 1 "Assault"
0 52 64 179 182 415 0 0 1 "Assault"
0 52 66 180 183 416 0 0 1 "Assault"
0 53 67 180 183 417 0 0 1 "Assault"
0 54 68 181 183 418 0 0 1 "Assault"
0 54 70 182 184 419 0 0 1 "Assault"
0 55 71 182 184 420 0 0 1 "Assault"
0 55 72 183 185 421 0 0 1 "Assault"
0 56 73 183 185 422 0 0 1 "Assault"
0 57 75 184 185 423 0 0 1 "Assault"
0 57 76 184 186 424 0 0 1 "Assault"
0 58 77 185 186 425 0 0 1 "Assault"
0 59 79 186 187 426 1 0 0 "Assault"
0 59 79 186 187 427 1 0 1 "Assault"
0 59 79 186 187 428 1 0 1 "Assault"
0 59 79 186 187 429 1 0 1 "Assault"
0 59 79 186 187 430 1 0 1 "Assault"
0 59 79 186 187 431 1 0 1 "Assault"
0 59 79 186 187 432 1 0 1 "Assault"
0 59 79 186 187 433 1 0 1 "Assault"
0 59 79 186 187 434 1 0 1 "Assault"
0 59 79 186 187 435 1 0 1 "Assault"
0 59 79 186 187 436 1 0 1 "Assault"
0 59 79 186 187 437 1 0 1 "Assault"
0 59 79 186 187 438 1 0 1 "Assault"
0 59 79 186 187 439 1 0 1 "Assault"
0 59 79 186 187 440 1 0 1 "Assault"
0 59 79 186 187 441 1 0 1 "Assault"
0 59 79 186 187 442 1 0 1 "Assault"
0 59 79 186 187 443 1 0 1 "Assault"
0 59 79 186 187 444 1 0 1 "Assault"
0 59 79 186 187 445 1 0 1 "Assault"
0 59 79 186 187 446 1 0 1 "Assault"
0 59 79 186 187 447 1 0 1 "Assault"
0 59 79 186 187 448 1 0 1 "Assault"
0 59 79 186 187 449 1 0 1 "Assault"
0 59 79 186 187 450 1 0 1 "Assault"
0 59 79 186 187 451 1 0 1 "Assault"
0 59 79 186 187 452 1 0 1 "Assault"
0 59 79 186 187 453 1 0 0 "Assault"
0 58 78 183 187 454 1 0 1 "Assault"
0 57 77 181 187 455 1 0 1 "Assault"
0 56 76 179 187 456 1 0 1 "Assault"
0 55 76 177 187 457 1 0 1 "Assault"
0 54 75 175 187 458 1 0 1 "Assault"
0 53 74 173 187 459 1 0 1 "Assault"
0 52 74 171 187 460 1 0 1 "Assault"
0 51 73 169 187 461 1 0 1 "Assault"
0 50 72 167 187 462 1 0 1 "Assault"
0 49 71 165 187 463 1 0 1 "Assault"
0 48 71 162 187 464 1 0 1 "Assault"
0 47 70 160 187 465 1 0 1 "Assault"
0 46 69 158 187 466 1 0 1 "Assault"
0 45 69 156 187 467 1 0 1 "Assault"
0 44 68 154 187 468 1 0 1 "Assault"
0 43 67 152 187 469 1 0 1 "Assault"
0 42 66 150 187 470 1 0 1 "Assault"
0 41 66 148 187 471 1 0 1 "Assault"
0 40 65 146 187 472 1 0 1 "Assault"
0 39 64 144 187 473 1 0 1 "Assault"
0 39 64 142 187 474 0 0 0 "Assault"
0 39 64 142 186 475 0 0 1 "Assault"
0 40 64 142 186 476 0 0 1 "Assault"
0 41 64 142 186 477 0 0 1 "Assault"
0 41 64 142 186 478 0 0 1 "Assault"
0 42 64 142 186 479 0 0 1 "Assault"
0 43 64 142 186 480 0 0 1 "Assault"
0 44 64 142 186 481 0 0 1 "Assault"
0 44 64 142 186 482 0 0 1 "Assault"
0 45 64 142 186 483 0 0 1 "Assault"
0 46 64 142 186 484 0 0 1 "Assault"
0 47 64 142 186 485 0 0 0 "Assault"
0 48 64 143 186 486 0 0 1 "Assault"
0 49 64 144 186 487 0 0 1 "Assault"
0 50 65 145 187 488 0 0 1 "Assault"
0 52 65 147 187 489 0 0 1 "Assault"
0 53 66 148 188 490 0 0 1 "Assault"
0 54 66 149 188 491 0 0 1 "Assault"
0 55 66 150 188 492 0 0 1 "Assault"
0 57 67 152 189 493 0 0 1 "Assault"
0 58 67 153 189 494 0 0 1 "Assault"
0 59 68 154 190 495 0 0 1 "Assault"
0 60 68 155 190 496 0 0 1 "Assault"
0 62 68 157 190 497 0 0 1 "Assault"
0 63 69 158 191 498 0 0 1 "Assault"
0 64 69 159 191 499 0 0 1 "Assault"
0 66 70 161 192 500 0 0 0 "Assault"
0 67 70 162 192 501 0 0 1 "Assault"
0 69 71 164 193 502 0 0 1 "Assault"
0 71 72 166 194 503 0 0 1 "Assault"
0 72 72 167 194 504 0 0 1 "Assault"
0 74 73 169 195 505 0 0 1 "Assault"
0 76 74 171 196 506 0 0 1 "Assault"
0 78 75 173 197 507 0 0 0 "Assault"
0 79 74 174 196 508 0 0 1 "Assault"
0 80 74 175 196 509 0 0 1 "Assault"
0 81 73 176 195 510 0 0 1 "Assault"
0 82 73 177 195 511 0 0 1 "Assault"
0 83 72 178 194 512 0 0 1 "Assault"
0 84 72 179 194 513 0 0 1 "Assault"
0 86 72 181 194 514 1 0 0 "Assault"
0 86 72 181 194 515 1 0 1 "Assault"
0 86 72 181 194 516 1 0 1 "Assault"
0 86 72 181 194 517 1 0 1 "Assault"
0 86 72 181 194 518 1 0 1 "Assault"
0 86 72 181 194 519 1 0 1 "Assault"
0 86 72 181 194 520 1 0 0 "Assault"
0 86 72 181 194 521 1 0 1 "Assault"
0 86 72 181 194 522 1 0 1 "Assault"
0 86 72 181 194 523 1 0 1 "Assault"
0 86 72 181 194 524 1 0 1 "Assault"
0 86 72 181 194 525 1 0 1 "Assault"
0 86 72 181 194 526 1 0 1 "Assault"
0 86 72 181 194 527 1 0 1 "Assault"
0 86 72 181 194 528 1 0 1 "Assault"
0 86 72 181 194 529 1 0 1 "Assault"
0 86 72 181 194 530 1 0 1 "Assault"
0 86 72 181 194 531 1 0 1 "Assault"
0 86 72 181 194 532 1 0 1 "Assault"
0 86 72 181 194 533 1 0 1 "Assault"
0 86 72 181 194 534 1 0 1 "Assault"
0 86 72 181 194 535 1 0 1 "Assault"
0 86 72 181 194 536 1 0 1 "Assault"
0 86 72 181 194 537 1 0 1 "Assault"
0 86 72 181 194 538 1 0 1 "Assault"
0 86 72 181 194 539 1 0 1 "Assault"
0 86 72 181 194 540 1 0 1 "Assault"
0 86 72 181 194 541 1 0 1 "Assault"
0 86 72 181 194 542 1 0 1 "Assault"
0 86 72 181 194 543 1 0 1 "Assault"
0 86 72 181 194 544 1 0 1 "Assault"
0 86 72 181 194 545 1 0 1 "Assault"
0 86 72 181 194 546 1 0 1 "Assault"
0 86 72 181 194 547 1 0 1 "Assault"
0 86 72 181 194 548 1 0 1 "Assault"
0 86 72 181 194 549 1 0 1 "Assault"
0 86 72 181 194 550 1 0 1 "Assault"
0 86 72 181 194 551 1 0 1 "Assault"
0 86 72 181 194 552 1 0 1 "Assault"
0 86 72 181 194 553 1 0 1 "Assault"
0 86 72 181 194 554 1 0 1 "Assault"
0 86 72 181 194 555 1 0 1 "Assault"
0 86 72 181 194 556 1 0 1 "Assault"
0 86 72 181 194 557 1 0 1 "Assault"
0 86 72 181 194 558 1 0 1 "Assault"
0 86 72 181 194 559 1 0 1 "Assault"
0 86 72 181 194 560 1 0 1 "Assault"
0 86 72 181 194 561 1 0 1 "Assault"
0 86 72 181 194 562 1 0 1 "Assault"
0 86 72 181 194 563 1 0 1 "Assault"
0 86 72 181 194 564 1 0 1 "Assault"
0 86 72 181 194 565 1 0 1 "Assault"
0 86 72 181 194 566 1 0 1 "Assault"
0 86 72 181 194 567 1 0 1 "Assault"
0 86 72 181 194 568 1 0 1 "Assault"
0 86 72 181 194 569 1 0 1 "Assault"
0 86 72 181 194 570 1 0 1 "Assault"
0 86 72 181 194 571 1 0 1 "Assault"
0 86 72 181 194 572 1 0 1 "Assault"
0 86 72 181 194 573 1 0 1 "Assault"
0 86 72 181 194 574 1 0 1 "Assault"
0 86 72 181 194 575 1 0 1 "Assault"
0 86 72 181 194 576 1 0 1 "Assault"
0 86 72 181 194 577 1 0 1 "Assault"
0 86 72 181 194 578 1 0 1 "Assault"
0 86 72 181 194 579 1 0 1 "Assault"
0 86 72 181 194 580 1 0 1 "Assault"
0 86 72 181 194 581 1 0 1 "Assault"
0 86 72 181 194 582 1 0 1 "Assault"
0 86 72 181 194 583 1 0 1 "Assault"
0 86 72 181 194 584 1 0 1 "Assault"
0 86 72 181 194 585 1 0 1 "Assault"
0 86 72 181 194 586 1 0 1 "Assault"
0 86 72 181 194 587 1 0 1 "Assault"
0 86 72 181 194 588 1 0 1 "Assault"
0 86 72 181 194 589 1 0 1 "Assault"
0 86 72 181 194 590 1 0 1 "Assault"
0 86 72 181 194 591 1 0 1 "Assault"
0 86 72 181 194 592 1 0 1 "Assault"
0 86 72 181 194 593 1 0 1 "Assault"
0 86 72 181 194 594 1 0 1 "Assault"
0 86 72 181 194 595 1 0 1 "Assault"
0 86 72 181 194 596 1 0 1 "Assault"
0 86 72 181 194 597 1 0 1 "Assault"
0 86 72 181 194 598 1 0 1 "Assault"
0 86 72 181 194 599 1 0 1 "Assault"
0 86 72 181 194 600 1 0 1 "Assault"
0 86 72 181 194 601 1 0 1 "Assault"
0 86 72 181 194 602 1 0 1 "Assault"
0 86 72 181 194 603 1 0 0 "Assault"
