0 95 143 205 211 0 1 0 0 "Assault"
0 95 142 205 210 1 1 0 1 "Assault"
0 95 142 205 210 2 1 0 1 "Assault"
0 95 142 205 210 3 1 0 1 "Assault"
0 95 142 205 210 4 1 0 1 "Assault"
0 95 142 206 210 5 1 0 1 "Assault"
0 95 141 206 210 6 1 0 1 "Assault"
0 95 141 206 210 7 1 0 1 "Assault"
0 95 141 206 210 8 1 0 1 "Assault"
0 95 141 206 210 9 1 0 1 "Assault"
0 95 141 207 210 10 1 0 1 "Assault"
0 95 140 207 210 11 1 0 1 "Assault"
0 95 140 207 210 12 1 0 1 "Assault"
0 95 140 207 210 13 1 0 1 "Assault"
0 95 140 208 210 14 1 0 1 "Assault"
0 95 140 208 210 15 1 0 1 "Assault"
0 95 139 208 210 16 1 0 1 "Assault"
0 95 139 208 210 17 1 0 1 "Assault"
0 95 139 208 210 18 1 0 1 "Assault"
0 95 139 209 210 19 1 0 1 "Assault"
0 95 139 209 210 20 1 0 1 "Assault"
0 95 139 209 210 21 1 0 1 "Assault"
0 95 138 209 210 22 1 0 1 "Assault"
0 95 138 209 210 23 1 0 1 "Assault"
0 95 138 210 210 24 1 0 1 "Assault"
0 95 138 210 210 25 1 0 1 "Assault"
0 95 138 210 210 26 1 0 1 "Assault"
0 95 137 210 210 27 1 0 1 "Assault"
0 95 137 211 210 28 1 0 1 "Assault"
0 95 137 211 210 29 1 0 1 "Assault"
0 95 137 211 210 30 1 0 1 "Assault"
0 95 137 211 210 31 1 0 1 "Assault"
0 95 136 211 210 32 1 0 1 "Assault"
0 95 136 212 210 33 1 0 1 "Assault"
0 95 136 212 210 34 1 0 1 "Assault"
0 95 136 212 210 35 1 0 1 "Assault"
0 95 136 212 210 36 1 0 1 "Assault"
0 95 136 213 210 37 1 0 1 "Assault"
0 95 135 213 210 38 1 0 1 "Assault"
0 95 135 213 210 39 1 0 1 "Assault"
0 95 135 213 210 40 1 0 1 "Assault"
0 95 135 213 210 41 1 0 1 "Assault"
0 95 135 214 210 42 1 0 1 "Assault"
0 95 134 214 210 43 1 0 1 "Assault"
0 95 134 214 210 44 1 0 1 "Assault"
0 95 134 214 210 45 1 0 1 "Assault"
0 95 134 214 210 46 1 0 1 "Assault"
0 95 134 215 210 47 1 0 1 "Assault"
0 95 133 215 210 48 1 0 1 "Assault"
0 95 133 215 210 49 1 0 1 "Assault"
0 95 133 215 210 50 1 0 1 "Assault"
0 95 133 216 210 51 1 0 1 "Assault"
0 95 133 216 210 52 1 0 1 "Assault"
0 95 132 216 210 53 1 0 1 "Assault"
0 95 132 216 210 54 1 0 1 "Assault"
0 95 132 216 210 55 1 0 1 "Assault"
0 95 132 217 210 56 1 0 1 "Assault"
0 95 132 217 210 57 1 0 1 "Assault"
0 95 132 217 210 58 1 0 1 "Assault"
0 95 131 217 210 59 1 0 1 "Assault"
0 95 131 217 210 60 1 0 1 "Assault"
0 95 131 218 210 61 1 0 1 "Assault"
0 95 131 218 210 62 1 0 1 "Assault"
0 95 131 218 210 63 1 0 1 "Assault"
0 95 130 218 210 64 1 0 1 "Assault"
0 95 130 219 210 65 1 0 1 "Assault"
0 95 130 219 210 66 1 0 1 "Assault"
0 95 130 219 210 67 1 0 1 "Assault"
0 95 130 219 210 68 1 0 1 "Assault"
0 95 129 219 210 69 1 0 1 "Assault"
0 95 129 220 210 70 1 0 1 "Assault"
0 95 129 220 210 71 1 0 1 "Assault"
0 95 129 220 210 72 1 0 1 "Assault"
0 95 129 220 210 73 1 0 1 "Assault"
0 95 129 221 210 74 0 0 0 "Assault"
0 102 128 227 208 75 0 0 1 "Assault"
0 109 127 234 207 76 0 0 1 "Assault"
0 116 126 241 206 77 0 0 0 "Assault"
0 118 120 243 206 78 0 0 1 "Assault"
0 121 114 245 206 79 0 0 1 "Assault"
0 123 109 248 207 80 0 0 1 "Assault"
0 126 103 250 207 81 0 0 1 "Assault"
0 128 98 252 207 82 0 0 1 "Assault"
0 131 92 255 208 83 0 0 1 "Assault"
0 133 87 257 208 84 0 0 1 "Assault"
0 136 81 259 208 85 0 0 1 "Assault"
0 139 76 262 209 86 0 0 0 "Assault"
0 142 74 265 207 87 0 0 1 "Assault"
0 145 73 268 206 88 0 0 1 "Assault"
0 148 72 271 205 89 0 0 1 "Assault"
0 151 71 274 204 90 0 0 1 "Assault"
0 155 70 278 203 91 0 0 0 "Assault"
0 154 69 277 202 92 0 0 1 "Assault"
0 153 68 276 201 93 0 0 1 "Assault"
0 153 67 276 200 94 0 0 1 "Assault"
0 152 66 275 199 95 0 0 1 "Assault"
0 151 66 274 199 96 0 0 1 "Assault"
0 151 65 274 198 97 0 0 1 "Assault"
0 150 64 273 197 98 0 0 1 "Assault"
0 149 63 272 196 99 0 0 1 "Assault"
0 149 63 272 196 100 0 0 0 "Assault"
0 147 63 270 196 101 0 0 1 "Assault"
0 146 63 269 196 102 0 0 1 "Assault"
0 145 64 268 197 103 0 0 1 "Assault"
0 144 64 267 197 104 0 0 1 "Assault"
0 143 64 266 197 105 0 0 1 "Assault"
0 142 65 265 198 106 0 0 0 "Assault"
0 142 65 262 197 107 0 0 1 "Assault"
0 142 65 260 197 108 0 0 1 "Assault"
0 142 65 258 197 109 0 0 1 "Assault"
0 142 65 256 197 110 0 0 1 "Assault"
0 142 65 254 197 111 0 0 1 "Assault"
0 142 65 252 197 112 0 0 1 "Assault"
0 142 65 250 197 113 0 0 1 "Assault"
0 142 65 248 197 114 0 0 0 "Assault"
0 141 63 247 195 115 0 0 1 "Assault"
0 140 62 246 194 116 0 0 1 "Assault"
0 139 60 245 192 117 0 0 1 "Assault"
0 138 59 244 191 118 0 0 1 "Assault"
0 137 57 243 189 119 0 0 1 "Assault"
0 136 56 242 188 120 0 0 1 "Assault"
0 135 54 241 186 121 0 0 1 "Assault"
0 135 53 241 185 122 0 0 0 "Assault"
0 134 52 240 184 123 0 0 1 "Assault"
0 133 51 239 183 124 0 0 1 "Assault"
0 132 50 238 182 125 0 0 1 "Assault"
0 131 49 237 181 126 0 0 0 "Assault"
0 131 49 233 179 127 0 0 1 "Assault"
0 131 50 230 178 128 0 0 1 "Assault"
0 131 51 227 177 129 0 0 1 "Assault"
0 131 52 224 176 130 0 0 0 "Assault"
0 130 51 223 175 131 0 0 1 "Assault"
0 129 50 222 174 132 0 0 1 "Assault"
0 128 49 221 173 133 0 0 1 "Assault"
0 128 48 221 172 134 0 0 0 "Assault"
0 125 47 218 171 135 0 0 1 "Assault"
0 123 46 216 170 136 0 0 1 "Assault"
0 121 45 214 169 137 0 0 1 "Assault"
0 119 45 212 169 138 0 0 0 "Assault"
0 119 44 212 168 139 0 0 1 "Assault"
0 119 43 212 167 140 0 0 1 "Assault"
0 120 43 213 167 141 0 0 0 "Assault"
0 120 43 212 166 142 0 0 1 "Assault"
0 120 43 212 165 143 0 0 1 "Assault"
0 120 43 212 165 144 0 0 1 "Assault"
0 120 43 212 164 145 0 0 1 "Assault"
0 120 43 212 163 146 0 0 1 "Assault"
0 120 43 212 163 147 0 0 1 "Assault"
0 120 43 212 162 148 0 0 1 "Assault"
0 120 43 212 161 149 0 0 1 "Assault"
0 120 43 212 161 150 0 0 1 "Assault"
0 120 43 212 160 151 0 0 1 "Assault"
0 120 43 212 160 152 0 0 0 "Assault"
0 119 42 211 159 153 0 0 1 "Assault"
0 119 42 211 159 154 0 0 1 "Assault"
0 119 42 211 159 155 0 0 1 "Assault"
0 119 42 211 159 156 0 0 1 "Assault"
0 119 42 211 159 157 0 0 1 "Assault"
0 119 41 211 158 158 0 0 1 "Assault"
0 119 41 211 158 159 0 0 1 "Assault"
0 119 41 211 158 160 0 0 1 "Assault"
0 119 41 211 158 161 0 0 1 "Assault"
0 119 41 211 158 162 0 0 1 "Assault"
0 119 41 211 158 163 0 0 1 "Assault"
0 119 40 211 157 164 0 0 1 "Assault"
0 119 40 211 157 165 0 0 1 "Assault"
0 119 40 211 157 166 0 0 1 "Assault"
0 119 40 211 157 167 0 0 1 "Assault"
0 119 40 211 157 168 0 0 1 "Assault"
0 119 40 211 157 169 0 0 1 "Assault"
0 119 39 211 156 170 0 0 1 "Assault"
0 119 39 211 156 171 0 0 1 "Assault"
0 119 39 211 156 172 0 0 1 "Assault"
0 119 39 211 156 173 0 0 1 "Assault"
0 119 39 211 156 174 0 0 1 "Assault"
0 119 39 211 156 175 0 0 1 "Assault"
0 119 38 211 155 176 0 0 1 "Assault"
0 119 38 211 155 177 0 0 1 "Assault"
0 119 38 211 155 178 0 0 1 "Assault"
0 119 38 211 155 179 0 0 1 "Assault"
0 119 38 211 155 180 0 0 1 "Assault"
0 119 38 211 155 181 0 0 1 "Assault"
0 119 37 211 154 182 0 0 1 "Assault"
0 119 37 211 154 183 0 0 1 "Assault"
0 119 37 211 154 184 0 0 1 "Assault"
0 119 37 211 154 185 0 0 1 "Assault"
0 119 37 211 154 186 0 0 1 "Assault"
0 119 37 211 154 187 0 0 0 "Assault"
0 119 36 211 153 188 0 0 1 "Assault"
0 119 36 211 153 189 0 0 1 "Assault"
0 119 36 211 153 190 0 0 1 "Assault"
0 120 36 212 153 191 0 0 1 "Assault"
0 120 36 212 153 192 0 0 1 "Assault"
0 120 36 212 153 193 0 0 1 "Assault"
0 120 36 212 153 194 0 0 1 "Assault"
0 121 36 213 153 195 0 0 1 "Assault"
0 121 36 213 153 196 0 0 1 "Assault"
0 121 36 213 153 197 0 0 1 "Assault"
0 121 36 213 153 198 0 0 1 "Assault"
0 122 36 214 153 199 0 0 1 "Assault"
0 122 36 214 153 200 0 0 1 "Assault"
0 122 36 214 153 201 0 0 1 "Assault"
0 122 36 214 153 202 0 0 1 "Assault"
0 123 36 215 153 203 0 0 1 "Assault"
0 123 36 215 153 204 0 0 1 "Assault"
0 123 36 215 153 205 0 0 1 "Assault"
0 123 36 215 153 206 0 0 1 "Assault"
0 124 36 216 153 207 0 0 1 "Assault"
0 124 36 216 153 208 0 0 1 "Assault"
0 124 35 216 152 209 0 0 1 "Assault"
0 125 35 217 152 210 0 0 1 "Assault"
0 125 35 217 152 211 0 0 1 "Assault"
0 125 35 217 152 212 0 0 1 "Assault"
0 125 35 217 152 213 0 0 1 "Assault"
0 126 35 218 152 214 0 0 1 "Assault"
0 126 35 218 152 215 0 0 1 "Assault"
0 126 35 218 152 216 0 0 1 "Assault"
0 126 35 218 152 217 0 0 1 "Assault"
0 127 35 219 152 218 0 0 1 "Assault"
0 127 35 219 152 219 0 0 1 "Assault"
0 127 35 219 152 220 0 0 1 "Assault"
0 127 35 219 152 221 0 0 1 "Assault"
0 128 35 220 152 222 0 0 1 "Assault"
0 128 35 220 152 223 0 0 1 "Assault"
0 128 35 220 152 224 0 0 1 "Assault"
0 128 35 220 152 225 0 0 1 "Assault"
0 129 35 221 152 226 0 0 1 "Assault"
0 129 35 221 152 227 0 0 1 "Assault"
0 129 35 221 152 228 0 0 1 "Assault"
0 130 35 222 152 229 0 0 0 "Assault"
0 129 35 221 152 230 0 0 1 "Assault"
0 129 35 221 152 231 0 0 1 "Assault"
0 129 35 221 152 232 0 0 1 "Assault"
0 129 35 221 152 233 0 0 1 "Assault"
0 129 35 221 152 234 0 0 1 "Assault"
0 129 35 221 152 235 0 0 1 "Assault"
0 129 35 221 152 236 0 0 1 "Assault"
0 129 35 221 152 237 0 0 1 "Assault"
0 129 35 221 152 238 0 0 1 "Assault"
0 129 36 221 153 239 0 0 1 "Assault"
0 129 36 221 153 240 0 0 1 "Assault"
0 129 36 221 153 241 0 0 1 "Assault"
0 129 36 221 153 242 0 0 1 "Assault"
0 129 36 221 153 243 0 0 1 "Assault"
0 129 36 221 153 244 0 0 1 "Assault"
0 129 36 221 153 245 0 0 1 "Assault"
0 129 36 221 153 246 0 0 1 "Assault"
0 129 36 221 153 247 0 0 1 "Assault"
0 129 36 221 153 248 0 0 1 "Assault"
0 129 37 221 154 249 0 0 1 "Assault"
0 129 37 221 154 250 0 0 1 "Assault"
0 129 37 221 154 251 0 0 1 "Assault"
0 129 37 221 154 252 0 0 1 "Assault"
0 129 37 221 154 253 0 0 1 "Assault"
0 129 37 221 154 254 0 0 1 "Assault"
0 129 37 221 154 255 0 0 1 "Assault"
0 129 37 221 154 256 0 0 1 "Assault"
0 129 37 221 154 257 0 0 1 "Assault"
0 129 38 221 155 258 0 0 1 "Assault"
0 129 38 221 155 259 0 0 1 "Assault"
0 129 38 221 155 260 0 0 1 "Assault"
0 129 38 221 155 261 0 0 1 "Assault"
0 129 38 221 155 262 0 0 1 "Assault"
0 129 38 221 155 263 0 0 1 "Assault"
0 129 38 221 155 264 0 0 1 "Assault"
0 128 38 220 155 265 0 0 1 "Assault"
0 128 38 220 155 266 0 0 1 "Assault"
0 128 38 220 155 267 0 0 1 "Assault"
0 128 39 220 156 268 0 0 1 "Assault"
0 128 39 220 156 269 0 0 1 "Assault"
0 128 39 220 156 270 0 0 1 "Assault"
0 128 39 220 156 271 0 0 1 "Assault"
0 128 39 220 156 272 0 0 1 "Assault"
0 128 39 220 156 273 0 0 1 "Assault"
0 128 39 220 156 274 0 0 1 "Assault"
0 128 39 220 156 275 0 0 1 "Assault"
0 128 39 220 156 276 0 0 1 "Assault"
0 128 40 220 157 277 0 0 1 "Assault"
0 128 40 220 157 278 0 0 1 "Assault"
0 128 40 220 157 279 0 0 1 "Assault"
0 128 40 220 157 280 0 0 1 "Assault"
0 128 40 220 157 281 0 0 1 "Assault"
0 128 40 220 157 282 0 0 1 "Assault"
0 128 40 220 157 283 0 0 1 "Assault"
0 128 40 220 157 284 0 0 1 "Assault"
0 128 40 220 157 285 0 0 1 "Assault"
0 128 40 220 157 286 0 0 1 "Assault"
0 128 41 220 158 287 0 0 1 "Assault"
0 128 41 220 158 288 0 0 1 "Assault"
0 128 41 220 158 289 0 0 1 "Assault"
0 128 41 220 158 290 0 0 1 "Assault"
0 128 41 220 158 291 0 0 1 "Assault"
0 128 41 220 158 292 0 0 1 "Assault"
0 128 41 220 158 293 0 0 1 "Assault"
0 128 41 220 158 294 0 0 1 "Assault"
0 128 41 220 158 295 0 0 1 "Assault"
0 128 42 220 159 296 0 0 1 "Assault"
0 128 42 220 159 297 0 0 1 "Assault"
0 128 42 220 159 298 0 0 1 "Assault"
0 128 42 220 159 299 0 0 1 "Assault"
0 127 42 219 159 300 0 0 1 "Assault"
0 127 42 219 159 301 0 0 1 "Assault"
0 127 42 219 159 302 0 0 1 "Assault"
0 127 42 219 159 303 0 0 1 "Assault"
0 127 42 219 159 304 0 0 1 "Assault"
0 127 42 219 159 305 0 0 1 "Assault"
0 127 43 219 160 306 0 0 1 "Assault"
0 127 43 219 160 307 0 0 1 "Assault"
0 127 43 219 160 308 0 0 1 "Assault"
0 127 43 219 160 309 0 0 1 "Assault"
0 127 43 219 160 310 0 0 1 "Assault"
0 127 43 219 160 311 0 0 1 "Assault"
0 127 43 219 160 312 0 0 1 "Assault"
0 127 43 219 160 313 0 0 1 "Assault"
0 127 43 219 160 314 0 0 1 "Assault"
0 127 44 219 161 315 0 0 1 "Assault"
0 127 44 219 161 316 0 0 1 "Assault"
0 127 44 219 161 317 0 0 1 "Assault"
0 127 44 219 161 318 0 0 1 "Assault"
0 127 44 219 161 319 0 0 1 "Assault"
0 127 44 219 161 320 0 0 1 "Assault"
0 127 44 219 161 321 0 0 1 "Assault"
0 127 44 219 161 322 0 0 1 "Assault"
0 127 44 219 161 323 0 0 1 "Assault"
0 127 44 219 161 324 0 0 1 "Assault"
0 127 45 219 162 325 0 0 1 "Assault"
0 127 45 219 162 326 0 0 1 "Assault"
0 127 45 219 162 327 0 0 1 "Assault"
0 127 45 219 162 328 0 0 1 "Assault"
0 127 45 219 162 329 0 0 1 "Assault"
0 127 45 219 162 330 0 0 1 "Assault"
0 127 45 219 162 331 0 0 1 "Assault"
0 127 45 219 162 332 0 0 1 "Assault"
0 127 45 219 162 333 0 0 1 "Assault"
0 127 46 219 163 334 0 0 0 "Assault"
0 127 46 219 163 335 0 0 1 "Assault"
0 128 46 220 163 336 0 0 1 "Assault"
0 129 47 221 164 337 0 0 1 "Assault"
0 130 47 222 164 338 0 0 1 "Assault"
0 131 47 223 164 339 0 0 1 "Assault"
0 132 48 224 165 340 0 0 1 "Assault"
0 132 48 224 165 341 0 0 1 "Assault"
0 133 48 225 165 342 0 0 1 "Assault"
0 134 49 226 166 343 0 0 1 "Assault"
0 135 49 227 166 344 0 0 1 "Assault"
0 136 49 228 166 345 0 0 1 "Assault"
0 137 50 229 167 346 0 0 1 "Assault"
0 137 50 229 167 347 0 0 1 "Assault"
0 138 50 230 167 348 0 0 1 "Assault"
0 139 51 231 168 349 0 0 1 "Assault"
0 140 51 232 168 350 0 0 1 "Assault"
0 141 51 233 168 351 0 0 1 "Assault"
0 142 52 234 169 352 0 0 0 "Assault"
0 141 52 233 168 353 0 0 1 "Assault"
0 141 52 233 168 354 0 0 1 "Assault"
0 141 52 233 168 355 0 0 1 "Assault"
0 141 52 233 167 356 0 0 1 "Assault"
0 141 52 233 167 357 0 0 1 "Assault"
0 141 52 233 167 358 0 0 1 "Assault"
0 141 52 233 167 359 0 0 1 "Assault"
0 141 52 233 166 360 0 0 1 "Assault"
0 141 52 233 166 361 0 0 1 "Assault"
0 141 52 233 166 362 0 0 1 "Assault"
0 141 52 233 166 363 0 0 1 "Assault"
0 141 52 232 165 364 0 0 1 "Assault"
0 141 52 232 165 365 0 0 1 "Assault"
0 141 52 232 165 366 0 0 1 "Assault"
0 140 52 232 165 367 0 0 1 "Assault"
0 140 52 232 164 368 0 0 1 "Assault"
0 140 52 232 164 369 0 0 1 "Assault"
0 140 52 232 164 370 0 0 1 "Assault"
0 140 52 232 164 371 0 0 1 "Assault"
0 140 52 232 163 372 0 0 1 "Assault"
0 140 52 232 163 373 0 0 1 "Assault"
0 140 52 232 163 374 0 0 1 "Assault"
0 140 52 232 163 375 0 0 1 "Assault"
0 140 52 231 162 376 0 0 1 "Assault"
0 140 52 231 162 377 0 0 1 "Assault"
0 140 52 231 162 378 0 0 1 "Assault"
0 140 52 231 162 379 0 0 1 "Assault"
0 140 52 231 161 380 0 0 1 "Assault"
0 139 52 231 161 381 0 0 1 "Assault"
0 139 52 231 161 382 0 0 1 "Assault"
0 139 52 231 161 383 0 0 1 "Assault"
0 139 52 231 160 384 0 0 1 "Assault"
0 139 52 231 160 385 0 0 1 "Assault"
0 139 52 231 160 386 0 0 1 "Assault"
0 139 52 231 160 387 0 0 1 "Assault"
0 139 52 230 159 388 0 0 1 "Assault"
0 139 52 230 159 389 0 0 1 "Assault"
0 139 52 230 159 390 0 0 1 "Assault"
0 139 52 230 159 391 0 0 1 "Assault"
0 139 52 230 158 392 0 0 1 "Assault"
0 139 52 230 158 393 0 0 1 "Assault"
0 139 52 230 158 394 0 0 1 "Assault"
0 138 52 230 158 395 0 0 1 "Assault"
0 138 52 230 157 396 0 0 1 "Assault"
0 138 52 230 157 397 0 0 1 "Assault"
0 138 52 230 157 398 0 0 1 "Assault"
0 138 52 230 157 399 0 0 1 "Assault"
0 138 52 229 156 400 0 0 1 "Assault"
0 138 52 229 156 401 0 0 1 "Assault"
0 138 52 229 156 402 0 0 1 "Assault"
0 138 52 229 155 403 0 0 1 "Assault"
0 138 52 229 155 404 0 0 1 "Assault"
0 138 52 229 155 405 0 0 1 "Assault"
0 138 52 229 155 406 0 0 1 "Assault"
0 138 52 229 154 407 0 0 1 "Assault"
0 138 52 229 154 408 0 0 1 "Assault"
0 137 52 229 154 409 0 0 1 "Assault"
0 137 52 229 154 410 0 0 1 "Assault"
0 137 52 228 153 411 0 0 1 "Assault"
0 137 52 228 153 412 0 0 1 "Assault"
0 137 52 228 153 413 0 0 1 "Assault"
0 137 52 228 153 414 0 0 1 "Assault"
0 137 52 228 152 415 0 0 1 "Assault"
0 137 52 228 152 416 0 0 1 "Assault"
0 137 52 228 152 417 0 0 1 "Assault"
0 137 52 228 152 418 0 0 1 "Assault"
0 137 52 228 151 419 0 0 1 "Assault"
0 137 52 228 151 420 0 0 1 "Assault"
0 137 52 228 151 421 0 0 1 "Assault"
0 137 52 228 151 422 0 0 1 "Assault"
0 136 52 227 150 423 0 0 1 "Assault"
0 136 52 227 150 424 0 0 1 "Assault"
0 136 52 227 150 425 0 0 1 "Assault"
0 136 52 227 150 426 0 0 1 "Assault"
0 136 52 227 149 427 0 0 1 "Assault"
0 136 52 227 149 428 0 0 1 "Assault"
0 136 52 227 149 429 0 0 1 "Assault"
0 136 52 227 149 430 0 0 1 "Assault"
0 136 52 227 148 431 0 0 1 "Assault"
0 136 52 227 148 432 0 0 1 "Assault"
0 136 52 227 148 433 0 0 1 "Assault"
0 136 52 227 148 434 0 0 1 "Assault"
0 136 52 226 147 435 0 0 1 "Assault"
0 136 52 226 147 436 0 0 1 "Assault"
0 135 52 226 147 437 0 0 1 "Assault"
0 135 52 226 147 438 0 0 1 "Assault"
0 135 52 226 146 439 0 0 1 "Assault"
0 135 52 226 146 440 0 0 1 "Assault"
0 135 52 226 146 441 0 0 1 "Assault"
0 135 52 226 146 442 0 0 1 "Assault"
0 135 52 226 145 443 0 0 1 "Assault"
0 135 52 226 145 444 0 0 1 "Assault"
0 135 52 226 145 445 0 0 1 "Assault"
0 135 52 226 145 446 0 0 1 "Assault"
0 135 52 225 144 447 0 0 1 "Assault"
0 135 52 225 144 448 0 0 1 "Assault"
0 135 52 225 144 449 0 0 1 "Assault"
0 135 52 225 143 450 0 0 1 "Assault"
0 134 52 225 143 451 0 0 1 "Assault"
0 134 52 225 143 452 0 0 1 "Assault"
0 134 52 225 143 453 0 0 1 "Assault"
0 134 52 225 142 454 0 0 1 "Assault"
0 134 52 225 142 455 0 0 1 "Assault"
0 134 52 225 142 456 0 0 1 "Assault"
0 134 52 225 142 457 0 0 1 "Assault"
0 134 52 224 141 458 0 0 1 "Assault"
0 134 52 224 141 459 0 0 1 "Assault"
0 134 52 224 141 460 0 0 1 "Assault"
0 134 52 224 141 461 0 0 1 "Assault"
0 134 52 224 140 462 0 0 1 "Assault"
0 134 52 224 140 463 0 0 1 "Assault"
0 134 52 224 140 464 0 0 1 "Assault"
0 133 52 224 140 465 0 0 1 "Assault"
0 133 52 224 139 466 0 0 1 "Assault"
0 133 52 224 139 467 0 0 1 "Assault"
0 133 52 224 139 468 0 0 1 "Assault"
0 133 52 224 139 469 0 0 1 "Assault"
0 133 52 223 138 470 0 0 1 "Assault"
0 133 52 223 138 471 0 0 1 "Assault"
0 133 52 223 138 472 0 0 1 "Assault"
0 133 52 223 138 473 0 0 1 "Assault"
0 133 52 223 137 474 0 0 1 "Assault"
0 133 52 223 137 475 0 0 1 "Assault"
0 133 52 223 137 476 0 0 1 "Assault"
0 133 52 223 137 477 0 0 1 "Assault"
0 133 52 223 136 478 0 0 1 "Assault"
0 132 52 223 136 479 0 0 1 "Assault"
0 132 52 223 136 480 0 0 1 "Assault"
0 132 52 223 136 481 0 0 1 "Assault"
0 132 52 222 135 482 0 0 1 "Assault"
0 132 52 222 135 483 0 0 1 "Assault"
0 132 52 222 135 484 0 0 1 "Assault"
0 132 52 222 135 485 0 0 1 "Assault"
0 132 52 222 134 486 0 0 1 "Assault"
0 132 52 222 134 487 0 0 1 "Assault"
0 132 52 222 134 488 0 0 1 "Assault"
0 132 52 222 134 489 0 0 1 "Assault"
0 132 52 222 133 490 0 0 1 "Assault"
0 132 52 222 133 491 0 0 1 "Assault"
0 132 52 222 133 492 0 0 1 "Assault"
0 132 52 222 133 493 0 0 0 "Assault"
0 131 51 221 132 494 0 0 1 "Assault"
0 131 51 221 132 495 0 0 1 "Assault"
0 131 51 221 132 496 0 0 1 "Assault"
0 131 51 221 132 497 0 0 1 "Assault"
0 131 51 221 132 498 0 0 1 "Assault"
0 130 50 220 131 499 0 0 1 "Assault"
0 130 50 220 131 500 0 0 1 "Assault"
0 130 50 220 131 501 0 0 1 "Assault"
0 130 50 220 131 502 0 0 1 "Assault"
0 130 50 220 131 503 0 0 1 "Assault"
0 129 49 219 130 504 0 0 1 "Assault"
0 129 49 219 130 505 0 0 1 "Assault"
0 129 49 219 130 506 0 0 1 "Assault"
0 129 49 219 130 507 0 0 1 "Assault"
0 129 49 219 130 508 0 0 1 "Assault"
0 129 49 219 130 509 0 0 1 "Assault"
0 128 48 218 129 510 0 0 1 "Assault"
0 128 48 218 129 511 0 0 1 "Assault"
0 128 48 218 129 512 0 0 1 "Assault"
0 128 48 218 129 513 0 0 1 "Assault"
0 128 48 218 129 514 0 0 1 "Assault"
0 127 47 217 128 515 0 0 1 "Assault"
0 127 47 217 128 516 0 0 1 "Assault"
0 127 47 217 128 517 0 0 1 "Assault"
0 127 47 217 128 518 0 0 1 "Assault"
0 127 47 217 128 519 0 0 1 "Assault"
0 127 47 217 128 520 0 0 1 "Assault"
0 126 46 216 127 521 0 0 1 "Assault"
0 126 46 216 127 522 0 0 1 "Assault"
0 126 46 216 127 523 0 0 1 "Assault"
0 126 46 216 127 524 0 0 1 "Assault"
0 126 46 216 127 525 0 0 1 "Assault"
0 125 45 215 126 526 0 0 1 "Assault"
0 125 45 215 126 527 0 0 1 "Assault"
0 125 45 215 126 528 0 0 1 "Assault"
0 125 45 215 126 529 0 0 1 "Assault"
0 125 45 215 126 530 0 0 1 "Assault"
0 125 45 215 126 531 0 0 0 "Assault"
0 124 44 214 126 532 0 0 1 "Assault"
0 124 44 214 126 533 0 0 1 "Assault"
0 124 44 214 126 534 0 0 1 "Assault"
0 124 44 214 127 535 0 0 1 "Assault"
0 123 44 213 127 536 0 0 1 "Assault"
0 123 44 213 127 537 0 0 1 "Assault"
0 123 44 213 128 538 0 0 1 "Assault"
0 123 44 213 128 539 0 0 1 "Assault"
0 122 44 212 128 540 0 0 1 "Assault"
0 122 44 212 129 541 0 0 1 "Assault"
0 122 44 212 129 542 0 0 1 "Assault"
0 122 44 212 129 543 0 0 1 "Assault"
0 122 44 211 129 544 0 0 1 "Assault"
0 121 44 211 130 545 0 0 1 "Assault"
0 121 44 211 130 546 0 0 1 "Assault"
0 121 44 211 130 547 0 0 1 "Assault"
0 121 44 210 131 548 0 0 1 "Assault"
0 120 44 210 131 549 0 0 1 "Assault"
0 120 44 210 131 550 0 0 1 "Assault"
0 120 44 210 132 551 0 0 1 "Assault"
0 120 44 209 132 552 0 0 1 "Assault"
0 120 44 209 132 553 0 0 1 "Assault"
0 119 43 209 132 554 0 0 1 "Assault"
0 119 43 209 133 555 0 0 1 "Assault"
0 119 43 208 133 556 0 0 1 "Assault"
0 119 43 208 133 557 0 0 1 "Assault"
0 118 43 208 134 558 0 0 1 "Assault"
0 118 43 208 134 559 0 0 1 "Assault"
0 118 43 207 134 560 0 0 1 "Assault"
0 118 43 207 135 561 0 0 1 "Assault"
0 117 43 207 135 562 0 0 1 "Assault"
0 117 43 207 135 563 0 0 1 "Assault"
0 117 43 207 136 564 0 0 1 "Assault"
0 117 43 206 136 565 0 0 1 "Assault"
0 117 43 206 136 566 0 0 1 "Assault"
0 116 43 206 136 567 0 0 1 "Assault"
0 116 43 206 137 568 0 0 1 "Assault"
0 116 43 205 137 569 0 0 1 "Assault"
0 116 43 205 137 570 0 0 1 "Assault"
0 115 43 205 138 571 0 0 1 "Assault"
0 115 43 205 138 572 0 0 1 "Assault"
0 115 43 204 138 573 0 0 1 "Assault"
0 115 43 204 139 574 0 0 1 "Assault"
0 115 43 204 139 575 0 0 1 "Assault"
0 114 42 204 139 576 0 0 1 "Assault"
0 114 42 203 139 577 0 0 1 "Assault"
0 114 42 203 140 578 0 0 1 "Assault"
0 114 42 203 140 579 0 0 1 "Assault"
0 113 42 203 140 580 0 0 1 "Assault"
0 113 42 202 141 581 0 0 1 "Assault"
0 113 42 202 141 582 0 0 1 "Assault"
0 113 42 202 141 583 0 0 1 "Assault"
0 112 42 202 142 584 0 0 1 "Assault"
0 112 42 201 142 585 0 0 1 "Assault"
0 112 42 201 142 586 0 0 1 "Assault"
0 112 42 201 142 587 0 0 1 "Assault"
0 112 42 201 143 588 0 0 1 "Assault"
0 111 42 200 143 589 0 0 1 "Assault"
0 111 42 200 143 590 0 0 1 "Assault"
0 111 42 200 144 591 0 0 1 "Assault"
0 111 42 200 144 592 0 0 1 "Assault"
0 110 42 199 144 593 0 0 1 "Assault"
0 110 42 199 145 594 0 0 1 "Assault"
0 110 42 199 145 595 0 0 1 "Assault"
0 110 42 199 145 596 0 0 1 "Assault"
0 110 42 199 146 597 0 0 0 "Assault"
0 106 40 195 144 598 0 0 1 "Assault"
0 102 38 191 142 599 0 0 1 "Assault"
0 98 36 187 140 600 0 0 1 "Assault"
0 94 34 183 138 601 1 0 0 "Assault"
0 94 34 183 138 602 1 0 1 "Assault"
0 94 34 183 138 603 1 0 1 "Assault"
0 94 34 183 138 604 1 0 1 "Assault"
0 94 34 183 138 605 1 0 1 "Assault"
0 94 34 183 138 606 1 0 1 "Assault"
0 94 34 183 138 607 1 0 1 "Assault"
0 94 34 183 138 608 1 0 0 "Assault"
0 98 36 189 142 609 1 0 1 "Assault"
0 102 39 196 147 610 1 0 1 "Assault"
0 107 41 203 151 611 1 0 1 "Assault"
0 111 44 210 156 612 1 0 1 "Assault"
0 115 46 216 161 613 1 0 1 "Assault"
0 120 49 223 165 614 1 0 1 "Assault"
0 124 52 230 170 615 1 0 1 "Assault"
0 128 54 237 175 616 1 0 1 "Assault"
0 133 57 244 179 617 1 0 1 "Assault"
0 137 59 250 184 618 1 0 1 "Assault"
0 141 62 257 189 619 1 0 1 "Assault"
0 146 64 264 193 620 1 0 1 "Assault"
0 150 67 271 198 621 1 0 1 "Assault"
0 155 70 278 203 622 1 0 0 "Assault"
