0 99 83 161 200 0 1 0 0 "Assault"
0 98 82 160 199 1 1 0 1 "Assault"
0 98 82 160 199 2 1 0 1 "Assault"
0 98 82 160 199 3 1 0 1 "Assault"
0 98 82 160 199 4 1 0 1 "Assault"
0 98 82 160 199 5 1 0 1 "Assault"
0 98 82 160 199 6 1 0 1 "Assault"
0 98 82 160 199 7 1 0 1 "Assault"
0 98 82 160 199 8 1 0 1 "Assault"
0 98 82 160 199 9 1 0 1 "Assault"
0 98 82 160 199 10 1 0 1 "Assault"
0 98 82 160 199 11 1 0 1 "Assault"
0 98 82 160 198 12 1 0 1 "Assault"
0 98 81 160 198 13 1 0 1 "Assault"
0 98 81 160 198 14 1 0 1 "Assault"
0 98 81 159 198 15 1 0 1 "Assault"
0 98 81 159 198 16 1 0 1 "Assault"
0 98 81 159 198 17 1 0 1 "Assault"
0 98 81 159 198 18 1 0 1 "Assault"
0 98 81 159 198 19 1 0 1 "Assault"
0 97 81 159 198 20 1 0 1 "Assault"
0 97 81 159 198 21 1 0 1 "Assault"
0 97 81 159 198 22 1 0 1 "Assault"
0 97 81 159 197 23 1 0 1 "Assault"
0 97 81 159 197 24 1 0 1 "Assault"
0 97 80 159 197 25 1 0 1 "Assault"
0 97 80 159 197 26 1 0 1 "Assault"
0 97 80 159 197 27 1 0 1 "Assault"
0 97 80 159 197 28 1 0 1 "Assault"
0 97 80 158 197 29 1 0 1 "Assault"
0 97 80 158 197 30 1 0 1 "Assault"
0 97 80 158 197 31 1 0 1 "Assault"
0 97 80 158 197 32 1 0 1 "Assault"
0 97 80 158 197 33 1 0 1 "Assault"
0 97 80 158 196 34 1 0 1 "Assault"
0 97 80 158 196 35 1 0 1 "Assault"
0 97 80 158 196 36 1 0 1 "Assault"
0 97 80 158 196 37 1 0 1 "Assault"
0 97 79 158 196 38 1 0 1 "Assault"
0 97 79 158 196 39 1 0 1 "Assault"
0 96 79 158 196 40 1 0 1 "Assault"
0 96 79 158 196 41 1 0 1 "Assault"
0 96 79 158 196 42 1 0 1 "Assault"
0 96 79 157 196 43 1 0 1 "Assault"
0 96 79 157 196 44 1 0 1 "Assault"
0 96 79 157 195 45 1 0 1 "Assault"
0 96 79 157 195 46 1 0 1 "Assault"
0 96 79 157 195 47 1 0 1 "Assault"
0 96 79 157 195 48 1 0 1 "Assault"
0 96 79 157 195 49 1 0 1 "Assault"
0 96 78 157 195 50 1 0 1 "Assault"
0 96 78 157 195 51 1 0 1 "Assault"
0 96 78 157 195 52 1 0 1 "Assault"
0 96 78 157 195 53 1 0 1 "Assault"
0 96 78 157 195 54 1 0 1 "Assault"
0 96 78 157 195 55 1 0 1 "Assault"
0 96 78 157 194 56 1 0 1 "Assault"
0 96 78 156 194 57 1 0 1 "Assault"
0 96 78 156 194 58 1 0 1 "Assault"
0 96 78 156 194 59 1 0 1 "Assault"
0 95 78 156 194 60 1 0 1 "Assault"
0 95 78 156 194 61 1 0 1 "Assault"
0 95 77 156 194 62 1 0 1 "Assault"
0 95 77 156 194 63 1 0 1 "Assault"
0 95 77 156 194 64 1 0 1 "Assault"
0 95 77 156 194 65 1 0 1 "Assault"
0 95 77 156 194 66 1 0 1 "Assault"
0 95 77 156 193 67 1 0 1 "Assault"
0 95 77 156 193 68 1 0 1 "Assault"
0 95 77 156 193 69 1 0 1 "Assault"
0 95 77 156 193 70 1 0 1 "Assault"
0 95 77 155 193 71 1 0 1 "Assault"
0 95 77 155 193 72 1 0 1 "Assault"
0 95 77 155 193 73 1 0 1 "Assault"
0 95 77 155 193 74 1 0 1 "Assault"
0 95 76 155 193 75 1 0 1 "Assault"
0 95 76 155 193 76 1 0 1 "Assault"
0 95 76 155 193 77 1 0 1 "Assault"
0 95 76 155 192 78 1 0 1 "Assault"
0 95 76 155 192 79 1 0 1 "Assault"
0 94 76 155 192 80 1 0 1 "Assault"
0 94 76 155 192 81 1 0 1 "Assault"
0 94 76 155 192 82 1 0 1 "Assault"
0 94 76 155 192 83 1 0 1 "Assault"
0 94 76 155 192 84 1 0 1 "Assault"
0 94 76 154 192 85 1 0 1 "Assault"
0 94 76 154 192 86 1 0 1 "Assault"
0 94 75 154 192 87 1 0 1 "Assault"
0 94 75 154 192 88 1 0 1 "Assault"
0 94 75 154 191 89 1 0 1 "Assault"
0 94 75 154 191 90 1 0 1 "Assault"
0 94 75 154 191 91 1 0 1 "Assault"
0 94 75 154 191 92 1 0 1 "Assault"
0 94 75 154 191 93 1 0 1 "Assault"
0 94 75 154 191 94 1 0 1 "Assault"
0 94 75 154 191 95 1 0 1 "Assault"
0 94 75 154 191 96 1 0 1 "Assault"
0 94 75 154 191 97 1 0 1 "Assault"
0 94 75 154 191 98 1 0 1 "Assault"
0 94 75 154 191 99 0 0 0 "Assault"
0 88 74 152 190 100 0 0 1 "Assault"
0 83 73 150 190 101 0 0 1 "Assault"
0 78 73 148 190 102 0 0 1 "Assault"
0 72 72 146 189 103 0 0 1 "Assault"
0 67 71 144 189 104 0 0 1 "Assault"
0 62 71 143 189 105 0 0 0 "Assault"
0 56 71 141 189 106 0 0 1 "Assault"
0 51 72 140 189 107 0 0 1 "Assault"
0 45 73 139 189 108 0 0 1 "Assault"
0 40 74 138 190 109 0 0 0 "Assault"
0 39 74 137 190 110 0 0 1 "Assault"
0 38 74 136 190 111 0 0 1 "Assault"
0 38 74 136 190 112 0 0 1 "Assault"
0 37 74 135 190 113 0 0 1 "Assault"
0 37 74 135 190 114 0 0 0 "Assault"
0 36 74 134 190 115 0 0 1 "Assault"
0 36 74 133 190 116 0 0 1 "Assault"
0 36 74 132 190 117 0 0 1 "Assault"
0 36 74 131 190 118 0 0 1 "Assault"
0 36 75 131 190 119 0 0 1 "Assault"
0 36 75 130 190 120 0 0 1 "Assault"
0 36 75 129 191 121 0 0 1 "Assault"
0 36 75 128 191 122 0 0 1 "Assault"
0 36 76 128 191 123 0 0 1 "Assault"
0 36 76 127 191 124 0 0 1 "Assault"
0 36 76 126 191 125 0 0 1 "Assault"
0 36 76 125 191 126 0 0 1 "Assault"
0 36 77 125 192 127 0 0 0 "Assault"
0 36 76 124 192 128 0 0 1 "Assault"
0 36 75 124 192 129 0 0 1 "Assault"
0 36 75 124 192 130 0 0 1 "Assault"
0 36 74 124 192 131 0 0 1 "Assault"
0 36 74 124 192 132 0 0 1 "Assault"
0 36 73 124 192 133 0 0 1 "Assault"
0 36 73 124 192 134 0 0 1 "Assault"
0 36 72 124 192 135 0 0 1 "Assault"
0 36 72 124 192 136 0 0 1 "Assault"
0 36 71 124 192 137 0 0 1 "Assault"
0 36 71 124 192 138 0 0 0 "Assault"
0 36 71 123 192 139 0 0 1 "Assault"
0 36 71 122 192 140 0 0 1 "Assault"
0 36 71 121 192 141 0 0 1 "Assault"
0 36 71 120 192 142 0 0 1 "Assault"
0 36 71 119 193 143 0 0 1 "Assault"
0 36 71 118 193 144 0 0 1 "Assault"
0 36 71 117 193 145 0 0 1 "Assault"
0 36 71 116 193 146 0 0 1 "Assault"
0 36 71 115 194 147 0 0 1 "Assault"
0 36 71 114 194 148 0 0 1 "Assault"
0 36 71 113 194 149 0 0 1 "Assault"
0 36 71 112 194 150 0 0 1 "Assault"
0 36 71 112 195 151 0 0 0 "Assault"
0 35 71 111 195 152 0 0 1 "Assault"
0 35 71 111 195 153 0 0 1 "Assault"
0 35 71 111 195 154 0 0 1 "Assault"
0 35 72 111 195 155 0 0 1 "Assault"
0 35 72 111 195 156 0 0 1 "Assault"
0 35 72 111 195 157 0 0 1 "Assault"
0 35 73 111 195 158 0 0 1 "Assault"
0 35 73 111 196 159 0 0 1 "Assault"
0 35 73 111 196 160 0 0 1 "Assault"
0 35 74 111 196 161 0 0 1 "Assault"
0 35 74 111 196 162 0 0 1 "Assault"
0 35 74 111 196 163 0 0 1 "Assault"
0 35 75 111 196 164 0 0 1 "Assault"
0 35 75 111 196 165 0 0 1 "Assault"
0 35 75 111 196 166 0 0 1 "Assault"
0 35 76 111 197 167 0 0 1 "Assault"
0 35 76 110 197 168 0 0 1 "Assault"
0 35 76 110 197 169 0 0 1 "Assault"
0 35 76 110 197 170 0 0 1 "Assault"
0 35 77 110 197 171 0 0 1 "Assault"
0 35 77 110 197 172 0 0 1 "Assault"
0 35 77 110 197 173 0 0 1 "Assault"
0 35 78 110 197 174 0 0 1 "Assault"
0 35 78 110 198 175 0 0 1 "Assault"
0 35 78 110 198 176 0 0 1 "Assault"
0 35 79 110 198 177 0 0 1 "Assault"
0 35 79 110 198 178 0 0 1 "Assault"
0 35 79 110 198 179 0 0 1 "Assault"
0 35 80 110 198 180 0 0 1 "Assault"
0 35 80 110 198 181 0 0 1 "Assault"
0 35 80 110 198 182 0 0 1 "Assault"
0 35 81 110 199 183 0 0 0 "Assault"
0 35 80 110 198 184 0 0 1 "Assault"
0 35 80 110 198 185 0 0 1 "Assault"
0 35 80 110 198 186 0 0 1 "Assault"
0 35 80 110 198 187 0 0 1 "Assault"
0 35 80 110 198 188 0 0 1 "Assault"
0 35 80 110 198 189 0 0 1 "Assault"
0 35 80 110 198 190 0 0 1 "Assault"
0 35 80 110 198 191 0 0 1 "Assault"
0 35 80 110 198 192 0 0 1 "Assault"
0 35 80 110 198 193 0 0 1 "Assault"
0 35 80 110 198 194 0 0 1 "Assault"
0 36 80 111 198 195 0 0 1 "Assault"
0 36 80 111 198 196 0 0 1 "Assault"
0 36 80 111 198 197 0 0 1 "Assault"
0 36 80 111 198 198 0 0 1 "Assault"
0 36 80 111 198 199 0 0 1 "Assault"
0 36 80 111 198 200 0 0 1 "Assault"
0 36 80 111 198 201 0 0 1 "Assault"
0 36 80 111 198 202 0 0 1 "Assault"
0 36 80 111 198 203 0 0 1 "Assault"
0 36 80 111 198 204 0 0 1 "Assault"
0 36 80 111 198 205 0 0 1 "Assault"
0 36 80 111 198 206 0 0 1 "Assault"
0 37 80 112 198 207 0 0 1 "Assault"
0 37 80 112 198 208 0 0 1 "Assault"
0 37 80 112 198 209 0 0 1 "Assault"
0 37 80 112 198 210 0 0 1 "Assault"
0 37 80 112 198 211 0 0 1 "Assault"
0 37 80 112 198 212 0 0 1 "Assault"
0 37 80 112 198 213 0 0 1 "Assault"
0 37 80 112 198 214 0 0 1 "Assault"
0 37 80 112 198 215 0 0 1 "Assault"
0 37 80 112 198 216 0 0 1 "Assault"
0 37 80 112 198 217 0 0 1 "Assault"
0 38 80 113 198 218 0 0 1 "Assault"
0 38 80 113 198 219 0 0 1 "Assault"
0 38 80 113 198 220 0 0 1 "Assault"
0 38 80 113 198 221 0 0 1 "Assault"
0 38 80 113 198 222 0 0 1 "Assault"
0 38 80 113 198 223 0 0 1 "Assault"
0 38 80 113 198 224 0 0 1 "Assault"
0 38 80 113 198 225 0 0 1 "Assault"
0 38 80 113 198 226 0 0 1 "Assault"
0 38 80 113 198 227 0 0 1 "Assault"
0 38 80 113 198 228 0 0 1 "Assault"
0 38 80 113 198 229 0 0 1 "Assault"
0 39 80 114 198 230 0 0 1 "Assault"
0 39 80 114 198 231 0 0 1 "Assault"
0 39 80 114 198 232 0 0 1 "Assault"
0 39 80 114 198 233 0 0 1 "Assault"
0 39 80 114 198 234 0 0 1 "Assault"
0 39 80 114 198 235 0 0 1 "Assault"
0 39 80 114 198 236 0 0 1 "Assault"
0 39 80 114 198 237 0 0 1 "Assault"
0 39 80 114 198 238 0 0 1 "Assault"
0 39 80 114 198 239 0 0 1 "Assault"
0 39 80 114 198 240 0 0 1 "Assault"
0 40 80 115 198 241 0 0 1 "Assault"
0 40 80 115 198 242 0 0 1 "Assault"
0 40 80 115 198 243 0 0 1 "Assault"
0 40 80 115 198 244 0 0 1 "Assault"
0 40 80 115 198 245 0 0 1 "Assault"
0 40 80 115 198 246 0 0 1 "Assault"
0 40 80 115 198 247 0 0 1 "Assault"
0 40 80 115 198 248 0 0 1 "Assault"
0 40 80 115 198 249 0 0 1 "Assault"
0 40 80 115 198 250 0 0 1 "Assault"
0 40 80 115 198 251 0 0 1 "Assault"
0 40 80 115 198 252 0 0 1 "Assault"
0 41 80 116 198 253 0 0 1 "Assault"
0 41 80 116 198 254 0 0 1 "Assault"
0 41 80 116 198 255 0 0 1 "Assault"
0 41 80 116 198 256 0 0 1 "Assault"
0 41 80 116 198 257 0 0 1 "Assault"
0 41 80 116 198 258 0 0 1 "Assault"
0 41 80 116 198 259 0 0 1 "Assault"
0 41 80 116 198 260 0 0 1 "Assault"
0 41 80 116 198 261 0 0 1 "Assault"
0 41 80 116 198 262 0 0 1 "Assault"
0 41 80 116 198 263 0 0 1 "Assault"
0 42 80 117 198 264 0 0 1 "Assault"
0 42 80 117 198 265 0 0 1 "Assault"
0 42 80 117 198 266 0 0 1 "Assault"
0 42 80 117 198 267 0 0 1 "Assault"
0 42 80 117 198 268 0 0 1 "Assault"
0 42 80 117 198 269 0 0 1 "Assault"
0 42 80 117 198 270 0 0 1 "Assault"
0 42 80 117 198 271 0 0 1 "Assault"
0 42 80 117 198 272 0 0 1 "Assault"
0 42 80 117 198 273 0 0 1 "Assault"
0 42 80 117 198 274 0 0 1 "Assault"
0 42 80 117 198 275 0 0 1 "Assault"
0 43 80 118 198 276 0 0 1 "Assault"
0 43 80 118 198 277 0 0 1 "Assault"
0 43 80 118 198 278 0 0 1 "Assault"
0 43 80 118 198 279 0 0 1 "Assault"
0 43 80 118 198 280 0 0 1 "Assault"
0 43 80 118 198 281 0 0 1 "Assault"
0 43 80 118 198 282 0 0 1 "Assault"
0 43 80 118 198 283 0 0 1 "Assault"
0 43 80 118 198 284 0 0 1 "Assault"
0 43 80 118 198 285 0 0 1 "Assault"
0 43 80 118 198 286 0 0 1 "Assault"
0 44 80 119 198 287 0 0 1 "Assault"
0 44 80 119 198 288 0 0 1 "Assault"
0 44 80 119 198 289 0 0 1 "Assault"
0 44 80 119 198 290 0 0 1 "Assault"
0 44 80 119 198 291 0 0 1 "Assault"
0 44 80 119 198 292 0 0 1 "Assault"
0 44 80 119 198 293 0 0 1 "Assault"
0 44 80 119 198 294 0 0 1 "Assault"
0 44 80 119 198 295 0 0 1 "Assault"
0 44 80 119 198 296 0 0 1 "Assault"
0 44 80 119 198 297 0 0 1 "Assault"
0 44 80 119 198 298 0 0 1 "Assault"
0 45 80 120 198 299 0 0 1 "Assault"
0 45 80 120 198 300 0 0 1 "Assault"
0 45 80 120 198 301 0 0 1 "Assault"
0 45 80 120 198 302 0 0 1 "Assault"
0 45 80 120 198 303 0 0 1 "Assault"
0 45 80 120 198 304 0 0 1 "Assault"
0 45 80 120 198 305 0 0 1 "Assault"
0 45 80 120 198 306 0 0 1 "Assault"
0 45 80 120 198 307 0 0 1 "Assault"
0 45 80 120 198 308 0 0 1 "Assault"
0 45 80 120 198 309 0 0 1 "Assault"
0 46 80 121 198 310 0 0 1 "Assault"
0 46 80 121 198 311 0 0 1 "Assault"
0 46 80 121 198 312 0 0 1 "Assault"
0 46 80 121 198 313 0 0 1 "Assault"
0 46 80 121 198 314 0 0 1 "Assault"
0 46 80 121 198 315 0 0 1 "Assault"
0 46 80 121 198 316 0 0 1 "Assault"
0 46 80 121 198 317 0 0 1 "Assault"
0 46 80 121 198 318 0 0 1 "Assault"
0 46 80 121 198 319 0 0 1 "Assault"
0 46 80 121 198 320 0 0 1 "Assault"
0 46 80 121 198 321 0 0 1 "Assault"
0 47 80 122 198 322 0 0 1 "Assault"
0 47 80 122 198 323 0 0 1 "Assault"
0 47 80 122 198 324 0 0 1 "Assault"
0 47 80 122 198 325 0 0 1 "Assault"
0 47 80 122 198 326 0 0 1 "Assault"
0 47 80 122 198 327 0 0 1 "Assault"
0 47 80 122 198 328 0 0 1 "Assault"
0 47 80 122 198 329 0 0 1 "Assault"
0 47 80 122 198 330 0 0 1 "Assault"
0 47 80 122 198 331 0 0 1 "Assault"
0 47 80 122 198 332 0 0 1 "Assault"
0 48 80 123 198 333 0 0 1 "Assault"
0 48 80 123 198 334 0 0 1 "Assault"
0 48 80 123 198 335 0 0 1 "Assault"
0 48 80 123 198 336 0 0 1 "Assault"
0 48 80 123 198 337 0 0 1 "Assault"
0 48 80 123 198 338 0 0 1 "Assault"
0 48 80 123 198 339 0 0 1 "Assault"
0 48 80 123 198 340 0 0 1 "Assault"
0 48 80 123 198 341 0 0 1 "Assault"
0 48 80 123 198 342 0 0 1 "Assault"
0 48 80 123 198 343 0 0 1 "Assault"
0 48 80 123 198 344 0 0 1 "Assault"
0 49 80 124 198 345 0 0 1 "Assault"
0 49 80 124 198 346 0 0 1 "Assault"
0 49 80 124 198 347 0 0 1 "Assault"
0 49 80 124 198 348 0 0 1 "Assault"
0 49 80 124 198 349 0 0 1 "Assault"
0 49 80 124 198 350 0 0 1 "Assault"
0 49 80 124 198 351 0 0 1 "Assault"
0 49 80 124 198 352 0 0 1 "Assault"
0 49 80 124 198 353 0 0 1 "Assault"
0 49 80 124 198 354 0 0 1 "Assault"
0 49 80 124 198 355 0 0 1 "Assault"
0 50 80 125 198 356 0 0 1 "Assault"
0 50 80 125 198 357 0 0 1 "Assault"
0 50 80 125 198 358 0 0 1 "Assault"
0 50 80 125 198 359 0 0 1 "Assault"
0 50 80 125 198 360 0 0 1 "Assault"
0 50 80 125 198 361 0 0 1 "Assault"
0 50 80 125 198 362 0 0 1 "Assault"
0 50 80 125 198 363 0 0 1 "Assault"
0 50 80 125 198 364 0 0 1 "Assault"
0 50 80 125 198 365 0 0 1 "Assault"
0 50 80 125 198 366 0 0 1 "Assault"
0 50 80 125 198 367 0 0 1 "Assault"
0 51 80 126 198 368 0 0 1 "Assault"
0 51 80 126 198 369 0 0 1 "Assault"
0 51 80 126 198 370 0 0 1 "Assault"
0 51 80 126 198 371 0 0 1 "Assault"
0 51 80 126 198 372 0 0 1 "Assault"
0 51 80 126 198 373 0 0 1 "Assault"
0 51 80 126 198 374 0 0 1 "Assault"
0 51 80 126 198 375 0 0 1 "Assault"
0 51 80 126 198 376 0 0 1 "Assault"
0 51 80 126 198 377 0 0 1 "Assault"
0 51 80 126 198 378 0 0 1 "Assault"
0 52 80 127 198 379 0 0 0 "Assault"
0 51 80 126 198 380 0 0 1 "Assault"
0 51 80 126 198 381 0 0 1 "Assault"
0 51 80 126 198 382 0 0 1 "Assault"
0 51 80 126 198 383 0 0 1 "Assault"
0 50 80 125 198 384 0 0 1 "Assault"
0 50 80 125 198 385 0 0 1 "Assault"
0 50 80 125 198 386 0 0 1 "Assault"
0 50 80 125 198 387 0 0 1 "Assault"
0 49 80 124 198 388 0 0 1 "Assault"
0 49 80 124 198 389 0 0 1 "Assault"
0 49 80 124 198 390 0 0 1 "Assault"
0 49 80 124 198 391 0 0 1 "Assault"
0 48 80 123 198 392 0 0 1 "Assault"
0 48 80 123 198 393 0 0 1 "Assault"
0 48 80 123 198 394 0 0 1 "Assault"
0 48 80 123 198 395 0 0 1 "Assault"
0 47 80 122 198 396 0 0 1 "Assault"
0 47 80 122 198 397 0 0 1 "Assault"
0 47 80 122 198 398 0 0 1 "Assault"
0 47 80 122 198 399 0 0 1 "Assault"
0 46 80 121 198 400 0 0 1 "Assault"
0 46 80 121 198 401 0 0 1 "Assault"
0 46 80 121 198 402 0 0 1 "Assault"
0 46 80 121 198 403 0 0 1 "Assault"
0 45 80 120 198 404 0 0 1 "Assault"
0 45 80 120 198 405 0 0 1 "Assault"
0 45 80 120 198 406 0 0 1 "Assault"
0 45 80 120 198 407 0 0 1 "Assault"
0 44 80 119 198 408 0 0 1 "Assault"
0 44 80 119 198 409 0 0 1 "Assault"
0 44 80 119 198 410 0 0 1 "Assault"
0 44 80 119 198 411 0 0 1 "Assault"
0 43 80 118 198 412 0 0 1 "Assault"
0 43 80 118 198 413 0 0 1 "Assault"
0 43 80 118 198 414 0 0 1 "Assault"
0 43 80 118 198 415 0 0 1 "Assault"
0 42 80 117 198 416 0 0 1 "Assault"
0 42 80 117 198 417 0 0 1 "Assault"
0 42 80 117 198 418 0 0 1 "Assault"
0 42 80 117 198 419 0 0 1 "Assault"
0 42 80 117 198 420 0 0 0 "Assault"
0 42 79 117 198 421 0 0 1 "Assault"
0 43 79 117 198 422 0 0 1 "Assault"
0 43 78 118 198 423 0 0 1 "Assault"
0 44 78 118 198 424 0 0 1 "Assault"
0 44 78 119 198 425 0 0 1 "Assault"
0 45 77 119 198 426 0 0 1 "Assault"
0 45 77 120 198 427 0 0 1 "Assault"
0 46 76 120 198 428 0 0 1 "Assault"
0 46 76 121 198 429 0 0 1 "Assault"
0 47 76 121 198 430 0 0 1 "Assault"
0 47 75 122 198 431 0 0 1 "Assault"
0 48 75 122 198 432 0 0 1 "Assault"
0 48 75 123 198 433 0 0 1 "Assault"
0 49 74 123 198 434 0 0 1 "Assault"
0 49 74 124 198 435 0 0 1 "Assault"
0 50 73 124 198 436 0 0 1 "Assault"
0 50 73 125 198 437 0 0 1 "Assault"
0 51 73 125 198 438 0 0 1 "Assault"
0 51 72 126 198 439 0 0 1 "Assault"
0 52 72 126 198 440 0 0 1 "Assault"
0 53 72 127 198 441 0 0 0 "Assault"
0 54 72 128 198 442 0 0 1 "Assault"
0 56 72 130 198 443 0 0 1 "Assault"
0 58 72 132 198 444 0 0 1 "Assault"
0 59 72 133 198 445 0 0 1 "Assault"
0 61 72 135 198 446 0 0 1 "Assault"
0 63 72 137 198 447 0 0 1 "Assault"
0 64 72 138 198 448 0 0 1 "Assault"
0 66 72 140 198 449 0 0 1 "Assault"
0 68 72 142 198 450 0 0 1 "Assault"
0 69 72 143 198 451 0 0 1 "Assault"
0 71 72 145 198 452 0 0 1 "Assault"
0 73 73 147 199 453 0 0 0 "Assault"
0 75 74 154 198 454 0 0 1 "Assault"
0 78 76 161 198 455 0 0 1 "Assault"
0 80 78 169 198 456 0 0 1 "Assault"
0 83 79 176 198 457 0 0 1 "Assault"
0 85 81 183 198 458 0 0 1 "Assault"
0 88 83 191 198 459 0 0 0 "Assault"
0 88 83 194 197 460 0 0 1 "Assault"
0 88 83 197 197 461 0 0 1 "Assault"
0 88 83 200 197 462 0 0 1 "Assault"
0 88 83 204 197 463 0 0 0 "Assault"
0 88 87 208 196 464 0 0 1 "Assault"
0 88 91 212 196 465 0 0 1 "Assault"
0 88 96 217 196 466 0 0 0 "Assault"
0 92 96 224 195 467 0 0 1 "Assault"
0 96 96 232 195 468 0 0 1 "Assault"
0 101 96 240 195 469 0 0 0 "Assault"
0 101 95 241 194 470 0 0 1 "Assault"
0 101 94 242 194 471 0 0 1 "Assault"
0 101 93 244 194 472 0 0 1 "Assault"
0 101 93 245 194 473 0 0 1 "Assault"
0 101 92 246 194 474 0 0 1 "Assault"
0 101 91 248 194 475 0 0 1 "Assault"
0 101 90 249 194 476 0 0 1 "Assault"
0 101 90 250 194 477 0 0 1 "Assault"
0 101 89 252 194 478 0 0 1 "Assault"
0 101 88 253 194 479 0 0 1 "Assault"
0 101 87 254 194 480 0 0 1 "Assault"
0 101 87 256 194 481 0 0 0 "Assault"
0 101 84 255 194 482 0 0 1 "Assault"
0 101 82 255 194 483 0 0 1 "Assault"
0 101 80 255 194 484 0 0 0 "Assault"
0 101 80 255 193 485 0 0 1 "Assault"
0 102 80 255 193 486 0 0 1 "Assault"
0 103 80 255 193 487 0 0 1 "Assault"
0 103 80 255 193 488 0 0 1 "Assault"
0 104 80 255 193 489 0 0 1 "Assault"
0 105 80 255 193 490 0 0 1 "Assault"
0 105 80 255 193 491 0 0 1 "Assault"
0 106 80 255 193 492 0 0 1 "Assault"
0 107 80 255 193 493 0 0 1 "Assault"
0 108 80 255 193 494 0 0 1 "Assault"
0 108 80 255 193 495 0 0 1 "Assault"
0 109 80 255 193 496 0 0 1 "Assault"
0 110 80 255 193 497 0 0 1 "Assault"
0 110 80 255 193 498 0 0 1 "Assault"
0 111 80 255 193 499 0 0 1 "Assault"
0 112 80 255 193 500 0 0 1 "Assault"
0 113 80 255 193 501 0 0 0 "Assault"
0 113 83 255 196 502 0 0 1 "Assault"
0 113 87 255 200 503 0 0 1 "Assault"
0 113 91 255 204 504 0 0 0 "Assault"
0 114 91 255 203 505 0 0 1 "Assault"
0 116 91 255 203 506 0 0 1 "Assault"
0 118 91 255 203 507 0 0 1 "Assault"
0 120 91 255 203 508 0 0 1 "Assault"
0 122 91 255 203 509 0 0 1 "Assault"
0 124 91 255 203 510 0 0 1 "Assault"
0 126 91 255 203 511 0 0 1 "Assault"
0 128 91 255 203 512 0 0 1 "Assault"
0 130 91 255 203 513 0 0 1 "Assault"
0 132 91 255 203 514 0 0 1 "Assault"
0 134 91 255 203 515 0 0 1 "Assault"
0 136 91 255 203 516 0 0 1 "Assault"
0 138 91 255 203 517 0 0 1 "Assault"
0 140 91 255 203 518 0 0 0 "Assault"
0 140 91 255 202 519 0 0 1 "Assault"
0 140 91 255 202 520 0 0 1 "Assault"
0 140 91 255 202 521 0 0 1 "Assault"
0 140 91 255 202 522 0 0 1 "Assault"
0 140 91 255 202 523 0 0 1 "Assault"
0 141 91 255 202 524 0 0 1 "Assault"
0 141 91 255 202 525 0 0 1 "Assault"
0 141 91 255 202 526 0 0 1 "Assault"
0 141 91 255 202 527 0 0 1 "Assault"
0 141 91 255 202 528 0 0 1 "Assault"
0 141 91 255 202 529 0 0 1 "Assault"
0 142 91 255 202 530 0 0 1 "Assault"
0 142 91 255 202 531 0 0 1 "Assault"
0 142 91 255 202 532 0 0 1 "Assault"
0 142 91 255 202 533 0 0 1 "Assault"
0 142 91 255 202 534 0 0 1 "Assault"
0 143 91 255 202 535 0 0 1 "Assault"
0 143 91 255 202 536 0 0 1 "Assault"
0 143 91 255 202 537 0 0 1 "Assault"
0 143 91 255 202 538 0 0 1 "Assault"
0 143 91 255 202 539 0 0 1 "Assault"
0 143 91 255 202 540 0 0 1 "Assault"
0 144 91 255 202 541 0 0 1 "Assault"
0 144 91 255 202 542 0 0 1 "Assault"
0 144 91 255 202 543 0 0 1 "Assault"
0 144 91 255 202 544 0 0 1 "Assault"
0 144 91 255 202 545 0 0 1 "Assault"
0 145 91 255 202 546 0 0 1 "Assault"
0 145 91 255 202 547 0 0 1 "Assault"
0 145 91 255 202 548 0 0 1 "Assault"
0 145 91 255 202 549 0 0 1 "Assault"
0 145 91 255 202 550 0 0 1 "Assault"
0 145 91 255 202 551 0 0 1 "Assault"
0 146 91 255 202 552 0 0 1 "Assault"
0 146 91 255 202 553 0 0 1 "Assault"
0 146 91 255 202 554 0 0 1 "Assault"
0 146 91 255 202 555 0 0 1 "Assault"
0 146 91 255 202 556 0 0 1 "Assault"
0 146 91 255 202 557 0 0 1 "Assault"
0 147 91 255 202 558 0 0 1 "Assault"
0 147 91 255 202 559 0 0 1 "Assault"
0 147 91 255 202 560 0 0 1 "Assault"
0 147 91 255 202 561 0 0 1 "Assault"
0 147 91 255 202 562 0 0 1 "Assault"
0 148 91 255 202 563 0 0 1 "Assault"
0 148 91 255 202 564 0 0 1 "Assault"
0 148 91 255 202 565 0 0 1 "Assault"
0 148 91 255 202 566 0 0 1 "Assault"
0 148 91 255 202 567 0 0 1 "Assault"
0 148 91 255 202 568 0 0 1 "Assault"
0 149 91 255 202 569 0 0 1 "Assault"
0 149 91 255 202 570 0 0 1 "Assault"
0 149 91 255 202 571 0 0 1 "Assault"
0 149 91 255 202 572 0 0 1 "Assault"
0 149 91 255 202 573 0 0 1 "Assault"
0 150 91 255 202 574 0 0 1 "Assault"
0 150 91 255 202 575 0 0 1 "Assault"
0 150 91 255 202 576 0 0 1 "Assault"
0 150 91 255 202 577 0 0 1 "Assault"
0 150 91 255 202 578 0 0 1 "Assault"
0 150 91 255 202 579 0 0 1 "Assault"
0 151 91 255 202 580 0 0 1 "Assault"
0 151 91 255 202 581 0 0 1 "Assault"
0 151 91 255 202 582 0 0 1 "Assault"
0 151 91 255 202 583 0 0 1 "Assault"
0 151 91 255 202 584 0 0 1 "Assault"
0 152 91 255 202 585 0 0 0 "Assault"
0 152 91 255 201 586 0 0 1 "Assault"
0 153 91 255 201 587 0 0 1 "Assault"
0 153 91 255 201 588 0 0 1 "Assault"
0 154 91 255 201 589 0 0 1 "Assault"
0 154 91 255 201 590 0 0 1 "Assault"
0 155 91 255 201 591 0 0 1 "Assault"
0 155 91 255 201 592 0 0 1 "Assault"
0 156 91 255 201 593 0 0 1 "Assault"
0 156 91 255 201 594 0 0 1 "Assault"
0 157 91 255 201 595 0 0 1 "Assault"
0 157 91 255 201 596 0 0 1 "Assault"
0 158 91 255 201 597 0 0 1 "Assault"
0 159 91 255 201 598 0 0 1 "Assault"
0 159 91 255 201 599 0 0 1 "Assault"
0 160 91 255 201 600 0 0 1 "Assault"
0 160 91 255 201 601 0 0 1 "Assault"
0 161 91 255 201 602 0 0 1 "Assault"
0 161 91 255 201 603 0 0 1 "Assault"
0 162 91 255 201 604 0 0 1 "Assault"
0 162 91 255 201 605 0 0 1 "Assault"
0 163 91 255 201 606 0 0 1 "Assault"
0 163 91 255 201 607 0 0 1 "Assault"
0 164 91 255 201 608 0 0 1 "Assault"
0 165 91 255 201 609 0 0 1 "Assault"
0 165 91 255 201 610 0 0 1 "Assault"
0 166 91 255 201 611 0 0 1 "Assault"
0 166 91 255 201 612 0 0 1 "Assault"
0 167 91 255 201 613 0 0 1 "Assault"
0 167 91 255 201 614 0 0 1 "Assault"
0 168 91 255 201 615 0 0 1 "Assault"
0 168 91 255 201 616 0 0 1 "Assault"
0 169 91 255 201 617 0 0 1 "Assault"
0 169 91 255 201 618 0 0 1 "Assault"
0 170 91 255 201 619 0 0 1 "Assault"
0 170 91 255 201 620 0 0 1 "Assault"
0 171 91 255 201 621 0 0 1 "Assault"
0 172 91 255 201 622 0 0 1 "Assault"
0 172 91 255 201 623 0 0 1 "Assault"
0 173 91 255 201 624 0 0 1 "Assault"
0 173 91 255 201 625 0 0 1 "Assault"
0 174 91 255 201 626 0 0 1 "Assault"
0 174 91 255 201 627 0 0 1 "Assault"
0 175 91 255 201 628 0 0 1 "Assault"
0 175 91 255 201 629 0 0 1 "Assault"
0 176 91 255 201 630 0 0 1 "Assault"
0 176 91 255 201 631 0 0 1 "Assault"
0 177 91 255 201 632 0 0 1 "Assault"
0 178 91 255 201 633 0 0 1 "Assault"
0 178 91 255 201 634 0 0 1 "Assault"
0 179 91 255 201 635 0 0 1 "Assault"
0 179 91 255 201 636 0 0 1 "Assault"
0 180 91 255 201 637 0 0 1 "Assault"
0 180 91 255 201 638 0 0 1 "Assault"
0 181 91 255 201 639 0 0 1 "Assault"
0 181 91 255 201 640 0 0 1 "Assault"
0 182 91 255 201 641 0 0 1 "Assault"
0 182 91 255 201 642 0 0 1 "Assault"
0 183 91 255 201 643 0 0 1 "Assault"
0 184 91 255 201 644 0 0 0 "Assault"
0 184 91 255 201 645 0 0 1 "Assault"
0 185 91 256 201 646 0 0 1 "Assault"
0 185 91 256 201 647 0 0 1 "Assault"
0 186 91 257 201 648 0 0 1 "Assault"
0 187 91 258 201 649 0 0 1 "Assault"
0 187 91 258 201 650 0 0 1 "Assault"
0 188 91 259 201 651 0 0 1 "Assault"
0 188 91 259 201 652 0 0 1 "Assault"
0 189 91 260 201 653 0 0 1 "Assault"
0 190 91 261 201 654 0 0 1 "Assault"
0 190 91 261 201 655 0 0 1 "Assault"
0 191 91 262 201 656 0 0 1 "Assault"
0 192 91 263 201 657 0 0 0 "Assault"
0 191 90 262 200 658 0 0 1 "Assault"
0 191 90 262 200 659 0 0 1 "Assault"
0 191 90 262 200 660 0 0 1 "Assault"
0 191 89 262 199 661 0 0 1 "Assault"
0 191 89 262 199 662 0 0 1 "Assault"
0 191 89 262 199 663 0 0 1 "Assault"
0 191 88 262 198 664 0 0 1 "Assault"
0 191 88 262 198 665 0 0 1 "Assault"
0 191 88 262 198 666 0 0 1 "Assault"
0 191 87 262 197 667 0 0 1 "Assault"
0 190 87 261 197 668 0 0 1 "Assault"
0 190 87 261 197 669 0 0 1 "Assault"
0 190 86 261 196 670 0 0 1 "Assault"
0 190 86 261 196 671 0 0 1 "Assault"
0 190 86 261 196 672 0 0 1 "Assault"
0 190 85 261 195 673 0 0 1 "Assault"
0 190 85 261 195 674 0 0 1 "Assault"
0 190 85 261 195 675 0 0 1 "Assault"
0 190 84 261 194 676 0 0 1 "Assault"
0 190 84 261 194 677 0 0 1 "Assault"
0 189 84 260 194 678 0 0 1 "Assault"
0 189 84 260 194 679 0 0 1 "Assault"
0 189 83 260 193 680 0 0 1 "Assault"
0 189 83 260 193 681 0 0 1 "Assault"
0 189 83 260 193 682 0 0 1 "Assault"
0 189 82 260 192 683 0 0 1 "Assault"
0 189 82 260 192 684 0 0 1 "Assault"
0 189 82 260 192 685 0 0 1 "Assault"
0 189 81 260 191 686 0 0 1 "Assault"
0 189 81 260 191 687 0 0 1 "Assault"
0 188 81 259 191 688 0 0 1 "Assault"
0 188 80 259 190 689 0 0 1 "Assault"
0 188 80 259 190 690 0 0 1 "Assault"
0 188 80 259 190 691 0 0 1 "Assault"
0 188 79 259 189 692 0 0 1 "Assault"
0 188 79 259 189 693 0 0 1 "Assault"
0 188 79 259 189 694 0 0 1 "Assault"
0 188 78 259 188 695 0 0 1 "Assault"
0 188 78 259 188 696 0 0 1 "Assault"
0 188 78 259 188 697 0 0 1 "Assault"
0 188 78 259 188 698 0 0 0 "Assault"
0 187 77 258 187 699 0 0 1 "Assault"
0 186 76 257 186 700 0 0 1 "Assault"
0 186 75 257 185 701 0 0 1 "Assault"
0 185 74 256 184 702 0 0 1 "Assault"
0 185 73 256 183 703 0 0 0 "Assault"
0 183 72 254 182 704 0 0 1 "Assault"
0 182 71 253 181 705 0 0 1 "Assault"
0 181 71 252 181 706 0 0 0 "Assault"
0 176 72 247 182 707 0 0 1 "Assault"
0 171 73 242 183 708 0 0 1 "Assault"
0 166 74 237 184 709 0 0 0 "Assault"
0 164 72 235 182 710 0 0 1 "Assault"
0 162 71 233 181 711 0 0 1 "Assault"
0 161 70 232 180 712 0 0 1 "Assault"
0 159 69 230 179 713 0 0 1 "Assault"
0 158 67 229 177 714 0 0 1 "Assault"
0 156 66 227 176 715 0 0 1 "Assault"
0 155 65 226 175 716 0 0 1 "Assault"
0 153 64 224 174 717 0 0 1 "Assault"
0 152 63 223 173 718 0 0 0 "Assault"
0 151 62 222 172 719 0 0 1 "Assault"
0 151 62 222 172 720 0 0 1 "Assault"
0 151 61 222 171 721 0 0 1 "Assault"
0 151 61 222 171 722 0 0 1 "Assault"
0 151 61 222 171 723 0 0 0 "Assault"
0 150 61 221 171 724 0 0 1 "Assault"
0 150 61 221 171 725 0 0 1 "Assault"
0 149 61 220 171 726 0 0 1 "Assault"
0 149 61 220 171 727 0 0 1 "Assault"
0 149 62 220 172 728 0 0 0 "Assault"
0 146 61 217 171 729 0 0 1 "Assault"
0 143 61 214 171 730 0 0 1 "Assault"
0 140 60 211 170 731 0 0 1 "Assault"
0 137 60 208 170 732 0 0 1 "Assault"
0 135 60 206 170 733 0 0 0 "Assault"
0 133 59 204 169 734 0 0 1 "Assault"
0 131 58 202 168 735 0 0 1 "Assault"
0 129 57 200 167 736 0 0 1 "Assault"
0 127 56 198 166 737 0 0 1 "Assault"
0 125 55 196 165 738 0 0 1 "Assault"
0 124 54 195 164 739 0 0 0 "Assault"
0 124 54 195 164 740 0 0 1 "Assault"
0 124 54 195 164 741 0 0 1 "Assault"
0 124 54 195 164 742 0 0 1 "Assault"
0 124 54 195 164 743 0 0 1 "Assault"
0 124 54 195 164 744 0 0 1 "Assault"
0 124 54 195 164 745 0 0 1 "Assault"
0 124 54 195 164 746 0 0 1 "Assault"
0 124 54 195 164 747 0 0 1 "Assault"
0 124 54 195 164 748 0 0 1 "Assault"
0 124 54 195 164 749 0 0 0 "Assault"
0 123 53 194 163 750 0 0 1 "Assault"
0 123 52 194 162 751 0 0 1 "Assault"
0 123 51 194 161 752 0 0 1 "Assault"
0 123 50 194 160 753 0 0 1 "Assault"
0 122 49 193 159 754 0 0 1 "Assault"
0 122 49 193 159 755 0 0 1 "Assault"
0 122 48 193 158 756 0 0 1 "Assault"
0 122 47 193 157 757 0 0 1 "Assault"
0 121 46 192 156 758 0 0 1 "Assault"
0 121 45 192 155 759 0 0 1 "Assault"
0 121 44 192 154 760 0 0 1 "Assault"
0 121 44 192 154 761 0 0 1 "Assault"
0 120 43 191 153 762 0 0 1 "Assault"
0 120 42 191 152 763 0 0 1 "Assault"
0 120 41 191 151 764 0 0 1 "Assault"
0 120 40 191 150 765 0 0 1 "Assault"
0 120 40 191 150 766 0 0 0 "Assault"
0 120 40 191 150 767 0 0 1 "Assault"
0 121 40 192 150 768 0 0 1 "Assault"
0 121 40 192 150 769 0 0 1 "Assault"
0 122 40 193 150 770 0 0 1 "Assault"
0 123 40 194 150 771 0 0 1 "Assault"
0 123 40 194 150 772 0 0 1 "Assault"
0 124 40 195 150 773 0 0 1 "Assault"
0 124 40 195 150 774 0 0 1 "Assault"
0 125 40 196 150 775 0 0 1 "Assault"
0 126 40 197 150 776 0 0 1 "Assault"
0 126 40 197 150 777 0 0 1 "Assault"
0 127 40 198 150 778 0 0 1 "Assault"
0 127 40 198 150 779 0 0 1 "Assault"
0 128 40 199 150 780 0 0 1 "Assault"
0 129 40 200 150 781 0 0 1 "Assault"
0 129 40 200 150 782 0 0 1 "Assault"
0 130 40 201 150 783 0 0 1 "Assault"
0 130 40 201 150 784 0 0 1 "Assault"
0 131 40 202 150 785 0 0 1 "Assault"
0 132 40 203 150 786 0 0 1 "Assault"
0 132 40 203 150 787 0 0 1 "Assault"
0 133 40 204 150 788 0 0 1 "Assault"
0 134 40 205 150 789 0 0 0 "Assault"
0 134 39 205 149 790 0 0 1 "Assault"
0 135 39 206 149 791 0 0 1 "Assault"
0 136 39 207 149 792 0 0 1 "Assault"
0 137 39 208 149 793 0 0 1 "Assault"
0 138 38 209 148 794 0 0 1 "Assault"
0 139 38 210 148 795 0 0 1 "Assault"
0 140 38 211 148 796 0 0 1 "Assault"
0 141 38 212 148 797 0 0 1 "Assault"
0 142 38 213 148 798 0 0 1 "Assault"
0 143 37 214 147 799 0 0 1 "Assault"
0 144 37 215 147 800 0 0 1 "Assault"
0 145 37 216 147 801 0 0 1 "Assault"
0 146 37 217 147 802 0 0 1 "Assault"
0 147 37 218 147 803 0 0 0 "Assault"
0 147 37 218 147 804 0 0 1 "Assault"
0 148 37 219 147 805 0 0 1 "Assault"
0 148 37 219 147 806 0 0 1 "Assault"
0 149 37 220 147 807 0 0 1 "Assault"
0 150 37 221 147 808 0 0 1 "Assault"
0 150 37 221 147 809 0 0 1 "Assault"
0 151 37 222 147 810 0 0 1 "Assault"
0 152 38 223 148 811 0 0 0 "Assault"
0 152 37 223 147 812 0 0 1 "Assault"
0 152 37 223 147 813 0 0 1 "Assault"
0 153 37 224 147 814 0 0 1 "Assault"
0 153 36 224 146 815 0 0 1 "Assault"
0 154 36 225 146 816 0 0 1 "Assault"
0 154 36 225 146 817 0 0 1 "Assault"
0 155 35 226 145 818 0 0 1 "Assault"
0 155 35 226 145 819 0 0 1 "Assault"
0 156 35 227 145 820 0 0 1 "Assault"
0 156 34 227 144 821 0 0 1 "Assault"
0 157 34 228 144 822 0 0 1 "Assault"
0 157 34 228 144 823 0 0 1 "Assault"
0 158 33 229 143 824 0 0 1 "Assault"
0 158 33 229 143 825 0 0 1 "Assault"
0 159 33 230 143 826 0 0 1 "Assault"
0 159 32 230 142 827 0 0 1 "Assault"
0 160 32 231 142 828 0 0 1 "Assault"
0 160 32 231 142 829 0 0 1 "Assault"
0 161 31 232 141 830 0 0 1 "Assault"
0 161 31 232 141 831 0 0 1 "Assault"
0 162 31 233 141 832 0 0 0 "Assault"
0 162 31 233 141 833 0 0 1 "Assault"
0 162 31 233 141 834 0 0 1 "Assault"
0 162 31 233 141 835 0 0 1 "Assault"
0 162 31 233 141 836 0 0 1 "Assault"
0 162 31 233 141 837 0 0 1 "Assault"
0 162 31 233 141 838 0 0 1 "Assault"
0 162 31 233 141 839 0 0 1 "Assault"
0 162 31 233 141 840 0 0 1 "Assault"
0 162 31 233 141 841 0 0 1 "Assault"
0 162 31 233 141 842 0 0 1 "Assault"
0 162 31 233 141 843 0 0 0 "Assault"
0 159 31 230 141 844 0 0 1 "Assault"
0 157 31 228 141 845 0 0 1 "Assault"
0 154 31 225 141 846 0 0 1 "Assault"
0 152 31 223 141 847 0 0 1 "Assault"
0 150 31 221 141 848 0 0 0 "Assault"
0 150 31 221 141 849 0 0 1 "Assault"
0 150 31 221 141 850 0 0 1 "Assault"
0 150 31 221 141 851 0 0 1 "Assault"
0 150 31 221 141 852 0 0 1 "Assault"
0 151 31 222 141 853 0 0 1 "Assault"
0 151 31 222 141 854 0 0 1 "Assault"
0 151 31 222 141 855 0 0 1 "Assault"
0 151 31 222 141 856 0 0 1 "Assault"
0 152 31 223 141 857 0 0 1 "Assault"
0 152 31 223 141 858 0 0 1 "Assault"
0 152 31 223 141 859 0 0 1 "Assault"
0 152 31 223 141 860 0 0 1 "Assault"
0 153 31 224 141 861 0 0 1 "Assault"
0 153 31 224 141 862 0 0 1 "Assault"
0 153 31 224 141 863 0 0 1 "Assault"
0 153 31 224 141 864 0 0 1 "Assault"
0 153 31 224 141 865 0 0 1 "Assault"
0 154 31 225 141 866 0 0 1 "Assault"
0 154 31 225 141 867 0 0 1 "Assault"
0 154 31 225 141 868 0 0 1 "Assault"
0 154 31 225 141 869 0 0 1 "Assault"
0 155 31 226 141 870 0 0 1 "Assault"
0 155 31 226 141 871 0 0 1 "Assault"
0 155 31 226 141 872 0 0 1 "Assault"
0 155 31 226 141 873 0 0 1 "Assault"
0 156 31 227 141 874 0 0 1 "Assault"
0 156 31 227 141 875 0 0 1 "Assault"
0 156 31 227 141 876 0 0 1 "Assault"
0 156 31 227 141 877 0 0 1 "Assault"
0 156 31 227 141 878 0 0 1 "Assault"
0 157 31 228 141 879 0 0 1 "Assault"
0 157 31 228 141 880 0 0 1 "Assault"
0 157 31 228 141 881 0 0 1 "Assault"
0 157 31 228 141 882 0 0 1 "Assault"
0 158 31 229 141 883 0 0 1 "Assault"
0 158 31 229 141 884 0 0 1 "Assault"
0 158 31 229 141 885 0 0 1 "Assault"
0 158 31 229 141 886 0 0 1 "Assault"
0 159 31 230 141 887 1 0 0 "Assault"
0 159 31 230 141 888 1 0 1 "Assault"
0 159 31 230 141 889 1 0 1 "Assault"
0 159 31 230 141 890 1 0 1 "Assault"
0 159 31 230 141 891 1 0 1 "Assault"
0 159 31 230 141 892 1 0 1 "Assault"
0 159 31 230 141 893 1 0 1 "Assault"
0 159 31 230 141 894 1 0 1 "Assault"
0 159 31 230 141 895 1 0 1 "Assault"
0 159 31 230 141 896 1 0 0 "Assault"
0 154 33 224 144 897 1 0 1 "Assault"
0 150 36 219 147 898 1 0 1 "Assault"
0 146 39 214 151 899 1 0 1 "Assault"
0 141 42 209 154 900 1 0 1 "Assault"
0 137 45 204 157 901 1 0 1 "Assault"
0 133 48 199 161 902 1 0 1 "Assault"
0 128 51 194 164 903 1 0 1 "Assault"
0 124 54 189 167 904 1 0 1 "Assault"
0 120 57 184 171 905 1 0 1 "Assault"
0 115 60 179 174 906 1 0 1 "Assault"
0 111 63 174 177 907 1 0 1 "Assault"
0 107 66 169 181 908 1 0 1 "Assault"
0 102 69 164 184 909 1 0 1 "Assault"
0 98 72 159 187 910 1 0 1 "Assault"
0 94 75 154 191 911 1 0 0 "Assault"
