0 69 47 145 103 0 1 0 0 "Assault"
0 69 47 145 103 1 1 0 1 "Assault"
0 69 47 145 103 2 1 0 1 "Assault"
0 69 47 145 103 3 1 0 1 "Assault"
0 69 47 145 103 4 1 0 1 "Assault"
0 69 47 145 103 5 1 0 1 "Assault"
0 69 47 145 103 6 1 0 1 "Assault"
0 69 47 145 103 7 1 0 1 "Assault"
0 69 47 145 103 8 1 0 1 "Assault"
0 69 47 145 103 9 1 0 1 "Assault"
0 69 47 145 103 10 1 0 1 "Assault"
0 69 47 145 103 11 1 0 1 "Assault"
0 69 47 145 103 12 1 0 1 "Assault"
0 69 47 145 103 13 1 0 1 "Assault"
0 69 47 145 103 14 1 0 1 "Assault"
0 69 47 145 103 15 1 0 1 "Assault"
0 69 47 145 103 16 1 0 1 "Assault"
0 69 47 145 103 17 1 0 1 "Assault"
0 69 47 145 103 18 1 0 1 "Assault"
0 69 47 145 103 19 1 0 1 "Assault"
0 69 47 145 103 20 1 0 1 "Assault"
0 69 47 145 103 21 1 0 1 "Assault"
0 69 47 145 103 22 1 0 1 "Assault"
0 69 47 145 103 23 1 0 1 "Assault"
0 69 47 145 103 24 1 0 1 "Assault"
0 69 47 145 103 25 1 0 1 "Assault"
0 69 47 145 103 26 1 0 1 "Assault"
0 69 47 145 103 27 1 0 1 "Assault"
0 69 47 145 103 28 1 0 1 "Assault"
0 69 47 145 103 29 0 0 0 "Assault"
0 69 47 145 103 30 0 0 1 "Assault"
0 70 47 146 103 31 0 0 1 "Assault"
0 70 47 146 103 32 0 0 1 "Assault"
0 71 47 147 103 33 0 0 1 "Assault"
0 71 47 147 103 34 0 0 1 "Assault"
0 72 47 148 103 35 0 0 1 "Assault"
0 72 47 148 103 36 0 0 1 "Assault"
0 73 47 149 103 37 0 0 0 "Assault"
0 73 47 149 103 38 0 0 1 "Assault"
0 73 47 149 103 39 0 0 1 "Assault"
0 73 47 149 103 40 0 0 1 "Assault"
0 73 47 149 103 41 0 0 1 "Assault"
0 73 47 149 103 42 0 0 1 "Assault"
0 73 47 149 103 43 0 0 1 "Assault"
0 73 47 149 103 44 0 0 1 "Assault"
0 74 47 150 103 45 0 0 1 "Assault"
0 74 47 150 103 46 0 0 1 "Assault"
0 74 47 150 103 47 0 0 1 "Assault"
0 74 47 150 103 48 0 0 1 "Assault"
0 74 47 150 103 49 0 0 1 "Assault"
0 74 47 150 103 50 0 0 1 "Assault"
0 74 47 150 103 51 0 0 1 "Assault"
0 75 47 151 103 52 0 0 1 "Assault"
0 75 47 151 103 53 0 0 1 "Assault"
0 75 47 151 103 54 0 0 1 "Assault"
0 75 47 151 103 55 0 0 1 "Assault"
0 75 47 151 103 56 0 0 1 "Assault"
0 75 47 151 103 57 0 0 1 "Assault"
0 75 47 151 103 58 0 0 1 "Assault"
0 76 47 152 103 59 0 0 1 "Assault"
0 76 47 152 103 60 0 0 1 "Assault"
0 76 47 152 103 61 0 0 1 "Assault"
0 76 47 152 103 62 0 0 1 "Assault"
0 76 47 152 103 63 0 0 1 "Assault"
0 76 47 152 103 64 0 0 1 "Assault"
0 76 47 152 103 65 0 0 1 "Assault"
0 77 47 153 103 66 0 0 1 "Assault"
0 77 47 153 103 67 0 0 1 "Assault"
0 77 47 153 103 68 0 0 1 "Assault"
0 77 47 153 103 69 0 0 1 "Assault"
0 77 47 153 103 70 0 0 1 "Assault"
0 77 47 153 103 71 0 0 1 "Assault"
0 77 47 153 103 72 0 0 1 "Assault"
0 77 47 153 103 73 0 0 1 "Assault"
0 78 47 154 103 74 0 0 1 "Assault"
0 78 47 154 103 75 0 0 1 "Assault"
0 78 47 154 103 76 0 0 1 "Assault"
0 78 47 154 103 77 0 0 1 "Assault"
0 78 47 154 103 78 0 0 1 "Assault"
0 78 47 154 103 79 0 0 1 "Assault"
0 78 47 154 103 80 0 0 1 "Assault"
0 79 47 155 103 81 0 0 1 "Assault"
0 79 47 155 103 82 0 0 1 "Assault"
0 79 47 155 103 83 0 0 1 "Assault"
0 79 47 155 103 84 0 0 1 "Assault"
0 79 47 155 103 85 0 0 1 "Assault"
0 79 47 155 103 86 0 0 1 "Assault"
0 79 47 155 103 87 0 0 1 "Assault"
0 80 47 156 103 88 0 0 1 "Assault"
0 80 47 156 103 89 0 0 1 "Assault"
0 80 47 156 103 90 0 0 1 "Assault"
0 80 47 156 103 91 0 0 1 "Assault"
0 80 47 156 103 92 0 0 1 "Assault"
0 80 47 156 103 93 0 0 1 "Assault"
0 80 47 156 103 94 0 0 1 "Assault"
0 81 47 157 103 95 0 0 0 "Assault"
0 80 47 157 102 96 0 0 1 "Assault"
0 80 47 157 102 97 0 0 1 "Assault"
0 80 47 157 102 98 0 0 1 "Assault"
0 80 47 157 102 99 0 0 1 "Assault"
0 80 47 157 102 100 0 0 1 "Assault"
0 79 47 157 102 101 0 0 1 "Assault"
0 79 47 157 102 102 0 0 1 "Assault"
0 79 47 157 102 103 0 0 1 "Assault"
0 79 47 157 102 104 0 0 1 "Assault"
0 79 47 157 102 105 0 0 1 "Assault"
0 78 47 157 102 106 0 0 1 "Assault"
0 78 47 157 102 107 0 0 1 "Assault"
0 78 47 157 102 108 0 0 1 "Assault"
0 78 47 157 102 109 0 0 1 "Assault"
0 78 47 157 102 110 0 0 1 "Assault"
0 78 47 157 102 111 0 0 1 "Assault"
0 77 47 157 102 112 0 0 1 "Assault"
0 77 47 157 102 113 0 0 1 "Assault"
0 77 47 157 102 114 0 0 1 "Assault"
0 77 47 157 102 115 0 0 1 "Assault"
0 77 47 157 102 116 0 0 1 "Assault"
0 76 47 157 102 117 0 0 1 "Assault"
0 76 47 157 102 118 0 0 1 "Assault"
0 76 47 157 102 119 0 0 1 "Assault"
0 76 47 157 102 120 0 0 1 "Assault"
0 76 47 157 102 121 0 0 1 "Assault"
0 76 47 157 102 122 0 0 1 "Assault"
0 75 47 157 102 123 0 0 1 "Assault"
0 75 47 157 102 124 0 0 1 "Assault"
0 75 47 157 102 125 0 0 1 "Assault"
0 75 47 157 102 126 0 0 1 "Assault"
0 75 47 157 102 127 0 0 1 "Assault"
0 74 47 157 102 128 0 0 1 "Assault"
0 74 47 157 102 129 0 0 1 "Assault"
0 74 47 157 102 130 0 0 1 "Assault"
0 74 47 157 101 131 0 0 1 "Assault"
0 74 47 157 101 132 0 0 1 "Assault"
0 74 47 157 101 133 0 0 1 "Assault"
0 73 47 157 101 134 0 0 1 "Assault"
0 73 47 157 101 135 0 0 1 "Assault"
0 73 47 157 101 136 0 0 1 "Assault"
0 73 47 157 101 137 0 0 1 "Assault"
0 73 47 157 101 138 0 0 1 "Assault"
0 72 47 157 101 139 0 0 1 "Assault"
0 72 47 157 101 140 0 0 1 "Assault"
0 72 47 157 101 141 0 0 1 "Assault"
0 72 47 157 101 142 0 0 1 "Assault"
0 72 47 157 101 143 0 0 1 "Assault"
0 72 47 157 101 144 0 0 1 "Assault"
0 71 47 157 101 145 0 0 1 "Assault"
0 71 47 157 101 146 0 0 1 "Assault"
0 71 47 157 101 147 0 0 1 "Assault"
0 71 47 157 101 148 0 0 1 "Assault"
0 71 47 157 101 149 0 0 1 "Assault"
0 70 47 157 101 150 0 0 1 "Assault"
0 70 47 157 101 151 0 0 1 "Assault"
0 70 47 157 101 152 0 0 1 "Assault"
0 70 47 157 101 153 0 0 1 "Assault"
0 70 47 157 101 154 0 0 1 "Assault"
0 70 47 157 101 155 0 0 1 "Assault"
0 69 47 157 101 156 0 0 1 "Assault"
0 69 47 157 101 157 0 0 1 "Assault"
0 69 47 157 101 158 0 0 1 "Assault"
0 69 47 157 101 159 0 0 1 "Assault"
0 69 47 157 101 160 0 0 1 "Assault"
0 68 47 157 101 161 0 0 1 "Assault"
0 68 47 157 101 162 0 0 1 "Assault"
0 68 47 157 101 163 0 0 1 "Assault"
0 68 47 157 101 164 0 0 1 "Assault"
0 68 47 157 101 165 0 0 1 "Assault"
0 68 47 157 101 166 0 0 0 "Assault"
0 68 47 156 100 167 0 0 1 "Assault"
0 68 47 156 100 168 0 0 1 "Assault"
0 68 47 156 100 169 0 0 1 "Assault"
0 68 47 155 100 170 0 0 1 "Assault"
0 68 47 155 100 171 0 0 1 "Assault"
0 68 47 155 100 172 0 0 1 "Assault"
0 68 47 154 100 173 0 0 1 "Assault"
0 68 47 154 100 174 0 0 1 "Assault"
0 68 47 154 100 175 0 0 1 "Assault"
0 68 47 154 100 176 0 0 1 "Assault"
0 68 47 153 100 177 0 0 1 "Assault"
0 68 47 153 100 178 0 0 1 "Assault"
0 68 47 153 100 179 0 0 1 "Assault"
0 68 47 152 100 180 0 0 1 "Assault"
0 68 47 152 100 181 0 0 1 "Assault"
0 68 47 152 100 182 0 0 1 "Assault"
0 68 47 152 100 183 0 0 1 "Assault"
0 68 47 151 100 184 0 0 1 "Assault"
0 68 47 151 100 185 0 0 1 "Assault"
0 68 47 151 100 186 0 0 1 "Assault"
0 68 47 150 100 187 0 0 1 "Assault"
0 68 47 150 100 188 0 0 1 "Assault"
0 68 47 150 100 189 0 0 1 "Assault"
0 68 47 150 100 190 0 0 1 "Assault"
0 68 47 149 100 191 0 0 1 "Assault"
0 68 47 149 100 192 0 0 1 "Assault"
0 68 47 149 100 193 0 0 1 "Assault"
0 68 47 148 100 194 0 0 1 "Assault"
0 68 47 148 100 195 0 0 1 "Assault"
0 68 47 148 100 196 0 0 1 "Assault"
0 68 47 148 100 197 0 0 1 "Assault"
0 68 47 147 100 198 0 0 1 "Assault"
0 68 47 147 100 199 0 0 1 "Assault"
0 68 47 147 100 200 0 0 1 "Assault"
0 68 47 146 100 201 0 0 1 "Assault"
0 68 47 146 100 202 0 0 1 "Assault"
0 68 47 146 100 203 0 0 1 "Assault"
0 68 47 146 100 204 0 0 0 "Assault"
0 68 46 146 100 205 0 0 1 "Assault"
0 68 46 146 100 206 0 0 1 "Assault"
0 68 46 146 100 207 0 0 1 "Assault"
0 68 46 146 100 208 0 0 1 "Assault"
0 68 46 146 100 209 0 0 1 "Assault"
0 68 46 146 100 210 0 0 1 "Assault"
0 68 46 147 100 211 0 0 1 "Assault"
0 68 46 147 100 212 0 0 1 "Assault"
0 68 46 147 100 213 0 0 1 "Assault"
0 68 46 147 100 214 0 0 1 "Assault"
0 68 46 147 100 215 0 0 1 "Assault"
0 68 46 147 100 216 0 0 1 "Assault"
0 68 46 147 100 217 0 0 1 "Assault"
0 68 46 148 100 218 0 0 1 "Assault"
0 68 46 148 100 219 0 0 1 "Assault"
0 68 46 148 100 220 0 0 1 "Assault"
0 68 46 148 100 221 0 0 1 "Assault"
0 68 46 148 100 222 0 0 1 "Assault"
0 68 46 148 100 223 0 0 1 "Assault"
0 68 46 148 100 224 0 0 1 "Assault"
0 69 46 149 101 225 1 0 0 "Assault"
0 69 46 149 101 226 1 0 1 "Assault"
0 69 46 149 101 227 1 0 1 "Assault"
0 69 46 149 101 228 1 0 0 "Assault"
0 70 45 151 102 229 1 0 1 "Assault"
0 71 45 154 103 230 1 0 1 "Assault"
0 72 44 157 104 231 1 0 1 "Assault"
0 73 44 160 106 232 1 0 1 "Assault"
0 74 43 163 107 233 1 0 1 "Assault"
0 75 43 166 108 234 1 0 1 "Assault"
0 76 42 169 110 235 1 0 1 "Assault"
0 77 42 172 111 236 1 0 1 "Assault"
0 78 41 174 112 237 1 0 1 "Assault"
0 79 41 177 114 238 1 0 1 "Assault"
0 80 41 180 115 239 1 0 1 "Assault"
0 81 40 183 116 240 1 0 1 "Assault"
0 82 40 186 117 241 1 0 1 "Assault"
0 83 39 189 119 242 1 0 1 "Assault"
0 84 39 192 120 243 1 0 1 "Assault"
0 85 38 195 121 244 1 0 1 "Assault"
0 87 38 197 123 245 1 0 1 "Assault"
0 88 37 200 124 246 1 0 1 "Assault"
0 89 37 203 125 247 1 0 1 "Assault"
0 90 36 206 127 248 1 0 1 "Assault"
0 91 36 209 128 249 1 0 1 "Assault"
0 92 36 212 129 250 1 0 1 "Assault"
0 93 35 215 130 251 1 0 1 "Assault"
0 94 35 218 132 252 1 0 1 "Assault"
0 95 34 220 133 253 1 0 1 "Assault"
0 96 34 223 134 254 1 0 1 "Assault"
0 97 33 226 136 255 1 0 1 "Assault"
0 98 33 229 137 256 1 0 1 "Assault"
0 99 32 232 138 257 1 0 1 "Assault"
0 100 32 235 140 258 1 0 1 "Assault"
0 101 31 238 141 259 1 0 1 "Assault"
0 102 31 241 142 260 1 0 1 "Assault"
0 104 31 244 144 261 0 0 0 "Assault"
0 104 31 244 143 262 0 0 1 "Assault"
0 104 31 244 143 263 0 0 1 "Assault"
0 104 31 244 143 264 0 0 1 "Assault"
0 104 31 244 143 265 0 0 1 "Assault"
0 104 31 245 143 266 0 0 1 "Assault"
0 104 31 245 143 267 0 0 1 "Assault"
0 104 31 245 143 268 0 0 1 "Assault"
0 104 31 245 143 269 0 0 1 "Assault"
0 104 31 246 143 270 0 0 1 "Assault"
0 104 31 246 143 271 0 0 1 "Assault"
0 104 31 246 143 272 0 0 1 "Assault"
0 104 31 246 143 273 0 0 1 "Assault"
0 104 31 247 143 274 0 0 1 "Assault"
0 104 31 247 143 275 0 0 1 "Assault"
0 104 31 247 143 276 0 0 1 "Assault"
0 104 31 247 143 277 0 0 1 "Assault"
0 104 31 248 143 278 0 0 1 "Assault"
0 104 31 248 143 279 0 0 1 "Assault"
0 104 31 248 143 280 0 0 1 "Assault"
0 104 31 248 143 281 0 0 1 "Assault"
0 104 31 248 143 282 0 0 1 "Assault"
0 104 31 249 143 283 0 0 1 "Assault"
0 104 31 249 143 284 0 0 1 "Assault"
0 104 31 249 143 285 0 0 1 "Assault"
0 104 31 249 143 286 0 0 1 "Assault"
0 104 31 250 143 287 0 0 1 "Assault"
0 104 31 250 143 288 0 0 1 "Assault"
0 104 31 250 143 289 0 0 1 "Assault"
0 104 31 250 143 290 0 0 1 "Assault"
0 104 31 251 143 291 0 0 1 "Assault"
0 104 31 251 143 292 0 0 1 "Assault"
0 104 31 251 143 293 0 0 1 "Assault"
0 104 31 251 143 294 0 0 1 "Assault"
0 104 31 252 143 295 0 0 1 "Assault"
0 104 31 252 143 296 0 0 1 "Assault"
0 104 31 252 143 297 0 0 1 "Assault"
0 104 31 252 143 298 0 0 1 "Assault"
0 104 31 252 143 299 0 0 1 "Assault"
0 104 31 253 143 300 0 0 1 "Assault"
0 104 31 253 143 301 0 0 1 "Assault"
0 104 31 253 143 302 0 0 1 "Assault"
0 104 31 253 143 303 0 0 1 "Assault"
0 104 31 254 143 304 0 0 1 "Assault"
0 104 31 254 143 305 0 0 1 "Assault"
0 104 31 254 143 306 0 0 1 "Assault"
0 104 31 254 143 307 0 0 1 "Assault"
0 104 31 255 143 308 0 0 1 "Assault"
0 104 31 255 143 309 0 0 1 "Assault"
0 104 31 255 143 310 0 0 1 "Assault"
0 104 31 255 143 311 0 0 1 "Assault"
0 104 31 256 143 312 0 0 1 "Assault"
0 104 31 256 143 313 0 0 1 "Assault"
0 104 31 256 143 314 0 0 1 "Assault"
0 104 31 256 143 315 0 0 1 "Assault"
0 104 31 257 143 316 0 0 0 "Assault"
0 104 31 257 142 317 0 0 1 "Assault"
0 104 31 257 142 318 0 0 1 "Assault"
0 104 31 258 142 319 0 0 1 "Assault"
0 104 31 258 142 320 0 0 1 "Assault"
0 104 31 259 142 321 0 0 1 "Assault"
0 104 31 259 142 322 0 0 1 "Assault"
0 104 31 259 142 323 0 0 1 "Assault"
0 104 31 260 142 324 0 0 1 "Assault"
0 104 31 260 142 325 0 0 1 "Assault"
0 104 31 261 142 326 0 0 1 "Assault"
0 104 31 261 142 327 0 0 1 "Assault"
0 104 31 262 142 328 0 0 1 "Assault"
0 104 31 262 142 329 0 0 1 "Assault"
0 104 31 262 142 330 0 0 1 "Assault"
0 104 31 263 142 331 0 0 1 "Assault"
0 104 31 263 142 332 0 0 1 "Assault"
0 104 31 264 142 333 0 0 1 "Assault"
0 104 31 264 142 334 0 0 1 "Assault"
0 104 31 264 142 335 0 0 1 "Assault"
0 104 31 265 142 336 0 0 1 "Assault"
0 104 31 265 142 337 0 0 1 "Assault"
0 104 31 266 142 338 0 0 1 "Assault"
0 104 31 266 142 339 0 0 1 "Assault"
0 104 31 267 142 340 0 0 1 "Assault"
0 104 31 267 142 341 0 0 1 "Assault"
0 104 31 267 142 342 0 0 1 "Assault"
0 104 31 268 142 343 0 0 1 "Assault"
0 104 31 268 142 344 0 0 1 "Assault"
0 104 31 269 142 345 0 0 1 "Assault"
0 104 31 269 142 346 0 0 1 "Assault"
0 104 31 270 142 347 0 0 1 "Assault"
0 104 31 270 142 348 0 0 1 "Assault"
0 104 31 270 142 349 0 0 1 "Assault"
0 104 31 271 142 350 0 0 1 "Assault"
0 104 31 271 142 351 0 0 1 "Assault"
0 104 31 272 142 352 0 0 1 "Assault"
0 104 31 272 142 353 0 0 1 "Assault"
0 104 31 272 142 354 0 0 1 "Assault"
0 104 31 273 142 355 0 0 1 "Assault"
0 104 31 273 142 356 0 0 1 "Assault"
0 104 31 274 142 357 0 0 1 "Assault"
0 104 31 274 142 358 0 0 1 "Assault"
0 104 31 275 142 359 0 0 1 "Assault"
0 104 31 275 142 360 0 0 1 "Assault"
0 104 31 275 142 361 0 0 1 "Assault"
0 104 31 276 142 362 0 0 1 "Assault"
0 104 31 276 142 363 0 0 1 "Assault"
0 104 31 277 142 364 0 0 1 "Assault"
0 104 31 277 142 365 0 0 1 "Assault"
0 104 31 278 142 366 0 0 0 "Assault"
0 103 31 277 141 367 0 0 1 "Assault"
0 103 31 277 141 368 0 0 1 "Assault"
0 103 31 276 141 369 0 0 1 "Assault"
0 103 31 276 141 370 0 0 1 "Assault"
0 103 31 275 141 371 0 0 1 "Assault"
0 103 31 275 141 372 0 0 1 "Assault"
0 103 31 274 141 373 0 0 1 "Assault"
0 103 31 274 141 374 0 0 1 "Assault"
0 103 31 273 141 375 0 0 1 "Assault"
0 103 31 273 141 376 0 0 1 "Assault"
0 103 31 272 141 377 0 0 1 "Assault"
0 103 31 272 141 378 0 0 1 "Assault"
0 103 31 272 141 379 0 0 1 "Assault"
0 103 31 271 141 380 0 0 1 "Assault"
0 103 31 271 141 381 0 0 1 "Assault"
0 103 31 270 141 382 0 0 1 "Assault"
0 103 31 270 141 383 0 0 1 "Assault"
0 103 31 269 141 384 0 0 1 "Assault"
0 103 31 269 141 385 0 0 1 "Assault"
0 103 31 268 141 386 0 0 1 "Assault"
0 103 31 268 141 387 0 0 1 "Assault"
0 103 31 267 141 388 0 0 1 "Assault"
0 103 31 267 141 389 0 0 1 "Assault"
0 103 31 266 141 390 0 0 1 "Assault"
0 103 31 266 141 391 0 0 1 "Assault"
0 103 31 266 141 392 0 0 1 "Assault"
0 103 31 265 141 393 0 0 1 "Assault"
0 103 31 265 141 394 0 0 1 "Assault"
0 103 31 264 141 395 0 0 1 "Assault"
0 103 31 264 141 396 0 0 1 "Assault"
0 103 31 263 141 397 0 0 1 "Assault"
0 103 31 263 141 398 0 0 1 "Assault"
0 103 31 262 141 399 0 0 1 "Assault"
0 103 31 262 141 400 0 0 1 "Assault"
0 103 31 261 141 401 0 0 1 "Assault"
0 103 31 261 141 402 0 0 1 "Assault"
0 103 31 260 141 403 0 0 1 "Assault"
0 103 31 260 141 404 0 0 1 "Assault"
0 103 31 260 141 405 0 0 1 "Assault"
0 103 31 259 141 406 0 0 1 "Assault"
0 103 31 259 141 407 0 0 1 "Assault"
0 103 31 258 141 408 0 0 1 "Assault"
0 103 31 258 141 409 0 0 1 "Assault"
0 103 31 257 141 410 0 0 1 "Assault"
0 103 31 257 141 411 0 0 1 "Assault"
0 103 31 256 141 412 0 0 1 "Assault"
0 103 31 256 141 413 0 0 1 "Assault"
0 103 31 255 141 414 0 0 1 "Assault"
0 103 31 255 141 415 0 0 1 "Assault"
0 103 31 255 141 416 0 0 1 "Assault"
0 102 31 254 140 417 0 0 1 "Assault"
0 102 31 254 140 418 0 0 1 "Assault"
0 102 31 253 140 419 0 0 1 "Assault"
0 102 31 253 140 420 0 0 1 "Assault"
0 102 31 252 140 421 0 0 1 "Assault"
0 102 31 252 140 422 0 0 1 "Assault"
0 102 31 251 140 423 0 0 1 "Assault"
0 102 31 251 140 424 0 0 1 "Assault"
0 102 31 250 140 425 0 0 1 "Assault"
0 102 31 250 140 426 0 0 1 "Assault"
0 102 31 249 140 427 0 0 1 "Assault"
0 102 31 249 140 428 0 0 1 "Assault"
0 102 31 249 140 429 0 0 1 "Assault"
0 102 31 248 140 430 0 0 1 "Assault"
0 102 31 248 140 431 0 0 1 "Assault"
0 102 31 247 140 432 0 0 1 "Assault"
0 102 31 247 140 433 0 0 1 "Assault"
0 102 31 246 140 434 0 0 1 "Assault"
0 102 31 246 140 435 0 0 1 "Assault"
0 102 31 245 140 436 0 0 1 "Assault"
0 102 31 245 140 437 0 0 1 "Assault"
0 102 31 244 140 438 0 0 1 "Assault"
0 102 31 244 140 439 0 0 1 "Assault"
0 102 31 243 140 440 0 0 1 "Assault"
0 102 31 243 140 441 0 0 1 "Assault"
0 102 31 243 140 442 0 0 1 "Assault"
0 102 31 242 140 443 0 0 1 "Assault"
0 102 31 242 140 444 0 0 1 "Assault"
0 102 31 241 140 445 0 0 1 "Assault"
0 102 31 241 140 446 0 0 1 "Assault"
0 102 31 240 140 447 0 0 1 "Assault"
0 102 31 240 140 448 0 0 1 "Assault"
0 102 31 239 140 449 0 0 1 "Assault"
0 102 31 239 140 450 0 0 1 "Assault"
0 102 31 238 140 451 0 0 1 "Assault"
0 102 31 238 140 452 0 0 1 "Assault"
0 102 31 237 140 453 0 0 1 "Assault"
0 102 31 237 140 454 0 0 1 "Assault"
0 102 31 237 140 455 0 0 1 "Assault"
0 102 31 236 140 456 0 0 1 "Assault"
0 102 31 236 140 457 0 0 1 "Assault"
0 102 31 235 140 458 0 0 1 "Assault"
0 102 31 235 140 459 0 0 1 "Assault"
0 102 31 234 140 460 0 0 1 "Assault"
0 102 31 234 140 461 0 0 1 "Assault"
0 102 31 233 140 462 0 0 1 "Assault"
0 102 31 233 140 463 0 0 1 "Assault"
0 102 31 232 140 464 0 0 1 "Assault"
0 102 31 232 140 465 0 0 1 "Assault"
0 102 31 232 140 466 0 0 0 "Assault"
0 99 31 232 139 467 0 0 1 "Assault"
0 97 31 232 139 468 0 0 1 "Assault"
0 94 31 232 139 469 0 0 1 "Assault"
0 92 31 232 139 470 0 0 1 "Assault"
0 90 31 232 139 471 0 0 0 "Assault"
0 87 31 229 139 472 0 0 1 "Assault"
0 85 31 227 139 473 0 0 1 "Assault"
0 83 31 225 139 474 0 0 1 "Assault"
0 80 31 222 139 475 0 0 1 "Assault"
0 78 31 220 139 476 0 0 1 "Assault"
0 76 31 218 139 477 0 0 1 "Assault"
0 74 31 216 139 478 0 0 0 "Assault"
0 73 31 215 139 479 0 0 1 "Assault"
0 73 31 215 139 480 0 0 1 "Assault"
0 73 31 215 139 481 0 0 1 "Assault"
0 73 31 215 139 482 0 0 1 "Assault"
0 73 31 215 139 483 0 0 1 "Assault"
0 73 31 215 139 484 0 0 1 "Assault"
0 73 31 215 139 485 1 0 0 "Assault"
0 70 30 212 138 486 1 0 1 "Assault"
0 67 29 209 137 487 1 0 1 "Assault"
0 65 29 207 137 488 1 0 0 "Assault"
0 65 29 206 136 489 1 0 1 "Assault"
0 65 29 206 136 490 1 0 1 "Assault"
0 65 29 205 136 491 1 0 1 "Assault"
0 65 29 205 135 492 1 0 1 "Assault"
0 65 29 204 135 493 1 0 1 "Assault"
0 65 29 204 135 494 1 0 1 "Assault"
0 65 30 204 135 495 1 0 1 "Assault"
0 66 30 203 134 496 1 0 1 "Assault"
0 66 30 203 134 497 1 0 1 "Assault"
0 66 30 202 134 498 1 0 1 "Assault"
0 66 30 202 133 499 1 0 1 "Assault"
0 66 30 202 133 500 1 0 1 "Assault"
0 66 30 201 133 501 1 0 1 "Assault"
0 66 31 201 133 502 1 0 1 "Assault"
0 66 31 200 132 503 1 0 1 "Assault"
0 67 31 200 132 504 1 0 1 "Assault"
0 67 31 199 132 505 1 0 1 "Assault"
0 67 31 199 131 506 1 0 1 "Assault"
0 67 31 199 131 507 1 0 1 "Assault"
0 67 31 198 131 508 1 0 1 "Assault"
0 67 32 198 131 509 1 0 1 "Assault"
0 67 32 197 130 510 1 0 1 "Assault"
0 68 32 197 130 511 1 0 1 "Assault"
0 68 32 197 130 512 1 0 1 "Assault"
0 68 32 196 129 513 1 0 1 "Assault"
0 68 32 196 129 514 1 0 1 "Assault"
0 68 33 195 129 515 1 0 1 "Assault"
0 68 33 195 129 516 1 0 1 "Assault"
0 68 33 195 128 517 1 0 1 "Assault"
0 68 33 194 128 518 1 0 1 "Assault"
0 69 33 194 128 519 1 0 1 "Assault"
0 69 33 193 128 520 1 0 1 "Assault"
0 69 33 193 127 521 1 0 1 "Assault"
0 69 34 192 127 522 1 0 1 "Assault"
0 69 34 192 127 523 1 0 1 "Assault"
0 69 34 192 126 524 1 0 1 "Assault"
0 69 34 191 126 525 1 0 1 "Assault"
0 70 34 191 126 526 1 0 1 "Assault"
0 70 34 190 126 527 1 0 1 "Assault"
0 70 34 190 125 528 1 0 1 "Assault"
0 70 35 190 125 529 1 0 1 "Assault"
0 70 35 189 125 530 1 0 1 "Assault"
0 70 35 189 124 531 1 0 1 "Assault"
0 70 35 188 124 532 1 0 1 "Assault"
0 70 35 188 124 533 1 0 1 "Assault"
0 71 35 187 124 534 1 0 1 "Assault"
0 71 35 187 123 535 1 0 1 "Assault"
0 71 36 187 123 536 1 0 1 "Assault"
0 71 36 186 123 537 1 0 1 "Assault"
0 71 36 186 122 538 1 0 1 "Assault"
0 71 36 185 122 539 1 0 1 "Assault"
0 71 36 185 122 540 1 0 1 "Assault"
0 72 36 185 122 541 1 0 1 "Assault"
0 72 37 184 121 542 1 0 1 "Assault"
0 72 37 184 121 543 1 0 1 "Assault"
0 72 37 183 121 544 1 0 1 "Assault"
0 72 37 183 120 545 1 0 1 "Assault"
0 72 37 183 120 546 1 0 1 "Assault"
0 72 37 182 120 547 1 0 1 "Assault"
0 72 37 182 120 548 1 0 1 "Assault"
0 73 38 181 119 549 1 0 1 "Assault"
0 73 38 181 119 550 1 0 1 "Assault"
0 73 38 180 119 551 1 0 1 "Assault"
0 73 38 180 119 552 1 0 1 "Assault"
0 73 38 180 118 553 1 0 1 "Assault"
0 73 38 179 118 554 1 0 1 "Assault"
0 73 38 179 118 555 1 0 1 "Assault"
0 73 39 178 117 556 1 0 1 "Assault"
0 74 39 178 117 557 1 0 1 "Assault"
0 74 39 178 117 558 1 0 1 "Assault"
0 74 39 177 117 559 1 0 1 "Assault"
0 74 39 177 116 560 1 0 1 "Assault"
0 74 39 176 116 561 1 0 1 "Assault"
0 74 40 176 116 562 1 0 1 "Assault"
0 74 40 176 115 563 1 0 1 "Assault"
0 75 40 175 115 564 1 0 1 "Assault"
0 75 40 175 115 565 1 0 1 "Assault"
0 75 40 174 115 566 1 0 1 "Assault"
0 75 40 174 114 567 1 0 1 "Assault"
0 75 40 173 114 568 1 0 1 "Assault"
0 75 41 173 114 569 1 0 1 "Assault"
0 75 41 173 113 570 1 0 1 "Assault"
0 75 41 172 113 571 1 0 1 "Assault"
0 76 41 172 113 572 1 0 1 "Assault"
0 76 41 171 113 573 1 0 1 "Assault"
0 76 41 171 112 574 1 0 1 "Assault"
0 76 41 171 112 575 1 0 1 "Assault"
0 76 42 170 112 576 1 0 1 "Assault"
0 76 42 170 111 577 1 0 1 "Assault"
0 76 42 169 111 578 1 0 1 "Assault"
0 77 42 169 111 579 1 0 1 "Assault"
0 77 42 168 111 580 1 0 1 "Assault"
0 77 42 168 110 581 1 0 1 "Assault"
0 77 42 168 110 582 1 0 1 "Assault"
0 77 43 167 110 583 1 0 1 "Assault"
0 77 43 167 110 584 1 0 1 "Assault"
0 77 43 166 109 585 1 0 1 "Assault"
0 77 43 166 109 586 1 0 1 "Assault"
0 78 43 166 109 587 1 0 1 "Assault"
0 78 43 165 108 588 1 0 1 "Assault"
0 78 44 165 108 589 1 0 1 "Assault"
0 78 44 164 108 590 1 0 1 "Assault"
0 78 44 164 108 591 1 0 1 "Assault"
0 78 44 164 107 592 1 0 1 "Assault"
0 78 44 163 107 593 1 0 1 "Assault"
0 79 44 163 107 594 1 0 1 "Assault"
0 79 44 162 106 595 1 0 1 "Assault"
0 79 45 162 106 596 1 0 1 "Assault"
0 79 45 161 106 597 1 0 1 "Assault"
0 79 45 161 106 598 1 0 1 "Assault"
0 79 45 161 105 599 1 0 1 "Assault"
0 79 45 160 105 600 1 0 1 "Assault"
0 79 45 160 105 601 1 0 1 "Assault"
0 80 45 159 104 602 1 0 1 "Assault"
0 80 46 159 104 603 1 0 1 "Assault"
0 80 46 159 104 604 1 0 1 "Assault"
0 80 46 158 104 605 1 0 1 "Assault"
0 80 46 158 103 606 1 0 1 "Assault"
0 80 46 157 103 607 1 0 1 "Assault"
0 80 46 157 103 608 1 0 1 "Assault"
0 81 47 157 103 609 1 0 0 "Assault"
