0 174 73 256 201 0 1 0 0 "Assault"
0 174 73 256 201 1 1 0 1 "Assault"
0 174 73 256 201 2 1 0 1 "Assault"
0 174 73 256 201 3 1 0 1 "Assault"
0 174 73 256 201 4 1 0 1 "Assault"
0 174 73 256 201 5 1 0 1 "Assault"
0 174 73 256 201 6 1 0 1 "Assault"
0 174 73 256 201 7 1 0 1 "Assault"
0 174 73 256 201 8 1 0 1 "Assault"
0 174 73 256 201 9 1 0 1 "Assault"
0 174 73 256 201 10 1 0 1 "Assault"
0 174 73 256 201 11 1 0 1 "Assault"
0 174 73 256 201 12 1 0 1 "Assault"
0 174 73 256 201 13 1 0 1 "Assault"
0 174 73 256 201 14 1 0 1 "Assault"
0 174 73 256 201 15 1 0 1 "Assault"
0 174 73 256 201 16 1 0 1 "Assault"
0 174 73 256 201 17 1 0 1 "Assault"
0 174 73 256 201 18 1 0 1 "Assault"
0 174 73 256 201 19 1 0 1 "Assault"
0 174 73 256 201 20 1 0 1 "Assault"
0 174 73 256 201 21 1 0 1 "Assault"
0 174 73 256 201 22 1 0 1 "Assault"
0 174 73 256 201 23 1 0 1 "Assault"
0 174 73 256 201 24 1 0 1 "Assault"
0 174 73 256 201 25 1 0 1 "Assault"
0 174 73 256 201 26 1 0 1 "Assault"
0 174 73 256 201 27 1 0 1 "Assault"
0 174 73 256 201 28 1 0 1 "Assault"
0 174 73 256 201 29 1 0 1 "Assault"
0 174 73 256 201 30 1 0 1 "Assault"
0 174 73 256 201 31 1 0 1 "Assault"
0 174 73 256 201 32 1 0 1 "Assault"
0 174 73 256 201 33 1 0 1 "Assault"
0 174 73 256 201 34 1 0 1 "Assault"
0 174 73 256 201 35 1 0 1 "Assault"
0 174 73 256 201 36 1 0 1 "Assault"
0 174 73 256 201 37 1 0 1 "Assault"
0 174 73 256 201 38 1 0 1 "Assault"
0 174 73 256 201 39 1 0 1 "Assault"
0 174 73 256 201 40 1 0 1 "Assault"
0 174 73 256 201 41 1 0 1 "Assault"
0 174 73 256 201 42 1 0 1 "Assault"
0 174 73 256 201 43 1 0 1 "Assault"
0 174 73 256 201 44 1 0 1 "Assault"
0 174 73 256 201 45 1 0 1 "Assault"
0 174 73 256 201 46 1 0 1 "Assault"
0 174 73 256 201 47 1 0 1 "Assault"
0 174 73 256 201 48 1 0 1 "Assault"
0 174 73 256 201 49 1 0 1 "Assault"
0 174 73 256 201 50 1 0 1 "Assault"
0 174 73 256 201 51 1 0 1 "Assault"
0 174 73 256 201 52 1 0 1 "Assault"
0 174 73 256 201 53 1 0 1 "Assault"
0 174 73 256 201 54 1 0 1 "Assault"
0 174 73 256 201 55 1 0 1 "Assault"
0 174 73 256 201 56 1 0 1 "Assault"
0 174 73 256 201 57 1 0 1 "Assault"
0 174 73 256 201 58 1 0 1 "Assault"
0 174 73 256 201 59 1 0 1 "Assault"
0 174 73 256 201 60 1 0 1 "Assault"
0 174 73 256 201 61 1 0 1 "Assault"
0 174 73 256 201 62 1 0 1 "Assault"
0 174 73 256 201 63 1 0 1 "Assault"
0 174 73 256 201 64 1 0 1 "Assault"
0 174 73 256 201 65 1 0 1 "Assault"
0 174 73 256 201 66 1 0 1 "Assault"
0 174 73 256 201 67 1 0 1 "Assault"
0 174 73 256 201 68 1 0 1 "Assault"
0 174 73 256 201 69 1 0 1 "Assault"
0 174 73 256 201 70 1 0 1 "Assault"
0 174 73 256 201 71 1 0 1 "Assault"
0 174 73 256 201 72 1 0 1 "Assault"
0 174 73 256 201 73 1 0 1 "Assault"
0 174 73 256 201 74 1 0 1 "Assault"
0 174 73 256 201 75 1 0 1 "Assault"
0 174 73 256 201 76 1 0 1 "Assault"
0 174 73 256 201 77 1 0 1 "Assault"
0 174 73 256 201 78 1 0 1 "Assault"
0 174 73 256 201 79 1 0 1 "Assault"
0 174 73 256 201 80 1 0 1 "Assault"
0 174 73 256 201 81 1 0 1 "Assault"
0 174 73 256 201 82 1 0 1 "Assault"
0 174 73 256 201 83 1 0 1 "Assault"
0 174 73 256 201 84 1 0 1 "Assault"
0 174 73 256 201 85 1 0 1 "Assault"
0 174 73 256 201 86 1 0 1 "Assault"
0 174 73 256 201 87 1 0 1 "Assault"
0 174 73 256 201 88 1 0 1 "Assault"
0 174 73 256 201 89 1 0 1 "Assault"
0 174 73 256 201 90 1 0 1 "Assault"
0 174 73 256 201 91 1 0 1 "Assault"
0 174 73 256 201 92 1 0 1 "Assault"
0 174 73 256 201 93 1 0 1 "Assault"
0 174 73 256 201 94 1 0 1 "Assault"
0 174 73 256 201 95 1 0 1 "Assault"
0 174 73 256 201 96 1 0 1 "Assault"
0 174 73 256 201 97 1 0 1 "Assault"
0 174 73 256 201 98 1 0 1 "Assault"
0 174 73 256 201 99 1 0 1 "Assault"
0 174 73 256 201 100 1 0 1 "Assault"
0 174 73 256 201 101 1 0 1 "Assault"
0 174 73 256 201 102 1 0 1 "Assault"
0 174 73 256 201 103 1 0 1 "Assault"
0 174 73 256 201 104 1 0 1 "Assault"
0 174 73 256 201 105 1 0 1 "Assault"
0 174 73 256 201 106 1 0 1 "Assault"
0 174 73 256 201 107 1 0 1 "Assault"
0 174 73 256 201 108 1 0 1 "Assault"
0 174 73 256 201 109 1 0 1 "Assault"
0 174 73 256 201 110 1 0 1 "Assault"
0 174 73 256 201 111 1 0 1 "Assault"
0 174 73 256 201 112 1 0 1 "Assault"
0 174 73 256 201 113 1 0 1 "Assault"
0 174 73 256 201 114 1 0 1 "Assault"
0 174 73 256 201 115 1 0 1 "Assault"
0 174 73 256 201 116 1 0 1 "Assault"
0 174 73 256 201 117 1 0 1 "Assault"
0 174 73 256 201 118 1 0 1 "Assault"
0 174 73 256 201 119 1 0 1 "Assault"
0 174 73 256 201 120 1 0 1 "Assault"
0 174 73 256 201 121 1 0 1 "Assault"
0 174 73 256 201 122 1 0 1 "Assault"
0 174 73 256 201 123 1 0 1 "Assault"
0 174 73 256 201 124 1 0 1 "Assault"
0 174 73 256 201 125 1 0 1 "Assault"
0 174 73 256 201 126 1 0 1 "Assault"
0 174 73 256 201 127 1 0 1 "Assault"
0 174 73 256 201 128 1 0 1 "Assault"
0 174 73 256 201 129 1 0 1 "Assault"
0 174 73 256 201 130 1 0 1 "Assault"
0 174 73 256 201 131 1 0 1 "Assault"
0 174 73 256 201 132 1 0 1 "Assault"
0 174 73 256 201 133 1 0 1 "Assault"
0 174 73 256 201 134 1 0 1 "Assault"
0 174 73 256 201 135 1 0 1 "Assault"
0 174 73 256 201 136 1 0 1 "Assault"
0 174 73 256 201 137 1 0 1 "Assault"
0 174 73 256 201 138 1 0 1 "Assault"
0 174 73 256 201 139 1 0 1 "Assault"
0 174 73 256 201 140 1 0 1 "Assault"
0 174 73 256 201 141 1 0 1 "Assault"
0 174 73 256 201 142 1 0 1 "Assault"
0 174 73 256 201 143 1 0 1 "Assault"
0 174 73 256 201 144 1 0 1 "Assault"
0 174 73 256 201 145 1 0 1 "Assault"
0 174 73 256 201 146 1 0 1 "Assault"
0 174 73 256 201 147 1 0 1 "Assault"
0 174 73 256 201 148 1 0 1 "Assault"
0 174 73 256 201 149 1 0 1 "Assault"
0 174 73 256 201 150 1 0 1 "Assault"
0 174 73 256 201 151 1 0 1 "Assault"
0 174 73 256 201 152 1 0 1 "Assault"
0 174 73 256 201 153 1 0 1 "Assault"
0 174 73 256 201 154 1 0 1 "Assault"
0 174 73 256 201 155 1 0 1 "Assault"
0 174 73 256 201 156 1 0 1 "Assault"
0 174 73 256 201 157 1 0 1 "Assault"
0 174 73 256 201 158 1 0 1 "Assault"
0 174 73 256 201 159 1 0 1 "Assault"
0 174 73 256 201 160 1 0 1 "Assault"
0 174 73 256 201 161 1 0 1 "Assault"
0 174 73 256 201 162 1 0 1 "Assault"
0 174 73 256 201 163 1 0 1 "Assault"
0 174 73 256 201 164 1 0 1 "Assault"
0 174 73 256 201 165 1 0 1 "Assault"
0 174 73 256 201 166 1 0 1 "Assault"
0 174 73 256 201 167 1 0 1 "Assault"
0 174 73 256 201 168 1 0 1 "Assault"
0 174 73 256 201 169 1 0 1 "Assault"
0 174 73 256 201 170 1 0 1 "Assault"
0 174 73 256 201 171 1 0 1 "Assault"
0 174 73 256 201 172 1 0 1 "Assault"
0 174 73 256 201 173 1 0 1 "Assault"
0 174 73 256 201 174 1 0 1 "Assault"
0 174 73 256 201 175 1 0 1 "Assault"
0 174 73 256 201 176 1 0 1 "Assault"
0 174 73 256 201 177 1 0 1 "Assault"
0 174 73 256 201 178 1 0 1 "Assault"
0 174 73 256 201 179 1 0 1 "Assault"
0 174 73 256 201 180 1 0 1 "Assault"
0 174 73 256 201 181 1 0 1 "Assault"
0 174 73 256 201 182 1 0 1 "Assault"
0 174 73 256 201 183 1 0 1 "Assault"
0 174 73 256 201 184 1 0 1 "Assault"
0 174 73 256 201 185 1 0 1 "Assault"
0 174 73 256 201 186 1 0 1 "Assault"
0 174 73 256 201 187 1 0 1 "Assault"
0 174 73 256 201 188 1 0 1 "Assault"
0 174 73 256 201 189 1 0 1 "Assault"
0 174 73 256 201 190 1 0 1 "Assault"
0 174 73 256 201 191 1 0 1 "Assault"
0 174 73 256 201 192 1 0 1 "Assault"
0 174 73 256 201 193 1 0 1 "Assault"
0 174 73 256 201 194 1 0 1 "Assault"
0 174 73 256 201 195 1 0 1 "Assault"
0 174 73 256 201 196 1 0 1 "Assault"
0 174 73 256 201 197 1 0 1 "Assault"
0 174 73 256 201 198 1 0 1 "Assault"
0 174 73 256 201 199 1 0 1 "Assault"
0 174 73 256 201 200 1 0 1 "Assault"
0 174 73 256 201 201 1 0 1 "Assault"
0 174 73 256 201 202 1 0 1 "Assault"
0 174 73 256 201 203 1 0 1 "Assault"
0 174 73 256 201 204 1 0 1 "Assault"
0 174 73 256 201 205 1 0 1 "Assault"
0 174 73 256 201 206 1 0 1 "Assault"
0 174 73 256 201 207 1 0 1 "Assault"
0 174 73 256 201 208 1 0 1 "Assault"
0 174 73 256 201 209 1 0 1 "Assault"
0 174 73 256 201 210 1 0 1 "Assault"
0 174 73 256 201 211 1 0 1 "Assault"
0 174 73 256 201 212 1 0 1 "Assault"
0 174 73 256 201 213 1 0 1 "Assault"
0 174 73 256 201 214 1 0 1 "Assault"
0 174 73 256 201 215 1 0 1 "Assault"
0 174 73 256 201 216 1 0 1 "Assault"
0 174 73 256 201 217 1 0 1 "Assault"
0 174 73 256 201 218 1 0 1 "Assault"
0 174 73 256 201 219 1 0 1 "Assault"
0 174 73 256 201 220 1 0 1 "Assault"
0 174 73 256 201 221 1 0 1 "Assault"
0 174 73 256 201 222 1 0 1 "Assault"
0 174 73 256 201 223 1 0 1 "Assault"
0 174 73 256 201 224 1 0 1 "Assault"
0 174 73 256 201 225 1 0 1 "Assault"
0 174 73 256 201 226 1 0 1 "Assault"
0 174 73 256 201 227 1 0 1 "Assault"
0 174 73 256 201 228 1 0 1 "Assault"
0 174 73 256 201 229 1 0 1 "Assault"
0 174 73 256 201 230 1 0 1 "Assault"
0 174 73 256 201 231 1 0 1 "Assault"
0 174 73 256 201 232 1 0 1 "Assault"
0 174 73 256 201 233 1 0 1 "Assault"
0 174 73 256 201 234 1 0 1 "Assault"
0 174 73 256 201 235 1 0 1 "Assault"
0 174 73 256 201 236 1 0 1 "Assault"
0 174 73 256 201 237 1 0 1 "Assault"
0 174 73 256 201 238 1 0 1 "Assault"
0 174 73 256 201 239 1 0 1 "Assault"
0 174 73 256 201 240 1 0 1 "Assault"
0 174 73 256 201 241 1 0 1 "Assault"
0 174 73 256 201 242 1 0 1 "Assault"
0 174 73 256 201 243 1 0 1 "Assault"
0 174 73 256 201 244 1 0 1 "Assault"
0 174 73 256 201 245 1 0 1 "Assault"
0 174 73 256 201 246 1 0 1 "Assault"
0 174 73 256 201 247 1 0 1 "Assault"
0 174 73 256 201 248 1 0 1 "Assault"
0 174 73 256 201 249 1 0 1 "Assault"
0 174 73 256 201 250 1 0 1 "Assault"
0 174 73 256 201 251 1 0 1 "Assault"
0 174 73 256 201 252 1 0 1 "Assault"
0 174 73 256 201 253 1 0 1 "Assault"
0 174 73 256 201 254 1 0 1 "Assault"
0 174 73 256 201 255 1 0 1 "Assault"
0 174 73 256 201 256 1 0 1 "Assault"
0 174 73 256 201 257 1 0 1 "Assault"
0 174 73 256 201 258 1 0 1 "Assault"
0 174 73 256 201 259 1 0 1 "Assault"
0 174 73 256 201 260 1 0 1 "Assault"
0 174 73 256 201 261 1 0 1 "Assault"
0 174 73 256 201 262 1 0 1 "Assault"
0 174 73 256 201 263 1 0 1 "Assault"
0 174 73 256 201 264 1 0 1 "Assault"
0 174 73 256 201 265 1 0 1 "Assault"
0 174 73 256 201 266 1 0 1 "Assault"
0 174 73 256 201 267 1 0 1 "Assault"
0 174 73 256 201 268 1 0 1 "Assault"
0 174 73 256 201 269 1 0 1 "Assault"
0 174 73 256 201 270 1 0 1 "Assault"
0 174 73 256 201 271 1 0 1 "Assault"
0 174 73 256 201 272 1 0 1 "Assault"
0 174 73 256 201 273 1 0 1 "Assault"
0 174 73 256 201 274 1 0 1 "Assault"
0 174 73 256 201 275 1 0 1 "Assault"
0 174 73 256 201 276 1 0 1 "Assault"
0 174 73 256 201 277 1 0 1 "Assault"
0 174 73 256 201 278 1 0 1 "Assault"
0 174 73 256 201 279 1 0 1 "Assault"
0 174 73 256 201 280 1 0 1 "Assault"
0 174 73 256 201 281 1 0 1 "Assault"
0 174 73 256 201 282 1 0 1 "Assault"
0 174 73 256 201 283 1 0 1 "Assault"
0 174 73 256 201 284 1 0 1 "Assault"
0 174 73 256 201 285 1 0 1 "Assault"
0 174 73 256 201 286 1 0 1 "Assault"
0 174 73 256 201 287 1 0 1 "Assault"
0 174 73 256 201 288 1 0 1 "Assault"
0 174 73 256 201 289 1 0 1 "Assault"
0 174 73 256 201 290 1 0 1 "Assault"
0 174 73 256 201 291 1 0 1 "Assault"
0 174 73 256 201 292 1 0 1 "Assault"
0 174 73 256 201 293 1 0 1 "Assault"
0 174 73 256 201 294 1 0 1 "Assault"
0 174 73 256 201 295 1 0 1 "Assault"
0 174 73 256 201 296 1 0 1 "Assault"
0 174 73 256 201 297 1 0 1 "Assault"
0 174 73 256 201 298 1 0 1 "Assault"
0 174 73 256 201 299 1 0 1 "Assault"
0 174 73 256 201 300 1 0 1 "Assault"
0 174 73 256 201 301 1 0 1 "Assault"
0 174 73 256 201 302 1 0 1 "Assault"
0 174 73 256 201 303 1 0 1 "Assault"
0 174 73 256 201 304 1 0 1 "Assault"
0 174 73 256 201 305 1 0 1 "Assault"
0 174 73 256 201 306 1 0 1 "Assault"
0 174 73 256 201 307 1 0 1 "Assault"
0 174 73 256 201 308 1 0 1 "Assault"
0 174 73 256 201 309 1 0 1 "Assault"
0 174 73 256 201 310 1 0 1 "Assault"
0 174 73 256 201 311 1 0 1 "Assault"
0 174 73 256 201 312 1 0 1 "Assault"
0 174 73 256 201 313 1 0 1 "Assault"
0 174 73 256 201 314 1 0 1 "Assault"
0 174 73 256 201 315 1 0 1 "Assault"
0 174 73 256 201 316 1 0 1 "Assault"
0 174 73 256 201 317 1 0 1 "Assault"
0 174 73 256 201 318 1 0 1 "Assault"
0 174 73 256 201 319 1 0 1 "Assault"
0 174 73 256 201 320 1 0 1 "Assault"
0 174 73 256 201 321 1 0 1 "Assault"
0 174 73 256 201 322 1 0 1 "Assault"
0 174 73 256 201 323 1 0 1 "Assault"
0 174 73 256 201 324 1 0 1 "Assault"
0 174 73 256 201 325 1 0 1 "Assault"
0 174 73 256 201 326 1 0 1 "Assault"
0 174 73 256 201 327 1 0 1 "Assault"
0 174 73 256 201 328 1 0 1 "Assault"
0 174 73 256 201 329 1 0 1 "Assault"
0 174 73 256 201 330 1 0 1 "Assault"
0 174 73 256 201 331 1 0 1 "Assault"
0 174 73 256 201 332 1 0 1 "Assault"
0 174 73 256 201 333 1 0 1 "Assault"
0 174 73 256 201 334 1 0 1 "Assault"
0 174 73 256 201 335 1 0 1 "Assault"
0 174 73 256 201 336 1 0 1 "Assault"
0 174 73 256 201 337 1 0 1 "Assault"
0 174 73 256 201 338 1 0 1 "Assault"
0 174 73 256 201 339 1 0 1 "Assault"
0 174 73 256 201 340 1 0 1 "Assault"
0 174 73 256 201 341 1 0 1 "Assault"
0 174 73 256 201 342 1 0 1 "Assault"
0 174 73 256 201 343 1 0 1 "Assault"
0 174 73 256 201 344 1 0 1 "Assault"
0 174 73 256 201 345 1 0 1 "Assault"
0 174 73 256 201 346 1 0 1 "Assault"
0 174 73 256 201 347 1 0 1 "Assault"
0 174 73 256 201 348 1 0 1 "Assault"
0 174 73 256 201 349 1 0 1 "Assault"
0 174 73 256 201 350 1 0 1 "Assault"
0 174 73 256 201 351 1 0 1 "Assault"
0 174 73 256 201 352 1 0 1 "Assault"
0 174 73 256 201 353 1 0 1 "Assault"
0 174 73 256 201 354 1 0 1 "Assault"
0 174 73 256 201 355 1 0 1 "Assault"
0 174 73 256 201 356 1 0 1 "Assault"
0 174 73 256 201 357 1 0 1 "Assault"
0 174 73 256 201 358 1 0 1 "Assault"
0 174 73 256 201 359 1 0 1 "Assault"
0 174 73 256 201 360 1 0 1 "Assault"
0 174 73 256 201 361 1 0 1 "Assault"
0 174 73 256 201 362 1 0 1 "Assault"
0 174 73 256 201 363 1 0 1 "Assault"
0 174 73 256 201 364 1 0 1 "Assault"
0 174 73 256 201 365 1 0 1 "Assault"
0 174 73 256 201 366 1 0 1 "Assault"
0 174 73 256 201 367 1 0 1 "Assault"
0 174 73 256 201 368 1 0 1 "Assault"
0 174 73 256 201 369 1 0 1 "Assault"
0 174 73 256 201 370 1 0 1 "Assault"
0 174 73 256 201 371 1 0 1 "Assault"
0 174 73 256 201 372 1 0 1 "Assault"
0 174 73 256 201 373 1 0 1 "Assault"
0 174 73 256 201 374 1 0 1 "Assault"
0 174 73 256 201 375 1 0 1 "Assault"
0 174 73 256 201 376 1 0 1 "Assault"
0 174 73 256 201 377 1 0 1 "Assault"
0 174 73 256 201 378 1 0 1 "Assault"
0 174 73 256 201 379 1 0 1 "Assault"
0 174 73 256 201 380 1 0 1 "Assault"
0 174 73 256 201 381 1 0 1 "Assault"
0 174 73 256 201 382 1 0 1 "Assault"
0 174 73 256 201 383 1 0 1 "Assault"
0 174 73 256 201 384 1 0 1 "Assault"
0 174 73 256 201 385 1 0 1 "Assault"
0 174 73 256 201 386 1 0 1 "Assault"
0 174 73 256 201 387 1 0 1 "Assault"
0 174 73 256 201 388 1 0 1 "Assault"
0 174 73 256 201 389 1 0 1 "Assault"
0 174 73 256 201 390 1 0 1 "Assault"
0 174 73 256 201 391 1 0 1 "Assault"
0 174 73 256 201 392 1 0 1 "Assault"
0 174 73 256 201 393 1 0 1 "Assault"
0 174 73 256 201 394 1 0 1 "Assault"
0 174 73 256 201 395 1 0 1 "Assault"
0 174 73 256 201 396 1 0 1 "Assault"
0 174 73 256 201 397 1 0 1 "Assault"
0 174 73 256 201 398 1 0 1 "Assault"
0 174 73 256 201 399 1 0 1 "Assault"
0 174 73 256 201 400 1 0 1 "Assault"
0 174 73 256 201 401 1 0 1 "Assault"
0 174 73 256 201 402 1 0 1 "Assault"
0 174 73 256 201 403 1 0 1 "Assault"
0 174 73 256 201 404 1 0 1 "Assault"
0 174 73 256 201 405 1 0 1 "Assault"
0 174 73 256 201 406 1 0 1 "Assault"
0 174 73 256 201 407 1 0 1 "Assault"
0 174 73 256 201 408 1 0 1 "Assault"
0 174 73 256 201 409 1 0 1 "Assault"
0 174 73 256 201 410 1 0 1 "Assault"
0 174 73 256 201 411 1 0 1 "Assault"
0 174 73 256 201 412 1 0 1 "Assault"
0 174 73 256 201 413 1 0 1 "Assault"
0 174 73 256 201 414 1 0 1 "Assault"
0 174 73 256 201 415 1 0 1 "Assault"
0 174 73 256 201 416 1 0 1 "Assault"
0 174 73 256 201 417 1 0 1 "Assault"
0 174 73 256 201 418 1 0 1 "Assault"
0 174 73 256 201 419 1 0 1 "Assault"
0 174 73 256 201 420 1 0 1 "Assault"
0 174 73 256 201 421 1 0 1 "Assault"
0 174 73 256 201 422 1 0 1 "Assault"
0 174 73 256 201 423 1 0 1 "Assault"
0 174 73 256 201 424 1 0 1 "Assault"
0 174 73 256 201 425 1 0 1 "Assault"
0 174 73 256 201 426 1 0 1 "Assault"
0 174 73 256 201 427 1 0 1 "Assault"
0 174 73 256 201 428 1 0 1 "Assault"
0 174 73 256 201 429 1 0 1 "Assault"
0 174 73 256 201 430 1 0 1 "Assault"
0 174 73 256 201 431 1 0 1 "Assault"
0 174 73 256 201 432 1 0 1 "Assault"
0 174 73 256 201 433 1 0 1 "Assault"
0 174 73 256 201 434 1 0 1 "Assault"
0 174 73 256 201 435 1 0 1 "Assault"
0 174 73 256 201 436 1 0 1 "Assault"
0 174 73 256 201 437 1 0 1 "Assault"
0 174 73 256 201 438 1 0 1 "Assault"
0 174 73 256 201 439 1 0 1 "Assault"
0 174 73 256 201 440 1 0 1 "Assault"
0 174 73 256 201 441 1 0 1 "Assault"
0 174 73 256 201 442 1 0 1 "Assault"
0 174 73 256 201 443 1 0 1 "Assault"
0 174 73 256 201 444 1 0 1 "Assault"
0 174 73 256 201 445 1 0 1 "Assault"
0 174 73 256 201 446 1 0 1 "Assault"
0 174 73 256 201 447 1 0 1 "Assault"
0 174 73 256 201 448 1 0 1 "Assault"
0 174 73 256 201 449 1 0 1 "Assault"
0 174 73 256 201 450 1 0 1 "Assault"
0 174 73 256 201 451 1 0 1 "Assault"
0 174 73 256 201 452 1 0 1 "Assault"
0 174 73 256 201 453 1 0 1 "Assault"
0 174 73 256 201 454 1 0 1 "Assault"
0 174 73 256 201 455 1 0 1 "Assault"
0 174 73 256 201 456 1 0 1 "Assault"
0 174 73 256 201 457 1 0 1 "Assault"
0 174 73 256 201 458 1 0 1 "Assault"
0 174 73 256 201 459 1 0 1 "Assault"
0 174 73 256 201 460 1 0 1 "Assault"
0 174 73 256 201 461 1 0 1 "Assault"
0 174 73 256 201 462 1 0 1 "Assault"
0 174 73 256 201 463 1 0 1 "Assault"
0 174 73 256 201 464 1 0 1 "Assault"
0 174 73 256 201 465 1 0 1 "Assault"
0 174 73 256 201 466 1 0 1 "Assault"
0 174 73 256 201 467 1 0 1 "Assault"
0 174 73 256 201 468 1 0 1 "Assault"
0 174 73 256 201 469 1 0 1 "Assault"
0 174 73 256 201 470 1 0 1 "Assault"
0 174 73 256 201 471 1 0 1 "Assault"
0 174 73 256 201 472 1 0 1 "Assault"
0 174 73 256 201 473 1 0 1 "Assault"
0 174 73 256 201 474 1 0 1 "Assault"
0 174 73 256 201 475 1 0 1 "Assault"
0 174 73 256 201 476 1 0 1 "Assault"
0 174 73 256 201 477 1 0 1 "Assault"
0 174 73 256 201 478 1 0 1 "Assault"
0 174 73 256 201 479 1 0 1 "Assault"
0 174 73 256 201 480 1 0 1 "Assault"
0 174 73 256 201 481 1 0 1 "Assault"
0 174 73 256 201 482 1 0 1 "Assault"
0 174 73 256 201 483 1 0 1 "Assault"
0 174 73 256 201 484 1 0 1 "Assault"
0 174 73 256 201 485 1 0 1 "Assault"
0 174 73 256 201 486 1 0 1 "Assault"
0 174 73 256 201 487 1 0 1 "Assault"
0 174 73 256 201 488 1 0 1 "Assault"
0 174 73 256 201 489 1 0 1 "Assault"
0 174 73 256 201 490 1 0 1 "Assault"
0 174 73 256 201 491 1 0 1 "Assault"
0 174 73 256 201 492 1 0 1 "Assault"
0 174 73 256 201 493 1 0 1 "Assault"
0 174 73 256 201 494 1 0 1 "Assault"
0 174 73 256 201 495 1 0 1 "Assault"
0 174 73 256 201 496 1 0 1 "Assault"
0 174 73 256 201 497 1 0 1 "Assault"
0 174 73 256 201 498 1 0 1 "Assault"
0 174 73 256 201 499 1 0 1 "Assault"
0 174 73 256 201 500 1 0 1 "Assault"
0 174 73 256 201 501 1 0 1 "Assault"
0 174 73 256 201 502 1 0 1 "Assault"
0 174 73 256 201 503 1 0 1 "Assault"
0 174 73 256 201 504 1 0 1 "Assault"
0 174 73 256 201 505 1 0 1 "Assault"
0 174 73 256 201 506 1 0 1 "Assault"
0 174 73 256 201 507 1 0 1 "Assault"
0 174 73 256 201 508 1 0 1 "Assault"
0 174 73 256 201 509 1 0 1 "Assault"
0 174 73 256 201 510 1 0 1 "Assault"
0 174 73 256 201 511 1 0 1 "Assault"
0 174 73 256 201 512 1 0 1 "Assault"
0 174 73 256 201 513 1 0 1 "Assault"
0 174 73 256 201 514 1 0 1 "Assault"
0 174 73 256 201 515 1 0 1 "Assault"
0 174 73 256 201 516 1 0 1 "Assault"
0 174 73 256 201 517 1 0 1 "Assault"
0 174 73 256 201 518 1 0 1 "Assault"
0 174 73 256 201 519 1 0 1 "Assault"
0 174 73 256 201 520 1 0 1 "Assault"
0 174 73 256 201 521 1 0 1 "Assault"
0 174 73 256 201 522 1 0 1 "Assault"
0 174 73 256 201 523 1 0 1 "Assault"
0 174 73 256 201 524 1 0 1 "Assault"
0 174 73 256 201 525 1 0 1 "Assault"
0 174 73 256 201 526 1 0 1 "Assault"
0 174 73 256 201 527 1 0 1 "Assault"
0 174 73 256 201 528 1 0 1 "Assault"
0 174 73 256 201 529 1 0 1 "Assault"
0 174 73 256 201 530 1 0 1 "Assault"
0 174 73 256 201 531 1 0 1 "Assault"
0 174 73 256 201 532 1 0 1 "Assault"
0 174 73 256 201 533 1 0 1 "Assault"
0 174 73 256 201 534 1 0 1 "Assault"
0 174 73 256 201 535 1 0 1 "Assault"
0 174 73 256 201 536 1 0 1 "Assault"
0 174 73 256 201 537 1 0 1 "Assault"
0 174 73 256 201 538 1 0 1 "Assault"
0 174 73 256 201 539 1 0 1 "Assault"
0 174 73 256 201 540 1 0 1 "Assault"
0 174 73 256 201 541 1 0 1 "Assault"
0 174 73 256 201 542 1 0 1 "Assault"
0 174 73 256 201 543 1 0 1 "Assault"
0 174 73 256 201 544 1 0 1 "Assault"
0 174 73 256 201 545 1 0 1 "Assault"
0 174 73 256 201 546 1 0 1 "Assault"
0 174 73 256 201 547 1 0 1 "Assault"
0 174 73 256 201 548 1 0 1 "Assault"
0 174 73 256 201 549 1 0 1 "Assault"
0 174 73 256 201 550 1 0 1 "Assault"
0 174 73 256 201 551 1 0 1 "Assault"
0 174 73 256 201 552 1 0 1 "Assault"
0 174 73 256 201 553 1 0 1 "Assault"
0 174 73 256 201 554 1 0 1 "Assault"
0 174 73 256 201 555 1 0 1 "Assault"
0 174 73 256 201 556 1 0 1 "Assault"
0 174 73 256 201 557 1 0 1 "Assault"
0 174 73 256 201 558 1 0 1 "Assault"
0 174 73 256 201 559 1 0 1 "Assault"
0 174 73 256 201 560 1 0 1 "Assault"
0 174 73 256 201 561 1 0 1 "Assault"
0 174 73 256 201 562 1 0 1 "Assault"
0 174 73 256 201 563 1 0 1 "Assault"
0 174 73 256 201 564 1 0 1 "Assault"
0 174 73 256 201 565 1 0 1 "Assault"
0 174 73 256 201 566 1 0 1 "Assault"
0 174 73 256 201 567 1 0 1 "Assault"
0 174 73 256 201 568 1 0 1 "Assault"
0 174 73 256 201 569 1 0 1 "Assault"
0 174 73 256 201 570 1 0 1 "Assault"
0 174 73 256 201 571 1 0 1 "Assault"
0 174 73 256 201 572 1 0 1 "Assault"
0 174 73 256 201 573 1 0 1 "Assault"
0 174 73 256 201 574 1 0 1 "Assault"
0 174 73 256 201 575 1 0 1 "Assault"
0 174 73 256 201 576 1 0 1 "Assault"
0 174 73 256 201 577 1 0 1 "Assault"
0 174 73 256 201 578 1 0 1 "Assault"
0 174 73 256 201 579 1 0 1 "Assault"
0 174 73 256 201 580 1 0 1 "Assault"
0 174 73 256 201 581 1 0 1 "Assault"
0 174 73 256 201 582 1 0 1 "Assault"
0 174 73 256 201 583 1 0 1 "Assault"
0 174 73 256 201 584 1 0 1 "Assault"
0 174 73 256 201 585 1 0 1 "Assault"
0 174 73 256 201 586 1 0 1 "Assault"
0 174 73 256 201 587 1 0 1 "Assault"
0 174 73 256 201 588 1 0 1 "Assault"
0 174 73 256 201 589 1 0 1 "Assault"
0 174 73 256 201 590 1 0 1 "Assault"
0 174 73 256 201 591 1 0 1 "Assault"
0 174 73 256 201 592 1 0 1 "Assault"
0 174 73 256 201 593 1 0 1 "Assault"
0 174 73 256 201 594 1 0 1 "Assault"
0 174 73 256 201 595 1 0 1 "Assault"
0 174 73 256 201 596 1 0 1 "Assault"
0 174 73 256 201 597 1 0 1 "Assault"
0 174 73 256 201 598 1 0 1 "Assault"
0 174 73 256 201 599 1 0 1 "Assault"
0 174 73 256 201 600 1 0 1 "Assault"
0 174 73 256 201 601 1 0 1 "Assault"
0 174 73 256 201 602 1 0 1 "Assault"
0 174 73 256 201 603 1 0 1 "Assault"
0 174 73 256 201 604 1 0 1 "Assault"
0 174 73 256 201 605 1 0 1 "Assault"
0 174 73 256 201 606 1 0 1 "Assault"
0 174 73 256 201 607 1 0 1 "Assault"
0 174 73 256 201 608 1 0 1 "Assault"
0 174 73 256 201 609 1 0 1 "Assault"
0 174 73 256 201 610 1 0 1 "Assault"
0 174 73 256 201 611 1 0 1 "Assault"
0 174 73 256 201 612 1 0 1 "Assault"
0 174 73 256 201 613 1 0 1 "Assault"
0 174 73 256 201 614 1 0 1 "Assault"
0 174 73 256 201 615 1 0 1 "Assault"
0 174 73 256 201 616 1 0 1 "Assault"
0 174 73 256 201 617 1 0 1 "Assault"
0 174 73 256 201 618 1 0 1 "Assault"
0 174 73 256 201 619 1 0 1 "Assault"
0 174 73 256 201 620 1 0 1 "Assault"
0 174 73 256 201 621 1 0 1 "Assault"
0 174 73 256 201 622 1 0 1 "Assault"
0 174 73 256 201 623 1 0 1 "Assault"
0 174 73 256 201 624 1 0 1 "Assault"
0 174 73 256 201 625 1 0 1 "Assault"
0 174 73 256 201 626 1 0 1 "Assault"
0 174 73 256 201 627 1 0 1 "Assault"
0 174 73 256 201 628 1 0 1 "Assault"
0 174 73 256 201 629 1 0 1 "Assault"
0 174 73 256 201 630 1 0 1 "Assault"
0 174 73 256 201 631 1 0 1 "Assault"
0 174 73 256 201 632 1 0 1 "Assault"
0 174 73 256 201 633 1 0 1 "Assault"
0 174 73 256 201 634 1 0 1 "Assault"
0 174 73 256 201 635 1 0 1 "Assault"
0 174 73 256 201 636 1 0 1 "Assault"
0 174 73 256 201 637 1 0 1 "Assault"
0 174 73 256 201 638 1 0 1 "Assault"
0 174 73 256 201 639 1 0 1 "Assault"
0 174 73 256 201 640 1 0 1 "Assault"
0 174 73 256 201 641 1 0 1 "Assault"
0 174 73 256 201 642 1 0 1 "Assault"
0 174 73 256 201 643 1 0 1 "Assault"
0 174 73 256 201 644 1 0 1 "Assault"
0 174 73 256 201 645 1 0 1 "Assault"
0 174 73 256 201 646 1 0 1 "Assault"
0 174 73 256 201 647 1 0 1 "Assault"
0 174 73 256 201 648 1 0 1 "Assault"
0 174 73 256 201 649 1 0 1 "Assault"
0 174 73 256 201 650 1 0 1 "Assault"
0 174 73 256 201 651 1 0 1 "Assault"
0 174 73 256 201 652 1 0 1 "Assault"
0 174 73 256 201 653 1 0 1 "Assault"
0 174 73 256 201 654 1 0 1 "Assault"
0 174 73 256 201 655 1 0 1 "Assault"
0 174 73 256 201 656 0 0 0 "Assault"
0 174 73 256 201 657 0 0 1 "Assault"
0 175 73 257 201 658 0 0 1 "Assault"
0 176 74 258 202 659 0 0 1 "Assault"
0 176 74 258 202 660 0 0 1 "Assault"
0 177 74 259 202 661 0 0 1 "Assault"
0 178 75 260 203 662 0 0 1 "Assault"
0 178 75 260 203 663 0 0 1 "Assault"
0 179 75 261 203 664 0 0 1 "Assault"
0 180 76 262 204 665 0 0 1 "Assault"
0 181 76 263 204 666 0 0 1 "Assault"
0 181 76 263 204 667 0 0 1 "Assault"
0 182 77 264 205 668 0 0 1 "Assault"
0 183 77 265 205 669 0 0 1 "Assault"
0 183 77 265 205 670 0 0 1 "Assault"
0 184 78 266 206 671 0 0 1 "Assault"
0 185 78 267 206 672 0 0 1 "Assault"
0 186 78 268 206 673 0 0 1 "Assault"
0 186 79 268 207 674 0 0 1 "Assault"
0 187 79 269 207 675 0 0 1 "Assault"
0 188 79 270 207 676 0 0 1 "Assault"
0 188 80 270 208 677 0 0 1 "Assault"
0 189 80 271 208 678 0 0 1 "Assault"
0 190 80 272 208 679 0 0 1 "Assault"
0 191 81 273 209 680 0 0 0 "Assault"
0 191 81 273 209 681 0 0 1 "Assault"
0 191 81 273 209 682 0 0 1 "Assault"
0 191 81 273 209 683 0 0 1 "Assault"
0 192 81 274 209 684 0 0 0 "Assault"
0 192 81 274 209 685 0 0 1 "Assault"
0 192 81 274 209 686 0 0 1 "Assault"
0 192 81 274 209 687 0 0 1 "Assault"
0 192 81 274 209 688 0 0 1 "Assault"
0 192 81 274 209 689 0 0 1 "Assault"
0 192 81 274 209 690 0 0 1 "Assault"
0 192 81 274 209 691 0 0 1 "Assault"
0 192 81 274 209 692 0 0 1 "Assault"
0 192 81 274 209 693 0 0 1 "Assault"
0 192 81 274 209 694 0 0 1 "Assault"
0 192 81 274 209 695 0 0 1 "Assault"
0 192 81 274 209 696 0 0 1 "Assault"
0 192 81 274 209 697 0 0 1 "Assault"
0 192 81 274 209 698 0 0 1 "Assault"
0 192 81 274 209 699 0 0 1 "Assault"
0 192 81 274 209 700 0 0 1 "Assault"
0 192 81 274 209 701 0 0 1 "Assault"
0 192 81 274 209 702 0 0 1 "Assault"
0 192 81 274 209 703 0 0 1 "Assault"
0 192 81 274 209 704 0 0 1 "Assault"
0 192 81 274 209 705 0 0 1 "Assault"
0 192 81 274 209 706 0 0 1 "Assault"
0 192 81 274 209 707 0 0 1 "Assault"
0 192 81 274 209 708 0 0 1 "Assault"
0 192 81 274 209 709 0 0 1 "Assault"
0 192 81 274 209 710 0 0 1 "Assault"
0 192 81 274 209 711 0 0 1 "Assault"
0 192 81 274 209 712 0 0 1 "Assault"
0 192 81 274 209 713 0 0 1 "Assault"
0 192 81 274 209 714 0 0 1 "Assault"
0 192 81 274 209 715 0 0 1 "Assault"
0 192 81 274 209 716 0 0 1 "Assault"
0 192 81 274 209 717 0 0 1 "Assault"
0 192 81 274 209 718 0 0 1 "Assault"
0 192 81 274 209 719 0 0 1 "Assault"
0 192 81 274 209 720 0 0 1 "Assault"
0 192 81 274 209 721 0 0 1 "Assault"
0 192 81 274 209 722 0 0 1 "Assault"
0 192 81 274 209 723 0 0 1 "Assault"
0 192 81 274 209 724 0 0 1 "Assault"
0 192 81 274 209 725 0 0 1 "Assault"
0 192 81 274 209 726 0 0 1 "Assault"
0 192 81 274 209 727 0 0 1 "Assault"
0 192 81 274 209 728 0 0 1 "Assault"
0 192 81 274 209 729 0 0 1 "Assault"
0 192 81 274 209 730 0 0 1 "Assault"
0 192 81 274 209 731 0 0 1 "Assault"
0 192 81 274 209 732 0 0 1 "Assault"
0 192 81 274 209 733 0 0 1 "Assault"
0 192 81 274 209 734 0 0 1 "Assault"
0 192 81 274 209 735 0 0 1 "Assault"
0 192 81 274 209 736 0 0 1 "Assault"
0 192 81 274 209 737 0 0 1 "Assault"
0 192 81 274 209 738 0 0 1 "Assault"
0 192 81 274 209 739 0 0 1 "Assault"
0 192 81 274 209 740 0 0 1 "Assault"
0 192 81 274 209 741 0 0 1 "Assault"
0 192 81 274 209 742 0 0 1 "Assault"
0 192 81 274 209 743 0 0 1 "Assault"
0 192 81 274 209 744 0 0 1 "Assault"
0 192 81 274 209 745 0 0 1 "Assault"
0 192 81 274 209 746 0 0 1 "Assault"
0 192 81 275 209 747 0 0 0 "Assault"
0 190 81 275 208 748 0 0 1 "Assault"
0 188 81 275 208 749 0 0 1 "Assault"
0 186 81 275 208 750 0 0 1 "Assault"
0 184 81 275 208 751 0 0 1 "Assault"
0 182 81 275 208 752 0 0 1 "Assault"
0 180 81 275 208 753 0 0 1 "Assault"
0 178 81 275 208 754 0 0 1 "Assault"
0 177 81 275 208 755 0 0 1 "Assault"
0 175 81 275 208 756 0 0 1 "Assault"
0 173 81 275 208 757 0 0 1 "Assault"
0 171 81 275 208 758 0 0 1 "Assault"
0 169 81 275 208 759 0 0 1 "Assault"
0 167 81 275 208 760 0 0 1 "Assault"
0 165 81 275 208 761 0 0 1 "Assault"
0 163 81 275 208 762 0 0 1 "Assault"
0 162 81 275 208 763 0 0 0 "Assault"
0 161 81 275 208 764 0 0 1 "Assault"
0 161 81 275 208 765 0 0 1 "Assault"
0 161 82 275 208 766 0 0 1 "Assault"
0 160 82 275 208 767 0 0 1 "Assault"
0 160 83 275 208 768 0 0 1 "Assault"
0 160 83 275 208 769 0 0 1 "Assault"
0 159 83 275 208 770 0 0 1 "Assault"
0 159 84 275 208 771 0 0 1 "Assault"
0 159 84 275 208 772 0 0 1 "Assault"
0 159 85 276 209 773 0 0 0 "Assault"
0 159 85 276 208 774 0 0 1 "Assault"
0 159 85 276 208 775 0 0 1 "Assault"
0 159 85 276 208 776 0 0 1 "Assault"
0 160 85 276 208 777 0 0 1 "Assault"
0 160 85 276 208 778 0 0 1 "Assault"
0 160 85 276 208 779 0 0 1 "Assault"
0 160 85 276 208 780 0 0 1 "Assault"
0 161 85 276 208 781 0 0 1 "Assault"
0 161 85 276 208 782 0 0 1 "Assault"
0 161 85 276 208 783 0 0 1 "Assault"
0 161 85 276 208 784 0 0 1 "Assault"
0 162 85 276 208 785 0 0 1 "Assault"
0 162 85 276 208 786 0 0 1 "Assault"
0 162 85 276 208 787 0 0 1 "Assault"
0 162 85 276 208 788 0 0 1 "Assault"
0 163 85 276 208 789 0 0 1 "Assault"
0 163 85 276 208 790 0 0 1 "Assault"
0 163 85 276 208 791 0 0 1 "Assault"
0 163 85 276 208 792 0 0 1 "Assault"
0 164 85 276 208 793 0 0 1 "Assault"
0 164 85 276 208 794 0 0 1 "Assault"
0 164 85 276 208 795 0 0 1 "Assault"
0 165 85 276 208 796 0 0 1 "Assault"
0 165 85 276 208 797 0 0 1 "Assault"
0 165 85 276 208 798 0 0 1 "Assault"
0 165 85 276 208 799 0 0 1 "Assault"
0 166 85 276 208 800 0 0 1 "Assault"
0 166 85 276 208 801 0 0 1 "Assault"
0 166 85 276 208 802 0 0 1 "Assault"
0 166 85 276 208 803 0 0 1 "Assault"
0 167 85 276 208 804 0 0 1 "Assault"
0 167 85 276 208 805 0 0 1 "Assault"
0 167 85 276 208 806 0 0 1 "Assault"
0 167 85 276 208 807 0 0 1 "Assault"
0 168 85 276 208 808 0 0 1 "Assault"
0 168 85 276 208 809 0 0 1 "Assault"
0 168 85 276 208 810 0 0 1 "Assault"
0 168 85 276 208 811 0 0 1 "Assault"
0 169 85 276 208 812 0 0 1 "Assault"
0 169 85 276 208 813 0 0 1 "Assault"
0 169 85 276 208 814 0 0 1 "Assault"
0 169 85 276 208 815 0 0 1 "Assault"
0 170 85 276 208 816 0 0 1 "Assault"
0 170 85 276 208 817 0 0 1 "Assault"
0 170 85 276 208 818 0 0 1 "Assault"
0 171 85 276 208 819 0 0 1 "Assault"
0 171 85 276 208 820 0 0 1 "Assault"
0 171 85 276 208 821 0 0 1 "Assault"
0 171 85 276 208 822 0 0 1 "Assault"
0 172 85 276 208 823 0 0 1 "Assault"
0 172 85 276 208 824 0 0 1 "Assault"
0 172 85 276 208 825 0 0 1 "Assault"
0 172 85 276 208 826 0 0 1 "Assault"
0 173 85 276 208 827 0 0 1 "Assault"
0 173 85 276 208 828 0 0 1 "Assault"
0 173 85 276 208 829 0 0 1 "Assault"
0 173 85 276 208 830 0 0 1 "Assault"
0 174 85 276 208 831 0 0 1 "Assault"
0 174 85 276 208 832 0 0 1 "Assault"
0 174 85 276 208 833 0 0 1 "Assault"
0 174 85 276 208 834 0 0 1 "Assault"
0 175 85 276 208 835 0 0 1 "Assault"
0 175 85 276 208 836 0 0 1 "Assault"
0 175 85 276 208 837 0 0 1 "Assault"
0 176 85 276 208 838 0 0 0 "Assault"
0 175 84 275 207 839 0 0 1 "Assault"
0 175 84 275 207 840 0 0 1 "Assault"
0 175 84 275 207 841 0 0 1 "Assault"
0 175 84 275 207 842 0 0 1 "Assault"
0 175 84 275 207 843 0 0 1 "Assault"
0 175 84 275 207 844 0 0 1 "Assault"
0 175 84 275 207 845 0 0 1 "Assault"
0 175 84 275 207 846 0 0 1 "Assault"
0 175 84 275 207 847 0 0 1 "Assault"
0 175 84 275 207 848 0 0 1 "Assault"
0 175 84 275 207 849 0 0 1 "Assault"
0 175 84 275 207 850 0 0 1 "Assault"
0 175 84 275 207 851 0 0 1 "Assault"
0 175 84 275 207 852 0 0 1 "Assault"
0 175 84 275 207 853 0 0 1 "Assault"
0 175 84 275 207 854 0 0 1 "Assault"
0 175 84 275 207 855 0 0 1 "Assault"
0 175 84 275 207 856 0 0 1 "Assault"
0 175 84 275 207 857 0 0 1 "Assault"
0 175 84 275 207 858 0 0 1 "Assault"
0 175 84 275 207 859 0 0 1 "Assault"
0 175 83 275 206 860 0 0 1 "Assault"
0 175 83 275 206 861 0 0 1 "Assault"
0 175 83 275 206 862 0 0 1 "Assault"
0 175 83 275 206 863 0 0 1 "Assault"
0 175 83 275 206 864 0 0 1 "Assault"
0 175 83 275 206 865 0 0 1 "Assault"
0 175 83 275 206 866 0 0 1 "Assault"
0 174 83 274 206 867 0 0 1 "Assault"
0 174 83 274 206 868 0 0 1 "Assault"
0 174 83 274 206 869 0 0 1 "Assault"
0 174 83 274 206 870 0 0 1 "Assault"
0 174 83 274 206 871 0 0 1 "Assault"
0 174 83 274 206 872 0 0 1 "Assault"
0 174 83 274 206 873 0 0 1 "Assault"
0 174 83 274 206 874 0 0 1 "Assault"
0 174 83 274 206 875 0 0 1 "Assault"
0 174 83 274 206 876 0 0 1 "Assault"
0 174 83 274 206 877 0 0 1 "Assault"
0 174 83 274 206 878 0 0 1 "Assault"
0 174 83 274 206 879 0 0 1 "Assault"
0 174 83 274 206 880 0 0 1 "Assault"
0 174 83 274 206 881 0 0 1 "Assault"
0 174 82 274 205 882 0 0 1 "Assault"
0 174 82 274 205 883 0 0 1 "Assault"
0 174 82 274 205 884 0 0 1 "Assault"
0 174 82 274 205 885 0 0 1 "Assault"
0 174 82 274 205 886 0 0 1 "Assault"
0 174 82 274 205 887 0 0 1 "Assault"
0 174 82 274 205 888 0 0 1 "Assault"
0 174 82 274 205 889 0 0 1 "Assault"
0 174 82 274 205 890 0 0 1 "Assault"
0 174 82 274 205 891 0 0 1 "Assault"
0 174 82 274 205 892 0 0 1 "Assault"
0 174 82 274 205 893 0 0 1 "Assault"
0 174 82 274 205 894 0 0 1 "Assault"
0 174 82 274 205 895 0 0 1 "Assault"
0 173 82 273 205 896 0 0 1 "Assault"
0 173 82 273 205 897 0 0 1 "Assault"
0 173 82 273 205 898 0 0 1 "Assault"
0 173 82 273 205 899 0 0 1 "Assault"
0 173 82 273 205 900 0 0 1 "Assault"
0 173 82 273 205 901 0 0 1 "Assault"
0 173 82 273 205 902 0 0 1 "Assault"
0 173 81 273 204 903 0 0 1 "Assault"
0 173 81 273 204 904 0 0 1 "Assault"
0 173 81 273 204 905 0 0 1 "Assault"
0 173 81 273 204 906 0 0 1 "Assault"
0 173 81 273 204 907 0 0 1 "Assault"
0 173 81 273 204 908 0 0 1 "Assault"
0 173 81 273 204 909 0 0 1 "Assault"
0 173 81 273 204 910 0 0 1 "Assault"
0 173 81 273 204 911 0 0 1 "Assault"
0 173 81 273 204 912 0 0 1 "Assault"
0 173 81 273 204 913 0 0 1 "Assault"
0 173 81 273 204 914 0 0 1 "Assault"
0 173 81 273 204 915 0 0 1 "Assault"
0 173 81 273 204 916 0 0 1 "Assault"
0 173 81 273 204 917 0 0 1 "Assault"
0 173 81 273 204 918 0 0 1 "Assault"
0 173 81 273 204 919 0 0 1 "Assault"
0 173 81 273 204 920 0 0 1 "Assault"
0 173 81 273 204 921 0 0 1 "Assault"
0 173 81 273 204 922 0 0 1 "Assault"
0 173 81 273 204 923 0 0 1 "Assault"
0 173 81 273 204 924 0 0 0 "Assault"
0 171 79 271 202 925 0 0 1 "Assault"
0 170 78 270 201 926 0 0 1 "Assault"
0 168 77 268 200 927 0 0 1 "Assault"
0 167 76 267 199 928 0 0 1 "Assault"
0 166 75 266 198 929 0 0 0 "Assault"
0 165 74 265 197 930 0 0 1 "Assault"
0 164 73 264 196 931 0 0 1 "Assault"
0 164 73 264 196 932 0 0 1 "Assault"
0 163 72 263 195 933 0 0 1 "Assault"
0 163 71 263 194 934 0 0 1 "Assault"
0 162 71 262 194 935 0 0 1 "Assault"
0 162 70 262 193 936 0 0 1 "Assault"
0 161 69 261 192 937 0 0 1 "Assault"
0 161 69 261 192 938 0 0 0 "Assault"
0 160 69 260 192 939 0 0 1 "Assault"
0 160 69 260 192 940 0 0 1 "Assault"
0 159 69 259 192 941 0 0 1 "Assault"
0 159 69 259 192 942 0 0 1 "Assault"
0 158 69 258 192 943 0 0 1 "Assault"
0 158 69 258 192 944 0 0 1 "Assault"
0 157 69 257 192 945 0 0 1 "Assault"
0 157 69 257 192 946 0 0 1 "Assault"
0 156 69 256 192 947 0 0 1 "Assault"
0 156 69 256 192 948 0 0 0 "Assault"
0 157 69 257 192 949 0 0 1 "Assault"
0 159 69 259 192 950 0 0 1 "Assault"
0 161 69 261 192 951 0 0 0 "Assault"
0 160 69 262 192 952 0 0 1 "Assault"
0 160 69 263 192 953 0 0 1 "Assault"
0 160 70 264 192 954 0 0 1 "Assault"
0 160 70 265 193 955 0 0 1 "Assault"
0 160 70 266 193 956 0 0 1 "Assault"
0 160 71 267 193 957 0 0 1 "Assault"
0 160 71 268 193 958 0 0 1 "Assault"
0 160 72 269 194 959 0 0 0 "Assault"
0 160 72 270 196 960 0 0 1 "Assault"
0 160 72 271 198 961 0 0 1 "Assault"
0 160 72 272 200 962 0 0 1 "Assault"
0 160 72 273 202 963 0 0 1 "Assault"
0 160 72 275 205 964 0 0 0 "Assault"
0 160 72 275 205 965 0 0 1 "Assault"
0 160 72 275 205 966 0 0 1 "Assault"
0 160 72 275 205 967 0 0 1 "Assault"
0 160 72 275 205 968 0 0 1 "Assault"
0 160 72 275 205 969 0 0 1 "Assault"
0 160 72 275 205 970 0 0 1 "Assault"
0 160 72 275 205 971 0 0 1 "Assault"
0 160 72 275 205 972 0 0 1 "Assault"
0 160 72 275 205 973 0 0 1 "Assault"
0 160 72 275 205 974 0 0 1 "Assault"
0 160 72 275 205 975 0 0 1 "Assault"
0 160 72 275 205 976 0 0 1 "Assault"
0 160 72 275 205 977 0 0 1 "Assault"
0 160 72 275 205 978 0 0 1 "Assault"
0 160 72 275 205 979 0 0 1 "Assault"
0 160 72 275 205 980 0 0 1 "Assault"
0 160 72 275 205 981 0 0 1 "Assault"
0 160 72 275 205 982 0 0 1 "Assault"
0 160 72 275 205 983 0 0 1 "Assault"
0 160 72 275 205 984 0 0 0 "Assault"
0 160 72 275 205 985 0 0 1 "Assault"
0 160 72 275 205 986 0 0 1 "Assault"
0 160 72 275 205 987 0 0 1 "Assault"
0 160 72 275 205 988 0 0 1 "Assault"
0 160 72 275 205 989 0 0 1 "Assault"
0 160 72 275 205 990 0 0 1 "Assault"
0 160 72 275 205 991 0 0 1 "Assault"
0 160 72 275 205 992 0 0 1 "Assault"
0 160 72 275 205 993 0 0 1 "Assault"
0 160 72 275 205 994 0 0 1 "Assault"
0 160 72 275 205 995 0 0 1 "Assault"
0 160 72 275 205 996 0 0 1 "Assault"
0 160 72 275 205 997 0 0 1 "Assault"
0 160 72 275 205 998 0 0 1 "Assault"
0 160 72 275 205 999 0 0 1 "Assault"
0 160 72 275 205 1000 0 0 1 "Assault"
0 160 72 275 205 1001 0 0 1 "Assault"
0 160 72 275 205 1002 0 0 1 "Assault"
0 160 72 275 205 1003 0 0 1 "Assault"
0 160 72 275 205 1004 0 0 1 "Assault"
0 160 72 275 205 1005 0 0 1 "Assault"
0 160 72 275 205 1006 0 0 1 "Assault"
0 160 72 275 205 1007 0 0 1 "Assault"
0 160 72 275 205 1008 0 0 1 "Assault"
0 160 72 275 205 1009 0 0 1 "Assault"
0 160 72 275 205 1010 0 0 1 "Assault"
0 160 72 275 205 1011 0 0 1 "Assault"
0 160 72 275 205 1012 0 0 1 "Assault"
0 160 72 275 205 1013 0 0 1 "Assault"
0 160 72 275 205 1014 0 0 1 "Assault"
0 160 72 275 205 1015 0 0 1 "Assault"
0 160 72 275 205 1016 0 0 1 "Assault"
0 160 72 275 205 1017 0 0 1 "Assault"
0 160 72 275 205 1018 0 0 1 "Assault"
0 160 72 275 205 1019 0 0 1 "Assault"
0 160 72 275 205 1020 0 0 1 "Assault"
0 160 72 275 205 1021 0 0 1 "Assault"
0 160 72 275 205 1022 0 0 1 "Assault"
0 160 72 275 205 1023 0 0 1 "Assault"
0 160 72 275 205 1024 0 0 1 "Assault"
0 160 72 275 205 1025 0 0 1 "Assault"
0 160 72 275 205 1026 0 0 1 "Assault"
0 160 72 275 205 1027 0 0 1 "Assault"
0 160 72 275 205 1028 0 0 1 "Assault"
0 160 72 275 205 1029 0 0 1 "Assault"
0 160 72 275 205 1030 0 0 1 "Assault"
0 160 72 275 205 1031 0 0 1 "Assault"
0 160 72 275 205 1032 0 0 1 "Assault"
0 160 72 275 205 1033 0 0 1 "Assault"
0 160 72 275 205 1034 0 0 1 "Assault"
0 160 72 275 205 1035 0 0 1 "Assault"
0 160 72 275 205 1036 0 0 1 "Assault"
0 160 72 275 205 1037 0 0 1 "Assault"
0 160 72 275 205 1038 0 0 1 "Assault"
0 160 72 275 205 1039 0 0 1 "Assault"
0 160 72 275 205 1040 0 0 1 "Assault"
0 160 72 275 205 1041 0 0 1 "Assault"
0 160 72 275 205 1042 0 0 1 "Assault"
0 160 72 275 205 1043 0 0 1 "Assault"
0 160 72 275 205 1044 0 0 1 "Assault"
0 160 72 275 205 1045 0 0 0 "Assault"
0 160 72 275 205 1046 0 0 1 "Assault"
0 160 72 275 205 1047 0 0 1 "Assault"
0 160 72 275 205 1048 0 0 1 "Assault"
0 160 72 275 205 1049 0 0 1 "Assault"
0 160 72 275 205 1050 0 0 1 "Assault"
0 160 72 275 205 1051 0 0 1 "Assault"
0 160 72 275 205 1052 0 0 1 "Assault"
0 160 72 275 205 1053 0 0 1 "Assault"
0 160 72 275 205 1054 0 0 1 "Assault"
0 160 72 275 205 1055 0 0 1 "Assault"
0 160 72 275 205 1056 0 0 1 "Assault"
0 160 72 275 205 1057 0 0 1 "Assault"
0 160 72 275 205 1058 0 0 1 "Assault"
0 160 72 275 205 1059 0 0 1 "Assault"
0 160 72 275 205 1060 0 0 1 "Assault"
0 160 72 275 205 1061 0 0 1 "Assault"
0 160 72 275 205 1062 0 0 1 "Assault"
0 160 72 275 205 1063 0 0 1 "Assault"
0 160 72 275 205 1064 0 0 1 "Assault"
0 160 72 275 205 1065 0 0 1 "Assault"
0 160 72 275 205 1066 0 0 1 "Assault"
0 160 72 275 205 1067 0 0 1 "Assault"
0 160 72 275 205 1068 0 0 1 "Assault"
0 160 72 275 205 1069 0 0 1 "Assault"
0 160 72 275 205 1070 0 0 1 "Assault"
0 160 72 275 205 1071 0 0 1 "Assault"
0 160 72 275 205 1072 0 0 1 "Assault"
0 160 72 275 205 1073 0 0 1 "Assault"
0 160 72 275 205 1074 0 0 1 "Assault"
0 160 72 275 205 1075 0 0 1 "Assault"
0 160 72 275 205 1076 0 0 1 "Assault"
0 160 72 275 205 1077 0 0 1 "Assault"
0 160 72 275 205 1078 0 0 1 "Assault"
0 160 72 275 205 1079 0 0 1 "Assault"
0 160 72 275 205 1080 0 0 1 "Assault"
0 160 72 275 205 1081 0 0 1 "Assault"
0 160 72 275 205 1082 0 0 1 "Assault"
0 160 72 275 205 1083 0 0 1 "Assault"
0 160 72 275 205 1084 0 0 1 "Assault"
0 160 72 275 205 1085 0 0 1 "Assault"
0 160 72 275 205 1086 0 0 1 "Assault"
0 160 72 275 205 1087 0 0 1 "Assault"
0 160 72 275 205 1088 0 0 1 "Assault"
0 160 72 275 205 1089 0 0 1 "Assault"
0 160 72 275 205 1090 0 0 0 "Assault"
0 160 72 275 205 1091 0 0 1 "Assault"
0 160 72 275 205 1092 0 0 1 "Assault"
0 160 72 275 205 1093 0 0 1 "Assault"
0 160 72 275 205 1094 0 0 1 "Assault"
0 160 72 275 205 1095 0 0 1 "Assault"
0 160 72 275 205 1096 0 0 1 "Assault"
0 160 72 275 205 1097 0 0 1 "Assault"
0 160 72 275 205 1098 0 0 1 "Assault"
0 160 72 275 205 1099 0 0 1 "Assault"
0 160 72 275 205 1100 0 0 1 "Assault"
0 160 72 275 205 1101 0 0 1 "Assault"
0 160 72 275 205 1102 0 0 1 "Assault"
0 160 72 275 205 1103 0 0 1 "Assault"
0 160 72 275 205 1104 0 0 1 "Assault"
0 160 72 275 205 1105 0 0 1 "Assault"
0 160 72 275 205 1106 0 0 1 "Assault"
0 160 72 275 205 1107 0 0 1 "Assault"
0 160 72 275 205 1108 0 0 1 "Assault"
0 160 72 275 205 1109 0 0 1 "Assault"
0 160 72 275 205 1110 0 0 1 "Assault"
0 160 72 275 205 1111 0 0 1 "Assault"
0 160 72 275 205 1112 0 0 1 "Assault"
0 160 72 275 205 1113 0 0 1 "Assault"
0 160 72 275 205 1114 0 0 1 "Assault"
0 160 72 275 205 1115 0 0 1 "Assault"
0 160 72 275 205 1116 0 0 1 "Assault"
0 160 72 275 205 1117 0 0 1 "Assault"
0 160 72 275 205 1118 0 0 1 "Assault"
0 160 72 275 205 1119 0 0 1 "Assault"
0 160 72 275 205 1120 0 0 1 "Assault"
0 160 72 275 205 1121 0 0 1 "Assault"
0 160 72 275 205 1122 0 0 0 "Assault"
0 160 72 275 205 1123 0 0 1 "Assault"
0 160 72 275 205 1124 0 0 1 "Assault"
0 160 72 275 205 1125 0 0 1 "Assault"
0 160 72 275 205 1126 0 0 1 "Assault"
0 160 72 275 205 1127 0 0 1 "Assault"
0 160 72 275 205 1128 0 0 1 "Assault"
0 160 72 275 205 1129 0 0 1 "Assault"
0 160 72 275 205 1130 0 0 1 "Assault"
0 160 72 275 205 1131 0 0 1 "Assault"
0 160 72 275 205 1132 0 0 1 "Assault"
0 160 72 275 205 1133 0 0 1 "Assault"
0 160 72 275 205 1134 0 0 1 "Assault"
0 160 72 275 205 1135 0 0 1 "Assault"
0 160 72 275 205 1136 0 0 1 "Assault"
0 160 72 275 205 1137 0 0 1 "Assault"
0 160 72 275 205 1138 0 0 1 "Assault"
0 160 72 275 205 1139 0 0 1 "Assault"
0 160 72 275 205 1140 0 0 1 "Assault"
0 160 72 275 205 1141 0 0 1 "Assault"
0 160 72 275 205 1142 0 0 1 "Assault"
0 160 72 275 205 1143 0 0 1 "Assault"
0 160 72 275 205 1144 0 0 1 "Assault"
0 160 72 275 205 1145 0 0 1 "Assault"
0 160 72 275 205 1146 0 0 1 "Assault"
0 160 72 275 205 1147 0 0 1 "Assault"
0 160 72 275 205 1148 0 0 0 "Assault"
0 160 72 275 205 1149 0 0 1 "Assault"
0 160 72 275 205 1150 0 0 1 "Assault"
0 160 72 275 205 1151 0 0 1 "Assault"
0 160 72 275 205 1152 0 0 1 "Assault"
0 160 72 275 205 1153 0 0 1 "Assault"
0 160 72 275 205 1154 0 0 1 "Assault"
0 160 72 275 205 1155 0 0 1 "Assault"
0 160 72 275 205 1156 0 0 1 "Assault"
0 160 72 275 205 1157 0 0 1 "Assault"
0 160 72 275 205 1158 0 0 1 "Assault"
0 160 72 275 205 1159 0 0 1 "Assault"
0 160 72 275 205 1160 0 0 1 "Assault"
0 160 72 275 205 1161 0 0 1 "Assault"
0 160 72 275 205 1162 0 0 1 "Assault"
0 160 72 275 205 1163 0 0 1 "Assault"
0 160 72 275 205 1164 0 0 1 "Assault"
0 160 72 275 205 1165 0 0 1 "Assault"
0 160 72 275 205 1166 0 0 1 "Assault"
0 160 72 275 205 1167 0 0 1 "Assault"
0 160 72 275 205 1168 0 0 1 "Assault"
0 160 72 275 205 1169 0 0 1 "Assault"
0 160 72 275 205 1170 0 0 1 "Assault"
0 160 72 275 205 1171 0 0 1 "Assault"
0 160 72 275 205 1172 0 0 1 "Assault"
0 160 72 275 205 1173 0 0 1 "Assault"
0 160 72 275 205 1174 0 0 1 "Assault"
0 160 72 275 205 1175 0 0 1 "Assault"
0 160 72 275 205 1176 0 0 1 "Assault"
0 160 72 275 205 1177 0 0 0 "Assault"
0 160 72 275 205 1178 0 0 1 "Assault"
0 160 72 275 205 1179 0 0 1 "Assault"
0 160 72 275 205 1180 0 0 1 "Assault"
0 160 72 275 205 1181 0 0 1 "Assault"
0 160 72 275 205 1182 0 0 1 "Assault"
0 160 72 275 205 1183 0 0 1 "Assault"
0 160 72 275 205 1184 0 0 1 "Assault"
0 160 72 275 205 1185 0 0 1 "Assault"
0 160 72 275 205 1186 0 0 1 "Assault"
0 160 72 275 205 1187 0 0 1 "Assault"
0 160 72 275 205 1188 0 0 1 "Assault"
0 160 72 275 205 1189 0 0 1 "Assault"
0 160 72 275 205 1190 0 0 1 "Assault"
0 160 72 275 205 1191 0 0 1 "Assault"
0 160 72 275 205 1192 0 0 1 "Assault"
0 160 72 275 205 1193 0 0 1 "Assault"
0 160 72 275 205 1194 0 0 1 "Assault"
0 160 72 275 205 1195 0 0 1 "Assault"
0 160 72 275 205 1196 0 0 1 "Assault"
0 160 72 275 205 1197 0 0 1 "Assault"
0 160 72 275 205 1198 0 0 1 "Assault"
0 160 72 275 205 1199 0 0 1 "Assault"
0 160 72 275 205 1200 0 0 1 "Assault"
0 160 72 275 205 1201 0 0 1 "Assault"
0 160 72 275 205 1202 0 0 1 "Assault"
0 160 72 275 205 1203 0 0 1 "Assault"
0 160 72 275 205 1204 0 0 1 "Assault"
0 160 72 275 205 1205 0 0 1 "Assault"
0 160 72 275 205 1206 0 0 1 "Assault"
0 160 72 275 205 1207 0 0 1 "Assault"
0 160 72 275 205 1208 0 0 1 "Assault"
0 160 72 275 205 1209 1 0 0 "Assault"
0 160 72 275 205 1210 1 0 1 "Assault"
0 160 72 275 205 1211 1 0 1 "Assault"
0 160 72 275 205 1212 1 0 1 "Assault"
0 160 72 275 205 1213 1 0 1 "Assault"
0 160 72 275 205 1214 1 0 1 "Assault"
0 160 72 275 205 1215 1 0 1 "Assault"
0 160 72 275 205 1216 1 0 1 "Assault"
0 160 72 275 205 1217 1 0 1 "Assault"
0 160 72 275 205 1218 1 0 1 "Assault"
0 160 72 275 205 1219 1 0 0 "Assault"
0 160 72 275 205 1220 1 0 1 "Assault"
0 160 72 275 205 1221 1 0 1 "Assault"
0 160 72 275 205 1222 1 0 1 "Assault"
0 160 72 275 205 1223 1 0 1 "Assault"
0 160 72 275 205 1224 1 0 1 "Assault"
0 160 72 275 205 1225 1 0 1 "Assault"
0 160 72 275 205 1226 1 0 1 "Assault"
0 160 72 275 205 1227 1 0 1 "Assault"
0 160 72 275 205 1228 1 0 1 "Assault"
0 160 72 275 205 1229 1 0 1 "Assault"
0 160 72 275 205 1230 1 0 1 "Assault"
0 160 72 275 205 1231 1 0 1 "Assault"
0 160 72 275 205 1232 1 0 1 "Assault"
0 160 72 275 205 1233 1 0 1 "Assault"
0 160 72 275 205 1234 1 0 1 "Assault"
0 160 72 275 205 1235 1 0 1 "Assault"
0 160 72 275 205 1236 1 0 1 "Assault"
0 160 72 275 205 1237 1 0 1 "Assault"
0 160 72 275 205 1238 1 0 1 "Assault"
0 160 72 275 205 1239 1 0 1 "Assault"
0 160 72 275 205 1240 1 0 1 "Assault"
0 160 72 275 205 1241 1 0 1 "Assault"
0 160 72 275 205 1242 1 0 1 "Assault"
0 160 72 275 205 1243 1 0 1 "Assault"
0 160 72 275 205 1244 1 0 1 "Assault"
0 160 72 275 205 1245 1 0 1 "Assault"
0 160 72 275 205 1246 1 0 1 "Assault"
0 160 72 275 205 1247 1 0 1 "Assault"
0 160 72 275 205 1248 1 0 1 "Assault"
0 160 72 275 205 1249 1 0 1 "Assault"
0 160 72 275 205 1250 1 0 1 "Assault"
0 160 72 275 205 1251 1 0 1 "Assault"
0 160 72 275 205 1252 1 0 1 "Assault"
0 160 72 275 205 1253 1 0 1 "Assault"
0 160 72 275 205 1254 1 0 0 "Assault"
0 160 72 275 205 1255 1 0 1 "Assault"
0 160 72 275 205 1256 1 0 1 "Assault"
0 160 72 275 205 1257 1 0 1 "Assault"
0 160 72 275 205 1258 1 0 1 "Assault"
0 160 72 275 205 1259 1 0 1 "Assault"
0 160 72 275 205 1260 1 0 1 "Assault"
0 160 72 275 205 1261 1 0 1 "Assault"
0 160 72 275 205 1262 1 0 1 "Assault"
0 160 72 275 205 1263 1 0 1 "Assault"
0 160 72 275 205 1264 1 0 1 "Assault"
0 160 72 275 205 1265 1 0 1 "Assault"
0 160 72 275 205 1266 1 0 1 "Assault"
0 160 72 275 205 1267 1 0 1 "Assault"
0 160 72 275 205 1268 1 0 1 "Assault"
0 160 72 275 205 1269 1 0 1 "Assault"
0 160 72 275 205 1270 1 0 1 "Assault"
0 160 72 275 205 1271 1 0 1 "Assault"
0 160 72 275 205 1272 1 0 1 "Assault"
0 160 72 275 205 1273 1 0 1 "Assault"
0 160 72 275 205 1274 1 0 1 "Assault"
0 160 72 275 205 1275 1 0 1 "Assault"
0 160 72 275 205 1276 1 0 1 "Assault"
0 160 72 275 205 1277 1 0 1 "Assault"
0 160 72 275 205 1278 1 0 1 "Assault"
0 160 72 275 205 1279 1 0 1 "Assault"
0 160 72 275 205 1280 1 0 1 "Assault"
0 160 72 275 205 1281 1 0 1 "Assault"
0 160 72 275 205 1282 1 0 1 "Assault"
0 160 72 275 205 1283 1 0 1 "Assault"
0 160 72 275 205 1284 1 0 1 "Assault"
0 160 72 275 205 1285 1 0 1 "Assault"
0 160 72 275 205 1286 1 0 1 "Assault"
0 160 72 275 205 1287 1 0 1 "Assault"
0 160 72 275 205 1288 1 0 1 "Assault"
0 160 72 275 205 1289 1 0 1 "Assault"
0 160 72 275 205 1290 1 0 1 "Assault"
0 160 72 275 205 1291 1 0 1 "Assault"
0 160 72 275 205 1292 1 0 1 "Assault"
0 160 72 275 205 1293 1 0 1 "Assault"
0 160 72 275 205 1294 1 0 1 "Assault"
0 160 72 275 205 1295 1 0 1 "Assault"
0 160 72 275 205 1296 1 0 1 "Assault"
0 160 72 275 205 1297 1 0 1 "Assault"
0 160 72 275 205 1298 1 0 1 "Assault"
0 160 72 275 205 1299 1 0 1 "Assault"
0 160 72 275 205 1300 1 0 1 "Assault"
0 160 72 275 205 1301 1 0 1 "Assault"
0 160 72 275 205 1302 1 0 1 "Assault"
0 160 72 275 205 1303 1 0 1 "Assault"
0 160 72 275 205 1304 1 0 1 "Assault"
0 160 72 275 205 1305 1 0 1 "Assault"
0 160 72 275 205 1306 1 0 1 "Assault"
0 160 72 275 205 1307 1 0 1 "Assault"
0 160 72 275 205 1308 1 0 1 "Assault"
0 160 72 275 205 1309 1 0 1 "Assault"
0 160 72 275 205 1310 1 0 1 "Assault"
0 160 72 275 205 1311 1 0 1 "Assault"
0 160 72 275 205 1312 1 0 1 "Assault"
0 160 72 275 205 1313 1 0 1 "Assault"
0 160 72 275 205 1314 1 0 1 "Assault"
0 160 72 275 205 1315 1 0 1 "Assault"
0 160 72 275 205 1316 1 0 1 "Assault"
0 160 72 275 205 1317 1 0 1 "Assault"
0 160 72 275 205 1318 1 0 1 "Assault"
0 160 72 275 205 1319 1 0 1 "Assault"
0 160 72 275 205 1320 1 0 1 "Assault"
0 160 72 275 205 1321 1 0 1 "Assault"
0 160 72 275 205 1322 1 0 1 "Assault"
0 160 72 275 205 1323 1 0 1 "Assault"
0 160 72 275 205 1324 1 0 1 "Assault"
0 160 72 275 205 1325 1 0 1 "Assault"
0 160 72 275 205 1326 1 0 1 "Assault"
0 160 72 275 205 1327 1 0 1 "Assault"
0 160 72 275 205 1328 1 0 1 "Assault"
0 160 72 275 205 1329 1 0 1 "Assault"
0 160 72 275 205 1330 1 0 1 "Assault"
0 160 72 275 205 1331 1 0 1 "Assault"
0 160 72 275 205 1332 1 0 1 "Assault"
0 160 72 275 205 1333 1 0 1 "Assault"
0 160 72 275 205 1334 1 0 1 "Assault"
0 160 72 275 205 1335 1 0 1 "Assault"
0 160 72 275 205 1336 1 0 1 "Assault"
0 160 72 275 205 1337 1 0 1 "Assault"
0 160 72 275 205 1338 1 0 1 "Assault"
0 160 72 275 205 1339 1 0 1 "Assault"
0 160 72 275 205 1340 1 0 1 "Assault"
0 160 72 275 205 1341 1 0 1 "Assault"
0 160 72 275 205 1342 1 0 1 "Assault"
0 160 72 275 205 1343 1 0 1 "Assault"
0 160 72 275 205 1344 1 0 1 "Assault"
0 160 72 275 205 1345 1 0 1 "Assault"
0 160 72 275 205 1346 1 0 1 "Assault"
0 160 72 275 205 1347 1 0 1 "Assault"
0 160 72 275 205 1348 1 0 1 "Assault"
0 160 72 275 205 1349 1 0 1 "Assault"
0 160 72 275 205 1350 1 0 1 "Assault"
0 160 72 275 205 1351 1 0 1 "Assault"
0 160 72 275 205 1352 1 0 1 "Assault"
0 160 72 275 205 1353 1 0 1 "Assault"
0 160 72 275 205 1354 1 0 1 "Assault"
0 160 72 275 205 1355 1 0 1 "Assault"
0 160 72 275 205 1356 1 0 1 "Assault"
0 160 72 275 205 1357 1 0 1 "Assault"
0 160 72 275 205 1358 1 0 1 "Assault"
0 160 72 275 205 1359 1 0 1 "Assault"
0 160 72 275 205 1360 1 0 1 "Assault"
0 160 72 275 205 1361 1 0 1 "Assault"
0 160 72 275 205 1362 1 0 1 "Assault"
0 160 72 275 205 1363 1 0 1 "Assault"
0 160 72 275 205 1364 1 0 1 "Assault"
0 160 72 275 205 1365 1 0 1 "Assault"
0 160 72 275 205 1366 1 0 1 "Assault"
0 160 72 275 205 1367 1 0 1 "Assault"
0 160 72 275 205 1368 1 0 1 "Assault"
0 160 72 275 205 1369 1 0 1 "Assault"
0 160 72 275 205 1370 1 0 1 "Assault"
0 160 72 275 205 1371 1 0 1 "Assault"
0 160 72 275 205 1372 1 0 1 "Assault"
0 160 72 275 205 1373 1 0 1 "Assault"
0 160 72 275 205 1374 1 0 1 "Assault"
0 160 72 275 205 1375 1 0 1 "Assault"
0 160 72 275 205 1376 1 0 1 "Assault"
0 160 72 275 205 1377 1 0 1 "Assault"
0 160 72 275 205 1378 1 0 1 "Assault"
0 160 72 275 205 1379 1 0 1 "Assault"
0 160 72 275 205 1380 1 0 1 "Assault"
0 160 72 275 205 1381 1 0 1 "Assault"
0 160 72 275 205 1382 1 0 1 "Assault"
0 160 72 275 205 1383 1 0 1 "Assault"
0 160 72 275 205 1384 1 0 1 "Assault"
0 160 72 275 205 1385 1 0 1 "Assault"
0 160 72 275 205 1386 1 0 1 "Assault"
0 160 72 275 205 1387 1 0 1 "Assault"
0 160 72 275 205 1388 1 0 1 "Assault"
0 160 72 275 205 1389 1 0 1 "Assault"
0 160 72 275 205 1390 1 0 1 "Assault"
0 160 72 275 205 1391 1 0 1 "Assault"
0 160 72 275 205 1392 1 0 1 "Assault"
0 160 72 275 205 1393 1 0 1 "Assault"
0 160 72 275 205 1394 1 0 1 "Assault"
0 160 72 275 205 1395 1 0 1 "Assault"
0 160 72 275 205 1396 1 0 1 "Assault"
0 160 72 275 205 1397 1 0 1 "Assault"
0 160 72 275 205 1398 1 0 1 "Assault"
0 160 72 275 205 1399 1 0 1 "Assault"
0 160 72 275 205 1400 1 0 1 "Assault"
0 160 72 275 205 1401 1 0 1 "Assault"
0 160 72 275 205 1402 1 0 1 "Assault"
0 160 72 275 205 1403 1 0 1 "Assault"
0 160 72 275 205 1404 1 0 1 "Assault"
0 160 72 275 205 1405 1 0 1 "Assault"
0 160 72 275 205 1406 1 0 1 "Assault"
0 160 72 275 205 1407 1 0 1 "Assault"
0 160 72 275 205 1408 1 0 1 "Assault"
0 160 72 275 205 1409 1 0 1 "Assault"
0 160 72 275 205 1410 1 0 1 "Assault"
0 160 72 275 205 1411 1 0 1 "Assault"
0 160 72 275 205 1412 1 0 1 "Assault"
0 160 72 275 205 1413 1 0 1 "Assault"
0 160 72 275 205 1414 1 0 1 "Assault"
0 160 72 275 205 1415 1 0 1 "Assault"
0 160 72 275 205 1416 1 0 1 "Assault"
0 160 72 275 205 1417 1 0 1 "Assault"
0 160 72 275 205 1418 1 0 1 "Assault"
0 160 72 275 205 1419 1 0 1 "Assault"
0 160 72 275 205 1420 1 0 1 "Assault"
0 160 72 275 205 1421 1 0 1 "Assault"
0 160 72 275 205 1422 1 0 1 "Assault"
0 160 72 275 205 1423 1 0 1 "Assault"
0 160 72 275 205 1424 1 0 1 "Assault"
0 160 72 275 205 1425 1 0 1 "Assault"
0 160 72 275 205 1426 1 0 1 "Assault"
0 160 72 275 205 1427 1 0 1 "Assault"
0 160 72 275 205 1428 1 0 1 "Assault"
0 160 72 275 205 1429 1 0 1 "Assault"
0 160 72 275 205 1430 1 0 1 "Assault"
0 160 72 275 205 1431 1 0 1 "Assault"
0 160 72 275 205 1432 1 0 1 "Assault"
0 160 72 275 205 1433 1 0 1 "Assault"
0 160 72 275 205 1434 1 0 1 "Assault"
0 160 72 275 205 1435 1 0 1 "Assault"
0 160 72 275 205 1436 1 0 1 "Assault"
0 160 72 275 205 1437 1 0 1 "Assault"
0 160 72 275 205 1438 1 0 1 "Assault"
0 160 72 275 205 1439 1 0 1 "Assault"
0 160 72 275 205 1440 1 0 1 "Assault"
0 160 72 275 205 1441 1 0 1 "Assault"
0 160 72 275 205 1442 1 0 1 "Assault"
0 160 72 275 205 1443 1 0 1 "Assault"
0 160 72 275 205 1444 1 0 1 "Assault"
0 160 72 275 205 1445 1 0 1 "Assault"
0 160 72 275 205 1446 1 0 1 "Assault"
0 160 72 275 205 1447 1 0 1 "Assault"
0 160 72 275 205 1448 1 0 1 "Assault"
0 160 72 275 205 1449 1 0 1 "Assault"
0 160 72 275 205 1450 1 0 1 "Assault"
0 160 72 275 205 1451 1 0 1 "Assault"
0 160 72 275 205 1452 1 0 1 "Assault"
0 160 72 275 205 1453 1 0 1 "Assault"
0 160 72 275 205 1454 1 0 1 "Assault"
0 160 72 275 205 1455 1 0 1 "Assault"
0 160 72 275 205 1456 1 0 1 "Assault"
0 160 72 275 205 1457 1 0 1 "Assault"
0 160 72 275 205 1458 1 0 1 "Assault"
0 160 72 275 205 1459 1 0 1 "Assault"
0 160 72 275 205 1460 1 0 1 "Assault"
0 160 72 275 205 1461 1 0 1 "Assault"
0 160 72 275 205 1462 1 0 1 "Assault"
0 160 72 275 205 1463 1 0 1 "Assault"
0 160 72 275 205 1464 1 0 1 "Assault"
0 160 72 275 205 1465 1 0 1 "Assault"
0 160 72 275 205 1466 1 0 1 "Assault"
0 160 72 275 205 1467 1 0 1 "Assault"
0 160 72 275 205 1468 1 0 1 "Assault"
0 160 72 275 205 1469 1 0 1 "Assault"
0 160 72 275 205 1470 1 0 1 "Assault"
0 160 72 275 205 1471 1 0 1 "Assault"
0 160 72 275 205 1472 1 0 1 "Assault"
0 160 72 275 205 1473 1 0 1 "Assault"
0 160 72 275 205 1474 1 0 1 "Assault"
0 160 72 275 205 1475 1 0 1 "Assault"
0 160 72 275 205 1476 1 0 1 "Assault"
0 160 72 275 205 1477 1 0 1 "Assault"
0 160 72 275 205 1478 1 0 1 "Assault"
0 160 72 275 205 1479 1 0 1 "Assault"
0 160 72 275 205 1480 1 0 1 "Assault"
0 160 72 275 205 1481 1 0 1 "Assault"
0 160 72 275 205 1482 1 0 1 "Assault"
0 160 72 275 205 1483 1 0 1 "Assault"
0 160 72 275 205 1484 1 0 1 "Assault"
0 160 72 275 205 1485 1 0 1 "Assault"
0 160 72 275 205 1486 1 0 1 "Assault"
0 160 72 275 205 1487 1 0 1 "Assault"
0 160 72 275 205 1488 1 0 1 "Assault"
0 160 72 275 205 1489 1 0 1 "Assault"
0 160 72 275 205 1490 1 0 1 "Assault"
0 160 72 275 205 1491 1 0 1 "Assault"
0 160 72 275 205 1492 1 0 1 "Assault"
0 160 72 275 205 1493 1 0 1 "Assault"
0 160 72 275 205 1494 1 0 1 "Assault"
0 160 72 275 205 1495 1 0 1 "Assault"
0 160 72 275 205 1496 1 0 1 "Assault"
0 160 72 275 205 1497 1 0 1 "Assault"
0 160 72 275 205 1498 1 0 1 "Assault"
0 160 72 275 205 1499 1 0 1 "Assault"
0 160 72 275 205 1500 1 0 1 "Assault"
0 160 72 275 205 1501 1 0 1 "Assault"
0 160 72 275 205 1502 1 0 1 "Assault"
0 160 72 275 205 1503 1 0 1 "Assault"
0 160 72 275 205 1504 1 0 1 "Assault"
0 160 72 275 205 1505 1 0 1 "Assault"
0 160 72 275 205 1506 1 0 1 "Assault"
0 160 72 275 205 1507 1 0 1 "Assault"
0 160 72 275 205 1508 1 0 1 "Assault"
0 160 72 275 205 1509 1 0 1 "Assault"
0 160 72 275 205 1510 1 0 1 "Assault"
0 160 72 275 205 1511 1 0 1 "Assault"
0 160 72 275 205 1512 1 0 1 "Assault"
0 160 72 275 205 1513 1 0 1 "Assault"
0 160 72 275 205 1514 1 0 1 "Assault"
0 160 72 275 205 1515 1 0 1 "Assault"
0 160 72 275 205 1516 1 0 1 "Assault"
0 160 72 275 205 1517 1 0 1 "Assault"
0 160 72 275 205 1518 1 0 1 "Assault"
0 160 72 275 205 1519 1 0 1 "Assault"
0 160 72 275 205 1520 1 0 1 "Assault"
0 160 72 275 205 1521 1 0 1 "Assault"
0 160 72 275 205 1522 1 0 1 "Assault"
0 160 72 275 205 1523 1 0 1 "Assault"
0 160 72 275 205 1524 1 0 1 "Assault"
0 160 72 275 205 1525 1 0 1 "Assault"
0 160 72 275 205 1526 1 0 1 "Assault"
0 160 72 275 205 1527 1 0 1 "Assault"
0 160 72 275 205 1528 1 0 1 "Assault"
0 160 72 275 205 1529 1 0 1 "Assault"
0 160 72 275 205 1530 1 0 1 "Assault"
0 160 72 275 205 1531 1 0 1 "Assault"
0 160 72 275 205 1532 1 0 1 "Assault"
0 160 72 275 205 1533 1 0 1 "Assault"
0 160 72 275 205 1534 1 0 1 "Assault"
0 160 72 275 205 1535 1 0 1 "Assault"
0 160 72 275 205 1536 1 0 1 "Assault"
0 160 72 275 205 1537 1 0 1 "Assault"
0 160 72 275 205 1538 1 0 1 "Assault"
0 160 72 275 205 1539 1 0 1 "Assault"
0 160 72 275 205 1540 1 0 1 "Assault"
0 160 72 275 205 1541 1 0 1 "Assault"
0 160 72 275 205 1542 1 0 1 "Assault"
0 160 72 275 205 1543 1 0 1 "Assault"
0 160 72 275 205 1544 1 0 1 "Assault"
0 160 72 275 205 1545 1 0 1 "Assault"
0 160 72 275 205 1546 1 0 1 "Assault"
0 160 72 275 205 1547 1 0 1 "Assault"
0 160 72 275 205 1548 1 0 1 "Assault"
0 160 72 275 205 1549 1 0 1 "Assault"
0 160 72 275 205 1550 1 0 1 "Assault"
0 160 72 275 205 1551 1 0 1 "Assault"
0 160 72 275 205 1552 1 0 1 "Assault"
0 160 72 275 205 1553 1 0 1 "Assault"
0 160 72 275 205 1554 1 0 1 "Assault"
0 160 72 275 205 1555 1 0 1 "Assault"
0 160 72 275 205 1556 1 0 1 "Assault"
0 160 72 275 205 1557 1 0 1 "Assault"
0 160 72 275 205 1558 1 0 1 "Assault"
0 160 72 275 205 1559 1 0 1 "Assault"
0 160 72 275 205 1560 1 0 1 "Assault"
0 160 72 275 205 1561 1 0 1 "Assault"
0 160 72 275 205 1562 1 0 1 "Assault"
0 160 72 275 205 1563 1 0 1 "Assault"
0 160 72 275 205 1564 1 0 1 "Assault"
0 160 72 275 205 1565 1 0 1 "Assault"
0 160 72 275 205 1566 1 0 1 "Assault"
0 160 72 275 205 1567 1 0 1 "Assault"
0 160 72 275 205 1568 1 0 1 "Assault"
0 160 72 275 205 1569 1 0 1 "Assault"
0 160 72 275 205 1570 1 0 1 "Assault"
0 160 72 275 205 1571 1 0 1 "Assault"
0 160 72 275 205 1572 1 0 1 "Assault"
0 160 72 275 205 1573 1 0 1 "Assault"
0 160 72 275 205 1574 1 0 1 "Assault"
0 160 72 275 205 1575 1 0 1 "Assault"
0 160 72 275 205 1576 1 0 1 "Assault"
0 160 72 275 205 1577 1 0 1 "Assault"
0 160 72 275 205 1578 1 0 1 "Assault"
0 160 72 275 205 1579 1 0 1 "Assault"
0 160 72 275 205 1580 1 0 1 "Assault"
0 160 72 275 205 1581 1 0 1 "Assault"
0 160 72 275 205 1582 1 0 1 "Assault"
0 160 72 275 205 1583 1 0 1 "Assault"
0 160 72 275 205 1584 1 0 1 "Assault"
0 160 72 275 205 1585 1 0 1 "Assault"
0 160 72 275 205 1586 1 0 1 "Assault"
0 160 72 275 205 1587 1 0 1 "Assault"
0 160 72 275 205 1588 1 0 1 "Assault"
0 160 72 275 205 1589 1 0 1 "Assault"
0 160 72 275 205 1590 1 0 1 "Assault"
0 160 72 275 205 1591 1 0 1 "Assault"
0 160 72 275 205 1592 1 0 1 "Assault"
0 160 72 275 205 1593 1 0 1 "Assault"
0 160 72 275 205 1594 1 0 1 "Assault"
0 160 72 275 205 1595 1 0 1 "Assault"
0 160 72 275 205 1596 1 0 1 "Assault"
0 160 72 275 205 1597 1 0 1 "Assault"
0 160 72 275 205 1598 1 0 1 "Assault"
0 160 72 275 205 1599 1 0 1 "Assault"
0 160 72 275 205 1600 1 0 1 "Assault"
0 160 72 275 205 1601 1 0 1 "Assault"
0 160 72 275 205 1602 1 0 1 "Assault"
0 160 72 275 205 1603 1 0 1 "Assault"
0 160 72 275 205 1604 1 0 1 "Assault"
0 160 72 275 205 1605 1 0 1 "Assault"
0 160 72 275 205 1606 1 0 1 "Assault"
0 160 72 275 205 1607 1 0 1 "Assault"
0 160 72 275 205 1608 1 0 1 "Assault"
0 160 72 275 205 1609 1 0 1 "Assault"
0 160 72 275 205 1610 1 0 1 "Assault"
0 160 72 275 205 1611 1 0 1 "Assault"
0 160 72 275 205 1612 1 0 1 "Assault"
0 160 72 275 205 1613 1 0 1 "Assault"
0 160 72 275 205 1614 1 0 1 "Assault"
0 160 72 275 205 1615 1 0 1 "Assault"
0 160 72 275 205 1616 1 0 1 "Assault"
0 160 72 275 205 1617 1 0 1 "Assault"
0 160 72 275 205 1618 1 0 1 "Assault"
0 160 72 275 205 1619 1 0 1 "Assault"
0 160 72 275 205 1620 1 0 1 "Assault"
0 160 72 275 205 1621 1 0 1 "Assault"
0 160 72 275 205 1622 1 0 1 "Assault"
0 160 72 275 205 1623 1 0 1 "Assault"
0 160 72 275 205 1624 1 0 1 "Assault"
0 160 72 275 205 1625 1 0 1 "Assault"
0 160 72 275 205 1626 1 0 1 "Assault"
0 160 72 275 205 1627 1 0 1 "Assault"
0 160 72 275 205 1628 1 0 1 "Assault"
0 160 72 275 205 1629 1 0 1 "Assault"
0 160 72 275 205 1630 1 0 1 "Assault"
0 160 72 275 205 1631 1 0 1 "Assault"
0 160 72 275 205 1632 1 0 1 "Assault"
0 160 72 275 205 1633 1 0 1 "Assault"
0 160 72 275 205 1634 1 0 1 "Assault"
0 160 72 275 205 1635 1 0 1 "Assault"
0 160 72 275 205 1636 1 0 1 "Assault"
0 160 72 275 205 1637 1 0 1 "Assault"
0 160 72 275 205 1638 1 0 1 "Assault"
0 160 72 275 205 1639 1 0 1 "Assault"
0 160 72 275 205 1640 1 0 1 "Assault"
0 160 72 275 205 1641 1 0 1 "Assault"
0 160 72 275 205 1642 1 0 1 "Assault"
0 160 72 275 205 1643 1 0 1 "Assault"
0 160 72 275 205 1644 1 0 1 "Assault"
0 160 72 275 205 1645 1 0 1 "Assault"
0 160 72 275 205 1646 1 0 1 "Assault"
0 160 72 275 205 1647 1 0 1 "Assault"
0 160 72 275 205 1648 1 0 1 "Assault"
0 160 72 275 205 1649 1 0 1 "Assault"
0 160 72 275 205 1650 1 0 1 "Assault"
0 160 72 275 205 1651 1 0 1 "Assault"
0 160 72 275 205 1652 1 0 1 "Assault"
0 160 72 275 205 1653 1 0 1 "Assault"
0 160 72 275 205 1654 1 0 1 "Assault"
0 160 72 275 205 1655 1 0 1 "Assault"
0 160 72 275 205 1656 1 0 1 "Assault"
0 160 72 275 205 1657 1 0 1 "Assault"
0 160 72 275 205 1658 1 0 1 "Assault"
0 160 72 275 205 1659 1 0 1 "Assault"
0 160 72 275 205 1660 1 0 1 "Assault"
0 160 72 275 205 1661 1 0 1 "Assault"
0 160 72 275 205 1662 1 0 1 "Assault"
0 160 72 275 205 1663 1 0 1 "Assault"
0 160 72 275 205 1664 1 0 1 "Assault"
0 160 72 275 205 1665 1 0 1 "Assault"
0 160 72 275 205 1666 1 0 1 "Assault"
0 160 72 275 205 1667 1 0 1 "Assault"
0 160 72 275 205 1668 1 0 1 "Assault"
0 160 72 275 205 1669 1 0 1 "Assault"
0 160 72 275 205 1670 1 0 1 "Assault"
0 160 72 275 205 1671 1 0 1 "Assault"
0 160 72 275 205 1672 1 0 1 "Assault"
0 160 72 275 205 1673 1 0 1 "Assault"
0 160 72 275 205 1674 1 0 1 "Assault"
0 160 72 275 205 1675 1 0 1 "Assault"
0 160 72 275 205 1676 1 0 1 "Assault"
0 160 72 275 205 1677 1 0 1 "Assault"
0 160 72 275 205 1678 1 0 1 "Assault"
0 160 72 275 205 1679 1 0 1 "Assault"
0 160 72 275 205 1680 1 0 1 "Assault"
0 160 72 275 205 1681 1 0 1 "Assault"
0 160 72 275 205 1682 1 0 1 "Assault"
0 160 72 275 205 1683 1 0 1 "Assault"
0 160 72 275 205 1684 1 0 1 "Assault"
0 160 72 275 205 1685 1 0 1 "Assault"
0 160 72 275 205 1686 1 0 1 "Assault"
0 160 72 275 205 1687 1 0 1 "Assault"
0 160 72 275 205 1688 1 0 1 "Assault"
0 160 72 275 205 1689 1 0 1 "Assault"
0 160 72 275 205 1690 1 0 1 "Assault"
0 160 72 275 205 1691 1 0 1 "Assault"
0 160 72 275 205 1692 1 0 1 "Assault"
0 160 72 275 205 1693 1 0 1 "Assault"
0 160 72 275 205 1694 1 0 1 "Assault"
0 160 72 275 205 1695 1 0 1 "Assault"
0 160 72 275 205 1696 1 0 1 "Assault"
0 160 72 275 205 1697 1 0 1 "Assault"
0 160 72 275 205 1698 1 0 1 "Assault"
0 160 72 275 205 1699 1 0 1 "Assault"
0 160 72 275 205 1700 1 0 1 "Assault"
0 160 72 275 205 1701 1 0 1 "Assault"
0 160 72 275 205 1702 1 0 1 "Assault"
0 160 72 275 205 1703 1 0 1 "Assault"
0 160 72 275 205 1704 1 0 1 "Assault"
0 160 72 275 205 1705 1 0 1 "Assault"
0 160 72 275 205 1706 1 0 1 "Assault"
0 160 72 275 205 1707 1 0 1 "Assault"
0 160 72 275 205 1708 1 0 1 "Assault"
0 160 72 275 205 1709 1 0 1 "Assault"
0 160 72 275 205 1710 1 0 1 "Assault"
0 160 72 275 205 1711 1 0 1 "Assault"
0 160 72 275 205 1712 1 0 1 "Assault"
0 160 72 275 205 1713 1 0 1 "Assault"
0 160 72 275 205 1714 1 0 1 "Assault"
0 160 72 275 205 1715 1 0 1 "Assault"
0 160 72 275 205 1716 1 0 1 "Assault"
0 160 72 275 205 1717 1 0 1 "Assault"
0 160 72 275 205 1718 1 0 1 "Assault"
0 160 72 275 205 1719 1 0 1 "Assault"
0 160 72 275 205 1720 1 0 1 "Assault"
0 160 72 275 205 1721 1 0 1 "Assault"
0 160 72 275 205 1722 1 0 1 "Assault"
0 160 72 275 205 1723 1 0 1 "Assault"
0 160 72 275 205 1724 1 0 1 "Assault"
0 160 72 275 205 1725 1 0 1 "Assault"
0 160 72 275 205 1726 1 0 1 "Assault"
0 160 72 275 205 1727 1 0 1 "Assault"
0 160 72 275 205 1728 1 0 1 "Assault"
0 160 72 275 205 1729 1 0 1 "Assault"
0 160 72 275 205 1730 1 0 1 "Assault"
0 160 72 275 205 1731 1 0 1 "Assault"
0 160 72 275 205 1732 1 0 1 "Assault"
0 160 72 275 205 1733 1 0 1 "Assault"
0 160 72 275 205 1734 1 0 1 "Assault"
0 160 72 275 205 1735 1 0 1 "Assault"
0 160 72 275 205 1736 1 0 1 "Assault"
0 160 72 275 205 1737 1 0 1 "Assault"
0 160 72 275 205 1738 1 0 1 "Assault"
0 160 72 275 205 1739 1 0 1 "Assault"
0 160 72 275 205 1740 1 0 1 "Assault"
0 160 72 275 205 1741 1 0 1 "Assault"
0 160 72 275 205 1742 1 0 1 "Assault"
0 160 72 275 205 1743 1 0 1 "Assault"
0 160 72 275 205 1744 1 0 1 "Assault"
0 160 72 275 205 1745 1 0 1 "Assault"
0 160 72 275 205 1746 1 0 1 "Assault"
0 160 72 275 205 1747 1 0 1 "Assault"
0 160 72 275 205 1748 1 0 1 "Assault"
0 160 72 275 205 1749 1 0 1 "Assault"
0 160 72 275 205 1750 1 0 1 "Assault"
0 160 72 275 205 1751 1 0 1 "Assault"
0 160 72 275 205 1752 1 0 1 "Assault"
0 160 72 275 205 1753 1 0 1 "Assault"
0 160 72 275 205 1754 1 0 1 "Assault"
0 160 72 275 205 1755 1 0 1 "Assault"
0 160 72 275 205 1756 1 0 1 "Assault"
0 160 72 275 205 1757 1 0 1 "Assault"
0 160 72 275 205 1758 1 0 1 "Assault"
0 160 72 275 205 1759 1 0 1 "Assault"
0 160 72 275 205 1760 1 0 1 "Assault"
0 160 72 275 205 1761 1 0 1 "Assault"
0 160 72 275 205 1762 1 0 1 "Assault"
0 160 72 275 205 1763 1 0 1 "Assault"
0 160 72 275 205 1764 1 0 1 "Assault"
0 160 72 275 205 1765 1 0 1 "Assault"
0 160 72 275 205 1766 1 0 1 "Assault"
0 160 72 275 205 1767 1 0 0 "Assault"
