0 112 113 148 164 0 1 0 0 "Assault"
0 112 113 147 164 1 1 0 1 "Assault"
0 112 113 147 164 2 1 0 1 "Assault"
0 112 113 147 164 3 1 0 1 "Assault"
0 112 113 147 164 4 1 0 1 "Assault"
0 112 113 147 164 5 1 0 1 "Assault"
0 112 113 147 164 6 1 0 1 "Assault"
0 112 113 147 164 7 1 0 1 "Assault"
0 112 113 147 164 8 1 0 1 "Assault"
0 112 113 147 164 9 1 0 1 "Assault"
0 112 113 147 164 10 1 0 1 "Assault"
0 112 113 147 164 11 1 0 1 "Assault"
0 112 113 147 164 12 1 0 1 "Assault"
0 112 113 147 164 13 1 0 1 "Assault"
0 112 113 147 164 14 1 0 1 "Assault"
0 112 113 147 164 15 1 0 1 "Assault"
0 112 113 147 164 16 1 0 1 "Assault"
0 112 113 147 164 17 1 0 1 "Assault"
0 112 113 147 164 18 1 0 1 "Assault"
0 112 113 147 164 19 1 0 1 "Assault"
0 112 113 147 164 20 1 0 1 "Assault"
0 112 113 147 164 21 1 0 1 "Assault"
0 112 113 147 164 22 1 0 1 "Assault"
0 112 113 147 164 23 1 0 1 "Assault"
0 112 113 147 164 24 1 0 1 "Assault"
0 112 113 147 164 25 1 0 1 "Assault"
0 112 113 147 164 26 1 0 1 "Assault"
0 112 113 147 164 27 1 0 1 "Assault"
0 112 113 147 164 28 1 0 1 "Assault"
0 112 113 147 164 29 1 0 1 "Assault"
0 112 113 147 164 30 1 0 1 "Assault"
0 112 113 147 164 31 1 0 1 "Assault"
0 112 113 147 164 32 1 0 1 "Assault"
0 112 113 147 164 33 1 0 1 "Assault"
0 112 113 147 164 34 1 0 1 "Assault"
0 112 113 147 164 35 1 0 1 "Assault"
0 112 113 147 164 36 1 0 1 "Assault"
0 112 113 147 164 37 1 0 1 "Assault"
0 112 113 147 164 38 1 0 1 "Assault"
0 112 113 147 164 39 1 0 1 "Assault"
0 112 113 147 164 40 1 0 1 "Assault"
0 112 113 147 164 41 1 0 1 "Assault"
0 112 113 147 164 42 1 0 1 "Assault"
0 112 113 147 164 43 1 0 1 "Assault"
0 112 113 147 164 44 1 0 1 "Assault"
0 112 114 147 164 45 1 0 1 "Assault"
0 112 114 147 164 46 1 0 1 "Assault"
0 112 114 147 164 47 1 0 1 "Assault"
0 112 114 147 164 48 1 0 1 "Assault"
0 112 114 147 164 49 1 0 1 "Assault"
0 112 114 147 164 50 1 0 1 "Assault"
0 112 114 147 164 51 1 0 1 "Assault"
0 112 114 147 164 52 1 0 1 "Assault"
0 112 114 147 164 53 1 0 1 "Assault"
0 112 114 147 164 54 1 0 1 "Assault"
0 112 114 147 164 55 1 0 1 "Assault"
0 112 114 147 164 56 1 0 1 "Assault"
0 112 114 147 164 57 1 0 1 "Assault"
0 112 114 147 164 58 1 0 1 "Assault"
0 112 114 147 164 59 1 0 1 "Assault"
0 112 114 147 164 60 1 0 1 "Assault"
0 112 114 147 164 61 1 0 1 "Assault"
0 112 114 147 164 62 1 0 1 "Assault"
0 112 114 147 164 63 1 0 1 "Assault"
0 112 114 147 164 64 1 0 1 "Assault"
0 112 114 147 164 65 1 0 1 "Assault"
0 112 114 147 164 66 1 0 1 "Assault"
0 112 114 147 164 67 1 0 1 "Assault"
0 112 114 147 164 68 1 0 1 "Assault"
0 112 114 147 164 69 1 0 1 "Assault"
0 112 114 147 164 70 1 0 1 "Assault"
0 112 114 147 164 71 1 0 1 "Assault"
0 112 114 147 164 72 1 0 1 "Assault"
0 112 114 147 164 73 1 0 1 "Assault"
0 112 114 147 164 74 1 0 1 "Assault"
0 112 114 147 164 75 1 0 1 "Assault"
0 112 114 147 164 76 1 0 1 "Assault"
0 112 114 147 164 77 1 0 1 "Assault"
0 112 114 147 164 78 1 0 1 "Assault"
0 112 114 147 164 79 1 0 1 "Assault"
0 112 114 147 164 80 1 0 1 "Assault"
0 112 114 147 164 81 1 0 1 "Assault"
0 112 114 147 164 82 1 0 1 "Assault"
0 112 114 147 164 83 1 0 1 "Assault"
0 112 114 147 164 84 1 0 1 "Assault"
0 112 114 147 164 85 1 0 1 "Assault"
0 112 114 147 164 86 1 0 1 "Assault"
0 112 114 147 164 87 1 0 1 "Assault"
0 112 114 147 164 88 1 0 1 "Assault"
0 112 115 147 164 89 1 0 1 "Assault"
0 112 115 147 164 90 1 0 1 "Assault"
0 112 115 147 164 91 1 0 1 "Assault"
0 112 115 147 164 92 1 0 1 "Assault"
0 112 115 147 164 93 1 0 1 "Assault"
0 112 115 147 164 94 1 0 1 "Assault"
0 112 115 147 164 95 1 0 1 "Assault"
0 112 115 147 164 96 1 0 1 "Assault"
0 112 115 147 164 97 1 0 1 "Assault"
0 112 115 147 164 98 1 0 1 "Assault"
0 112 115 147 164 99 1 0 1 "Assault"
0 112 115 147 164 100 1 0 1 "Assault"
0 112 115 147 164 101 1 0 1 "Assault"
0 112 115 147 164 102 1 0 1 "Assault"
0 112 115 147 164 103 1 0 1 "Assault"
0 112 115 147 164 104 1 0 1 "Assault"
0 112 115 147 164 105 1 0 1 "Assault"
0 112 115 147 164 106 1 0 1 "Assault"
0 112 115 147 164 107 1 0 1 "Assault"
0 112 115 147 164 108 1 0 1 "Assault"
0 112 115 147 164 109 1 0 1 "Assault"
0 112 115 147 164 110 1 0 1 "Assault"
0 112 115 147 164 111 1 0 1 "Assault"
0 112 115 147 164 112 1 0 1 "Assault"
0 112 115 147 164 113 1 0 1 "Assault"
0 112 115 147 164 114 1 0 1 "Assault"
0 112 115 147 164 115 1 0 1 "Assault"
0 112 115 147 164 116 1 0 1 "Assault"
0 112 115 147 164 117 1 0 1 "Assault"
0 112 115 147 164 118 1 0 1 "Assault"
0 112 115 147 164 119 1 0 1 "Assault"
0 112 115 147 164 120 1 0 1 "Assault"
0 112 115 147 164 121 1 0 1 "Assault"
0 112 115 147 164 122 1 0 1 "Assault"
0 112 115 147 164 123 1 0 1 "Assault"
0 112 115 147 164 124 1 0 1 "Assault"
0 112 115 147 164 125 1 0 1 "Assault"
0 112 115 147 164 126 1 0 1 "Assault"
0 112 115 147 164 127 1 0 1 "Assault"
0 112 115 147 164 128 1 0 1 "Assault"
0 112 115 147 164 129 1 0 1 "Assault"
0 112 115 147 164 130 1 0 1 "Assault"
0 112 115 147 164 131 1 0 1 "Assault"
0 112 115 147 164 132 1 0 1 "Assault"
0 112 116 147 164 133 1 0 1 "Assault"
0 112 116 147 164 134 1 0 1 "Assault"
0 112 116 147 164 135 1 0 1 "Assault"
0 112 116 147 164 136 1 0 1 "Assault"
0 112 116 147 164 137 1 0 1 "Assault"
0 112 116 147 164 138 1 0 1 "Assault"
0 112 116 147 164 139 1 0 1 "Assault"
0 112 116 147 164 140 1 0 1 "Assault"
0 112 116 147 164 141 1 0 1 "Assault"
0 112 116 147 164 142 1 0 1 "Assault"
0 112 116 147 164 143 1 0 1 "Assault"
0 112 116 147 164 144 1 0 1 "Assault"
0 112 116 147 164 145 1 0 1 "Assault"
0 112 116 147 164 146 1 0 1 "Assault"
0 112 116 147 164 147 1 0 1 "Assault"
0 112 116 147 164 148 1 0 1 "Assault"
0 112 116 147 164 149 1 0 1 "Assault"
0 112 116 147 164 150 1 0 1 "Assault"
0 112 116 147 164 151 1 0 1 "Assault"
0 112 116 147 164 152 1 0 1 "Assault"
0 112 116 147 164 153 1 0 1 "Assault"
0 112 116 147 164 154 1 0 1 "Assault"
0 112 116 147 164 155 1 0 1 "Assault"
0 112 116 147 164 156 1 0 1 "Assault"
0 112 116 147 164 157 1 0 1 "Assault"
0 112 116 147 164 158 1 0 1 "Assault"
0 112 116 147 164 159 1 0 1 "Assault"
0 112 116 147 164 160 1 0 1 "Assault"
0 112 116 147 164 161 1 0 1 "Assault"
0 112 116 147 164 162 1 0 1 "Assault"
0 112 116 147 164 163 1 0 1 "Assault"
0 112 116 147 164 164 1 0 1 "Assault"
0 112 116 147 164 165 1 0 1 "Assault"
0 112 116 147 164 166 1 0 1 "Assault"
0 112 116 147 164 167 1 0 1 "Assault"
0 112 116 147 164 168 1 0 1 "Assault"
0 112 116 147 164 169 1 0 1 "Assault"
0 112 116 147 164 170 1 0 1 "Assault"
0 112 116 147 164 171 1 0 1 "Assault"
0 112 116 147 164 172 1 0 1 "Assault"
0 112 116 147 164 173 1 0 1 "Assault"
0 112 116 147 164 174 1 0 1 "Assault"
0 112 116 147 164 175 1 0 1 "Assault"
0 112 116 147 164 176 1 0 1 "Assault"
0 112 117 147 164 177 0 0 0 "Assault"
0 111 116 148 164 178 0 0 1 "Assault"
0 111 116 149 164 179 0 0 1 "Assault"
0 111 116 150 164 180 0 0 1 "Assault"
0 111 116 151 164 181 0 0 1 "Assault"
0 111 116 152 165 182 0 0 1 "Assault"
0 111 116 153 165 183 0 0 1 "Assault"
0 111 116 154 165 184 0 0 1 "Assault"
0 111 116 155 165 185 0 0 1 "Assault"
0 111 116 156 166 186 0 0 1 "Assault"
0 111 116 157 166 187 0 0 1 "Assault"
0 110 115 158 166 188 0 0 1 "Assault"
0 110 115 159 166 189 0 0 1 "Assault"
0 110 115 160 167 190 0 0 1 "Assault"
0 110 115 161 167 191 0 0 1 "Assault"
0 110 115 163 167 192 0 0 1 "Assault"
0 110 115 164 167 193 0 0 1 "Assault"
0 110 115 165 167 194 0 0 1 "Assault"
0 110 115 166 168 195 0 0 1 "Assault"
0 110 115 167 168 196 0 0 1 "Assault"
0 110 115 168 168 197 0 0 1 "Assault"
0 109 114 169 168 198 0 0 1 "Assault"
0 109 114 170 169 199 0 0 1 "Assault"
0 109 114 171 169 200 0 0 1 "Assault"
0 109 114 172 169 201 0 0 1 "Assault"
0 109 114 173 169 202 0 0 1 "Assault"
0 109 114 174 170 203 0 0 1 "Assault"
0 109 114 175 170 204 0 0 1 "Assault"
0 109 114 176 170 205 0 0 1 "Assault"
0 109 114 177 170 206 0 0 1 "Assault"
0 109 114 179 171 207 0 0 0 "Assault"
0 109 114 178 172 208 0 0 1 "Assault"
0 109 114 178 173 209 0 0 1 "Assault"
0 109 114 178 174 210 0 0 1 "Assault"
0 109 114 178 176 211 0 0 1 "Assault"
0 109 114 178 177 212 0 0 1 "Assault"
0 109 114 178 178 213 0 0 1 "Assault"
0 109 114 178 180 214 0 0 1 "Assault"
0 109 114 178 181 215 0 0 1 "Assault"
0 109 114 178 182 216 0 0 1 "Assault"
0 109 114 178 184 217 0 0 0 "Assault"
0 109 114 178 184 218 0 0 1 "Assault"
0 110 114 179 184 219 0 0 1 "Assault"
0 111 114 180 184 220 0 0 1 "Assault"
0 111 114 180 184 221 0 0 1 "Assault"
0 112 115 181 185 222 0 0 1 "Assault"
0 113 115 182 185 223 0 0 1 "Assault"
0 113 115 182 185 224 0 0 1 "Assault"
0 114 115 183 185 225 0 0 1 "Assault"
0 115 115 184 185 226 0 0 1 "Assault"
0 116 116 185 186 227 0 0 0 "Assault"
0 116 116 185 186 228 0 0 1 "Assault"
0 116 117 185 187 229 0 0 1 "Assault"
0 116 117 185 187 230 0 0 1 "Assault"
0 117 118 186 188 231 0 0 1 "Assault"
0 117 118 186 188 232 0 0 1 "Assault"
0 117 119 186 189 233 0 0 1 "Assault"
0 118 119 187 189 234 0 0 1 "Assault"
0 118 120 187 190 235 0 0 1 "Assault"
0 118 120 187 190 236 0 0 1 "Assault"
0 119 121 188 191 237 0 0 0 "Assault"
0 119 121 187 192 238 0 0 1 "Assault"
0 119 121 187 193 239 0 0 1 "Assault"
0 119 121 187 194 240 0 0 1 "Assault"
0 119 121 187 195 241 0 0 1 "Assault"
0 119 121 187 197 242 0 0 1 "Assault"
0 119 121 187 198 243 0 0 1 "Assault"
0 119 121 187 199 244 0 0 1 "Assault"
0 119 121 187 200 245 0 0 1 "Assault"
0 119 121 187 201 246 0 0 1 "Assault"
0 119 121 187 203 247 0 0 0 "Assault"
0 118 120 186 201 248 0 0 1 "Assault"
0 118 120 186 200 249 0 0 1 "Assault"
0 118 120 186 198 250 0 0 1 "Assault"
0 118 119 186 197 251 0 0 1 "Assault"
0 118 119 186 195 252 0 0 1 "Assault"
0 118 119 185 194 253 0 0 1 "Assault"
0 117 118 185 192 254 0 0 1 "Assault"
0 117 118 185 191 255 0 0 1 "Assault"
0 117 118 185 189 256 0 0 1 "Assault"
0 117 118 185 188 257 0 0 1 "Assault"
0 117 117 184 187 258 0 0 1 "Assault"
0 117 117 184 185 259 0 0 1 "Assault"
0 117 117 184 184 260 0 0 1 "Assault"
0 116 116 184 182 261 0 0 1 "Assault"
0 116 116 184 181 262 0 0 1 "Assault"
0 116 116 183 179 263 0 0 1 "Assault"
0 116 115 183 178 264 0 0 1 "Assault"
0 116 115 183 176 265 0 0 1 "Assault"
0 116 115 183 175 266 0 0 1 "Assault"
0 116 115 183 174 267 0 0 0 "Assault"
0 116 114 183 174 268 0 0 1 "Assault"
0 116 114 183 174 269 0 0 1 "Assault"
0 116 114 183 175 270 0 0 1 "Assault"
0 116 114 183 175 271 0 0 1 "Assault"
0 117 114 183 176 272 0 0 1 "Assault"
0 117 113 183 176 273 0 0 1 "Assault"
0 117 113 183 176 274 0 0 1 "Assault"
0 117 113 183 177 275 0 0 1 "Assault"
0 117 113 183 177 276 0 0 1 "Assault"
0 118 113 184 178 277 0 0 0 "Assault"
0 118 112 183 178 278 0 0 1 "Assault"
0 118 112 183 178 279 0 0 1 "Assault"
0 118 111 183 178 280 0 0 1 "Assault"
0 118 111 183 178 281 0 0 1 "Assault"
0 118 110 183 178 282 0 0 1 "Assault"
0 118 110 183 178 283 0 0 1 "Assault"
0 118 109 183 178 284 0 0 1 "Assault"
0 118 109 183 178 285 0 0 1 "Assault"
0 118 108 183 178 286 0 0 1 "Assault"
0 118 108 183 178 287 0 0 0 "Assault"
0 118 108 183 179 288 0 0 1 "Assault"
0 119 108 184 181 289 0 0 1 "Assault"
0 120 108 184 182 290 0 0 1 "Assault"
0 120 108 185 184 291 0 0 1 "Assault"
0 121 108 186 186 292 0 0 1 "Assault"
0 122 108 186 187 293 0 0 1 "Assault"
0 122 108 187 189 294 0 0 1 "Assault"
0 123 108 187 190 295 0 0 1 "Assault"
0 124 108 188 192 296 0 0 1 "Assault"
0 125 108 189 194 297 0 0 0 "Assault"
0 124 108 191 195 298 0 0 1 "Assault"
0 123 108 193 196 299 0 0 1 "Assault"
0 122 108 195 197 300 0 0 1 "Assault"
0 121 108 197 198 301 0 0 1 "Assault"
0 120 108 199 200 302 0 0 1 "Assault"
0 119 108 201 201 303 0 0 1 "Assault"
0 118 108 203 202 304 0 0 1 "Assault"
0 117 108 205 203 305 0 0 1 "Assault"
0 116 108 207 204 306 0 0 1 "Assault"
0 116 108 209 206 307 0 0 0 "Assault"
0 115 107 208 205 308 0 0 1 "Assault"
0 115 107 208 205 309 0 0 1 "Assault"
0 115 107 208 205 310 0 0 1 "Assault"
0 115 107 208 205 311 0 0 1 "Assault"
0 115 107 208 205 312 0 0 1 "Assault"
0 114 106 207 204 313 0 0 1 "Assault"
0 114 106 207 204 314 0 0 1 "Assault"
0 114 106 207 204 315 0 0 1 "Assault"
0 114 106 207 204 316 0 0 1 "Assault"
0 114 106 207 204 317 0 0 0 "Assault"
0 112 104 207 204 318 0 0 1 "Assault"
0 111 103 208 204 319 0 0 1 "Assault"
0 109 101 209 204 320 0 0 1 "Assault"
0 108 100 210 205 321 0 0 1 "Assault"
0 106 98 211 205 322 0 0 1 "Assault"
0 105 97 212 205 323 0 0 1 "Assault"
0 103 95 213 206 324 0 0 1 "Assault"
0 102 94 214 206 325 0 0 1 "Assault"
0 100 92 215 206 326 0 0 1 "Assault"
0 99 91 216 207 327 0 0 0 "Assault"
0 99 91 216 207 328 0 0 1 "Assault"
0 100 91 217 207 329 0 0 1 "Assault"
0 100 91 217 207 330 0 0 1 "Assault"
0 101 91 218 207 331 0 0 1 "Assault"
0 101 91 218 207 332 0 0 1 "Assault"
0 102 91 219 207 333 0 0 1 "Assault"
0 102 91 219 207 334 0 0 1 "Assault"
0 103 91 220 207 335 0 0 1 "Assault"
0 103 91 220 207 336 0 0 1 "Assault"
0 104 91 221 207 337 0 0 0 "Assault"
0 104 91 221 207 338 0 0 1 "Assault"
0 104 91 221 207 339 0 0 1 "Assault"
0 105 91 222 207 340 0 0 1 "Assault"
0 105 91 222 207 341 0 0 1 "Assault"
0 106 91 223 207 342 0 0 1 "Assault"
0 106 91 223 207 343 0 0 1 "Assault"
0 106 91 223 207 344 0 0 1 "Assault"
0 107 91 224 207 345 0 0 1 "Assault"
0 107 91 224 207 346 0 0 1 "Assault"
0 108 91 225 207 347 0 0 0 "Assault"
0 109 91 224 207 348 0 0 1 "Assault"
0 110 91 223 207 349 0 0 1 "Assault"
0 111 91 223 207 350 0 0 1 "Assault"
0 112 91 222 207 351 0 0 1 "Assault"
0 113 91 222 207 352 0 0 1 "Assault"
0 114 91 221 207 353 0 0 1 "Assault"
0 115 91 220 207 354 0 0 1 "Assault"
0 116 91 220 207 355 0 0 1 "Assault"
0 117 91 219 207 356 0 0 1 "Assault"
0 118 92 219 207 357 0 0 0 "Assault"
0 119 92 219 206 358 0 0 1 "Assault"
0 120 92 219 206 359 0 0 1 "Assault"
0 121 92 219 206 360 0 0 1 "Assault"
0 122 92 219 206 361 0 0 1 "Assault"
0 124 92 219 206 362 0 0 1 "Assault"
0 125 92 219 206 363 0 0 1 "Assault"
0 126 92 219 206 364 0 0 1 "Assault"
0 127 92 219 206 365 0 0 1 "Assault"
0 128 92 219 206 366 0 0 1 "Assault"
0 130 92 219 206 367 0 0 0 "Assault"
0 130 92 218 206 368 0 0 1 "Assault"
0 130 92 218 206 369 0 0 1 "Assault"
0 130 93 218 206 370 0 0 1 "Assault"
0 130 93 218 206 371 0 0 1 "Assault"
0 130 94 218 206 372 0 0 1 "Assault"
0 130 94 218 206 373 0 0 1 "Assault"
0 130 95 218 206 374 0 0 1 "Assault"
0 130 95 218 206 375 0 0 1 "Assault"
0 130 96 218 206 376 0 0 1 "Assault"
0 130 96 218 206 377 0 0 1 "Assault"
0 130 96 218 206 378 0 0 1 "Assault"
0 130 97 218 206 379 0 0 1 "Assault"
0 130 97 218 206 380 0 0 1 "Assault"
0 130 98 218 206 381 0 0 1 "Assault"
0 130 98 218 206 382 0 0 1 "Assault"
0 130 99 218 206 383 0 0 1 "Assault"
0 130 99 218 206 384 0 0 1 "Assault"
0 130 100 218 206 385 0 0 1 "Assault"
0 130 100 218 206 386 0 0 1 "Assault"
0 130 101 218 206 387 0 0 0 "Assault"
0 129 100 217 205 388 0 0 1 "Assault"
0 129 100 217 205 389 0 0 1 "Assault"
0 128 100 216 205 390 0 0 1 "Assault"
0 128 99 216 204 391 0 0 1 "Assault"
0 127 99 215 204 392 0 0 1 "Assault"
0 127 99 215 204 393 0 0 1 "Assault"
0 126 98 214 203 394 0 0 1 "Assault"
0 126 98 214 203 395 0 0 1 "Assault"
0 125 98 213 203 396 0 0 1 "Assault"
0 125 98 213 203 397 0 0 0 "Assault"
0 124 98 212 203 398 0 0 1 "Assault"
0 123 98 211 203 399 0 0 1 "Assault"
0 123 98 211 203 400 0 0 1 "Assault"
0 122 98 210 203 401 0 0 1 "Assault"
0 122 98 210 203 402 0 0 1 "Assault"
0 121 98 209 203 403 0 0 1 "Assault"
0 120 98 208 203 404 0 0 1 "Assault"
0 120 98 208 203 405 0 0 1 "Assault"
0 119 98 207 203 406 0 0 1 "Assault"
0 119 99 207 204 407 0 0 0 "Assault"
0 119 99 207 204 408 0 0 1 "Assault"
0 119 99 207 204 409 0 0 1 "Assault"
0 119 99 207 204 410 0 0 1 "Assault"
0 120 99 208 204 411 0 0 1 "Assault"
0 120 99 208 204 412 0 0 1 "Assault"
0 120 99 208 204 413 0 0 1 "Assault"
0 121 99 209 204 414 0 0 1 "Assault"
0 121 99 209 204 415 0 0 1 "Assault"
0 121 99 209 204 416 0 0 1 "Assault"
0 122 100 210 205 417 0 0 0 "Assault"
0 121 100 209 205 418 0 0 1 "Assault"
0 121 101 209 206 419 0 0 1 "Assault"
0 121 101 209 206 420 0 0 1 "Assault"
0 120 102 208 207 421 0 0 1 "Assault"
0 120 102 208 207 422 0 0 1 "Assault"
0 120 103 208 208 423 0 0 1 "Assault"
0 119 103 207 208 424 0 0 1 "Assault"
0 119 104 207 209 425 0 0 1 "Assault"
0 119 104 207 209 426 0 0 1 "Assault"
0 119 105 207 210 427 0 0 0 "Assault"
0 118 105 207 209 428 0 0 1 "Assault"
0 118 105 207 209 429 0 0 1 "Assault"
0 117 105 207 209 430 0 0 1 "Assault"
0 117 105 207 209 431 0 0 1 "Assault"
0 116 105 207 209 432 0 0 1 "Assault"
0 116 105 207 209 433 0 0 1 "Assault"
0 115 105 207 209 434 0 0 1 "Assault"
0 115 105 207 209 435 0 0 1 "Assault"
0 114 105 207 209 436 0 0 1 "Assault"
0 114 105 207 209 437 0 0 0 "Assault"
0 111 104 204 209 438 0 0 1 "Assault"
0 108 103 201 209 439 0 0 1 "Assault"
0 105 103 198 209 440 0 0 1 "Assault"
0 102 102 195 209 441 0 0 1 "Assault"
0 99 102 192 209 442 0 0 1 "Assault"
0 96 101 189 209 443 0 0 1 "Assault"
0 93 100 186 209 444 0 0 1 "Assault"
0 90 100 183 209 445 0 0 1 "Assault"
0 87 99 180 209 446 0 0 1 "Assault"
0 85 99 177 209 447 0 0 0 "Assault"
0 84 98 176 208 448 0 0 1 "Assault"
0 83 98 175 208 449 0 0 1 "Assault"
0 82 97 174 207 450 0 0 1 "Assault"
0 81 97 173 207 451 0 0 1 "Assault"
0 80 97 172 207 452 0 0 1 "Assault"
0 79 96 171 206 453 0 0 1 "Assault"
0 78 96 170 206 454 0 0 1 "Assault"
0 77 95 169 205 455 0 0 1 "Assault"
0 76 95 168 205 456 0 0 1 "Assault"
0 76 95 168 205 457 0 0 0 "Assault"
0 75 95 164 205 458 0 0 1 "Assault"
0 75 95 160 205 459 0 0 1 "Assault"
0 74 95 156 205 460 0 0 1 "Assault"
0 74 95 153 205 461 0 0 1 "Assault"
0 74 96 149 205 462 0 0 1 "Assault"
0 73 96 145 205 463 0 0 1 "Assault"
0 73 96 142 205 464 0 0 1 "Assault"
0 72 96 138 205 465 0 0 1 "Assault"
0 72 96 134 205 466 0 0 1 "Assault"
0 72 97 131 206 467 0 0 0 "Assault"
0 72 98 130 206 468 0 0 1 "Assault"
0 72 100 130 206 469 0 0 1 "Assault"
0 72 102 130 206 470 0 0 1 "Assault"
0 72 103 130 206 471 0 0 1 "Assault"
0 72 105 130 206 472 0 0 1 "Assault"
0 72 107 130 206 473 0 0 1 "Assault"
0 72 108 130 206 474 0 0 1 "Assault"
0 72 110 130 206 475 0 0 1 "Assault"
0 72 112 130 206 476 0 0 1 "Assault"
0 72 114 130 206 477 1 0 0 "Assault"
0 72 114 130 206 478 1 0 1 "Assault"
0 72 114 130 206 479 1 0 1 "Assault"
0 72 114 130 206 480 1 0 1 "Assault"
0 72 114 130 206 481 1 0 1 "Assault"
0 72 114 130 206 482 1 0 1 "Assault"
0 72 114 130 206 483 1 0 1 "Assault"
0 72 114 130 206 484 1 0 1 "Assault"
0 72 114 130 206 485 1 0 1 "Assault"
0 72 114 130 206 486 1 0 1 "Assault"
0 72 114 130 206 487 1 0 1 "Assault"
0 72 114 130 206 488 1 0 1 "Assault"
0 72 114 130 206 489 1 0 1 "Assault"
0 72 114 130 206 490 1 0 0 "Assault"
0 72 114 130 206 491 1 0 1 "Assault"
0 72 114 130 206 492 1 0 1 "Assault"
0 72 114 130 206 493 1 0 1 "Assault"
0 72 114 130 206 494 1 0 1 "Assault"
0 72 114 130 206 495 1 0 1 "Assault"
0 72 114 130 206 496 1 0 1 "Assault"
0 72 114 130 206 497 1 0 1 "Assault"
0 72 114 130 206 498 1 0 1 "Assault"
0 72 114 130 206 499 1 0 1 "Assault"
0 72 114 130 206 500 1 0 1 "Assault"
0 72 114 130 206 501 1 0 1 "Assault"
0 72 114 130 206 502 1 0 1 "Assault"
0 72 114 130 206 503 1 0 1 "Assault"
0 72 114 130 206 504 1 0 1 "Assault"
0 72 114 130 206 505 1 0 1 "Assault"
0 72 114 130 206 506 1 0 1 "Assault"
0 72 114 130 206 507 1 0 1 "Assault"
0 72 114 130 206 508 1 0 1 "Assault"
0 72 114 130 206 509 1 0 1 "Assault"
0 72 114 130 206 510 1 0 1 "Assault"
0 72 114 130 206 511 1 0 1 "Assault"
0 72 114 130 206 512 1 0 1 "Assault"
0 72 114 130 206 513 1 0 1 "Assault"
0 72 114 130 206 514 1 0 1 "Assault"
0 72 114 130 206 515 1 0 1 "Assault"
0 72 114 130 206 516 1 0 1 "Assault"
0 72 114 130 206 517 1 0 1 "Assault"
0 72 114 130 206 518 1 0 1 "Assault"
0 72 114 130 206 519 1 0 1 "Assault"
0 72 114 130 206 520 1 0 1 "Assault"
0 72 114 130 206 521 1 0 1 "Assault"
0 72 114 130 206 522 1 0 1 "Assault"
0 72 114 130 206 523 1 0 1 "Assault"
0 72 114 130 206 524 1 0 1 "Assault"
0 72 114 130 206 525 1 0 1 "Assault"
0 72 114 130 206 526 1 0 1 "Assault"
0 72 114 130 206 527 1 0 1 "Assault"
0 72 114 130 206 528 1 0 1 "Assault"
0 72 114 130 206 529 1 0 1 "Assault"
0 72 114 130 206 530 1 0 1 "Assault"
0 72 114 130 206 531 1 0 1 "Assault"
0 72 114 130 206 532 1 0 1 "Assault"
0 72 114 130 206 533 1 0 1 "Assault"
0 72 114 130 206 534 1 0 1 "Assault"
0 72 114 130 206 535 1 0 1 "Assault"
0 72 114 130 206 536 1 0 1 "Assault"
0 72 114 130 206 537 1 0 1 "Assault"
0 72 114 130 206 538 1 0 1 "Assault"
0 72 114 130 206 539 1 0 1 "Assault"
0 72 114 130 206 540 1 0 1 "Assault"
0 72 114 130 206 541 1 0 1 "Assault"
0 72 114 130 206 542 1 0 1 "Assault"
0 72 114 130 206 543 1 0 1 "Assault"
0 72 114 130 206 544 1 0 1 "Assault"
0 72 114 130 206 545 1 0 1 "Assault"
0 72 114 130 206 546 1 0 1 "Assault"
0 72 114 130 206 547 1 0 1 "Assault"
0 72 114 130 206 548 1 0 1 "Assault"
0 72 114 130 206 549 1 0 1 "Assault"
0 72 114 130 206 550 1 0 1 "Assault"
0 72 114 130 206 551 1 0 1 "Assault"
0 72 114 130 206 552 1 0 1 "Assault"
0 72 114 130 206 553 1 0 1 "Assault"
0 72 114 130 206 554 1 0 1 "Assault"
0 72 114 130 206 555 1 0 1 "Assault"
0 72 114 130 206 556 1 0 1 "Assault"
0 72 114 130 206 557 1 0 1 "Assault"
0 72 114 130 206 558 1 0 1 "Assault"
0 72 114 130 206 559 1 0 1 "Assault"
0 72 114 130 206 560 1 0 1 "Assault"
0 72 114 130 206 561 1 0 1 "Assault"
0 72 114 130 206 562 1 0 1 "Assault"
0 72 114 130 206 563 1 0 1 "Assault"
0 72 114 130 206 564 1 0 1 "Assault"
0 72 114 130 206 565 1 0 1 "Assault"
0 72 114 130 206 566 1 0 1 "Assault"
0 72 114 130 206 567 1 0 1 "Assault"
0 72 114 130 206 568 1 0 1 "Assault"
0 72 114 130 206 569 1 0 1 "Assault"
0 72 114 130 206 570 1 0 1 "Assault"
0 72 114 130 206 571 1 0 1 "Assault"
0 72 114 130 206 572 1 0 1 "Assault"
0 72 114 130 206 573 1 0 1 "Assault"
0 72 114 130 206 574 1 0 1 "Assault"
0 72 114 130 206 575 1 0 1 "Assault"
0 72 114 130 206 576 1 0 1 "Assault"
0 72 114 130 206 577 1 0 1 "Assault"
0 72 114 130 206 578 1 0 1 "Assault"
0 72 114 130 206 579 1 0 1 "Assault"
0 72 114 130 206 580 1 0 1 "Assault"
0 72 114 130 206 581 1 0 1 "Assault"
0 72 114 130 206 582 1 0 1 "Assault"
0 72 114 130 206 583 1 0 1 "Assault"
0 72 114 130 206 584 1 0 1 "Assault"
0 72 114 130 206 585 1 0 1 "Assault"
0 72 114 130 206 586 1 0 1 "Assault"
0 72 114 130 206 587 1 0 1 "Assault"
0 72 114 130 206 588 1 0 1 "Assault"
0 72 114 130 206 589 1 0 1 "Assault"
0 72 114 130 206 590 1 0 1 "Assault"
0 72 114 130 206 591 1 0 1 "Assault"
0 72 114 130 206 592 1 0 1 "Assault"
0 72 114 130 206 593 1 0 1 "Assault"
0 72 114 130 206 594 1 0 1 "Assault"
0 72 114 130 206 595 1 0 1 "Assault"
0 72 114 130 206 596 1 0 1 "Assault"
0 72 114 130 206 597 1 0 1 "Assault"
0 72 114 130 206 598 1 0 1 "Assault"
0 72 114 130 206 599 1 0 1 "Assault"
0 72 114 130 206 600 1 0 1 "Assault"
0 72 114 130 206 601 1 0 1 "Assault"
0 72 114 130 206 602 1 0 1 "Assault"
0 72 114 130 206 603 1 0 1 "Assault"
0 72 114 130 206 604 1 0 1 "Assault"
0 72 114 130 206 605 1 0 1 "Assault"
0 72 114 130 206 606 1 0 1 "Assault"
0 72 114 130 206 607 1 0 1 "Assault"
0 72 114 130 206 608 1 0 1 "Assault"
0 72 114 130 206 609 1 0 1 "Assault"
0 72 114 130 206 610 1 0 1 "Assault"
0 72 114 130 206 611 1 0 1 "Assault"
0 72 114 130 206 612 1 0 1 "Assault"
0 72 114 130 206 613 1 0 1 "Assault"
0 72 114 130 206 614 1 0 1 "Assault"
0 72 114 130 206 615 1 0 1 "Assault"
0 72 114 130 206 616 1 0 1 "Assault"
0 72 114 130 206 617 1 0 1 "Assault"
0 72 114 130 206 618 1 0 1 "Assault"
0 72 114 130 206 619 1 0 1 "Assault"
0 72 114 130 206 620 1 0 1 "Assault"
0 72 114 130 206 621 1 0 1 "Assault"
0 72 114 130 206 622 1 0 1 "Assault"
0 72 114 130 206 623 1 0 1 "Assault"
0 72 114 130 206 624 1 0 1 "Assault"
0 72 114 130 206 625 1 0 1 "Assault"
0 72 114 130 206 626 1 0 1 "Assault"
0 72 114 130 206 627 1 0 1 "Assault"
0 72 114 130 206 628 1 0 1 "Assault"
0 72 114 130 206 629 1 0 1 "Assault"
0 72 114 130 206 630 1 0 1 "Assault"
0 72 114 130 206 631 1 0 1 "Assault"
0 72 114 130 206 632 1 0 1 "Assault"
0 72 114 130 206 633 1 0 1 "Assault"
0 72 114 130 206 634 1 0 1 "Assault"
0 72 114 130 206 635 1 0 1 "Assault"
0 72 114 130 206 636 1 0 1 "Assault"
0 72 114 130 206 637 1 0 1 "Assault"
0 72 114 130 206 638 1 0 1 "Assault"
0 72 114 130 206 639 1 0 1 "Assault"
0 72 114 130 206 640 1 0 1 "Assault"
0 72 114 130 206 641 1 0 1 "Assault"
0 72 114 130 206 642 1 0 1 "Assault"
0 72 114 130 206 643 1 0 1 "Assault"
0 72 114 130 206 644 1 0 1 "Assault"
0 72 114 130 206 645 1 0 1 "Assault"
0 72 114 130 206 646 1 0 1 "Assault"
0 72 114 130 206 647 1 0 1 "Assault"
0 72 114 130 206 648 1 0 1 "Assault"
0 72 114 130 206 649 1 0 1 "Assault"
0 72 114 130 206 650 1 0 1 "Assault"
0 72 114 130 206 651 1 0 1 "Assault"
0 72 114 130 206 652 1 0 1 "Assault"
0 72 114 130 206 653 1 0 1 "Assault"
0 72 114 130 206 654 1 0 1 "Assault"
0 72 114 130 206 655 1 0 1 "Assault"
0 72 114 130 206 656 1 0 1 "Assault"
0 72 114 130 206 657 1 0 1 "Assault"
0 72 114 130 206 658 1 0 1 "Assault"
0 72 114 130 206 659 1 0 1 "Assault"
0 72 114 130 206 660 1 0 1 "Assault"
0 72 114 130 206 661 1 0 1 "Assault"
0 72 114 130 206 662 1 0 1 "Assault"
0 72 114 130 206 663 1 0 1 "Assault"
0 72 114 130 206 664 1 0 1 "Assault"
0 72 114 130 206 665 1 0 1 "Assault"
0 72 114 130 206 666 1 0 1 "Assault"
0 72 114 130 206 667 1 0 1 "Assault"
0 72 114 130 206 668 1 0 1 "Assault"
0 72 114 130 206 669 1 0 1 "Assault"
0 72 114 130 206 670 1 0 1 "Assault"
0 72 114 130 206 671 1 0 1 "Assault"
0 72 114 130 206 672 1 0 1 "Assault"
0 72 114 130 206 673 1 0 1 "Assault"
0 72 114 130 206 674 1 0 1 "Assault"
0 72 114 130 206 675 1 0 1 "Assault"
0 72 114 130 206 676 1 0 1 "Assault"
0 72 114 130 206 677 1 0 1 "Assault"
0 72 114 130 206 678 1 0 1 "Assault"
0 72 114 130 206 679 1 0 1 "Assault"
0 72 114 130 206 680 1 0 1 "Assault"
0 72 114 130 206 681 1 0 1 "Assault"
0 72 114 130 206 682 1 0 1 "Assault"
0 72 114 130 206 683 1 0 1 "Assault"
0 72 114 130 206 684 1 0 1 "Assault"
0 72 114 130 206 685 1 0 1 "Assault"
0 72 114 130 206 686 1 0 1 "Assault"
0 72 114 130 206 687 1 0 1 "Assault"
0 72 114 130 206 688 1 0 1 "Assault"
0 72 114 130 206 689 1 0 1 "Assault"
0 72 114 130 206 690 1 0 1 "Assault"
0 72 114 130 206 691 1 0 1 "Assault"
0 72 114 130 206 692 1 0 1 "Assault"
0 72 114 130 206 693 1 0 1 "Assault"
0 72 114 130 206 694 1 0 1 "Assault"
0 72 114 130 206 695 1 0 1 "Assault"
0 72 114 130 206 696 1 0 1 "Assault"
0 72 114 130 206 697 1 0 1 "Assault"
0 72 114 130 206 698 1 0 1 "Assault"
0 72 114 130 206 699 1 0 1 "Assault"
0 72 114 130 206 700 1 0 1 "Assault"
0 72 114 130 206 701 1 0 1 "Assault"
0 72 114 130 206 702 1 0 1 "Assault"
0 72 114 130 206 703 1 0 1 "Assault"
0 72 114 130 206 704 1 0 1 "Assault"
0 72 114 130 206 705 1 0 1 "Assault"
0 72 114 130 206 706 1 0 1 "Assault"
0 72 114 130 206 707 1 0 1 "Assault"
0 72 114 130 206 708 1 0 1 "Assault"
0 72 114 130 206 709 1 0 1 "Assault"
0 72 114 130 206 710 1 0 1 "Assault"
0 72 114 130 206 711 1 0 1 "Assault"
0 72 114 130 206 712 1 0 1 "Assault"
0 72 114 130 206 713 1 0 1 "Assault"
0 72 114 130 206 714 1 0 1 "Assault"
0 72 114 130 206 715 1 0 1 "Assault"
0 72 114 130 206 716 1 0 1 "Assault"
0 72 114 130 206 717 1 0 1 "Assault"
0 72 114 130 206 718 1 0 1 "Assault"
0 72 114 130 206 719 1 0 1 "Assault"
0 72 114 130 206 720 1 0 1 "Assault"
0 72 114 130 206 721 1 0 1 "Assault"
0 72 114 130 206 722 1 0 1 "Assault"
0 72 114 130 206 723 1 0 1 "Assault"
0 72 114 130 206 724 1 0 1 "Assault"
0 72 114 130 206 725 1 0 1 "Assault"
0 72 114 130 206 726 1 0 1 "Assault"
0 72 114 130 206 727 1 0 1 "Assault"
0 72 114 130 206 728 1 0 1 "Assault"
0 72 114 130 206 729 1 0 1 "Assault"
0 72 114 130 206 730 1 0 1 "Assault"
0 72 114 130 206 731 1 0 1 "Assault"
0 72 114 130 206 732 1 0 1 "Assault"
0 72 114 130 206 733 1 0 1 "Assault"
0 72 114 130 206 734 1 0 1 "Assault"
0 72 114 130 206 735 1 0 1 "Assault"
0 72 114 130 206 736 1 0 1 "Assault"
0 72 114 130 206 737 1 0 1 "Assault"
0 72 114 130 206 738 1 0 1 "Assault"
0 72 114 130 206 739 1 0 1 "Assault"
0 72 114 130 206 740 1 0 1 "Assault"
0 72 114 130 206 741 1 0 1 "Assault"
0 72 114 130 206 742 1 0 1 "Assault"
0 72 114 130 206 743 1 0 1 "Assault"
0 72 114 130 206 744 1 0 1 "Assault"
0 72 114 130 206 745 1 0 1 "Assault"
0 72 114 130 206 746 1 0 1 "Assault"
0 72 114 130 206 747 1 0 1 "Assault"
0 72 114 130 206 748 1 0 1 "Assault"
0 72 114 130 206 749 1 0 1 "Assault"
0 72 114 130 206 750 1 0 1 "Assault"
0 72 114 130 206 751 1 0 1 "Assault"
0 72 114 130 206 752 1 0 1 "Assault"
0 72 114 130 206 753 1 0 1 "Assault"
0 72 114 130 206 754 1 0 1 "Assault"
0 72 114 130 206 755 1 0 1 "Assault"
0 72 114 130 206 756 1 0 1 "Assault"
0 72 114 130 206 757 1 0 1 "Assault"
0 72 114 130 206 758 1 0 1 "Assault"
0 72 114 130 206 759 1 0 1 "Assault"
0 72 114 130 206 760 1 0 1 "Assault"
0 72 114 130 206 761 1 0 1 "Assault"
0 72 114 130 206 762 1 0 1 "Assault"
0 72 114 130 206 763 1 0 1 "Assault"
0 72 114 130 206 764 1 0 1 "Assault"
0 72 114 130 206 765 1 0 1 "Assault"
0 72 114 130 206 766 1 0 1 "Assault"
0 72 114 130 206 767 1 0 1 "Assault"
0 72 114 130 206 768 1 0 1 "Assault"
0 72 114 130 206 769 1 0 1 "Assault"
0 72 114 130 206 770 1 0 1 "Assault"
0 72 114 130 206 771 1 0 1 "Assault"
0 72 114 130 206 772 1 0 1 "Assault"
0 72 114 130 206 773 1 0 1 "Assault"
0 72 114 130 206 774 1 0 1 "Assault"
0 72 114 130 206 775 1 0 1 "Assault"
0 72 114 130 206 776 1 0 1 "Assault"
0 72 114 130 206 777 1 0 1 "Assault"
0 72 114 130 206 778 1 0 1 "Assault"
0 72 114 130 206 779 1 0 1 "Assault"
0 72 114 130 206 780 1 0 1 "Assault"
0 72 114 130 206 781 1 0 1 "Assault"
0 72 114 130 206 782 1 0 1 "Assault"
0 72 114 130 206 783 1 0 1 "Assault"
0 72 114 130 206 784 1 0 1 "Assault"
0 72 114 130 206 785 1 0 1 "Assault"
0 72 114 130 206 786 1 0 1 "Assault"
0 72 114 130 206 787 1 0 1 "Assault"
0 72 114 130 206 788 1 0 0 "Assault"
