0 13 79 229 240 0 1 0 0 "Assault"
0 13 79 229 239 1 1 0 1 "Assault"
0 13 79 229 239 2 1 0 1 "Assault"
0 13 79 229 239 3 1 0 1 "Assault"
0 13 79 229 239 4 1 0 1 "Assault"
0 13 79 229 239 5 1 0 1 "Assault"
0 13 79 229 239 6 1 0 1 "Assault"
0 13 79 229 239 7 1 0 1 "Assault"
0 13 79 229 239 8 1 0 1 "Assault"
0 13 79 229 239 9 1 0 1 "Assault"
0 13 79 229 239 10 1 0 1 "Assault"
0 13 79 229 239 11 1 0 1 "Assault"
0 13 79 229 239 12 1 0 1 "Assault"
0 13 79 229 239 13 1 0 1 "Assault"
0 13 79 229 239 14 1 0 1 "Assault"
0 13 79 229 239 15 1 0 1 "Assault"
0 13 79 229 239 16 1 0 1 "Assault"
0 13 79 229 239 17 1 0 1 "Assault"
0 13 79 229 239 18 1 0 1 "Assault"
0 13 79 229 239 19 1 0 1 "Assault"
0 13 79 229 239 20 1 0 1 "Assault"
0 13 79 229 239 21 1 0 1 "Assault"
0 13 79 229 239 22 1 0 1 "Assault"
0 13 79 229 239 23 1 0 1 "Assault"
0 13 79 229 239 24 1 0 1 "Assault"
0 13 79 229 239 25 1 0 1 "Assault"
0 13 79 229 239 26 1 0 1 "Assault"
0 13 79 229 239 27 1 0 1 "Assault"
0 13 79 229 239 28 1 0 1 "Assault"
0 13 79 229 239 29 1 0 1 "Assault"
0 13 79 229 239 30 1 0 1 "Assault"
0 13 79 229 239 31 1 0 1 "Assault"
0 13 79 229 239 32 1 0 1 "Assault"
0 13 79 229 239 33 1 0 1 "Assault"
0 13 79 229 239 34 1 0 1 "Assault"
0 13 79 229 239 35 1 0 1 "Assault"
0 13 79 229 239 36 1 0 1 "Assault"
0 13 79 229 239 37 1 0 1 "Assault"
0 13 79 229 239 38 1 0 1 "Assault"
0 13 79 229 239 39 1 0 1 "Assault"
0 13 79 229 239 40 1 0 1 "Assault"
0 13 79 229 239 41 1 0 1 "Assault"
0 13 79 229 239 42 1 0 1 "Assault"
0 13 79 229 239 43 1 0 1 "Assault"
0 13 79 229 239 44 1 0 1 "Assault"
0 13 79 229 239 45 1 0 1 "Assault"
0 13 79 229 239 46 1 0 1 "Assault"
0 14 79 229 239 47 1 0 1 "Assault"
0 14 79 229 239 48 1 0 1 "Assault"
0 14 79 229 239 49 1 0 1 "Assault"
0 14 79 229 239 50 1 0 1 "Assault"
0 14 79 229 239 51 1 0 1 "Assault"
0 14 79 229 239 52 1 0 1 "Assault"
0 14 79 229 239 53 1 0 1 "Assault"
0 14 79 229 239 54 1 0 1 "Assault"
0 14 79 229 239 55 1 0 1 "Assault"
0 14 79 229 239 56 1 0 1 "Assault"
0 14 79 229 239 57 1 0 1 "Assault"
0 14 79 229 239 58 1 0 1 "Assault"
0 14 79 229 239 59 1 0 1 "Assault"
0 14 79 229 239 60 1 0 1 "Assault"
0 14 79 229 239 61 1 0 1 "Assault"
0 14 79 229 239 62 1 0 1 "Assault"
0 14 79 229 239 63 1 0 1 "Assault"
0 14 79 229 239 64 1 0 1 "Assault"
0 14 79 229 239 65 1 0 1 "Assault"
0 14 79 229 239 66 1 0 1 "Assault"
0 14 79 229 239 67 1 0 1 "Assault"
0 14 79 229 239 68 1 0 1 "Assault"
0 14 79 229 239 69 1 0 1 "Assault"
0 14 79 229 239 70 1 0 1 "Assault"
0 14 79 229 239 71 1 0 1 "Assault"
0 14 79 229 239 72 1 0 1 "Assault"
0 14 79 229 239 73 1 0 1 "Assault"
0 14 79 229 239 74 1 0 1 "Assault"
0 14 79 229 239 75 1 0 1 "Assault"
0 14 79 229 239 76 1 0 1 "Assault"
0 14 79 229 239 77 1 0 1 "Assault"
0 14 79 229 239 78 1 0 1 "Assault"
0 14 79 229 239 79 1 0 1 "Assault"
0 14 79 229 239 80 1 0 1 "Assault"
0 14 79 229 239 81 1 0 1 "Assault"
0 14 79 229 239 82 1 0 1 "Assault"
0 14 79 229 239 83 1 0 1 "Assault"
0 14 79 229 239 84 1 0 1 "Assault"
0 14 79 229 239 85 1 0 1 "Assault"
0 14 79 229 239 86 1 0 1 "Assault"
0 14 79 229 239 87 1 0 1 "Assault"
0 14 79 229 239 88 1 0 1 "Assault"
0 14 79 229 239 89 1 0 1 "Assault"
0 14 79 229 239 90 1 0 1 "Assault"
0 14 79 229 239 91 1 0 1 "Assault"
0 14 79 229 239 92 1 0 1 "Assault"
0 15 79 229 239 93 1 0 1 "Assault"
0 15 79 229 239 94 1 0 1 "Assault"
0 15 79 229 239 95 1 0 1 "Assault"
0 15 79 229 239 96 1 0 1 "Assault"
0 15 79 229 239 97 1 0 1 "Assault"
0 15 79 229 239 98 1 0 1 "Assault"
0 15 79 229 239 99 1 0 1 "Assault"
0 15 79 229 239 100 1 0 1 "Assault"
0 15 79 229 239 101 1 0 1 "Assault"
0 15 79 229 239 102 1 0 1 "Assault"
0 15 79 229 239 103 1 0 1 "Assault"
0 15 79 229 239 104 1 0 1 "Assault"
0 15 79 229 239 105 1 0 1 "Assault"
0 15 79 229 239 106 1 0 1 "Assault"
0 15 79 229 239 107 1 0 1 "Assault"
0 15 79 229 239 108 1 0 1 "Assault"
0 15 79 229 239 109 1 0 1 "Assault"
0 15 79 229 239 110 1 0 1 "Assault"
0 15 79 229 239 111 1 0 1 "Assault"
0 15 79 229 239 112 1 0 1 "Assault"
0 15 79 229 239 113 1 0 1 "Assault"
0 15 79 229 239 114 1 0 1 "Assault"
0 15 79 229 239 115 1 0 1 "Assault"
0 15 79 229 239 116 1 0 1 "Assault"
0 15 79 229 239 117 1 0 1 "Assault"
0 15 79 229 239 118 1 0 1 "Assault"
0 15 79 229 239 119 1 0 1 "Assault"
0 15 79 229 239 120 1 0 1 "Assault"
0 15 79 229 239 121 1 0 1 "Assault"
0 15 79 229 239 122 1 0 1 "Assault"
0 15 79 229 239 123 1 0 1 "Assault"
0 15 79 229 239 124 1 0 1 "Assault"
0 15 79 229 239 125 1 0 1 "Assault"
0 15 79 229 239 126 1 0 1 "Assault"
0 15 79 229 239 127 1 0 1 "Assault"
0 15 79 229 239 128 1 0 1 "Assault"
0 15 79 229 239 129 1 0 1 "Assault"
0 15 79 229 239 130 1 0 1 "Assault"
0 15 79 229 239 131 1 0 1 "Assault"
0 15 79 229 239 132 1 0 1 "Assault"
0 15 79 229 239 133 1 0 1 "Assault"
0 15 79 229 239 134 1 0 1 "Assault"
0 15 79 229 239 135 1 0 1 "Assault"
0 15 79 229 239 136 1 0 1 "Assault"
0 15 79 229 239 137 1 0 1 "Assault"
0 15 79 229 239 138 1 0 1 "Assault"
0 16 79 229 239 139 1 0 1 "Assault"
0 16 79 229 239 140 1 0 1 "Assault"
0 16 79 229 239 141 1 0 1 "Assault"
0 16 79 229 239 142 1 0 1 "Assault"
0 16 79 229 239 143 1 0 1 "Assault"
0 16 79 229 239 144 1 0 1 "Assault"
0 16 79 229 239 145 1 0 1 "Assault"
0 16 79 229 239 146 1 0 1 "Assault"
0 16 79 229 239 147 1 0 1 "Assault"
0 16 79 229 239 148 1 0 1 "Assault"
0 16 79 229 239 149 1 0 1 "Assault"
0 16 79 229 239 150 1 0 1 "Assault"
0 16 79 229 239 151 1 0 1 "Assault"
0 16 79 229 239 152 1 0 1 "Assault"
0 16 79 229 239 153 1 0 1 "Assault"
0 16 79 229 239 154 1 0 1 "Assault"
0 16 79 229 239 155 1 0 1 "Assault"
0 16 79 229 239 156 1 0 1 "Assault"
0 16 79 229 239 157 1 0 1 "Assault"
0 16 79 229 239 158 1 0 1 "Assault"
0 16 79 229 239 159 1 0 1 "Assault"
0 16 79 229 239 160 1 0 1 "Assault"
0 16 79 229 239 161 1 0 1 "Assault"
0 16 79 229 239 162 1 0 1 "Assault"
0 16 79 229 239 163 1 0 1 "Assault"
0 16 79 229 239 164 1 0 1 "Assault"
0 16 79 229 239 165 1 0 1 "Assault"
0 16 79 229 239 166 1 0 1 "Assault"
0 16 79 229 239 167 1 0 1 "Assault"
0 16 79 229 239 168 1 0 1 "Assault"
0 16 79 229 239 169 1 0 1 "Assault"
0 16 79 229 239 170 1 0 1 "Assault"
0 16 79 229 239 171 1 0 1 "Assault"
0 16 79 229 239 172 1 0 1 "Assault"
0 16 79 229 239 173 1 0 1 "Assault"
0 16 79 229 239 174 1 0 1 "Assault"
0 16 79 229 239 175 1 0 1 "Assault"
0 16 79 229 239 176 1 0 1 "Assault"
0 16 79 229 239 177 1 0 1 "Assault"
0 16 79 229 239 178 1 0 1 "Assault"
0 16 79 229 239 179 1 0 1 "Assault"
0 16 79 229 239 180 1 0 1 "Assault"
0 16 79 229 239 181 1 0 1 "Assault"
0 16 79 229 239 182 1 0 1 "Assault"
0 16 79 229 239 183 1 0 1 "Assault"
0 16 79 229 239 184 1 0 1 "Assault"
0 17 79 229 239 185 1 0 1 "Assault"
0 17 79 229 239 186 1 0 1 "Assault"
0 17 79 229 239 187 1 0 1 "Assault"
0 17 79 229 239 188 1 0 1 "Assault"
0 17 79 229 239 189 1 0 1 "Assault"
0 17 79 229 239 190 1 0 1 "Assault"
0 17 79 229 239 191 1 0 1 "Assault"
0 17 79 229 239 192 1 0 1 "Assault"
0 17 79 229 239 193 1 0 1 "Assault"
0 17 79 229 239 194 1 0 1 "Assault"
0 17 79 229 239 195 1 0 1 "Assault"
0 17 79 229 239 196 1 0 1 "Assault"
0 17 79 229 239 197 1 0 1 "Assault"
0 17 79 229 239 198 1 0 1 "Assault"
0 17 79 229 239 199 1 0 1 "Assault"
0 17 79 229 239 200 1 0 1 "Assault"
0 17 79 229 239 201 1 0 1 "Assault"
0 17 79 229 239 202 1 0 1 "Assault"
0 17 79 229 239 203 1 0 1 "Assault"
0 17 79 229 239 204 1 0 1 "Assault"
0 17 79 229 239 205 1 0 1 "Assault"
0 17 79 229 239 206 1 0 1 "Assault"
0 17 79 229 239 207 1 0 1 "Assault"
0 17 79 229 239 208 1 0 1 "Assault"
0 17 79 229 239 209 1 0 1 "Assault"
0 17 79 229 239 210 1 0 1 "Assault"
0 17 79 229 239 211 1 0 1 "Assault"
0 17 79 229 239 212 1 0 1 "Assault"
0 17 79 229 239 213 1 0 1 "Assault"
0 17 79 229 239 214 1 0 1 "Assault"
0 17 79 229 239 215 1 0 1 "Assault"
0 17 79 229 239 216 1 0 1 "Assault"
0 17 79 229 239 217 1 0 1 "Assault"
0 17 79 229 239 218 1 0 1 "Assault"
0 17 79 229 239 219 1 0 1 "Assault"
0 17 79 229 239 220 1 0 1 "Assault"
0 17 79 229 239 221 1 0 1 "Assault"
0 17 79 229 239 222 1 0 1 "Assault"
0 17 79 229 239 223 1 0 1 "Assault"
0 17 79 229 239 224 1 0 1 "Assault"
0 17 79 229 239 225 1 0 1 "Assault"
0 17 79 229 239 226 1 0 1 "Assault"
0 17 79 229 239 227 1 0 1 "Assault"
0 17 79 229 239 228 1 0 1 "Assault"
0 17 79 229 239 229 1 0 1 "Assault"
0 17 79 229 239 230 1 0 1 "Assault"
0 18 79 229 239 231 1 0 1 "Assault"
0 18 79 229 239 232 1 0 1 "Assault"
0 18 79 229 239 233 1 0 1 "Assault"
0 18 79 229 239 234 1 0 1 "Assault"
0 18 79 229 239 235 1 0 1 "Assault"
0 18 79 229 239 236 1 0 1 "Assault"
0 18 79 229 239 237 1 0 1 "Assault"
0 18 79 229 239 238 1 0 1 "Assault"
0 18 79 229 239 239 1 0 1 "Assault"
0 18 79 229 239 240 1 0 1 "Assault"
0 18 79 229 239 241 1 0 1 "Assault"
0 18 79 229 239 242 1 0 1 "Assault"
0 18 79 229 239 243 1 0 1 "Assault"
0 18 79 229 239 244 1 0 1 "Assault"
0 18 79 229 239 245 1 0 1 "Assault"
0 18 79 229 239 246 1 0 1 "Assault"
0 18 79 229 239 247 1 0 1 "Assault"
0 18 79 229 239 248 1 0 1 "Assault"
0 18 79 229 239 249 1 0 1 "Assault"
0 18 79 229 239 250 1 0 1 "Assault"
0 18 79 229 239 251 1 0 1 "Assault"
0 18 79 229 239 252 1 0 1 "Assault"
0 18 79 229 239 253 1 0 1 "Assault"
0 18 79 229 239 254 1 0 1 "Assault"
0 18 79 229 239 255 1 0 1 "Assault"
0 18 79 229 239 256 1 0 1 "Assault"
0 18 79 229 239 257 1 0 1 "Assault"
0 18 79 229 239 258 1 0 1 "Assault"
0 18 79 229 239 259 1 0 1 "Assault"
0 18 79 229 239 260 1 0 1 "Assault"
0 18 79 229 239 261 1 0 1 "Assault"
0 18 79 229 239 262 1 0 1 "Assault"
0 18 79 229 239 263 1 0 1 "Assault"
0 18 79 229 239 264 1 0 1 "Assault"
0 18 79 229 239 265 1 0 1 "Assault"
0 18 79 229 239 266 1 0 1 "Assault"
0 18 79 229 239 267 1 0 1 "Assault"
0 18 79 229 239 268 1 0 1 "Assault"
0 18 79 229 239 269 1 0 1 "Assault"
0 18 79 229 239 270 1 0 1 "Assault"
0 18 79 229 239 271 1 0 1 "Assault"
0 18 79 229 239 272 1 0 1 "Assault"
0 18 79 229 239 273 1 0 1 "Assault"
0 18 79 229 239 274 1 0 1 "Assault"
0 18 79 229 239 275 1 0 1 "Assault"
0 18 79 229 239 276 1 0 1 "Assault"
0 19 79 229 239 277 1 0 1 "Assault"
0 19 79 229 239 278 1 0 1 "Assault"
0 19 79 229 239 279 1 0 1 "Assault"
0 19 79 229 239 280 1 0 1 "Assault"
0 19 79 229 239 281 1 0 1 "Assault"
0 19 79 229 239 282 1 0 1 "Assault"
0 19 79 229 239 283 1 0 1 "Assault"
0 19 79 229 239 284 1 0 1 "Assault"
0 19 79 229 239 285 1 0 1 "Assault"
0 19 79 229 239 286 1 0 1 "Assault"
0 19 79 229 239 287 1 0 1 "Assault"
0 19 79 229 239 288 1 0 1 "Assault"
0 19 79 229 239 289 1 0 1 "Assault"
0 19 79 229 239 290 1 0 1 "Assault"
0 19 79 229 239 291 1 0 1 "Assault"
0 19 79 229 239 292 1 0 1 "Assault"
0 19 79 229 239 293 1 0 1 "Assault"
0 19 79 229 239 294 1 0 1 "Assault"
0 19 79 229 239 295 1 0 1 "Assault"
0 19 79 229 239 296 1 0 1 "Assault"
0 19 79 229 239 297 1 0 1 "Assault"
0 19 79 229 239 298 1 0 1 "Assault"
0 19 79 229 239 299 1 0 1 "Assault"
0 19 79 229 239 300 1 0 1 "Assault"
0 19 79 229 239 301 1 0 1 "Assault"
0 19 79 229 239 302 1 0 1 "Assault"
0 19 79 229 239 303 1 0 1 "Assault"
0 19 79 229 239 304 1 0 1 "Assault"
0 19 79 229 239 305 1 0 1 "Assault"
0 19 79 229 239 306 1 0 1 "Assault"
0 19 79 229 239 307 1 0 1 "Assault"
0 19 79 229 239 308 1 0 1 "Assault"
0 19 79 229 239 309 1 0 1 "Assault"
0 19 79 229 239 310 1 0 1 "Assault"
0 19 79 229 239 311 1 0 1 "Assault"
0 19 79 229 239 312 1 0 1 "Assault"
0 19 79 229 239 313 1 0 1 "Assault"
0 19 79 229 239 314 1 0 1 "Assault"
0 19 79 229 239 315 1 0 1 "Assault"
0 19 79 229 239 316 1 0 1 "Assault"
0 19 79 229 239 317 1 0 1 "Assault"
0 19 79 229 239 318 1 0 1 "Assault"
0 19 79 229 239 319 1 0 1 "Assault"
0 19 79 229 239 320 1 0 1 "Assault"
0 19 79 229 239 321 1 0 1 "Assault"
0 19 79 229 239 322 1 0 1 "Assault"
0 20 79 229 239 323 1 0 1 "Assault"
0 20 79 229 239 324 1 0 1 "Assault"
0 20 79 229 239 325 1 0 1 "Assault"
0 20 79 229 239 326 1 0 1 "Assault"
0 20 79 229 239 327 1 0 1 "Assault"
0 20 79 229 239 328 1 0 1 "Assault"
0 20 79 229 239 329 1 0 1 "Assault"
0 20 79 229 239 330 1 0 1 "Assault"
0 20 79 229 239 331 1 0 1 "Assault"
0 20 79 229 239 332 1 0 1 "Assault"
0 20 79 229 239 333 1 0 1 "Assault"
0 20 79 229 239 334 1 0 1 "Assault"
0 20 79 229 239 335 1 0 1 "Assault"
0 20 79 229 239 336 1 0 1 "Assault"
0 20 79 229 239 337 1 0 1 "Assault"
0 20 79 229 239 338 1 0 1 "Assault"
0 20 79 229 239 339 1 0 1 "Assault"
0 20 79 229 239 340 1 0 1 "Assault"
0 20 79 229 239 341 1 0 1 "Assault"
0 20 79 229 239 342 1 0 1 "Assault"
0 20 79 229 239 343 1 0 1 "Assault"
0 20 79 229 239 344 1 0 1 "Assault"
0 20 79 229 239 345 1 0 1 "Assault"
0 20 79 229 239 346 1 0 1 "Assault"
0 20 79 229 239 347 1 0 1 "Assault"
0 20 79 229 239 348 1 0 1 "Assault"
0 20 79 229 239 349 1 0 1 "Assault"
0 20 79 229 239 350 1 0 1 "Assault"
0 20 79 229 239 351 1 0 1 "Assault"
0 20 79 229 239 352 1 0 1 "Assault"
0 20 79 229 239 353 1 0 1 "Assault"
0 20 79 229 239 354 1 0 1 "Assault"
0 20 79 229 239 355 1 0 1 "Assault"
0 20 79 229 239 356 1 0 1 "Assault"
0 20 79 229 239 357 1 0 1 "Assault"
0 20 79 229 239 358 1 0 1 "Assault"
0 20 79 229 239 359 1 0 1 "Assault"
0 20 79 229 239 360 1 0 1 "Assault"
0 20 79 229 239 361 1 0 1 "Assault"
0 20 79 229 239 362 1 0 1 "Assault"
0 20 79 229 239 363 1 0 1 "Assault"
0 20 79 229 239 364 1 0 1 "Assault"
0 20 79 229 239 365 1 0 1 "Assault"
0 20 79 229 239 366 1 0 1 "Assault"
0 20 79 229 239 367 1 0 1 "Assault"
0 20 79 229 239 368 1 0 1 "Assault"
0 20 79 229 239 369 1 0 1 "Assault"
0 21 79 229 239 370 1 0 1 "Assault"
0 21 79 229 239 371 1 0 1 "Assault"
0 21 79 229 239 372 1 0 1 "Assault"
0 21 79 229 239 373 1 0 1 "Assault"
0 21 79 229 239 374 1 0 1 "Assault"
0 21 79 229 239 375 1 0 1 "Assault"
0 21 79 229 239 376 1 0 1 "Assault"
0 21 79 229 239 377 1 0 1 "Assault"
0 21 79 229 239 378 1 0 1 "Assault"
0 21 79 229 239 379 1 0 1 "Assault"
0 21 79 229 239 380 1 0 1 "Assault"
0 21 79 229 239 381 1 0 1 "Assault"
0 21 79 229 239 382 1 0 1 "Assault"
0 21 79 229 239 383 1 0 1 "Assault"
0 21 79 229 239 384 1 0 1 "Assault"
0 21 79 229 239 385 1 0 1 "Assault"
0 21 79 229 239 386 1 0 1 "Assault"
0 21 79 229 239 387 1 0 1 "Assault"
0 21 79 229 239 388 1 0 1 "Assault"
0 21 79 229 239 389 1 0 1 "Assault"
0 21 79 229 239 390 1 0 1 "Assault"
0 21 79 229 239 391 1 0 1 "Assault"
0 21 79 229 239 392 1 0 1 "Assault"
0 21 79 229 239 393 1 0 1 "Assault"
0 21 79 229 239 394 1 0 1 "Assault"
0 21 79 229 239 395 1 0 1 "Assault"
0 21 79 229 239 396 1 0 1 "Assault"
0 21 79 229 239 397 1 0 1 "Assault"
0 21 79 229 239 398 1 0 1 "Assault"
0 21 79 229 239 399 1 0 1 "Assault"
0 21 79 229 239 400 1 0 1 "Assault"
0 21 79 229 239 401 1 0 1 "Assault"
0 21 79 229 239 402 1 0 1 "Assault"
0 21 79 229 239 403 1 0 1 "Assault"
0 21 79 229 239 404 1 0 1 "Assault"
0 21 79 229 239 405 1 0 1 "Assault"
0 21 79 229 239 406 1 0 1 "Assault"
0 21 79 229 239 407 1 0 1 "Assault"
0 21 79 229 239 408 1 0 1 "Assault"
0 21 79 229 239 409 1 0 1 "Assault"
0 21 79 229 239 410 1 0 1 "Assault"
0 21 79 229 239 411 1 0 1 "Assault"
0 21 79 229 239 412 1 0 1 "Assault"
0 21 79 229 239 413 1 0 1 "Assault"
0 21 79 229 239 414 1 0 1 "Assault"
0 21 79 229 239 415 1 0 1 "Assault"
0 22 79 229 239 416 1 0 1 "Assault"
0 22 79 229 239 417 1 0 1 "Assault"
0 22 79 229 239 418 1 0 1 "Assault"
0 22 79 229 239 419 1 0 1 "Assault"
0 22 79 229 239 420 1 0 1 "Assault"
0 22 79 229 239 421 1 0 1 "Assault"
0 22 79 229 239 422 1 0 1 "Assault"
0 22 79 229 239 423 1 0 1 "Assault"
0 22 79 229 239 424 1 0 1 "Assault"
0 22 79 229 239 425 1 0 1 "Assault"
0 22 79 229 239 426 1 0 1 "Assault"
0 22 79 229 239 427 1 0 1 "Assault"
0 22 79 229 239 428 1 0 1 "Assault"
0 22 79 229 239 429 1 0 1 "Assault"
0 22 79 229 239 430 1 0 1 "Assault"
0 22 79 229 239 431 1 0 1 "Assault"
0 22 79 229 239 432 1 0 1 "Assault"
0 22 79 229 239 433 1 0 1 "Assault"
0 22 79 229 239 434 1 0 1 "Assault"
0 22 79 229 239 435 1 0 1 "Assault"
0 22 79 229 239 436 1 0 1 "Assault"
0 22 79 229 239 437 1 0 1 "Assault"
0 22 79 229 239 438 1 0 1 "Assault"
0 22 79 229 239 439 1 0 1 "Assault"
0 22 79 229 239 440 1 0 1 "Assault"
0 22 79 229 239 441 1 0 1 "Assault"
0 22 79 229 239 442 1 0 1 "Assault"
0 22 79 229 239 443 1 0 1 "Assault"
0 22 79 229 239 444 1 0 1 "Assault"
0 22 79 229 239 445 1 0 1 "Assault"
0 22 79 229 239 446 1 0 1 "Assault"
0 22 79 229 239 447 1 0 1 "Assault"
0 22 79 229 239 448 1 0 1 "Assault"
0 22 79 229 239 449 1 0 1 "Assault"
0 22 79 229 239 450 1 0 1 "Assault"
0 22 79 229 239 451 1 0 1 "Assault"
0 22 79 229 239 452 1 0 1 "Assault"
0 22 79 229 239 453 1 0 1 "Assault"
0 22 79 229 239 454 1 0 1 "Assault"
0 22 79 229 239 455 1 0 1 "Assault"
0 22 79 229 239 456 1 0 1 "Assault"
0 22 79 229 239 457 1 0 1 "Assault"
0 22 79 229 239 458 1 0 1 "Assault"
0 22 79 229 239 459 1 0 1 "Assault"
0 22 79 229 239 460 1 0 1 "Assault"
0 22 79 229 239 461 1 0 1 "Assault"
0 23 79 229 239 462 1 0 1 "Assault"
0 23 79 229 239 463 1 0 1 "Assault"
0 23 79 229 239 464 1 0 1 "Assault"
0 23 79 229 239 465 1 0 1 "Assault"
0 23 79 229 239 466 1 0 1 "Assault"
0 23 79 229 239 467 1 0 1 "Assault"
0 23 79 229 239 468 1 0 1 "Assault"
0 23 79 229 239 469 1 0 1 "Assault"
0 23 79 229 239 470 1 0 1 "Assault"
0 23 79 229 239 471 1 0 1 "Assault"
0 23 79 229 239 472 1 0 1 "Assault"
0 23 79 229 239 473 1 0 1 "Assault"
0 23 79 229 239 474 1 0 1 "Assault"
0 23 79 229 239 475 1 0 1 "Assault"
0 23 79 229 239 476 1 0 1 "Assault"
0 23 79 229 239 477 1 0 1 "Assault"
0 23 79 229 239 478 1 0 1 "Assault"
0 23 79 229 239 479 1 0 1 "Assault"
0 23 79 229 239 480 1 0 1 "Assault"
0 23 79 229 239 481 1 0 1 "Assault"
0 23 79 229 239 482 1 0 1 "Assault"
0 23 79 229 239 483 1 0 1 "Assault"
0 23 79 229 239 484 1 0 1 "Assault"
0 23 79 229 239 485 1 0 1 "Assault"
0 23 79 229 239 486 1 0 1 "Assault"
0 23 79 229 239 487 1 0 1 "Assault"
0 23 79 229 239 488 1 0 1 "Assault"
0 23 79 229 239 489 1 0 1 "Assault"
0 23 79 229 239 490 1 0 1 "Assault"
0 23 79 229 239 491 1 0 1 "Assault"
0 23 79 229 239 492 1 0 1 "Assault"
0 23 79 229 239 493 1 0 1 "Assault"
0 23 79 229 239 494 1 0 1 "Assault"
0 23 79 229 239 495 1 0 1 "Assault"
0 23 79 229 239 496 1 0 1 "Assault"
0 23 79 229 239 497 1 0 1 "Assault"
0 23 79 229 239 498 1 0 1 "Assault"
0 23 79 229 239 499 1 0 1 "Assault"
0 23 79 229 239 500 1 0 1 "Assault"
0 23 79 229 239 501 1 0 1 "Assault"
0 23 79 229 239 502 1 0 1 "Assault"
0 23 79 229 239 503 1 0 1 "Assault"
0 23 79 229 239 504 1 0 1 "Assault"
0 23 79 229 239 505 1 0 1 "Assault"
0 23 79 229 239 506 1 0 1 "Assault"
0 23 79 229 239 507 1 0 1 "Assault"
0 24 79 229 239 508 1 0 1 "Assault"
0 24 79 229 239 509 1 0 1 "Assault"
0 24 79 229 239 510 1 0 1 "Assault"
0 24 79 229 239 511 1 0 1 "Assault"
0 24 79 229 239 512 1 0 1 "Assault"
0 24 79 229 239 513 1 0 1 "Assault"
0 24 79 229 239 514 1 0 1 "Assault"
0 24 79 229 239 515 1 0 1 "Assault"
0 24 79 229 239 516 1 0 1 "Assault"
0 24 79 229 239 517 1 0 1 "Assault"
0 24 79 229 239 518 1 0 1 "Assault"
0 24 79 229 239 519 1 0 1 "Assault"
0 24 79 229 239 520 1 0 1 "Assault"
0 24 79 229 239 521 1 0 1 "Assault"
0 24 79 229 239 522 1 0 1 "Assault"
0 24 79 229 239 523 1 0 1 "Assault"
0 24 79 229 239 524 1 0 1 "Assault"
0 24 79 229 239 525 1 0 1 "Assault"
0 24 79 229 239 526 1 0 1 "Assault"
0 24 79 229 239 527 1 0 1 "Assault"
0 24 79 229 239 528 1 0 1 "Assault"
0 24 79 229 239 529 1 0 1 "Assault"
0 24 79 229 239 530 1 0 1 "Assault"
0 24 79 229 239 531 1 0 1 "Assault"
0 24 79 229 239 532 1 0 1 "Assault"
0 24 79 229 239 533 1 0 1 "Assault"
0 24 79 229 239 534 1 0 1 "Assault"
0 24 79 229 239 535 1 0 1 "Assault"
0 24 79 229 239 536 1 0 1 "Assault"
0 24 79 229 239 537 1 0 1 "Assault"
0 24 79 229 239 538 1 0 1 "Assault"
0 24 79 229 239 539 1 0 1 "Assault"
0 24 79 229 239 540 1 0 1 "Assault"
0 24 79 229 239 541 1 0 1 "Assault"
0 24 79 229 239 542 1 0 1 "Assault"
0 24 79 229 239 543 1 0 1 "Assault"
0 24 79 229 239 544 1 0 1 "Assault"
0 24 79 229 239 545 1 0 1 "Assault"
0 24 79 229 239 546 1 0 1 "Assault"
0 24 79 229 239 547 1 0 1 "Assault"
0 24 79 229 239 548 1 0 1 "Assault"
0 24 79 229 239 549 1 0 1 "Assault"
0 24 79 229 239 550 1 0 1 "Assault"
0 24 79 229 239 551 1 0 1 "Assault"
0 24 79 229 239 552 1 0 1 "Assault"
0 24 79 229 239 553 1 0 1 "Assault"
0 25 79 229 239 554 1 0 1 "Assault"
0 25 79 229 239 555 1 0 1 "Assault"
0 25 79 229 239 556 1 0 1 "Assault"
0 25 79 229 239 557 1 0 1 "Assault"
0 25 79 229 239 558 1 0 1 "Assault"
0 25 79 229 239 559 1 0 1 "Assault"
0 25 79 229 239 560 1 0 1 "Assault"
0 25 79 229 239 561 1 0 1 "Assault"
0 25 79 229 239 562 1 0 1 "Assault"
0 25 79 229 239 563 1 0 1 "Assault"
0 25 79 229 239 564 1 0 1 "Assault"
0 25 79 229 239 565 1 0 1 "Assault"
0 25 79 229 239 566 1 0 1 "Assault"
0 25 79 229 239 567 1 0 1 "Assault"
0 25 79 229 239 568 1 0 1 "Assault"
0 25 79 229 239 569 1 0 1 "Assault"
0 25 79 229 239 570 1 0 1 "Assault"
0 25 79 229 239 571 1 0 1 "Assault"
0 25 79 229 239 572 1 0 1 "Assault"
0 25 79 229 239 573 1 0 1 "Assault"
0 25 79 229 239 574 1 0 1 "Assault"
0 25 79 229 239 575 1 0 1 "Assault"
0 25 79 229 239 576 1 0 1 "Assault"
0 25 79 229 239 577 1 0 1 "Assault"
0 25 79 229 239 578 1 0 1 "Assault"
0 25 79 229 239 579 1 0 1 "Assault"
0 25 79 229 239 580 1 0 1 "Assault"
0 25 79 229 239 581 1 0 1 "Assault"
0 25 79 229 239 582 1 0 1 "Assault"
0 25 79 229 239 583 1 0 1 "Assault"
0 25 79 229 239 584 1 0 1 "Assault"
0 25 79 229 239 585 1 0 1 "Assault"
0 25 79 229 239 586 1 0 1 "Assault"
0 25 79 229 239 587 1 0 1 "Assault"
0 25 79 229 239 588 1 0 1 "Assault"
0 25 79 229 239 589 1 0 1 "Assault"
0 25 79 229 239 590 1 0 1 "Assault"
0 25 79 229 239 591 1 0 1 "Assault"
0 25 79 229 239 592 1 0 1 "Assault"
0 25 79 229 239 593 1 0 1 "Assault"
0 25 79 229 239 594 1 0 1 "Assault"
0 25 79 229 239 595 1 0 1 "Assault"
0 25 79 229 239 596 1 0 1 "Assault"
0 25 79 229 239 597 1 0 1 "Assault"
0 25 79 229 239 598 1 0 1 "Assault"
0 25 79 229 239 599 1 0 1 "Assault"
0 26 79 229 239 600 1 0 1 "Assault"
0 26 79 229 239 601 1 0 1 "Assault"
0 26 79 229 239 602 1 0 1 "Assault"
0 26 79 229 239 603 1 0 1 "Assault"
0 26 79 229 239 604 1 0 1 "Assault"
0 26 79 229 239 605 1 0 1 "Assault"
0 26 79 229 239 606 1 0 1 "Assault"
0 26 79 229 239 607 1 0 1 "Assault"
0 26 79 229 239 608 1 0 1 "Assault"
0 26 79 229 239 609 1 0 1 "Assault"
0 26 79 229 239 610 1 0 1 "Assault"
0 26 79 229 239 611 1 0 1 "Assault"
0 26 79 229 239 612 1 0 1 "Assault"
0 26 79 229 239 613 1 0 1 "Assault"
0 26 79 229 239 614 1 0 1 "Assault"
0 26 79 229 239 615 1 0 1 "Assault"
0 26 79 229 239 616 1 0 1 "Assault"
0 26 79 229 239 617 1 0 1 "Assault"
0 26 79 229 239 618 1 0 1 "Assault"
0 26 79 229 239 619 1 0 1 "Assault"
0 26 79 229 239 620 1 0 1 "Assault"
0 26 79 229 239 621 1 0 1 "Assault"
0 26 79 229 239 622 1 0 1 "Assault"
0 26 79 229 239 623 1 0 1 "Assault"
0 26 79 229 239 624 1 0 1 "Assault"
0 26 79 229 239 625 1 0 1 "Assault"
0 26 79 229 239 626 1 0 1 "Assault"
0 26 79 229 239 627 1 0 1 "Assault"
0 26 79 229 239 628 1 0 1 "Assault"
0 26 79 229 239 629 1 0 1 "Assault"
0 26 79 229 239 630 1 0 1 "Assault"
0 26 79 229 239 631 1 0 1 "Assault"
0 26 79 229 239 632 1 0 1 "Assault"
0 26 79 229 239 633 1 0 1 "Assault"
0 26 79 229 239 634 1 0 1 "Assault"
0 26 79 229 239 635 1 0 1 "Assault"
0 26 79 229 239 636 1 0 1 "Assault"
0 26 79 229 239 637 1 0 1 "Assault"
0 26 79 229 239 638 1 0 1 "Assault"
0 26 79 229 239 639 1 0 1 "Assault"
0 26 79 229 239 640 1 0 1 "Assault"
0 26 79 229 239 641 1 0 1 "Assault"
0 26 79 229 239 642 1 0 1 "Assault"
0 26 79 229 239 643 1 0 1 "Assault"
0 26 79 229 239 644 1 0 1 "Assault"
0 26 79 229 239 645 1 0 1 "Assault"
0 27 79 229 239 646 0 0 0 "Assault"
0 30 79 229 238 647 0 0 1 "Assault"
0 33 79 229 238 648 0 0 1 "Assault"
0 36 79 229 238 649 0 0 0 "Assault"
0 37 79 229 237 650 0 0 1 "Assault"
0 38 79 229 237 651 0 0 1 "Assault"
0 39 79 229 237 652 0 0 1 "Assault"
0 41 79 229 237 653 0 0 0 "Assault"
0 43 79 231 236 654 0 0 1 "Assault"
0 46 79 233 236 655 0 0 1 "Assault"
0 48 79 236 235 656 0 0 1 "Assault"
0 51 79 238 235 657 0 0 1 "Assault"
0 53 79 240 234 658 0 0 1 "Assault"
0 56 79 243 234 659 0 0 1 "Assault"
0 59 79 245 234 660 0 0 1 "Assault"
0 61 79 247 233 661 0 0 1 "Assault"
0 64 79 250 233 662 0 0 1 "Assault"
0 66 79 252 232 663 0 0 1 "Assault"
0 69 79 254 232 664 0 0 1 "Assault"
0 72 79 257 232 665 0 0 0 "Assault"
0 72 79 256 231 666 0 0 1 "Assault"
0 72 79 256 231 667 0 0 1 "Assault"
0 72 79 255 231 668 0 0 1 "Assault"
0 72 79 255 231 669 0 0 1 "Assault"
0 72 79 255 231 670 0 0 1 "Assault"
0 72 79 254 231 671 0 0 1 "Assault"
0 72 79 254 231 672 0 0 1 "Assault"
0 72 79 254 231 673 0 0 1 "Assault"
0 72 79 253 231 674 0 0 1 "Assault"
0 72 79 253 231 675 0 0 1 "Assault"
0 72 79 253 231 676 0 0 1 "Assault"
0 72 79 252 231 677 0 0 1 "Assault"
0 72 80 252 231 678 0 0 1 "Assault"
0 72 80 252 231 679 0 0 1 "Assault"
0 72 80 251 231 680 0 0 1 "Assault"
0 72 80 251 231 681 0 0 1 "Assault"
0 72 80 251 231 682 0 0 1 "Assault"
0 72 80 250 231 683 0 0 1 "Assault"
0 72 80 250 231 684 0 0 1 "Assault"
0 72 80 250 231 685 0 0 1 "Assault"
0 72 80 249 231 686 0 0 1 "Assault"
0 72 80 249 231 687 0 0 1 "Assault"
0 72 80 249 231 688 0 0 1 "Assault"
0 72 80 248 231 689 0 0 1 "Assault"
0 72 80 248 231 690 0 0 1 "Assault"
0 72 81 248 231 691 0 0 1 "Assault"
0 72 81 247 231 692 0 0 1 "Assault"
0 72 81 247 231 693 0 0 1 "Assault"
0 72 81 247 231 694 0 0 1 "Assault"
0 72 81 246 231 695 0 0 1 "Assault"
0 72 81 246 231 696 0 0 1 "Assault"
0 72 81 246 231 697 0 0 1 "Assault"
0 72 81 245 231 698 0 0 1 "Assault"
0 72 81 245 231 699 0 0 1 "Assault"
0 72 81 244 231 700 0 0 1 "Assault"
0 72 81 244 231 701 0 0 1 "Assault"
0 72 81 244 231 702 0 0 1 "Assault"
0 72 81 243 231 703 0 0 1 "Assault"
0 72 82 243 231 704 0 0 1 "Assault"
0 72 82 243 231 705 0 0 1 "Assault"
0 72 82 242 231 706 0 0 1 "Assault"
0 72 82 242 231 707 0 0 1 "Assault"
0 72 82 242 231 708 0 0 1 "Assault"
0 72 82 241 231 709 0 0 1 "Assault"
0 72 82 241 231 710 0 0 1 "Assault"
0 72 82 241 231 711 0 0 1 "Assault"
0 72 82 240 231 712 0 0 1 "Assault"
0 72 82 240 231 713 0 0 1 "Assault"
0 72 82 240 231 714 0 0 1 "Assault"
0 72 82 239 231 715 0 0 1 "Assault"
0 72 82 239 231 716 0 0 1 "Assault"
0 72 83 239 231 717 0 0 1 "Assault"
0 72 83 238 231 718 0 0 1 "Assault"
0 72 83 238 231 719 0 0 1 "Assault"
0 72 83 238 231 720 0 0 1 "Assault"
0 72 83 237 231 721 0 0 1 "Assault"
0 72 83 237 231 722 0 0 1 "Assault"
0 72 83 237 231 723 0 0 1 "Assault"
0 72 83 236 231 724 0 0 1 "Assault"
0 72 83 236 231 725 0 0 1 "Assault"
0 72 83 236 231 726 0 0 1 "Assault"
0 72 83 235 231 727 0 0 1 "Assault"
0 72 83 235 231 728 0 0 1 "Assault"
0 72 84 235 231 729 0 0 0 "Assault"
0 71 84 234 231 730 0 0 1 "Assault"
0 70 84 233 231 731 0 0 1 "Assault"
0 69 84 232 231 732 0 0 1 "Assault"
0 68 84 231 231 733 0 0 1 "Assault"
0 67 84 230 231 734 0 0 1 "Assault"
0 66 85 229 232 735 0 0 1 "Assault"
0 65 85 228 232 736 0 0 1 "Assault"
0 64 85 227 232 737 0 0 1 "Assault"
0 63 85 226 232 738 0 0 1 "Assault"
0 62 85 225 232 739 0 0 1 "Assault"
0 62 86 225 233 740 0 0 1 "Assault"
0 61 86 224 233 741 0 0 1 "Assault"
0 60 86 223 233 742 0 0 1 "Assault"
0 59 86 222 233 743 0 0 1 "Assault"
0 58 86 221 233 744 0 0 1 "Assault"
0 57 87 220 234 745 0 0 1 "Assault"
0 56 87 219 234 746 0 0 1 "Assault"
0 55 87 218 234 747 0 0 1 "Assault"
0 54 87 217 234 748 0 0 1 "Assault"
0 53 87 216 234 749 0 0 1 "Assault"
0 53 88 216 235 750 0 0 0 "Assault"
0 51 87 214 234 751 0 0 1 "Assault"
0 49 87 212 234 752 0 0 1 "Assault"
0 47 87 210 234 753 0 0 1 "Assault"
0 46 87 209 234 754 0 0 1 "Assault"
0 44 87 207 234 755 0 0 1 "Assault"
0 42 87 205 234 756 0 0 1 "Assault"
0 40 87 203 234 757 0 0 1 "Assault"
0 39 87 202 234 758 0 0 1 "Assault"
0 37 87 200 234 759 0 0 1 "Assault"
0 35 87 198 234 760 0 0 1 "Assault"
0 33 87 196 234 761 0 0 1 "Assault"
0 32 87 195 234 762 0 0 1 "Assault"
0 30 87 193 234 763 0 0 1 "Assault"
0 28 87 191 234 764 0 0 1 "Assault"
0 26 87 189 234 765 0 0 1 "Assault"
0 25 87 188 234 766 0 0 1 "Assault"
0 23 87 186 234 767 0 0 1 "Assault"
0 21 87 184 234 768 0 0 1 "Assault"
0 19 87 182 234 769 0 0 1 "Assault"
0 18 87 181 234 770 0 0 0 "Assault"
0 16 87 179 234 771 0 0 1 "Assault"
0 15 88 178 235 772 0 0 1 "Assault"
0 14 89 177 235 773 0 0 1 "Assault"
0 13 90 176 236 774 0 0 1 "Assault"
0 11 90 174 236 775 0 0 1 "Assault"
0 10 91 173 237 776 0 0 1 "Assault"
0 9 92 172 237 777 0 0 1 "Assault"
0 8 93 171 238 778 0 0 1 "Assault"
0 7 94 170 239 779 0 0 0 "Assault"
0 7 94 170 239 780 0 0 1 "Assault"
0 7 94 170 239 781 0 0 1 "Assault"
0 8 94 171 239 782 0 0 1 "Assault"
0 8 94 171 239 783 0 0 1 "Assault"
0 8 94 171 239 784 0 0 1 "Assault"
0 9 94 172 239 785 0 0 1 "Assault"
0 9 94 172 239 786 0 0 1 "Assault"
0 10 94 173 239 787 0 0 1 "Assault"
0 10 94 173 239 788 0 0 1 "Assault"
0 10 94 173 239 789 0 0 1 "Assault"
0 11 94 174 239 790 0 0 1 "Assault"
0 11 94 174 239 791 0 0 1 "Assault"
0 11 94 174 239 792 0 0 1 "Assault"
0 12 94 175 239 793 0 0 1 "Assault"
0 12 94 175 239 794 0 0 1 "Assault"
0 13 94 176 239 795 0 0 1 "Assault"
0 13 94 176 239 796 0 0 1 "Assault"
0 13 94 176 239 797 0 0 1 "Assault"
0 14 94 177 239 798 0 0 1 "Assault"
0 14 94 177 239 799 0 0 1 "Assault"
0 15 94 178 239 800 0 0 1 "Assault"
0 15 94 178 239 801 0 0 1 "Assault"
0 15 94 178 239 802 0 0 1 "Assault"
0 16 94 179 239 803 0 0 1 "Assault"
0 16 94 179 239 804 0 0 1 "Assault"
0 16 94 179 239 805 0 0 1 "Assault"
0 17 94 180 239 806 0 0 1 "Assault"
0 17 94 180 239 807 0 0 1 "Assault"
0 18 94 181 239 808 0 0 1 "Assault"
0 18 94 181 239 809 0 0 1 "Assault"
0 18 94 181 239 810 0 0 1 "Assault"
0 19 94 182 239 811 0 0 1 "Assault"
0 19 94 182 239 812 0 0 1 "Assault"
0 20 94 183 239 813 0 0 1 "Assault"
0 20 94 183 239 814 0 0 1 "Assault"
0 20 94 183 239 815 0 0 1 "Assault"
0 21 94 184 239 816 0 0 1 "Assault"
0 21 94 184 239 817 0 0 1 "Assault"
0 21 94 184 239 818 0 0 1 "Assault"
0 22 94 185 239 819 0 0 1 "Assault"
0 22 94 185 239 820 0 0 1 "Assault"
0 23 94 186 239 821 0 0 1 "Assault"
0 23 94 186 239 822 0 0 1 "Assault"
0 23 94 186 239 823 0 0 1 "Assault"
0 24 94 187 239 824 0 0 1 "Assault"
0 24 94 187 239 825 0 0 1 "Assault"
0 25 94 188 239 826 0 0 1 "Assault"
0 25 94 188 239 827 0 0 1 "Assault"
0 25 94 188 239 828 0 0 1 "Assault"
0 26 94 189 239 829 0 0 1 "Assault"
0 26 94 189 239 830 0 0 1 "Assault"
0 26 94 189 239 831 0 0 1 "Assault"
0 27 94 190 239 832 0 0 1 "Assault"
0 27 94 190 239 833 0 0 1 "Assault"
0 28 94 191 239 834 0 0 1 "Assault"
0 28 94 191 239 835 0 0 1 "Assault"
0 28 94 191 239 836 0 0 1 "Assault"
0 29 94 192 239 837 0 0 1 "Assault"
0 29 94 192 239 838 0 0 1 "Assault"
0 29 94 192 239 839 0 0 1 "Assault"
0 30 94 193 239 840 0 0 1 "Assault"
0 30 94 193 239 841 0 0 1 "Assault"
0 31 94 194 239 842 0 0 1 "Assault"
0 31 94 194 239 843 0 0 1 "Assault"
0 31 94 194 239 844 0 0 1 "Assault"
0 32 94 195 239 845 0 0 1 "Assault"
0 32 94 195 239 846 0 0 1 "Assault"
0 33 94 196 239 847 0 0 1 "Assault"
0 33 94 196 239 848 0 0 1 "Assault"
0 33 94 196 239 849 0 0 1 "Assault"
0 34 94 197 239 850 0 0 1 "Assault"
0 34 94 197 239 851 0 0 1 "Assault"
0 34 94 197 239 852 0 0 1 "Assault"
0 35 94 198 239 853 0 0 1 "Assault"
0 35 94 198 239 854 0 0 1 "Assault"
0 36 94 199 239 855 0 0 1 "Assault"
0 36 94 199 239 856 0 0 1 "Assault"
0 36 94 199 239 857 0 0 1 "Assault"
0 37 94 200 239 858 0 0 1 "Assault"
0 37 94 200 239 859 0 0 1 "Assault"
0 38 94 201 239 860 0 0 1 "Assault"
0 38 94 201 239 861 0 0 1 "Assault"
0 38 94 201 239 862 0 0 1 "Assault"
0 39 94 202 239 863 0 0 1 "Assault"
0 39 94 202 239 864 0 0 1 "Assault"
0 39 94 202 239 865 0 0 1 "Assault"
0 40 94 203 239 866 0 0 1 "Assault"
0 40 94 203 239 867 0 0 1 "Assault"
0 41 94 204 239 868 0 0 1 "Assault"
0 41 94 204 239 869 0 0 1 "Assault"
0 41 94 204 239 870 0 0 1 "Assault"
0 42 94 205 239 871 0 0 1 "Assault"
0 42 94 205 239 872 0 0 1 "Assault"
0 43 94 206 239 873 0 0 1 "Assault"
0 43 94 206 239 874 0 0 1 "Assault"
0 43 94 206 239 875 0 0 1 "Assault"
0 44 94 207 239 876 0 0 1 "Assault"
0 44 94 207 239 877 0 0 1 "Assault"
0 44 94 207 239 878 0 0 1 "Assault"
0 45 94 208 239 879 0 0 1 "Assault"
0 45 94 208 239 880 0 0 1 "Assault"
0 46 94 209 239 881 0 0 1 "Assault"
0 46 94 209 239 882 0 0 1 "Assault"
0 46 94 209 239 883 0 0 1 "Assault"
0 47 94 210 239 884 0 0 1 "Assault"
0 47 94 210 239 885 0 0 1 "Assault"
0 48 94 211 239 886 0 0 0 "Assault"
0 47 94 210 239 887 0 0 1 "Assault"
0 47 94 210 239 888 0 0 1 "Assault"
0 47 94 210 239 889 0 0 1 "Assault"
0 47 94 210 239 890 0 0 1 "Assault"
0 46 94 209 239 891 0 0 1 "Assault"
0 46 94 209 239 892 0 0 1 "Assault"
0 46 94 209 239 893 0 0 1 "Assault"
0 46 94 209 239 894 0 0 1 "Assault"
0 45 94 208 239 895 0 0 1 "Assault"
0 45 94 208 239 896 0 0 1 "Assault"
0 45 94 208 239 897 0 0 1 "Assault"
0 45 94 208 239 898 0 0 1 "Assault"
0 44 94 207 239 899 0 0 1 "Assault"
0 44 94 207 239 900 0 0 1 "Assault"
0 44 94 207 239 901 0 0 1 "Assault"
0 44 94 207 239 902 0 0 1 "Assault"
0 43 94 206 239 903 0 0 1 "Assault"
0 43 94 206 239 904 0 0 1 "Assault"
0 43 94 206 239 905 0 0 1 "Assault"
0 43 94 206 239 906 0 0 1 "Assault"
0 42 94 205 239 907 0 0 1 "Assault"
0 42 94 205 239 908 0 0 1 "Assault"
0 42 94 205 239 909 0 0 1 "Assault"
0 42 94 205 239 910 0 0 1 "Assault"
0 41 94 204 239 911 0 0 1 "Assault"
0 41 94 204 239 912 0 0 1 "Assault"
0 41 94 204 239 913 0 0 1 "Assault"
0 41 94 204 239 914 0 0 1 "Assault"
0 41 94 204 239 915 0 0 1 "Assault"
0 40 94 203 239 916 0 0 1 "Assault"
0 40 94 203 239 917 0 0 1 "Assault"
0 40 94 203 239 918 0 0 1 "Assault"
0 40 94 203 239 919 0 0 1 "Assault"
0 39 94 202 239 920 0 0 1 "Assault"
0 39 94 202 239 921 0 0 1 "Assault"
0 39 94 202 239 922 0 0 1 "Assault"
0 39 94 202 239 923 0 0 1 "Assault"
0 38 94 201 239 924 0 0 1 "Assault"
0 38 94 201 239 925 0 0 1 "Assault"
0 38 94 201 239 926 0 0 1 "Assault"
0 38 94 201 239 927 0 0 1 "Assault"
0 37 94 200 239 928 0 0 1 "Assault"
0 37 94 200 239 929 0 0 1 "Assault"
0 37 94 200 239 930 0 0 1 "Assault"
0 37 94 200 239 931 0 0 1 "Assault"
0 36 94 199 239 932 0 0 1 "Assault"
0 36 94 199 239 933 0 0 1 "Assault"
0 36 94 199 239 934 0 0 1 "Assault"
0 36 94 199 239 935 0 0 1 "Assault"
0 35 94 198 239 936 0 0 1 "Assault"
0 35 94 198 239 937 0 0 1 "Assault"
0 35 94 198 239 938 0 0 1 "Assault"
0 35 94 198 239 939 0 0 1 "Assault"
0 35 94 198 239 940 0 0 0 "Assault"
0 35 94 198 239 941 0 0 1 "Assault"
0 35 94 198 239 942 0 0 1 "Assault"
0 35 94 198 239 943 0 0 1 "Assault"
0 36 94 199 239 944 0 0 1 "Assault"
0 36 94 199 239 945 0 0 1 "Assault"
0 36 94 199 239 946 0 0 1 "Assault"
0 36 94 199 239 947 0 0 1 "Assault"
0 37 94 200 239 948 0 0 1 "Assault"
0 37 94 200 239 949 0 0 1 "Assault"
0 37 94 200 239 950 0 0 1 "Assault"
0 37 94 200 239 951 0 0 1 "Assault"
0 38 94 201 239 952 0 0 1 "Assault"
0 38 94 201 239 953 0 0 1 "Assault"
0 38 94 201 239 954 0 0 1 "Assault"
0 38 94 201 239 955 0 0 1 "Assault"
0 39 94 202 239 956 0 0 1 "Assault"
0 39 94 202 239 957 0 0 1 "Assault"
0 39 94 202 239 958 0 0 1 "Assault"
0 40 94 203 239 959 0 0 1 "Assault"
0 40 94 203 239 960 0 0 1 "Assault"
0 40 94 203 239 961 0 0 1 "Assault"
0 40 94 203 239 962 0 0 1 "Assault"
0 41 94 204 239 963 0 0 1 "Assault"
0 41 94 204 239 964 0 0 1 "Assault"
0 41 94 204 239 965 0 0 1 "Assault"
0 41 94 204 239 966 0 0 1 "Assault"
0 42 94 205 239 967 0 0 1 "Assault"
0 42 94 205 239 968 0 0 1 "Assault"
0 42 94 205 239 969 0 0 1 "Assault"
0 42 94 205 239 970 0 0 1 "Assault"
0 43 94 206 239 971 0 0 1 "Assault"
0 43 94 206 239 972 0 0 1 "Assault"
0 43 94 206 239 973 0 0 1 "Assault"
0 43 94 206 239 974 0 0 1 "Assault"
0 44 94 207 239 975 0 0 1 "Assault"
0 44 94 207 239 976 0 0 1 "Assault"
0 44 94 207 239 977 0 0 1 "Assault"
0 45 94 208 239 978 0 0 1 "Assault"
0 45 94 208 239 979 0 0 1 "Assault"
0 45 94 208 239 980 0 0 1 "Assault"
0 45 94 208 239 981 0 0 1 "Assault"
0 46 94 209 239 982 0 0 1 "Assault"
0 46 94 209 239 983 0 0 1 "Assault"
0 46 94 209 239 984 0 0 1 "Assault"
0 46 94 209 239 985 0 0 1 "Assault"
0 47 94 210 239 986 0 0 1 "Assault"
0 47 94 210 239 987 0 0 1 "Assault"
0 47 94 210 239 988 0 0 1 "Assault"
0 47 94 210 239 989 0 0 1 "Assault"
0 48 94 211 239 990 0 0 1 "Assault"
0 48 94 211 239 991 0 0 1 "Assault"
0 48 94 211 239 992 0 0 1 "Assault"
0 48 94 211 239 993 0 0 1 "Assault"
0 49 94 212 239 994 0 0 1 "Assault"
0 49 94 212 239 995 0 0 1 "Assault"
0 49 94 212 239 996 0 0 1 "Assault"
0 50 94 213 239 997 0 0 1 "Assault"
0 50 94 213 239 998 0 0 1 "Assault"
0 50 94 213 239 999 0 0 1 "Assault"
0 50 94 213 239 1000 0 0 1 "Assault"
0 51 94 214 239 1001 0 0 1 "Assault"
0 51 94 214 239 1002 0 0 1 "Assault"
0 51 95 214 239 1003 0 0 1 "Assault"
0 51 95 214 239 1004 0 0 1 "Assault"
0 52 95 215 239 1005 0 0 1 "Assault"
0 52 95 215 239 1006 0 0 1 "Assault"
0 52 95 215 239 1007 0 0 1 "Assault"
0 52 95 215 239 1008 0 0 1 "Assault"
0 53 95 216 239 1009 0 0 1 "Assault"
0 53 95 216 239 1010 0 0 1 "Assault"
0 53 95 216 239 1011 0 0 1 "Assault"
0 54 95 217 239 1012 0 0 1 "Assault"
0 54 95 217 239 1013 0 0 1 "Assault"
0 54 95 217 239 1014 0 0 1 "Assault"
0 54 95 217 239 1015 0 0 1 "Assault"
0 55 95 218 239 1016 0 0 1 "Assault"
0 55 95 218 239 1017 0 0 1 "Assault"
0 55 95 218 239 1018 0 0 1 "Assault"
0 55 95 218 239 1019 0 0 1 "Assault"
0 56 95 219 239 1020 0 0 1 "Assault"
0 56 95 219 239 1021 0 0 1 "Assault"
0 56 95 219 239 1022 0 0 1 "Assault"
0 56 95 219 239 1023 0 0 1 "Assault"
0 57 95 220 239 1024 0 0 1 "Assault"
0 57 95 220 239 1025 0 0 1 "Assault"
0 57 95 220 239 1026 0 0 1 "Assault"
0 57 95 220 239 1027 0 0 1 "Assault"
0 58 95 221 239 1028 0 0 1 "Assault"
0 58 95 221 239 1029 0 0 1 "Assault"
0 58 95 221 239 1030 0 0 1 "Assault"
0 59 95 222 239 1031 0 0 1 "Assault"
0 59 95 222 239 1032 0 0 1 "Assault"
0 59 95 222 239 1033 0 0 1 "Assault"
0 59 95 222 239 1034 0 0 1 "Assault"
0 60 95 223 239 1035 0 0 1 "Assault"
0 60 95 223 239 1036 0 0 1 "Assault"
0 60 95 223 239 1037 0 0 1 "Assault"
0 60 95 223 239 1038 0 0 1 "Assault"
0 61 95 224 239 1039 0 0 1 "Assault"
0 61 95 224 239 1040 0 0 1 "Assault"
0 61 95 224 239 1041 0 0 1 "Assault"
0 61 95 224 239 1042 0 0 1 "Assault"
0 62 95 225 239 1043 0 0 1 "Assault"
0 62 95 225 239 1044 0 0 1 "Assault"
0 62 95 225 239 1045 0 0 1 "Assault"
0 62 95 225 239 1046 0 0 1 "Assault"
0 63 95 226 239 1047 0 0 1 "Assault"
0 63 95 226 239 1048 0 0 1 "Assault"
0 63 95 226 239 1049 0 0 1 "Assault"
0 64 95 227 239 1050 0 0 1 "Assault"
0 64 95 227 239 1051 0 0 1 "Assault"
0 64 95 227 239 1052 0 0 1 "Assault"
0 64 95 227 239 1053 0 0 1 "Assault"
0 65 95 228 239 1054 0 0 1 "Assault"
0 65 95 228 239 1055 0 0 1 "Assault"
0 65 95 228 239 1056 0 0 1 "Assault"
0 65 95 228 239 1057 0 0 1 "Assault"
0 66 95 229 239 1058 0 0 1 "Assault"
0 66 95 229 239 1059 0 0 1 "Assault"
0 66 95 229 239 1060 0 0 1 "Assault"
0 66 95 229 239 1061 0 0 1 "Assault"
0 67 95 230 239 1062 0 0 1 "Assault"
0 67 95 230 239 1063 0 0 1 "Assault"
0 67 95 230 239 1064 0 0 1 "Assault"
0 68 96 231 239 1065 0 0 0 "Assault"
0 66 96 229 239 1066 0 0 1 "Assault"
0 65 96 228 239 1067 0 0 1 "Assault"
0 64 96 227 239 1068 0 0 1 "Assault"
0 62 96 225 239 1069 0 0 1 "Assault"
0 61 96 224 239 1070 0 0 1 "Assault"
0 60 96 223 239 1071 0 0 1 "Assault"
0 58 96 221 239 1072 0 0 1 "Assault"
0 57 96 220 239 1073 0 0 1 "Assault"
0 56 96 219 239 1074 0 0 1 "Assault"
0 54 96 217 239 1075 0 0 1 "Assault"
0 53 96 216 239 1076 0 0 1 "Assault"
0 52 96 215 239 1077 0 0 1 "Assault"
0 50 96 213 239 1078 0 0 1 "Assault"
0 49 96 212 239 1079 0 0 1 "Assault"
0 48 96 211 239 1080 0 0 1 "Assault"
0 46 96 209 239 1081 0 0 1 "Assault"
0 45 96 208 239 1082 0 0 1 "Assault"
0 44 96 207 239 1083 0 0 1 "Assault"
0 43 96 206 239 1084 0 0 0 "Assault"
0 42 96 205 239 1085 0 0 1 "Assault"
0 42 96 205 239 1086 0 0 1 "Assault"
0 41 96 204 239 1087 0 0 1 "Assault"
0 41 96 204 239 1088 0 0 1 "Assault"
0 40 96 203 239 1089 0 0 1 "Assault"
0 40 96 203 239 1090 0 0 1 "Assault"
0 39 96 202 239 1091 0 0 1 "Assault"
0 39 96 202 239 1092 0 0 1 "Assault"
0 38 96 201 239 1093 0 0 1 "Assault"
0 38 96 201 239 1094 0 0 1 "Assault"
0 37 96 200 239 1095 0 0 1 "Assault"
0 37 96 200 239 1096 0 0 1 "Assault"
0 36 96 199 239 1097 0 0 1 "Assault"
0 36 96 199 239 1098 0 0 1 "Assault"
0 35 96 198 239 1099 0 0 1 "Assault"
0 35 96 198 239 1100 0 0 1 "Assault"
0 34 96 197 239 1101 0 0 1 "Assault"
0 34 96 197 239 1102 0 0 1 "Assault"
0 33 96 196 239 1103 0 0 1 "Assault"
0 33 96 196 239 1104 0 0 1 "Assault"
0 32 96 195 239 1105 0 0 1 "Assault"
0 32 96 195 239 1106 0 0 1 "Assault"
0 31 96 194 239 1107 0 0 1 "Assault"
0 31 96 194 239 1108 0 0 1 "Assault"
0 30 96 193 239 1109 0 0 1 "Assault"
0 30 96 193 239 1110 0 0 1 "Assault"
0 29 96 192 239 1111 0 0 1 "Assault"
0 29 96 192 239 1112 0 0 1 "Assault"
0 28 96 191 239 1113 0 0 1 "Assault"
0 28 96 191 239 1114 0 0 1 "Assault"
0 27 96 190 239 1115 0 0 1 "Assault"
0 27 96 190 239 1116 0 0 1 "Assault"
0 26 96 189 239 1117 0 0 1 "Assault"
0 26 96 189 239 1118 0 0 1 "Assault"
0 25 96 188 239 1119 0 0 1 "Assault"
0 25 96 188 239 1120 0 0 1 "Assault"
0 24 96 187 239 1121 0 0 1 "Assault"
0 24 96 187 239 1122 0 0 1 "Assault"
0 23 96 186 239 1123 0 0 1 "Assault"
0 23 96 186 239 1124 0 0 1 "Assault"
0 22 96 185 239 1125 0 0 1 "Assault"
0 22 96 185 239 1126 0 0 1 "Assault"
0 21 96 184 239 1127 0 0 1 "Assault"
0 21 96 184 239 1128 0 0 0 "Assault"
0 20 96 183 239 1129 0 0 1 "Assault"
0 20 96 183 239 1130 0 0 1 "Assault"
0 20 96 183 239 1131 0 0 1 "Assault"
0 19 96 182 239 1132 0 0 1 "Assault"
0 19 96 182 239 1133 0 0 1 "Assault"
0 19 96 182 239 1134 0 0 1 "Assault"
0 18 96 181 239 1135 0 0 1 "Assault"
0 18 96 181 239 1136 0 0 1 "Assault"
0 18 96 181 239 1137 0 0 1 "Assault"
0 18 96 181 239 1138 0 0 1 "Assault"
0 17 96 180 239 1139 0 0 1 "Assault"
0 17 96 180 239 1140 0 0 1 "Assault"
0 17 96 180 239 1141 0 0 1 "Assault"
0 16 96 179 239 1142 0 0 1 "Assault"
0 16 96 179 239 1143 0 0 1 "Assault"
0 16 96 179 239 1144 0 0 1 "Assault"
0 16 96 179 239 1145 0 0 1 "Assault"
0 15 96 178 239 1146 0 0 1 "Assault"
0 15 96 178 239 1147 0 0 1 "Assault"
0 15 96 178 239 1148 0 0 1 "Assault"
0 14 96 177 239 1149 0 0 1 "Assault"
0 14 96 177 239 1150 0 0 1 "Assault"
0 14 96 177 239 1151 0 0 1 "Assault"
0 14 96 177 239 1152 0 0 1 "Assault"
0 13 96 176 239 1153 0 0 1 "Assault"
0 13 96 176 239 1154 0 0 1 "Assault"
0 13 96 176 239 1155 0 0 1 "Assault"
0 12 96 175 239 1156 0 0 1 "Assault"
0 12 96 175 239 1157 0 0 1 "Assault"
0 12 96 175 239 1158 0 0 1 "Assault"
0 12 96 175 239 1159 0 0 1 "Assault"
0 11 96 174 239 1160 0 0 1 "Assault"
0 11 96 174 239 1161 0 0 1 "Assault"
0 11 96 174 239 1162 0 0 1 "Assault"
0 10 96 173 239 1163 0 0 1 "Assault"
0 10 96 173 239 1164 0 0 1 "Assault"
0 10 96 173 239 1165 0 0 1 "Assault"
0 10 96 173 239 1166 0 0 1 "Assault"
0 9 96 172 239 1167 0 0 1 "Assault"
0 9 96 172 239 1168 0 0 1 "Assault"
0 9 96 172 239 1169 0 0 1 "Assault"
0 8 96 171 239 1170 0 0 1 "Assault"
0 8 96 171 239 1171 0 0 1 "Assault"
0 8 96 171 239 1172 0 0 1 "Assault"
0 8 97 171 239 1173 0 0 0 "Assault"
0 8 100 173 238 1174 0 0 1 "Assault"
0 8 103 176 238 1175 0 0 1 "Assault"
0 8 106 179 238 1176 0 0 1 "Assault"
0 8 109 182 238 1177 0 0 1 "Assault"
0 8 112 184 238 1178 0 0 1 "Assault"
0 8 115 187 238 1179 0 0 1 "Assault"
0 8 118 190 238 1180 0 0 1 "Assault"
0 8 121 193 238 1181 0 0 1 "Assault"
0 8 124 196 238 1182 0 0 1 "Assault"
0 8 127 198 238 1183 0 0 1 "Assault"
0 8 130 201 238 1184 0 0 1 "Assault"
0 8 133 204 238 1185 0 0 1 "Assault"
0 8 136 207 238 1186 0 0 1 "Assault"
0 8 139 210 238 1187 0 0 1 "Assault"
0 8 142 212 238 1188 0 0 1 "Assault"
0 8 145 215 238 1189 0 0 1 "Assault"
0 8 148 218 238 1190 0 0 1 "Assault"
0 8 151 221 238 1191 0 0 1 "Assault"
0 8 155 224 238 1192 0 0 0 "Assault"
0 7 155 223 238 1193 0 0 1 "Assault"
0 6 155 222 238 1194 0 0 1 "Assault"
0 6 155 221 238 1195 0 0 1 "Assault"
0 5 155 220 238 1196 0 0 1 "Assault"
0 4 155 219 238 1197 0 0 1 "Assault"
0 4 156 218 238 1198 0 0 1 "Assault"
0 3 156 217 238 1199 0 0 1 "Assault"
0 2 156 216 238 1200 0 0 1 "Assault"
0 2 156 215 238 1201 0 0 1 "Assault"
0 1 156 214 238 1202 0 0 1 "Assault"
0 0 156 213 238 1203 0 0 1 "Assault"
0 0 157 213 239 1204 0 0 0 "Assault"
0 0 155 212 239 1205 0 0 1 "Assault"
0 0 153 212 239 1206 0 0 1 "Assault"
0 0 151 212 239 1207 0 0 1 "Assault"
0 0 149 212 239 1208 0 0 1 "Assault"
0 0 148 212 239 1209 0 0 1 "Assault"
0 0 146 212 239 1210 0 0 1 "Assault"
0 0 144 212 239 1211 0 0 1 "Assault"
0 0 142 212 239 1212 0 0 1 "Assault"
0 0 141 212 239 1213 0 0 1 "Assault"
0 0 139 212 239 1214 0 0 1 "Assault"
0 0 137 212 239 1215 0 0 1 "Assault"
0 0 135 212 239 1216 0 0 1 "Assault"
0 0 134 212 239 1217 0 0 1 "Assault"
0 0 132 212 239 1218 0 0 1 "Assault"
0 0 130 212 239 1219 0 0 1 "Assault"
0 0 128 212 239 1220 0 0 1 "Assault"
0 0 127 212 239 1221 0 0 1 "Assault"
0 0 125 212 239 1222 0 0 1 "Assault"
0 0 123 212 239 1223 0 0 1 "Assault"
0 0 121 212 239 1224 0 0 1 "Assault"
0 0 120 212 239 1225 0 0 1 "Assault"
0 0 118 212 239 1226 0 0 1 "Assault"
0 0 116 212 239 1227 0 0 1 "Assault"
0 0 114 212 239 1228 0 0 1 "Assault"
0 0 113 212 239 1229 0 0 1 "Assault"
0 0 111 212 239 1230 0 0 1 "Assault"
0 0 109 212 239 1231 0 0 1 "Assault"
0 0 107 212 239 1232 0 0 1 "Assault"
0 0 106 212 239 1233 0 0 0 "Assault"
0 4 103 211 238 1234 0 0 1 "Assault"
0 9 100 211 238 1235 0 0 1 "Assault"
0 14 98 211 238 1236 0 0 1 "Assault"
0 18 95 211 238 1237 0 0 1 "Assault"
0 23 92 211 238 1238 0 0 1 "Assault"
0 28 90 211 238 1239 0 0 1 "Assault"
0 32 87 210 238 1240 0 0 1 "Assault"
0 37 85 210 238 1241 0 0 1 "Assault"
0 42 82 210 238 1242 0 0 1 "Assault"
0 46 79 210 238 1243 0 0 1 "Assault"
0 51 77 210 238 1244 0 0 1 "Assault"
0 56 74 210 238 1245 0 0 1 "Assault"
0 61 72 210 238 1246 0 0 0 "Assault"
0 61 69 210 235 1247 0 0 1 "Assault"
0 61 67 210 233 1248 0 0 1 "Assault"
0 62 64 211 230 1249 0 0 1 "Assault"
0 62 62 211 228 1250 0 0 1 "Assault"
0 62 59 211 225 1251 0 0 1 "Assault"
0 63 57 212 223 1252 0 0 1 "Assault"
0 63 55 212 221 1253 0 0 1 "Assault"
0 63 52 212 218 1254 0 0 1 "Assault"
0 64 50 213 216 1255 0 0 1 "Assault"
0 64 47 213 213 1256 0 0 1 "Assault"
0 64 45 213 211 1257 0 0 1 "Assault"
0 65 43 214 209 1258 0 0 0 "Assault"
0 65 35 214 201 1259 0 0 1 "Assault"
0 65 28 214 194 1260 0 0 1 "Assault"
0 65 20 214 186 1261 0 0 1 "Assault"
0 65 13 214 179 1262 0 0 0 "Assault"
0 65 10 214 176 1263 0 0 1 "Assault"
0 66 8 215 174 1264 0 0 1 "Assault"
0 67 6 216 172 1265 0 0 1 "Assault"
0 68 4 217 169 1266 0 0 1 "Assault"
0 69 2 218 167 1267 0 0 1 "Assault"
0 70 0 219 165 1268 1 0 0 "Assault"
0 70 0 219 165 1269 1 0 1 "Assault"
0 70 0 219 165 1270 1 0 1 "Assault"
0 70 0 219 165 1271 1 0 1 "Assault"
0 70 0 219 165 1272 1 0 1 "Assault"
0 70 0 219 165 1273 1 0 0 "Assault"
0 63 18 214 179 1274 1 0 1 "Assault"
0 56 37 210 194 1275 1 0 1 "Assault"
0 49 56 206 209 1276 1 0 1 "Assault"
0 42 75 202 224 1277 1 0 1 "Assault"
0 35 94 198 239 1278 1 0 0 "Assault"
