0 0 68 30 161 0 1 0 0 "Assault"
0 0 67 30 160 1 1 0 1 "Assault"
0 0 67 30 160 2 1 0 1 "Assault"
0 0 67 30 160 3 1 0 1 "Assault"
0 0 67 30 160 4 1 0 1 "Assault"
0 0 67 30 160 5 1 0 1 "Assault"
0 0 67 30 160 6 1 0 1 "Assault"
0 0 67 30 160 7 1 0 1 "Assault"
0 0 67 30 160 8 1 0 1 "Assault"
0 0 67 30 160 9 1 0 1 "Assault"
0 0 67 30 160 10 1 0 1 "Assault"
0 0 67 30 160 11 1 0 1 "Assault"
0 0 67 30 160 12 1 0 1 "Assault"
0 0 67 30 160 13 1 0 1 "Assault"
0 0 67 30 160 14 1 0 1 "Assault"
0 0 67 30 160 15 1 0 1 "Assault"
0 0 67 30 160 16 1 0 1 "Assault"
0 0 67 30 160 17 1 0 1 "Assault"
0 0 67 30 160 18 1 0 1 "Assault"
0 0 67 30 160 19 1 0 1 "Assault"
0 0 67 30 160 20 1 0 1 "Assault"
0 0 67 30 160 21 1 0 1 "Assault"
0 0 67 30 160 22 1 0 1 "Assault"
0 0 67 30 160 23 1 0 1 "Assault"
0 0 67 30 160 24 1 0 1 "Assault"
0 0 67 30 160 25 1 0 1 "Assault"
0 0 67 30 160 26 1 0 1 "Assault"
0 0 67 30 160 27 1 0 1 "Assault"
0 0 67 30 160 28 1 0 1 "Assault"
0 0 67 30 160 29 1 0 1 "Assault"
0 0 67 30 160 30 1 0 1 "Assault"
0 0 67 30 160 31 1 0 1 "Assault"
0 0 67 30 160 32 1 0 1 "Assault"
0 0 67 30 160 33 1 0 1 "Assault"
0 0 67 30 160 34 1 0 1 "Assault"
0 0 67 30 160 35 1 0 1 "Assault"
0 0 67 30 160 36 1 0 1 "Assault"
0 0 67 30 160 37 1 0 1 "Assault"
0 0 67 30 160 38 1 0 1 "Assault"
0 0 67 30 160 39 1 0 1 "Assault"
0 0 67 30 160 40 1 0 1 "Assault"
0 0 67 30 160 41 1 0 1 "Assault"
0 0 67 30 160 42 1 0 1 "Assault"
0 0 67 30 160 43 1 0 1 "Assault"
0 0 67 30 160 44 1 0 1 "Assault"
0 0 67 30 160 45 1 0 1 "Assault"
0 0 67 30 160 46 1 0 1 "Assault"
0 0 67 30 160 47 1 0 1 "Assault"
0 0 67 30 160 48 1 0 1 "Assault"
0 0 67 30 160 49 1 0 1 "Assault"
0 0 67 30 160 50 1 0 1 "Assault"
0 0 67 30 160 51 1 0 1 "Assault"
0 0 67 30 160 52 1 0 1 "Assault"
0 0 67 30 160 53 1 0 1 "Assault"
0 0 67 30 160 54 1 0 1 "Assault"
0 0 67 30 160 55 1 0 1 "Assault"
0 0 67 30 160 56 1 0 1 "Assault"
0 0 67 30 160 57 1 0 1 "Assault"
0 0 67 30 160 58 1 0 1 "Assault"
0 0 67 30 160 59 1 0 1 "Assault"
0 0 67 30 160 60 1 0 1 "Assault"
0 0 67 30 160 61 1 0 1 "Assault"
0 0 67 30 160 62 1 0 1 "Assault"
0 0 67 30 160 63 1 0 1 "Assault"
0 0 67 30 160 64 1 0 1 "Assault"
0 0 67 30 160 65 1 0 1 "Assault"
0 0 67 30 160 66 1 0 1 "Assault"
0 0 67 30 160 67 1 0 1 "Assault"
0 0 67 30 160 68 1 0 1 "Assault"
0 0 67 30 160 69 1 0 1 "Assault"
0 0 67 30 160 70 1 0 1 "Assault"
0 0 67 30 160 71 1 0 1 "Assault"
0 0 67 30 160 72 1 0 1 "Assault"
0 0 67 30 160 73 1 0 1 "Assault"
0 0 67 30 160 74 1 0 1 "Assault"
0 0 67 30 160 75 1 0 1 "Assault"
0 0 67 30 160 76 1 0 1 "Assault"
0 0 67 30 160 77 1 0 1 "Assault"
0 0 67 30 160 78 1 0 1 "Assault"
0 0 67 30 160 79 1 0 1 "Assault"
0 0 67 30 160 80 1 0 1 "Assault"
0 0 67 30 160 81 1 0 1 "Assault"
0 0 67 30 160 82 1 0 1 "Assault"
0 0 67 30 160 83 1 0 1 "Assault"
0 0 67 30 160 84 1 0 1 "Assault"
0 0 67 30 160 85 1 0 1 "Assault"
0 0 67 30 160 86 1 0 1 "Assault"
0 0 67 30 160 87 1 0 1 "Assault"
0 0 67 30 160 88 1 0 1 "Assault"
0 0 67 30 160 89 1 0 1 "Assault"
0 0 67 30 160 90 1 0 1 "Assault"
0 0 67 30 160 91 1 0 1 "Assault"
0 0 67 30 160 92 1 0 1 "Assault"
0 0 67 30 160 93 1 0 1 "Assault"
0 0 67 30 160 94 1 0 1 "Assault"
0 0 67 30 160 95 1 0 1 "Assault"
0 0 67 30 160 96 1 0 1 "Assault"
0 0 67 30 160 97 1 0 1 "Assault"
0 0 67 30 160 98 1 0 1 "Assault"
0 0 67 30 160 99 1 0 1 "Assault"
0 0 67 30 160 100 1 0 1 "Assault"
0 0 67 30 160 101 1 0 1 "Assault"
0 0 67 30 160 102 1 0 1 "Assault"
0 0 67 30 160 103 1 0 1 "Assault"
0 0 67 30 159 104 1 0 1 "Assault"
0 0 67 30 159 105 1 0 1 "Assault"
0 0 67 30 159 106 1 0 1 "Assault"
0 0 67 30 159 107 1 0 1 "Assault"
0 0 67 30 159 108 1 0 1 "Assault"
0 0 67 30 159 109 1 0 1 "Assault"
0 0 67 30 159 110 1 0 1 "Assault"
0 0 67 30 159 111 1 0 1 "Assault"
0 0 67 30 159 112 1 0 1 "Assault"
0 0 67 30 159 113 1 0 1 "Assault"
0 0 67 30 159 114 1 0 1 "Assault"
0 0 67 30 159 115 1 0 1 "Assault"
0 0 67 30 159 116 1 0 1 "Assault"
0 0 67 30 159 117 1 0 1 "Assault"
0 0 67 30 159 118 1 0 1 "Assault"
0 0 67 30 159 119 1 0 1 "Assault"
0 0 67 30 159 120 1 0 1 "Assault"
0 0 67 30 159 121 1 0 1 "Assault"
0 0 67 30 159 122 1 0 1 "Assault"
0 0 67 30 159 123 1 0 1 "Assault"
0 0 67 30 159 124 1 0 1 "Assault"
0 0 67 30 159 125 1 0 1 "Assault"
0 0 67 30 159 126 1 0 1 "Assault"
0 0 67 30 159 127 1 0 1 "Assault"
0 0 67 30 159 128 1 0 1 "Assault"
0 0 67 30 159 129 1 0 1 "Assault"
0 0 67 30 159 130 1 0 1 "Assault"
0 0 67 30 159 131 1 0 1 "Assault"
0 0 67 30 159 132 1 0 1 "Assault"
0 0 67 30 159 133 1 0 1 "Assault"
0 0 67 30 159 134 1 0 1 "Assault"
0 0 67 30 159 135 1 0 1 "Assault"
0 0 67 30 159 136 1 0 1 "Assault"
0 0 67 30 159 137 1 0 1 "Assault"
0 0 67 30 159 138 1 0 1 "Assault"
0 0 67 30 159 139 1 0 1 "Assault"
0 0 67 30 159 140 1 0 1 "Assault"
0 0 67 30 159 141 1 0 1 "Assault"
0 0 67 30 159 142 1 0 1 "Assault"
0 0 67 30 159 143 1 0 1 "Assault"
0 0 67 30 159 144 1 0 1 "Assault"
0 0 67 30 159 145 1 0 1 "Assault"
0 0 67 30 159 146 1 0 1 "Assault"
0 0 67 30 159 147 1 0 1 "Assault"
0 0 67 30 159 148 1 0 1 "Assault"
0 0 67 30 159 149 1 0 1 "Assault"
0 0 67 30 159 150 1 0 1 "Assault"
0 0 67 30 159 151 1 0 1 "Assault"
0 0 67 30 159 152 1 0 1 "Assault"
0 0 67 30 159 153 1 0 1 "Assault"
0 0 67 30 159 154 1 0 1 "Assault"
0 0 67 30 159 155 1 0 1 "Assault"
0 0 67 30 159 156 1 0 1 "Assault"
0 0 67 30 159 157 1 0 1 "Assault"
0 0 67 30 159 158 1 0 1 "Assault"
0 0 67 30 159 159 1 0 1 "Assault"
0 0 67 30 159 160 1 0 1 "Assault"
0 0 67 30 159 161 1 0 1 "Assault"
0 0 67 30 159 162 1 0 1 "Assault"
0 0 67 30 159 163 1 0 1 "Assault"
0 0 67 30 159 164 1 0 1 "Assault"
0 0 67 30 159 165 1 0 1 "Assault"
0 0 67 30 159 166 1 0 1 "Assault"
0 0 67 30 159 167 1 0 1 "Assault"
0 0 67 30 159 168 1 0 1 "Assault"
0 0 67 30 159 169 1 0 1 "Assault"
0 0 67 30 159 170 1 0 1 "Assault"
0 0 67 30 159 171 1 0 1 "Assault"
0 0 67 30 159 172 1 0 1 "Assault"
0 0 67 30 159 173 1 0 1 "Assault"
0 0 67 30 159 174 1 0 1 "Assault"
0 0 67 30 159 175 1 0 1 "Assault"
0 0 67 30 159 176 1 0 1 "Assault"
0 0 67 30 159 177 1 0 1 "Assault"
0 0 67 30 159 178 1 0 1 "Assault"
0 0 67 30 159 179 1 0 1 "Assault"
0 0 67 30 159 180 1 0 1 "Assault"
0 0 67 30 159 181 1 0 1 "Assault"
0 0 67 30 159 182 1 0 1 "Assault"
0 0 67 30 159 183 1 0 1 "Assault"
0 0 67 30 159 184 1 0 1 "Assault"
0 0 67 30 159 185 1 0 1 "Assault"
0 0 67 30 159 186 1 0 1 "Assault"
0 0 67 30 159 187 1 0 1 "Assault"
0 0 67 30 159 188 1 0 1 "Assault"
0 0 67 30 159 189 1 0 1 "Assault"
0 0 67 30 159 190 1 0 1 "Assault"
0 0 67 30 159 191 1 0 1 "Assault"
0 0 67 30 159 192 1 0 1 "Assault"
0 0 67 30 159 193 1 0 1 "Assault"
0 0 67 30 159 194 1 0 1 "Assault"
0 0 67 30 159 195 1 0 1 "Assault"
0 0 67 30 159 196 1 0 1 "Assault"
0 0 67 30 159 197 1 0 1 "Assault"
0 0 67 30 159 198 1 0 1 "Assault"
0 0 67 30 159 199 1 0 1 "Assault"
0 0 67 30 159 200 1 0 1 "Assault"
0 0 67 30 159 201 1 0 1 "Assault"
0 0 67 30 159 202 1 0 1 "Assault"
0 0 67 30 159 203 1 0 1 "Assault"
0 0 67 30 159 204 1 0 1 "Assault"
0 0 67 30 159 205 1 0 1 "Assault"
0 0 67 30 159 206 0 0 0 "Assault"
0 0 67 31 158 207 0 0 1 "Assault"
0 0 67 32 158 208 0 0 1 "Assault"
0 0 67 34 158 209 0 0 1 "Assault"
0 0 67 35 158 210 0 0 1 "Assault"
0 0 67 37 158 211 0 0 0 "Assault"
0 0 67 37 158 212 0 0 1 "Assault"
0 0 67 37 158 213 0 0 1 "Assault"
0 0 67 38 159 214 0 0 1 "Assault"
0 0 67 38 159 215 0 0 1 "Assault"
0 0 67 38 160 216 0 0 1 "Assault"
0 0 67 39 160 217 0 0 1 "Assault"
0 0 67 39 161 218 0 0 1 "Assault"
0 0 67 40 161 219 0 0 1 "Assault"
0 0 67 40 162 220 0 0 1 "Assault"
0 0 67 40 162 221 0 0 1 "Assault"
0 0 67 41 163 222 0 0 1 "Assault"
0 0 67 41 163 223 0 0 1 "Assault"
0 0 67 42 164 224 0 0 0 "Assault"
0 0 67 42 163 225 0 0 1 "Assault"
0 0 67 43 163 226 0 0 1 "Assault"
0 0 67 44 163 227 0 0 1 "Assault"
0 0 67 45 163 228 0 0 1 "Assault"
0 0 67 46 163 229 0 0 1 "Assault"
0 0 67 47 163 230 0 0 0 "Assault"
0 0 67 47 162 231 0 0 1 "Assault"
0 0 67 47 162 232 0 0 1 "Assault"
0 0 67 47 162 233 0 0 1 "Assault"
0 0 67 47 162 234 0 0 1 "Assault"
0 0 67 47 162 235 0 0 1 "Assault"
0 0 67 47 162 236 0 0 1 "Assault"
0 0 67 47 162 237 0 0 1 "Assault"
0 0 67 47 162 238 0 0 1 "Assault"
0 0 67 47 162 239 0 0 1 "Assault"
0 0 67 47 162 240 0 0 1 "Assault"
0 0 67 47 162 241 0 0 1 "Assault"
0 0 67 48 162 242 0 0 1 "Assault"
0 0 67 48 162 243 0 0 1 "Assault"
0 0 67 48 162 244 0 0 1 "Assault"
0 0 67 48 162 245 0 0 1 "Assault"
0 0 67 48 162 246 0 0 1 "Assault"
0 0 67 48 162 247 0 0 1 "Assault"
0 0 67 48 162 248 0 0 1 "Assault"
0 0 67 48 162 249 0 0 1 "Assault"
0 0 67 48 162 250 0 0 1 "Assault"
0 0 67 48 162 251 0 0 1 "Assault"
0 0 67 48 162 252 0 0 1 "Assault"
0 0 67 48 162 253 0 0 1 "Assault"
0 0 67 49 162 254 0 0 1 "Assault"
0 0 67 49 162 255 0 0 1 "Assault"
0 0 67 49 162 256 0 0 1 "Assault"
0 0 67 49 162 257 0 0 1 "Assault"
0 0 67 49 162 258 0 0 1 "Assault"
0 0 67 49 162 259 0 0 1 "Assault"
0 0 67 49 162 260 0 0 1 "Assault"
0 0 67 49 162 261 0 0 1 "Assault"
0 0 67 49 162 262 0 0 1 "Assault"
0 0 67 49 162 263 0 0 1 "Assault"
0 0 67 49 162 264 0 0 1 "Assault"
0 0 67 49 162 265 0 0 1 "Assault"
0 0 67 50 162 266 0 0 1 "Assault"
0 0 67 50 162 267 0 0 1 "Assault"
0 0 67 50 162 268 0 0 1 "Assault"
0 0 67 50 162 269 0 0 1 "Assault"
0 0 67 50 162 270 0 0 1 "Assault"
0 0 67 50 162 271 0 0 1 "Assault"
0 0 67 50 162 272 0 0 1 "Assault"
0 0 67 50 162 273 0 0 1 "Assault"
0 0 67 50 162 274 0 0 1 "Assault"
0 0 67 50 162 275 0 0 1 "Assault"
0 0 67 50 162 276 0 0 1 "Assault"
0 0 67 50 162 277 0 0 1 "Assault"
0 0 67 51 162 278 0 0 1 "Assault"
0 0 67 51 162 279 0 0 1 "Assault"
0 0 67 51 162 280 0 0 1 "Assault"
0 0 67 51 162 281 0 0 1 "Assault"
0 0 67 51 162 282 0 0 1 "Assault"
0 0 67 51 162 283 0 0 1 "Assault"
0 0 67 51 162 284 0 0 1 "Assault"
0 0 67 51 162 285 0 0 1 "Assault"
0 0 67 51 162 286 0 0 1 "Assault"
0 0 67 51 162 287 0 0 1 "Assault"
0 0 67 51 162 288 0 0 1 "Assault"
0 0 67 52 162 289 0 0 1 "Assault"
0 0 67 52 162 290 0 0 1 "Assault"
0 0 67 52 162 291 0 0 1 "Assault"
0 0 67 52 162 292 0 0 1 "Assault"
0 0 67 52 162 293 0 0 1 "Assault"
0 0 67 52 162 294 0 0 1 "Assault"
0 0 67 52 162 295 0 0 1 "Assault"
0 0 67 52 162 296 0 0 1 "Assault"
0 0 67 52 162 297 0 0 1 "Assault"
0 0 67 52 162 298 0 0 1 "Assault"
0 0 67 52 162 299 0 0 1 "Assault"
0 0 67 52 162 300 0 0 1 "Assault"
0 0 67 53 162 301 0 0 1 "Assault"
0 0 67 53 162 302 0 0 1 "Assault"
0 0 67 53 162 303 0 0 1 "Assault"
0 0 67 53 162 304 0 0 1 "Assault"
0 0 67 53 162 305 0 0 1 "Assault"
0 0 67 53 162 306 0 0 1 "Assault"
0 0 67 53 162 307 0 0 1 "Assault"
0 0 67 53 162 308 0 0 1 "Assault"
0 0 67 53 162 309 0 0 1 "Assault"
0 0 67 53 162 310 0 0 1 "Assault"
0 0 67 53 162 311 0 0 1 "Assault"
0 0 67 53 162 312 0 0 1 "Assault"
0 0 67 54 162 313 0 0 1 "Assault"
0 0 67 54 162 314 0 0 1 "Assault"
0 0 67 54 162 315 0 0 1 "Assault"
0 0 67 54 162 316 0 0 1 "Assault"
0 0 67 54 162 317 0 0 1 "Assault"
0 0 67 54 162 318 0 0 1 "Assault"
0 0 67 54 162 319 0 0 1 "Assault"
0 0 67 54 162 320 0 0 1 "Assault"
0 0 67 54 162 321 0 0 1 "Assault"
0 0 67 54 162 322 0 0 1 "Assault"
0 0 67 54 162 323 0 0 1 "Assault"
0 0 67 54 162 324 0 0 1 "Assault"
0 0 67 55 162 325 0 0 1 "Assault"
0 0 67 55 162 326 0 0 1 "Assault"
0 0 67 55 162 327 0 0 1 "Assault"
0 0 67 55 162 328 0 0 1 "Assault"
0 0 67 55 162 329 0 0 1 "Assault"
0 0 67 55 162 330 0 0 1 "Assault"
0 0 67 55 162 331 0 0 1 "Assault"
0 0 67 55 162 332 0 0 1 "Assault"
0 0 67 55 162 333 0 0 1 "Assault"
0 0 67 55 162 334 0 0 1 "Assault"
0 0 67 55 162 335 0 0 1 "Assault"
0 0 67 55 162 336 0 0 1 "Assault"
0 0 67 56 162 337 0 0 1 "Assault"
0 0 67 56 162 338 0 0 1 "Assault"
0 0 67 56 162 339 0 0 1 "Assault"
0 0 67 56 162 340 0 0 1 "Assault"
0 0 67 56 162 341 0 0 1 "Assault"
0 0 67 56 162 342 0 0 1 "Assault"
0 0 67 56 162 343 0 0 1 "Assault"
0 0 67 56 162 344 0 0 1 "Assault"
0 0 67 56 162 345 0 0 1 "Assault"
0 0 67 56 162 346 0 0 1 "Assault"
0 0 67 56 162 347 0 0 1 "Assault"
0 0 67 57 162 348 0 0 0 "Assault"
0 0 67 58 161 349 0 0 1 "Assault"
0 0 67 59 161 350 0 0 1 "Assault"
0 0 67 61 161 351 0 0 0 "Assault"
0 0 66 60 160 352 0 0 1 "Assault"
0 0 65 60 159 353 0 0 1 "Assault"
0 0 64 60 158 354 0 0 1 "Assault"
0 0 63 59 158 355 0 0 1 "Assault"
0 0 62 59 157 356 0 0 1 "Assault"
0 0 61 59 156 357 0 0 1 "Assault"
0 0 61 59 156 358 0 0 0 "Assault"
0 0 61 58 156 359 0 0 1 "Assault"
0 0 62 58 156 360 0 0 1 "Assault"
0 0 62 58 156 361 0 0 1 "Assault"
0 0 63 58 156 362 0 0 1 "Assault"
0 0 64 58 156 363 0 0 1 "Assault"
0 0 64 58 156 364 0 0 1 "Assault"
0 0 65 58 156 365 0 0 1 "Assault"
0 0 66 58 156 366 0 0 1 "Assault"
0 0 66 58 156 367 0 0 1 "Assault"
0 0 67 58 156 368 0 0 1 "Assault"
0 0 68 58 156 369 0 0 1 "Assault"
0 0 68 58 156 370 0 0 1 "Assault"
0 0 69 58 156 371 0 0 1 "Assault"
0 0 70 58 156 372 0 0 1 "Assault"
0 0 70 58 156 373 0 0 1 "Assault"
0 0 71 58 156 374 0 0 1 "Assault"
0 0 72 58 156 375 0 0 1 "Assault"
0 0 72 58 156 376 0 0 1 "Assault"
0 0 73 58 156 377 0 0 1 "Assault"
0 0 74 58 156 378 0 0 0 "Assault"
0 0 74 57 156 379 0 0 1 "Assault"
0 0 74 57 157 380 0 0 1 "Assault"
0 0 74 57 157 381 0 0 1 "Assault"
0 0 74 57 158 382 0 0 1 "Assault"
0 0 74 57 158 383 0 0 1 "Assault"
0 0 74 57 159 384 0 0 1 "Assault"
0 0 74 57 159 385 0 0 1 "Assault"
0 0 74 57 160 386 0 0 1 "Assault"
0 0 74 57 160 387 0 0 1 "Assault"
0 0 74 57 161 388 0 0 1 "Assault"
0 0 74 57 161 389 0 0 1 "Assault"
0 0 74 57 162 390 0 0 1 "Assault"
0 0 74 57 162 391 0 0 1 "Assault"
0 0 74 57 163 392 0 0 0 "Assault"
0 0 74 55 162 393 0 0 1 "Assault"
0 0 74 53 162 394 0 0 1 "Assault"
0 0 74 51 162 395 0 0 1 "Assault"
0 0 74 49 162 396 0 0 1 "Assault"
0 0 74 47 162 397 0 0 1 "Assault"
0 0 74 45 162 398 0 0 1 "Assault"
0 0 74 44 162 399 0 0 0 "Assault"
0 0 74 44 161 400 0 0 1 "Assault"
0 0 74 44 161 401 0 0 1 "Assault"
0 0 74 44 161 402 0 0 1 "Assault"
0 0 74 45 161 403 0 0 1 "Assault"
0 0 74 45 161 404 0 0 1 "Assault"
0 0 74 45 161 405 0 0 1 "Assault"
0 0 74 45 161 406 0 0 1 "Assault"
0 0 74 46 161 407 0 0 1 "Assault"
0 0 74 46 161 408 0 0 1 "Assault"
0 0 74 46 161 409 0 0 1 "Assault"
0 0 74 47 161 410 0 0 1 "Assault"
0 0 74 47 161 411 0 0 1 "Assault"
0 0 74 47 161 412 0 0 1 "Assault"
0 0 74 47 161 413 0 0 1 "Assault"
0 0 74 48 161 414 0 0 1 "Assault"
0 0 74 48 161 415 0 0 1 "Assault"
0 0 74 48 161 416 0 0 1 "Assault"
0 0 74 49 161 417 0 0 1 "Assault"
0 0 74 49 161 418 0 0 1 "Assault"
0 0 74 49 161 419 0 0 1 "Assault"
0 0 74 49 161 420 0 0 1 "Assault"
0 0 74 50 161 421 0 0 1 "Assault"
0 0 74 50 161 422 0 0 1 "Assault"
0 0 74 50 161 423 0 0 1 "Assault"
0 0 74 50 161 424 0 0 1 "Assault"
0 0 74 51 161 425 0 0 1 "Assault"
0 0 74 51 161 426 0 0 1 "Assault"
0 0 74 51 161 427 0 0 1 "Assault"
0 0 74 52 161 428 0 0 1 "Assault"
0 0 74 52 161 429 0 0 1 "Assault"
0 0 74 52 161 430 0 0 1 "Assault"
0 0 74 52 161 431 0 0 1 "Assault"
0 0 74 53 161 432 0 0 1 "Assault"
0 0 74 53 161 433 0 0 1 "Assault"
0 0 74 53 161 434 0 0 1 "Assault"
0 0 74 54 161 435 0 0 1 "Assault"
0 0 74 54 161 436 0 0 1 "Assault"
0 0 74 54 161 437 0 0 1 "Assault"
0 0 74 54 161 438 0 0 1 "Assault"
0 0 74 55 161 439 0 0 1 "Assault"
0 0 74 55 161 440 0 0 1 "Assault"
0 0 74 55 161 441 0 0 1 "Assault"
0 0 74 56 161 442 0 0 0 "Assault"
0 0 74 57 160 443 0 0 1 "Assault"
0 0 74 59 160 444 0 0 1 "Assault"
0 0 74 60 160 445 0 0 1 "Assault"
0 0 74 62 160 446 0 0 1 "Assault"
0 0 74 63 160 447 0 0 1 "Assault"
0 0 74 65 160 448 0 0 1 "Assault"
0 0 74 67 160 449 0 0 1 "Assault"
0 0 74 68 160 450 0 0 1 "Assault"
0 0 74 70 160 451 0 0 1 "Assault"
0 0 74 71 160 452 0 0 1 "Assault"
0 0 74 73 160 453 0 0 1 "Assault"
0 0 74 75 160 454 0 0 0 "Assault"
0 0 73 76 161 455 0 0 1 "Assault"
0 0 73 77 163 456 0 0 1 "Assault"
0 0 73 79 164 457 0 0 1 "Assault"
0 0 73 80 166 458 0 0 1 "Assault"
0 0 73 81 168 459 0 0 1 "Assault"
0 0 72 83 169 460 0 0 1 "Assault"
0 0 72 84 171 461 0 0 1 "Assault"
0 0 72 85 173 462 0 0 1 "Assault"
0 0 72 87 174 463 0 0 1 "Assault"
0 0 72 88 176 464 0 0 1 "Assault"
0 0 72 90 178 465 0 0 0 "Assault"
0 0 72 93 177 466 0 0 1 "Assault"
0 0 72 97 177 467 0 0 1 "Assault"
0 0 72 101 177 468 0 0 1 "Assault"
0 0 72 104 177 469 0 0 1 "Assault"
0 0 72 108 177 470 0 0 1 "Assault"
0 0 72 112 177 471 0 0 1 "Assault"
0 0 72 116 177 472 0 0 0 "Assault"
0 0 72 115 176 473 0 0 1 "Assault"
0 0 72 114 176 474 0 0 1 "Assault"
0 0 72 114 176 475 0 0 1 "Assault"
0 0 72 113 176 476 0 0 1 "Assault"
0 0 72 112 176 477 0 0 1 "Assault"
0 0 72 112 176 478 0 0 1 "Assault"
0 0 72 111 176 479 0 0 1 "Assault"
0 0 72 110 176 480 0 0 1 "Assault"
0 0 72 110 176 481 0 0 1 "Assault"
0 0 72 109 176 482 0 0 1 "Assault"
0 0 72 108 176 483 0 0 1 "Assault"
0 0 72 108 176 484 0 0 1 "Assault"
0 0 72 107 176 485 0 0 1 "Assault"
0 0 72 107 176 486 0 0 1 "Assault"
0 0 72 106 176 487 0 0 1 "Assault"
0 0 72 105 176 488 0 0 1 "Assault"
0 0 72 105 176 489 0 0 1 "Assault"
0 0 72 104 176 490 0 0 1 "Assault"
0 0 72 103 176 491 0 0 1 "Assault"
0 0 72 103 176 492 0 0 1 "Assault"
0 0 72 102 176 493 0 0 1 "Assault"
0 0 72 101 176 494 0 0 1 "Assault"
0 0 72 101 176 495 0 0 1 "Assault"
0 0 72 100 176 496 0 0 1 "Assault"
0 0 72 100 176 497 0 0 0 "Assault"
0 0 72 99 175 498 0 0 1 "Assault"
0 0 72 99 175 499 0 0 1 "Assault"
0 0 72 99 175 500 0 0 1 "Assault"
0 0 72 99 175 501 0 0 1 "Assault"
0 0 72 99 175 502 0 0 1 "Assault"
0 0 72 99 175 503 0 0 1 "Assault"
0 0 72 99 175 504 0 0 1 "Assault"
0 0 72 99 175 505 0 0 1 "Assault"
0 0 72 99 175 506 0 0 1 "Assault"
0 0 72 98 175 507 0 0 1 "Assault"
0 0 72 98 175 508 0 0 1 "Assault"
0 0 72 98 175 509 0 0 1 "Assault"
0 0 72 98 175 510 0 0 1 "Assault"
0 0 72 98 175 511 0 0 1 "Assault"
0 0 72 98 175 512 0 0 1 "Assault"
0 0 72 98 175 513 0 0 1 "Assault"
0 0 72 98 175 514 0 0 1 "Assault"
0 0 72 98 175 515 0 0 1 "Assault"
0 0 72 97 175 516 0 0 1 "Assault"
0 0 72 97 175 517 0 0 1 "Assault"
0 0 72 97 175 518 0 0 1 "Assault"
0 0 72 97 175 519 0 0 1 "Assault"
0 0 72 97 175 520 0 0 1 "Assault"
0 0 72 97 175 521 0 0 1 "Assault"
0 0 72 97 175 522 0 0 1 "Assault"
0 0 72 97 175 523 0 0 1 "Assault"
0 0 72 97 175 524 0 0 1 "Assault"
0 0 72 96 175 525 0 0 1 "Assault"
0 0 72 96 175 526 0 0 1 "Assault"
0 0 72 96 175 527 0 0 1 "Assault"
0 0 72 96 175 528 0 0 1 "Assault"
0 0 72 96 175 529 0 0 1 "Assault"
0 0 72 96 175 530 0 0 1 "Assault"
0 0 72 96 175 531 0 0 1 "Assault"
0 0 72 96 175 532 0 0 1 "Assault"
0 0 72 96 175 533 0 0 0 "Assault"
0 0 72 95 174 534 0 0 1 "Assault"
0 0 72 94 174 535 0 0 1 "Assault"
0 0 72 93 174 536 0 0 1 "Assault"
0 0 72 93 174 537 0 0 1 "Assault"
0 0 72 92 174 538 0 0 1 "Assault"
0 0 72 91 174 539 0 0 1 "Assault"
0 0 72 90 174 540 0 0 1 "Assault"
0 0 72 90 174 541 0 0 1 "Assault"
0 0 72 89 174 542 0 0 1 "Assault"
0 0 72 88 174 543 0 0 1 "Assault"
0 0 72 87 174 544 0 0 1 "Assault"
0 0 72 87 174 545 0 0 1 "Assault"
0 0 72 86 174 546 0 0 1 "Assault"
0 0 72 85 174 547 0 0 1 "Assault"
0 0 72 84 174 548 0 0 1 "Assault"
0 0 72 84 174 549 0 0 1 "Assault"
0 0 72 83 174 550 0 0 1 "Assault"
0 0 72 82 174 551 0 0 1 "Assault"
0 0 72 82 174 552 0 0 0 "Assault"
0 0 72 80 174 553 0 0 1 "Assault"
0 0 72 79 175 554 0 0 1 "Assault"
0 0 72 78 176 555 0 0 1 "Assault"
0 0 72 77 177 556 0 0 1 "Assault"
0 0 72 76 178 557 0 0 1 "Assault"
0 0 72 75 179 558 0 0 1 "Assault"
0 0 72 74 180 559 0 0 1 "Assault"
0 0 72 73 181 560 0 0 1 "Assault"
0 0 72 72 181 561 0 0 1 "Assault"
0 0 72 71 182 562 0 0 1 "Assault"
0 0 72 70 183 563 0 0 1 "Assault"
0 0 72 69 184 564 0 0 1 "Assault"
0 0 72 68 185 565 0 0 1 "Assault"
0 0 72 67 186 566 0 0 1 "Assault"
0 0 72 66 187 567 0 0 1 "Assault"
0 0 72 65 188 568 0 0 1 "Assault"
0 0 72 64 189 569 0 0 0 "Assault"
0 0 71 63 189 570 0 0 1 "Assault"
0 0 71 63 189 571 0 0 1 "Assault"
0 0 71 63 189 572 0 0 1 "Assault"
0 0 71 63 189 573 0 0 1 "Assault"
0 0 71 63 189 574 0 0 1 "Assault"
0 0 71 63 189 575 0 0 1 "Assault"
0 0 71 63 189 576 0 0 1 "Assault"
0 0 71 63 189 577 0 0 1 "Assault"
0 0 71 63 189 578 0 0 1 "Assault"
0 0 71 63 189 579 0 0 1 "Assault"
0 0 71 63 189 580 0 0 1 "Assault"
0 0 71 63 189 581 0 0 1 "Assault"
0 0 71 63 189 582 0 0 1 "Assault"
0 0 71 63 189 583 0 0 1 "Assault"
0 0 70 63 189 584 0 0 1 "Assault"
0 0 70 63 189 585 0 0 1 "Assault"
0 0 70 63 189 586 0 0 1 "Assault"
0 0 70 63 189 587 0 0 1 "Assault"
0 0 70 63 189 588 0 0 1 "Assault"
0 0 70 63 189 589 0 0 1 "Assault"
0 0 70 63 189 590 0 0 1 "Assault"
0 0 70 63 189 591 0 0 1 "Assault"
0 0 70 63 189 592 0 0 1 "Assault"
0 0 70 63 189 593 0 0 1 "Assault"
0 0 70 63 189 594 0 0 1 "Assault"
0 0 70 63 189 595 0 0 1 "Assault"
0 0 70 63 189 596 0 0 1 "Assault"
0 0 70 63 189 597 0 0 1 "Assault"
0 0 69 63 189 598 0 0 1 "Assault"
0 0 69 63 189 599 0 0 1 "Assault"
0 0 69 63 189 600 0 0 1 "Assault"
0 0 69 63 189 601 0 0 1 "Assault"
0 0 69 63 189 602 0 0 1 "Assault"
0 0 69 63 189 603 0 0 1 "Assault"
0 0 69 63 189 604 0 0 1 "Assault"
0 0 69 63 189 605 0 0 1 "Assault"
0 0 69 63 189 606 0 0 1 "Assault"
0 0 69 63 189 607 0 0 1 "Assault"
0 0 69 63 189 608 0 0 1 "Assault"
0 0 69 63 189 609 0 0 1 "Assault"
0 0 69 63 189 610 0 0 1 "Assault"
0 0 69 63 189 611 0 0 1 "Assault"
0 0 69 63 189 612 0 0 1 "Assault"
0 0 68 63 189 613 0 0 1 "Assault"
0 0 68 63 189 614 0 0 1 "Assault"
0 0 68 63 189 615 0 0 1 "Assault"
0 0 68 63 189 616 0 0 1 "Assault"
0 0 68 63 189 617 0 0 1 "Assault"
0 0 68 63 189 618 0 0 1 "Assault"
0 0 68 63 189 619 0 0 1 "Assault"
0 0 68 63 189 620 0 0 1 "Assault"
0 0 68 63 189 621 0 0 1 "Assault"
0 0 68 63 189 622 0 0 1 "Assault"
0 0 68 63 189 623 0 0 1 "Assault"
0 0 68 63 189 624 0 0 1 "Assault"
0 0 68 63 189 625 0 0 1 "Assault"
0 0 68 63 189 626 0 0 1 "Assault"
0 0 67 63 189 627 0 0 1 "Assault"
0 0 67 63 189 628 0 0 1 "Assault"
0 0 67 63 189 629 0 0 1 "Assault"
0 0 67 63 189 630 0 0 1 "Assault"
0 0 67 63 189 631 0 0 1 "Assault"
0 0 67 63 189 632 0 0 1 "Assault"
0 0 67 63 189 633 0 0 1 "Assault"
0 0 67 63 189 634 0 0 1 "Assault"
0 0 67 63 189 635 0 0 1 "Assault"
0 0 67 63 189 636 0 0 1 "Assault"
0 0 67 63 189 637 0 0 1 "Assault"
0 0 67 63 189 638 0 0 1 "Assault"
0 0 67 63 189 639 0 0 1 "Assault"
0 0 67 63 189 640 0 0 1 "Assault"
0 0 66 63 189 641 0 0 1 "Assault"
0 0 66 63 189 642 0 0 1 "Assault"
0 0 66 63 189 643 0 0 1 "Assault"
0 0 66 63 189 644 0 0 1 "Assault"
0 0 66 63 189 645 0 0 1 "Assault"
0 0 66 63 189 646 0 0 1 "Assault"
0 0 66 63 189 647 0 0 1 "Assault"
0 0 66 63 189 648 0 0 1 "Assault"
0 0 66 63 189 649 0 0 1 "Assault"
0 0 66 63 189 650 0 0 1 "Assault"
0 0 66 63 189 651 0 0 1 "Assault"
0 0 66 63 189 652 0 0 1 "Assault"
0 0 66 63 189 653 0 0 1 "Assault"
0 0 66 63 189 654 0 0 1 "Assault"
0 0 66 63 189 655 0 0 1 "Assault"
0 0 65 63 189 656 0 0 1 "Assault"
0 0 65 63 189 657 0 0 1 "Assault"
0 0 65 63 189 658 0 0 1 "Assault"
0 0 65 63 189 659 0 0 1 "Assault"
0 0 65 63 189 660 0 0 1 "Assault"
0 0 65 63 189 661 0 0 1 "Assault"
0 0 65 63 189 662 0 0 1 "Assault"
0 0 65 63 189 663 0 0 1 "Assault"
0 0 65 63 189 664 0 0 1 "Assault"
0 0 65 63 189 665 0 0 1 "Assault"
0 0 65 63 189 666 0 0 1 "Assault"
0 0 65 63 189 667 0 0 1 "Assault"
0 0 65 63 189 668 0 0 1 "Assault"
0 0 65 63 189 669 0 0 1 "Assault"
0 0 64 63 189 670 0 0 1 "Assault"
0 0 64 63 189 671 0 0 1 "Assault"
0 0 64 63 189 672 0 0 1 "Assault"
0 0 64 63 189 673 0 0 1 "Assault"
0 0 64 63 189 674 0 0 1 "Assault"
0 0 64 63 189 675 0 0 1 "Assault"
0 0 64 63 189 676 0 0 1 "Assault"
0 0 64 63 189 677 0 0 1 "Assault"
0 0 64 63 189 678 0 0 1 "Assault"
0 0 64 63 189 679 0 0 1 "Assault"
0 0 64 63 189 680 0 0 1 "Assault"
0 0 64 63 189 681 0 0 1 "Assault"
0 0 64 63 189 682 0 0 1 "Assault"
0 0 64 63 189 683 0 0 1 "Assault"
0 0 63 63 189 684 0 0 1 "Assault"
0 0 63 63 189 685 0 0 1 "Assault"
0 0 63 63 189 686 0 0 1 "Assault"
0 0 63 63 189 687 0 0 1 "Assault"
0 0 63 63 189 688 0 0 1 "Assault"
0 0 63 63 189 689 0 0 1 "Assault"
0 0 63 63 189 690 0 0 1 "Assault"
0 0 63 63 189 691 0 0 1 "Assault"
0 0 63 63 189 692 0 0 1 "Assault"
0 0 63 63 189 693 0 0 1 "Assault"
0 0 63 63 189 694 0 0 1 "Assault"
0 0 63 63 189 695 0 0 1 "Assault"
0 0 63 63 189 696 0 0 1 "Assault"
0 0 63 63 189 697 0 0 1 "Assault"
0 0 63 63 189 698 0 0 0 "Assault"
0 0 63 62 188 699 0 0 1 "Assault"
0 0 63 62 188 700 0 0 1 "Assault"
0 0 63 62 187 701 0 0 1 "Assault"
0 0 63 62 187 702 0 0 1 "Assault"
0 0 63 62 187 703 0 0 1 "Assault"
0 0 63 62 186 704 0 0 1 "Assault"
0 0 63 62 186 705 0 0 1 "Assault"
0 0 63 62 185 706 0 0 1 "Assault"
0 0 63 62 185 707 0 0 1 "Assault"
0 0 63 62 185 708 0 0 1 "Assault"
0 0 63 62 184 709 0 0 1 "Assault"
0 0 63 62 184 710 0 0 1 "Assault"
0 0 63 62 183 711 0 0 1 "Assault"
0 0 63 62 183 712 0 0 1 "Assault"
0 0 63 62 183 713 0 0 1 "Assault"
0 0 63 62 182 714 0 0 1 "Assault"
0 0 63 62 182 715 0 0 1 "Assault"
0 0 63 62 181 716 0 0 1 "Assault"
0 0 63 62 181 717 0 0 1 "Assault"
0 0 63 62 181 718 0 0 1 "Assault"
0 0 63 62 180 719 0 0 1 "Assault"
0 0 63 62 180 720 0 0 1 "Assault"
0 0 63 62 179 721 0 0 1 "Assault"
0 0 63 62 179 722 0 0 1 "Assault"
0 0 63 62 179 723 0 0 1 "Assault"
0 0 63 62 178 724 0 0 1 "Assault"
0 0 63 62 178 725 0 0 1 "Assault"
0 0 63 62 178 726 0 0 1 "Assault"
0 0 63 62 177 727 0 0 1 "Assault"
0 0 63 62 177 728 0 0 1 "Assault"
0 0 63 62 176 729 0 0 1 "Assault"
0 0 63 62 176 730 0 0 1 "Assault"
0 0 63 62 176 731 0 0 1 "Assault"
0 0 63 62 175 732 0 0 1 "Assault"
0 0 63 62 175 733 0 0 1 "Assault"
0 0 63 62 174 734 0 0 1 "Assault"
0 0 63 62 174 735 0 0 1 "Assault"
0 0 63 62 174 736 0 0 1 "Assault"
0 0 63 62 173 737 0 0 1 "Assault"
0 0 63 62 173 738 0 0 1 "Assault"
0 0 63 62 172 739 0 0 1 "Assault"
0 0 63 62 172 740 0 0 1 "Assault"
0 0 63 62 172 741 0 0 1 "Assault"
0 0 63 62 171 742 0 0 1 "Assault"
0 0 63 62 171 743 0 0 1 "Assault"
0 0 63 62 170 744 0 0 1 "Assault"
0 0 63 62 170 745 0 0 1 "Assault"
0 0 63 62 170 746 0 0 1 "Assault"
0 0 63 62 169 747 0 0 1 "Assault"
0 0 63 62 169 748 0 0 1 "Assault"
0 0 63 62 168 749 0 0 1 "Assault"
0 0 63 62 168 750 0 0 1 "Assault"
0 0 63 62 168 751 0 0 1 "Assault"
0 0 63 62 167 752 0 0 1 "Assault"
0 0 63 62 167 753 0 0 1 "Assault"
0 0 63 62 167 754 0 0 0 "Assault"
0 0 63 62 166 755 0 0 1 "Assault"
0 0 63 62 166 756 0 0 1 "Assault"
0 0 63 62 166 757 0 0 1 "Assault"
0 0 63 62 166 758 0 0 1 "Assault"
0 0 63 63 166 759 0 0 1 "Assault"
0 0 63 63 166 760 0 0 1 "Assault"
0 0 63 63 166 761 0 0 1 "Assault"
0 0 63 63 166 762 0 0 1 "Assault"
0 0 63 64 166 763 0 0 1 "Assault"
0 0 63 64 166 764 0 0 1 "Assault"
0 0 63 64 166 765 0 0 1 "Assault"
0 0 63 64 166 766 0 0 1 "Assault"
0 0 63 65 166 767 0 0 1 "Assault"
0 0 63 65 166 768 0 0 1 "Assault"
0 0 63 65 166 769 0 0 1 "Assault"
0 0 63 65 166 770 0 0 1 "Assault"
0 0 63 65 166 771 0 0 1 "Assault"
0 0 63 66 166 772 0 0 1 "Assault"
0 0 63 66 166 773 0 0 1 "Assault"
0 0 63 66 166 774 0 0 1 "Assault"
0 0 63 66 166 775 0 0 1 "Assault"
0 0 63 67 166 776 0 0 1 "Assault"
0 0 63 67 166 777 0 0 1 "Assault"
0 0 63 67 166 778 0 0 1 "Assault"
0 0 63 67 166 779 0 0 1 "Assault"
0 0 63 68 166 780 0 0 1 "Assault"
0 0 63 68 166 781 0 0 1 "Assault"
0 0 63 68 166 782 0 0 1 "Assault"
0 0 63 68 166 783 0 0 1 "Assault"
0 0 63 69 166 784 0 0 0 "Assault"
0 0 62 68 166 785 0 0 1 "Assault"
0 0 61 68 166 786 0 0 1 "Assault"
0 0 60 68 166 787 0 0 1 "Assault"
0 0 60 67 166 788 0 0 1 "Assault"
0 0 59 67 166 789 0 0 1 "Assault"
0 0 58 67 166 790 0 0 1 "Assault"
0 0 58 67 166 791 0 0 0 "Assault"
0 0 56 66 166 792 0 0 1 "Assault"
0 0 54 66 166 793 0 0 1 "Assault"
0 0 53 66 166 794 0 0 1 "Assault"
0 0 51 65 166 795 0 0 1 "Assault"
0 0 49 65 166 796 0 0 1 "Assault"
0 0 48 65 166 797 0 0 0 "Assault"
0 0 48 64 160 798 0 0 1 "Assault"
0 0 48 64 155 799 0 0 1 "Assault"
0 0 48 64 149 800 0 0 1 "Assault"
0 0 48 64 144 801 0 0 0 "Assault"
0 0 47 64 143 802 0 0 1 "Assault"
0 0 46 64 142 803 0 0 1 "Assault"
0 0 45 64 141 804 0 0 1 "Assault"
0 0 44 64 140 805 0 0 1 "Assault"
0 1 44 65 140 806 0 0 1 "Assault"
0 1 43 65 139 807 0 0 1 "Assault"
0 1 42 65 138 808 0 0 1 "Assault"
0 1 41 65 137 809 0 0 1 "Assault"
0 2 41 66 137 810 0 0 1 "Assault"
0 2 40 66 136 811 0 0 1 "Assault"
0 2 39 66 135 812 0 0 1 "Assault"
0 2 38 66 134 813 0 0 1 "Assault"
0 3 38 67 134 814 0 0 1 "Assault"
0 3 37 67 133 815 0 0 1 "Assault"
0 3 36 67 132 816 0 0 1 "Assault"
0 3 35 67 131 817 0 0 1 "Assault"
0 4 35 68 131 818 0 0 1 "Assault"
0 4 34 68 130 819 0 0 1 "Assault"
0 4 33 68 129 820 0 0 1 "Assault"
0 4 32 68 128 821 0 0 1 "Assault"
0 5 32 69 128 822 0 0 0 "Assault"
0 5 31 70 127 823 0 0 1 "Assault"
0 5 31 71 127 824 0 0 1 "Assault"
0 5 31 72 126 825 0 0 1 "Assault"
0 5 30 74 126 826 0 0 1 "Assault"
0 5 30 75 125 827 0 0 1 "Assault"
0 5 30 76 125 828 0 0 1 "Assault"
0 5 29 77 125 829 0 0 1 "Assault"
0 5 29 79 124 830 0 0 1 "Assault"
0 5 29 80 124 831 0 0 1 "Assault"
0 5 28 81 123 832 0 0 1 "Assault"
0 5 28 82 123 833 0 0 1 "Assault"
0 6 28 84 123 834 1 0 0 "Assault"
0 6 28 84 123 835 1 0 1 "Assault"
0 6 28 84 123 836 1 0 1 "Assault"
0 6 28 84 123 837 1 0 1 "Assault"
0 6 28 84 123 838 1 0 1 "Assault"
0 6 28 84 123 839 1 0 1 "Assault"
0 6 28 84 123 840 1 0 1 "Assault"
0 6 28 84 123 841 1 0 0 "Assault"
