0 9 116 79 203 0 1 0 0 "Assault"
0 9 115 78 203 1 1 0 1 "Assault"
0 9 115 78 203 2 1 0 1 "Assault"
0 9 115 78 203 3 1 0 1 "Assault"
0 9 114 78 203 4 1 0 1 "Assault"
0 9 114 78 203 5 1 0 1 "Assault"
0 9 114 78 203 6 1 0 1 "Assault"
0 9 114 78 203 7 1 0 1 "Assault"
0 9 113 78 203 8 1 0 1 "Assault"
0 9 113 78 203 9 1 0 1 "Assault"
0 9 113 78 203 10 1 0 1 "Assault"
0 9 113 78 203 11 1 0 1 "Assault"
0 9 112 78 203 12 1 0 1 "Assault"
0 9 112 78 203 13 1 0 1 "Assault"
0 9 112 78 203 14 1 0 1 "Assault"
0 9 112 78 203 15 1 0 1 "Assault"
0 9 111 78 203 16 1 0 1 "Assault"
0 9 111 78 203 17 1 0 1 "Assault"
0 9 111 78 203 18 1 0 1 "Assault"
0 9 110 78 203 19 1 0 1 "Assault"
0 9 110 78 203 20 1 0 1 "Assault"
0 9 110 78 203 21 1 0 1 "Assault"
0 9 110 78 203 22 1 0 1 "Assault"
0 9 109 78 203 23 1 0 1 "Assault"
0 9 109 78 203 24 1 0 1 "Assault"
0 9 109 78 203 25 1 0 1 "Assault"
0 9 109 78 203 26 1 0 1 "Assault"
0 9 108 78 203 27 1 0 1 "Assault"
0 9 108 78 203 28 1 0 1 "Assault"
0 9 108 78 203 29 1 0 1 "Assault"
0 9 108 78 203 30 0 0 0 "Assault"
0 9 108 80 202 31 0 0 1 "Assault"
0 9 108 83 202 32 0 0 1 "Assault"
0 9 108 85 202 33 0 0 1 "Assault"
0 9 108 88 202 34 0 0 0 "Assault"
0 9 106 92 201 35 0 0 1 "Assault"
0 9 104 96 201 36 0 0 1 "Assault"
0 9 102 100 201 37 0 0 1 "Assault"
0 9 100 105 200 38 0 0 1 "Assault"
0 9 98 109 200 39 0 0 1 "Assault"
0 9 96 113 200 40 0 0 1 "Assault"
0 9 95 118 200 41 0 0 0 "Assault"
0 9 94 120 199 42 0 0 1 "Assault"
0 9 93 123 199 43 0 0 1 "Assault"
0 9 92 126 199 44 0 0 1 "Assault"
0 9 91 129 199 45 0 0 1 "Assault"
0 9 90 132 199 46 0 0 1 "Assault"
0 9 89 135 199 47 0 0 1 "Assault"
0 9 88 138 199 48 0 0 0 "Assault"
0 12 86 143 198 49 0 0 1 "Assault"
0 16 85 149 198 50 0 0 1 "Assault"
0 19 83 154 198 51 0 0 1 "Assault"
0 23 82 160 197 52 0 0 1 "Assault"
0 26 80 165 197 53 0 0 1 "Assault"
0 30 79 171 197 54 0 0 0 "Assault"
0 30 77 171 195 55 0 0 1 "Assault"
0 31 75 172 193 56 0 0 1 "Assault"
0 32 74 173 192 57 0 0 0 "Assault"
0 35 72 176 190 58 0 0 1 "Assault"
0 39 71 180 189 59 0 0 1 "Assault"
0 43 70 184 188 60 0 0 1 "Assault"
0 46 68 187 186 61 0 0 1 "Assault"
0 50 67 191 185 62 0 0 1 "Assault"
0 54 66 195 184 63 0 0 0 "Assault"
0 54 63 195 188 64 0 0 1 "Assault"
0 55 60 195 192 65 0 0 1 "Assault"
0 55 57 195 196 66 0 0 1 "Assault"
0 56 54 195 201 67 0 0 0 "Assault"
0 58 54 197 201 68 0 0 1 "Assault"
0 61 54 200 201 69 0 0 1 "Assault"
0 64 54 203 201 70 0 0 1 "Assault"
0 67 54 206 201 71 0 0 1 "Assault"
0 70 54 209 201 72 0 0 1 "Assault"
0 73 55 212 202 73 1 0 0 "Assault"
0 73 55 212 202 74 1 0 1 "Assault"
0 73 55 212 202 75 1 0 1 "Assault"
0 73 55 212 202 76 1 0 1 "Assault"
0 73 55 212 202 77 1 0 1 "Assault"
0 73 55 212 202 78 1 0 1 "Assault"
0 73 55 212 202 79 1 0 1 "Assault"
0 73 55 212 202 80 1 0 1 "Assault"
0 73 55 212 202 81 1 0 1 "Assault"
0 73 55 212 202 82 1 0 1 "Assault"
0 73 55 212 202 83 1 0 1 "Assault"
0 73 55 212 202 84 1 0 1 "Assault"
0 73 55 212 202 85 1 0 1 "Assault"
0 73 55 212 202 86 1 0 1 "Assault"
0 73 55 212 202 87 1 0 1 "Assault"
0 73 55 212 202 88 1 0 1 "Assault"
0 73 55 212 202 89 1 0 1 "Assault"
0 73 55 212 202 90 1 0 1 "Assault"
0 73 55 212 202 91 1 0 1 "Assault"
0 73 55 212 202 92 1 0 1 "Assault"
0 73 55 212 202 93 1 0 1 "Assault"
0 73 55 212 202 94 1 0 1 "Assault"
0 73 55 212 202 95 1 0 0 "Assault"
0 71 55 210 202 96 1 0 1 "Assault"
0 69 56 208 202 97 1 0 1 "Assault"
0 67 56 206 202 98 1 0 1 "Assault"
0 65 57 204 202 99 1 0 1 "Assault"
0 64 57 202 202 100 1 0 1 "Assault"
0 62 58 201 202 101 1 0 1 "Assault"
0 60 58 199 202 102 1 0 1 "Assault"
0 58 59 197 202 103 1 0 1 "Assault"
0 56 59 195 202 104 1 0 1 "Assault"
0 55 60 193 202 105 1 0 1 "Assault"
0 53 60 191 202 106 1 0 1 "Assault"
0 51 61 190 203 107 1 0 1 "Assault"
0 49 62 188 203 108 1 0 1 "Assault"
0 47 62 186 203 109 1 0 1 "Assault"
0 46 63 184 203 110 1 0 1 "Assault"
0 44 63 182 203 111 1 0 1 "Assault"
0 42 64 180 203 112 1 0 1 "Assault"
0 40 64 179 203 113 1 0 1 "Assault"
0 38 65 177 203 114 1 0 1 "Assault"
0 37 65 175 203 115 1 0 1 "Assault"
0 35 66 173 203 116 1 0 1 "Assault"
0 33 66 171 203 117 1 0 1 "Assault"
0 31 67 169 203 118 1 0 1 "Assault"
0 29 68 168 204 119 1 0 1 "Assault"
0 28 68 166 204 120 1 0 1 "Assault"
0 26 69 164 204 121 1 0 1 "Assault"
0 24 69 162 204 122 1 0 1 "Assault"
0 22 70 160 204 123 1 0 1 "Assault"
0 20 70 158 204 124 1 0 1 "Assault"
0 19 71 157 204 125 1 0 1 "Assault"
0 17 71 155 204 126 1 0 1 "Assault"
0 15 72 153 204 127 1 0 1 "Assault"
0 13 72 151 204 128 1 0 1 "Assault"
0 11 73 149 204 129 1 0 1 "Assault"
0 10 74 148 205 130 0 0 0 "Assault"
0 13 72 148 203 131 0 0 1 "Assault"
0 16 70 148 201 132 0 0 1 "Assault"
0 19 68 149 199 133 0 0 1 "Assault"
0 22 66 149 197 134 0 0 1 "Assault"
0 25 64 149 195 135 0 0 1 "Assault"
0 29 63 150 193 136 0 0 1 "Assault"
0 32 61 150 191 137 0 0 1 "Assault"
0 35 59 150 189 138 0 0 1 "Assault"
0 38 57 151 187 139 0 0 1 "Assault"
0 41 55 151 185 140 0 0 1 "Assault"
0 44 53 151 183 141 0 0 1 "Assault"
0 48 52 152 181 142 0 0 1 "Assault"
0 51 50 152 179 143 0 0 1 "Assault"
0 54 48 152 177 144 0 0 1 "Assault"
0 57 46 153 175 145 0 0 1 "Assault"
0 60 44 153 173 146 0 0 1 "Assault"
0 63 42 153 171 147 0 0 1 "Assault"
0 67 41 154 170 148 0 0 0 "Assault"
0 67 41 153 163 149 0 0 1 "Assault"
0 67 41 153 157 150 0 0 1 "Assault"
0 67 41 153 150 151 0 0 1 "Assault"
0 67 41 153 144 152 0 0 1 "Assault"
0 67 41 153 138 153 0 0 0 "Assault"
0 68 39 154 136 154 0 0 1 "Assault"
0 69 38 155 135 155 0 0 1 "Assault"
0 71 37 157 134 156 0 0 1 "Assault"
0 72 35 158 132 157 0 0 1 "Assault"
0 74 34 160 131 158 0 0 1 "Assault"
0 75 33 161 130 159 0 0 1 "Assault"
0 77 31 163 128 160 0 0 1 "Assault"
0 78 30 164 127 161 0 0 1 "Assault"
0 80 29 166 126 162 1 0 0 "Assault"
0 80 29 166 126 163 1 0 1 "Assault"
0 80 29 166 126 164 1 0 1 "Assault"
0 80 29 166 126 165 1 0 1 "Assault"
0 80 29 166 126 166 1 0 1 "Assault"
0 80 29 166 126 167 1 0 1 "Assault"
0 80 29 166 126 168 1 0 1 "Assault"
0 80 29 166 126 169 1 0 1 "Assault"
0 80 29 166 126 170 1 0 1 "Assault"
0 80 29 166 126 171 1 0 1 "Assault"
0 80 29 166 126 172 1 0 1 "Assault"
0 80 29 166 126 173 1 0 1 "Assault"
0 80 29 166 126 174 1 0 1 "Assault"
0 80 29 166 126 175 1 0 1 "Assault"
0 80 29 166 126 176 1 0 1 "Assault"
0 80 29 166 126 177 1 0 0 "Assault"
0 79 29 166 126 178 1 0 1 "Assault"
0 79 29 166 126 179 1 0 1 "Assault"
0 79 29 166 127 180 1 0 1 "Assault"
0 79 29 167 127 181 1 0 1 "Assault"
0 79 29 167 128 182 1 0 1 "Assault"
0 79 29 167 128 183 1 0 1 "Assault"
0 79 30 167 129 184 1 0 1 "Assault"
0 79 30 168 129 185 1 0 1 "Assault"
0 79 30 168 129 186 1 0 1 "Assault"
0 79 30 168 130 187 1 0 1 "Assault"
0 79 30 168 130 188 1 0 1 "Assault"
0 79 30 169 131 189 1 0 1 "Assault"
0 79 30 169 131 190 1 0 1 "Assault"
0 79 31 169 132 191 1 0 1 "Assault"
0 79 31 169 132 192 1 0 1 "Assault"
0 79 31 170 132 193 1 0 1 "Assault"
0 79 31 170 133 194 1 0 1 "Assault"
0 79 31 170 133 195 1 0 1 "Assault"
0 79 31 170 134 196 1 0 1 "Assault"
0 79 31 171 134 197 1 0 1 "Assault"
0 79 32 171 135 198 1 0 1 "Assault"
0 79 32 171 135 199 1 0 1 "Assault"
0 79 32 172 135 200 1 0 1 "Assault"
0 79 32 172 136 201 1 0 1 "Assault"
0 79 32 172 136 202 1 0 1 "Assault"
0 78 32 172 137 203 1 0 1 "Assault"
0 78 33 173 137 204 1 0 1 "Assault"
0 78 33 173 138 205 1 0 1 "Assault"
0 78 33 173 138 206 1 0 1 "Assault"
0 78 33 173 139 207 1 0 1 "Assault"
0 78 33 174 139 208 1 0 1 "Assault"
0 78 33 174 139 209 1 0 1 "Assault"
0 78 33 174 140 210 1 0 1 "Assault"
0 78 34 174 140 211 1 0 1 "Assault"
0 78 34 175 141 212 1 0 1 "Assault"
0 78 34 175 141 213 1 0 1 "Assault"
0 78 34 175 142 214 1 0 1 "Assault"
0 78 34 175 142 215 1 0 1 "Assault"
0 78 34 176 142 216 1 0 1 "Assault"
0 78 34 176 143 217 1 0 1 "Assault"
0 78 35 176 143 218 1 0 1 "Assault"
0 78 35 177 144 219 1 0 1 "Assault"
0 78 35 177 144 220 1 0 1 "Assault"
0 78 35 177 145 221 1 0 1 "Assault"
0 78 35 177 145 222 1 0 1 "Assault"
0 78 35 178 145 223 1 0 1 "Assault"
0 78 35 178 146 224 1 0 1 "Assault"
0 78 36 178 146 225 1 0 1 "Assault"
0 78 36 178 147 226 1 0 1 "Assault"
0 78 36 179 147 227 1 0 1 "Assault"
0 77 36 179 148 228 1 0 1 "Assault"
0 77 36 179 148 229 1 0 1 "Assault"
0 77 36 179 149 230 1 0 1 "Assault"
0 77 37 180 149 231 1 0 1 "Assault"
0 77 37 180 149 232 1 0 1 "Assault"
0 77 37 180 150 233 1 0 1 "Assault"
0 77 37 180 150 234 1 0 1 "Assault"
0 77 37 181 151 235 1 0 1 "Assault"
0 77 37 181 151 236 1 0 1 "Assault"
0 77 37 181 152 237 1 0 1 "Assault"
0 77 38 182 152 238 1 0 1 "Assault"
0 77 38 182 152 239 1 0 1 "Assault"
0 77 38 182 153 240 1 0 1 "Assault"
0 77 38 182 153 241 1 0 1 "Assault"
0 77 38 183 154 242 1 0 1 "Assault"
0 77 38 183 154 243 1 0 1 "Assault"
0 77 38 183 155 244 1 0 1 "Assault"
0 77 39 183 155 245 1 0 1 "Assault"
0 77 39 184 155 246 1 0 1 "Assault"
0 77 39 184 156 247 1 0 1 "Assault"
0 77 39 184 156 248 1 0 1 "Assault"
0 77 39 184 157 249 1 0 1 "Assault"
0 77 39 185 157 250 1 0 1 "Assault"
0 77 39 185 158 251 1 0 1 "Assault"
0 77 40 185 158 252 1 0 1 "Assault"
0 76 40 185 159 253 1 0 1 "Assault"
0 76 40 186 159 254 1 0 1 "Assault"
0 76 40 186 159 255 1 0 1 "Assault"
0 76 40 186 160 256 1 0 1 "Assault"
0 76 40 187 160 257 1 0 1 "Assault"
0 76 41 187 161 258 1 0 1 "Assault"
0 76 41 187 161 259 1 0 1 "Assault"
0 76 41 187 162 260 1 0 1 "Assault"
0 76 41 188 162 261 1 0 1 "Assault"
0 76 41 188 162 262 1 0 1 "Assault"
0 76 41 188 163 263 1 0 1 "Assault"
0 76 41 188 163 264 1 0 1 "Assault"
0 76 42 189 164 265 1 0 1 "Assault"
0 76 42 189 164 266 1 0 1 "Assault"
0 76 42 189 165 267 1 0 1 "Assault"
0 76 42 189 165 268 1 0 1 "Assault"
0 76 42 190 165 269 1 0 1 "Assault"
0 76 42 190 166 270 1 0 1 "Assault"
0 76 42 190 166 271 1 0 1 "Assault"
0 76 43 190 167 272 1 0 1 "Assault"
0 76 43 191 167 273 1 0 1 "Assault"
0 76 43 191 168 274 1 0 1 "Assault"
0 76 43 191 168 275 1 0 1 "Assault"
0 76 43 192 168 276 1 0 1 "Assault"
0 76 43 192 169 277 1 0 1 "Assault"
0 75 44 192 169 278 1 0 1 "Assault"
0 75 44 192 170 279 1 0 1 "Assault"
0 75 44 193 170 280 1 0 1 "Assault"
0 75 44 193 171 281 1 0 1 "Assault"
0 75 44 193 171 282 1 0 1 "Assault"
0 75 44 193 172 283 1 0 1 "Assault"
0 75 44 194 172 284 1 0 1 "Assault"
0 75 45 194 172 285 1 0 1 "Assault"
0 75 45 194 173 286 1 0 1 "Assault"
0 75 45 194 173 287 1 0 1 "Assault"
0 75 45 195 174 288 1 0 1 "Assault"
0 75 45 195 174 289 1 0 1 "Assault"
0 75 45 195 175 290 1 0 1 "Assault"
0 75 45 195 175 291 1 0 1 "Assault"
0 75 46 196 175 292 1 0 1 "Assault"
0 75 46 196 176 293 1 0 1 "Assault"
0 75 46 196 176 294 1 0 1 "Assault"
0 75 46 197 177 295 1 0 1 "Assault"
0 75 46 197 177 296 1 0 1 "Assault"
0 75 46 197 178 297 1 0 1 "Assault"
0 75 46 197 178 298 1 0 1 "Assault"
0 75 47 198 178 299 1 0 1 "Assault"
0 75 47 198 179 300 1 0 1 "Assault"
0 75 47 198 179 301 1 0 1 "Assault"
0 75 47 198 180 302 1 0 1 "Assault"
0 74 47 199 180 303 1 0 1 "Assault"
0 74 47 199 181 304 1 0 1 "Assault"
0 74 48 199 181 305 1 0 1 "Assault"
0 74 48 199 182 306 1 0 1 "Assault"
0 74 48 200 182 307 1 0 1 "Assault"
0 74 48 200 182 308 1 0 1 "Assault"
0 74 48 200 183 309 1 0 1 "Assault"
0 74 48 200 183 310 1 0 1 "Assault"
0 74 48 201 184 311 1 0 1 "Assault"
0 74 49 201 184 312 1 0 1 "Assault"
0 74 49 201 185 313 1 0 1 "Assault"
0 74 49 202 185 314 1 0 1 "Assault"
0 74 49 202 185 315 1 0 1 "Assault"
0 74 49 202 186 316 1 0 1 "Assault"
0 74 49 202 186 317 1 0 1 "Assault"
0 74 49 203 187 318 1 0 1 "Assault"
0 74 50 203 187 319 1 0 1 "Assault"
0 74 50 203 188 320 1 0 1 "Assault"
0 74 50 203 188 321 1 0 1 "Assault"
0 74 50 204 188 322 1 0 1 "Assault"
0 74 50 204 189 323 1 0 1 "Assault"
0 74 50 204 189 324 1 0 1 "Assault"
0 74 50 204 190 325 1 0 1 "Assault"
0 74 51 205 190 326 1 0 1 "Assault"
0 74 51 205 191 327 1 0 1 "Assault"
0 73 51 205 191 328 1 0 1 "Assault"
0 73 51 205 192 329 1 0 1 "Assault"
0 73 51 206 192 330 1 0 1 "Assault"
0 73 51 206 192 331 1 0 1 "Assault"
0 73 52 206 193 332 1 0 1 "Assault"
0 73 52 207 193 333 1 0 1 "Assault"
0 73 52 207 194 334 1 0 1 "Assault"
0 73 52 207 194 335 1 0 1 "Assault"
0 73 52 207 195 336 1 0 1 "Assault"
0 73 52 208 195 337 1 0 1 "Assault"
0 73 52 208 195 338 1 0 1 "Assault"
0 73 53 208 196 339 1 0 1 "Assault"
0 73 53 208 196 340 1 0 1 "Assault"
0 73 53 209 197 341 1 0 1 "Assault"
0 73 53 209 197 342 1 0 1 "Assault"
0 73 53 209 198 343 1 0 1 "Assault"
0 73 53 209 198 344 1 0 1 "Assault"
0 73 53 210 198 345 1 0 1 "Assault"
0 73 54 210 199 346 1 0 1 "Assault"
0 73 54 210 199 347 1 0 1 "Assault"
0 73 54 210 200 348 1 0 1 "Assault"
0 73 54 211 200 349 1 0 1 "Assault"
0 73 54 211 201 350 1 0 1 "Assault"
0 73 54 211 201 351 1 0 1 "Assault"
0 73 55 212 202 352 1 0 0 "Assault"
