0 204 28 300 100 0 1 0 0 "Assault"
0 204 28 300 99 1 1 0 1 "Assault"
0 204 28 300 99 2 1 0 1 "Assault"
0 204 28 300 99 3 1 0 1 "Assault"
0 204 28 300 99 4 1 0 1 "Assault"
0 204 28 300 99 5 1 0 1 "Assault"
0 204 28 300 99 6 1 0 1 "Assault"
0 204 28 300 99 7 1 0 1 "Assault"
0 204 28 300 99 8 1 0 1 "Assault"
0 204 28 300 99 9 1 0 1 "Assault"
0 204 28 300 99 10 1 0 1 "Assault"
0 204 28 300 99 11 1 0 1 "Assault"
0 204 28 300 99 12 1 0 1 "Assault"
0 204 28 300 99 13 1 0 1 "Assault"
0 204 28 300 99 14 1 0 1 "Assault"
0 204 28 300 99 15 1 0 1 "Assault"
0 204 28 300 99 16 1 0 1 "Assault"
0 204 28 300 99 17 1 0 1 "Assault"
0 204 28 300 99 18 1 0 1 "Assault"
0 204 28 300 99 19 1 0 1 "Assault"
0 204 28 300 99 20 1 0 1 "Assault"
0 204 28 300 99 21 1 0 1 "Assault"
0 204 28 300 99 22 1 0 1 "Assault"
0 204 28 301 99 23 1 0 1 "Assault"
0 204 28 301 99 24 1 0 1 "Assault"
0 204 28 301 99 25 1 0 1 "Assault"
0 204 28 301 99 26 1 0 1 "Assault"
0 204 28 301 99 27 1 0 1 "Assault"
0 204 28 301 99 28 1 0 1 "Assault"
0 204 28 301 99 29 1 0 1 "Assault"
0 204 28 301 99 30 1 0 1 "Assault"
0 204 28 301 99 31 1 0 1 "Assault"
0 204 28 301 99 32 1 0 1 "Assault"
0 204 28 301 99 33 1 0 1 "Assault"
0 204 28 301 99 34 1 0 1 "Assault"
0 204 28 301 99 35 1 0 1 "Assault"
0 204 28 301 99 36 1 0 1 "Assault"
0 204 28 301 99 37 1 0 1 "Assault"
0 204 28 301 99 38 1 0 1 "Assault"
0 204 28 301 99 39 1 0 1 "Assault"
0 204 28 301 99 40 1 0 1 "Assault"
0 204 28 301 99 41 1 0 1 "Assault"
0 204 28 301 99 42 1 0 1 "Assault"
0 204 28 301 99 43 1 0 1 "Assault"
0 204 28 301 99 44 1 0 1 "Assault"
0 204 28 302 99 45 1 0 1 "Assault"
0 204 28 302 99 46 1 0 1 "Assault"
0 204 28 302 99 47 1 0 1 "Assault"
0 204 28 302 99 48 1 0 1 "Assault"
0 204 28 302 99 49 1 0 1 "Assault"
0 204 28 302 99 50 1 0 1 "Assault"
0 204 28 302 99 51 1 0 1 "Assault"
0 204 28 302 99 52 1 0 1 "Assault"
0 204 28 302 99 53 1 0 1 "Assault"
0 204 28 302 99 54 1 0 1 "Assault"
0 204 28 302 99 55 1 0 1 "Assault"
0 204 28 302 99 56 1 0 1 "Assault"
0 204 28 302 99 57 1 0 1 "Assault"
0 204 28 302 99 58 1 0 1 "Assault"
0 204 28 302 99 59 1 0 1 "Assault"
0 204 28 302 99 60 1 0 1 "Assault"
0 204 28 302 99 61 1 0 1 "Assault"
0 204 28 302 99 62 1 0 1 "Assault"
0 204 28 302 99 63 1 0 1 "Assault"
0 204 28 302 99 64 1 0 1 "Assault"
0 204 28 302 99 65 1 0 1 "Assault"
0 204 28 302 99 66 1 0 1 "Assault"
0 204 28 303 99 67 1 0 1 "Assault"
0 204 28 303 99 68 1 0 1 "Assault"
0 204 28 303 99 69 1 0 1 "Assault"
0 204 28 303 99 70 1 0 1 "Assault"
0 204 28 303 99 71 1 0 1 "Assault"
0 204 28 303 99 72 1 0 1 "Assault"
0 204 28 303 99 73 1 0 1 "Assault"
0 204 28 303 99 74 1 0 1 "Assault"
0 204 28 303 99 75 1 0 1 "Assault"
0 204 28 303 99 76 1 0 1 "Assault"
0 204 28 303 99 77 1 0 1 "Assault"
0 204 28 303 99 78 1 0 1 "Assault"
0 204 28 303 99 79 1 0 1 "Assault"
0 204 28 303 99 80 1 0 1 "Assault"
0 204 28 303 99 81 1 0 1 "Assault"
0 204 28 303 99 82 1 0 1 "Assault"
0 204 28 303 99 83 1 0 1 "Assault"
0 204 28 303 99 84 1 0 1 "Assault"
0 204 28 303 99 85 1 0 1 "Assault"
0 204 28 303 99 86 1 0 1 "Assault"
0 204 28 303 99 87 1 0 1 "Assault"
0 204 28 303 99 88 1 0 1 "Assault"
0 204 28 303 99 89 1 0 1 "Assault"
0 204 28 304 99 90 1 0 1 "Assault"
0 204 28 304 99 91 1 0 1 "Assault"
0 204 28 304 99 92 1 0 1 "Assault"
0 204 28 304 99 93 1 0 1 "Assault"
0 204 28 304 99 94 1 0 1 "Assault"
0 204 28 304 99 95 1 0 1 "Assault"
0 204 28 304 99 96 1 0 1 "Assault"
0 204 28 304 99 97 1 0 1 "Assault"
0 204 28 304 99 98 1 0 1 "Assault"
0 204 28 304 99 99 1 0 1 "Assault"
0 204 28 304 99 100 1 0 1 "Assault"
0 204 28 304 99 101 1 0 1 "Assault"
0 204 28 304 99 102 1 0 1 "Assault"
0 204 28 304 99 103 1 0 1 "Assault"
0 204 28 304 99 104 1 0 1 "Assault"
0 204 28 304 99 105 1 0 1 "Assault"
0 204 28 304 99 106 1 0 1 "Assault"
0 204 28 304 99 107 1 0 1 "Assault"
0 204 28 304 99 108 1 0 1 "Assault"
0 204 28 304 99 109 1 0 1 "Assault"
0 204 28 304 99 110 1 0 1 "Assault"
0 204 28 304 99 111 1 0 1 "Assault"
0 204 28 305 99 112 1 0 1 "Assault"
0 204 28 305 99 113 1 0 1 "Assault"
0 204 28 305 99 114 1 0 1 "Assault"
0 204 28 305 99 115 1 0 1 "Assault"
0 204 28 305 99 116 1 0 1 "Assault"
0 204 28 305 99 117 1 0 1 "Assault"
0 204 28 305 99 118 1 0 1 "Assault"
0 204 28 305 99 119 1 0 1 "Assault"
0 204 28 305 99 120 1 0 1 "Assault"
0 204 28 305 99 121 1 0 1 "Assault"
0 204 28 305 99 122 1 0 1 "Assault"
0 204 28 305 99 123 1 0 1 "Assault"
0 204 28 305 99 124 1 0 1 "Assault"
0 204 28 305 99 125 1 0 1 "Assault"
0 204 28 305 99 126 1 0 1 "Assault"
0 204 28 305 99 127 1 0 1 "Assault"
0 204 28 305 99 128 1 0 1 "Assault"
0 204 28 305 99 129 1 0 1 "Assault"
0 204 28 305 99 130 1 0 1 "Assault"
0 204 28 305 99 131 1 0 1 "Assault"
0 204 28 305 99 132 1 0 1 "Assault"
0 204 28 305 99 133 1 0 1 "Assault"
0 204 28 306 99 134 1 0 1 "Assault"
0 204 28 306 99 135 1 0 1 "Assault"
0 204 28 306 99 136 1 0 1 "Assault"
0 204 28 306 99 137 1 0 1 "Assault"
0 204 28 306 99 138 1 0 1 "Assault"
0 204 28 306 99 139 1 0 1 "Assault"
0 204 28 306 99 140 1 0 1 "Assault"
0 204 28 306 99 141 1 0 1 "Assault"
0 204 28 306 99 142 1 0 1 "Assault"
0 204 28 306 99 143 1 0 1 "Assault"
0 204 28 306 99 144 1 0 1 "Assault"
0 204 28 306 99 145 1 0 1 "Assault"
0 204 28 306 99 146 1 0 1 "Assault"
0 204 28 306 99 147 1 0 1 "Assault"
0 204 28 306 99 148 1 0 1 "Assault"
0 204 28 306 99 149 1 0 1 "Assault"
0 204 28 306 99 150 1 0 1 "Assault"
0 204 28 306 99 151 1 0 1 "Assault"
0 204 28 306 99 152 1 0 1 "Assault"
0 204 28 306 99 153 1 0 1 "Assault"
0 204 28 306 99 154 1 0 1 "Assault"
0 204 28 306 99 155 1 0 1 "Assault"
0 204 28 306 99 156 1 0 1 "Assault"
0 204 28 307 99 157 1 0 1 "Assault"
0 204 28 307 99 158 1 0 1 "Assault"
0 204 28 307 99 159 1 0 1 "Assault"
0 204 28 307 99 160 1 0 1 "Assault"
0 204 28 307 99 161 1 0 1 "Assault"
0 204 28 307 99 162 1 0 1 "Assault"
0 204 28 307 99 163 1 0 1 "Assault"
0 204 28 307 99 164 1 0 1 "Assault"
0 204 28 307 99 165 1 0 1 "Assault"
0 204 28 307 99 166 1 0 1 "Assault"
0 204 28 307 99 167 1 0 1 "Assault"
0 204 28 307 99 168 1 0 1 "Assault"
0 204 28 307 99 169 1 0 1 "Assault"
0 204 28 307 99 170 1 0 1 "Assault"
0 204 28 307 99 171 1 0 1 "Assault"
0 204 28 307 99 172 1 0 1 "Assault"
0 204 28 307 99 173 1 0 1 "Assault"
0 204 28 307 99 174 1 0 1 "Assault"
0 204 28 307 99 175 1 0 1 "Assault"
0 204 28 307 99 176 1 0 1 "Assault"
0 204 28 307 99 177 1 0 1 "Assault"
0 204 28 307 99 178 1 0 1 "Assault"
0 204 28 308 99 179 1 0 1 "Assault"
0 204 28 308 99 180 1 0 1 "Assault"
0 204 28 308 99 181 1 0 1 "Assault"
0 204 28 308 99 182 1 0 1 "Assault"
0 204 28 308 99 183 1 0 1 "Assault"
0 204 28 308 99 184 1 0 1 "Assault"
0 204 28 308 99 185 1 0 1 "Assault"
0 204 28 308 99 186 1 0 1 "Assault"
0 204 28 308 99 187 1 0 1 "Assault"
0 204 28 308 99 188 1 0 1 "Assault"
0 204 28 308 99 189 1 0 1 "Assault"
0 204 28 308 99 190 1 0 1 "Assault"
0 204 28 308 99 191 1 0 1 "Assault"
0 204 28 308 99 192 1 0 1 "Assault"
0 204 28 308 99 193 1 0 1 "Assault"
0 204 28 308 99 194 1 0 1 "Assault"
0 204 28 308 99 195 1 0 1 "Assault"
0 204 28 308 99 196 1 0 1 "Assault"
0 204 28 308 99 197 1 0 1 "Assault"
0 204 28 308 99 198 1 0 1 "Assault"
0 204 28 308 99 199 1 0 1 "Assault"
0 204 28 308 99 200 1 0 1 "Assault"
0 204 28 309 99 201 0 0 0 "Assault"
0 202 33 307 104 202 0 0 1 "Assault"
0 200 39 305 110 203 0 0 1 "Assault"
0 199 45 304 116 204 0 0 1 "Assault"
0 197 51 302 122 205 0 0 1 "Assault"
0 195 57 300 128 206 0 0 1 "Assault"
0 194 63 299 134 207 0 0 0 "Assault"
0 196 65 300 147 208 0 0 1 "Assault"
0 198 67 301 160 209 0 0 1 "Assault"
0 200 69 303 173 210 0 0 1 "Assault"
0 202 71 304 186 211 0 0 1 "Assault"
0 204 73 306 200 212 0 0 0 "Assault"
0 199 79 309 202 213 0 0 1 "Assault"
0 194 85 312 204 214 0 0 1 "Assault"
0 189 91 315 206 215 0 0 1 "Assault"
0 184 98 319 208 216 0 0 0 "Assault"
0 182 98 319 207 217 0 0 1 "Assault"
0 181 98 319 207 218 0 0 1 "Assault"
0 180 98 319 207 219 0 0 1 "Assault"
0 179 98 319 207 220 0 0 1 "Assault"
0 178 98 319 207 221 0 0 1 "Assault"
0 177 98 319 207 222 0 0 1 "Assault"
0 176 98 319 207 223 0 0 1 "Assault"
0 175 98 319 207 224 0 0 1 "Assault"
0 173 98 319 207 225 0 0 1 "Assault"
0 172 98 319 207 226 0 0 1 "Assault"
0 171 98 319 207 227 0 0 1 "Assault"
0 170 98 319 207 228 0 0 1 "Assault"
0 169 98 319 207 229 0 0 1 "Assault"
0 168 98 319 207 230 0 0 1 "Assault"
0 167 98 319 207 231 0 0 1 "Assault"
0 166 98 319 207 232 0 0 1 "Assault"
0 165 98 319 207 233 0 0 1 "Assault"
0 163 98 319 207 234 0 0 1 "Assault"
0 162 98 319 207 235 0 0 1 "Assault"
0 161 98 319 207 236 0 0 1 "Assault"
0 160 98 319 207 237 0 0 1 "Assault"
0 159 98 319 207 238 0 0 1 "Assault"
0 158 98 319 207 239 0 0 1 "Assault"
0 157 98 319 207 240 0 0 1 "Assault"
0 156 98 319 207 241 0 0 1 "Assault"
0 155 98 319 207 242 0 0 1 "Assault"
0 153 98 319 207 243 0 0 1 "Assault"
0 152 98 319 207 244 0 0 1 "Assault"
0 151 98 319 207 245 0 0 1 "Assault"
0 150 98 319 207 246 0 0 1 "Assault"
0 149 98 319 207 247 0 0 1 "Assault"
0 148 98 319 207 248 0 0 1 "Assault"
0 147 98 319 207 249 0 0 1 "Assault"
0 146 98 319 207 250 0 0 1 "Assault"
0 144 98 319 207 251 0 0 1 "Assault"
0 143 98 319 207 252 0 0 1 "Assault"
0 142 98 319 207 253 0 0 1 "Assault"
0 141 98 319 207 254 0 0 1 "Assault"
0 140 98 319 207 255 0 0 1 "Assault"
0 139 98 319 207 256 0 0 1 "Assault"
0 138 98 319 207 257 0 0 1 "Assault"
0 137 98 319 207 258 0 0 1 "Assault"
0 136 98 319 207 259 0 0 1 "Assault"
0 134 98 319 207 260 0 0 1 "Assault"
0 133 98 319 207 261 0 0 1 "Assault"
0 132 98 319 207 262 0 0 1 "Assault"
0 131 98 319 207 263 0 0 1 "Assault"
0 130 98 319 207 264 0 0 1 "Assault"
0 129 98 319 207 265 0 0 1 "Assault"
0 128 98 319 207 266 0 0 1 "Assault"
0 127 98 319 207 267 0 0 1 "Assault"
0 126 98 319 207 268 0 0 0 "Assault"
0 126 96 318 207 269 0 0 1 "Assault"
0 126 95 318 207 270 0 0 1 "Assault"
0 126 94 318 207 271 0 0 1 "Assault"
0 126 93 318 207 272 0 0 1 "Assault"
0 126 91 318 207 273 0 0 1 "Assault"
0 126 90 318 207 274 0 0 1 "Assault"
0 126 89 318 207 275 0 0 1 "Assault"
0 126 88 318 207 276 0 0 1 "Assault"
0 126 86 318 207 277 0 0 1 "Assault"
0 126 85 318 207 278 0 0 1 "Assault"
0 126 84 318 207 279 0 0 1 "Assault"
0 126 83 318 207 280 0 0 0 "Assault"
0 109 71 317 206 281 0 0 1 "Assault"
0 92 59 317 206 282 0 0 1 "Assault"
0 75 47 317 206 283 0 0 0 "Assault"
0 77 47 317 206 284 0 0 1 "Assault"
0 79 47 317 206 285 0 0 1 "Assault"
0 81 47 317 206 286 0 0 1 "Assault"
0 83 47 317 206 287 0 0 1 "Assault"
0 85 47 317 206 288 0 0 1 "Assault"
0 88 47 318 206 289 0 0 0 "Assault"
0 83 46 310 206 290 0 0 1 "Assault"
0 79 45 303 206 291 0 0 1 "Assault"
0 75 44 295 206 292 0 0 1 "Assault"
0 71 43 288 206 293 0 0 1 "Assault"
0 66 43 281 206 294 0 0 1 "Assault"
0 62 42 273 206 295 0 0 1 "Assault"
0 58 41 266 206 296 0 0 1 "Assault"
0 54 40 259 206 297 0 0 1 "Assault"
0 50 39 251 206 298 0 0 1 "Assault"
0 45 39 244 206 299 0 0 1 "Assault"
0 41 38 237 206 300 0 0 1 "Assault"
0 37 37 229 206 301 0 0 1 "Assault"
0 33 36 222 206 302 0 0 1 "Assault"
0 29 36 215 207 303 0 0 0 "Assault"
0 26 36 209 202 304 0 0 1 "Assault"
0 23 37 203 198 305 0 0 1 "Assault"
0 20 37 197 193 306 0 0 1 "Assault"
0 18 38 191 189 307 0 0 1 "Assault"
0 15 38 186 185 308 0 0 1 "Assault"
0 12 39 180 180 309 0 0 1 "Assault"
0 10 39 174 176 310 0 0 1 "Assault"
0 7 40 168 171 311 0 0 1 "Assault"
0 4 40 162 167 312 0 0 1 "Assault"
0 2 41 157 163 313 0 0 0 "Assault"
0 5 41 158 163 314 0 0 1 "Assault"
0 9 42 160 164 315 0 0 1 "Assault"
0 12 42 162 165 316 0 0 1 "Assault"
0 16 43 164 165 317 0 0 1 "Assault"
0 19 44 166 166 318 0 0 1 "Assault"
0 23 44 168 167 319 0 0 1 "Assault"
0 26 45 170 167 320 0 0 1 "Assault"
0 30 45 172 168 321 0 0 1 "Assault"
0 33 46 174 169 322 0 0 1 "Assault"
0 37 47 176 170 323 0 0 0 "Assault"
0 35 44 182 175 324 0 0 1 "Assault"
0 34 42 188 180 325 0 0 1 "Assault"
0 32 40 194 185 326 0 0 1 "Assault"
0 31 37 200 191 327 0 0 1 "Assault"
0 29 35 206 196 328 0 0 1 "Assault"
0 28 33 212 201 329 0 0 1 "Assault"
0 27 31 218 207 330 0 0 0 "Assault"
0 24 35 240 206 331 0 0 1 "Assault"
0 22 40 262 206 332 0 0 1 "Assault"
0 19 44 284 205 333 0 0 1 "Assault"
0 17 49 307 205 334 0 0 0 "Assault"
0 15 48 303 203 335 0 0 1 "Assault"
0 13 47 300 201 336 0 0 1 "Assault"
0 12 46 297 199 337 0 0 1 "Assault"
0 10 45 294 197 338 0 0 1 "Assault"
0 9 44 290 196 339 0 0 1 "Assault"
0 7 43 287 194 340 0 0 1 "Assault"
0 6 42 284 192 341 0 0 1 "Assault"
0 4 41 281 190 342 0 0 1 "Assault"
0 3 41 278 189 343 0 0 0 "Assault"
0 2 46 263 185 344 0 0 1 "Assault"
0 1 51 249 182 345 0 0 1 "Assault"
0 0 56 235 179 346 0 0 0 "Assault"
0 0 56 228 179 347 0 0 1 "Assault"
0 0 56 221 179 348 0 0 1 "Assault"
0 0 57 214 180 349 0 0 1 "Assault"
0 0 57 207 180 350 0 0 1 "Assault"
0 0 58 200 181 351 0 0 1 "Assault"
0 0 58 194 181 352 0 0 1 "Assault"
0 0 59 187 182 353 0 0 1 "Assault"
0 0 59 180 182 354 0 0 1 "Assault"
0 0 60 173 183 355 0 0 1 "Assault"
0 0 60 166 183 356 0 0 1 "Assault"
0 1 61 160 184 357 0 0 1 "Assault"
0 1 61 153 184 358 0 0 1 "Assault"
0 1 62 146 185 359 0 0 1 "Assault"
0 1 62 139 185 360 0 0 1 "Assault"
0 1 63 132 186 361 0 0 1 "Assault"
0 1 63 126 186 362 0 0 1 "Assault"
0 1 64 119 187 363 0 0 1 "Assault"
0 1 64 112 187 364 0 0 1 "Assault"
0 1 65 105 188 365 0 0 1 "Assault"
0 1 65 98 188 366 0 0 1 "Assault"
0 2 66 92 189 367 0 0 0 "Assault"
0 1 66 90 189 368 0 0 1 "Assault"
0 0 67 89 190 369 0 0 1 "Assault"
0 0 68 88 191 370 0 0 0 "Assault"
0 0 73 87 196 371 0 0 1 "Assault"
0 0 78 86 201 372 0 0 1 "Assault"
0 0 84 86 207 373 0 0 0 "Assault"
0 0 87 85 207 374 0 0 1 "Assault"
0 0 90 85 207 375 0 0 1 "Assault"
0 0 94 85 207 376 0 0 1 "Assault"
0 0 97 85 207 377 0 0 1 "Assault"
0 0 100 85 207 378 0 0 1 "Assault"
0 0 104 85 207 379 0 0 1 "Assault"
0 0 107 85 207 380 0 0 1 "Assault"
0 0 111 85 207 381 0 0 0 "Assault"
0 0 109 84 207 382 0 0 1 "Assault"
0 0 108 84 207 383 0 0 1 "Assault"
0 0 107 84 207 384 0 0 1 "Assault"
0 0 105 84 207 385 0 0 1 "Assault"
0 0 104 84 207 386 0 0 1 "Assault"
0 0 103 84 207 387 0 0 1 "Assault"
0 0 101 84 207 388 0 0 1 "Assault"
0 0 100 84 207 389 0 0 1 "Assault"
0 0 99 84 207 390 0 0 1 "Assault"
0 0 97 84 207 391 0 0 1 "Assault"
0 0 96 84 207 392 0 0 1 "Assault"
0 0 95 84 207 393 0 0 1 "Assault"
0 0 93 84 207 394 0 0 1 "Assault"
0 0 92 84 207 395 0 0 1 "Assault"
0 0 91 84 207 396 0 0 1 "Assault"
0 0 89 84 207 397 0 0 1 "Assault"
0 0 88 84 207 398 0 0 1 "Assault"
0 0 87 84 207 399 0 0 1 "Assault"
0 0 86 84 207 400 0 0 0 "Assault"
0 0 82 83 207 401 0 0 1 "Assault"
0 0 78 83 207 402 0 0 1 "Assault"
0 0 74 83 207 403 0 0 1 "Assault"
0 0 71 83 207 404 0 0 1 "Assault"
0 0 67 83 207 405 0 0 1 "Assault"
0 0 63 83 207 406 0 0 1 "Assault"
0 0 60 83 207 407 1 0 0 "Assault"
0 0 60 83 207 408 1 0 1 "Assault"
0 0 60 83 207 409 1 0 1 "Assault"
0 0 60 83 207 410 1 0 1 "Assault"
0 0 60 83 207 411 1 0 1 "Assault"
0 0 60 83 207 412 1 0 1 "Assault"
0 0 60 83 207 413 1 0 1 "Assault"
0 0 60 83 207 414 1 0 1 "Assault"
0 0 60 83 207 415 1 0 1 "Assault"
0 0 60 83 207 416 1 0 1 "Assault"
0 0 60 83 207 417 1 0 1 "Assault"
0 0 60 83 207 418 1 0 1 "Assault"
0 0 60 83 207 419 1 0 1 "Assault"
0 0 60 83 207 420 1 0 1 "Assault"
0 0 60 83 207 421 1 0 1 "Assault"
0 0 60 83 207 422 1 0 1 "Assault"
0 0 60 83 207 423 1 0 1 "Assault"
0 0 60 83 207 424 1 0 1 "Assault"
0 0 60 83 207 425 1 0 1 "Assault"
0 0 60 83 207 426 1 0 1 "Assault"
0 0 60 83 207 427 1 0 1 "Assault"
0 0 60 83 207 428 1 0 1 "Assault"
0 0 60 83 207 429 1 0 1 "Assault"
0 0 60 83 207 430 1 0 1 "Assault"
0 0 60 83 207 431 1 0 1 "Assault"
0 0 60 83 207 432 1 0 1 "Assault"
0 0 60 83 207 433 1 0 1 "Assault"
0 0 60 83 207 434 1 0 1 "Assault"
0 0 60 83 207 435 1 0 1 "Assault"
0 0 60 83 207 436 1 0 1 "Assault"
0 0 60 83 207 437 1 0 1 "Assault"
0 0 60 83 207 438 1 0 1 "Assault"
0 0 60 83 207 439 1 0 1 "Assault"
0 0 60 83 207 440 1 0 1 "Assault"
0 0 60 83 207 441 1 0 1 "Assault"
0 0 60 83 207 442 1 0 1 "Assault"
0 0 60 83 207 443 1 0 1 "Assault"
0 0 60 83 207 444 1 0 1 "Assault"
0 0 60 83 207 445 1 0 0 "Assault"
0 0 60 83 207 446 1 0 1 "Assault"
0 0 60 83 207 447 1 0 1 "Assault"
0 0 60 83 207 448 1 0 1 "Assault"
0 0 60 83 207 449 1 0 1 "Assault"
0 0 60 83 207 450 1 0 1 "Assault"
0 0 60 83 207 451 1 0 1 "Assault"
0 0 60 83 207 452 1 0 1 "Assault"
0 0 60 83 207 453 1 0 1 "Assault"
0 0 60 83 207 454 1 0 1 "Assault"
0 0 60 83 207 455 1 0 1 "Assault"
0 0 60 83 207 456 1 0 1 "Assault"
0 0 60 83 207 457 1 0 1 "Assault"
0 0 60 83 207 458 1 0 1 "Assault"
0 0 60 83 207 459 1 0 1 "Assault"
0 0 60 83 207 460 1 0 1 "Assault"
0 0 60 83 207 461 1 0 1 "Assault"
0 0 60 83 207 462 1 0 1 "Assault"
0 0 60 83 207 463 1 0 1 "Assault"
0 0 60 83 207 464 1 0 1 "Assault"
0 0 60 83 207 465 1 0 1 "Assault"
0 0 60 83 207 466 1 0 1 "Assault"
0 0 60 83 207 467 1 0 1 "Assault"
0 0 60 83 207 468 1 0 1 "Assault"
0 0 60 83 207 469 1 0 1 "Assault"
0 0 60 83 207 470 1 0 1 "Assault"
0 0 60 83 207 471 1 0 1 "Assault"
0 0 60 83 207 472 1 0 1 "Assault"
0 0 60 83 207 473 1 0 1 "Assault"
0 0 60 83 207 474 1 0 1 "Assault"
0 0 60 83 207 475 1 0 1 "Assault"
0 0 60 83 207 476 1 0 1 "Assault"
0 0 60 83 207 477 1 0 1 "Assault"
0 0 60 83 207 478 1 0 1 "Assault"
0 0 60 83 207 479 1 0 1 "Assault"
0 0 60 83 207 480 1 0 1 "Assault"
0 0 60 83 207 481 1 0 1 "Assault"
0 0 60 83 207 482 1 0 1 "Assault"
0 0 60 83 207 483 1 0 1 "Assault"
0 0 60 83 207 484 1 0 1 "Assault"
0 0 60 83 207 485 1 0 1 "Assault"
0 0 60 83 207 486 1 0 1 "Assault"
0 0 60 83 207 487 1 0 1 "Assault"
0 0 60 83 207 488 1 0 1 "Assault"
0 0 60 83 207 489 1 0 1 "Assault"
0 0 60 83 207 490 1 0 1 "Assault"
0 0 60 83 207 491 1 0 1 "Assault"
0 0 60 83 207 492 1 0 1 "Assault"
0 0 60 83 207 493 1 0 1 "Assault"
0 0 60 83 207 494 1 0 1 "Assault"
0 0 60 83 207 495 1 0 1 "Assault"
0 0 60 83 207 496 1 0 1 "Assault"
0 0 60 83 207 497 1 0 1 "Assault"
0 0 60 83 207 498 1 0 1 "Assault"
0 0 60 83 207 499 1 0 1 "Assault"
0 0 60 83 207 500 1 0 1 "Assault"
0 0 60 83 207 501 1 0 1 "Assault"
0 0 60 83 207 502 1 0 1 "Assault"
0 0 60 83 207 503 1 0 1 "Assault"
0 0 60 83 207 504 1 0 1 "Assault"
0 0 60 83 207 505 1 0 1 "Assault"
0 0 60 83 207 506 1 0 1 "Assault"
0 0 60 83 207 507 1 0 1 "Assault"
0 0 60 83 207 508 1 0 1 "Assault"
0 0 60 83 207 509 1 0 1 "Assault"
0 0 60 83 207 510 1 0 1 "Assault"
0 0 60 83 207 511 1 0 1 "Assault"
0 0 60 83 207 512 1 0 1 "Assault"
0 0 60 83 207 513 1 0 1 "Assault"
0 0 60 83 207 514 1 0 1 "Assault"
0 0 60 83 207 515 1 0 1 "Assault"
0 0 60 83 207 516 1 0 1 "Assault"
0 0 60 83 207 517 1 0 1 "Assault"
0 0 60 83 207 518 1 0 1 "Assault"
0 0 60 83 207 519 1 0 1 "Assault"
0 0 60 83 207 520 1 0 1 "Assault"
0 0 60 83 207 521 1 0 1 "Assault"
0 0 60 83 207 522 1 0 1 "Assault"
0 0 60 83 207 523 1 0 1 "Assault"
0 0 60 83 207 524 1 0 1 "Assault"
0 0 60 83 207 525 1 0 1 "Assault"
0 0 60 83 207 526 1 0 1 "Assault"
0 0 60 83 207 527 1 0 1 "Assault"
0 0 60 83 207 528 1 0 1 "Assault"
0 0 60 83 207 529 1 0 1 "Assault"
0 0 60 83 207 530 1 0 1 "Assault"
0 0 60 83 207 531 1 0 1 "Assault"
0 0 60 83 207 532 1 0 1 "Assault"
0 0 60 83 207 533 1 0 1 "Assault"
0 0 60 83 207 534 1 0 1 "Assault"
0 0 60 83 207 535 1 0 1 "Assault"
0 0 60 83 207 536 1 0 1 "Assault"
0 0 60 83 207 537 1 0 1 "Assault"
0 0 60 83 207 538 1 0 1 "Assault"
0 0 60 83 207 539 1 0 1 "Assault"
0 0 60 83 207 540 1 0 1 "Assault"
0 0 60 83 207 541 1 0 1 "Assault"
0 0 60 83 207 542 1 0 1 "Assault"
0 0 60 83 207 543 1 0 1 "Assault"
0 0 60 83 207 544 1 0 1 "Assault"
0 0 60 83 207 545 1 0 1 "Assault"
0 0 60 83 207 546 1 0 1 "Assault"
0 0 60 83 207 547 1 0 1 "Assault"
0 0 60 83 207 548 1 0 1 "Assault"
0 0 60 83 207 549 1 0 1 "Assault"
0 0 60 83 207 550 1 0 1 "Assault"
0 0 60 83 207 551 1 0 1 "Assault"
0 0 60 83 207 552 1 0 1 "Assault"
0 0 60 83 207 553 1 0 1 "Assault"
0 0 60 83 207 554 1 0 1 "Assault"
0 0 60 83 207 555 1 0 1 "Assault"
0 0 60 83 207 556 1 0 1 "Assault"
0 0 60 83 207 557 1 0 1 "Assault"
0 0 60 83 207 558 1 0 1 "Assault"
0 0 60 83 207 559 1 0 1 "Assault"
0 0 60 83 207 560 1 0 1 "Assault"
0 0 60 83 207 561 1 0 1 "Assault"
0 0 60 83 207 562 1 0 1 "Assault"
0 0 60 83 207 563 1 0 1 "Assault"
0 0 60 83 207 564 1 0 1 "Assault"
0 0 60 83 207 565 1 0 1 "Assault"
0 0 60 83 207 566 1 0 1 "Assault"
0 0 60 83 207 567 1 0 1 "Assault"
0 0 60 83 207 568 1 0 1 "Assault"
0 0 60 83 207 569 1 0 1 "Assault"
0 0 60 83 207 570 1 0 1 "Assault"
0 0 60 83 207 571 1 0 1 "Assault"
0 0 60 83 207 572 1 0 1 "Assault"
0 0 60 83 207 573 1 0 1 "Assault"
0 0 60 83 207 574 1 0 1 "Assault"
0 0 60 83 207 575 1 0 1 "Assault"
0 0 60 83 207 576 1 0 1 "Assault"
0 0 60 83 207 577 1 0 1 "Assault"
0 0 60 83 207 578 1 0 1 "Assault"
0 0 60 83 207 579 1 0 1 "Assault"
0 0 60 83 207 580 1 0 1 "Assault"
0 0 60 83 207 581 1 0 1 "Assault"
0 0 60 83 207 582 1 0 1 "Assault"
0 0 60 83 207 583 1 0 1 "Assault"
0 0 60 83 207 584 1 0 1 "Assault"
0 0 60 83 207 585 1 0 1 "Assault"
0 0 60 83 207 586 1 0 1 "Assault"
0 0 60 83 207 587 1 0 1 "Assault"
0 0 60 83 207 588 1 0 1 "Assault"
0 0 60 83 207 589 1 0 1 "Assault"
0 0 60 83 207 590 1 0 1 "Assault"
0 0 60 83 207 591 1 0 1 "Assault"
0 0 60 83 207 592 1 0 1 "Assault"
0 0 60 83 207 593 1 0 1 "Assault"
0 0 60 83 207 594 1 0 1 "Assault"
0 0 60 83 207 595 1 0 1 "Assault"
0 0 60 83 207 596 1 0 1 "Assault"
0 0 60 83 207 597 1 0 1 "Assault"
0 0 60 83 207 598 1 0 1 "Assault"
0 0 60 83 207 599 1 0 1 "Assault"
0 0 60 83 207 600 1 0 1 "Assault"
0 0 60 83 207 601 1 0 1 "Assault"
0 0 60 83 207 602 1 0 1 "Assault"
0 0 60 83 207 603 1 0 1 "Assault"
0 0 60 83 207 604 1 0 1 "Assault"
0 0 60 83 207 605 1 0 1 "Assault"
0 0 60 83 207 606 1 0 1 "Assault"
0 0 60 83 207 607 1 0 1 "Assault"
0 0 60 83 207 608 1 0 1 "Assault"
0 0 60 83 207 609 1 0 1 "Assault"
0 0 60 83 207 610 1 0 1 "Assault"
0 0 60 83 207 611 1 0 1 "Assault"
0 0 60 83 207 612 1 0 1 "Assault"
0 0 60 83 207 613 1 0 1 "Assault"
0 0 60 83 207 614 1 0 1 "Assault"
0 0 60 83 207 615 1 0 1 "Assault"
0 0 60 83 207 616 1 0 1 "Assault"
0 0 60 83 207 617 1 0 1 "Assault"
0 0 60 83 207 618 1 0 1 "Assault"
0 0 60 83 207 619 1 0 1 "Assault"
0 0 60 83 207 620 1 0 1 "Assault"
0 0 60 83 207 621 1 0 1 "Assault"
0 0 60 83 207 622 1 0 1 "Assault"
0 0 60 83 207 623 1 0 1 "Assault"
0 0 60 83 207 624 1 0 1 "Assault"
0 0 60 83 207 625 1 0 1 "Assault"
0 0 60 83 207 626 1 0 1 "Assault"
0 0 60 83 207 627 1 0 1 "Assault"
0 0 60 83 207 628 1 0 1 "Assault"
0 0 60 83 207 629 1 0 1 "Assault"
0 0 60 83 207 630 1 0 1 "Assault"
0 0 60 83 207 631 1 0 1 "Assault"
0 0 60 83 207 632 1 0 1 "Assault"
0 0 60 83 207 633 1 0 1 "Assault"
0 0 60 83 207 634 1 0 1 "Assault"
0 0 60 83 207 635 1 0 1 "Assault"
0 0 60 83 207 636 1 0 1 "Assault"
0 0 60 83 207 637 1 0 1 "Assault"
0 0 60 83 207 638 1 0 1 "Assault"
0 0 60 83 207 639 1 0 1 "Assault"
0 0 60 83 207 640 1 0 1 "Assault"
0 0 60 83 207 641 1 0 1 "Assault"
0 0 60 83 207 642 1 0 1 "Assault"
0 0 60 83 207 643 1 0 1 "Assault"
0 0 60 83 207 644 1 0 1 "Assault"
0 0 60 83 207 645 1 0 1 "Assault"
0 0 60 83 207 646 1 0 1 "Assault"
0 0 60 83 207 647 1 0 1 "Assault"
0 0 60 83 207 648 1 0 1 "Assault"
0 0 60 83 207 649 1 0 1 "Assault"
0 0 60 83 207 650 1 0 1 "Assault"
0 0 60 83 207 651 1 0 1 "Assault"
0 0 60 83 207 652 1 0 1 "Assault"
0 0 60 83 207 653 1 0 1 "Assault"
0 0 60 83 207 654 1 0 1 "Assault"
0 0 60 83 207 655 1 0 1 "Assault"
0 0 60 83 207 656 1 0 1 "Assault"
0 0 60 83 207 657 1 0 1 "Assault"
0 0 60 83 207 658 1 0 1 "Assault"
0 0 60 83 207 659 1 0 1 "Assault"
0 0 60 83 207 660 1 0 1 "Assault"
0 0 60 83 207 661 1 0 1 "Assault"
0 0 60 83 207 662 1 0 1 "Assault"
0 0 60 83 207 663 1 0 1 "Assault"
0 0 60 83 207 664 1 0 1 "Assault"
0 0 60 83 207 665 1 0 1 "Assault"
0 0 60 83 207 666 1 0 1 "Assault"
0 0 60 83 207 667 1 0 1 "Assault"
0 0 60 83 207 668 1 0 1 "Assault"
0 0 60 83 207 669 1 0 1 "Assault"
0 0 60 83 207 670 1 0 1 "Assault"
0 0 60 83 207 671 1 0 1 "Assault"
0 0 60 83 207 672 1 0 1 "Assault"
0 0 60 83 207 673 1 0 1 "Assault"
0 0 60 83 207 674 1 0 1 "Assault"
0 0 60 83 207 675 1 0 1 "Assault"
0 0 60 83 207 676 1 0 1 "Assault"
0 0 60 83 207 677 1 0 1 "Assault"
0 0 60 83 207 678 1 0 1 "Assault"
0 0 60 83 207 679 1 0 1 "Assault"
0 0 60 83 207 680 1 0 1 "Assault"
0 0 60 83 207 681 1 0 1 "Assault"
0 0 60 83 207 682 1 0 1 "Assault"
0 0 60 83 207 683 1 0 1 "Assault"
0 0 60 83 207 684 1 0 1 "Assault"
0 0 60 83 207 685 1 0 1 "Assault"
0 0 60 83 207 686 1 0 1 "Assault"
0 0 60 83 207 687 1 0 1 "Assault"
0 0 60 83 207 688 1 0 1 "Assault"
0 0 60 83 207 689 1 0 1 "Assault"
0 0 60 83 207 690 1 0 1 "Assault"
0 0 60 83 207 691 1 0 1 "Assault"
0 0 60 83 207 692 1 0 1 "Assault"
0 0 60 83 207 693 1 0 1 "Assault"
0 0 60 83 207 694 1 0 1 "Assault"
0 0 60 83 207 695 1 0 1 "Assault"
0 0 60 83 207 696 1 0 1 "Assault"
0 0 60 83 207 697 1 0 1 "Assault"
0 0 60 83 207 698 1 0 1 "Assault"
0 0 60 83 207 699 1 0 1 "Assault"
0 0 60 83 207 700 1 0 1 "Assault"
0 0 60 83 207 701 1 0 1 "Assault"
0 0 60 83 207 702 1 0 1 "Assault"
0 0 60 83 207 703 1 0 1 "Assault"
0 0 60 83 207 704 1 0 1 "Assault"
0 0 60 83 207 705 1 0 1 "Assault"
0 0 60 83 207 706 1 0 1 "Assault"
0 0 60 83 207 707 1 0 1 "Assault"
0 0 60 83 207 708 1 0 1 "Assault"
0 0 60 83 207 709 1 0 1 "Assault"
0 0 60 83 207 710 1 0 1 "Assault"
0 0 60 83 207 711 1 0 1 "Assault"
0 0 60 83 207 712 1 0 1 "Assault"
0 0 60 83 207 713 1 0 1 "Assault"
0 0 60 83 207 714 1 0 1 "Assault"
0 0 60 83 207 715 1 0 1 "Assault"
0 0 60 83 207 716 1 0 1 "Assault"
0 0 60 83 207 717 1 0 1 "Assault"
0 0 60 83 207 718 1 0 1 "Assault"
0 0 60 83 207 719 1 0 1 "Assault"
0 0 60 83 207 720 1 0 1 "Assault"
0 0 60 83 207 721 1 0 1 "Assault"
0 0 60 83 207 722 1 0 1 "Assault"
0 0 60 83 207 723 1 0 1 "Assault"
0 0 60 83 207 724 1 0 1 "Assault"
0 0 60 83 207 725 1 0 1 "Assault"
0 0 60 83 207 726 1 0 1 "Assault"
0 0 60 83 207 727 1 0 1 "Assault"
0 0 60 83 207 728 1 0 1 "Assault"
0 0 60 83 207 729 1 0 1 "Assault"
0 0 60 83 207 730 1 0 1 "Assault"
0 0 60 83 207 731 1 0 1 "Assault"
0 0 60 83 207 732 1 0 1 "Assault"
0 0 60 83 207 733 1 0 1 "Assault"
0 0 60 83 207 734 1 0 1 "Assault"
0 0 60 83 207 735 1 0 1 "Assault"
0 0 60 83 207 736 1 0 1 "Assault"
0 0 60 83 207 737 1 0 1 "Assault"
0 0 60 83 207 738 1 0 1 "Assault"
0 0 60 83 207 739 1 0 1 "Assault"
0 0 60 83 207 740 1 0 1 "Assault"
0 0 60 83 207 741 1 0 1 "Assault"
0 0 60 83 207 742 1 0 1 "Assault"
0 0 60 83 207 743 1 0 1 "Assault"
0 0 60 83 207 744 1 0 1 "Assault"
0 0 60 83 207 745 1 0 1 "Assault"
0 0 60 83 207 746 1 0 1 "Assault"
0 0 60 83 207 747 1 0 1 "Assault"
0 0 60 83 207 748 1 0 1 "Assault"
0 0 60 83 207 749 1 0 1 "Assault"
0 0 60 83 207 750 1 0 1 "Assault"
0 0 60 83 207 751 1 0 1 "Assault"
0 0 60 83 207 752 1 0 1 "Assault"
0 0 60 83 207 753 1 0 1 "Assault"
0 0 60 83 207 754 1 0 1 "Assault"
0 0 60 83 207 755 1 0 0 "Assault"
