0 202 79 276 180 0 1 0 0 "Assault"
0 201 79 276 179 1 1 0 1 "Assault"
0 201 79 276 179 2 1 0 1 "Assault"
0 201 79 276 179 3 1 0 1 "Assault"
0 201 79 276 179 4 1 0 1 "Assault"
0 201 79 276 179 5 1 0 1 "Assault"
0 201 79 276 179 6 1 0 1 "Assault"
0 201 79 276 179 7 1 0 1 "Assault"
0 201 79 276 179 8 1 0 1 "Assault"
0 201 79 276 179 9 1 0 1 "Assault"
0 201 79 276 179 10 1 0 1 "Assault"
0 201 79 276 179 11 1 0 1 "Assault"
0 201 79 276 179 12 1 0 1 "Assault"
0 201 79 276 179 13 1 0 1 "Assault"
0 201 79 276 179 14 1 0 1 "Assault"
0 201 79 276 179 15 1 0 1 "Assault"
0 201 79 276 179 16 1 0 1 "Assault"
0 201 79 276 179 17 1 0 1 "Assault"
0 201 79 276 179 18 1 0 1 "Assault"
0 201 79 276 179 19 1 0 1 "Assault"
0 201 79 276 179 20 1 0 1 "Assault"
0 201 79 276 179 21 1 0 1 "Assault"
0 201 79 276 179 22 1 0 1 "Assault"
0 201 79 276 179 23 1 0 1 "Assault"
0 201 79 276 179 24 1 0 1 "Assault"
0 201 79 276 179 25 1 0 1 "Assault"
0 201 79 276 179 26 1 0 1 "Assault"
0 201 79 276 179 27 1 0 1 "Assault"
0 201 79 276 179 28 1 0 1 "Assault"
0 201 79 276 179 29 1 0 1 "Assault"
0 201 79 276 179 30 1 0 1 "Assault"
0 201 79 276 179 31 1 0 1 "Assault"
0 201 79 276 179 32 1 0 1 "Assault"
0 201 79 276 179 33 1 0 1 "Assault"
0 201 79 276 179 34 1 0 1 "Assault"
0 201 79 276 179 35 1 0 1 "Assault"
0 201 79 276 179 36 1 0 1 "Assault"
0 201 79 276 179 37 1 0 1 "Assault"
0 201 79 276 179 38 1 0 1 "Assault"
0 201 79 276 179 39 1 0 1 "Assault"
0 201 79 276 179 40 1 0 1 "Assault"
0 201 79 276 179 41 1 0 1 "Assault"
0 201 79 276 179 42 1 0 1 "Assault"
0 201 79 276 179 43 1 0 1 "Assault"
0 201 79 276 179 44 1 0 1 "Assault"
0 201 79 276 179 45 1 0 1 "Assault"
0 201 79 276 179 46 1 0 1 "Assault"
0 201 79 276 179 47 1 0 1 "Assault"
0 201 79 276 179 48 1 0 1 "Assault"
0 201 79 276 179 49 1 0 1 "Assault"
0 201 79 276 179 50 1 0 1 "Assault"
0 201 79 276 179 51 1 0 1 "Assault"
0 201 79 276 179 52 1 0 1 "Assault"
0 201 79 276 179 53 1 0 1 "Assault"
0 201 79 276 179 54 1 0 1 "Assault"
0 201 79 276 179 55 1 0 1 "Assault"
0 201 79 276 179 56 1 0 1 "Assault"
0 201 79 276 179 57 1 0 1 "Assault"
0 201 79 276 179 58 1 0 1 "Assault"
0 200 79 276 179 59 1 0 1 "Assault"
0 200 79 276 179 60 1 0 1 "Assault"
0 200 79 276 179 61 1 0 1 "Assault"
0 200 79 276 179 62 1 0 1 "Assault"
0 200 79 276 179 63 1 0 1 "Assault"
0 200 79 276 179 64 1 0 1 "Assault"
0 200 79 276 179 65 1 0 1 "Assault"
0 200 79 276 179 66 1 0 1 "Assault"
0 200 79 276 179 67 1 0 1 "Assault"
0 200 79 276 179 68 1 0 1 "Assault"
0 200 79 276 179 69 1 0 1 "Assault"
0 200 79 276 179 70 1 0 1 "Assault"
0 200 79 276 179 71 1 0 1 "Assault"
0 200 79 276 179 72 1 0 1 "Assault"
0 200 79 276 179 73 1 0 1 "Assault"
0 200 79 276 179 74 1 0 1 "Assault"
0 200 79 276 179 75 1 0 1 "Assault"
0 200 79 276 179 76 1 0 1 "Assault"
0 200 79 276 179 77 1 0 1 "Assault"
0 200 79 276 179 78 1 0 1 "Assault"
0 200 79 276 179 79 1 0 1 "Assault"
0 200 79 276 179 80 1 0 1 "Assault"
0 200 79 276 179 81 1 0 1 "Assault"
0 200 79 276 179 82 1 0 1 "Assault"
0 200 79 276 179 83 1 0 1 "Assault"
0 200 79 276 179 84 1 0 1 "Assault"
0 200 79 276 179 85 1 0 1 "Assault"
0 200 79 276 179 86 1 0 1 "Assault"
0 200 79 276 179 87 1 0 1 "Assault"
0 200 79 276 179 88 1 0 1 "Assault"
0 200 79 276 179 89 1 0 1 "Assault"
0 200 79 276 179 90 1 0 1 "Assault"
0 200 79 276 179 91 1 0 1 "Assault"
0 200 79 276 179 92 1 0 1 "Assault"
0 200 79 276 179 93 1 0 1 "Assault"
0 200 79 276 179 94 1 0 1 "Assault"
0 200 79 276 179 95 1 0 1 "Assault"
0 200 79 276 179 96 1 0 1 "Assault"
0 200 79 276 179 97 1 0 1 "Assault"
0 200 79 276 179 98 1 0 1 "Assault"
0 200 79 276 179 99 1 0 1 "Assault"
0 200 79 276 179 100 1 0 1 "Assault"
0 200 79 276 179 101 1 0 1 "Assault"
0 200 79 276 179 102 1 0 1 "Assault"
0 200 79 276 179 103 1 0 1 "Assault"
0 200 79 276 179 104 1 0 1 "Assault"
0 200 79 276 179 105 1 0 1 "Assault"
0 200 79 276 179 106 1 0 1 "Assault"
0 200 79 276 179 107 1 0 1 "Assault"
0 200 79 276 179 108 1 0 1 "Assault"
0 200 79 276 179 109 1 0 1 "Assault"
0 200 79 276 179 110 1 0 1 "Assault"
0 200 79 276 179 111 1 0 1 "Assault"
0 200 79 276 179 112 1 0 1 "Assault"
0 200 79 276 179 113 1 0 1 "Assault"
0 200 79 276 179 114 1 0 1 "Assault"
0 200 79 276 179 115 1 0 1 "Assault"
0 200 79 276 179 116 1 0 1 "Assault"
0 199 79 276 179 117 1 0 1 "Assault"
0 199 79 276 179 118 1 0 1 "Assault"
0 199 79 276 179 119 1 0 1 "Assault"
0 199 79 276 179 120 1 0 1 "Assault"
0 199 79 276 179 121 1 0 1 "Assault"
0 199 79 276 179 122 1 0 1 "Assault"
0 199 79 276 179 123 1 0 1 "Assault"
0 199 79 276 179 124 1 0 1 "Assault"
0 199 79 276 179 125 1 0 1 "Assault"
0 199 79 276 179 126 1 0 1 "Assault"
0 199 79 276 179 127 1 0 1 "Assault"
0 199 79 276 179 128 1 0 1 "Assault"
0 199 79 276 179 129 1 0 1 "Assault"
0 199 79 276 179 130 1 0 1 "Assault"
0 199 79 276 179 131 1 0 1 "Assault"
0 199 79 276 179 132 1 0 1 "Assault"
0 199 79 276 179 133 1 0 1 "Assault"
0 199 79 276 179 134 1 0 1 "Assault"
0 199 79 276 179 135 1 0 1 "Assault"
0 199 79 276 179 136 1 0 1 "Assault"
0 199 79 276 179 137 1 0 1 "Assault"
0 199 79 276 179 138 1 0 1 "Assault"
0 199 79 276 179 139 1 0 1 "Assault"
0 199 79 276 179 140 1 0 1 "Assault"
0 199 79 276 179 141 1 0 1 "Assault"
0 199 79 276 179 142 1 0 1 "Assault"
0 199 79 276 179 143 1 0 1 "Assault"
0 199 79 276 179 144 1 0 1 "Assault"
0 199 79 276 179 145 1 0 1 "Assault"
0 199 79 276 179 146 1 0 1 "Assault"
0 199 79 276 179 147 1 0 1 "Assault"
0 199 79 276 179 148 1 0 1 "Assault"
0 199 79 276 179 149 1 0 1 "Assault"
0 199 79 276 179 150 1 0 1 "Assault"
0 199 79 276 179 151 1 0 1 "Assault"
0 199 79 276 179 152 1 0 1 "Assault"
0 199 79 276 179 153 1 0 1 "Assault"
0 199 79 276 179 154 1 0 1 "Assault"
0 199 79 276 179 155 1 0 1 "Assault"
0 199 79 276 179 156 1 0 1 "Assault"
0 199 79 276 179 157 1 0 1 "Assault"
0 199 79 276 179 158 1 0 1 "Assault"
0 199 79 276 179 159 1 0 1 "Assault"
0 199 79 276 179 160 1 0 1 "Assault"
0 199 79 276 179 161 1 0 1 "Assault"
0 199 79 276 179 162 1 0 1 "Assault"
0 199 79 276 179 163 1 0 1 "Assault"
0 199 79 276 179 164 1 0 1 "Assault"
0 199 79 276 179 165 1 0 1 "Assault"
0 199 79 276 179 166 1 0 1 "Assault"
0 199 79 276 179 167 1 0 1 "Assault"
0 199 79 276 179 168 1 0 1 "Assault"
0 199 79 276 179 169 1 0 1 "Assault"
0 199 79 276 179 170 1 0 1 "Assault"
0 199 79 276 179 171 1 0 1 "Assault"
0 199 79 276 179 172 1 0 1 "Assault"
0 199 79 276 179 173 1 0 1 "Assault"
0 199 79 276 179 174 1 0 1 "Assault"
0 199 79 276 179 175 1 0 1 "Assault"
0 198 79 276 179 176 1 0 1 "Assault"
0 198 79 276 179 177 1 0 1 "Assault"
0 198 79 276 179 178 1 0 1 "Assault"
0 198 79 276 179 179 1 0 1 "Assault"
0 198 79 276 179 180 1 0 1 "Assault"
0 198 79 276 179 181 1 0 1 "Assault"
0 198 79 276 179 182 1 0 1 "Assault"
0 198 79 276 179 183 1 0 1 "Assault"
0 198 79 276 179 184 1 0 1 "Assault"
0 198 79 276 179 185 1 0 1 "Assault"
0 198 79 276 179 186 1 0 1 "Assault"
0 198 79 276 179 187 1 0 1 "Assault"
0 198 79 276 179 188 1 0 1 "Assault"
0 198 79 276 179 189 1 0 1 "Assault"
0 198 79 276 179 190 1 0 1 "Assault"
0 198 79 276 179 191 1 0 1 "Assault"
0 198 79 276 179 192 1 0 1 "Assault"
0 198 79 276 179 193 1 0 1 "Assault"
0 198 79 276 179 194 1 0 1 "Assault"
0 198 79 276 179 195 1 0 1 "Assault"
0 198 79 276 179 196 1 0 1 "Assault"
0 198 79 276 179 197 1 0 1 "Assault"
0 198 79 276 179 198 1 0 1 "Assault"
0 198 79 276 179 199 1 0 1 "Assault"
0 198 79 276 179 200 1 0 1 "Assault"
0 198 79 276 179 201 1 0 1 "Assault"
0 198 79 276 179 202 1 0 1 "Assault"
0 198 79 276 179 203 1 0 1 "Assault"
0 198 79 276 179 204 1 0 1 "Assault"
0 198 79 276 179 205 1 0 1 "Assault"
0 198 79 276 179 206 1 0 1 "Assault"
0 198 79 276 179 207 1 0 1 "Assault"
0 198 79 276 179 208 1 0 1 "Assault"
0 198 79 276 179 209 1 0 1 "Assault"
0 198 79 276 179 210 1 0 1 "Assault"
0 198 79 276 179 211 1 0 1 "Assault"
0 198 79 276 179 212 1 0 1 "Assault"
0 198 79 276 179 213 1 0 1 "Assault"
0 198 79 276 179 214 1 0 1 "Assault"
0 198 79 276 179 215 1 0 1 "Assault"
0 198 79 276 179 216 1 0 1 "Assault"
0 198 79 276 179 217 1 0 1 "Assault"
0 198 79 276 179 218 1 0 1 "Assault"
0 198 79 276 179 219 1 0 1 "Assault"
0 198 79 276 179 220 1 0 1 "Assault"
0 198 79 276 179 221 1 0 1 "Assault"
0 198 79 276 179 222 1 0 1 "Assault"
0 198 79 276 179 223 1 0 1 "Assault"
0 198 79 276 179 224 1 0 1 "Assault"
0 198 79 276 179 225 1 0 1 "Assault"
0 198 79 276 179 226 1 0 1 "Assault"
0 198 79 276 179 227 1 0 1 "Assault"
0 198 79 276 179 228 1 0 1 "Assault"
0 198 79 276 179 229 1 0 1 "Assault"
0 198 79 276 179 230 1 0 1 "Assault"
0 198 79 276 179 231 1 0 1 "Assault"
0 198 79 276 179 232 1 0 1 "Assault"
0 198 79 276 179 233 1 0 1 "Assault"
0 197 79 276 179 234 1 0 1 "Assault"
0 197 79 276 179 235 1 0 1 "Assault"
0 197 79 276 179 236 1 0 1 "Assault"
0 197 79 276 179 237 1 0 1 "Assault"
0 197 79 276 179 238 1 0 1 "Assault"
0 197 79 276 179 239 1 0 1 "Assault"
0 197 79 276 179 240 1 0 1 "Assault"
0 197 79 276 179 241 1 0 1 "Assault"
0 197 79 276 179 242 1 0 1 "Assault"
0 197 79 276 179 243 1 0 1 "Assault"
0 197 79 276 179 244 1 0 1 "Assault"
0 197 79 276 179 245 1 0 1 "Assault"
0 197 79 276 179 246 1 0 1 "Assault"
0 197 79 276 179 247 1 0 1 "Assault"
0 197 79 276 179 248 1 0 1 "Assault"
0 197 79 276 179 249 1 0 1 "Assault"
0 197 79 276 179 250 1 0 1 "Assault"
0 197 79 276 179 251 1 0 1 "Assault"
0 197 79 276 179 252 1 0 1 "Assault"
0 197 79 276 179 253 1 0 1 "Assault"
0 197 79 276 179 254 1 0 1 "Assault"
0 197 79 276 179 255 1 0 1 "Assault"
0 197 79 276 179 256 1 0 1 "Assault"
0 197 79 276 179 257 1 0 1 "Assault"
0 197 79 276 179 258 1 0 1 "Assault"
0 197 79 276 179 259 1 0 1 "Assault"
0 197 79 276 179 260 1 0 1 "Assault"
0 197 79 276 179 261 1 0 1 "Assault"
0 197 79 276 179 262 1 0 1 "Assault"
0 197 79 276 179 263 1 0 1 "Assault"
0 197 79 276 179 264 1 0 1 "Assault"
0 197 79 276 179 265 1 0 1 "Assault"
0 197 79 276 179 266 1 0 1 "Assault"
0 197 79 276 179 267 1 0 1 "Assault"
0 197 79 276 179 268 1 0 1 "Assault"
0 197 79 276 179 269 1 0 1 "Assault"
0 197 79 276 179 270 1 0 1 "Assault"
0 197 79 276 179 271 1 0 1 "Assault"
0 197 79 276 179 272 1 0 1 "Assault"
0 197 79 276 179 273 1 0 1 "Assault"
0 197 79 276 179 274 1 0 1 "Assault"
0 197 79 276 179 275 1 0 1 "Assault"
0 197 79 276 179 276 1 0 1 "Assault"
0 197 79 276 179 277 1 0 1 "Assault"
0 197 79 276 179 278 1 0 1 "Assault"
0 197 79 276 179 279 1 0 1 "Assault"
0 197 79 276 179 280 1 0 1 "Assault"
0 197 79 276 179 281 1 0 1 "Assault"
0 197 79 276 179 282 1 0 1 "Assault"
0 197 79 276 179 283 1 0 1 "Assault"
0 197 79 276 179 284 1 0 1 "Assault"
0 197 79 276 179 285 1 0 1 "Assault"
0 197 79 276 179 286 1 0 1 "Assault"
0 197 79 276 179 287 1 0 1 "Assault"
0 197 79 276 179 288 1 0 1 "Assault"
0 197 79 276 179 289 1 0 1 "Assault"
0 197 79 276 179 290 1 0 1 "Assault"
0 197 79 276 179 291 1 0 1 "Assault"
0 197 79 276 179 292 1 0 1 "Assault"
0 196 79 276 179 293 1 0 1 "Assault"
0 196 79 276 179 294 1 0 1 "Assault"
0 196 79 276 179 295 1 0 1 "Assault"
0 196 79 276 179 296 1 0 1 "Assault"
0 196 79 276 179 297 1 0 1 "Assault"
0 196 79 276 179 298 1 0 1 "Assault"
0 196 79 276 179 299 1 0 1 "Assault"
0 196 79 276 179 300 1 0 1 "Assault"
0 196 79 276 179 301 1 0 1 "Assault"
0 196 79 276 179 302 1 0 1 "Assault"
0 196 79 276 179 303 1 0 1 "Assault"
0 196 79 276 179 304 1 0 1 "Assault"
0 196 79 276 179 305 1 0 1 "Assault"
0 196 79 276 179 306 1 0 1 "Assault"
0 196 79 276 179 307 1 0 1 "Assault"
0 196 79 276 179 308 1 0 1 "Assault"
0 196 79 276 179 309 1 0 1 "Assault"
0 196 79 276 179 310 1 0 1 "Assault"
0 196 79 276 179 311 1 0 1 "Assault"
0 196 79 276 179 312 1 0 1 "Assault"
0 196 79 276 179 313 1 0 1 "Assault"
0 196 79 276 179 314 1 0 1 "Assault"
0 196 79 276 179 315 1 0 1 "Assault"
0 196 79 276 179 316 1 0 1 "Assault"
0 196 79 276 179 317 1 0 1 "Assault"
0 196 79 276 179 318 1 0 1 "Assault"
0 196 79 276 179 319 1 0 1 "Assault"
0 196 79 276 179 320 1 0 1 "Assault"
0 196 79 276 179 321 1 0 1 "Assault"
0 196 79 276 179 322 1 0 1 "Assault"
0 196 79 276 179 323 1 0 1 "Assault"
0 196 79 276 179 324 1 0 1 "Assault"
0 196 79 276 179 325 1 0 1 "Assault"
0 196 79 276 179 326 1 0 1 "Assault"
0 196 79 276 179 327 1 0 1 "Assault"
0 196 79 276 179 328 1 0 1 "Assault"
0 196 79 276 179 329 1 0 1 "Assault"
0 196 79 276 179 330 1 0 1 "Assault"
0 196 79 276 179 331 1 0 1 "Assault"
0 196 79 276 179 332 1 0 1 "Assault"
0 196 79 276 179 333 1 0 1 "Assault"
0 196 79 276 179 334 1 0 1 "Assault"
0 196 79 276 179 335 1 0 1 "Assault"
0 196 79 276 179 336 1 0 1 "Assault"
0 196 79 276 179 337 1 0 1 "Assault"
0 196 79 276 179 338 1 0 1 "Assault"
0 196 79 276 179 339 1 0 1 "Assault"
0 196 79 276 179 340 1 0 1 "Assault"
0 196 79 276 179 341 1 0 1 "Assault"
0 196 79 276 179 342 1 0 1 "Assault"
0 196 79 276 179 343 1 0 1 "Assault"
0 196 79 276 179 344 1 0 1 "Assault"
0 196 79 276 179 345 1 0 1 "Assault"
0 196 79 276 179 346 1 0 1 "Assault"
0 196 79 276 179 347 1 0 1 "Assault"
0 196 79 276 179 348 1 0 1 "Assault"
0 196 79 276 179 349 1 0 1 "Assault"
0 196 79 276 179 350 1 0 1 "Assault"
0 195 79 276 179 351 1 0 1 "Assault"
0 195 79 276 179 352 1 0 1 "Assault"
0 195 79 276 179 353 1 0 1 "Assault"
0 195 79 276 179 354 1 0 1 "Assault"
0 195 79 276 179 355 1 0 1 "Assault"
0 195 79 276 179 356 1 0 1 "Assault"
0 195 79 276 179 357 1 0 1 "Assault"
0 195 79 276 179 358 1 0 1 "Assault"
0 195 79 276 179 359 1 0 1 "Assault"
0 195 79 276 179 360 1 0 1 "Assault"
0 195 79 276 179 361 1 0 1 "Assault"
0 195 79 276 179 362 1 0 1 "Assault"
0 195 79 276 179 363 1 0 1 "Assault"
0 195 79 276 179 364 1 0 1 "Assault"
0 195 79 276 179 365 1 0 1 "Assault"
0 195 79 276 179 366 1 0 1 "Assault"
0 195 79 276 179 367 1 0 1 "Assault"
0 195 79 276 179 368 1 0 1 "Assault"
0 195 79 276 179 369 1 0 1 "Assault"
0 195 79 276 179 370 1 0 1 "Assault"
0 195 79 276 179 371 1 0 1 "Assault"
0 195 79 276 179 372 1 0 1 "Assault"
0 195 79 276 179 373 1 0 1 "Assault"
0 195 79 276 179 374 1 0 1 "Assault"
0 195 79 276 179 375 1 0 1 "Assault"
0 195 79 276 179 376 1 0 1 "Assault"
0 195 79 276 179 377 1 0 1 "Assault"
0 195 79 276 179 378 1 0 1 "Assault"
0 195 79 276 179 379 1 0 1 "Assault"
0 195 79 276 179 380 1 0 1 "Assault"
0 195 79 276 179 381 1 0 1 "Assault"
0 195 79 276 179 382 1 0 1 "Assault"
0 195 79 276 179 383 1 0 1 "Assault"
0 195 79 276 179 384 1 0 1 "Assault"
0 195 79 276 179 385 1 0 1 "Assault"
0 195 79 276 179 386 1 0 1 "Assault"
0 195 79 276 179 387 1 0 1 "Assault"
0 195 79 276 179 388 1 0 1 "Assault"
0 195 79 276 179 389 1 0 1 "Assault"
0 195 79 276 179 390 1 0 1 "Assault"
0 195 79 276 179 391 1 0 1 "Assault"
0 195 79 276 179 392 1 0 1 "Assault"
0 195 79 276 179 393 1 0 1 "Assault"
0 195 79 276 179 394 1 0 1 "Assault"
0 195 79 276 179 395 1 0 1 "Assault"
0 195 79 276 179 396 1 0 1 "Assault"
0 195 79 276 179 397 1 0 1 "Assault"
0 195 79 276 179 398 1 0 1 "Assault"
0 195 79 276 179 399 1 0 1 "Assault"
0 195 79 276 179 400 1 0 1 "Assault"
0 195 79 276 179 401 1 0 1 "Assault"
0 195 79 276 179 402 1 0 1 "Assault"
0 195 79 276 179 403 1 0 1 "Assault"
0 195 79 276 179 404 1 0 1 "Assault"
0 195 79 276 179 405 1 0 1 "Assault"
0 195 79 276 179 406 1 0 1 "Assault"
0 195 79 276 179 407 1 0 1 "Assault"
0 195 79 276 179 408 1 0 1 "Assault"
0 195 79 277 179 409 0 0 0 "Assault"
0 196 79 277 179 410 0 0 1 "Assault"
0 198 79 278 179 411 0 0 1 "Assault"
0 200 80 279 180 412 0 0 1 "Assault"
0 202 80 279 180 413 0 0 1 "Assault"
0 203 81 280 180 414 0 0 1 "Assault"
0 205 81 281 181 415 0 0 1 "Assault"
0 207 81 281 181 416 0 0 1 "Assault"
0 209 82 282 181 417 0 0 1 "Assault"
0 210 82 283 182 418 0 0 1 "Assault"
0 212 83 283 182 419 0 0 1 "Assault"
0 214 83 284 182 420 0 0 1 "Assault"
0 216 84 285 183 421 0 0 0 "Assault"
0 215 83 284 182 422 0 0 1 "Assault"
0 215 83 284 182 423 0 0 1 "Assault"
0 214 83 283 182 424 0 0 1 "Assault"
0 214 83 283 182 425 0 0 1 "Assault"
0 214 83 283 182 426 0 0 1 "Assault"
0 213 83 282 182 427 0 0 1 "Assault"
0 213 82 282 181 428 0 0 1 "Assault"
0 212 82 281 181 429 0 0 1 "Assault"
0 212 82 281 181 430 0 0 1 "Assault"
0 212 82 281 181 431 0 0 1 "Assault"
0 211 82 280 181 432 0 0 1 "Assault"
0 211 82 280 181 433 0 0 1 "Assault"
0 211 82 280 181 434 0 0 0 "Assault"
0 211 83 280 182 435 0 0 1 "Assault"
0 211 84 280 183 436 0 0 1 "Assault"
0 211 85 280 184 437 0 0 1 "Assault"
0 212 86 281 185 438 0 0 1 "Assault"
0 212 87 281 186 439 0 0 1 "Assault"
0 212 88 281 187 440 0 0 1 "Assault"
0 213 89 282 188 441 0 0 0 "Assault"
0 213 90 282 189 442 0 0 1 "Assault"
0 213 91 282 190 443 0 0 1 "Assault"
0 213 92 282 191 444 0 0 1 "Assault"
0 214 94 283 193 445 0 0 0 "Assault"
0 212 94 281 193 446 0 0 1 "Assault"
0 211 94 280 193 447 0 0 1 "Assault"
0 209 94 278 193 448 0 0 1 "Assault"
0 208 94 277 193 449 0 0 1 "Assault"
0 207 94 276 193 450 0 0 0 "Assault"
0 207 94 277 192 451 0 0 1 "Assault"
0 207 94 278 192 452 0 0 1 "Assault"
0 207 94 279 192 453 0 0 0 "Assault"
0 206 93 278 191 454 0 0 1 "Assault"
0 206 92 278 190 455 0 0 1 "Assault"
0 205 92 277 190 456 0 0 1 "Assault"
0 205 91 277 189 457 0 0 1 "Assault"
0 204 91 276 189 458 0 0 1 "Assault"
0 204 90 276 188 459 0 0 1 "Assault"
0 203 90 275 188 460 0 0 1 "Assault"
0 203 89 275 187 461 0 0 1 "Assault"
0 203 89 275 187 462 0 0 0 "Assault"
0 202 88 274 186 463 0 0 1 "Assault"
0 202 87 274 185 464 0 0 1 "Assault"
0 202 86 274 184 465 0 0 1 "Assault"
0 201 85 273 183 466 0 0 1 "Assault"
0 201 84 273 182 467 0 0 1 "Assault"
0 201 83 273 181 468 0 0 0 "Assault"
0 201 83 273 181 469 0 0 1 "Assault"
0 202 83 274 181 470 0 0 1 "Assault"
0 202 83 274 181 471 0 0 1 "Assault"
0 203 83 275 181 472 0 0 1 "Assault"
0 203 83 275 181 473 0 0 1 "Assault"
0 204 83 276 181 474 0 0 1 "Assault"
0 205 83 277 181 475 0 0 0 "Assault"
0 205 83 277 181 476 0 0 1 "Assault"
0 205 83 277 181 477 0 0 1 "Assault"
0 205 83 277 181 478 0 0 1 "Assault"
0 205 83 277 181 479 0 0 1 "Assault"
0 205 83 277 181 480 0 0 1 "Assault"
0 205 83 277 181 481 0 0 1 "Assault"
0 205 83 277 181 482 0 0 1 "Assault"
0 206 84 278 182 483 0 0 1 "Assault"
0 206 84 278 182 484 0 0 1 "Assault"
0 206 84 278 182 485 0 0 1 "Assault"
0 206 84 278 182 486 0 0 1 "Assault"
0 206 84 278 182 487 0 0 1 "Assault"
0 206 84 278 182 488 0 0 1 "Assault"
0 206 84 278 182 489 0 0 1 "Assault"
0 207 85 279 183 490 0 0 0 "Assault"
0 206 85 278 182 491 0 0 1 "Assault"
0 205 85 278 182 492 0 0 1 "Assault"
0 204 85 278 181 493 0 0 1 "Assault"
0 204 85 278 181 494 0 0 1 "Assault"
0 203 85 278 181 495 0 0 1 "Assault"
0 202 85 277 180 496 0 0 1 "Assault"
0 202 85 277 180 497 0 0 1 "Assault"
0 201 85 277 180 498 0 0 1 "Assault"
0 200 85 277 179 499 0 0 1 "Assault"
0 200 85 277 179 500 0 0 1 "Assault"
0 199 85 276 178 501 0 0 1 "Assault"
0 198 85 276 178 502 0 0 1 "Assault"
0 198 85 276 178 503 0 0 1 "Assault"
0 197 85 276 177 504 0 0 1 "Assault"
0 196 85 276 177 505 0 0 1 "Assault"
0 196 85 276 177 506 0 0 0 "Assault"
0 194 85 276 177 507 0 0 1 "Assault"
0 192 85 276 177 508 0 0 1 "Assault"
0 190 85 276 177 509 0 0 1 "Assault"
0 188 85 277 177 510 0 0 0 "Assault"
0 194 85 277 177 511 0 0 1 "Assault"
0 200 85 278 177 512 0 0 1 "Assault"
0 206 85 279 178 513 0 0 0 "Assault"
0 206 85 281 180 514 0 0 1 "Assault"
0 206 85 283 182 515 0 0 1 "Assault"
0 206 85 285 184 516 0 0 1 "Assault"
0 206 85 287 186 517 0 0 0 "Assault"
0 206 84 287 186 518 0 0 1 "Assault"
0 207 84 287 186 519 0 0 1 "Assault"
0 207 84 287 186 520 0 0 1 "Assault"
0 208 84 287 186 521 0 0 1 "Assault"
0 208 84 287 186 522 0 0 1 "Assault"
0 209 83 288 186 523 0 0 1 "Assault"
0 209 83 288 186 524 0 0 1 "Assault"
0 210 83 288 186 525 0 0 1 "Assault"
0 210 83 288 186 526 0 0 1 "Assault"
0 211 83 288 186 527 0 0 1 "Assault"
0 212 83 289 186 528 0 0 0 "Assault"
0 210 83 289 185 529 0 0 1 "Assault"
0 208 83 289 185 530 0 0 1 "Assault"
0 207 83 289 185 531 0 0 1 "Assault"
0 205 83 289 185 532 0 0 1 "Assault"
0 204 83 289 185 533 0 0 0 "Assault"
0 201 83 289 184 534 0 0 1 "Assault"
0 198 83 289 184 535 0 0 1 "Assault"
0 195 83 289 184 536 0 0 0 "Assault"
0 195 83 291 183 537 0 0 1 "Assault"
0 195 83 293 183 538 0 0 1 "Assault"
0 195 83 295 183 539 0 0 0 "Assault"
0 195 82 294 183 540 0 0 1 "Assault"
0 195 82 294 183 541 0 0 1 "Assault"
0 195 82 294 183 542 0 0 1 "Assault"
0 195 82 294 183 543 0 0 1 "Assault"
0 195 82 294 183 544 0 0 1 "Assault"
0 195 82 294 183 545 0 0 1 "Assault"
0 195 81 294 183 546 0 0 1 "Assault"
0 195 81 294 183 547 0 0 1 "Assault"
0 195 81 294 183 548 0 0 1 "Assault"
0 195 81 294 183 549 0 0 1 "Assault"
0 195 81 294 183 550 0 0 1 "Assault"
0 195 81 294 183 551 0 0 1 "Assault"
0 195 80 294 183 552 0 0 1 "Assault"
0 195 80 294 183 553 0 0 1 "Assault"
0 195 80 294 183 554 0 0 1 "Assault"
0 195 80 294 183 555 0 0 1 "Assault"
0 195 80 294 183 556 0 0 1 "Assault"
0 195 80 294 183 557 0 0 1 "Assault"
0 195 79 294 183 558 0 0 1 "Assault"
0 195 79 294 183 559 0 0 1 "Assault"
0 195 79 294 183 560 0 0 1 "Assault"
0 195 79 294 183 561 0 0 1 "Assault"
0 195 79 294 183 562 0 0 1 "Assault"
0 195 79 294 183 563 0 0 1 "Assault"
0 195 79 294 183 564 0 0 0 "Assault"
0 196 79 295 183 565 0 0 1 "Assault"
0 198 79 296 183 566 0 0 1 "Assault"
0 200 79 298 183 567 0 0 1 "Assault"
0 202 79 299 183 568 0 0 1 "Assault"
0 203 80 301 183 569 0 0 1 "Assault"
0 205 80 302 183 570 0 0 1 "Assault"
0 207 80 304 183 571 0 0 1 "Assault"
0 209 80 305 183 572 0 0 1 "Assault"
0 211 81 307 184 573 0 0 0 "Assault"
0 210 79 306 182 574 0 0 1 "Assault"
0 209 77 305 180 575 0 0 1 "Assault"
0 208 76 304 179 576 0 0 1 "Assault"
0 207 74 303 177 577 0 0 1 "Assault"
0 206 72 302 175 578 0 0 1 "Assault"
0 206 71 302 174 579 0 0 0 "Assault"
0 206 70 302 173 580 0 0 1 "Assault"
0 206 70 302 173 581 0 0 1 "Assault"
0 206 70 302 173 582 0 0 1 "Assault"
0 206 70 302 173 583 0 0 1 "Assault"
0 206 70 302 173 584 0 0 1 "Assault"
0 206 69 302 172 585 0 0 1 "Assault"
0 206 69 302 172 586 0 0 1 "Assault"
0 206 69 302 172 587 0 0 1 "Assault"
0 206 69 302 172 588 0 0 1 "Assault"
0 206 69 302 172 589 0 0 1 "Assault"
0 206 68 302 171 590 0 0 1 "Assault"
0 207 68 303 171 591 0 0 1 "Assault"
0 207 68 303 171 592 0 0 1 "Assault"
0 207 68 303 171 593 0 0 1 "Assault"
0 207 68 303 171 594 0 0 1 "Assault"
0 207 67 303 170 595 0 0 1 "Assault"
0 207 67 303 170 596 0 0 1 "Assault"
0 207 67 303 170 597 0 0 1 "Assault"
0 207 67 303 170 598 0 0 1 "Assault"
0 207 67 303 170 599 0 0 1 "Assault"
0 207 66 303 169 600 0 0 1 "Assault"
0 207 66 303 169 601 0 0 1 "Assault"
0 207 66 303 169 602 0 0 1 "Assault"
0 208 66 304 169 603 0 0 1 "Assault"
0 208 66 304 169 604 0 0 1 "Assault"
0 208 65 304 168 605 0 0 1 "Assault"
0 208 65 304 168 606 0 0 1 "Assault"
0 208 65 304 168 607 0 0 1 "Assault"
0 208 65 304 168 608 0 0 1 "Assault"
0 208 65 304 168 609 0 0 1 "Assault"
0 208 64 304 167 610 0 0 1 "Assault"
0 208 64 304 167 611 0 0 1 "Assault"
0 208 64 304 167 612 0 0 1 "Assault"
0 208 64 304 167 613 0 0 1 "Assault"
0 209 64 305 167 614 0 0 0 "Assault"
0 208 64 304 167 615 0 0 1 "Assault"
0 208 64 304 167 616 0 0 1 "Assault"
0 208 64 304 167 617 0 0 1 "Assault"
0 208 64 304 167 618 0 0 1 "Assault"
0 208 64 304 167 619 0 0 1 "Assault"
0 208 64 304 167 620 0 0 1 "Assault"
0 208 64 304 167 621 0 0 1 "Assault"
0 208 64 304 167 622 0 0 1 "Assault"
0 208 64 304 167 623 0 0 1 "Assault"
0 208 64 304 167 624 0 0 1 "Assault"
0 208 64 304 167 625 0 0 1 "Assault"
0 208 64 304 167 626 0 0 1 "Assault"
0 207 64 303 167 627 0 0 1 "Assault"
0 207 64 303 167 628 0 0 1 "Assault"
0 207 64 303 167 629 0 0 1 "Assault"
0 207 64 303 167 630 0 0 1 "Assault"
0 207 64 303 167 631 0 0 1 "Assault"
0 207 64 303 167 632 0 0 1 "Assault"
0 207 64 303 167 633 0 0 1 "Assault"
0 207 64 303 167 634 0 0 1 "Assault"
0 207 64 303 167 635 0 0 1 "Assault"
0 207 64 303 167 636 0 0 1 "Assault"
0 207 64 303 167 637 0 0 1 "Assault"
0 207 64 303 167 638 0 0 1 "Assault"
0 207 65 303 168 639 0 0 1 "Assault"
0 206 65 302 168 640 0 0 1 "Assault"
0 206 65 302 168 641 0 0 1 "Assault"
0 206 65 302 168 642 0 0 1 "Assault"
0 206 65 302 168 643 0 0 1 "Assault"
0 206 65 302 168 644 0 0 1 "Assault"
0 206 65 302 168 645 0 0 1 "Assault"
0 206 65 302 168 646 0 0 1 "Assault"
0 206 65 302 168 647 0 0 1 "Assault"
0 206 65 302 168 648 0 0 1 "Assault"
0 206 65 302 168 649 0 0 1 "Assault"
0 206 65 302 168 650 0 0 1 "Assault"
0 206 65 302 168 651 0 0 1 "Assault"
0 205 65 301 168 652 0 0 1 "Assault"
0 205 65 301 168 653 0 0 1 "Assault"
0 205 65 301 168 654 0 0 1 "Assault"
0 205 65 301 168 655 0 0 1 "Assault"
0 205 65 301 168 656 0 0 1 "Assault"
0 205 65 301 168 657 0 0 1 "Assault"
0 205 65 301 168 658 0 0 1 "Assault"
0 205 65 301 168 659 0 0 1 "Assault"
0 205 65 301 168 660 0 0 1 "Assault"
0 205 65 301 168 661 0 0 1 "Assault"
0 205 65 301 168 662 0 0 1 "Assault"
0 205 65 301 168 663 0 0 1 "Assault"
0 205 66 301 169 664 1 0 0 "Assault"
0 205 66 301 169 665 1 0 1 "Assault"
0 205 66 301 169 666 1 0 1 "Assault"
0 205 66 301 169 667 1 0 0 "Assault"
0 204 66 300 169 668 1 0 1 "Assault"
0 204 66 300 169 669 1 0 1 "Assault"
0 204 66 300 169 670 1 0 1 "Assault"
0 204 66 300 169 671 1 0 1 "Assault"
0 204 66 300 169 672 1 0 1 "Assault"
0 204 66 300 169 673 1 0 1 "Assault"
0 204 66 300 169 674 1 0 1 "Assault"
0 204 66 300 169 675 1 0 1 "Assault"
0 204 66 300 169 676 1 0 1 "Assault"
0 204 66 300 169 677 1 0 1 "Assault"
0 204 66 300 169 678 1 0 1 "Assault"
0 204 66 300 169 679 1 0 1 "Assault"
0 204 66 300 169 680 1 0 1 "Assault"
0 204 66 300 169 681 1 0 1 "Assault"
0 204 66 300 169 682 1 0 1 "Assault"
0 204 66 300 169 683 1 0 1 "Assault"
0 204 66 300 169 684 1 0 1 "Assault"
0 204 66 300 169 685 1 0 1 "Assault"
0 204 66 300 169 686 1 0 1 "Assault"
0 204 66 300 169 687 1 0 1 "Assault"
0 204 66 300 169 688 1 0 1 "Assault"
0 204 66 300 169 689 1 0 1 "Assault"
0 204 66 300 169 690 1 0 1 "Assault"
0 204 66 300 169 691 1 0 1 "Assault"
0 204 66 300 169 692 1 0 1 "Assault"
0 203 66 299 169 693 1 0 1 "Assault"
0 203 66 299 169 694 1 0 1 "Assault"
0 203 66 299 169 695 1 0 1 "Assault"
0 203 66 299 169 696 1 0 1 "Assault"
0 203 66 299 169 697 1 0 1 "Assault"
0 203 66 299 169 698 1 0 1 "Assault"
0 203 66 299 169 699 1 0 1 "Assault"
0 203 66 299 169 700 1 0 1 "Assault"
0 203 66 299 169 701 1 0 1 "Assault"
0 203 66 299 169 702 1 0 1 "Assault"
0 203 66 299 169 703 1 0 1 "Assault"
0 203 66 299 169 704 1 0 1 "Assault"
0 203 66 299 169 705 1 0 1 "Assault"
0 203 66 299 169 706 1 0 1 "Assault"
0 203 66 299 169 707 1 0 1 "Assault"
0 203 66 299 169 708 1 0 1 "Assault"
0 203 66 299 169 709 1 0 1 "Assault"
0 203 66 299 169 710 1 0 1 "Assault"
0 203 66 299 169 711 1 0 1 "Assault"
0 203 66 299 169 712 1 0 1 "Assault"
0 203 66 299 169 713 1 0 1 "Assault"
0 203 66 299 169 714 1 0 1 "Assault"
0 203 66 299 169 715 1 0 1 "Assault"
0 203 66 299 169 716 1 0 1 "Assault"
0 203 66 299 169 717 1 0 1 "Assault"
0 202 66 298 169 718 1 0 1 "Assault"
0 202 66 298 169 719 1 0 1 "Assault"
0 202 66 298 169 720 1 0 1 "Assault"
0 202 66 298 169 721 1 0 1 "Assault"
0 202 66 298 169 722 1 0 1 "Assault"
0 202 66 298 169 723 1 0 1 "Assault"
0 202 66 298 169 724 1 0 1 "Assault"
0 202 66 298 169 725 1 0 1 "Assault"
0 202 66 298 169 726 1 0 1 "Assault"
0 202 66 298 169 727 1 0 1 "Assault"
0 202 66 298 169 728 1 0 1 "Assault"
0 202 66 298 169 729 1 0 1 "Assault"
0 202 66 298 169 730 1 0 1 "Assault"
0 202 66 298 169 731 1 0 1 "Assault"
0 202 66 298 169 732 1 0 1 "Assault"
0 202 66 298 169 733 1 0 1 "Assault"
0 202 66 298 169 734 1 0 1 "Assault"
0 202 66 298 169 735 1 0 1 "Assault"
0 202 66 298 169 736 1 0 1 "Assault"
0 202 66 298 169 737 1 0 1 "Assault"
0 202 66 298 169 738 1 0 1 "Assault"
0 202 66 298 169 739 1 0 1 "Assault"
0 202 66 298 169 740 1 0 1 "Assault"
0 202 66 298 169 741 1 0 1 "Assault"
0 202 66 298 169 742 1 0 1 "Assault"
0 201 66 297 169 743 1 0 1 "Assault"
0 201 66 297 169 744 1 0 1 "Assault"
0 201 66 297 169 745 1 0 1 "Assault"
0 201 66 297 169 746 1 0 1 "Assault"
0 201 66 297 169 747 1 0 1 "Assault"
0 201 66 297 169 748 1 0 1 "Assault"
0 201 66 297 169 749 1 0 1 "Assault"
0 201 66 297 169 750 1 0 1 "Assault"
0 201 66 297 169 751 1 0 1 "Assault"
0 201 66 297 169 752 1 0 1 "Assault"
0 201 66 297 169 753 1 0 1 "Assault"
0 201 66 297 169 754 1 0 1 "Assault"
0 201 66 297 169 755 1 0 1 "Assault"
0 201 66 297 169 756 1 0 1 "Assault"
0 201 66 297 169 757 1 0 1 "Assault"
0 201 66 297 169 758 1 0 1 "Assault"
0 201 66 297 169 759 1 0 1 "Assault"
0 201 66 297 169 760 1 0 1 "Assault"
0 201 66 297 169 761 1 0 1 "Assault"
0 201 66 297 169 762 1 0 1 "Assault"
0 201 66 297 169 763 1 0 1 "Assault"
0 201 66 297 169 764 1 0 1 "Assault"
0 201 66 297 169 765 1 0 1 "Assault"
0 201 66 297 169 766 1 0 1 "Assault"
0 201 66 297 169 767 1 0 1 "Assault"
0 200 66 296 169 768 1 0 1 "Assault"
0 200 66 296 169 769 1 0 1 "Assault"
0 200 66 296 169 770 1 0 1 "Assault"
0 200 66 296 169 771 1 0 1 "Assault"
0 200 66 296 169 772 1 0 1 "Assault"
0 200 66 296 169 773 1 0 1 "Assault"
0 200 66 296 169 774 1 0 1 "Assault"
0 200 66 296 169 775 1 0 1 "Assault"
0 200 66 296 169 776 1 0 1 "Assault"
0 200 67 296 170 777 1 0 1 "Assault"
0 200 67 296 170 778 1 0 1 "Assault"
0 200 67 296 170 779 1 0 1 "Assault"
0 200 67 296 170 780 1 0 1 "Assault"
0 200 67 296 170 781 1 0 1 "Assault"
0 200 67 296 170 782 1 0 1 "Assault"
0 200 67 296 170 783 1 0 1 "Assault"
0 200 67 296 170 784 1 0 1 "Assault"
0 200 67 296 170 785 1 0 1 "Assault"
0 200 67 296 170 786 1 0 1 "Assault"
0 200 67 296 170 787 1 0 1 "Assault"
0 200 67 296 170 788 1 0 1 "Assault"
0 200 67 296 170 789 1 0 1 "Assault"
0 200 67 296 170 790 1 0 1 "Assault"
0 200 67 296 170 791 1 0 1 "Assault"
0 200 67 296 170 792 1 0 1 "Assault"
0 200 67 296 170 793 1 0 1 "Assault"
0 199 67 295 170 794 1 0 1 "Assault"
0 199 67 295 170 795 1 0 1 "Assault"
0 199 67 295 170 796 1 0 1 "Assault"
0 199 67 295 170 797 1 0 1 "Assault"
0 199 67 295 170 798 1 0 1 "Assault"
0 199 67 295 170 799 1 0 1 "Assault"
0 199 67 295 170 800 1 0 1 "Assault"
0 199 67 295 170 801 1 0 1 "Assault"
0 199 67 295 170 802 1 0 1 "Assault"
0 199 67 295 170 803 1 0 1 "Assault"
0 199 67 295 170 804 1 0 1 "Assault"
0 199 67 295 170 805 1 0 1 "Assault"
0 199 67 295 170 806 1 0 1 "Assault"
0 199 67 295 170 807 1 0 1 "Assault"
0 199 67 295 170 808 1 0 1 "Assault"
0 199 67 295 170 809 1 0 1 "Assault"
0 199 67 295 170 810 1 0 1 "Assault"
0 199 67 295 170 811 1 0 1 "Assault"
0 199 67 295 170 812 1 0 1 "Assault"
0 199 67 295 170 813 1 0 1 "Assault"
0 199 67 295 170 814 1 0 1 "Assault"
0 199 67 295 170 815 1 0 1 "Assault"
0 199 67 295 170 816 1 0 1 "Assault"
0 199 67 295 170 817 1 0 1 "Assault"
0 199 67 295 170 818 1 0 1 "Assault"
0 198 67 294 170 819 1 0 1 "Assault"
0 198 67 294 170 820 1 0 1 "Assault"
0 198 67 294 170 821 1 0 1 "Assault"
0 198 67 294 170 822 1 0 1 "Assault"
0 198 67 294 170 823 1 0 1 "Assault"
0 198 67 294 170 824 1 0 1 "Assault"
0 198 67 294 170 825 1 0 1 "Assault"
0 198 67 294 170 826 1 0 1 "Assault"
0 198 67 294 170 827 1 0 1 "Assault"
0 198 67 294 170 828 1 0 1 "Assault"
0 198 67 294 170 829 1 0 1 "Assault"
0 198 67 294 170 830 1 0 1 "Assault"
0 198 67 294 170 831 1 0 1 "Assault"
0 198 67 294 170 832 1 0 1 "Assault"
0 198 67 294 170 833 1 0 1 "Assault"
0 198 67 294 170 834 1 0 1 "Assault"
0 198 67 294 170 835 1 0 1 "Assault"
0 198 67 294 170 836 1 0 1 "Assault"
0 198 67 294 170 837 1 0 1 "Assault"
0 198 67 294 170 838 1 0 1 "Assault"
0 198 67 294 170 839 1 0 1 "Assault"
0 198 67 294 170 840 1 0 1 "Assault"
0 198 67 294 170 841 1 0 1 "Assault"
0 198 67 294 170 842 1 0 1 "Assault"
0 198 67 294 170 843 1 0 1 "Assault"
0 197 67 293 170 844 1 0 1 "Assault"
0 197 67 293 170 845 1 0 1 "Assault"
0 197 67 293 170 846 1 0 1 "Assault"
0 197 67 293 170 847 1 0 1 "Assault"
0 197 67 293 170 848 1 0 1 "Assault"
0 197 67 293 170 849 1 0 1 "Assault"
0 197 67 293 170 850 1 0 1 "Assault"
0 197 67 293 170 851 1 0 1 "Assault"
0 197 67 293 170 852 1 0 1 "Assault"
0 197 67 293 170 853 1 0 1 "Assault"
0 197 67 293 170 854 1 0 1 "Assault"
0 197 67 293 170 855 1 0 1 "Assault"
0 197 67 293 170 856 1 0 1 "Assault"
0 197 67 293 170 857 1 0 1 "Assault"
0 197 67 293 170 858 1 0 1 "Assault"
0 197 67 293 170 859 1 0 1 "Assault"
0 197 67 293 170 860 1 0 1 "Assault"
0 197 67 293 170 861 1 0 1 "Assault"
0 197 67 293 170 862 1 0 1 "Assault"
0 197 67 293 170 863 1 0 1 "Assault"
0 197 67 293 170 864 1 0 1 "Assault"
0 197 67 293 170 865 1 0 1 "Assault"
0 197 67 293 170 866 1 0 1 "Assault"
0 197 67 293 170 867 1 0 1 "Assault"
0 197 67 293 170 868 1 0 1 "Assault"
0 196 67 292 170 869 1 0 1 "Assault"
0 196 67 292 170 870 1 0 1 "Assault"
0 196 67 292 170 871 1 0 1 "Assault"
0 196 67 292 170 872 1 0 1 "Assault"
0 196 67 292 170 873 1 0 1 "Assault"
0 196 67 292 170 874 1 0 1 "Assault"
0 196 67 292 170 875 1 0 1 "Assault"
0 196 67 292 170 876 1 0 1 "Assault"
0 196 67 292 170 877 1 0 1 "Assault"
0 196 67 292 170 878 1 0 1 "Assault"
0 196 67 292 170 879 1 0 1 "Assault"
0 196 67 292 170 880 1 0 1 "Assault"
0 196 67 292 170 881 1 0 1 "Assault"
0 196 67 292 170 882 1 0 1 "Assault"
0 196 67 292 170 883 1 0 1 "Assault"
0 196 67 292 170 884 1 0 1 "Assault"
0 196 67 292 170 885 1 0 1 "Assault"
0 196 68 292 171 886 1 0 1 "Assault"
0 196 68 292 171 887 1 0 1 "Assault"
0 196 68 292 171 888 1 0 1 "Assault"
0 196 68 292 171 889 1 0 1 "Assault"
0 196 68 292 171 890 1 0 1 "Assault"
0 196 68 292 171 891 1 0 1 "Assault"
0 196 68 292 171 892 1 0 1 "Assault"
0 196 68 292 171 893 1 0 1 "Assault"
0 196 68 292 171 894 1 0 1 "Assault"
0 195 68 291 171 895 1 0 1 "Assault"
0 195 68 291 171 896 1 0 1 "Assault"
0 195 68 291 171 897 1 0 1 "Assault"
0 195 68 291 171 898 1 0 1 "Assault"
0 195 68 291 171 899 1 0 1 "Assault"
0 195 68 291 171 900 1 0 1 "Assault"
0 195 68 291 171 901 1 0 1 "Assault"
0 195 68 291 171 902 1 0 1 "Assault"
0 195 68 291 171 903 1 0 1 "Assault"
0 195 68 291 171 904 1 0 1 "Assault"
0 195 68 291 171 905 1 0 1 "Assault"
0 195 68 291 171 906 1 0 1 "Assault"
0 195 68 291 171 907 1 0 1 "Assault"
0 195 68 291 171 908 1 0 1 "Assault"
0 195 68 291 171 909 1 0 1 "Assault"
0 195 68 291 171 910 1 0 1 "Assault"
0 195 68 291 171 911 1 0 1 "Assault"
0 195 68 291 171 912 1 0 1 "Assault"
0 195 68 291 171 913 1 0 1 "Assault"
0 195 68 291 171 914 1 0 1 "Assault"
0 195 68 291 171 915 1 0 1 "Assault"
0 195 68 291 171 916 1 0 1 "Assault"
0 195 68 291 171 917 1 0 1 "Assault"
0 195 68 291 171 918 1 0 1 "Assault"
0 195 68 291 171 919 1 0 1 "Assault"
0 194 68 290 171 920 1 0 1 "Assault"
0 194 68 290 171 921 1 0 1 "Assault"
0 194 68 290 171 922 1 0 1 "Assault"
0 194 68 290 171 923 1 0 1 "Assault"
0 194 68 290 171 924 1 0 1 "Assault"
0 194 68 290 171 925 1 0 1 "Assault"
0 194 68 290 171 926 1 0 1 "Assault"
0 194 68 290 171 927 1 0 1 "Assault"
0 194 68 290 171 928 1 0 1 "Assault"
0 194 68 290 171 929 1 0 1 "Assault"
0 194 68 290 171 930 1 0 1 "Assault"
0 194 68 290 171 931 1 0 1 "Assault"
0 194 68 290 171 932 1 0 1 "Assault"
0 194 68 290 171 933 1 0 1 "Assault"
0 194 68 290 171 934 1 0 1 "Assault"
0 194 68 290 171 935 1 0 1 "Assault"
0 194 68 290 171 936 1 0 1 "Assault"
0 194 68 290 171 937 1 0 1 "Assault"
0 194 68 290 171 938 1 0 1 "Assault"
0 194 68 290 171 939 1 0 1 "Assault"
0 194 68 290 171 940 1 0 1 "Assault"
0 194 68 290 171 941 1 0 1 "Assault"
0 194 68 290 171 942 1 0 1 "Assault"
0 194 68 290 171 943 1 0 1 "Assault"
0 194 68 290 171 944 1 0 1 "Assault"
0 193 68 289 171 945 1 0 1 "Assault"
0 193 68 289 171 946 1 0 1 "Assault"
0 193 68 289 171 947 1 0 1 "Assault"
0 193 68 289 171 948 1 0 1 "Assault"
0 193 68 289 171 949 1 0 1 "Assault"
0 193 68 289 171 950 1 0 1 "Assault"
0 193 68 289 171 951 1 0 1 "Assault"
0 193 68 289 171 952 1 0 1 "Assault"
0 193 68 289 171 953 1 0 1 "Assault"
0 193 68 289 171 954 1 0 1 "Assault"
0 193 68 289 171 955 1 0 1 "Assault"
0 193 68 289 171 956 1 0 1 "Assault"
0 193 68 289 171 957 1 0 1 "Assault"
0 193 68 289 171 958 1 0 1 "Assault"
0 193 68 289 171 959 1 0 1 "Assault"
0 193 68 289 171 960 1 0 1 "Assault"
0 193 68 289 171 961 1 0 1 "Assault"
0 193 68 289 171 962 1 0 1 "Assault"
0 193 68 289 171 963 1 0 1 "Assault"
0 193 68 289 171 964 1 0 1 "Assault"
0 193 68 289 171 965 1 0 1 "Assault"
0 193 68 289 171 966 1 0 1 "Assault"
0 193 68 289 171 967 1 0 1 "Assault"
0 193 68 289 171 968 1 0 1 "Assault"
0 193 68 289 171 969 1 0 1 "Assault"
0 192 68 288 171 970 1 0 1 "Assault"
0 192 68 288 171 971 1 0 1 "Assault"
0 192 68 288 171 972 1 0 1 "Assault"
0 192 68 288 171 973 1 0 1 "Assault"
0 192 68 288 171 974 1 0 1 "Assault"
0 192 68 288 171 975 1 0 1 "Assault"
0 192 68 288 171 976 1 0 1 "Assault"
0 192 68 288 171 977 1 0 1 "Assault"
0 192 68 288 171 978 1 0 1 "Assault"
0 192 68 288 171 979 1 0 1 "Assault"
0 192 68 288 171 980 1 0 1 "Assault"
0 192 68 288 171 981 1 0 1 "Assault"
0 192 68 288 171 982 1 0 1 "Assault"
0 192 68 288 171 983 1 0 1 "Assault"
0 192 68 288 171 984 1 0 1 "Assault"
0 192 68 288 171 985 1 0 1 "Assault"
0 192 68 288 171 986 1 0 1 "Assault"
0 192 68 288 171 987 1 0 1 "Assault"
0 192 68 288 171 988 1 0 1 "Assault"
0 192 68 288 171 989 1 0 1 "Assault"
0 192 68 288 171 990 1 0 1 "Assault"
0 192 68 288 171 991 1 0 1 "Assault"
0 192 68 288 171 992 1 0 1 "Assault"
0 192 68 288 171 993 1 0 1 "Assault"
0 192 68 288 171 994 1 0 1 "Assault"
0 192 69 288 172 995 0 0 0 "Assault"
0 191 70 287 173 996 0 0 1 "Assault"
0 190 71 286 174 997 0 0 1 "Assault"
0 189 73 285 176 998 0 0 1 "Assault"
0 188 74 284 177 999 0 0 1 "Assault"
0 187 75 283 178 1000 0 0 1 "Assault"
0 186 77 282 180 1001 0 0 1 "Assault"
0 185 78 281 181 1002 0 0 1 "Assault"
0 185 80 281 183 1003 0 0 0 "Assault"
0 185 78 281 182 1004 0 0 1 "Assault"
0 185 77 281 182 1005 0 0 1 "Assault"
0 185 76 281 181 1006 0 0 1 "Assault"
0 185 75 281 181 1007 0 0 1 "Assault"
0 185 74 281 181 1008 0 0 1 "Assault"
0 185 73 281 180 1009 0 0 1 "Assault"
0 185 72 281 180 1010 0 0 1 "Assault"
0 185 71 281 180 1011 0 0 1 "Assault"
0 185 70 281 179 1012 0 0 1 "Assault"
0 185 69 281 179 1013 0 0 1 "Assault"
0 186 68 281 179 1014 0 0 0 "Assault"
0 186 69 280 179 1015 0 0 1 "Assault"
0 186 70 280 179 1016 0 0 1 "Assault"
0 186 71 280 180 1017 0 0 1 "Assault"
0 186 72 280 180 1018 0 0 1 "Assault"
0 186 73 280 180 1019 0 0 1 "Assault"
0 186 74 280 181 1020 0 0 1 "Assault"
0 186 75 280 181 1021 0 0 1 "Assault"
0 186 76 279 181 1022 0 0 1 "Assault"
0 186 77 279 182 1023 0 0 1 "Assault"
0 186 78 279 182 1024 0 0 1 "Assault"
0 186 79 279 182 1025 0 0 1 "Assault"
0 186 80 279 183 1026 0 0 1 "Assault"
0 186 81 279 183 1027 0 0 1 "Assault"
0 186 82 279 183 1028 0 0 1 "Assault"
0 186 83 279 184 1029 0 0 0 "Assault"
0 186 83 282 188 1030 0 0 1 "Assault"
0 186 83 285 193 1031 0 0 1 "Assault"
0 186 83 288 197 1032 0 0 1 "Assault"
0 186 83 291 202 1033 0 0 1 "Assault"
0 186 83 294 206 1034 0 0 1 "Assault"
0 186 83 297 211 1035 0 0 1 "Assault"
0 186 83 300 215 1036 0 0 1 "Assault"
0 186 83 303 220 1037 0 0 1 "Assault"
0 186 83 307 225 1038 0 0 0 "Assault"
0 186 83 309 224 1039 0 0 1 "Assault"
0 186 83 311 224 1040 0 0 1 "Assault"
0 186 83 314 223 1041 0 0 1 "Assault"
0 186 83 316 223 1042 0 0 1 "Assault"
0 186 83 319 223 1043 0 0 0 "Assault"
0 185 83 318 223 1044 0 0 1 "Assault"
0 185 83 318 223 1045 0 0 1 "Assault"
0 184 83 318 223 1046 0 0 1 "Assault"
0 184 83 318 223 1047 0 0 1 "Assault"
0 183 83 318 223 1048 0 0 1 "Assault"
0 183 83 318 223 1049 0 0 1 "Assault"
0 182 83 318 223 1050 0 0 1 "Assault"
0 182 83 318 223 1051 0 0 1 "Assault"
0 181 83 318 223 1052 0 0 1 "Assault"
0 181 83 318 224 1053 0 0 1 "Assault"
0 181 83 317 224 1054 0 0 1 "Assault"
0 180 83 317 224 1055 0 0 1 "Assault"
0 180 83 317 224 1056 0 0 1 "Assault"
0 179 83 317 224 1057 0 0 1 "Assault"
0 179 83 317 224 1058 0 0 1 "Assault"
0 178 83 317 224 1059 0 0 1 "Assault"
0 178 83 317 224 1060 0 0 1 "Assault"
0 177 83 317 224 1061 0 0 1 "Assault"
0 177 83 317 224 1062 0 0 1 "Assault"
0 177 83 317 225 1063 0 0 0 "Assault"
0 176 83 317 225 1064 0 0 1 "Assault"
0 176 83 317 225 1065 0 0 1 "Assault"
0 175 83 317 225 1066 0 0 1 "Assault"
0 175 83 317 225 1067 0 0 1 "Assault"
0 174 83 317 225 1068 0 0 1 "Assault"
0 174 83 317 225 1069 0 0 1 "Assault"
0 174 83 317 225 1070 0 0 1 "Assault"
0 173 83 317 225 1071 0 0 1 "Assault"
0 173 83 317 225 1072 0 0 1 "Assault"
0 172 83 317 225 1073 0 0 1 "Assault"
0 172 83 317 225 1074 0 0 1 "Assault"
0 172 83 317 225 1075 0 0 0 "Assault"
0 169 85 316 225 1076 0 0 1 "Assault"
0 167 87 315 225 1077 0 0 1 "Assault"
0 165 89 314 225 1078 0 0 1 "Assault"
0 162 91 313 225 1079 0 0 1 "Assault"
0 160 93 313 225 1080 0 0 1 "Assault"
0 158 95 312 225 1081 0 0 1 "Assault"
0 155 97 311 225 1082 0 0 1 "Assault"
0 153 99 310 225 1083 0 0 1 "Assault"
0 151 102 310 225 1084 0 0 0 "Assault"
0 147 102 310 224 1085 0 0 1 "Assault"
0 144 103 310 224 1086 0 0 1 "Assault"
0 141 103 310 224 1087 0 0 1 "Assault"
0 138 104 310 224 1088 0 0 1 "Assault"
0 135 105 310 224 1089 0 0 0 "Assault"
0 130 105 310 224 1090 0 0 1 "Assault"
0 126 106 310 224 1091 0 0 1 "Assault"
0 121 106 311 224 1092 0 0 1 "Assault"
0 117 107 311 224 1093 0 0 1 "Assault"
0 112 108 311 224 1094 0 0 1 "Assault"
0 108 108 312 224 1095 0 0 1 "Assault"
0 103 109 312 224 1096 0 0 1 "Assault"
0 99 110 312 224 1097 0 0 1 "Assault"
0 94 110 313 224 1098 0 0 1 "Assault"
0 90 111 313 224 1099 0 0 1 "Assault"
0 86 112 314 225 1100 0 0 0 "Assault"
0 80 112 314 224 1101 0 0 1 "Assault"
0 74 112 314 224 1102 0 0 1 "Assault"
0 68 112 314 224 1103 0 0 1 "Assault"
0 62 112 314 224 1104 0 0 1 "Assault"
0 56 112 314 224 1105 0 0 1 "Assault"
0 50 112 314 224 1106 0 0 1 "Assault"
0 44 112 314 224 1107 0 0 1 "Assault"
0 39 112 314 224 1108 0 0 0 "Assault"
0 35 112 314 223 1109 0 0 1 "Assault"
0 31 112 314 223 1110 0 0 1 "Assault"
0 28 112 314 223 1111 0 0 1 "Assault"
0 24 112 314 223 1112 0 0 1 "Assault"
0 21 112 314 223 1113 0 0 0 "Assault"
0 17 112 313 223 1114 0 0 1 "Assault"
0 14 112 313 223 1115 0 0 1 "Assault"
0 10 112 313 223 1116 0 0 1 "Assault"
0 7 112 313 223 1117 0 0 1 "Assault"
0 3 112 313 223 1118 0 0 1 "Assault"
0 0 112 313 224 1119 0 0 0 "Assault"
0 0 109 312 224 1120 0 0 1 "Assault"
0 0 107 312 224 1121 0 0 1 "Assault"
0 0 105 312 224 1122 0 0 1 "Assault"
0 0 103 312 224 1123 0 0 1 "Assault"
0 0 101 312 224 1124 0 0 1 "Assault"
0 0 99 312 224 1125 0 0 1 "Assault"
0 0 96 312 224 1126 0 0 1 "Assault"
0 0 94 312 224 1127 0 0 1 "Assault"
0 0 92 312 224 1128 0 0 1 "Assault"
0 0 90 312 224 1129 0 0 1 "Assault"
0 0 88 312 224 1130 0 0 1 "Assault"
0 0 86 312 224 1131 0 0 1 "Assault"
0 0 84 312 224 1132 0 0 1 "Assault"
0 0 81 312 224 1133 0 0 1 "Assault"
0 0 79 312 224 1134 0 0 1 "Assault"
0 0 77 312 224 1135 0 0 1 "Assault"
0 0 75 312 224 1136 0 0 1 "Assault"
0 0 73 312 224 1137 0 0 1 "Assault"
0 0 71 312 224 1138 0 0 1 "Assault"
0 0 69 312 224 1139 0 0 0 "Assault"
0 0 69 311 224 1140 0 0 1 "Assault"
0 0 70 311 224 1141 0 0 1 "Assault"
0 0 71 311 224 1142 0 0 1 "Assault"
0 0 72 311 224 1143 0 0 1 "Assault"
0 0 72 311 224 1144 0 0 1 "Assault"
0 0 73 311 224 1145 0 0 1 "Assault"
0 0 74 311 224 1146 0 0 1 "Assault"
0 0 75 311 224 1147 0 0 1 "Assault"
0 0 75 311 224 1148 0 0 1 "Assault"
0 0 76 311 224 1149 0 0 1 "Assault"
0 0 77 311 224 1150 0 0 1 "Assault"
0 0 78 311 224 1151 0 0 1 "Assault"
0 0 79 311 224 1152 0 0 1 "Assault"
0 0 79 311 224 1153 0 0 1 "Assault"
0 0 80 311 224 1154 0 0 1 "Assault"
0 0 81 311 224 1155 0 0 1 "Assault"
0 0 82 311 224 1156 0 0 1 "Assault"
0 0 82 311 224 1157 0 0 1 "Assault"
0 0 83 311 224 1158 0 0 1 "Assault"
0 0 84 311 224 1159 0 0 1 "Assault"
0 0 85 311 224 1160 0 0 1 "Assault"
0 0 86 311 224 1161 0 0 1 "Assault"
0 0 86 311 224 1162 0 0 1 "Assault"
0 0 87 311 224 1163 0 0 1 "Assault"
0 0 88 311 224 1164 0 0 1 "Assault"
0 0 89 311 224 1165 0 0 1 "Assault"
0 0 89 311 224 1166 0 0 1 "Assault"
0 0 90 311 224 1167 0 0 1 "Assault"
0 0 91 311 224 1168 0 0 1 "Assault"
0 0 92 311 224 1169 0 0 1 "Assault"
0 0 93 311 224 1170 0 0 0 "Assault"
0 0 93 310 223 1171 0 0 1 "Assault"
0 1 93 309 223 1172 0 0 1 "Assault"
0 2 93 308 223 1173 0 0 1 "Assault"
0 3 93 308 223 1174 0 0 1 "Assault"
0 4 93 307 223 1175 0 0 1 "Assault"
0 5 93 306 223 1176 0 0 1 "Assault"
0 6 93 306 223 1177 0 0 1 "Assault"
0 7 93 305 223 1178 0 0 1 "Assault"
0 8 93 304 223 1179 0 0 1 "Assault"
0 9 93 303 223 1180 0 0 1 "Assault"
0 10 93 303 223 1181 0 0 1 "Assault"
0 11 93 302 223 1182 0 0 1 "Assault"
0 12 93 301 223 1183 0 0 1 "Assault"
0 13 93 301 223 1184 0 0 1 "Assault"
0 14 93 300 223 1185 0 0 1 "Assault"
0 15 93 299 222 1186 0 0 1 "Assault"
0 16 93 298 222 1187 0 0 1 "Assault"
0 17 93 298 222 1188 0 0 1 "Assault"
0 18 93 297 222 1189 0 0 1 "Assault"
0 19 93 296 222 1190 0 0 1 "Assault"
0 20 93 296 222 1191 0 0 1 "Assault"
0 21 93 295 222 1192 0 0 1 "Assault"
0 22 93 294 222 1193 0 0 1 "Assault"
0 23 93 293 222 1194 0 0 1 "Assault"
0 24 93 293 222 1195 0 0 1 "Assault"
0 25 93 292 222 1196 0 0 1 "Assault"
0 26 93 291 222 1197 0 0 1 "Assault"
0 27 93 291 222 1198 0 0 1 "Assault"
0 28 93 290 222 1199 0 0 1 "Assault"
0 29 93 289 222 1200 0 0 1 "Assault"
0 30 93 289 222 1201 0 0 0 "Assault"
0 30 93 286 221 1202 0 0 1 "Assault"
0 30 93 283 221 1203 0 0 1 "Assault"
0 30 93 280 221 1204 0 0 1 "Assault"
0 30 93 277 221 1205 0 0 1 "Assault"
0 30 93 274 221 1206 0 0 1 "Assault"
0 30 93 271 221 1207 0 0 1 "Assault"
0 30 93 269 221 1208 0 0 0 "Assault"
0 33 93 269 220 1209 0 0 1 "Assault"
0 36 93 269 220 1210 0 0 1 "Assault"
0 39 93 269 220 1211 0 0 1 "Assault"
0 42 93 269 220 1212 0 0 1 "Assault"
0 45 93 269 220 1213 0 0 1 "Assault"
0 48 93 269 220 1214 0 0 1 "Assault"
0 51 93 269 220 1215 0 0 1 "Assault"
0 54 93 269 220 1216 0 0 1 "Assault"
0 57 93 269 220 1217 0 0 1 "Assault"
0 60 93 269 220 1218 0 0 1 "Assault"
0 63 93 269 220 1219 0 0 1 "Assault"
0 66 93 269 220 1220 0 0 0 "Assault"
0 66 93 269 219 1221 0 0 1 "Assault"
0 66 93 269 219 1222 0 0 1 "Assault"
0 66 93 269 219 1223 0 0 1 "Assault"
0 66 93 269 219 1224 0 0 1 "Assault"
0 66 93 269 219 1225 0 0 1 "Assault"
0 66 93 269 219 1226 0 0 1 "Assault"
0 66 93 270 219 1227 0 0 1 "Assault"
0 66 93 270 219 1228 0 0 1 "Assault"
0 66 93 270 219 1229 0 0 1 "Assault"
0 66 93 270 219 1230 0 0 1 "Assault"
0 66 93 270 219 1231 0 0 1 "Assault"
0 66 93 270 219 1232 0 0 1 "Assault"
0 66 93 270 219 1233 0 0 1 "Assault"
0 66 93 271 219 1234 0 0 1 "Assault"
0 66 93 271 219 1235 0 0 1 "Assault"
0 66 93 271 219 1236 0 0 1 "Assault"
0 66 93 271 219 1237 0 0 1 "Assault"
0 66 93 271 219 1238 0 0 1 "Assault"
0 66 93 271 219 1239 0 0 1 "Assault"
0 66 93 271 219 1240 0 0 1 "Assault"
0 66 93 272 219 1241 0 0 0 "Assault"
0 71 93 272 218 1242 0 0 1 "Assault"
0 76 93 272 218 1243 0 0 1 "Assault"
0 82 93 272 218 1244 0 0 1 "Assault"
0 87 93 272 218 1245 0 0 1 "Assault"
0 93 93 272 218 1246 0 0 1 "Assault"
0 98 93 272 218 1247 0 0 1 "Assault"
0 104 93 272 218 1248 0 0 0 "Assault"
0 110 93 275 217 1249 0 0 1 "Assault"
0 116 93 278 217 1250 0 0 1 "Assault"
0 122 93 282 217 1251 0 0 1 "Assault"
0 129 93 285 217 1252 0 0 1 "Assault"
0 135 93 288 217 1253 0 0 1 "Assault"
0 141 93 292 217 1254 0 0 1 "Assault"
0 148 93 295 217 1255 0 0 1 "Assault"
0 154 93 298 216 1256 0 0 1 "Assault"
0 160 93 302 216 1257 0 0 1 "Assault"
0 166 93 305 216 1258 0 0 1 "Assault"
0 173 93 308 216 1259 0 0 1 "Assault"
0 179 93 312 216 1260 0 0 1 "Assault"
0 185 93 315 216 1261 0 0 1 "Assault"
0 192 93 319 216 1262 0 0 0 "Assault"
0 192 91 319 214 1263 0 0 1 "Assault"
0 192 89 319 212 1264 0 0 1 "Assault"
0 192 87 319 210 1265 0 0 1 "Assault"
0 192 85 319 208 1266 0 0 1 "Assault"
0 192 83 319 206 1267 0 0 1 "Assault"
0 192 82 319 205 1268 0 0 0 "Assault"
0 192 81 318 205 1269 0 0 1 "Assault"
0 192 81 318 205 1270 0 0 1 "Assault"
0 192 81 318 205 1271 0 0 1 "Assault"
0 192 80 318 205 1272 0 0 1 "Assault"
0 192 80 318 205 1273 0 0 1 "Assault"
0 192 80 318 205 1274 0 0 1 "Assault"
0 192 80 318 205 1275 0 0 1 "Assault"
0 192 79 318 205 1276 0 0 1 "Assault"
0 192 79 318 205 1277 0 0 1 "Assault"
0 192 79 318 205 1278 0 0 1 "Assault"
0 192 79 318 205 1279 0 0 1 "Assault"
0 192 78 318 205 1280 0 0 1 "Assault"
0 192 78 318 205 1281 0 0 1 "Assault"
0 192 78 318 205 1282 0 0 1 "Assault"
0 192 77 318 205 1283 0 0 1 "Assault"
0 192 77 318 205 1284 0 0 1 "Assault"
0 192 77 318 205 1285 0 0 1 "Assault"
0 192 77 318 205 1286 0 0 1 "Assault"
0 192 76 318 205 1287 0 0 1 "Assault"
0 192 76 318 205 1288 0 0 1 "Assault"
0 192 76 318 205 1289 0 0 1 "Assault"
0 192 76 318 205 1290 0 0 1 "Assault"
0 192 75 318 205 1291 0 0 1 "Assault"
0 192 75 318 205 1292 0 0 1 "Assault"
0 192 75 318 205 1293 0 0 1 "Assault"
0 192 75 318 205 1294 0 0 1 "Assault"
0 192 74 318 205 1295 0 0 1 "Assault"
0 192 74 318 205 1296 0 0 1 "Assault"
0 192 74 318 205 1297 0 0 1 "Assault"
0 192 73 318 205 1298 0 0 1 "Assault"
0 192 73 318 205 1299 0 0 1 "Assault"
0 192 73 318 205 1300 0 0 1 "Assault"
0 192 73 318 205 1301 0 0 1 "Assault"
0 192 72 318 205 1302 0 0 1 "Assault"
0 192 72 318 205 1303 0 0 1 "Assault"
0 192 72 318 205 1304 0 0 1 "Assault"
0 192 72 318 205 1305 0 0 1 "Assault"
0 192 71 318 205 1306 0 0 1 "Assault"
0 192 71 318 205 1307 0 0 1 "Assault"
0 192 71 318 205 1308 0 0 1 "Assault"
0 192 71 318 205 1309 0 0 0 "Assault"
0 192 71 317 204 1310 0 0 1 "Assault"
0 192 71 317 204 1311 0 0 1 "Assault"
0 192 71 317 204 1312 0 0 1 "Assault"
0 192 71 317 204 1313 0 0 1 "Assault"
0 192 71 317 203 1314 0 0 1 "Assault"
0 192 71 317 203 1315 0 0 1 "Assault"
0 192 71 317 203 1316 0 0 1 "Assault"
0 192 71 317 203 1317 0 0 1 "Assault"
0 192 71 317 203 1318 0 0 1 "Assault"
0 192 71 317 202 1319 0 0 1 "Assault"
0 192 71 317 202 1320 0 0 1 "Assault"
0 192 71 317 202 1321 0 0 1 "Assault"
0 192 71 317 202 1322 0 0 1 "Assault"
0 192 71 317 201 1323 0 0 1 "Assault"
0 192 71 317 201 1324 0 0 1 "Assault"
0 192 71 317 201 1325 0 0 1 "Assault"
0 192 71 317 201 1326 0 0 1 "Assault"
0 192 71 317 201 1327 0 0 1 "Assault"
0 192 71 317 200 1328 0 0 1 "Assault"
0 192 71 317 200 1329 0 0 1 "Assault"
0 192 71 317 200 1330 0 0 1 "Assault"
0 192 71 317 200 1331 0 0 1 "Assault"
0 192 71 317 199 1332 0 0 1 "Assault"
0 192 71 317 199 1333 0 0 1 "Assault"
0 192 71 317 199 1334 0 0 1 "Assault"
0 192 71 317 199 1335 0 0 1 "Assault"
0 192 71 317 199 1336 0 0 1 "Assault"
0 192 71 317 198 1337 0 0 1 "Assault"
0 192 71 317 198 1338 0 0 1 "Assault"
0 192 71 317 198 1339 0 0 1 "Assault"
0 192 71 317 198 1340 0 0 1 "Assault"
0 192 71 317 197 1341 0 0 1 "Assault"
0 192 71 317 197 1342 0 0 1 "Assault"
0 192 71 317 197 1343 0 0 1 "Assault"
0 192 71 317 197 1344 0 0 1 "Assault"
0 192 71 317 197 1345 0 0 1 "Assault"
0 192 71 317 196 1346 0 0 1 "Assault"
0 192 71 317 196 1347 0 0 1 "Assault"
0 192 71 317 196 1348 0 0 1 "Assault"
0 192 71 317 196 1349 0 0 1 "Assault"
0 192 71 317 195 1350 0 0 1 "Assault"
0 192 71 317 195 1351 0 0 1 "Assault"
0 192 71 317 195 1352 0 0 1 "Assault"
0 192 71 317 195 1353 0 0 1 "Assault"
0 192 71 317 195 1354 0 0 1 "Assault"
0 192 71 317 194 1355 0 0 1 "Assault"
0 192 71 317 194 1356 0 0 1 "Assault"
0 192 71 317 194 1357 0 0 1 "Assault"
0 192 71 317 194 1358 0 0 1 "Assault"
0 192 71 317 193 1359 0 0 1 "Assault"
0 192 71 317 193 1360 0 0 1 "Assault"
0 192 71 317 193 1361 0 0 1 "Assault"
0 192 71 317 193 1362 0 0 1 "Assault"
0 192 71 317 193 1363 0 0 0 "Assault"
0 193 71 314 192 1364 0 0 1 "Assault"
0 194 71 312 192 1365 0 0 1 "Assault"
0 195 71 310 192 1366 0 0 1 "Assault"
0 197 71 308 192 1367 0 0 1 "Assault"
0 198 71 305 192 1368 0 0 1 "Assault"
0 199 71 303 192 1369 0 0 1 "Assault"
0 201 71 301 192 1370 0 0 1 "Assault"
0 202 71 299 191 1371 0 0 1 "Assault"
0 203 71 297 191 1372 0 0 1 "Assault"
0 204 71 294 191 1373 0 0 1 "Assault"
0 206 71 292 191 1374 0 0 1 "Assault"
0 207 71 290 191 1375 0 0 1 "Assault"
0 208 71 288 191 1376 0 0 1 "Assault"
0 210 71 286 191 1377 1 0 0 "Assault"
0 210 71 286 191 1378 1 0 1 "Assault"
0 210 71 286 191 1379 1 0 1 "Assault"
0 210 71 286 191 1380 1 0 1 "Assault"
0 210 71 286 191 1381 1 0 1 "Assault"
0 210 71 286 191 1382 1 0 1 "Assault"
0 210 71 286 191 1383 1 0 1 "Assault"
0 210 71 286 191 1384 1 0 1 "Assault"
0 210 71 286 191 1385 1 0 1 "Assault"
0 210 71 286 191 1386 1 0 1 "Assault"
0 210 71 286 191 1387 1 0 1 "Assault"
0 210 71 286 191 1388 1 0 0 "Assault"
0 209 70 286 190 1389 1 0 1 "Assault"
0 209 70 286 190 1390 1 0 1 "Assault"
0 209 70 286 190 1391 1 0 1 "Assault"
0 209 70 286 190 1392 1 0 1 "Assault"
0 209 70 286 189 1393 1 0 1 "Assault"
0 208 70 286 189 1394 1 0 1 "Assault"
0 208 70 286 189 1395 1 0 1 "Assault"
0 208 70 286 189 1396 1 0 1 "Assault"
0 208 70 286 189 1397 1 0 1 "Assault"
0 208 70 286 188 1398 1 0 1 "Assault"
0 207 70 286 188 1399 1 0 1 "Assault"
0 207 70 286 188 1400 1 0 1 "Assault"
0 207 70 286 188 1401 1 0 1 "Assault"
0 207 70 286 188 1402 1 0 1 "Assault"
0 207 70 286 187 1403 1 0 1 "Assault"
0 206 70 286 187 1404 1 0 1 "Assault"
0 206 70 286 187 1405 1 0 1 "Assault"
0 206 70 286 187 1406 1 0 1 "Assault"
0 206 70 286 187 1407 1 0 1 "Assault"
0 206 70 286 186 1408 1 0 1 "Assault"
0 205 70 286 186 1409 1 0 1 "Assault"
0 205 70 286 186 1410 1 0 1 "Assault"
0 205 70 286 186 1411 1 0 1 "Assault"
0 205 70 286 186 1412 1 0 1 "Assault"
0 205 70 286 185 1413 1 0 1 "Assault"
0 204 70 286 185 1414 1 0 1 "Assault"
0 204 70 286 185 1415 1 0 1 "Assault"
0 204 70 286 185 1416 1 0 1 "Assault"
0 204 70 286 185 1417 1 0 1 "Assault"
0 204 70 286 184 1418 1 0 1 "Assault"
0 203 70 286 184 1419 1 0 1 "Assault"
0 203 70 286 184 1420 1 0 1 "Assault"
0 203 70 286 184 1421 1 0 1 "Assault"
0 203 70 286 183 1422 1 0 1 "Assault"
0 203 70 286 183 1423 1 0 1 "Assault"
0 202 70 286 183 1424 1 0 1 "Assault"
0 202 70 286 183 1425 1 0 1 "Assault"
0 202 70 286 183 1426 1 0 1 "Assault"
0 202 70 286 182 1427 1 0 1 "Assault"
0 202 70 286 182 1428 1 0 1 "Assault"
0 201 70 286 182 1429 1 0 1 "Assault"
0 201 70 286 182 1430 1 0 1 "Assault"
0 201 70 286 182 1431 1 0 1 "Assault"
0 201 70 286 181 1432 1 0 1 "Assault"
0 201 70 286 181 1433 1 0 1 "Assault"
0 201 70 287 181 1434 1 0 1 "Assault"
0 200 69 287 181 1435 1 0 1 "Assault"
0 200 69 287 181 1436 1 0 1 "Assault"
0 200 69 287 180 1437 1 0 1 "Assault"
0 200 69 287 180 1438 1 0 1 "Assault"
0 200 69 287 180 1439 1 0 1 "Assault"
0 199 69 287 180 1440 1 0 1 "Assault"
0 199 69 287 180 1441 1 0 1 "Assault"
0 199 69 287 179 1442 1 0 1 "Assault"
0 199 69 287 179 1443 1 0 1 "Assault"
0 199 69 287 179 1444 1 0 1 "Assault"
0 198 69 287 179 1445 1 0 1 "Assault"
0 198 69 287 179 1446 1 0 1 "Assault"
0 198 69 287 178 1447 1 0 1 "Assault"
0 198 69 287 178 1448 1 0 1 "Assault"
0 198 69 287 178 1449 1 0 1 "Assault"
0 197 69 287 178 1450 1 0 1 "Assault"
0 197 69 287 177 1451 1 0 1 "Assault"
0 197 69 287 177 1452 1 0 1 "Assault"
0 197 69 287 177 1453 1 0 1 "Assault"
0 197 69 287 177 1454 1 0 1 "Assault"
0 196 69 287 177 1455 1 0 1 "Assault"
0 196 69 287 176 1456 1 0 1 "Assault"
0 196 69 287 176 1457 1 0 1 "Assault"
0 196 69 287 176 1458 1 0 1 "Assault"
0 196 69 287 176 1459 1 0 1 "Assault"
0 195 69 287 176 1460 1 0 1 "Assault"
0 195 69 287 175 1461 1 0 1 "Assault"
0 195 69 287 175 1462 1 0 1 "Assault"
0 195 69 287 175 1463 1 0 1 "Assault"
0 195 69 287 175 1464 1 0 1 "Assault"
0 194 69 287 175 1465 1 0 1 "Assault"
0 194 69 287 174 1466 1 0 1 "Assault"
0 194 69 287 174 1467 1 0 1 "Assault"
0 194 69 287 174 1468 1 0 1 "Assault"
0 194 69 287 174 1469 1 0 1 "Assault"
0 193 69 287 174 1470 1 0 1 "Assault"
0 193 69 287 173 1471 1 0 1 "Assault"
0 193 69 287 173 1472 1 0 1 "Assault"
0 193 69 287 173 1473 1 0 1 "Assault"
0 193 69 287 173 1474 1 0 1 "Assault"
0 192 69 287 173 1475 1 0 1 "Assault"
0 192 69 287 172 1476 1 0 1 "Assault"
0 192 69 287 172 1477 1 0 1 "Assault"
0 192 69 287 172 1478 1 0 1 "Assault"
0 192 69 287 172 1479 1 0 1 "Assault"
0 192 69 288 172 1480 1 0 0 "Assault"
