0 173 35 277 208 0 1 0 0 "Assault"
0 173 35 277 208 1 1 0 1 "Assault"
0 173 35 277 208 2 1 0 1 "Assault"
0 173 35 277 208 3 1 0 1 "Assault"
0 173 35 277 208 4 1 0 1 "Assault"
0 173 35 277 208 5 1 0 1 "Assault"
0 173 35 277 208 6 1 0 1 "Assault"
0 173 35 277 208 7 1 0 1 "Assault"
0 173 35 277 208 8 1 0 1 "Assault"
0 173 35 277 208 9 1 0 1 "Assault"
0 173 35 277 208 10 1 0 1 "Assault"
0 173 35 277 208 11 1 0 1 "Assault"
0 173 35 277 208 12 1 0 1 "Assault"
0 173 35 277 208 13 1 0 1 "Assault"
0 173 35 277 208 14 1 0 1 "Assault"
0 173 35 277 208 15 1 0 1 "Assault"
0 173 35 277 208 16 1 0 1 "Assault"
0 173 35 277 208 17 1 0 1 "Assault"
0 173 35 277 208 18 1 0 1 "Assault"
0 173 35 277 208 19 1 0 1 "Assault"
0 173 35 277 208 20 1 0 1 "Assault"
0 173 35 277 208 21 1 0 1 "Assault"
0 173 35 277 208 22 1 0 1 "Assault"
0 173 35 277 208 23 1 0 1 "Assault"
0 173 35 277 208 24 1 0 1 "Assault"
0 173 35 277 208 25 1 0 1 "Assault"
0 173 35 277 208 26 1 0 1 "Assault"
0 173 35 277 208 27 1 0 1 "Assault"
0 173 35 277 208 28 1 0 1 "Assault"
0 173 35 277 208 29 1 0 1 "Assault"
0 173 35 277 208 30 1 0 1 "Assault"
0 173 35 277 208 31 1 0 1 "Assault"
0 173 35 277 208 32 1 0 1 "Assault"
0 173 35 277 208 33 1 0 1 "Assault"
0 173 35 277 208 34 1 0 1 "Assault"
0 173 35 277 208 35 1 0 1 "Assault"
0 173 35 277 208 36 1 0 1 "Assault"
0 173 35 277 208 37 1 0 1 "Assault"
0 173 35 277 208 38 1 0 1 "Assault"
0 173 35 277 208 39 1 0 1 "Assault"
0 173 35 277 208 40 1 0 1 "Assault"
0 173 35 277 208 41 1 0 1 "Assault"
0 173 35 277 208 42 1 0 1 "Assault"
0 173 35 277 208 43 1 0 1 "Assault"
0 173 35 277 208 44 1 0 1 "Assault"
0 173 35 277 208 45 1 0 1 "Assault"
0 173 35 277 208 46 1 0 1 "Assault"
0 173 35 277 208 47 1 0 1 "Assault"
0 173 35 277 208 48 1 0 1 "Assault"
0 173 35 277 208 49 1 0 1 "Assault"
0 173 35 277 208 50 1 0 1 "Assault"
0 173 35 277 208 51 1 0 1 "Assault"
0 173 35 277 208 52 1 0 1 "Assault"
0 173 35 277 208 53 1 0 1 "Assault"
0 173 35 277 208 54 1 0 1 "Assault"
0 173 35 277 208 55 1 0 1 "Assault"
0 173 35 277 208 56 1 0 1 "Assault"
0 173 35 277 208 57 1 0 1 "Assault"
0 173 35 277 208 58 1 0 1 "Assault"
0 173 35 277 208 59 1 0 1 "Assault"
0 173 35 277 208 60 1 0 1 "Assault"
0 173 35 277 208 61 1 0 1 "Assault"
0 173 35 277 208 62 1 0 1 "Assault"
0 173 35 277 208 63 1 0 1 "Assault"
0 173 35 277 208 64 1 0 1 "Assault"
0 173 35 277 208 65 1 0 1 "Assault"
0 173 35 277 208 66 1 0 1 "Assault"
0 173 35 277 208 67 1 0 1 "Assault"
0 173 35 277 208 68 1 0 1 "Assault"
0 173 35 277 208 69 1 0 1 "Assault"
0 173 35 277 208 70 1 0 1 "Assault"
0 173 35 277 208 71 1 0 1 "Assault"
0 173 35 277 208 72 0 0 0 "Assault"
0 166 36 275 207 73 0 0 1 "Assault"
0 159 37 274 206 74 0 0 1 "Assault"
0 152 38 272 206 75 0 0 1 "Assault"
0 145 40 271 205 76 0 0 1 "Assault"
0 138 41 269 205 77 0 0 1 "Assault"
0 131 42 268 204 78 0 0 1 "Assault"
0 124 44 266 203 79 0 0 1 "Assault"
0 117 45 265 203 80 0 0 1 "Assault"
0 110 46 263 202 81 0 0 1 "Assault"
0 103 48 262 202 82 0 0 0 "Assault"
0 100 48 262 201 83 0 0 1 "Assault"
0 97 48 262 201 84 0 0 1 "Assault"
0 94 48 262 201 85 0 0 1 "Assault"
0 92 48 262 201 86 1 0 0 "Assault"
0 92 48 262 200 87 1 0 1 "Assault"
0 92 48 262 200 88 1 0 1 "Assault"
0 92 48 262 200 89 1 0 1 "Assault"
0 92 48 262 200 90 1 0 1 "Assault"
0 92 48 262 200 91 1 0 1 "Assault"
0 92 48 262 200 92 1 0 1 "Assault"
0 92 48 262 200 93 1 0 1 "Assault"
0 92 48 262 200 94 1 0 1 "Assault"
0 92 48 262 200 95 1 0 1 "Assault"
0 92 48 262 200 96 1 0 1 "Assault"
0 92 48 262 200 97 1 0 0 "Assault"
0 92 48 262 200 98 1 0 1 "Assault"
0 92 48 262 200 99 1 0 1 "Assault"
0 92 48 262 200 100 1 0 1 "Assault"
0 92 48 262 200 101 1 0 1 "Assault"
0 92 48 262 200 102 1 0 1 "Assault"
0 92 48 262 200 103 1 0 1 "Assault"
0 92 48 262 200 104 1 0 1 "Assault"
0 92 48 262 200 105 1 0 1 "Assault"
0 92 48 262 200 106 1 0 1 "Assault"
0 92 48 262 200 107 1 0 1 "Assault"
0 92 48 262 200 108 1 0 1 "Assault"
0 92 48 262 200 109 1 0 1 "Assault"
0 92 48 262 200 110 1 0 1 "Assault"
0 92 48 262 200 111 1 0 1 "Assault"
0 92 48 262 200 112 1 0 1 "Assault"
0 92 48 262 200 113 1 0 1 "Assault"
0 92 48 262 200 114 1 0 1 "Assault"
0 92 48 262 200 115 1 0 1 "Assault"
0 92 48 262 200 116 1 0 1 "Assault"
0 92 48 262 200 117 1 0 1 "Assault"
0 92 48 262 200 118 1 0 1 "Assault"
0 92 48 262 200 119 1 0 1 "Assault"
0 92 48 262 200 120 1 0 1 "Assault"
0 92 48 262 200 121 1 0 1 "Assault"
0 92 48 262 200 122 1 0 1 "Assault"
0 92 48 262 200 123 1 0 1 "Assault"
0 92 48 262 200 124 1 0 1 "Assault"
0 92 48 262 200 125 1 0 1 "Assault"
0 92 48 262 200 126 1 0 1 "Assault"
0 92 48 262 200 127 1 0 1 "Assault"
0 92 48 262 200 128 1 0 1 "Assault"
0 92 48 262 200 129 1 0 1 "Assault"
0 92 48 262 200 130 1 0 1 "Assault"
0 92 48 262 200 131 1 0 1 "Assault"
0 92 48 262 200 132 1 0 1 "Assault"
0 92 48 262 200 133 1 0 1 "Assault"
0 92 48 262 200 134 1 0 1 "Assault"
0 92 48 262 200 135 1 0 1 "Assault"
0 92 48 262 200 136 1 0 1 "Assault"
0 92 48 262 200 137 1 0 0 "Assault"
