0 66 42 105 122 0 1 0 0 "Assault"
0 66 42 105 122 1 1 0 1 "Assault"
0 66 42 105 122 2 1 0 1 "Assault"
0 66 42 105 122 3 1 0 1 "Assault"
0 66 42 105 122 4 1 0 1 "Assault"
0 66 42 105 122 5 1 0 1 "Assault"
0 66 42 105 122 6 1 0 1 "Assault"
0 66 42 105 122 7 1 0 1 "Assault"
0 66 42 105 122 8 1 0 1 "Assault"
0 67 42 105 122 9 1 0 1 "Assault"
0 67 42 105 122 10 1 0 1 "Assault"
0 67 42 105 122 11 1 0 1 "Assault"
0 67 42 105 122 12 1 0 1 "Assault"
0 67 42 105 122 13 1 0 1 "Assault"
0 67 42 105 122 14 1 0 1 "Assault"
0 67 42 105 122 15 1 0 1 "Assault"
0 67 42 105 122 16 1 0 1 "Assault"
0 68 42 105 122 17 1 0 1 "Assault"
0 68 42 105 122 18 1 0 1 "Assault"
0 68 42 105 122 19 1 0 1 "Assault"
0 68 42 105 122 20 1 0 1 "Assault"
0 68 42 105 122 21 1 0 1 "Assault"
0 68 42 105 122 22 1 0 1 "Assault"
0 68 42 105 122 23 1 0 1 "Assault"
0 68 42 105 122 24 1 0 1 "Assault"
0 68 42 105 122 25 1 0 1 "Assault"
0 69 42 105 122 26 1 0 1 "Assault"
0 69 42 105 122 27 1 0 1 "Assault"
0 69 42 105 122 28 1 0 1 "Assault"
0 69 42 105 122 29 1 0 1 "Assault"
0 69 42 105 122 30 1 0 1 "Assault"
0 69 42 105 122 31 1 0 1 "Assault"
0 69 42 105 122 32 1 0 1 "Assault"
0 69 42 105 122 33 1 0 1 "Assault"
0 70 42 105 122 34 1 0 1 "Assault"
0 70 42 105 122 35 1 0 1 "Assault"
0 70 42 105 122 36 1 0 1 "Assault"
0 70 42 105 122 37 1 0 1 "Assault"
0 70 42 105 122 38 1 0 1 "Assault"
0 70 42 105 122 39 1 0 1 "Assault"
0 70 42 105 122 40 1 0 1 "Assault"
0 70 42 105 122 41 1 0 1 "Assault"
0 70 42 105 122 42 1 0 1 "Assault"
0 71 42 105 122 43 1 0 1 "Assault"
0 71 42 105 122 44 1 0 1 "Assault"
0 71 42 105 122 45 1 0 1 "Assault"
0 71 42 105 122 46 1 0 1 "Assault"
0 71 42 105 122 47 1 0 1 "Assault"
0 71 42 105 122 48 1 0 1 "Assault"
0 71 42 105 122 49 1 0 1 "Assault"
0 71 42 105 122 50 1 0 1 "Assault"
0 72 42 106 122 51 0 0 0 "Assault"
0 73 42 109 122 52 0 0 1 "Assault"
0 75 43 112 122 53 0 0 1 "Assault"
0 76 44 115 122 54 0 0 1 "Assault"
0 78 44 118 122 55 0 0 1 "Assault"
0 79 45 121 122 56 0 0 1 "Assault"
0 81 46 124 123 57 0 0 0 "Assault"
0 81 47 128 123 58 0 0 1 "Assault"
0 82 48 132 123 59 0 0 1 "Assault"
0 83 49 136 123 60 0 0 1 "Assault"
0 84 50 140 123 61 0 0 1 "Assault"
0 85 52 145 124 62 0 0 1 "Assault"
0 85 53 149 124 63 0 0 1 "Assault"
0 86 54 153 124 64 0 0 1 "Assault"
0 87 55 157 124 65 0 0 1 "Assault"
0 88 56 161 124 66 0 0 1 "Assault"
0 89 58 166 125 67 0 0 0 "Assault"
0 88 58 169 129 68 0 0 1 "Assault"
0 87 58 173 134 69 0 0 1 "Assault"
0 86 58 177 138 70 0 0 1 "Assault"
0 85 58 181 143 71 1 0 0 "Assault"
0 84 58 180 143 72 1 0 1 "Assault"
0 83 58 180 144 73 1 0 1 "Assault"
0 82 58 180 144 74 1 0 1 "Assault"
0 81 58 179 145 75 1 0 1 "Assault"
0 80 58 179 145 76 1 0 1 "Assault"
0 80 58 179 146 77 1 0 0 "Assault"
0 80 58 179 146 78 1 0 1 "Assault"
0 80 58 179 146 79 1 0 1 "Assault"
0 80 58 179 146 80 1 0 1 "Assault"
0 80 58 179 146 81 1 0 1 "Assault"
0 80 58 179 146 82 1 0 1 "Assault"
0 80 58 179 146 83 1 0 1 "Assault"
0 80 58 179 146 84 1 0 1 "Assault"
0 80 58 179 146 85 1 0 1 "Assault"
0 80 58 179 146 86 1 0 1 "Assault"
0 80 58 179 146 87 1 0 1 "Assault"
0 80 58 179 146 88 1 0 1 "Assault"
0 80 58 179 146 89 1 0 1 "Assault"
0 80 58 179 146 90 1 0 1 "Assault"
0 80 58 179 146 91 1 0 1 "Assault"
0 80 58 179 146 92 1 0 1 "Assault"
0 80 58 179 146 93 1 0 1 "Assault"
0 80 58 179 146 94 1 0 1 "Assault"
0 80 58 179 146 95 1 0 1 "Assault"
0 80 58 179 146 96 1 0 1 "Assault"
0 80 58 179 146 97 1 0 1 "Assault"
0 80 58 179 146 98 1 0 1 "Assault"
0 80 58 179 146 99 1 0 1 "Assault"
0 80 58 179 146 100 1 0 1 "Assault"
0 80 58 179 146 101 1 0 1 "Assault"
0 80 58 179 146 102 1 0 1 "Assault"
0 80 58 179 146 103 1 0 1 "Assault"
0 80 58 179 146 104 1 0 1 "Assault"
0 80 58 179 146 105 1 0 1 "Assault"
0 80 58 179 146 106 1 0 1 "Assault"
0 80 58 179 146 107 1 0 1 "Assault"
0 80 58 179 146 108 1 0 1 "Assault"
0 80 58 179 146 109 1 0 1 "Assault"
0 80 58 179 146 110 1 0 1 "Assault"
0 80 58 179 146 111 1 0 1 "Assault"
0 80 58 179 146 112 1 0 1 "Assault"
0 80 58 179 146 113 1 0 1 "Assault"
0 80 58 179 146 114 1 0 1 "Assault"
0 80 58 179 146 115 1 0 1 "Assault"
0 80 58 179 146 116 1 0 1 "Assault"
0 80 58 179 146 117 1 0 1 "Assault"
0 80 58 179 146 118 1 0 1 "Assault"
0 80 58 179 146 119 1 0 1 "Assault"
0 80 58 179 146 120 1 0 1 "Assault"
0 80 58 179 146 121 1 0 1 "Assault"
0 80 58 179 146 122 1 0 1 "Assault"
0 80 58 179 146 123 1 0 1 "Assault"
0 80 58 179 146 124 1 0 1 "Assault"
0 80 58 179 146 125 1 0 1 "Assault"
0 80 58 179 146 126 1 0 1 "Assault"
0 80 58 179 146 127 1 0 1 "Assault"
0 80 58 179 146 128 1 0 1 "Assault"
0 80 58 179 146 129 1 0 1 "Assault"
0 80 58 179 146 130 1 0 1 "Assault"
0 80 58 179 146 131 1 0 1 "Assault"
0 80 58 179 146 132 1 0 1 "Assault"
0 80 58 179 146 133 1 0 1 "Assault"
0 80 58 179 146 134 1 0 1 "Assault"
0 80 58 179 146 135 1 0 1 "Assault"
0 80 58 179 146 136 1 0 1 "Assault"
0 80 58 179 146 137 1 0 1 "Assault"
0 80 58 179 146 138 1 0 1 "Assault"
0 80 58 179 146 139 1 0 1 "Assault"
0 80 58 179 146 140 1 0 1 "Assault"
0 80 58 179 146 141 1 0 1 "Assault"
0 80 58 179 146 142 1 0 1 "Assault"
0 80 58 179 146 143 1 0 1 "Assault"
0 80 58 179 146 144 1 0 1 "Assault"
0 80 58 179 146 145 1 0 1 "Assault"
0 80 58 179 146 146 1 0 1 "Assault"
0 80 58 179 146 147 1 0 1 "Assault"
0 80 58 179 146 148 1 0 1 "Assault"
0 80 58 179 146 149 1 0 1 "Assault"
0 80 58 179 146 150 1 0 1 "Assault"
0 80 58 179 146 151 1 0 1 "Assault"
0 80 58 179 146 152 1 0 1 "Assault"
0 80 58 179 146 153 1 0 1 "Assault"
0 80 58 179 146 154 1 0 1 "Assault"
0 80 58 179 146 155 1 0 1 "Assault"
0 80 58 179 146 156 1 0 1 "Assault"
0 80 58 179 146 157 1 0 1 "Assault"
0 80 58 179 146 158 1 0 1 "Assault"
0 80 58 179 146 159 1 0 1 "Assault"
0 80 58 179 146 160 1 0 1 "Assault"
0 80 58 179 146 161 1 0 1 "Assault"
0 80 58 179 146 162 1 0 1 "Assault"
0 80 58 179 146 163 1 0 1 "Assault"
0 80 58 179 146 164 1 0 1 "Assault"
0 80 58 179 146 165 1 0 1 "Assault"
0 80 58 179 146 166 1 0 1 "Assault"
0 80 58 179 146 167 1 0 1 "Assault"
0 80 58 179 146 168 1 0 1 "Assault"
0 80 58 179 146 169 1 0 1 "Assault"
0 80 58 179 146 170 1 0 1 "Assault"
0 80 58 179 146 171 1 0 1 "Assault"
0 80 58 179 146 172 1 0 1 "Assault"
0 80 58 179 146 173 1 0 1 "Assault"
0 80 58 179 146 174 1 0 1 "Assault"
0 80 58 179 146 175 1 0 1 "Assault"
0 80 58 179 146 176 1 0 1 "Assault"
0 80 58 179 146 177 1 0 1 "Assault"
0 80 58 179 146 178 1 0 1 "Assault"
0 80 58 179 146 179 1 0 1 "Assault"
0 80 58 179 146 180 1 0 1 "Assault"
0 80 58 179 146 181 1 0 1 "Assault"
0 80 58 179 146 182 1 0 1 "Assault"
0 80 58 179 146 183 1 0 1 "Assault"
0 80 58 179 146 184 1 0 1 "Assault"
0 80 58 179 146 185 1 0 1 "Assault"
0 80 58 179 146 186 1 0 1 "Assault"
0 80 58 179 146 187 1 0 1 "Assault"
0 80 58 179 146 188 1 0 1 "Assault"
0 80 58 179 146 189 1 0 1 "Assault"
0 80 58 179 146 190 1 0 1 "Assault"
0 80 58 179 146 191 1 0 1 "Assault"
0 80 58 179 146 192 1 0 1 "Assault"
0 80 58 179 146 193 1 0 1 "Assault"
0 80 58 179 146 194 1 0 1 "Assault"
0 80 58 179 146 195 1 0 1 "Assault"
0 80 58 179 146 196 1 0 1 "Assault"
0 80 58 179 146 197 1 0 1 "Assault"
0 80 58 179 146 198 1 0 1 "Assault"
0 80 58 179 146 199 1 0 1 "Assault"
0 80 58 179 146 200 1 0 1 "Assault"
0 80 58 179 146 201 1 0 1 "Assault"
0 80 58 179 146 202 1 0 1 "Assault"
0 80 58 179 146 203 1 0 1 "Assault"
0 80 58 179 146 204 1 0 1 "Assault"
0 80 58 179 146 205 1 0 1 "Assault"
0 80 58 179 146 206 1 0 1 "Assault"
0 80 58 179 146 207 1 0 1 "Assault"
0 80 58 179 146 208 1 0 1 "Assault"
0 80 58 179 146 209 1 0 1 "Assault"
0 80 58 179 146 210 1 0 1 "Assault"
0 80 58 179 146 211 1 0 1 "Assault"
0 80 58 179 146 212 1 0 1 "Assault"
0 80 58 179 146 213 1 0 1 "Assault"
0 80 58 179 146 214 1 0 1 "Assault"
0 80 58 179 146 215 1 0 1 "Assault"
0 80 58 179 146 216 1 0 1 "Assault"
0 80 58 179 146 217 1 0 1 "Assault"
0 80 58 179 146 218 1 0 1 "Assault"
0 80 58 179 146 219 1 0 1 "Assault"
0 80 58 179 146 220 1 0 1 "Assault"
0 80 58 179 146 221 1 0 1 "Assault"
0 80 58 179 146 222 1 0 1 "Assault"
0 80 58 179 146 223 1 0 1 "Assault"
0 80 58 179 146 224 1 0 1 "Assault"
0 80 58 179 146 225 1 0 1 "Assault"
0 80 58 179 146 226 1 0 1 "Assault"
0 80 58 179 146 227 1 0 1 "Assault"
0 80 58 179 146 228 1 0 1 "Assault"
0 80 58 179 146 229 1 0 1 "Assault"
0 80 58 179 146 230 1 0 1 "Assault"
0 80 58 179 146 231 1 0 1 "Assault"
0 80 58 179 146 232 1 0 1 "Assault"
0 80 58 179 146 233 1 0 1 "Assault"
0 80 58 179 146 234 1 0 1 "Assault"
0 80 58 179 146 235 1 0 1 "Assault"
0 80 58 179 146 236 1 0 1 "Assault"
0 80 58 179 146 237 1 0 1 "Assault"
0 80 58 179 146 238 1 0 1 "Assault"
0 80 58 179 146 239 1 0 1 "Assault"
0 80 58 179 146 240 1 0 1 "Assault"
0 80 58 179 146 241 1 0 1 "Assault"
0 80 58 179 146 242 1 0 1 "Assault"
0 80 58 179 146 243 1 0 1 "Assault"
0 80 58 179 146 244 1 0 1 "Assault"
0 80 58 179 146 245 1 0 1 "Assault"
0 80 58 179 146 246 1 0 1 "Assault"
0 80 58 179 146 247 1 0 1 "Assault"
0 80 58 179 146 248 1 0 1 "Assault"
0 80 58 179 146 249 1 0 1 "Assault"
0 80 58 179 146 250 1 0 1 "Assault"
0 80 58 179 146 251 1 0 1 "Assault"
0 80 58 179 146 252 1 0 1 "Assault"
0 80 58 179 146 253 1 0 1 "Assault"
0 80 58 179 146 254 1 0 1 "Assault"
0 80 58 179 146 255 1 0 1 "Assault"
0 80 58 179 146 256 1 0 1 "Assault"
0 80 58 179 146 257 1 0 1 "Assault"
0 80 58 179 146 258 1 0 1 "Assault"
0 80 58 179 146 259 1 0 1 "Assault"
0 80 58 179 146 260 1 0 1 "Assault"
0 80 58 179 146 261 1 0 1 "Assault"
0 80 58 179 146 262 1 0 1 "Assault"
0 80 58 179 146 263 1 0 1 "Assault"
0 80 58 179 146 264 1 0 1 "Assault"
0 80 58 179 146 265 1 0 1 "Assault"
0 80 58 179 146 266 1 0 1 "Assault"
0 80 58 179 146 267 1 0 1 "Assault"
0 80 58 179 146 268 1 0 1 "Assault"
0 80 58 179 146 269 1 0 1 "Assault"
0 80 58 179 146 270 1 0 1 "Assault"
0 80 58 179 146 271 1 0 1 "Assault"
0 80 58 179 146 272 1 0 1 "Assault"
0 80 58 179 146 273 1 0 1 "Assault"
0 80 58 179 146 274 1 0 1 "Assault"
0 80 58 179 146 275 1 0 1 "Assault"
0 80 58 179 146 276 1 0 1 "Assault"
0 80 58 179 146 277 1 0 1 "Assault"
0 80 58 179 146 278 1 0 1 "Assault"
0 80 58 179 146 279 1 0 1 "Assault"
0 80 58 179 146 280 1 0 1 "Assault"
0 80 58 179 146 281 1 0 1 "Assault"
0 80 58 179 146 282 1 0 1 "Assault"
0 80 58 179 146 283 1 0 1 "Assault"
0 80 58 179 146 284 1 0 1 "Assault"
0 80 58 179 146 285 1 0 1 "Assault"
0 80 58 179 146 286 1 0 1 "Assault"
0 80 58 179 146 287 1 0 1 "Assault"
0 80 58 179 146 288 1 0 1 "Assault"
0 80 58 179 146 289 1 0 1 "Assault"
0 80 58 179 146 290 1 0 1 "Assault"
0 80 58 179 146 291 1 0 1 "Assault"
0 80 58 179 146 292 1 0 1 "Assault"
0 80 58 179 146 293 1 0 1 "Assault"
0 80 58 179 146 294 1 0 1 "Assault"
0 80 58 179 146 295 1 0 1 "Assault"
0 80 58 179 146 296 1 0 1 "Assault"
0 80 58 179 146 297 1 0 1 "Assault"
0 80 58 179 146 298 1 0 1 "Assault"
0 80 58 179 146 299 1 0 1 "Assault"
0 80 58 179 146 300 1 0 1 "Assault"
0 80 58 179 146 301 1 0 1 "Assault"
0 80 58 179 146 302 1 0 1 "Assault"
0 80 58 179 146 303 1 0 1 "Assault"
0 80 58 179 146 304 1 0 1 "Assault"
0 80 58 179 146 305 1 0 1 "Assault"
0 80 58 179 146 306 1 0 1 "Assault"
0 80 58 179 146 307 1 0 1 "Assault"
0 80 58 179 146 308 1 0 1 "Assault"
0 80 58 179 146 309 1 0 1 "Assault"
0 80 58 179 146 310 1 0 1 "Assault"
0 80 58 179 146 311 1 0 1 "Assault"
0 80 58 179 146 312 1 0 1 "Assault"
0 80 58 179 146 313 1 0 1 "Assault"
0 80 58 179 146 314 1 0 1 "Assault"
0 80 58 179 146 315 1 0 1 "Assault"
0 80 58 179 146 316 1 0 1 "Assault"
0 80 58 179 146 317 1 0 1 "Assault"
0 80 58 179 146 318 1 0 1 "Assault"
0 80 58 179 146 319 1 0 1 "Assault"
0 80 58 179 146 320 1 0 1 "Assault"
0 80 58 179 146 321 1 0 1 "Assault"
0 80 58 179 146 322 1 0 1 "Assault"
0 80 58 179 146 323 1 0 1 "Assault"
0 80 58 179 146 324 1 0 1 "Assault"
0 80 58 179 146 325 1 0 1 "Assault"
0 80 58 179 146 326 1 0 1 "Assault"
0 80 58 179 146 327 1 0 1 "Assault"
0 80 58 179 146 328 1 0 1 "Assault"
0 80 58 179 146 329 1 0 1 "Assault"
0 80 58 179 146 330 1 0 1 "Assault"
0 80 58 179 146 331 1 0 1 "Assault"
0 80 58 179 146 332 1 0 1 "Assault"
0 80 58 179 146 333 1 0 1 "Assault"
0 80 58 179 146 334 1 0 1 "Assault"
0 80 58 179 146 335 1 0 1 "Assault"
0 80 58 179 146 336 1 0 1 "Assault"
0 80 58 179 146 337 1 0 1 "Assault"
0 80 58 179 146 338 1 0 1 "Assault"
0 80 58 179 146 339 1 0 1 "Assault"
0 80 58 179 146 340 1 0 1 "Assault"
0 80 58 179 146 341 1 0 1 "Assault"
0 80 58 179 146 342 1 0 1 "Assault"
0 80 58 179 146 343 1 0 1 "Assault"
0 80 58 179 146 344 1 0 1 "Assault"
0 80 58 179 146 345 1 0 1 "Assault"
0 80 58 179 146 346 1 0 1 "Assault"
0 80 58 179 146 347 1 0 1 "Assault"
0 80 58 179 146 348 1 0 1 "Assault"
0 80 58 179 146 349 1 0 1 "Assault"
0 80 58 179 146 350 1 0 1 "Assault"
0 80 58 179 146 351 1 0 1 "Assault"
0 80 58 179 146 352 1 0 1 "Assault"
0 80 58 179 146 353 1 0 1 "Assault"
0 80 58 179 146 354 1 0 1 "Assault"
0 80 58 179 146 355 1 0 1 "Assault"
0 80 58 179 146 356 1 0 1 "Assault"
0 80 58 179 146 357 1 0 1 "Assault"
0 80 58 179 146 358 1 0 1 "Assault"
0 80 58 179 146 359 1 0 1 "Assault"
0 80 58 179 146 360 1 0 0 "Assault"
