0 135 43 200 141 0 1 0 0 "Burglary"
0 135 43 200 141 1 1 0 1 "Burglary"
0 135 43 200 141 2 1 0 1 "Burglary"
0 135 43 200 141 3 1 0 1 "Burglary"
0 135 43 200 141 4 1 0 1 "Burglary"
0 135 43 200 141 5 1 0 1 "Burglary"
0 135 43 200 141 6 1 0 1 "Burglary"
0 135 43 200 141 7 1 0 1 "Burglary"
0 135 43 200 141 8 1 0 1 "Burglary"
0 135 43 200 141 9 1 0 1 "Burglary"
0 135 43 200 141 10 1 0 1 "Burglary"
0 135 43 200 141 11 1 0 1 "Burglary"
0 135 43 200 141 12 1 0 1 "Burglary"
0 135 43 200 141 13 1 0 1 "Burglary"
0 135 43 200 141 14 1 0 1 "Burglary"
0 135 43 200 141 15 1 0 1 "Burglary"
0 135 43 200 141 16 1 0 1 "Burglary"
0 135 43 200 141 17 1 0 1 "Burglary"
0 135 43 200 141 18 1 0 1 "Burglary"
0 135 43 200 141 19 1 0 1 "Burglary"
0 135 43 200 141 20 1 0 1 "Burglary"
0 135 43 200 141 21 1 0 1 "Burglary"
0 135 43 200 141 22 1 0 1 "Burglary"
0 135 43 200 141 23 1 0 1 "Burglary"
0 135 43 200 141 24 1 0 1 "Burglary"
0 135 43 200 141 25 1 0 1 "Burglary"
0 135 43 200 141 26 1 0 1 "Burglary"
0 135 43 200 141 27 1 0 1 "Burglary"
0 135 43 200 141 28 1 0 1 "Burglary"
0 135 43 200 141 29 1 0 1 "Burglary"
0 135 43 200 141 30 1 0 1 "Burglary"
0 135 43 200 141 31 1 0 1 "Burglary"
0 135 43 200 141 32 1 0 1 "Burglary"
0 135 43 200 141 33 1 0 1 "Burglary"
0 135 43 200 141 34 1 0 1 "Burglary"
0 135 43 200 141 35 1 0 1 "Burglary"
0 135 43 200 141 36 1 0 1 "Burglary"
0 135 43 200 141 37 1 0 1 "Burglary"
0 135 43 200 141 38 1 0 1 "Burglary"
0 135 43 200 141 39 1 0 1 "Burglary"
0 135 43 200 141 40 1 0 1 "Burglary"
0 135 43 200 141 41 1 0 1 "Burglary"
0 135 43 200 141 42 1 0 1 "Burglary"
0 135 43 200 141 43 1 0 1 "Burglary"
0 135 43 200 141 44 1 0 1 "Burglary"
0 135 43 200 141 45 1 0 1 "Burglary"
0 135 43 200 141 46 1 0 1 "Burglary"
0 135 43 200 141 47 1 0 1 "Burglary"
0 135 43 200 141 48 1 0 1 "Burglary"
0 135 43 200 141 49 1 0 1 "Burglary"
0 135 43 200 141 50 1 0 1 "Burglary"
0 135 43 200 141 51 1 0 1 "Burglary"
0 135 43 200 141 52 1 0 1 "Burglary"
0 135 43 200 141 53 1 0 1 "Burglary"
0 135 43 200 141 54 1 0 1 "Burglary"
0 135 43 200 141 55 1 0 1 "Burglary"
0 135 43 200 141 56 1 0 1 "Burglary"
0 135 43 200 141 57 1 0 1 "Burglary"
0 135 43 200 141 58 1 0 1 "Burglary"
0 135 43 200 141 59 1 0 1 "Burglary"
0 135 43 200 141 60 1 0 1 "Burglary"
0 135 43 200 141 61 1 0 1 "Burglary"
0 135 43 200 141 62 1 0 1 "Burglary"
0 135 43 200 141 63 1 0 1 "Burglary"
0 135 43 200 141 64 1 0 1 "Burglary"
0 135 43 200 141 65 1 0 1 "Burglary"
0 135 43 200 141 66 1 0 1 "Burglary"
0 135 43 200 141 67 1 0 1 "Burglary"
0 135 43 200 141 68 1 0 1 "Burglary"
0 135 43 200 141 69 1 0 1 "Burglary"
0 135 43 200 141 70 1 0 1 "Burglary"
0 135 43 200 141 71 1 0 1 "Burglary"
0 135 43 200 141 72 1 0 1 "Burglary"
0 135 43 200 141 73 1 0 1 "Burglary"
0 135 43 200 141 74 1 0 1 "Burglary"
0 135 43 200 141 75 1 0 1 "Burglary"
0 135 43 200 141 76 1 0 1 "Burglary"
0 135 43 200 141 77 1 0 1 "Burglary"
0 135 43 200 141 78 1 0 1 "Burglary"
0 135 43 200 141 79 1 0 1 "Burglary"
0 135 43 200 141 80 1 0 1 "Burglary"
0 135 43 200 141 81 1 0 1 "Burglary"
0 135 43 200 141 82 1 0 1 "Burglary"
0 135 43 200 141 83 1 0 1 "Burglary"
0 135 43 200 141 84 1 0 1 "Burglary"
0 135 43 200 141 85 1 0 1 "Burglary"
0 135 43 200 141 86 1 0 1 "Burglary"
0 135 43 200 141 87 1 0 1 "Burglary"
0 135 43 200 141 88 1 0 1 "Burglary"
0 135 43 200 141 89 1 0 1 "Burglary"
0 135 43 200 141 90 1 0 1 "Burglary"
0 135 43 200 141 91 1 0 1 "Burglary"
0 135 43 200 141 92 1 0 1 "Burglary"
0 135 43 200 141 93 1 0 1 "Burglary"
0 135 43 200 141 94 1 0 1 "Burglary"
0 135 43 200 141 95 1 0 1 "Burglary"
0 135 43 200 141 96 1 0 1 "Burglary"
0 135 43 200 141 97 1 0 1 "Burglary"
0 135 43 200 141 98 1 0 1 "Burglary"
0 135 43 200 141 99 1 0 1 "Burglary"
0 135 43 200 141 100 1 0 1 "Burglary"
0 135 43 200 141 101 1 0 1 "Burglary"
0 135 43 200 141 102 1 0 1 "Burglary"
0 135 43 200 141 103 1 0 1 "Burglary"
0 135 43 200 141 104 1 0 1 "Burglary"
0 135 43 200 141 105 1 0 1 "Burglary"
0 135 43 200 141 106 1 0 1 "Burglary"
0 135 43 200 141 107 1 0 1 "Burglary"
0 135 43 200 141 108 1 0 1 "Burglary"
0 135 43 200 141 109 1 0 1 "Burglary"
0 135 43 200 141 110 1 0 1 "Burglary"
0 135 43 200 141 111 1 0 1 "Burglary"
0 135 43 200 141 112 1 0 1 "Burglary"
0 135 43 200 141 113 1 0 1 "Burglary"
0 135 43 200 141 114 1 0 1 "Burglary"
0 135 43 200 141 115 1 0 1 "Burglary"
0 135 43 200 141 116 1 0 1 "Burglary"
0 135 43 200 141 117 1 0 1 "Burglary"
0 135 43 200 141 118 1 0 1 "Burglary"
0 135 43 200 141 119 1 0 1 "Burglary"
0 135 43 200 141 120 1 0 1 "Burglary"
0 135 43 200 141 121 1 0 1 "Burglary"
0 135 43 200 141 122 1 0 1 "Burglary"
0 135 43 200 141 123 1 0 1 "Burglary"
0 135 43 200 141 124 1 0 1 "Burglary"
0 135 43 200 141 125 1 0 1 "Burglary"
0 135 43 200 141 126 1 0 1 "Burglary"
0 135 43 200 141 127 1 0 1 "Burglary"
0 135 43 200 141 128 1 0 1 "Burglary"
0 135 43 200 141 129 1 0 1 "Burglary"
0 135 43 200 141 130 1 0 1 "Burglary"
0 135 43 200 141 131 1 0 1 "Burglary"
0 135 43 200 141 132 1 0 1 "Burglary"
0 135 43 200 141 133 1 0 1 "Burglary"
0 135 43 200 141 134 1 0 1 "Burglary"
0 135 43 200 141 135 1 0 1 "Burglary"
0 135 43 200 141 136 1 0 1 "Burglary"
0 135 43 200 141 137 1 0 1 "Burglary"
0 135 43 200 141 138 1 0 1 "Burglary"
0 135 43 200 141 139 1 0 1 "Burglary"
0 135 43 200 141 140 1 0 1 "Burglary"
0 135 43 200 141 141 1 0 1 "Burglary"
0 135 43 200 141 142 1 0 1 "Burglary"
0 135 43 200 141 143 1 0 1 "Burglary"
0 135 43 200 141 144 1 0 1 "Burglary"
0 135 43 200 141 145 1 0 1 "Burglary"
0 135 43 200 141 146 1 0 1 "Burglary"
0 135 43 200 141 147 1 0 1 "Burglary"
0 135 43 200 141 148 1 0 1 "Burglary"
0 135 43 200 141 149 1 0 1 "Burglary"
0 135 43 200 141 150 1 0 1 "Burglary"
0 135 43 200 141 151 1 0 1 "Burglary"
0 135 43 200 141 152 1 0 1 "Burglary"
0 135 43 200 141 153 1 0 1 "Burglary"
0 135 43 200 141 154 1 0 1 "Burglary"
0 135 43 200 141 155 1 0 1 "Burglary"
0 135 43 200 141 156 1 0 1 "Burglary"
0 135 43 200 141 157 1 0 1 "Burglary"
0 135 43 200 141 158 1 0 1 "Burglary"
0 135 43 200 141 159 1 0 1 "Burglary"
0 135 43 200 141 160 1 0 1 "Burglary"
0 135 43 200 141 161 1 0 1 "Burglary"
0 135 43 200 141 162 1 0 1 "Burglary"
0 135 43 200 141 163 1 0 1 "Burglary"
0 135 43 200 141 164 1 0 1 "Burglary"
0 135 43 200 141 165 1 0 1 "Burglary"
0 135 43 200 141 166 1 0 1 "Burglary"
0 135 43 200 141 167 1 0 1 "Burglary"
0 135 43 200 141 168 1 0 1 "Burglary"
0 135 43 200 141 169 1 0 1 "Burglary"
0 135 43 200 141 170 1 0 1 "Burglary"
0 135 43 200 141 171 1 0 1 "Burglary"
0 135 43 200 141 172 1 0 1 "Burglary"
0 135 43 200 141 173 1 0 1 "Burglary"
0 135 43 200 141 174 1 0 1 "Burglary"
0 135 43 200 141 175 1 0 1 "Burglary"
0 135 43 200 141 176 1 0 1 "Burglary"
0 135 43 200 141 177 1 0 1 "Burglary"
0 135 43 200 141 178 1 0 1 "Burglary"
0 135 43 200 141 179 1 0 1 "Burglary"
0 135 43 200 141 180 1 0 1 "Burglary"
0 135 43 200 141 181 1 0 1 "Burglary"
0 135 43 200 141 182 1 0 1 "Burglary"
0 135 43 200 141 183 1 0 1 "Burglary"
0 135 43 200 141 184 1 0 1 "Burglary"
0 135 43 200 141 185 1 0 1 "Burglary"
0 135 43 200 141 186 1 0 1 "Burglary"
0 135 43 200 141 187 1 0 1 "Burglary"
0 135 43 200 141 188 1 0 1 "Burglary"
0 135 43 200 141 189 1 0 1 "Burglary"
0 135 43 200 141 190 1 0 1 "Burglary"
0 135 43 200 141 191 1 0 1 "Burglary"
0 135 43 200 141 192 1 0 1 "Burglary"
0 135 43 200 141 193 1 0 1 "Burglary"
0 135 43 200 141 194 1 0 1 "Burglary"
0 135 43 200 141 195 1 0 1 "Burglary"
0 135 43 200 141 196 1 0 1 "Burglary"
0 135 43 200 141 197 1 0 1 "Burglary"
0 135 43 200 141 198 1 0 1 "Burglary"
0 135 43 200 141 199 1 0 1 "Burglary"
0 135 43 200 141 200 1 0 1 "Burglary"
0 135 43 200 141 201 1 0 1 "Burglary"
0 135 43 200 141 202 1 0 1 "Burglary"
0 135 43 200 141 203 1 0 1 "Burglary"
0 135 43 200 141 204 1 0 1 "Burglary"
0 135 43 200 141 205 1 0 1 "Burglary"
0 135 43 200 141 206 1 0 1 "Burglary"
0 135 43 200 141 207 1 0 1 "Burglary"
0 135 43 200 141 208 1 0 1 "Burglary"
0 135 43 200 141 209 1 0 1 "Burglary"
0 135 43 200 141 210 1 0 1 "Burglary"
0 135 43 200 141 211 1 0 1 "Burglary"
0 135 43 200 141 212 1 0 1 "Burglary"
0 135 43 200 141 213 1 0 1 "Burglary"
0 135 43 200 141 214 1 0 1 "Burglary"
0 135 43 200 141 215 1 0 1 "Burglary"
0 135 43 200 141 216 1 0 1 "Burglary"
0 135 43 200 141 217 1 0 1 "Burglary"
0 135 43 200 141 218 1 0 1 "Burglary"
0 135 43 200 141 219 1 0 1 "Burglary"
0 135 43 200 141 220 1 0 1 "Burglary"
0 135 43 200 141 221 1 0 1 "Burglary"
0 135 43 200 141 222 1 0 1 "Burglary"
0 135 43 200 141 223 1 0 1 "Burglary"
0 135 43 200 141 224 1 0 1 "Burglary"
0 135 43 200 141 225 1 0 1 "Burglary"
0 135 43 200 141 226 1 0 1 "Burglary"
0 135 43 200 141 227 1 0 1 "Burglary"
0 135 43 200 141 228 1 0 1 "Burglary"
0 135 43 200 141 229 1 0 1 "Burglary"
0 135 43 200 141 230 1 0 1 "Burglary"
0 135 43 200 141 231 1 0 1 "Burglary"
0 135 43 200 141 232 1 0 1 "Burglary"
0 135 43 200 141 233 1 0 1 "Burglary"
0 135 43 200 141 234 1 0 1 "Burglary"
0 135 43 200 141 235 0 0 0 "Burglary"
0 135 42 201 142 236 0 0 1 "Burglary"
0 135 42 202 143 237 0 0 1 "Burglary"
0 135 42 203 144 238 0 0 1 "Burglary"
0 135 42 204 145 239 0 0 1 "Burglary"
0 136 42 205 146 240 0 0 1 "Burglary"
0 136 42 206 147 241 0 0 1 "Burglary"
0 136 42 207 148 242 0 0 1 "Burglary"
0 136 42 208 149 243 0 0 1 "Burglary"
0 136 42 209 150 244 0 0 1 "Burglary"
0 137 42 211 151 245 0 0 0 "Burglary"
0 139 42 213 151 246 0 0 1 "Burglary"
0 142 42 216 151 247 0 0 1 "Burglary"
0 145 43 219 152 248 0 0 1 "Burglary"
0 148 43 222 152 249 0 0 1 "Burglary"
0 151 44 225 153 250 0 0 1 "Burglary"
0 153 44 227 153 251 0 0 1 "Burglary"
0 156 44 230 153 252 0 0 1 "Burglary"
0 159 45 233 154 253 0 0 1 "Burglary"
0 162 45 236 154 254 0 0 1 "Burglary"
0 165 46 239 155 255 0 0 0 "Burglary"
0 168 44 241 153 256 0 0 1 "Burglary"
0 171 43 244 151 257 0 0 1 "Burglary"
0 174 42 247 149 258 0 0 1 "Burglary"
0 178 41 249 147 259 0 0 1 "Burglary"
0 181 40 252 146 260 0 0 1 "Burglary"
0 184 39 255 144 261 0 0 1 "Burglary"
0 188 38 257 142 262 0 0 1 "Burglary"
0 191 37 260 140 263 0 0 1 "Burglary"
0 194 36 263 138 264 0 0 1 "Burglary"
0 198 35 266 137 265 0 0 0 "Burglary"
0 198 35 265 136 266 0 0 1 "Burglary"
0 199 36 265 136 267 0 0 1 "Burglary"
0 199 37 265 136 268 0 0 1 "Burglary"
0 200 37 265 136 269 0 0 1 "Burglary"
0 200 38 265 136 270 0 0 1 "Burglary"
0 201 39 265 136 271 0 0 1 "Burglary"
0 201 39 265 136 272 0 0 1 "Burglary"
0 202 40 265 136 273 0 0 1 "Burglary"
0 202 41 265 136 274 0 0 1 "Burglary"
0 203 42 265 136 275 0 0 0 "Burglary"
0 200 41 262 135 276 0 0 1 "Burglary"
0 197 40 259 134 277 0 0 1 "Burglary"
0 194 40 256 134 278 0 0 1 "Burglary"
0 191 39 253 133 279 0 0 1 "Burglary"
0 189 39 251 133 280 0 0 1 "Burglary"
0 186 38 248 132 281 0 0 1 "Burglary"
0 183 37 245 131 282 0 0 1 "Burglary"
0 180 37 242 131 283 0 0 1 "Burglary"
0 177 36 239 130 284 0 0 1 "Burglary"
0 175 36 237 130 285 0 0 0 "Burglary"
0 170 36 234 132 286 0 0 1 "Burglary"
0 166 37 231 134 287 0 0 1 "Burglary"
0 162 37 228 136 288 0 0 1 "Burglary"
0 158 38 225 138 289 0 0 1 "Burglary"
0 154 39 223 140 290 0 0 1 "Burglary"
0 149 39 220 142 291 0 0 1 "Burglary"
0 145 40 217 144 292 0 0 1 "Burglary"
0 141 40 214 146 293 0 0 1 "Burglary"
0 137 41 211 148 294 0 0 1 "Burglary"
0 133 42 209 150 295 0 0 0 "Burglary"
0 132 42 208 150 296 0 0 1 "Burglary"
0 131 42 207 150 297 0 0 1 "Burglary"
0 130 42 206 150 298 0 0 1 "Burglary"
0 129 42 205 150 299 0 0 1 "Burglary"
0 128 43 204 151 300 0 0 1 "Burglary"
0 127 43 203 151 301 0 0 1 "Burglary"
0 126 43 202 151 302 0 0 1 "Burglary"
0 125 43 201 151 303 0 0 1 "Burglary"
0 124 43 200 151 304 0 0 1 "Burglary"
0 124 44 200 152 305 0 0 0 "Burglary"
0 124 44 199 152 306 0 0 1 "Burglary"
0 124 44 198 153 307 0 0 1 "Burglary"
0 124 44 198 154 308 0 0 1 "Burglary"
0 125 44 197 155 309 0 0 1 "Burglary"
0 125 44 197 156 310 0 0 1 "Burglary"
0 125 44 196 156 311 0 0 1 "Burglary"
0 126 44 195 157 312 0 0 1 "Burglary"
0 126 44 195 158 313 0 0 1 "Burglary"
0 126 44 194 159 314 0 0 1 "Burglary"
0 127 44 194 160 315 0 0 0 "Burglary"
0 128 42 196 157 316 0 0 1 "Burglary"
0 129 41 198 155 317 0 0 1 "Burglary"
0 130 40 201 153 318 0 0 1 "Burglary"
0 132 38 203 151 319 0 0 1 "Burglary"
0 133 37 206 149 320 0 0 1 "Burglary"
0 134 36 208 147 321 0 0 1 "Burglary"
0 136 34 210 145 322 0 0 1 "Burglary"
0 137 33 213 143 323 0 0 1 "Burglary"
0 138 32 215 141 324 0 0 1 "Burglary"
0 140 31 218 139 325 0 0 0 "Burglary"
0 142 30 218 137 326 0 0 1 "Burglary"
0 144 29 219 135 327 0 0 1 "Burglary"
0 147 28 220 133 328 0 0 1 "Burglary"
0 149 27 221 131 329 0 0 1 "Burglary"
0 152 26 222 129 330 0 0 1 "Burglary"
0 154 25 222 127 331 0 0 1 "Burglary"
0 156 24 223 125 332 0 0 1 "Burglary"
0 159 23 224 123 333 0 0 1 "Burglary"
0 161 22 225 121 334 0 0 1 "Burglary"
0 164 22 226 120 335 0 0 0 "Burglary"
0 164 22 226 120 336 0 0 1 "Burglary"
0 165 23 226 120 337 0 0 1 "Burglary"
0 166 23 226 121 338 0 0 1 "Burglary"
0 167 24 226 121 339 0 0 1 "Burglary"
0 168 24 226 122 340 0 0 1 "Burglary"
0 168 25 226 122 341 0 0 1 "Burglary"
0 169 25 226 122 342 0 0 1 "Burglary"
0 170 26 226 123 343 0 0 1 "Burglary"
0 171 26 226 123 344 0 0 1 "Burglary"
0 172 27 226 124 345 0 0 0 "Burglary"
0 170 28 224 125 346 0 0 1 "Burglary"
0 168 29 222 126 347 0 0 1 "Burglary"
0 166 30 220 127 348 0 0 1 "Burglary"
0 164 32 218 129 349 0 0 1 "Burglary"
0 162 33 216 130 350 0 0 1 "Burglary"
0 160 34 214 131 351 0 0 1 "Burglary"
0 158 36 212 133 352 0 0 1 "Burglary"
0 156 37 210 134 353 0 0 1 "Burglary"
0 154 38 208 135 354 0 0 1 "Burglary"
0 153 40 207 137 355 0 0 0 "Burglary"
0 150 41 206 140 356 0 0 1 "Burglary"
0 147 42 205 143 357 0 0 1 "Burglary"
0 144 44 204 146 358 0 0 1 "Burglary"
0 141 45 203 149 359 0 0 1 "Burglary"
0 138 46 202 152 360 0 0 1 "Burglary"
0 136 48 201 155 361 0 0 1 "Burglary"
0 133 49 200 158 362 0 0 1 "Burglary"
0 130 50 199 161 363 0 0 1 "Burglary"
0 127 52 198 164 364 0 0 1 "Burglary"
0 124 53 197 167 365 0 0 1 "Burglary"
0 122 55 197 170 366 0 0 0 "Burglary"
0 122 55 196 169 367 0 0 1 "Burglary"
0 122 56 195 169 368 0 0 1 "Burglary"
0 122 57 194 169 369 0 0 1 "Burglary"
0 122 58 193 169 370 0 0 1 "Burglary"
0 122 58 193 168 371 0 0 1 "Burglary"
0 122 59 192 168 372 0 0 1 "Burglary"
0 122 60 191 168 373 0 0 1 "Burglary"
0 122 61 190 168 374 0 0 1 "Burglary"
0 122 62 190 168 375 0 0 0 "Burglary"
0 122 61 190 167 376 0 0 1 "Burglary"
0 123 61 191 167 377 0 0 1 "Burglary"
0 123 61 191 167 378 0 0 1 "Burglary"
0 124 60 192 166 379 0 0 1 "Burglary"
0 124 60 192 166 380 0 0 1 "Burglary"
0 125 60 193 166 381 0 0 1 "Burglary"
0 125 59 193 165 382 0 0 1 "Burglary"
0 126 59 194 165 383 0 0 1 "Burglary"
0 126 59 194 165 384 0 0 1 "Burglary"
0 127 59 195 165 385 0 0 0 "Burglary"
0 126 58 194 164 386 0 0 1 "Burglary"
0 126 58 194 164 387 0 0 1 "Burglary"
0 126 58 194 164 388 0 0 1 "Burglary"
0 125 58 193 164 389 0 0 1 "Burglary"
0 125 58 193 164 390 0 0 1 "Burglary"
0 125 57 193 163 391 0 0 1 "Burglary"
0 124 57 192 163 392 0 0 1 "Burglary"
0 124 57 192 163 393 0 0 1 "Burglary"
0 124 57 192 163 394 0 0 1 "Burglary"
0 124 57 192 163 395 0 0 0 "Burglary"
0 124 56 192 162 396 0 0 1 "Burglary"
0 125 55 193 161 397 0 0 1 "Burglary"
0 126 54 194 160 398 0 0 1 "Burglary"
0 126 54 194 160 399 0 0 1 "Burglary"
0 127 53 195 159 400 0 0 1 "Burglary"
0 128 52 196 158 401 0 0 1 "Burglary"
0 128 52 196 158 402 0 0 1 "Burglary"
0 129 51 197 157 403 0 0 1 "Burglary"
0 130 50 198 156 404 0 0 1 "Burglary"
0 131 50 199 156 405 0 0 0 "Burglary"
0 134 47 200 153 406 0 0 1 "Burglary"
0 137 45 202 151 407 0 0 1 "Burglary"
0 140 42 204 148 408 0 0 1 "Burglary"
0 143 40 206 146 409 0 0 1 "Burglary"
0 146 38 208 143 410 0 0 1 "Burglary"
0 149 35 209 141 411 0 0 1 "Burglary"
0 152 33 211 138 412 0 0 1 "Burglary"
0 155 30 213 136 413 0 0 1 "Burglary"
0 158 28 215 133 414 0 0 1 "Burglary"
0 162 26 217 131 415 0 0 0 "Burglary"
0 162 25 217 129 416 0 0 1 "Burglary"
0 163 25 218 127 417 0 0 1 "Burglary"
0 163 24 218 126 418 0 0 1 "Burglary"
0 164 24 219 124 419 0 0 1 "Burglary"
0 165 24 219 123 420 0 0 1 "Burglary"
0 165 23 220 121 421 0 0 1 "Burglary"
0 166 23 220 119 422 0 0 1 "Burglary"
0 166 22 221 118 423 0 0 1 "Burglary"
0 167 22 221 116 424 0 0 1 "Burglary"
0 168 22 222 115 425 0 0 0 "Burglary"
0 167 21 221 112 426 0 0 1 "Burglary"
0 166 20 220 110 427 0 0 1 "Burglary"
0 166 19 219 108 428 0 0 1 "Burglary"
0 165 18 219 106 429 0 0 1 "Burglary"
0 165 17 218 104 430 0 0 1 "Burglary"
0 164 16 217 101 431 0 0 1 "Burglary"
0 163 15 217 99 432 0 0 1 "Burglary"
0 163 14 216 97 433 0 0 1 "Burglary"
0 162 13 215 95 434 0 0 1 "Burglary"
0 162 13 215 93 435 0 0 0 "Burglary"
0 161 12 213 92 436 0 0 1 "Burglary"
0 161 11 212 91 437 0 0 1 "Burglary"
0 161 10 211 90 438 0 0 1 "Burglary"
0 160 10 209 89 439 0 0 1 "Burglary"
0 160 9 208 88 440 0 0 1 "Burglary"
0 160 8 207 87 441 0 0 1 "Burglary"
0 159 8 205 86 442 0 0 1 "Burglary"
0 159 7 204 85 443 0 0 1 "Burglary"
0 159 6 203 84 444 0 0 1 "Burglary"
0 159 6 202 83 445 1 0 0 "Burglary"
0 157 5 200 81 446 1 0 1 "Burglary"
0 156 5 199 80 447 1 0 1 "Burglary"
0 155 4 198 78 448 1 0 1 "Burglary"
0 154 4 197 77 449 1 0 1 "Burglary"
0 153 3 196 76 450 1 0 1 "Burglary"
0 152 3 195 74 451 1 0 1 "Burglary"
0 151 2 194 73 452 1 0 1 "Burglary"
0 150 2 193 71 453 1 0 1 "Burglary"
0 149 1 192 70 454 1 0 1 "Burglary"
0 148 1 191 69 455 1 0 1 "Burglary"
0 147 0 190 67 456 1 0 1 "Burglary"
0 146 0 189 66 457 1 0 1 "Burglary"
0 145 0 188 65 458 1 0 0 "Burglary"
0 145 0 188 65 459 1 0 1 "Burglary"
0 145 0 188 65 460 1 0 1 "Burglary"
0 145 0 188 65 461 1 0 1 "Burglary"
0 145 0 188 65 462 1 0 1 "Burglary"
0 145 0 188 65 463 1 0 1 "Burglary"
0 145 0 188 65 464 1 0 1 "Burglary"
0 145 0 188 65 465 1 0 1 "Burglary"
0 145 0 188 65 466 1 0 1 "Burglary"
0 145 0 188 65 467 1 0 1 "Burglary"
0 145 0 188 65 468 1 0 1 "Burglary"
0 145 0 188 65 469 1 0 1 "Burglary"
0 145 0 188 65 470 1 0 1 "Burglary"
0 145 0 188 65 471 1 0 1 "Burglary"
0 145 0 188 65 472 1 0 1 "Burglary"
0 145 0 188 65 473 1 0 1 "Burglary"
0 145 0 188 65 474 1 0 1 "Burglary"
0 145 0 188 65 475 1 0 1 "Burglary"
0 145 0 188 65 476 1 0 1 "Burglary"
0 145 0 188 65 477 1 0 1 "Burglary"
0 145 0 188 65 478 1 0 1 "Burglary"
0 145 0 188 65 479 1 0 1 "Burglary"
0 145 0 188 65 480 1 0 1 "Burglary"
0 145 0 188 65 481 1 0 1 "Burglary"
0 145 0 188 65 482 1 0 1 "Burglary"
0 145 0 188 65 483 1 0 1 "Burglary"
0 145 0 188 65 484 1 0 1 "Burglary"
0 145 0 188 65 485 1 0 1 "Burglary"
0 145 0 188 65 486 1 0 1 "Burglary"
0 145 0 188 65 487 1 0 1 "Burglary"
0 145 0 188 65 488 1 0 1 "Burglary"
0 145 0 188 65 489 1 0 1 "Burglary"
0 145 0 188 65 490 1 0 1 "Burglary"
0 145 0 188 65 491 1 0 1 "Burglary"
0 145 0 188 65 492 1 0 1 "Burglary"
0 145 0 188 65 493 1 0 1 "Burglary"
0 145 0 188 65 494 1 0 1 "Burglary"
0 145 0 188 65 495 1 0 1 "Burglary"
0 145 0 188 65 496 1 0 1 "Burglary"
0 145 0 188 65 497 1 0 1 "Burglary"
0 145 0 188 65 498 1 0 1 "Burglary"
0 145 0 188 65 499 1 0 1 "Burglary"
0 145 0 188 65 500 1 0 1 "Burglary"
0 145 0 188 65 501 1 0 1 "Burglary"
0 145 0 188 65 502 1 0 1 "Burglary"
0 145 0 188 65 503 1 0 1 "Burglary"
0 145 0 188 65 504 1 0 1 "Burglary"
0 145 0 188 65 505 1 0 1 "Burglary"
0 145 0 188 65 506 1 0 1 "Burglary"
0 145 0 188 65 507 1 0 1 "Burglary"
0 145 0 188 65 508 1 0 1 "Burglary"
0 145 0 188 65 509 1 0 1 "Burglary"
0 145 0 188 65 510 1 0 1 "Burglary"
0 145 0 188 65 511 1 0 1 "Burglary"
0 145 0 188 65 512 1 0 1 "Burglary"
0 145 0 188 65 513 1 0 1 "Burglary"
0 145 0 188 65 514 1 0 1 "Burglary"
0 145 0 188 65 515 1 0 1 "Burglary"
0 145 0 188 65 516 1 0 1 "Burglary"
0 145 0 188 65 517 1 0 1 "Burglary"
0 145 0 188 65 518 1 0 1 "Burglary"
0 145 0 188 65 519 1 0 1 "Burglary"
0 145 0 188 65 520 1 0 1 "Burglary"
0 145 0 188 65 521 1 0 1 "Burglary"
0 145 0 188 65 522 1 0 1 "Burglary"
0 145 0 188 65 523 1 0 1 "Burglary"
0 145 0 188 65 524 1 0 1 "Burglary"
0 145 0 188 65 525 1 0 1 "Burglary"
0 145 0 188 65 526 1 0 1 "Burglary"
0 145 0 188 65 527 1 0 1 "Burglary"
0 145 0 188 65 528 1 0 1 "Burglary"
0 145 0 188 65 529 1 0 1 "Burglary"
0 145 0 188 65 530 1 0 1 "Burglary"
0 145 0 188 65 531 1 0 1 "Burglary"
0 145 0 188 65 532 1 0 1 "Burglary"
0 145 0 188 65 533 1 0 1 "Burglary"
0 145 0 188 65 534 1 0 1 "Burglary"
0 145 0 188 65 535 1 0 1 "Burglary"
0 145 0 188 65 536 1 0 1 "Burglary"
0 145 0 188 65 537 1 0 1 "Burglary"
0 145 0 188 65 538 1 0 1 "Burglary"
0 145 0 188 65 539 1 0 1 "Burglary"
0 145 0 188 65 540 1 0 1 "Burglary"
0 145 0 188 65 541 1 0 1 "Burglary"
0 145 0 188 65 542 1 0 1 "Burglary"
0 145 0 188 65 543 1 0 1 "Burglary"
0 145 0 188 65 544 1 0 1 "Burglary"
0 145 0 188 65 545 1 0 1 "Burglary"
0 145 0 188 65 546 1 0 1 "Burglary"
0 145 0 188 65 547 1 0 1 "Burglary"
0 145 0 188 65 548 1 0 1 "Burglary"
0 145 0 188 65 549 1 0 1 "Burglary"
0 145 0 188 65 550 1 0 1 "Burglary"
0 145 0 188 65 551 1 0 1 "Burglary"
0 145 0 188 65 552 1 0 1 "Burglary"
0 145 0 188 65 553 1 0 1 "Burglary"
0 145 0 188 65 554 1 0 1 "Burglary"
0 145 0 188 65 555 1 0 1 "Burglary"
0 145 0 188 65 556 1 0 1 "Burglary"
0 145 0 188 65 557 1 0 1 "Burglary"
0 145 0 188 65 558 1 0 1 "Burglary"
0 145 0 188 65 559 1 0 1 "Burglary"
0 145 0 188 65 560 1 0 1 "Burglary"
0 145 0 188 65 561 1 0 1 "Burglary"
0 145 0 188 65 562 1 0 1 "Burglary"
0 145 0 188 65 563 1 0 1 "Burglary"
0 145 0 188 65 564 1 0 1 "Burglary"
0 145 0 188 65 565 1 0 1 "Burglary"
0 145 0 188 65 566 1 0 1 "Burglary"
0 145 0 188 65 567 1 0 1 "Burglary"
0 145 0 188 65 568 1 0 1 "Burglary"
0 145 0 188 65 569 1 0 1 "Burglary"
0 145 0 188 65 570 1 0 1 "Burglary"
0 145 0 188 65 571 1 0 1 "Burglary"
0 145 0 188 65 572 1 0 1 "Burglary"
0 145 0 188 65 573 1 0 1 "Burglary"
0 145 0 188 65 574 1 0 1 "Burglary"
0 145 0 188 65 575 1 0 1 "Burglary"
0 145 0 188 65 576 1 0 1 "Burglary"
0 145 0 188 65 577 1 0 1 "Burglary"
0 145 0 188 65 578 1 0 1 "Burglary"
0 145 0 188 65 579 1 0 1 "Burglary"
0 145 0 188 65 580 1 0 1 "Burglary"
0 145 0 188 65 581 1 0 1 "Burglary"
0 145 0 188 65 582 1 0 1 "Burglary"
0 145 0 188 65 583 1 0 1 "Burglary"
0 145 0 188 65 584 1 0 1 "Burglary"
0 145 0 188 65 585 1 0 1 "Burglary"
0 145 0 188 65 586 1 0 1 "Burglary"
0 145 0 188 65 587 1 0 1 "Burglary"
0 145 0 188 65 588 1 0 1 "Burglary"
0 145 0 188 65 589 1 0 1 "Burglary"
0 145 0 188 65 590 1 0 1 "Burglary"
0 145 0 188 65 591 1 0 1 "Burglary"
0 145 0 188 65 592 1 0 1 "Burglary"
0 145 0 188 65 593 1 0 1 "Burglary"
0 145 0 188 65 594 1 0 1 "Burglary"
0 145 0 188 65 595 1 0 1 "Burglary"
0 145 0 188 65 596 1 0 1 "Burglary"
0 145 0 188 65 597 1 0 1 "Burglary"
0 145 0 188 65 598 1 0 1 "Burglary"
0 145 0 188 65 599 1 0 1 "Burglary"
0 145 0 188 65 600 1 0 1 "Burglary"
0 145 0 188 65 601 1 0 1 "Burglary"
0 145 0 188 65 602 1 0 1 "Burglary"
0 145 0 188 65 603 1 0 1 "Burglary"
0 145 0 188 65 604 1 0 1 "Burglary"
0 145 0 188 65 605 1 0 1 "Burglary"
0 145 0 188 65 606 1 0 1 "Burglary"
0 145 0 188 65 607 1 0 1 "Burglary"
0 145 0 188 65 608 1 0 1 "Burglary"
0 145 0 188 65 609 1 0 1 "Burglary"
0 145 0 188 65 610 1 0 1 "Burglary"
0 145 0 188 65 611 1 0 1 "Burglary"
0 145 0 188 65 612 1 0 1 "Burglary"
0 145 0 188 65 613 1 0 1 "Burglary"
0 145 0 188 65 614 1 0 1 "Burglary"
0 145 0 188 65 615 1 0 1 "Burglary"
0 145 0 188 65 616 1 0 1 "Burglary"
0 145 0 188 65 617 1 0 1 "Burglary"
0 145 0 188 65 618 1 0 1 "Burglary"
0 145 0 188 65 619 1 0 1 "Burglary"
0 145 0 188 65 620 1 0 1 "Burglary"
0 145 0 188 65 621 1 0 1 "Burglary"
0 145 0 188 65 622 1 0 1 "Burglary"
0 145 0 188 65 623 1 0 1 "Burglary"
0 145 0 188 65 624 1 0 1 "Burglary"
0 145 0 188 65 625 1 0 1 "Burglary"
0 145 0 188 65 626 1 0 1 "Burglary"
0 145 0 188 65 627 1 0 1 "Burglary"
0 145 0 188 65 628 1 0 1 "Burglary"
0 145 0 188 65 629 1 0 1 "Burglary"
0 145 0 188 65 630 1 0 1 "Burglary"
0 145 0 188 65 631 1 0 1 "Burglary"
0 145 0 188 65 632 1 0 1 "Burglary"
0 145 0 188 65 633 1 0 1 "Burglary"
0 145 0 188 65 634 1 0 1 "Burglary"
0 145 0 188 65 635 1 0 1 "Burglary"
0 145 0 188 65 636 1 0 1 "Burglary"
0 145 0 188 65 637 1 0 1 "Burglary"
0 145 0 188 65 638 1 0 1 "Burglary"
0 145 0 188 65 639 1 0 1 "Burglary"
0 145 0 188 65 640 1 0 1 "Burglary"
0 145 0 188 65 641 1 0 1 "Burglary"
0 145 0 188 65 642 1 0 1 "Burglary"
0 145 0 188 65 643 1 0 1 "Burglary"
0 145 0 188 65 644 1 0 1 "Burglary"
0 145 0 188 65 645 1 0 1 "Burglary"
0 145 0 188 65 646 1 0 1 "Burglary"
0 145 0 188 65 647 1 0 1 "Burglary"
0 145 0 188 65 648 1 0 1 "Burglary"
0 145 0 188 65 649 1 0 1 "Burglary"
0 145 0 188 65 650 1 0 1 "Burglary"
0 145 0 188 65 651 1 0 1 "Burglary"
0 145 0 188 65 652 1 0 1 "Burglary"
0 145 0 188 65 653 1 0 1 "Burglary"
0 145 0 188 65 654 1 0 1 "Burglary"
0 145 0 188 65 655 1 0 1 "Burglary"
0 145 0 188 65 656 1 0 1 "Burglary"
0 145 0 188 65 657 1 0 1 "Burglary"
0 145 0 188 65 658 1 0 1 "Burglary"
0 145 0 188 65 659 1 0 1 "Burglary"
0 145 0 188 65 660 1 0 1 "Burglary"
0 145 0 188 65 661 1 0 1 "Burglary"
0 145 0 188 65 662 1 0 1 "Burglary"
0 145 0 188 65 663 1 0 0 "Burglary"
