0 234 75 268 124 0 1 0 0 "Burglary"
0 233 75 267 124 1 1 0 1 "Burglary"
0 233 75 267 124 2 1 0 1 "Burglary"
0 232 75 266 124 3 1 0 1 "Burglary"
0 232 75 266 124 4 1 0 1 "Burglary"
0 231 76 265 125 5 1 0 1 "Burglary"
0 231 76 265 125 6 1 0 1 "Burglary"
0 230 76 264 125 7 1 0 1 "Burglary"
0 230 76 264 125 8 1 0 1 "Burglary"
0 229 76 263 125 9 1 0 1 "Burglary"
0 229 77 263 126 10 1 0 0 "Burglary"
0 229 77 263 126 11 1 0 1 "Burglary"
0 229 77 263 126 12 1 0 1 "Burglary"
0 229 77 263 126 13 1 0 1 "Burglary"
0 229 77 263 126 14 1 0 1 "Burglary"
0 229 77 263 126 15 1 0 1 "Burglary"
0 229 77 263 126 16 1 0 1 "Burglary"
0 229 77 263 126 17 1 0 1 "Burglary"
0 229 77 263 126 18 1 0 1 "Burglary"
0 229 77 263 126 19 1 0 1 "Burglary"
0 229 77 263 126 20 1 0 1 "Burglary"
0 229 77 263 126 21 1 0 1 "Burglary"
0 229 77 263 126 22 1 0 1 "Burglary"
0 229 77 263 126 23 1 0 1 "Burglary"
0 229 77 263 126 24 1 0 1 "Burglary"
0 229 77 263 126 25 1 0 1 "Burglary"
0 229 77 263 126 26 1 0 1 "Burglary"
0 229 77 263 126 27 1 0 1 "Burglary"
0 229 77 263 126 28 1 0 1 "Burglary"
0 229 77 263 126 29 1 0 1 "Burglary"
0 229 77 263 126 30 1 0 1 "Burglary"
0 229 77 263 126 31 1 0 1 "Burglary"
0 229 77 263 126 32 1 0 1 "Burglary"
0 229 77 263 126 33 1 0 1 "Burglary"
0 229 77 263 126 34 1 0 1 "Burglary"
0 229 77 263 126 35 1 0 1 "Burglary"
0 229 77 263 126 36 1 0 1 "Burglary"
0 229 77 263 126 37 1 0 1 "Burglary"
0 229 77 263 126 38 1 0 1 "Burglary"
0 229 77 263 126 39 1 0 1 "Burglary"
0 229 77 263 126 40 1 0 1 "Burglary"
0 229 77 263 126 41 1 0 1 "Burglary"
0 229 77 263 126 42 1 0 1 "Burglary"
0 229 77 263 126 43 1 0 1 "Burglary"
0 229 77 263 126 44 1 0 1 "Burglary"
0 229 77 263 126 45 1 0 1 "Burglary"
0 229 77 263 126 46 1 0 1 "Burglary"
0 229 77 263 126 47 1 0 1 "Burglary"
0 229 77 263 126 48 1 0 1 "Burglary"
0 229 77 263 126 49 1 0 1 "Burglary"
0 229 77 263 126 50 1 0 1 "Burglary"
0 229 77 263 126 51 1 0 1 "Burglary"
0 229 77 263 126 52 1 0 1 "Burglary"
0 229 77 263 126 53 1 0 1 "Burglary"
0 229 77 263 126 54 1 0 1 "Burglary"
0 229 77 263 126 55 1 0 1 "Burglary"
0 229 77 263 126 56 1 0 1 "Burglary"
0 229 77 263 126 57 1 0 1 "Burglary"
0 229 77 263 126 58 1 0 1 "Burglary"
0 229 77 263 126 59 1 0 1 "Burglary"
0 229 77 263 126 60 1 0 1 "Burglary"
0 229 77 263 126 61 1 0 1 "Burglary"
0 229 77 263 126 62 1 0 1 "Burglary"
0 229 77 263 126 63 1 0 1 "Burglary"
0 229 77 263 127 64 1 0 0 "Burglary"
0 228 77 263 127 65 1 0 1 "Burglary"
0 228 77 263 127 66 1 0 1 "Burglary"
0 228 77 263 127 67 1 0 1 "Burglary"
0 228 77 263 127 68 1 0 1 "Burglary"
0 228 77 263 127 69 1 0 1 "Burglary"
0 228 77 263 127 70 1 0 1 "Burglary"
0 228 77 263 127 71 1 0 1 "Burglary"
0 228 77 263 127 72 1 0 1 "Burglary"
0 228 77 263 127 73 1 0 1 "Burglary"
0 228 77 263 127 74 1 0 1 "Burglary"
0 228 77 263 127 75 1 0 1 "Burglary"
0 228 77 263 127 76 1 0 1 "Burglary"
0 228 77 263 127 77 1 0 1 "Burglary"
0 228 77 263 127 78 1 0 1 "Burglary"
0 228 77 263 127 79 1 0 1 "Burglary"
0 228 77 263 127 80 1 0 1 "Burglary"
0 228 77 263 127 81 1 0 1 "Burglary"
0 228 77 263 127 82 1 0 1 "Burglary"
0 228 77 263 127 83 1 0 1 "Burglary"
0 228 77 263 127 84 1 0 1 "Burglary"
0 228 77 263 127 85 1 0 1 "Burglary"
0 228 77 263 127 86 1 0 1 "Burglary"
0 228 77 263 127 87 1 0 1 "Burglary"
0 228 77 263 127 88 1 0 1 "Burglary"
0 228 77 263 127 89 1 0 1 "Burglary"
0 228 77 263 128 90 1 0 1 "Burglary"
0 228 77 263 128 91 1 0 1 "Burglary"
0 228 77 263 128 92 1 0 1 "Burglary"
0 228 77 263 128 93 1 0 1 "Burglary"
0 228 77 263 128 94 1 0 1 "Burglary"
0 228 77 263 128 95 1 0 1 "Burglary"
0 228 77 263 128 96 1 0 1 "Burglary"
0 228 77 263 128 97 1 0 1 "Burglary"
0 228 77 263 128 98 1 0 1 "Burglary"
0 228 77 263 128 99 1 0 1 "Burglary"
0 228 77 263 128 100 1 0 1 "Burglary"
0 228 77 263 128 101 1 0 1 "Burglary"
0 228 77 263 128 102 1 0 1 "Burglary"
0 228 77 263 128 103 1 0 1 "Burglary"
0 228 77 263 128 104 1 0 1 "Burglary"
0 228 77 263 128 105 1 0 1 "Burglary"
0 228 77 263 128 106 1 0 1 "Burglary"
0 228 77 263 128 107 1 0 1 "Burglary"
0 228 77 263 128 108 1 0 1 "Burglary"
0 228 77 263 128 109 1 0 1 "Burglary"
0 228 77 263 128 110 1 0 1 "Burglary"
0 228 77 263 128 111 1 0 1 "Burglary"
0 228 77 263 128 112 1 0 1 "Burglary"
0 228 77 263 128 113 1 0 1 "Burglary"
0 228 77 263 128 114 1 0 1 "Burglary"
0 228 77 263 129 115 1 0 1 "Burglary"
0 228 77 263 129 116 1 0 1 "Burglary"
0 228 77 263 129 117 1 0 1 "Burglary"
0 228 77 263 129 118 1 0 1 "Burglary"
0 228 77 263 129 119 1 0 1 "Burglary"
0 228 77 263 129 120 1 0 1 "Burglary"
0 228 77 263 129 121 1 0 1 "Burglary"
0 228 77 263 129 122 1 0 1 "Burglary"
0 228 77 263 129 123 1 0 1 "Burglary"
0 228 77 263 129 124 1 0 1 "Burglary"
0 228 77 263 129 125 1 0 1 "Burglary"
0 228 77 263 129 126 1 0 1 "Burglary"
0 228 77 263 129 127 1 0 1 "Burglary"
0 228 77 263 129 128 1 0 1 "Burglary"
0 228 77 263 129 129 1 0 1 "Burglary"
0 228 77 263 129 130 1 0 1 "Burglary"
0 228 77 263 129 131 1 0 1 "Burglary"
0 228 77 263 129 132 1 0 1 "Burglary"
0 228 77 263 129 133 1 0 1 "Burglary"
0 228 77 263 129 134 1 0 1 "Burglary"
0 228 77 263 129 135 1 0 1 "Burglary"
0 228 77 263 129 136 1 0 1 "Burglary"
0 228 77 263 129 137 1 0 1 "Burglary"
0 228 77 263 129 138 1 0 1 "Burglary"
0 228 77 263 129 139 1 0 1 "Burglary"
0 228 77 264 130 140 1 0 0 "Burglary"
0 228 77 264 130 141 1 0 1 "Burglary"
0 228 77 264 130 142 1 0 1 "Burglary"
0 228 77 264 130 143 1 0 1 "Burglary"
0 228 77 264 130 144 1 0 1 "Burglary"
0 228 77 264 130 145 1 0 1 "Burglary"
0 228 77 264 131 146 1 0 0 "Burglary"
0 228 77 263 131 147 1 0 1 "Burglary"
0 228 77 263 131 148 1 0 1 "Burglary"
0 228 77 263 131 149 1 0 1 "Burglary"
0 228 77 263 132 150 1 0 1 "Burglary"
0 228 77 263 132 151 1 0 1 "Burglary"
0 228 77 263 132 152 1 0 1 "Burglary"
0 228 77 263 133 153 1 0 1 "Burglary"
0 228 77 263 133 154 1 0 1 "Burglary"
0 228 77 263 133 155 1 0 1 "Burglary"
0 228 77 263 133 156 1 0 1 "Burglary"
0 228 77 263 134 157 1 0 1 "Burglary"
0 228 77 263 134 158 1 0 1 "Burglary"
0 228 77 263 134 159 1 0 1 "Burglary"
0 228 77 263 135 160 1 0 0 "Burglary"
0 227 76 262 134 161 1 0 1 "Burglary"
0 227 76 262 134 162 1 0 1 "Burglary"
0 227 76 262 134 163 1 0 1 "Burglary"
0 227 76 262 134 164 1 0 1 "Burglary"
0 227 76 262 134 165 1 0 1 "Burglary"
0 227 76 262 134 166 1 0 1 "Burglary"
0 227 76 262 134 167 1 0 1 "Burglary"
0 227 76 262 134 168 1 0 1 "Burglary"
0 227 76 262 134 169 1 0 1 "Burglary"
0 227 76 262 134 170 1 0 1 "Burglary"
0 227 76 262 134 171 1 0 1 "Burglary"
0 227 76 262 134 172 1 0 1 "Burglary"
0 227 76 262 134 173 1 0 1 "Burglary"
0 227 76 262 134 174 1 0 1 "Burglary"
0 227 76 262 134 175 1 0 1 "Burglary"
0 227 76 262 134 176 1 0 1 "Burglary"
0 227 76 262 134 177 1 0 1 "Burglary"
0 226 76 261 134 178 1 0 1 "Burglary"
0 226 76 261 134 179 1 0 1 "Burglary"
0 226 76 261 134 180 1 0 1 "Burglary"
0 226 76 261 134 181 1 0 1 "Burglary"
0 226 76 261 134 182 1 0 1 "Burglary"
0 226 76 261 134 183 1 0 1 "Burglary"
0 226 76 261 134 184 1 0 1 "Burglary"
0 226 76 261 134 185 1 0 1 "Burglary"
0 226 76 261 134 186 1 0 1 "Burglary"
0 226 76 261 134 187 1 0 1 "Burglary"
0 226 76 261 134 188 1 0 1 "Burglary"
0 226 76 261 134 189 1 0 1 "Burglary"
0 226 76 261 134 190 1 0 1 "Burglary"
0 226 76 261 134 191 1 0 1 "Burglary"
0 226 76 261 134 192 1 0 1 "Burglary"
0 226 76 261 134 193 1 0 1 "Burglary"
0 226 76 261 134 194 1 0 0 "Burglary"
0 226 76 261 134 195 1 0 1 "Burglary"
0 226 76 261 134 196 1 0 1 "Burglary"
0 226 76 261 134 197 1 0 1 "Burglary"
0 226 76 261 134 198 1 0 1 "Burglary"
0 226 76 261 134 199 1 0 1 "Burglary"
0 226 76 261 134 200 1 0 0 "Burglary"
0 226 76 261 134 201 1 0 1 "Burglary"
0 226 76 261 134 202 1 0 1 "Burglary"
0 226 76 261 134 203 1 0 1 "Burglary"
0 226 76 261 134 204 1 0 0 "Burglary"
0 226 76 261 134 205 1 0 1 "Burglary"
0 226 76 261 134 206 1 0 1 "Burglary"
0 226 76 261 134 207 1 0 1 "Burglary"
0 226 76 261 134 208 1 0 1 "Burglary"
0 226 76 261 134 209 1 0 1 "Burglary"
0 226 76 261 134 210 1 0 1 "Burglary"
0 226 76 261 134 211 1 0 1 "Burglary"
0 226 76 261 134 212 1 0 1 "Burglary"
0 226 76 261 134 213 1 0 1 "Burglary"
0 226 76 261 134 214 1 0 1 "Burglary"
0 226 76 261 134 215 1 0 1 "Burglary"
0 226 76 261 134 216 1 0 1 "Burglary"
0 226 76 261 134 217 1 0 1 "Burglary"
0 226 76 261 134 218 1 0 1 "Burglary"
0 226 76 261 134 219 1 0 1 "Burglary"
0 226 76 261 134 220 1 0 1 "Burglary"
0 226 76 261 134 221 0 0 0 "Burglary"
0 225 76 260 134 222 0 0 1 "Burglary"
0 225 76 260 134 223 0 0 1 "Burglary"
0 225 76 260 134 224 0 0 1 "Burglary"
0 225 76 260 134 225 0 0 1 "Burglary"
0 225 76 260 134 226 0 0 1 "Burglary"
0 225 76 260 134 227 0 0 1 "Burglary"
0 225 76 260 134 228 0 0 1 "Burglary"
0 225 76 260 134 229 0 0 1 "Burglary"
0 225 77 260 135 230 0 0 0 "Burglary"
0 225 76 260 134 231 0 0 1 "Burglary"
0 225 75 261 134 232 0 0 1 "Burglary"
0 225 75 261 134 233 0 0 1 "Burglary"
0 225 74 262 133 234 0 0 1 "Burglary"
0 225 74 262 133 235 0 0 1 "Burglary"
0 225 73 263 133 236 0 0 1 "Burglary"
0 225 72 263 132 237 0 0 1 "Burglary"
0 225 72 264 132 238 0 0 1 "Burglary"
0 225 71 264 132 239 0 0 1 "Burglary"
0 225 71 265 132 240 0 0 0 "Burglary"
0 225 71 264 131 241 0 0 1 "Burglary"
0 225 71 264 131 242 0 0 1 "Burglary"
0 225 71 264 131 243 0 0 1 "Burglary"
0 225 71 264 131 244 0 0 1 "Burglary"
0 225 71 264 131 245 0 0 1 "Burglary"
0 225 71 264 131 246 0 0 1 "Burglary"
0 225 71 264 131 247 0 0 1 "Burglary"
0 225 71 264 131 248 0 0 1 "Burglary"
0 225 71 264 131 249 0 0 1 "Burglary"
0 225 71 264 131 250 0 0 1 "Burglary"
0 225 71 264 131 251 0 0 1 "Burglary"
0 225 71 264 131 252 0 0 1 "Burglary"
0 225 71 264 130 253 0 0 1 "Burglary"
0 225 71 264 130 254 0 0 1 "Burglary"
0 225 71 264 130 255 0 0 1 "Burglary"
0 225 71 264 130 256 0 0 1 "Burglary"
0 225 71 264 130 257 0 0 1 "Burglary"
0 225 71 264 130 258 0 0 1 "Burglary"
0 225 71 264 130 259 0 0 1 "Burglary"
0 225 71 264 130 260 0 0 1 "Burglary"
0 225 71 264 130 261 0 0 1 "Burglary"
0 225 71 264 130 262 0 0 1 "Burglary"
0 225 71 264 130 263 0 0 1 "Burglary"
0 225 71 264 130 264 0 0 1 "Burglary"
0 225 71 264 129 265 0 0 1 "Burglary"
0 225 71 264 129 266 0 0 1 "Burglary"
0 225 71 264 129 267 0 0 1 "Burglary"
0 225 71 264 129 268 0 0 1 "Burglary"
0 225 71 264 129 269 0 0 1 "Burglary"
0 225 71 264 129 270 0 0 1 "Burglary"
0 225 71 264 129 271 0 0 1 "Burglary"
0 225 71 264 129 272 0 0 1 "Burglary"
0 225 71 264 129 273 0 0 1 "Burglary"
0 225 71 264 129 274 0 0 1 "Burglary"
0 225 71 264 129 275 0 0 1 "Burglary"
0 225 71 264 129 276 0 0 1 "Burglary"
0 225 71 264 128 277 0 0 1 "Burglary"
0 225 71 264 128 278 0 0 1 "Burglary"
0 225 71 264 128 279 0 0 1 "Burglary"
0 225 71 264 128 280 0 0 1 "Burglary"
0 225 71 264 128 281 0 0 1 "Burglary"
0 225 71 264 128 282 0 0 1 "Burglary"
0 225 71 264 128 283 0 0 1 "Burglary"
0 225 71 264 128 284 0 0 1 "Burglary"
0 225 71 264 128 285 0 0 1 "Burglary"
0 225 71 264 128 286 0 0 1 "Burglary"
0 225 71 264 128 287 0 0 1 "Burglary"
0 225 71 264 128 288 0 0 1 "Burglary"
0 225 71 264 127 289 0 0 1 "Burglary"
0 225 71 264 127 290 0 0 1 "Burglary"
0 225 71 264 127 291 0 0 1 "Burglary"
0 225 71 264 127 292 0 0 1 "Burglary"
0 225 71 264 127 293 0 0 1 "Burglary"
0 225 71 264 127 294 0 0 1 "Burglary"
0 225 71 264 127 295 0 0 1 "Burglary"
0 225 71 264 127 296 0 0 1 "Burglary"
0 225 71 264 127 297 0 0 1 "Burglary"
0 225 71 264 127 298 0 0 1 "Burglary"
0 225 71 264 127 299 0 0 1 "Burglary"
0 225 71 264 127 300 0 0 0 "Burglary"
0 224 71 263 126 301 0 0 1 "Burglary"
0 224 71 263 126 302 0 0 1 "Burglary"
0 224 71 263 126 303 0 0 1 "Burglary"
0 224 71 263 126 304 0 0 1 "Burglary"
0 224 71 263 126 305 0 0 1 "Burglary"
0 224 71 263 126 306 0 0 1 "Burglary"
0 224 71 263 126 307 0 0 1 "Burglary"
0 224 71 263 125 308 0 0 1 "Burglary"
0 224 71 263 125 309 0 0 1 "Burglary"
0 224 71 263 125 310 0 0 1 "Burglary"
0 224 71 263 125 311 0 0 1 "Burglary"
0 224 71 263 125 312 0 0 1 "Burglary"
0 224 71 263 125 313 0 0 1 "Burglary"
0 224 71 263 125 314 0 0 1 "Burglary"
0 224 71 262 124 315 0 0 1 "Burglary"
0 224 71 262 124 316 0 0 1 "Burglary"
0 224 71 262 124 317 0 0 1 "Burglary"
0 223 71 262 124 318 0 0 1 "Burglary"
0 223 71 262 124 319 0 0 1 "Burglary"
0 223 71 262 124 320 0 0 1 "Burglary"
0 223 71 262 124 321 0 0 1 "Burglary"
0 223 71 262 123 322 0 0 1 "Burglary"
0 223 71 262 123 323 0 0 1 "Burglary"
0 223 71 262 123 324 0 0 1 "Burglary"
0 223 71 262 123 325 0 0 1 "Burglary"
0 223 71 262 123 326 0 0 1 "Burglary"
0 223 71 262 123 327 0 0 1 "Burglary"
0 223 71 262 123 328 0 0 1 "Burglary"
0 223 71 261 122 329 0 0 1 "Burglary"
0 223 71 261 122 330 0 0 1 "Burglary"
0 223 71 261 122 331 0 0 1 "Burglary"
0 223 71 261 122 332 0 0 1 "Burglary"
0 223 71 261 122 333 0 0 1 "Burglary"
0 223 71 261 122 334 0 0 1 "Burglary"
0 222 71 261 122 335 0 0 1 "Burglary"
0 222 71 261 121 336 0 0 1 "Burglary"
0 222 71 261 121 337 0 0 1 "Burglary"
0 222 71 261 121 338 0 0 1 "Burglary"
0 222 71 261 121 339 0 0 1 "Burglary"
0 222 71 261 121 340 0 0 1 "Burglary"
0 222 71 261 121 341 0 0 1 "Burglary"
0 222 71 261 121 342 0 0 1 "Burglary"
0 222 71 261 121 343 0 0 1 "Burglary"
0 222 71 260 120 344 0 0 1 "Burglary"
0 222 71 260 120 345 0 0 1 "Burglary"
0 222 71 260 120 346 0 0 1 "Burglary"
0 222 71 260 120 347 0 0 1 "Burglary"
0 222 71 260 120 348 0 0 1 "Burglary"
0 222 71 260 120 349 0 0 1 "Burglary"
0 222 71 260 120 350 0 0 1 "Burglary"
0 222 71 260 119 351 0 0 1 "Burglary"
0 221 71 260 119 352 0 0 1 "Burglary"
0 221 71 260 119 353 0 0 1 "Burglary"
0 221 71 260 119 354 0 0 1 "Burglary"
0 221 71 260 119 355 0 0 1 "Burglary"
0 221 71 260 119 356 0 0 1 "Burglary"
0 221 71 260 119 357 0 0 1 "Burglary"
0 221 71 259 118 358 0 0 1 "Burglary"
0 221 71 259 118 359 0 0 1 "Burglary"
0 221 71 259 118 360 0 0 1 "Burglary"
0 221 71 259 118 361 0 0 1 "Burglary"
0 221 71 259 118 362 0 0 1 "Burglary"
0 221 71 259 118 363 0 0 1 "Burglary"
0 221 71 259 118 364 0 0 1 "Burglary"
0 221 71 259 117 365 0 0 1 "Burglary"
0 221 71 259 117 366 0 0 1 "Burglary"
0 221 71 259 117 367 0 0 1 "Burglary"
0 221 71 259 117 368 0 0 1 "Burglary"
0 220 71 259 117 369 0 0 1 "Burglary"
0 220 71 259 117 370 0 0 1 "Burglary"
0 220 71 259 117 371 0 0 1 "Burglary"
0 220 71 258 116 372 0 0 1 "Burglary"
0 220 71 258 116 373 0 0 1 "Burglary"
0 220 71 258 116 374 0 0 1 "Burglary"
0 220 71 258 116 375 0 0 1 "Burglary"
0 220 71 258 116 376 0 0 1 "Burglary"
0 220 71 258 116 377 0 0 1 "Burglary"
0 220 71 258 116 378 0 0 1 "Burglary"
0 220 71 258 115 379 0 0 1 "Burglary"
0 220 71 258 115 380 0 0 1 "Burglary"
0 220 71 258 115 381 0 0 1 "Burglary"
0 220 71 258 115 382 0 0 1 "Burglary"
0 220 71 258 115 383 0 0 1 "Burglary"
0 220 71 258 115 384 0 0 1 "Burglary"
0 220 71 258 115 385 0 0 1 "Burglary"
0 220 71 258 115 386 0 0 0 "Burglary"
0 220 71 258 115 387 0 0 1 "Burglary"
0 220 71 258 115 388 0 0 1 "Burglary"
0 220 71 258 115 389 0 0 1 "Burglary"
0 220 71 258 115 390 0 0 1 "Burglary"
0 220 71 258 115 391 1 0 0 "Burglary"
0 220 71 258 115 392 1 0 1 "Burglary"
0 220 71 258 116 393 1 0 1 "Burglary"
0 221 71 258 116 394 1 0 1 "Burglary"
0 221 72 258 117 395 1 0 1 "Burglary"
0 221 72 259 117 396 1 0 1 "Burglary"
0 222 72 259 118 397 1 0 1 "Burglary"
0 222 72 259 118 398 1 0 1 "Burglary"
0 223 73 259 119 399 1 0 1 "Burglary"
0 223 73 259 119 400 1 0 1 "Burglary"
0 223 73 260 120 401 1 0 1 "Burglary"
0 224 73 260 120 402 1 0 1 "Burglary"
0 224 74 260 121 403 1 0 1 "Burglary"
0 224 74 260 121 404 1 0 1 "Burglary"
0 225 74 260 122 405 1 0 1 "Burglary"
0 225 74 261 122 406 1 0 1 "Burglary"
0 226 75 261 123 407 1 0 1 "Burglary"
0 226 75 261 123 408 1 0 1 "Burglary"
0 226 75 261 124 409 1 0 1 "Burglary"
0 227 75 261 124 410 1 0 1 "Burglary"
0 227 76 262 125 411 1 0 1 "Burglary"
0 227 76 262 125 412 1 0 1 "Burglary"
0 228 76 262 126 413 1 0 1 "Burglary"
0 228 76 262 126 414 1 0 1 "Burglary"
0 229 77 263 127 415 1 0 0 "Burglary"
