0 208 51 254 95 0 1 0 0 "Burglary"
0 207 51 253 95 1 1 0 1 "Burglary"
0 207 51 253 95 2 1 0 1 "Burglary"
0 207 51 253 95 3 1 0 1 "Burglary"
0 207 51 253 95 4 1 0 1 "Burglary"
0 207 51 253 95 5 1 0 1 "Burglary"
0 207 51 253 95 6 1 0 1 "Burglary"
0 207 51 253 95 7 1 0 1 "Burglary"
0 207 51 253 95 8 1 0 1 "Burglary"
0 207 51 253 95 9 1 0 1 "Burglary"
0 207 51 253 95 10 1 0 1 "Burglary"
0 207 51 253 95 11 1 0 1 "Burglary"
0 207 51 253 95 12 1 0 1 "Burglary"
0 207 51 253 95 13 1 0 1 "Burglary"
0 207 51 253 95 14 1 0 1 "Burglary"
0 207 51 253 95 15 1 0 1 "Burglary"
0 207 51 253 95 16 1 0 1 "Burglary"
0 207 51 253 95 17 1 0 1 "Burglary"
0 207 51 253 95 18 1 0 1 "Burglary"
0 207 51 253 95 19 1 0 1 "Burglary"
0 207 51 253 95 20 1 0 1 "Burglary"
0 207 51 253 95 21 1 0 1 "Burglary"
0 207 51 253 95 22 1 0 1 "Burglary"
0 207 51 253 95 23 1 0 1 "Burglary"
0 207 51 253 95 24 1 0 1 "Burglary"
0 207 51 253 95 25 1 0 1 "Burglary"
0 207 51 253 95 26 1 0 1 "Burglary"
0 207 51 253 95 27 1 0 1 "Burglary"
0 207 51 253 95 28 1 0 1 "Burglary"
0 207 51 253 95 29 1 0 1 "Burglary"
0 207 51 253 95 30 1 0 1 "Burglary"
0 207 51 253 95 31 1 0 1 "Burglary"
0 207 51 253 95 32 1 0 1 "Burglary"
0 207 51 253 95 33 1 0 1 "Burglary"
0 207 51 253 95 34 1 0 1 "Burglary"
0 207 51 253 95 35 1 0 1 "Burglary"
0 207 51 253 95 36 1 0 1 "Burglary"
0 207 51 253 95 37 1 0 1 "Burglary"
0 207 51 253 95 38 1 0 1 "Burglary"
0 207 51 253 95 39 1 0 1 "Burglary"
0 207 51 253 95 40 1 0 1 "Burglary"
0 207 51 253 95 41 1 0 1 "Burglary"
0 207 51 253 95 42 1 0 1 "Burglary"
0 207 51 253 95 43 1 0 1 "Burglary"
0 207 51 253 95 44 1 0 1 "Burglary"
0 207 51 253 95 45 1 0 1 "Burglary"
0 207 51 253 95 46 1 0 1 "Burglary"
0 207 51 253 95 47 1 0 1 "Burglary"
0 207 51 253 95 48 1 0 1 "Burglary"
0 207 51 253 95 49 1 0 1 "Burglary"
0 207 51 253 95 50 1 0 1 "Burglary"
0 207 51 253 95 51 1 0 1 "Burglary"
0 207 51 253 95 52 1 0 1 "Burglary"
0 207 51 253 95 53 1 0 1 "Burglary"
0 207 51 253 95 54 1 0 1 "Burglary"
0 207 51 253 95 55 1 0 1 "Burglary"
0 207 51 253 95 56 1 0 1 "Burglary"
0 207 51 253 95 57 1 0 1 "Burglary"
0 207 51 253 95 58 1 0 1 "Burglary"
0 207 51 253 95 59 1 0 1 "Burglary"
0 207 51 253 95 60 1 0 1 "Burglary"
0 207 51 253 95 61 1 0 1 "Burglary"
0 207 51 253 95 62 1 0 1 "Burglary"
0 207 51 253 95 63 1 0 1 "Burglary"
0 207 51 253 95 64 1 0 1 "Burglary"
0 207 51 253 95 65 1 0 1 "Burglary"
0 207 51 253 95 66 1 0 1 "Burglary"
0 207 51 253 95 67 1 0 1 "Burglary"
0 207 51 253 95 68 1 0 1 "Burglary"
0 207 51 253 95 69 1 0 1 "Burglary"
0 207 51 253 95 70 1 0 1 "Burglary"
0 207 51 253 95 71 1 0 1 "Burglary"
0 207 51 253 95 72 1 0 1 "Burglary"
0 207 51 253 95 73 1 0 1 "Burglary"
0 207 51 253 95 74 1 0 1 "Burglary"
0 207 51 253 95 75 1 0 1 "Burglary"
0 207 51 253 95 76 1 0 1 "Burglary"
0 207 51 253 95 77 1 0 1 "Burglary"
0 207 51 253 95 78 1 0 1 "Burglary"
0 207 51 253 95 79 1 0 1 "Burglary"
0 207 51 253 95 80 1 0 1 "Burglary"
0 207 51 253 95 81 1 0 1 "Burglary"
0 207 51 253 95 82 1 0 1 "Burglary"
0 207 51 253 95 83 1 0 1 "Burglary"
0 207 51 253 95 84 1 0 1 "Burglary"
0 207 51 253 95 85 1 0 1 "Burglary"
0 207 51 253 95 86 1 0 1 "Burglary"
0 207 51 253 95 87 1 0 1 "Burglary"
0 207 51 253 95 88 1 0 1 "Burglary"
0 207 51 253 95 89 1 0 1 "Burglary"
0 207 51 253 95 90 1 0 1 "Burglary"
0 207 51 253 95 91 1 0 1 "Burglary"
0 207 51 253 95 92 1 0 1 "Burglary"
0 207 51 253 95 93 1 0 1 "Burglary"
0 207 51 253 95 94 1 0 1 "Burglary"
0 207 51 253 95 95 1 0 1 "Burglary"
0 207 51 253 95 96 1 0 1 "Burglary"
0 207 51 253 95 97 1 0 1 "Burglary"
0 207 51 253 95 98 1 0 1 "Burglary"
0 207 51 253 95 99 1 0 1 "Burglary"
0 207 51 253 95 100 1 0 1 "Burglary"
0 207 51 253 95 101 1 0 1 "Burglary"
0 207 51 253 95 102 1 0 1 "Burglary"
0 207 51 253 95 103 1 0 1 "Burglary"
0 207 51 253 95 104 1 0 1 "Burglary"
0 207 51 253 95 105 1 0 1 "Burglary"
0 207 51 253 95 106 1 0 1 "Burglary"
0 207 51 253 95 107 1 0 1 "Burglary"
0 207 51 253 95 108 1 0 1 "Burglary"
0 207 51 253 95 109 1 0 1 "Burglary"
0 207 51 253 95 110 1 0 1 "Burglary"
0 207 51 253 95 111 1 0 1 "Burglary"
0 207 51 253 95 112 1 0 1 "Burglary"
0 207 51 253 95 113 1 0 1 "Burglary"
0 207 51 253 95 114 1 0 1 "Burglary"
0 207 51 253 95 115 1 0 1 "Burglary"
0 207 51 253 95 116 1 0 1 "Burglary"
0 207 51 253 95 117 1 0 1 "Burglary"
0 207 51 253 95 118 1 0 1 "Burglary"
0 207 51 253 95 119 1 0 1 "Burglary"
0 207 51 253 95 120 1 0 1 "Burglary"
0 207 51 253 95 121 1 0 1 "Burglary"
0 207 51 253 95 122 1 0 1 "Burglary"
0 207 51 253 95 123 1 0 1 "Burglary"
0 207 51 253 95 124 1 0 1 "Burglary"
0 207 51 253 95 125 1 0 1 "Burglary"
0 207 51 253 95 126 1 0 1 "Burglary"
0 207 51 253 95 127 1 0 1 "Burglary"
0 207 51 253 95 128 1 0 1 "Burglary"
0 207 51 253 95 129 1 0 1 "Burglary"
0 207 51 253 95 130 1 0 1 "Burglary"
0 207 51 253 95 131 1 0 1 "Burglary"
0 207 51 253 95 132 1 0 1 "Burglary"
0 207 51 253 95 133 1 0 1 "Burglary"
0 207 51 253 95 134 1 0 1 "Burglary"
0 207 51 253 95 135 1 0 1 "Burglary"
0 207 51 253 95 136 1 0 1 "Burglary"
0 207 51 253 95 137 1 0 1 "Burglary"
0 207 51 253 95 138 1 0 1 "Burglary"
0 207 51 253 95 139 1 0 1 "Burglary"
0 207 51 253 95 140 1 0 1 "Burglary"
0 207 51 253 95 141 1 0 1 "Burglary"
0 207 51 253 95 142 1 0 1 "Burglary"
0 207 51 253 95 143 1 0 1 "Burglary"
0 207 51 253 95 144 1 0 1 "Burglary"
0 207 51 253 95 145 1 0 1 "Burglary"
0 207 51 253 95 146 1 0 1 "Burglary"
0 207 51 253 95 147 1 0 1 "Burglary"
0 207 51 253 95 148 1 0 1 "Burglary"
0 207 51 253 95 149 1 0 1 "Burglary"
0 207 51 253 95 150 1 0 1 "Burglary"
0 207 51 253 95 151 1 0 1 "Burglary"
0 207 51 253 95 152 1 0 1 "Burglary"
0 207 51 253 95 153 1 0 1 "Burglary"
0 207 51 253 95 154 1 0 1 "Burglary"
0 207 51 253 95 155 1 0 1 "Burglary"
0 207 51 253 95 156 1 0 1 "Burglary"
0 207 51 253 95 157 1 0 1 "Burglary"
0 207 51 253 95 158 1 0 1 "Burglary"
0 207 51 253 95 159 1 0 1 "Burglary"
0 207 51 253 95 160 1 0 1 "Burglary"
0 207 51 253 95 161 1 0 1 "Burglary"
0 207 51 253 95 162 1 0 1 "Burglary"
0 207 51 253 95 163 1 0 1 "Burglary"
0 207 51 253 95 164 1 0 1 "Burglary"
0 207 51 253 95 165 1 0 1 "Burglary"
0 207 51 253 95 166 1 0 1 "Burglary"
0 207 51 253 95 167 1 0 1 "Burglary"
0 207 51 253 95 168 1 0 1 "Burglary"
0 207 51 253 95 169 1 0 1 "Burglary"
0 207 51 253 95 170 1 0 1 "Burglary"
0 207 51 253 95 171 1 0 1 "Burglary"
0 207 51 253 95 172 1 0 1 "Burglary"
0 207 51 253 95 173 1 0 1 "Burglary"
0 207 51 253 95 174 1 0 1 "Burglary"
0 207 51 253 95 175 1 0 1 "Burglary"
0 207 51 253 95 176 1 0 1 "Burglary"
0 207 51 253 95 177 1 0 1 "Burglary"
0 207 51 253 95 178 1 0 1 "Burglary"
0 207 51 253 95 179 1 0 1 "Burglary"
0 207 51 253 95 180 1 0 1 "Burglary"
0 207 51 253 95 181 1 0 1 "Burglary"
0 207 51 253 95 182 1 0 1 "Burglary"
0 207 51 253 95 183 1 0 1 "Burglary"
0 207 51 253 95 184 1 0 1 "Burglary"
0 207 51 253 95 185 1 0 1 "Burglary"
0 207 51 253 95 186 1 0 1 "Burglary"
0 207 51 253 95 187 1 0 1 "Burglary"
0 206 51 252 95 188 1 0 1 "Burglary"
0 206 51 252 95 189 1 0 1 "Burglary"
0 206 51 252 95 190 1 0 1 "Burglary"
0 206 51 252 95 191 1 0 1 "Burglary"
0 206 51 252 95 192 1 0 1 "Burglary"
0 206 51 252 95 193 1 0 1 "Burglary"
0 206 51 252 95 194 1 0 1 "Burglary"
0 206 51 252 95 195 1 0 1 "Burglary"
0 206 51 252 95 196 1 0 1 "Burglary"
0 206 51 252 95 197 1 0 1 "Burglary"
0 206 51 252 95 198 1 0 1 "Burglary"
0 206 51 252 95 199 1 0 1 "Burglary"
0 206 51 252 95 200 1 0 1 "Burglary"
0 206 51 252 95 201 1 0 1 "Burglary"
0 206 51 252 95 202 1 0 1 "Burglary"
0 206 51 252 95 203 1 0 1 "Burglary"
0 206 51 252 95 204 1 0 1 "Burglary"
0 206 51 252 95 205 1 0 1 "Burglary"
0 206 51 252 95 206 1 0 1 "Burglary"
0 206 51 252 95 207 1 0 1 "Burglary"
0 206 51 252 95 208 1 0 1 "Burglary"
0 206 51 252 95 209 1 0 1 "Burglary"
0 206 51 252 95 210 1 0 1 "Burglary"
0 206 51 252 95 211 1 0 1 "Burglary"
0 206 51 252 95 212 1 0 1 "Burglary"
0 206 51 252 95 213 1 0 1 "Burglary"
0 206 51 252 95 214 1 0 1 "Burglary"
0 206 51 252 95 215 1 0 1 "Burglary"
0 206 51 252 95 216 1 0 1 "Burglary"
0 206 51 252 95 217 1 0 1 "Burglary"
0 206 51 252 95 218 1 0 1 "Burglary"
0 206 51 252 95 219 1 0 1 "Burglary"
0 206 51 252 95 220 1 0 1 "Burglary"
0 206 51 252 95 221 1 0 1 "Burglary"
0 206 51 252 95 222 1 0 1 "Burglary"
0 206 51 252 95 223 1 0 1 "Burglary"
0 206 51 252 95 224 1 0 1 "Burglary"
0 206 51 252 95 225 1 0 1 "Burglary"
0 206 51 252 95 226 1 0 1 "Burglary"
0 206 51 252 95 227 1 0 1 "Burglary"
0 206 51 252 95 228 1 0 1 "Burglary"
0 206 51 252 95 229 1 0 1 "Burglary"
0 206 51 252 95 230 1 0 1 "Burglary"
0 206 51 252 95 231 1 0 1 "Burglary"
0 206 51 252 95 232 1 0 1 "Burglary"
0 206 51 252 95 233 1 0 1 "Burglary"
0 206 51 252 95 234 1 0 1 "Burglary"
0 206 51 252 95 235 1 0 1 "Burglary"
0 206 51 252 95 236 1 0 1 "Burglary"
0 206 51 252 95 237 1 0 1 "Burglary"
0 206 51 252 95 238 1 0 1 "Burglary"
0 206 51 252 95 239 1 0 1 "Burglary"
0 206 51 252 95 240 1 0 1 "Burglary"
0 206 51 252 95 241 1 0 1 "Burglary"
0 206 51 252 95 242 1 0 1 "Burglary"
0 206 51 252 95 243 1 0 1 "Burglary"
0 206 51 252 95 244 1 0 1 "Burglary"
0 206 51 252 95 245 1 0 1 "Burglary"
0 206 51 252 95 246 1 0 1 "Burglary"
0 206 51 252 95 247 1 0 1 "Burglary"
0 206 51 252 95 248 1 0 1 "Burglary"
0 206 51 252 95 249 1 0 1 "Burglary"
0 206 51 252 95 250 1 0 1 "Burglary"
0 206 51 252 95 251 1 0 1 "Burglary"
0 206 51 252 95 252 1 0 1 "Burglary"
0 206 51 252 95 253 1 0 1 "Burglary"
0 206 51 252 95 254 1 0 1 "Burglary"
0 206 51 252 95 255 1 0 1 "Burglary"
0 206 51 252 95 256 1 0 1 "Burglary"
0 206 51 252 95 257 1 0 1 "Burglary"
0 206 51 252 95 258 1 0 1 "Burglary"
0 206 51 252 95 259 1 0 1 "Burglary"
0 206 51 252 95 260 1 0 1 "Burglary"
0 206 51 252 95 261 1 0 1 "Burglary"
0 206 51 252 95 262 1 0 1 "Burglary"
0 206 51 252 95 263 1 0 1 "Burglary"
0 206 51 252 95 264 1 0 1 "Burglary"
0 206 51 252 95 265 1 0 1 "Burglary"
0 206 51 252 95 266 1 0 1 "Burglary"
0 206 51 252 95 267 1 0 1 "Burglary"
0 206 51 252 95 268 1 0 1 "Burglary"
0 206 51 252 95 269 1 0 1 "Burglary"
0 206 51 252 95 270 1 0 1 "Burglary"
0 206 51 252 95 271 1 0 1 "Burglary"
0 206 51 252 95 272 1 0 1 "Burglary"
0 206 51 252 95 273 1 0 1 "Burglary"
0 206 51 252 95 274 1 0 1 "Burglary"
0 206 51 252 95 275 1 0 1 "Burglary"
0 206 51 252 95 276 1 0 1 "Burglary"
0 206 51 252 95 277 1 0 1 "Burglary"
0 206 51 252 95 278 1 0 1 "Burglary"
0 206 51 252 95 279 1 0 1 "Burglary"
0 206 51 252 95 280 1 0 1 "Burglary"
0 206 52 252 96 281 1 0 1 "Burglary"
0 206 52 252 96 282 1 0 1 "Burglary"
0 206 52 252 96 283 1 0 1 "Burglary"
0 206 52 252 96 284 1 0 1 "Burglary"
0 206 52 252 96 285 1 0 1 "Burglary"
0 206 52 252 96 286 1 0 1 "Burglary"
0 206 52 252 96 287 1 0 1 "Burglary"
0 206 52 252 96 288 1 0 1 "Burglary"
0 206 52 252 96 289 1 0 1 "Burglary"
0 206 52 252 96 290 1 0 1 "Burglary"
0 206 52 252 96 291 1 0 1 "Burglary"
0 206 52 252 96 292 1 0 1 "Burglary"
0 206 52 252 96 293 1 0 1 "Burglary"
0 206 52 252 96 294 1 0 1 "Burglary"
0 206 52 252 96 295 1 0 1 "Burglary"
0 206 52 252 96 296 1 0 1 "Burglary"
0 206 52 252 96 297 1 0 1 "Burglary"
0 206 52 252 96 298 1 0 1 "Burglary"
0 206 52 252 96 299 1 0 1 "Burglary"
0 206 52 252 96 300 1 0 1 "Burglary"
0 206 52 252 96 301 1 0 1 "Burglary"
0 206 52 252 96 302 1 0 1 "Burglary"
0 206 52 252 96 303 1 0 1 "Burglary"
0 206 52 252 96 304 1 0 1 "Burglary"
0 206 52 252 96 305 1 0 1 "Burglary"
0 206 52 252 96 306 1 0 1 "Burglary"
0 206 52 252 96 307 1 0 1 "Burglary"
0 206 52 252 96 308 1 0 1 "Burglary"
0 206 52 252 96 309 1 0 1 "Burglary"
0 206 52 252 96 310 1 0 1 "Burglary"
0 206 52 252 96 311 1 0 1 "Burglary"
0 206 52 252 96 312 1 0 1 "Burglary"
0 206 52 252 96 313 1 0 1 "Burglary"
0 206 52 252 96 314 1 0 1 "Burglary"
0 206 52 252 96 315 1 0 1 "Burglary"
0 206 52 252 96 316 1 0 1 "Burglary"
0 206 52 252 96 317 1 0 1 "Burglary"
0 206 52 252 96 318 1 0 1 "Burglary"
0 206 52 252 96 319 1 0 1 "Burglary"
0 206 52 252 96 320 1 0 1 "Burglary"
0 206 52 252 96 321 1 0 1 "Burglary"
0 206 52 252 96 322 1 0 1 "Burglary"
0 206 52 252 96 323 1 0 1 "Burglary"
0 206 52 252 96 324 1 0 1 "Burglary"
0 206 52 252 96 325 1 0 1 "Burglary"
0 206 52 252 96 326 1 0 1 "Burglary"
0 206 52 252 96 327 1 0 1 "Burglary"
0 206 52 252 96 328 1 0 1 "Burglary"
0 206 52 252 96 329 1 0 1 "Burglary"
0 206 52 252 96 330 1 0 1 "Burglary"
0 206 52 252 96 331 1 0 1 "Burglary"
0 206 52 252 96 332 1 0 1 "Burglary"
0 206 52 252 96 333 1 0 1 "Burglary"
0 206 52 252 96 334 1 0 1 "Burglary"
0 206 52 252 96 335 1 0 1 "Burglary"
0 206 52 252 96 336 1 0 1 "Burglary"
0 206 52 252 96 337 1 0 1 "Burglary"
0 206 52 252 96 338 1 0 1 "Burglary"
0 206 52 252 96 339 1 0 1 "Burglary"
0 206 52 252 96 340 1 0 1 "Burglary"
0 206 52 252 96 341 1 0 1 "Burglary"
0 206 52 252 96 342 1 0 1 "Burglary"
0 206 52 252 96 343 1 0 1 "Burglary"
0 206 52 252 96 344 1 0 1 "Burglary"
0 206 52 252 96 345 1 0 1 "Burglary"
0 206 52 252 96 346 1 0 1 "Burglary"
0 206 52 252 96 347 1 0 1 "Burglary"
0 206 52 252 96 348 1 0 1 "Burglary"
0 206 52 252 96 349 1 0 1 "Burglary"
0 206 52 252 96 350 1 0 1 "Burglary"
0 206 52 252 96 351 1 0 1 "Burglary"
0 206 52 252 96 352 1 0 1 "Burglary"
0 206 52 252 96 353 1 0 1 "Burglary"
0 206 52 252 96 354 1 0 1 "Burglary"
0 206 52 252 96 355 1 0 1 "Burglary"
0 206 52 252 96 356 1 0 1 "Burglary"
0 206 52 252 96 357 1 0 1 "Burglary"
0 206 52 252 96 358 1 0 1 "Burglary"
0 206 52 252 96 359 1 0 1 "Burglary"
0 206 52 252 96 360 1 0 1 "Burglary"
0 206 52 252 96 361 1 0 1 "Burglary"
0 206 52 252 96 362 1 0 1 "Burglary"
0 206 52 252 96 363 1 0 1 "Burglary"
0 206 52 252 96 364 1 0 1 "Burglary"
0 206 52 252 96 365 1 0 1 "Burglary"
0 206 52 252 96 366 1 0 1 "Burglary"
0 206 52 252 96 367 1 0 1 "Burglary"
0 206 52 252 96 368 1 0 1 "Burglary"
0 206 52 252 96 369 1 0 1 "Burglary"
0 206 52 252 96 370 1 0 1 "Burglary"
0 206 52 252 96 371 1 0 1 "Burglary"
0 206 52 252 96 372 1 0 1 "Burglary"
0 206 52 252 96 373 1 0 1 "Burglary"
0 206 52 252 96 374 1 0 1 "Burglary"
0 205 52 251 96 375 1 0 1 "Burglary"
0 205 52 251 96 376 1 0 1 "Burglary"
0 205 52 251 96 377 1 0 1 "Burglary"
0 205 52 251 96 378 1 0 1 "Burglary"
0 205 52 251 96 379 1 0 1 "Burglary"
0 205 52 251 96 380 1 0 1 "Burglary"
0 205 52 251 96 381 1 0 1 "Burglary"
0 205 52 251 96 382 1 0 1 "Burglary"
0 205 52 251 96 383 1 0 1 "Burglary"
0 205 52 251 96 384 1 0 1 "Burglary"
0 205 52 251 96 385 1 0 1 "Burglary"
0 205 52 251 96 386 1 0 1 "Burglary"
0 205 52 251 96 387 1 0 1 "Burglary"
0 205 52 251 96 388 1 0 1 "Burglary"
0 205 52 251 96 389 1 0 1 "Burglary"
0 205 52 251 96 390 1 0 1 "Burglary"
0 205 52 251 96 391 1 0 1 "Burglary"
0 205 52 251 96 392 1 0 1 "Burglary"
0 205 52 251 96 393 1 0 1 "Burglary"
0 205 52 251 96 394 1 0 1 "Burglary"
0 205 52 251 96 395 1 0 1 "Burglary"
0 205 52 251 96 396 1 0 1 "Burglary"
0 205 52 251 96 397 1 0 1 "Burglary"
0 205 52 251 96 398 1 0 1 "Burglary"
0 205 52 251 96 399 1 0 1 "Burglary"
0 205 52 251 96 400 1 0 1 "Burglary"
0 205 52 251 96 401 1 0 1 "Burglary"
0 205 52 251 96 402 1 0 1 "Burglary"
0 205 52 251 96 403 1 0 1 "Burglary"
0 205 52 251 96 404 1 0 1 "Burglary"
0 205 52 251 96 405 1 0 1 "Burglary"
0 205 52 251 96 406 1 0 1 "Burglary"
0 205 52 251 96 407 1 0 1 "Burglary"
0 205 52 251 96 408 1 0 1 "Burglary"
0 205 52 251 96 409 1 0 1 "Burglary"
0 205 52 251 96 410 1 0 1 "Burglary"
0 205 52 251 96 411 1 0 1 "Burglary"
0 205 52 251 96 412 1 0 1 "Burglary"
0 205 52 251 96 413 1 0 1 "Burglary"
0 205 52 251 96 414 1 0 1 "Burglary"
0 205 52 251 96 415 1 0 1 "Burglary"
0 205 52 251 96 416 1 0 1 "Burglary"
0 205 52 251 96 417 1 0 1 "Burglary"
0 205 52 251 96 418 1 0 1 "Burglary"
0 205 52 251 96 419 1 0 1 "Burglary"
0 205 52 251 96 420 1 0 1 "Burglary"
0 205 52 251 96 421 1 0 1 "Burglary"
0 205 52 251 96 422 1 0 1 "Burglary"
0 205 52 251 96 423 1 0 1 "Burglary"
0 205 52 251 96 424 1 0 1 "Burglary"
0 205 52 251 96 425 1 0 1 "Burglary"
0 205 52 251 96 426 1 0 1 "Burglary"
0 205 52 251 96 427 1 0 1 "Burglary"
0 205 52 251 96 428 1 0 1 "Burglary"
0 205 52 251 96 429 1 0 1 "Burglary"
0 205 52 251 96 430 1 0 1 "Burglary"
0 205 52 251 96 431 1 0 1 "Burglary"
0 205 52 251 96 432 1 0 1 "Burglary"
0 205 52 251 96 433 1 0 1 "Burglary"
0 205 52 251 96 434 1 0 1 "Burglary"
0 205 52 251 96 435 1 0 1 "Burglary"
0 205 52 251 96 436 1 0 1 "Burglary"
0 205 52 251 96 437 1 0 1 "Burglary"
0 205 52 251 96 438 1 0 1 "Burglary"
0 205 52 251 96 439 1 0 1 "Burglary"
0 205 52 251 96 440 1 0 1 "Burglary"
0 205 52 251 96 441 1 0 1 "Burglary"
0 205 52 251 96 442 1 0 1 "Burglary"
0 205 52 251 96 443 1 0 1 "Burglary"
0 205 52 251 96 444 1 0 1 "Burglary"
0 205 52 251 96 445 1 0 1 "Burglary"
0 205 52 251 96 446 1 0 1 "Burglary"
0 205 52 251 96 447 1 0 1 "Burglary"
0 205 52 251 96 448 1 0 1 "Burglary"
0 205 52 251 96 449 1 0 1 "Burglary"
0 205 52 251 96 450 1 0 1 "Burglary"
0 205 52 251 96 451 1 0 1 "Burglary"
0 205 52 251 96 452 1 0 1 "Burglary"
0 205 52 251 96 453 1 0 1 "Burglary"
0 205 52 251 96 454 1 0 1 "Burglary"
0 205 52 251 96 455 1 0 1 "Burglary"
0 205 52 251 96 456 1 0 1 "Burglary"
0 205 52 251 96 457 1 0 1 "Burglary"
0 205 52 251 96 458 1 0 1 "Burglary"
0 205 52 251 96 459 1 0 1 "Burglary"
0 205 52 251 96 460 1 0 1 "Burglary"
0 205 52 251 96 461 1 0 1 "Burglary"
0 205 52 251 96 462 1 0 1 "Burglary"
0 205 52 251 96 463 1 0 1 "Burglary"
0 205 52 251 96 464 1 0 1 "Burglary"
0 205 52 251 96 465 1 0 1 "Burglary"
0 205 52 251 96 466 1 0 1 "Burglary"
0 205 52 251 96 467 1 0 1 "Burglary"
0 205 52 251 96 468 1 0 1 "Burglary"
0 205 52 251 96 469 1 0 1 "Burglary"
0 205 52 251 96 470 1 0 1 "Burglary"
0 205 52 251 96 471 1 0 1 "Burglary"
0 205 52 251 96 472 1 0 1 "Burglary"
0 205 52 251 96 473 1 0 1 "Burglary"
0 205 52 251 96 474 1 0 1 "Burglary"
0 205 52 251 96 475 1 0 1 "Burglary"
0 205 52 251 96 476 1 0 1 "Burglary"
0 205 52 251 96 477 1 0 1 "Burglary"
0 205 52 251 96 478 1 0 1 "Burglary"
0 205 52 251 96 479 1 0 1 "Burglary"
0 205 52 251 96 480 1 0 1 "Burglary"
0 205 52 251 96 481 1 0 1 "Burglary"
0 205 52 251 96 482 1 0 1 "Burglary"
0 205 52 251 96 483 1 0 1 "Burglary"
0 205 52 251 96 484 1 0 1 "Burglary"
0 205 52 251 96 485 1 0 1 "Burglary"
0 205 52 251 96 486 1 0 1 "Burglary"
0 205 52 251 96 487 1 0 1 "Burglary"
0 205 52 251 96 488 1 0 1 "Burglary"
0 205 52 251 96 489 1 0 1 "Burglary"
0 205 52 251 96 490 1 0 1 "Burglary"
0 205 52 251 96 491 1 0 1 "Burglary"
0 205 52 251 96 492 1 0 1 "Burglary"
0 205 52 251 96 493 1 0 1 "Burglary"
0 205 52 251 96 494 1 0 1 "Burglary"
0 205 52 251 96 495 1 0 1 "Burglary"
0 205 52 251 96 496 1 0 1 "Burglary"
0 205 52 251 96 497 1 0 1 "Burglary"
0 205 52 251 96 498 1 0 1 "Burglary"
0 205 52 251 96 499 1 0 1 "Burglary"
0 205 52 251 96 500 1 0 1 "Burglary"
0 205 52 251 96 501 1 0 1 "Burglary"
0 205 52 251 96 502 1 0 1 "Burglary"
0 205 52 251 96 503 1 0 1 "Burglary"
0 205 52 251 96 504 1 0 1 "Burglary"
0 205 52 251 96 505 1 0 1 "Burglary"
0 205 52 251 96 506 1 0 1 "Burglary"
0 205 52 251 96 507 1 0 1 "Burglary"
0 205 52 251 96 508 1 0 1 "Burglary"
0 205 52 251 96 509 1 0 1 "Burglary"
0 205 52 251 96 510 1 0 1 "Burglary"
0 205 52 251 96 511 1 0 1 "Burglary"
0 205 52 251 96 512 1 0 1 "Burglary"
0 205 52 251 96 513 1 0 1 "Burglary"
0 205 52 251 96 514 1 0 1 "Burglary"
0 205 52 251 96 515 1 0 1 "Burglary"
0 205 52 251 96 516 1 0 1 "Burglary"
0 205 52 251 96 517 1 0 1 "Burglary"
0 205 52 251 96 518 1 0 1 "Burglary"
0 205 52 251 96 519 1 0 1 "Burglary"
0 205 52 251 96 520 1 0 1 "Burglary"
0 205 52 251 96 521 1 0 1 "Burglary"
0 205 52 251 96 522 1 0 1 "Burglary"
0 205 52 251 96 523 1 0 1 "Burglary"
0 205 52 251 96 524 1 0 1 "Burglary"
0 205 52 251 96 525 1 0 1 "Burglary"
0 205 52 251 96 526 1 0 1 "Burglary"
0 205 52 251 96 527 1 0 1 "Burglary"
0 205 52 251 96 528 1 0 1 "Burglary"
0 205 52 251 96 529 1 0 1 "Burglary"
0 205 52 251 96 530 1 0 1 "Burglary"
0 205 52 251 96 531 1 0 1 "Burglary"
0 205 52 251 96 532 1 0 1 "Burglary"
0 205 52 251 96 533 1 0 1 "Burglary"
0 205 52 251 96 534 1 0 1 "Burglary"
0 205 52 251 96 535 1 0 1 "Burglary"
0 205 52 251 96 536 1 0 1 "Burglary"
0 205 52 251 96 537 1 0 1 "Burglary"
0 205 52 251 96 538 1 0 1 "Burglary"
0 205 52 251 96 539 1 0 1 "Burglary"
0 205 52 251 96 540 1 0 1 "Burglary"
0 205 52 251 96 541 1 0 1 "Burglary"
0 205 52 251 96 542 1 0 1 "Burglary"
0 205 52 251 96 543 1 0 1 "Burglary"
0 205 52 251 96 544 1 0 1 "Burglary"
0 205 52 251 96 545 1 0 1 "Burglary"
0 205 52 251 96 546 1 0 1 "Burglary"
0 205 52 251 96 547 1 0 1 "Burglary"
0 205 52 251 96 548 1 0 1 "Burglary"
0 205 52 251 96 549 1 0 1 "Burglary"
0 205 52 251 96 550 1 0 1 "Burglary"
0 205 52 251 96 551 1 0 1 "Burglary"
0 205 52 251 96 552 1 0 1 "Burglary"
0 205 52 251 96 553 1 0 1 "Burglary"
0 205 52 251 96 554 1 0 1 "Burglary"
0 205 52 251 96 555 1 0 1 "Burglary"
0 205 52 251 96 556 1 0 1 "Burglary"
0 205 52 251 96 557 1 0 1 "Burglary"
0 205 52 251 96 558 1 0 1 "Burglary"
0 205 52 251 96 559 1 0 1 "Burglary"
0 205 52 251 96 560 1 0 1 "Burglary"
0 205 53 251 97 561 0 0 0 "Burglary"
0 204 53 250 97 562 0 0 1 "Burglary"
0 204 53 250 97 563 0 0 1 "Burglary"
0 204 53 250 97 564 0 0 1 "Burglary"
0 204 53 250 97 565 0 0 1 "Burglary"
0 204 53 250 97 566 0 0 1 "Burglary"
0 204 53 250 97 567 0 0 1 "Burglary"
0 204 53 250 97 568 0 0 1 "Burglary"
0 204 53 250 97 569 0 0 1 "Burglary"
0 204 53 250 97 570 0 0 1 "Burglary"
0 204 53 250 97 571 0 0 1 "Burglary"
0 204 53 250 97 572 0 0 1 "Burglary"
0 203 53 249 97 573 0 0 1 "Burglary"
0 203 53 249 97 574 0 0 1 "Burglary"
0 203 53 249 97 575 0 0 1 "Burglary"
0 203 53 249 97 576 0 0 1 "Burglary"
0 203 53 249 97 577 0 0 1 "Burglary"
0 203 53 249 97 578 0 0 1 "Burglary"
0 203 53 249 97 579 0 0 1 "Burglary"
0 203 53 249 97 580 0 0 1 "Burglary"
0 203 53 249 97 581 0 0 1 "Burglary"
0 203 53 249 97 582 0 0 1 "Burglary"
0 203 53 249 97 583 0 0 1 "Burglary"
0 202 53 248 97 584 0 0 1 "Burglary"
0 202 53 248 97 585 0 0 1 "Burglary"
0 202 53 248 97 586 0 0 1 "Burglary"
0 202 53 248 97 587 0 0 1 "Burglary"
0 202 53 248 97 588 0 0 1 "Burglary"
0 202 53 248 97 589 0 0 1 "Burglary"
0 202 53 248 97 590 0 0 1 "Burglary"
0 202 53 248 97 591 0 0 1 "Burglary"
0 202 53 248 97 592 0 0 1 "Burglary"
0 202 53 248 97 593 0 0 1 "Burglary"
0 202 53 248 97 594 0 0 1 "Burglary"
0 202 53 248 97 595 0 0 0 "Burglary"
0 201 52 247 96 596 0 0 1 "Burglary"
0 201 52 247 96 597 0 0 1 "Burglary"
0 201 51 247 96 598 0 0 1 "Burglary"
0 201 51 247 96 599 0 0 1 "Burglary"
0 201 50 246 96 600 0 0 1 "Burglary"
0 201 50 246 96 601 0 0 1 "Burglary"
0 201 49 246 96 602 0 0 1 "Burglary"
0 201 49 246 96 603 0 0 0 "Burglary"
0 202 49 247 96 604 0 0 1 "Burglary"
0 203 49 248 96 605 0 0 1 "Burglary"
0 204 49 249 96 606 0 0 1 "Burglary"
0 205 50 250 96 607 0 0 1 "Burglary"
0 206 50 251 96 608 0 0 1 "Burglary"
0 207 50 253 96 609 0 0 1 "Burglary"
0 208 50 254 96 610 0 0 1 "Burglary"
0 209 51 255 96 611 0 0 1 "Burglary"
0 210 51 256 96 612 0 0 1 "Burglary"
0 211 51 257 96 613 0 0 1 "Burglary"
0 212 51 258 96 614 0 0 1 "Burglary"
0 214 52 260 96 615 0 0 0 "Burglary"
0 214 52 260 96 616 0 0 1 "Burglary"
0 215 52 261 97 617 0 0 1 "Burglary"
0 216 52 262 98 618 0 0 1 "Burglary"
0 217 52 263 98 619 0 0 1 "Burglary"
0 218 52 263 99 620 0 0 1 "Burglary"
0 219 52 264 100 621 0 0 1 "Burglary"
0 220 52 265 100 622 0 0 1 "Burglary"
0 221 52 266 101 623 0 0 1 "Burglary"
0 222 53 267 102 624 0 0 0 "Burglary"
0 223 53 268 102 625 0 0 1 "Burglary"
0 225 53 270 102 626 0 0 1 "Burglary"
0 227 54 272 103 627 0 0 1 "Burglary"
0 229 54 274 103 628 0 0 1 "Burglary"
0 230 54 275 103 629 0 0 1 "Burglary"
0 232 55 277 104 630 0 0 1 "Burglary"
0 234 55 279 104 631 0 0 1 "Burglary"
0 236 55 281 104 632 0 0 1 "Burglary"
0 237 56 282 105 633 0 0 1 "Burglary"
0 239 56 284 105 634 0 0 1 "Burglary"
0 241 56 286 105 635 0 0 1 "Burglary"
0 243 57 288 106 636 0 0 0 "Burglary"
0 245 57 290 106 637 0 0 1 "Burglary"
0 247 57 292 106 638 0 0 1 "Burglary"
0 249 58 294 107 639 0 0 1 "Burglary"
0 252 58 297 107 640 0 0 1 "Burglary"
0 254 58 299 107 641 0 0 1 "Burglary"
0 256 59 301 108 642 0 0 1 "Burglary"
0 259 59 304 108 643 0 0 1 "Burglary"
0 261 60 306 109 644 0 0 1 "Burglary"
0 263 60 308 109 645 0 0 1 "Burglary"
0 266 60 311 109 646 0 0 1 "Burglary"
0 268 61 313 110 647 0 0 1 "Burglary"
0 270 61 315 110 648 0 0 1 "Burglary"
0 273 62 318 111 649 0 0 0 "Burglary"
0 276 62 318 111 650 0 0 1 "Burglary"
0 279 63 318 112 651 0 0 1 "Burglary"
0 282 64 318 112 652 0 0 1 "Burglary"
0 286 64 318 113 653 0 0 1 "Burglary"
0 289 65 318 113 654 0 0 1 "Burglary"
0 292 66 318 114 655 0 0 1 "Burglary"
0 296 67 319 115 656 1 0 0 "Burglary"
0 297 67 319 115 657 1 0 1 "Burglary"
0 298 67 319 115 658 1 0 1 "Burglary"
0 299 67 319 115 659 1 0 1 "Burglary"
0 300 67 319 115 660 1 0 1 "Burglary"
0 301 67 319 116 661 1 0 0 "Burglary"
0 301 67 319 116 662 1 0 1 "Burglary"
0 301 67 319 116 663 1 0 1 "Burglary"
0 301 67 319 116 664 1 0 1 "Burglary"
0 301 67 319 116 665 1 0 1 "Burglary"
0 301 67 319 116 666 1 0 1 "Burglary"
0 301 67 319 116 667 1 0 1 "Burglary"
0 301 67 319 116 668 1 0 1 "Burglary"
0 301 67 319 116 669 1 0 1 "Burglary"
0 301 67 319 116 670 1 0 1 "Burglary"
0 301 67 319 116 671 1 0 1 "Burglary"
0 301 67 319 116 672 1 0 1 "Burglary"
0 301 67 319 116 673 1 0 1 "Burglary"
0 301 67 319 116 674 1 0 1 "Burglary"
0 301 67 319 116 675 1 0 1 "Burglary"
0 301 67 319 116 676 1 0 1 "Burglary"
0 301 67 319 116 677 1 0 1 "Burglary"
0 301 67 319 116 678 1 0 1 "Burglary"
0 301 67 319 116 679 1 0 1 "Burglary"
0 301 67 319 116 680 1 0 1 "Burglary"
0 301 67 319 116 681 1 0 1 "Burglary"
0 301 67 319 116 682 1 0 1 "Burglary"
0 301 67 319 116 683 1 0 1 "Burglary"
0 301 67 319 116 684 1 0 1 "Burglary"
0 301 67 319 116 685 1 0 1 "Burglary"
0 301 67 319 116 686 1 0 1 "Burglary"
0 301 67 319 116 687 1 0 1 "Burglary"
0 301 67 319 116 688 1 0 1 "Burglary"
0 301 67 319 116 689 1 0 1 "Burglary"
0 301 67 319 116 690 1 0 1 "Burglary"
0 301 67 319 116 691 1 0 1 "Burglary"
0 301 67 319 116 692 1 0 1 "Burglary"
0 301 67 319 116 693 1 0 1 "Burglary"
0 301 67 319 116 694 1 0 1 "Burglary"
0 301 67 319 116 695 1 0 1 "Burglary"
0 301 67 319 116 696 1 0 1 "Burglary"
0 301 67 319 116 697 1 0 1 "Burglary"
0 301 67 319 116 698 1 0 1 "Burglary"
0 301 67 319 116 699 1 0 1 "Burglary"
0 301 67 319 116 700 1 0 1 "Burglary"
0 301 67 319 116 701 1 0 1 "Burglary"
0 301 67 319 116 702 1 0 1 "Burglary"
0 301 67 319 116 703 1 0 1 "Burglary"
0 301 67 319 116 704 1 0 1 "Burglary"
0 301 67 319 116 705 1 0 1 "Burglary"
0 301 67 319 116 706 1 0 1 "Burglary"
0 301 67 319 116 707 1 0 1 "Burglary"
0 301 67 319 116 708 1 0 1 "Burglary"
0 301 67 319 116 709 1 0 1 "Burglary"
0 301 67 319 116 710 1 0 1 "Burglary"
0 301 67 319 116 711 1 0 1 "Burglary"
0 301 67 319 116 712 1 0 1 "Burglary"
0 301 67 319 116 713 1 0 1 "Burglary"
0 301 67 319 116 714 1 0 1 "Burglary"
0 301 67 319 116 715 1 0 1 "Burglary"
0 301 67 319 116 716 1 0 1 "Burglary"
0 301 67 319 116 717 1 0 1 "Burglary"
0 301 67 319 116 718 1 0 1 "Burglary"
0 301 67 319 116 719 1 0 1 "Burglary"
0 301 67 319 116 720 1 0 1 "Burglary"
0 301 67 319 116 721 1 0 1 "Burglary"
0 301 67 319 116 722 1 0 1 "Burglary"
0 301 67 319 116 723 1 0 1 "Burglary"
0 301 67 319 116 724 1 0 1 "Burglary"
0 301 67 319 116 725 1 0 1 "Burglary"
0 301 67 319 116 726 1 0 1 "Burglary"
0 301 67 319 116 727 1 0 1 "Burglary"
0 301 67 319 116 728 1 0 1 "Burglary"
0 301 67 319 116 729 1 0 1 "Burglary"
0 301 67 319 116 730 1 0 1 "Burglary"
0 301 67 319 116 731 1 0 1 "Burglary"
0 301 67 319 116 732 1 0 1 "Burglary"
0 301 67 319 116 733 1 0 1 "Burglary"
0 301 67 319 116 734 1 0 1 "Burglary"
0 301 67 319 116 735 1 0 1 "Burglary"
0 301 67 319 116 736 1 0 1 "Burglary"
0 301 67 319 116 737 1 0 1 "Burglary"
0 301 67 319 116 738 1 0 1 "Burglary"
0 301 67 319 116 739 1 0 1 "Burglary"
0 301 67 319 116 740 1 0 1 "Burglary"
0 301 67 319 116 741 1 0 1 "Burglary"
0 301 67 319 116 742 1 0 1 "Burglary"
0 301 67 319 116 743 1 0 1 "Burglary"
0 301 67 319 116 744 1 0 1 "Burglary"
0 301 67 319 116 745 1 0 1 "Burglary"
0 301 67 319 116 746 1 0 1 "Burglary"
0 301 67 319 116 747 1 0 1 "Burglary"
0 301 67 319 116 748 1 0 1 "Burglary"
0 301 67 319 116 749 1 0 1 "Burglary"
0 301 67 319 116 750 1 0 1 "Burglary"
0 301 67 319 116 751 1 0 1 "Burglary"
0 301 67 319 116 752 1 0 1 "Burglary"
0 301 67 319 116 753 1 0 1 "Burglary"
0 301 67 319 116 754 1 0 1 "Burglary"
0 301 67 319 116 755 1 0 1 "Burglary"
0 301 67 319 116 756 1 0 1 "Burglary"
0 301 67 319 116 757 1 0 1 "Burglary"
0 301 67 319 116 758 1 0 1 "Burglary"
0 301 67 319 116 759 1 0 1 "Burglary"
0 301 67 319 116 760 1 0 1 "Burglary"
0 301 67 319 116 761 1 0 0 "Burglary"
