0 139 113 209 211 0 1 0 0 "Burglary"
0 139 113 209 211 1 1 0 1 "Burglary"
0 139 113 209 211 2 1 0 1 "Burglary"
0 139 113 209 211 3 1 0 1 "Burglary"
0 139 113 209 211 4 1 0 1 "Burglary"
0 139 113 209 211 5 1 0 1 "Burglary"
0 139 113 209 211 6 1 0 1 "Burglary"
0 139 113 209 211 7 1 0 1 "Burglary"
0 139 113 209 211 8 1 0 1 "Burglary"
0 139 113 209 211 9 1 0 1 "Burglary"
0 139 113 209 211 10 1 0 1 "Burglary"
0 139 113 209 211 11 1 0 1 "Burglary"
0 139 113 209 211 12 1 0 1 "Burglary"
0 139 113 209 211 13 1 0 1 "Burglary"
0 139 113 209 211 14 1 0 1 "Burglary"
0 139 113 209 211 15 1 0 1 "Burglary"
0 139 113 209 211 16 1 0 1 "Burglary"
0 139 113 209 211 17 1 0 1 "Burglary"
0 139 113 209 211 18 1 0 1 "Burglary"
0 139 113 209 211 19 1 0 1 "Burglary"
0 139 113 209 211 20 1 0 1 "Burglary"
0 139 113 209 211 21 1 0 1 "Burglary"
0 139 113 209 211 22 1 0 1 "Burglary"
0 139 113 209 211 23 1 0 1 "Burglary"
0 139 113 209 211 24 1 0 1 "Burglary"
0 139 113 209 211 25 1 0 1 "Burglary"
0 139 113 209 211 26 1 0 1 "Burglary"
0 139 113 209 211 27 1 0 1 "Burglary"
0 139 113 209 211 28 1 0 1 "Burglary"
0 139 113 209 211 29 1 0 1 "Burglary"
0 139 113 209 211 30 1 0 1 "Burglary"
0 139 113 209 211 31 1 0 1 "Burglary"
0 139 113 209 211 32 1 0 1 "Burglary"
0 139 113 209 211 33 1 0 1 "Burglary"
0 139 113 209 211 34 1 0 1 "Burglary"
0 139 113 209 211 35 1 0 1 "Burglary"
0 139 113 209 211 36 1 0 1 "Burglary"
0 139 113 209 211 37 1 0 1 "Burglary"
0 139 113 209 211 38 1 0 1 "Burglary"
0 139 113 209 211 39 1 0 1 "Burglary"
0 139 113 209 211 40 1 0 1 "Burglary"
0 139 113 209 211 41 1 0 1 "Burglary"
0 139 113 209 211 42 1 0 1 "Burglary"
0 139 113 209 211 43 1 0 1 "Burglary"
0 139 113 209 211 44 1 0 1 "Burglary"
0 139 113 209 211 45 1 0 1 "Burglary"
0 139 113 209 211 46 1 0 1 "Burglary"
0 139 113 209 211 47 1 0 1 "Burglary"
0 139 113 209 211 48 1 0 1 "Burglary"
0 139 113 209 211 49 1 0 1 "Burglary"
0 139 113 209 211 50 1 0 1 "Burglary"
0 139 113 209 211 51 1 0 1 "Burglary"
0 139 113 209 211 52 1 0 1 "Burglary"
0 139 113 209 211 53 1 0 1 "Burglary"
0 139 113 209 211 54 1 0 1 "Burglary"
0 139 113 209 211 55 1 0 1 "Burglary"
0 139 113 209 211 56 1 0 1 "Burglary"
0 139 113 209 211 57 1 0 1 "Burglary"
0 139 113 209 211 58 1 0 1 "Burglary"
0 139 113 209 211 59 1 0 1 "Burglary"
0 139 113 209 211 60 1 0 1 "Burglary"
0 139 113 209 211 61 1 0 1 "Burglary"
0 139 113 209 211 62 1 0 1 "Burglary"
0 139 113 209 211 63 1 0 1 "Burglary"
0 139 113 209 211 64 1 0 1 "Burglary"
0 139 113 209 211 65 1 0 1 "Burglary"
0 139 113 209 211 66 0 0 0 "Burglary"
0 138 113 209 210 67 0 0 1 "Burglary"
0 138 113 209 210 68 0 0 1 "Burglary"
0 138 113 209 210 69 0 0 1 "Burglary"
0 137 113 209 210 70 0 0 1 "Burglary"
0 137 113 209 210 71 0 0 1 "Burglary"
0 137 113 209 210 72 0 0 1 "Burglary"
0 136 113 209 210 73 0 0 1 "Burglary"
0 136 113 209 210 74 0 0 1 "Burglary"
0 136 113 209 210 75 0 0 1 "Burglary"
0 136 113 209 210 76 0 0 1 "Burglary"
0 135 113 209 210 77 0 0 1 "Burglary"
0 135 113 209 210 78 0 0 1 "Burglary"
0 135 113 209 210 79 0 0 1 "Burglary"
0 134 113 209 210 80 0 0 1 "Burglary"
0 134 113 209 210 81 0 0 1 "Burglary"
0 134 113 209 210 82 0 0 1 "Burglary"
0 133 113 209 210 83 0 0 1 "Burglary"
0 133 113 209 210 84 0 0 1 "Burglary"
0 133 113 209 210 85 0 0 1 "Burglary"
0 133 113 209 210 86 0 0 1 "Burglary"
0 132 113 209 210 87 0 0 1 "Burglary"
0 132 113 209 210 88 0 0 1 "Burglary"
0 132 113 209 210 89 0 0 1 "Burglary"
0 131 113 209 210 90 0 0 1 "Burglary"
0 131 113 209 210 91 0 0 1 "Burglary"
0 131 113 209 210 92 0 0 1 "Burglary"
0 130 113 209 210 93 0 0 1 "Burglary"
0 130 113 209 210 94 0 0 1 "Burglary"
0 130 113 209 210 95 0 0 1 "Burglary"
0 130 113 209 210 96 0 0 0 "Burglary"
0 128 113 209 209 97 0 0 1 "Burglary"
0 127 113 209 209 98 0 0 1 "Burglary"
0 126 113 209 209 99 0 0 1 "Burglary"
0 125 113 209 209 100 0 0 1 "Burglary"
0 124 113 209 209 101 0 0 1 "Burglary"
0 122 113 209 209 102 0 0 1 "Burglary"
0 121 113 209 209 103 0 0 1 "Burglary"
0 120 113 209 209 104 0 0 1 "Burglary"
0 119 113 209 209 105 0 0 1 "Burglary"
0 118 113 209 209 106 0 0 0 "Burglary"
0 117 113 208 208 107 0 0 1 "Burglary"
0 117 114 208 208 108 0 0 1 "Burglary"
0 117 114 208 208 109 0 0 1 "Burglary"
0 117 115 208 208 110 0 0 1 "Burglary"
0 117 115 208 208 111 0 0 1 "Burglary"
0 116 116 208 208 112 0 0 1 "Burglary"
0 116 116 208 208 113 0 0 1 "Burglary"
0 116 117 208 208 114 0 0 1 "Burglary"
0 116 117 208 208 115 0 0 1 "Burglary"
0 116 118 208 208 116 0 0 0 "Burglary"
0 116 117 208 207 117 0 0 1 "Burglary"
0 116 117 208 207 118 0 0 1 "Burglary"
0 116 117 208 207 119 0 0 1 "Burglary"
0 116 117 208 207 120 0 0 1 "Burglary"
0 116 117 208 207 121 0 0 1 "Burglary"
0 116 117 208 207 122 0 0 1 "Burglary"
0 116 117 208 207 123 0 0 1 "Burglary"
0 116 116 209 207 124 0 0 1 "Burglary"
0 116 116 209 207 125 0 0 1 "Burglary"
0 116 116 209 207 126 0 0 1 "Burglary"
0 116 116 209 207 127 0 0 1 "Burglary"
0 116 116 209 207 128 0 0 1 "Burglary"
0 116 116 209 207 129 0 0 1 "Burglary"
0 116 116 209 207 130 0 0 1 "Burglary"
0 116 116 210 207 131 0 0 1 "Burglary"
0 116 115 210 207 132 0 0 1 "Burglary"
0 116 115 210 207 133 0 0 1 "Burglary"
0 116 115 210 207 134 0 0 1 "Burglary"
0 116 115 210 207 135 0 0 1 "Burglary"
0 116 115 210 207 136 0 0 1 "Burglary"
0 116 115 210 207 137 0 0 1 "Burglary"
0 116 115 210 207 138 0 0 1 "Burglary"
0 116 114 211 207 139 0 0 1 "Burglary"
0 116 114 211 207 140 0 0 1 "Burglary"
0 116 114 211 207 141 0 0 1 "Burglary"
0 116 114 211 207 142 0 0 1 "Burglary"
0 116 114 211 207 143 0 0 1 "Burglary"
0 116 114 211 207 144 0 0 1 "Burglary"
0 116 114 211 207 145 0 0 1 "Burglary"
0 116 114 212 207 146 0 0 0 "Burglary"
0 116 113 211 207 147 0 0 1 "Burglary"
0 116 113 211 207 148 0 0 1 "Burglary"
0 116 113 211 207 149 0 0 1 "Burglary"
0 116 113 211 207 150 0 0 1 "Burglary"
0 116 112 211 207 151 0 0 1 "Burglary"
0 116 112 211 207 152 0 0 1 "Burglary"
0 116 112 211 207 153 0 0 1 "Burglary"
0 116 112 211 207 154 0 0 1 "Burglary"
0 116 111 211 207 155 0 0 1 "Burglary"
0 116 111 211 207 156 0 0 1 "Burglary"
0 116 111 211 207 157 0 0 1 "Burglary"
0 116 111 211 207 158 0 0 1 "Burglary"
0 116 110 211 207 159 0 0 1 "Burglary"
0 116 110 211 207 160 0 0 1 "Burglary"
0 116 110 211 207 161 0 0 1 "Burglary"
0 116 110 211 207 162 0 0 1 "Burglary"
0 116 109 211 207 163 0 0 1 "Burglary"
0 116 109 211 207 164 0 0 1 "Burglary"
0 116 109 211 207 165 0 0 1 "Burglary"
0 116 109 211 207 166 0 0 0 "Burglary"
0 116 109 210 207 167 0 0 1 "Burglary"
0 116 109 210 207 168 0 0 1 "Burglary"
0 116 109 210 207 169 0 0 1 "Burglary"
0 116 109 210 207 170 0 0 1 "Burglary"
0 116 109 210 207 171 0 0 1 "Burglary"
0 116 109 210 207 172 0 0 1 "Burglary"
0 116 109 210 207 173 0 0 1 "Burglary"
0 116 109 210 207 174 0 0 1 "Burglary"
0 116 109 210 207 175 0 0 1 "Burglary"
0 116 109 210 207 176 0 0 1 "Burglary"
0 116 109 210 207 177 0 0 1 "Burglary"
0 116 109 210 207 178 0 0 1 "Burglary"
0 116 109 210 207 179 0 0 1 "Burglary"
0 116 109 210 207 180 0 0 1 "Burglary"
0 116 109 210 207 181 0 0 1 "Burglary"
0 116 109 210 207 182 0 0 1 "Burglary"
0 116 109 210 207 183 0 0 1 "Burglary"
0 116 109 210 207 184 0 0 1 "Burglary"
0 116 109 210 207 185 0 0 1 "Burglary"
0 116 109 210 207 186 0 0 1 "Burglary"
0 116 109 210 207 187 0 0 1 "Burglary"
0 116 109 210 207 188 0 0 1 "Burglary"
0 116 109 210 207 189 0 0 1 "Burglary"
0 116 109 210 207 190 0 0 1 "Burglary"
0 116 109 210 207 191 0 0 1 "Burglary"
0 116 109 210 207 192 0 0 1 "Burglary"
0 116 109 210 207 193 0 0 1 "Burglary"
0 116 109 210 207 194 0 0 1 "Burglary"
0 116 109 210 207 195 0 0 1 "Burglary"
0 116 109 210 207 196 0 0 1 "Burglary"
0 116 109 210 207 197 0 0 1 "Burglary"
0 116 109 210 207 198 0 0 1 "Burglary"
0 116 109 210 207 199 0 0 1 "Burglary"
0 116 109 210 207 200 0 0 1 "Burglary"
0 116 110 210 207 201 0 0 1 "Burglary"
0 116 110 210 207 202 0 0 1 "Burglary"
0 116 110 210 207 203 0 0 1 "Burglary"
0 116 110 210 207 204 0 0 1 "Burglary"
0 116 110 210 207 205 0 0 1 "Burglary"
0 116 110 210 207 206 0 0 1 "Burglary"
0 116 110 210 207 207 0 0 1 "Burglary"
0 116 110 210 207 208 0 0 1 "Burglary"
0 116 110 210 207 209 0 0 1 "Burglary"
0 116 110 210 207 210 0 0 1 "Burglary"
0 116 110 210 207 211 0 0 1 "Burglary"
0 116 110 210 207 212 0 0 1 "Burglary"
0 116 110 210 207 213 0 0 1 "Burglary"
0 116 110 210 207 214 0 0 1 "Burglary"
0 116 110 210 207 215 0 0 1 "Burglary"
0 116 110 210 207 216 0 0 1 "Burglary"
0 116 110 210 207 217 0 0 1 "Burglary"
0 117 110 209 207 218 0 0 1 "Burglary"
0 117 110 209 207 219 0 0 1 "Burglary"
0 117 110 209 207 220 0 0 1 "Burglary"
0 117 110 209 207 221 0 0 1 "Burglary"
0 117 110 209 207 222 0 0 1 "Burglary"
0 117 110 209 207 223 0 0 1 "Burglary"
0 117 110 209 207 224 0 0 1 "Burglary"
0 117 110 209 207 225 0 0 1 "Burglary"
0 117 110 209 207 226 0 0 1 "Burglary"
0 117 110 209 207 227 0 0 1 "Burglary"
0 117 110 209 207 228 0 0 1 "Burglary"
0 117 110 209 207 229 0 0 1 "Burglary"
0 117 110 209 207 230 0 0 1 "Burglary"
0 117 110 209 207 231 0 0 1 "Burglary"
0 117 110 209 207 232 0 0 1 "Burglary"
0 117 110 209 207 233 0 0 1 "Burglary"
0 117 110 209 207 234 0 0 1 "Burglary"
0 117 111 209 207 235 0 0 1 "Burglary"
0 117 111 209 207 236 0 0 1 "Burglary"
0 117 111 209 207 237 0 0 1 "Burglary"
0 117 111 209 207 238 0 0 1 "Burglary"
0 117 111 209 207 239 0 0 1 "Burglary"
0 117 111 209 207 240 0 0 1 "Burglary"
0 117 111 209 207 241 0 0 1 "Burglary"
0 117 111 209 207 242 0 0 1 "Burglary"
0 117 111 209 207 243 0 0 1 "Burglary"
0 117 111 209 207 244 0 0 1 "Burglary"
0 117 111 209 207 245 0 0 1 "Burglary"
0 117 111 209 207 246 0 0 1 "Burglary"
0 117 111 209 207 247 0 0 1 "Burglary"
0 117 111 209 207 248 0 0 1 "Burglary"
0 117 111 209 207 249 0 0 1 "Burglary"
0 117 111 209 207 250 0 0 1 "Burglary"
0 117 111 209 207 251 0 0 1 "Burglary"
0 117 111 209 207 252 0 0 1 "Burglary"
0 117 111 209 207 253 0 0 1 "Burglary"
0 117 111 209 207 254 0 0 1 "Burglary"
0 117 111 209 207 255 0 0 1 "Burglary"
0 117 111 209 207 256 0 0 1 "Burglary"
0 117 111 209 207 257 0 0 1 "Burglary"
0 117 111 209 207 258 0 0 1 "Burglary"
0 117 111 209 207 259 0 0 1 "Burglary"
0 117 111 209 207 260 0 0 1 "Burglary"
0 117 111 209 207 261 0 0 1 "Burglary"
0 117 111 209 207 262 0 0 1 "Burglary"
0 117 111 209 207 263 0 0 1 "Burglary"
0 117 111 209 207 264 0 0 1 "Burglary"
0 117 111 209 207 265 0 0 1 "Burglary"
0 117 111 209 207 266 0 0 1 "Burglary"
0 117 111 209 207 267 0 0 1 "Burglary"
0 117 111 209 207 268 0 0 1 "Burglary"
0 118 112 209 208 269 1 0 0 "Burglary"
0 118 112 209 208 270 1 0 1 "Burglary"
0 118 112 209 208 271 1 0 1 "Burglary"
0 119 112 209 208 272 1 0 1 "Burglary"
0 119 112 209 208 273 1 0 1 "Burglary"
0 120 112 209 208 274 1 0 1 "Burglary"
0 120 112 209 208 275 1 0 1 "Burglary"
0 120 112 209 208 276 1 0 1 "Burglary"
0 121 112 209 208 277 1 0 1 "Burglary"
0 121 112 209 208 278 1 0 1 "Burglary"
0 122 112 209 208 279 1 0 1 "Burglary"
0 122 112 209 208 280 1 0 1 "Burglary"
0 122 112 209 208 281 1 0 1 "Burglary"
0 123 112 209 208 282 1 0 1 "Burglary"
0 123 112 209 208 283 1 0 1 "Burglary"
0 124 112 209 209 284 1 0 1 "Burglary"
0 124 112 209 209 285 1 0 1 "Burglary"
0 124 112 209 209 286 1 0 1 "Burglary"
0 125 112 209 209 287 1 0 1 "Burglary"
0 125 112 209 209 288 1 0 1 "Burglary"
0 126 112 209 209 289 1 0 1 "Burglary"
0 126 112 209 209 290 1 0 1 "Burglary"
0 126 112 209 209 291 1 0 1 "Burglary"
0 127 112 209 209 292 1 0 1 "Burglary"
0 127 112 209 209 293 1 0 1 "Burglary"
0 128 112 209 209 294 1 0 1 "Burglary"
0 128 112 209 209 295 1 0 1 "Burglary"
0 128 112 209 209 296 1 0 1 "Burglary"
0 129 112 209 209 297 1 0 1 "Burglary"
0 129 112 209 209 298 1 0 1 "Burglary"
0 130 113 209 210 299 1 0 0 "Burglary"
