0 89 81 169 169 0 1 0 0 "Burglary"
0 89 81 169 169 1 1 0 1 "Burglary"
0 89 81 169 169 2 1 0 1 "Burglary"
0 89 81 169 169 3 1 0 1 "Burglary"
0 89 81 169 169 4 1 0 1 "Burglary"
0 89 81 169 169 5 1 0 1 "Burglary"
0 89 81 169 169 6 1 0 1 "Burglary"
0 89 81 169 169 7 1 0 1 "Burglary"
0 89 81 169 169 8 1 0 1 "Burglary"
0 89 81 169 169 9 1 0 1 "Burglary"
0 89 81 169 169 10 1 0 1 "Burglary"
0 89 81 169 169 11 1 0 1 "Burglary"
0 89 81 169 169 12 1 0 1 "Burglary"
0 89 81 169 169 13 1 0 1 "Burglary"
0 89 81 169 169 14 1 0 1 "Burglary"
0 89 81 169 169 15 1 0 1 "Burglary"
0 89 81 169 169 16 1 0 1 "Burglary"
0 89 81 169 169 17 1 0 1 "Burglary"
0 89 81 169 169 18 1 0 1 "Burglary"
0 89 81 169 169 19 1 0 1 "Burglary"
0 89 81 169 169 20 1 0 1 "Burglary"
0 89 81 169 169 21 1 0 1 "Burglary"
0 89 81 169 169 22 1 0 1 "Burglary"
0 89 81 169 169 23 1 0 1 "Burglary"
0 89 81 169 169 24 1 0 1 "Burglary"
0 89 81 169 169 25 1 0 1 "Burglary"
0 89 81 169 169 26 1 0 1 "Burglary"
0 89 81 169 169 27 1 0 1 "Burglary"
0 89 81 169 169 28 1 0 1 "Burglary"
0 89 81 169 169 29 1 0 1 "Burglary"
0 89 81 169 169 30 1 0 1 "Burglary"
0 89 81 169 169 31 1 0 1 "Burglary"
0 89 81 169 169 32 1 0 1 "Burglary"
0 89 81 169 169 33 1 0 1 "Burglary"
0 89 81 169 169 34 1 0 1 "Burglary"
0 89 81 169 169 35 1 0 1 "Burglary"
0 89 81 169 169 36 1 0 1 "Burglary"
0 89 81 169 169 37 1 0 1 "Burglary"
0 89 81 169 169 38 1 0 1 "Burglary"
0 89 81 169 169 39 1 0 1 "Burglary"
0 89 81 169 169 40 1 0 1 "Burglary"
0 89 81 169 169 41 1 0 1 "Burglary"
0 89 81 169 169 42 1 0 1 "Burglary"
0 89 81 169 169 43 1 0 1 "Burglary"
0 89 81 169 169 44 1 0 1 "Burglary"
0 89 81 169 169 45 1 0 1 "Burglary"
0 89 81 169 169 46 1 0 1 "Burglary"
0 89 81 169 169 47 1 0 1 "Burglary"
0 89 81 169 169 48 1 0 1 "Burglary"
0 89 81 169 169 49 1 0 1 "Burglary"
0 89 81 169 169 50 1 0 1 "Burglary"
0 89 81 169 169 51 1 0 1 "Burglary"
0 89 81 169 169 52 1 0 1 "Burglary"
0 89 81 169 169 53 1 0 1 "Burglary"
0 89 81 169 169 54 1 0 1 "Burglary"
0 89 81 169 169 55 1 0 1 "Burglary"
0 89 81 169 169 56 1 0 1 "Burglary"
0 89 81 169 169 57 1 0 1 "Burglary"
0 89 81 169 169 58 1 0 1 "Burglary"
0 89 81 169 169 59 1 0 1 "Burglary"
0 89 81 169 169 60 1 0 1 "Burglary"
0 89 81 169 169 61 1 0 1 "Burglary"
0 89 81 169 169 62 1 0 1 "Burglary"
0 89 81 169 169 63 1 0 1 "Burglary"
0 89 81 169 169 64 1 0 1 "Burglary"
0 89 81 169 169 65 1 0 1 "Burglary"
0 89 81 169 169 66 1 0 1 "Burglary"
0 89 81 169 169 67 1 0 1 "Burglary"
0 89 81 169 169 68 1 0 1 "Burglary"
0 89 81 169 169 69 1 0 1 "Burglary"
0 89 81 169 169 70 1 0 1 "Burglary"
0 89 81 169 169 71 1 0 1 "Burglary"
0 89 81 169 169 72 1 0 1 "Burglary"
0 89 81 169 169 73 1 0 1 "Burglary"
0 89 81 169 169 74 1 0 1 "Burglary"
0 89 81 169 169 75 1 0 1 "Burglary"
0 89 81 169 169 76 1 0 1 "Burglary"
0 89 81 169 169 77 1 0 1 "Burglary"
0 89 81 169 169 78 1 0 1 "Burglary"
0 89 81 169 169 79 1 0 1 "Burglary"
0 89 81 169 169 80 1 0 1 "Burglary"
0 89 81 169 169 81 1 0 1 "Burglary"
0 89 81 169 169 82 1 0 1 "Burglary"
0 89 81 169 169 83 1 0 1 "Burglary"
0 89 81 169 169 84 1 0 1 "Burglary"
0 89 81 169 169 85 1 0 1 "Burglary"
0 89 81 169 169 86 1 0 1 "Burglary"
0 89 81 169 169 87 1 0 1 "Burglary"
0 89 81 169 169 88 1 0 1 "Burglary"
0 89 81 169 169 89 1 0 1 "Burglary"
0 89 81 169 169 90 1 0 1 "Burglary"
0 89 81 169 169 91 1 0 1 "Burglary"
0 89 81 169 169 92 1 0 1 "Burglary"
0 89 81 169 169 93 1 0 1 "Burglary"
0 89 81 169 169 94 1 0 1 "Burglary"
0 89 81 169 169 95 1 0 1 "Burglary"
0 89 81 169 169 96 1 0 1 "Burglary"
0 89 81 169 169 97 1 0 1 "Burglary"
0 89 81 169 169 98 1 0 1 "Burglary"
0 89 81 169 169 99 1 0 1 "Burglary"
0 89 81 169 169 100 1 0 1 "Burglary"
0 89 81 169 169 101 1 0 1 "Burglary"
0 89 81 169 169 102 1 0 1 "Burglary"
0 89 81 169 169 103 1 0 1 "Burglary"
0 89 81 169 169 104 1 0 1 "Burglary"
0 89 81 169 169 105 1 0 1 "Burglary"
0 89 81 169 169 106 1 0 1 "Burglary"
0 89 81 169 169 107 1 0 1 "Burglary"
0 89 81 169 169 108 1 0 1 "Burglary"
0 89 81 169 169 109 1 0 1 "Burglary"
0 89 81 169 169 110 1 0 1 "Burglary"
0 89 81 169 169 111 1 0 1 "Burglary"
0 89 81 169 169 112 1 0 1 "Burglary"
0 89 81 169 169 113 1 0 1 "Burglary"
0 89 81 169 169 114 1 0 1 "Burglary"
0 89 81 169 169 115 1 0 1 "Burglary"
0 89 81 169 169 116 1 0 1 "Burglary"
0 89 81 169 169 117 1 0 1 "Burglary"
0 89 81 169 169 118 1 0 1 "Burglary"
0 89 81 169 169 119 1 0 1 "Burglary"
0 89 81 169 169 120 1 0 1 "Burglary"
0 89 81 169 169 121 1 0 1 "Burglary"
0 89 81 169 169 122 1 0 1 "Burglary"
0 89 81 169 169 123 1 0 1 "Burglary"
0 89 81 169 169 124 1 0 1 "Burglary"
0 89 81 169 169 125 1 0 1 "Burglary"
0 89 81 169 169 126 1 0 1 "Burglary"
0 89 81 169 169 127 1 0 1 "Burglary"
0 89 81 169 169 128 1 0 1 "Burglary"
0 89 81 169 169 129 1 0 1 "Burglary"
0 89 81 169 169 130 1 0 1 "Burglary"
0 89 81 169 169 131 1 0 1 "Burglary"
0 89 81 169 169 132 1 0 1 "Burglary"
0 89 81 169 169 133 1 0 1 "Burglary"
0 89 81 169 169 134 1 0 1 "Burglary"
0 89 81 169 169 135 1 0 1 "Burglary"
0 89 81 169 169 136 1 0 1 "Burglary"
0 89 81 169 169 137 1 0 1 "Burglary"
0 89 81 169 169 138 1 0 1 "Burglary"
0 89 81 169 169 139 1 0 1 "Burglary"
0 89 81 169 169 140 1 0 1 "Burglary"
0 89 81 169 169 141 0 0 0 "Burglary"
0 89 81 168 169 142 0 0 1 "Burglary"
0 89 81 168 169 143 0 0 1 "Burglary"
0 89 82 168 169 144 0 0 1 "Burglary"
0 89 82 168 169 145 0 0 1 "Burglary"
0 89 83 168 169 146 0 0 1 "Burglary"
0 89 83 168 169 147 0 0 1 "Burglary"
0 89 83 168 169 148 0 0 1 "Burglary"
0 89 84 168 169 149 0 0 1 "Burglary"
0 89 84 168 169 150 0 0 1 "Burglary"
0 89 85 168 170 151 0 0 0 "Burglary"
0 89 85 168 170 152 0 0 1 "Burglary"
0 89 85 168 170 153 0 0 1 "Burglary"
0 89 86 168 171 154 0 0 1 "Burglary"
0 89 86 168 171 155 0 0 1 "Burglary"
0 89 87 168 172 156 0 0 1 "Burglary"
0 89 87 168 172 157 0 0 1 "Burglary"
0 89 87 168 172 158 0 0 1 "Burglary"
0 89 88 168 173 159 0 0 1 "Burglary"
0 89 88 168 173 160 0 0 1 "Burglary"
0 89 89 168 174 161 0 0 0 "Burglary"
0 88 88 167 173 162 0 0 1 "Burglary"
0 87 88 166 173 163 0 0 1 "Burglary"
0 87 88 166 173 164 0 0 1 "Burglary"
0 86 88 165 173 165 0 0 1 "Burglary"
0 86 88 165 173 166 0 0 1 "Burglary"
0 85 87 164 172 167 0 0 1 "Burglary"
0 84 87 163 172 168 0 0 1 "Burglary"
0 84 87 163 172 169 0 0 1 "Burglary"
0 83 87 162 172 170 0 0 1 "Burglary"
0 83 87 162 172 171 0 0 0 "Burglary"
0 82 87 161 172 172 0 0 1 "Burglary"
0 82 87 161 172 173 0 0 1 "Burglary"
0 81 87 160 172 174 0 0 1 "Burglary"
0 81 87 160 172 175 0 0 1 "Burglary"
0 81 87 160 172 176 0 0 1 "Burglary"
0 80 87 159 172 177 0 0 1 "Burglary"
0 80 87 159 172 178 0 0 1 "Burglary"
0 79 87 158 172 179 0 0 1 "Burglary"
0 79 87 158 172 180 0 0 1 "Burglary"
0 79 87 158 172 181 0 0 0 "Burglary"
0 78 86 157 171 182 0 0 1 "Burglary"
0 78 86 157 171 183 0 0 1 "Burglary"
0 78 86 157 171 184 0 0 1 "Burglary"
0 78 86 157 171 185 0 0 1 "Burglary"
0 78 86 157 171 186 0 0 1 "Burglary"
0 78 86 157 171 187 0 0 1 "Burglary"
0 78 86 157 171 188 0 0 1 "Burglary"
0 78 86 157 171 189 0 0 1 "Burglary"
0 78 86 157 171 190 0 0 1 "Burglary"
0 78 86 157 171 191 0 0 1 "Burglary"
0 77 86 157 171 192 0 0 1 "Burglary"
0 77 86 157 171 193 0 0 1 "Burglary"
0 77 86 157 171 194 0 0 1 "Burglary"
0 77 85 157 171 195 0 0 1 "Burglary"
0 77 85 157 171 196 0 0 1 "Burglary"
0 77 85 157 171 197 0 0 1 "Burglary"
0 77 85 157 171 198 0 0 1 "Burglary"
0 77 85 157 171 199 0 0 1 "Burglary"
0 77 85 157 171 200 0 0 1 "Burglary"
0 77 85 157 171 201 0 0 1 "Burglary"
0 76 85 157 171 202 0 0 1 "Burglary"
0 76 85 157 171 203 0 0 1 "Burglary"
0 76 85 157 171 204 0 0 1 "Burglary"
0 76 85 157 171 205 0 0 1 "Burglary"
0 76 85 157 171 206 0 0 1 "Burglary"
0 76 85 157 171 207 0 0 1 "Burglary"
0 76 84 157 171 208 0 0 1 "Burglary"
0 76 84 157 171 209 0 0 1 "Burglary"
0 76 84 157 171 210 0 0 1 "Burglary"
0 76 84 157 171 211 0 0 1 "Burglary"
0 75 84 157 171 212 0 0 1 "Burglary"
0 75 84 157 171 213 0 0 1 "Burglary"
0 75 84 157 171 214 0 0 1 "Burglary"
0 75 84 157 171 215 0 0 1 "Burglary"
0 75 84 157 171 216 0 0 1 "Burglary"
0 75 84 157 171 217 0 0 1 "Burglary"
0 75 84 157 171 218 0 0 1 "Burglary"
0 75 84 157 171 219 0 0 1 "Burglary"
0 75 84 157 171 220 0 0 1 "Burglary"
0 75 84 157 171 221 0 0 0 "Burglary"
0 75 84 156 171 222 0 0 1 "Burglary"
0 75 84 156 171 223 0 0 1 "Burglary"
0 75 84 155 171 224 0 0 1 "Burglary"
0 75 84 155 171 225 0 0 1 "Burglary"
0 75 84 155 172 226 0 0 1 "Burglary"
0 75 84 154 172 227 0 0 1 "Burglary"
0 75 84 154 172 228 0 0 1 "Burglary"
0 75 84 154 172 229 0 0 1 "Burglary"
0 75 84 153 173 230 0 0 1 "Burglary"
0 75 84 153 173 231 0 0 1 "Burglary"
0 75 84 153 173 232 0 0 1 "Burglary"
0 75 84 152 173 233 0 0 1 "Burglary"
0 75 84 152 173 234 0 0 1 "Burglary"
0 75 84 152 174 235 0 0 1 "Burglary"
0 75 84 151 174 236 0 0 1 "Burglary"
0 75 84 151 174 237 0 0 1 "Burglary"
0 75 84 151 174 238 0 0 1 "Burglary"
0 75 84 150 175 239 0 0 1 "Burglary"
0 75 84 150 175 240 0 0 1 "Burglary"
0 75 84 150 175 241 0 0 1 "Burglary"
0 75 84 149 175 242 0 0 1 "Burglary"
0 75 84 149 175 243 0 0 1 "Burglary"
0 75 84 148 176 244 0 0 1 "Burglary"
0 75 84 148 176 245 0 0 1 "Burglary"
0 75 84 148 176 246 0 0 1 "Burglary"
0 75 84 147 176 247 0 0 1 "Burglary"
0 75 84 147 177 248 0 0 1 "Burglary"
0 75 84 147 177 249 0 0 1 "Burglary"
0 75 84 146 177 250 0 0 1 "Burglary"
0 75 84 146 177 251 0 0 1 "Burglary"
0 75 84 146 177 252 0 0 1 "Burglary"
0 75 84 145 178 253 0 0 1 "Burglary"
0 75 84 145 178 254 0 0 1 "Burglary"
0 75 84 145 178 255 0 0 1 "Burglary"
0 75 84 144 178 256 0 0 1 "Burglary"
0 75 84 144 179 257 0 0 1 "Burglary"
0 75 84 144 179 258 0 0 1 "Burglary"
0 75 84 143 179 259 0 0 1 "Burglary"
0 75 84 143 179 260 0 0 1 "Burglary"
0 75 84 143 180 261 0 0 0 "Burglary"
0 75 84 143 180 262 0 0 1 "Burglary"
0 76 84 144 180 263 0 0 1 "Burglary"
0 76 84 144 180 264 0 0 1 "Burglary"
0 77 84 145 180 265 0 0 1 "Burglary"
0 77 84 145 180 266 0 0 1 "Burglary"
0 78 84 146 180 267 0 0 1 "Burglary"
0 78 84 146 180 268 0 0 1 "Burglary"
0 79 84 147 180 269 0 0 1 "Burglary"
0 79 84 147 180 270 0 0 1 "Burglary"
0 80 84 148 180 271 0 0 0 "Burglary"
0 80 83 147 179 272 0 0 1 "Burglary"
0 80 83 147 179 273 0 0 1 "Burglary"
0 80 82 147 179 274 0 0 1 "Burglary"
0 80 82 147 179 275 0 0 1 "Burglary"
0 80 81 147 179 276 0 0 1 "Burglary"
0 80 81 147 179 277 0 0 1 "Burglary"
0 80 80 147 179 278 0 0 1 "Burglary"
0 80 80 147 179 279 0 0 1 "Burglary"
0 80 79 147 178 280 0 0 1 "Burglary"
0 80 79 147 178 281 0 0 1 "Burglary"
0 80 78 147 178 282 0 0 1 "Burglary"
0 80 78 147 178 283 0 0 1 "Burglary"
0 80 77 147 178 284 0 0 1 "Burglary"
0 80 77 147 178 285 0 0 1 "Burglary"
0 80 76 147 178 286 0 0 1 "Burglary"
0 80 76 147 178 287 0 0 1 "Burglary"
0 80 75 147 177 288 0 0 1 "Burglary"
0 80 75 147 177 289 0 0 1 "Burglary"
0 80 74 147 177 290 0 0 1 "Burglary"
0 80 74 147 177 291 0 0 1 "Burglary"
0 80 74 147 177 292 0 0 1 "Burglary"
0 80 73 147 177 293 0 0 1 "Burglary"
0 80 73 147 177 294 0 0 1 "Burglary"
0 80 72 147 177 295 0 0 1 "Burglary"
0 80 72 147 176 296 0 0 1 "Burglary"
0 80 71 147 176 297 0 0 1 "Burglary"
0 80 71 147 176 298 0 0 1 "Burglary"
0 80 70 147 176 299 0 0 1 "Burglary"
0 80 70 147 176 300 0 0 1 "Burglary"
0 80 69 147 176 301 0 0 1 "Burglary"
0 80 69 147 176 302 0 0 1 "Burglary"
0 80 68 147 176 303 0 0 1 "Burglary"
0 80 68 147 175 304 0 0 1 "Burglary"
0 80 67 147 175 305 0 0 1 "Burglary"
0 80 67 147 175 306 0 0 1 "Burglary"
0 80 66 147 175 307 0 0 1 "Burglary"
0 80 66 147 175 308 0 0 1 "Burglary"
0 80 65 147 175 309 0 0 1 "Burglary"
0 80 65 147 175 310 0 0 1 "Burglary"
0 80 65 147 175 311 0 0 0 "Burglary"
0 80 64 147 174 312 0 0 1 "Burglary"
0 80 64 147 174 313 0 0 1 "Burglary"
0 80 64 147 174 314 0 0 1 "Burglary"
0 81 64 148 174 315 0 0 1 "Burglary"
0 81 64 148 174 316 0 0 1 "Burglary"
0 81 63 148 173 317 0 0 1 "Burglary"
0 82 63 149 173 318 0 0 1 "Burglary"
0 82 63 149 173 319 0 0 1 "Burglary"
0 82 63 149 173 320 0 0 1 "Burglary"
0 83 63 150 173 321 0 0 0 "Burglary"
0 83 62 150 172 322 0 0 1 "Burglary"
0 83 62 150 172 323 0 0 1 "Burglary"
0 83 62 150 172 324 0 0 1 "Burglary"
0 83 62 150 172 325 0 0 1 "Burglary"
0 84 62 151 172 326 0 0 1 "Burglary"
0 84 62 151 172 327 0 0 1 "Burglary"
0 84 62 151 172 328 0 0 1 "Burglary"
0 84 62 151 172 329 0 0 1 "Burglary"
0 84 62 151 172 330 0 0 1 "Burglary"
0 85 62 152 172 331 0 0 0 "Burglary"
0 85 62 152 172 332 0 0 1 "Burglary"
0 86 62 153 172 333 0 0 1 "Burglary"
0 86 62 153 172 334 0 0 1 "Burglary"
0 87 62 154 172 335 0 0 1 "Burglary"
0 87 62 154 172 336 0 0 1 "Burglary"
0 88 62 155 172 337 0 0 1 "Burglary"
0 88 62 155 172 338 0 0 1 "Burglary"
0 89 62 156 172 339 0 0 1 "Burglary"
0 89 62 156 172 340 0 0 1 "Burglary"
0 90 63 157 173 341 0 0 0 "Burglary"
0 90 63 157 173 342 0 0 1 "Burglary"
0 90 63 157 173 343 0 0 1 "Burglary"
0 91 63 158 173 344 0 0 1 "Burglary"
0 91 63 158 173 345 0 0 1 "Burglary"
0 92 64 159 174 346 0 0 1 "Burglary"
0 92 64 159 174 347 0 0 1 "Burglary"
0 92 64 159 174 348 0 0 1 "Burglary"
0 93 64 160 174 349 0 0 1 "Burglary"
0 93 64 160 174 350 0 0 1 "Burglary"
0 94 65 161 175 351 0 0 0 "Burglary"
0 94 65 161 175 352 0 0 1 "Burglary"
0 94 65 161 175 353 0 0 1 "Burglary"
0 94 65 161 175 354 0 0 1 "Burglary"
0 94 65 161 175 355 0 0 1 "Burglary"
0 95 65 162 175 356 0 0 1 "Burglary"
0 95 65 162 175 357 0 0 1 "Burglary"
0 95 65 162 175 358 0 0 1 "Burglary"
0 95 65 162 175 359 0 0 1 "Burglary"
0 95 65 162 175 360 0 0 1 "Burglary"
0 96 66 163 176 361 0 0 0 "Burglary"
0 95 65 162 175 362 0 0 1 "Burglary"
0 95 65 162 175 363 0 0 1 "Burglary"
0 94 65 161 175 364 0 0 1 "Burglary"
0 94 65 161 175 365 0 0 1 "Burglary"
0 94 65 161 175 366 0 0 1 "Burglary"
0 93 64 160 174 367 0 0 1 "Burglary"
0 93 64 160 174 368 0 0 1 "Burglary"
0 92 64 159 174 369 0 0 1 "Burglary"
0 92 64 159 174 370 0 0 1 "Burglary"
0 92 64 159 174 371 0 0 1 "Burglary"
0 91 63 158 173 372 0 0 1 "Burglary"
0 91 63 158 173 373 0 0 1 "Burglary"
0 90 63 157 173 374 0 0 1 "Burglary"
0 90 63 157 173 375 0 0 1 "Burglary"
0 90 63 157 173 376 0 0 1 "Burglary"
0 89 62 156 172 377 0 0 1 "Burglary"
0 89 62 156 172 378 0 0 1 "Burglary"
0 88 62 155 172 379 0 0 1 "Burglary"
0 88 62 155 172 380 0 0 1 "Burglary"
0 88 62 155 172 381 0 0 0 "Burglary"
0 87 61 154 171 382 0 0 1 "Burglary"
0 87 61 154 171 383 0 0 1 "Burglary"
0 87 61 154 171 384 0 0 1 "Burglary"
0 87 61 154 171 385 0 0 1 "Burglary"
0 87 61 154 171 386 0 0 1 "Burglary"
0 87 61 154 171 387 0 0 1 "Burglary"
0 87 61 154 171 388 0 0 1 "Burglary"
0 87 61 154 171 389 0 0 1 "Burglary"
0 87 61 154 171 390 0 0 1 "Burglary"
0 87 61 154 171 391 0 0 1 "Burglary"
0 87 60 154 170 392 0 0 1 "Burglary"
0 87 60 154 170 393 0 0 1 "Burglary"
0 87 60 154 170 394 0 0 1 "Burglary"
0 87 60 154 170 395 0 0 1 "Burglary"
0 87 60 154 170 396 0 0 1 "Burglary"
0 87 60 154 170 397 0 0 1 "Burglary"
0 87 60 154 170 398 0 0 1 "Burglary"
0 87 60 154 170 399 0 0 1 "Burglary"
0 87 60 154 170 400 0 0 1 "Burglary"
0 87 60 154 170 401 0 0 1 "Burglary"
0 87 59 154 169 402 0 0 1 "Burglary"
0 87 59 154 169 403 0 0 1 "Burglary"
0 87 59 154 169 404 0 0 1 "Burglary"
0 87 59 154 169 405 0 0 1 "Burglary"
0 87 59 154 169 406 0 0 1 "Burglary"
0 87 59 154 169 407 0 0 1 "Burglary"
0 87 59 154 169 408 0 0 1 "Burglary"
0 87 59 154 169 409 0 0 1 "Burglary"
0 87 59 154 169 410 0 0 1 "Burglary"
0 87 59 154 169 411 0 0 0 "Burglary"
0 86 58 153 168 412 0 0 1 "Burglary"
0 86 58 153 168 413 0 0 1 "Burglary"
0 85 58 152 168 414 0 0 1 "Burglary"
0 85 58 152 168 415 0 0 1 "Burglary"
0 85 58 152 168 416 0 0 1 "Burglary"
0 84 57 151 167 417 0 0 1 "Burglary"
0 84 57 151 167 418 0 0 1 "Burglary"
0 83 57 150 167 419 0 0 1 "Burglary"
0 83 57 150 167 420 0 0 1 "Burglary"
0 83 57 150 167 421 0 0 1 "Burglary"
0 82 56 149 166 422 0 0 1 "Burglary"
0 82 56 149 166 423 0 0 1 "Burglary"
0 81 56 148 166 424 0 0 1 "Burglary"
0 81 56 148 166 425 0 0 1 "Burglary"
0 81 56 148 166 426 0 0 1 "Burglary"
0 80 55 147 165 427 0 0 1 "Burglary"
0 80 55 147 165 428 0 0 1 "Burglary"
0 79 55 146 165 429 0 0 1 "Burglary"
0 79 55 146 165 430 0 0 1 "Burglary"
0 79 55 146 165 431 0 0 0 "Burglary"
0 79 55 146 165 432 0 0 1 "Burglary"
0 79 55 146 165 433 0 0 1 "Burglary"
0 79 55 146 165 434 0 0 1 "Burglary"
0 79 55 146 165 435 0 0 1 "Burglary"
0 80 55 147 165 436 0 0 1 "Burglary"
0 80 55 147 165 437 0 0 1 "Burglary"
0 80 55 147 165 438 0 0 1 "Burglary"
0 80 55 147 165 439 0 0 1 "Burglary"
0 80 55 147 165 440 0 0 1 "Burglary"
0 81 55 148 165 441 0 0 1 "Burglary"
0 81 55 148 165 442 0 0 1 "Burglary"
0 81 55 148 165 443 0 0 1 "Burglary"
0 81 55 148 165 444 0 0 1 "Burglary"
0 81 55 148 165 445 0 0 1 "Burglary"
0 82 55 149 165 446 0 0 1 "Burglary"
0 82 55 149 165 447 0 0 1 "Burglary"
0 82 55 149 165 448 0 0 1 "Burglary"
0 82 55 149 165 449 0 0 1 "Burglary"
0 82 55 149 165 450 0 0 1 "Burglary"
0 83 55 150 165 451 0 0 1 "Burglary"
0 83 55 150 165 452 0 0 1 "Burglary"
0 83 55 150 165 453 0 0 1 "Burglary"
0 83 55 150 165 454 0 0 1 "Burglary"
0 83 55 150 165 455 0 0 1 "Burglary"
0 84 55 151 165 456 0 0 1 "Burglary"
0 84 55 151 165 457 0 0 1 "Burglary"
0 84 55 151 165 458 0 0 1 "Burglary"
0 84 55 151 165 459 0 0 1 "Burglary"
0 84 55 151 165 460 0 0 1 "Burglary"
0 85 55 152 165 461 0 0 1 "Burglary"
0 85 55 152 165 462 0 0 1 "Burglary"
0 85 55 152 165 463 0 0 1 "Burglary"
0 85 55 152 165 464 0 0 1 "Burglary"
0 85 55 152 165 465 0 0 1 "Burglary"
0 86 55 153 165 466 0 0 1 "Burglary"
0 86 55 153 165 467 0 0 1 "Burglary"
0 86 55 153 165 468 0 0 1 "Burglary"
0 86 55 153 165 469 0 0 1 "Burglary"
0 86 55 153 165 470 0 0 1 "Burglary"
0 87 55 154 165 471 0 0 1 "Burglary"
0 87 55 154 165 472 0 0 1 "Burglary"
0 87 55 154 165 473 0 0 1 "Burglary"
0 87 55 154 165 474 0 0 1 "Burglary"
0 87 55 154 165 475 0 0 1 "Burglary"
0 88 55 155 165 476 0 0 1 "Burglary"
0 88 55 155 165 477 0 0 1 "Burglary"
0 88 55 155 165 478 0 0 1 "Burglary"
0 88 55 155 165 479 0 0 1 "Burglary"
0 88 55 155 165 480 0 0 1 "Burglary"
0 89 55 156 165 481 0 0 1 "Burglary"
0 89 55 156 165 482 0 0 1 "Burglary"
0 89 55 156 165 483 0 0 1 "Burglary"
0 89 55 156 165 484 0 0 1 "Burglary"
0 89 55 156 165 485 0 0 1 "Burglary"
0 90 55 157 165 486 0 0 1 "Burglary"
0 90 55 157 165 487 0 0 1 "Burglary"
0 90 55 157 165 488 0 0 1 "Burglary"
0 90 55 157 165 489 0 0 1 "Burglary"
0 90 55 157 165 490 0 0 1 "Burglary"
0 91 55 158 165 491 0 0 0 "Burglary"
0 90 55 157 165 492 0 0 1 "Burglary"
0 90 55 157 165 493 0 0 1 "Burglary"
0 90 55 157 165 494 0 0 1 "Burglary"
0 90 55 157 165 495 0 0 1 "Burglary"
0 90 55 157 165 496 0 0 1 "Burglary"
0 90 55 157 165 497 0 0 1 "Burglary"
0 90 55 157 165 498 0 0 1 "Burglary"
0 90 55 157 165 499 0 0 1 "Burglary"
0 89 55 156 165 500 0 0 1 "Burglary"
0 89 55 156 165 501 0 0 1 "Burglary"
0 89 55 156 165 502 0 0 1 "Burglary"
0 89 55 156 165 503 0 0 1 "Burglary"
0 89 55 156 165 504 0 0 1 "Burglary"
0 89 55 156 165 505 0 0 1 "Burglary"
0 89 55 156 165 506 0 0 1 "Burglary"
0 89 55 156 165 507 0 0 1 "Burglary"
0 88 55 155 165 508 0 0 1 "Burglary"
0 88 55 155 165 509 0 0 1 "Burglary"
0 88 55 155 165 510 0 0 1 "Burglary"
0 88 55 155 165 511 0 0 1 "Burglary"
0 88 55 155 165 512 0 0 1 "Burglary"
0 88 55 155 165 513 0 0 1 "Burglary"
0 88 55 155 165 514 0 0 1 "Burglary"
0 88 55 155 165 515 0 0 1 "Burglary"
0 87 55 154 165 516 0 0 1 "Burglary"
0 87 55 154 165 517 0 0 1 "Burglary"
0 87 55 154 165 518 0 0 1 "Burglary"
0 87 55 154 165 519 0 0 1 "Burglary"
0 87 55 154 165 520 0 0 1 "Burglary"
0 87 55 154 165 521 0 0 1 "Burglary"
0 87 55 154 165 522 0 0 1 "Burglary"
0 87 55 154 165 523 0 0 1 "Burglary"
0 86 55 153 165 524 0 0 1 "Burglary"
0 86 55 153 165 525 0 0 1 "Burglary"
0 86 55 153 165 526 0 0 1 "Burglary"
0 86 55 153 165 527 0 0 1 "Burglary"
0 86 55 153 165 528 0 0 1 "Burglary"
0 86 55 153 165 529 0 0 1 "Burglary"
0 86 55 153 165 530 0 0 1 "Burglary"
0 86 55 153 165 531 0 0 0 "Burglary"
0 85 54 153 164 532 0 0 1 "Burglary"
0 85 54 153 164 533 0 0 1 "Burglary"
0 84 54 153 164 534 0 0 1 "Burglary"
0 84 54 153 164 535 0 0 1 "Burglary"
0 83 54 154 164 536 0 0 1 "Burglary"
0 83 54 154 163 537 0 0 1 "Burglary"
0 82 54 154 163 538 0 0 1 "Burglary"
0 82 54 154 163 539 0 0 1 "Burglary"
0 81 54 154 163 540 0 0 1 "Burglary"
0 81 54 155 163 541 0 0 0 "Burglary"
0 80 53 154 162 542 0 0 1 "Burglary"
0 79 53 153 162 543 0 0 1 "Burglary"
0 78 53 152 162 544 0 0 1 "Burglary"
0 78 53 152 162 545 0 0 1 "Burglary"
0 77 53 151 162 546 0 0 1 "Burglary"
0 76 53 150 162 547 0 0 1 "Burglary"
0 76 53 150 162 548 0 0 1 "Burglary"
0 75 53 149 162 549 0 0 1 "Burglary"
0 74 53 148 162 550 0 0 1 "Burglary"
0 74 53 148 162 551 0 0 0 "Burglary"
0 73 53 147 162 552 0 0 1 "Burglary"
0 72 53 146 162 553 0 0 1 "Burglary"
0 71 53 145 162 554 0 0 1 "Burglary"
0 70 53 144 162 555 0 0 1 "Burglary"
0 69 53 143 162 556 0 0 1 "Burglary"
0 68 53 142 162 557 0 0 1 "Burglary"
0 67 53 141 162 558 0 0 1 "Burglary"
0 66 53 140 162 559 0 0 1 "Burglary"
0 65 53 139 162 560 0 0 1 "Burglary"
0 64 54 138 163 561 0 0 0 "Burglary"
0 63 54 137 163 562 0 0 1 "Burglary"
0 62 54 136 163 563 0 0 1 "Burglary"
0 62 54 136 163 564 0 0 1 "Burglary"
0 61 54 135 163 565 0 0 1 "Burglary"
0 61 54 135 163 566 0 0 1 "Burglary"
0 60 54 134 163 567 0 0 1 "Burglary"
0 59 54 133 163 568 0 0 1 "Burglary"
0 59 54 133 163 569 0 0 1 "Burglary"
0 58 54 132 163 570 0 0 1 "Burglary"
0 58 55 132 164 571 0 0 0 "Burglary"
0 56 54 130 163 572 0 0 1 "Burglary"
0 55 54 129 163 573 0 0 1 "Burglary"
0 54 54 128 163 574 0 0 1 "Burglary"
0 53 53 127 162 575 0 0 1 "Burglary"
0 52 53 126 162 576 0 0 1 "Burglary"
0 51 53 125 162 577 0 0 1 "Burglary"
0 50 52 124 161 578 0 0 1 "Burglary"
0 49 52 123 161 579 0 0 1 "Burglary"
0 48 52 122 161 580 0 0 1 "Burglary"
0 47 52 121 161 581 0 0 0 "Burglary"
0 46 51 119 160 582 0 0 1 "Burglary"
0 45 51 117 160 583 0 0 1 "Burglary"
0 45 51 115 160 584 0 0 1 "Burglary"
0 44 51 113 160 585 0 0 1 "Burglary"
0 44 51 111 160 586 0 0 1 "Burglary"
0 43 51 109 159 587 0 0 1 "Burglary"
0 42 51 107 159 588 0 0 1 "Burglary"
0 42 51 105 159 589 0 0 1 "Burglary"
0 41 51 103 159 590 0 0 1 "Burglary"
0 41 51 102 159 591 0 0 0 "Burglary"
0 40 50 101 158 592 0 0 1 "Burglary"
0 40 50 101 158 593 0 0 1 "Burglary"
0 39 50 100 158 594 0 0 1 "Burglary"
0 39 50 100 158 595 0 0 1 "Burglary"
0 39 50 100 158 596 0 0 1 "Burglary"
0 38 49 99 157 597 0 0 1 "Burglary"
0 38 49 99 157 598 0 0 1 "Burglary"
0 37 49 98 157 599 0 0 1 "Burglary"
0 37 49 98 157 600 0 0 1 "Burglary"
0 37 49 98 157 601 0 0 0 "Burglary"
0 36 48 97 156 602 0 0 1 "Burglary"
0 36 48 97 156 603 0 0 1 "Burglary"
0 35 47 96 155 604 0 0 1 "Burglary"
0 35 47 96 155 605 0 0 1 "Burglary"
0 35 46 96 154 606 0 0 1 "Burglary"
0 34 46 95 154 607 0 0 1 "Burglary"
0 34 45 95 153 608 0 0 1 "Burglary"
0 33 45 94 153 609 0 0 1 "Burglary"
0 33 44 94 152 610 0 0 1 "Burglary"
0 33 44 94 152 611 0 0 0 "Burglary"
0 32 43 93 151 612 0 0 1 "Burglary"
0 32 43 93 151 613 0 0 1 "Burglary"
0 31 43 92 151 614 0 0 1 "Burglary"
0 31 42 92 150 615 0 0 1 "Burglary"
0 30 42 91 150 616 0 0 1 "Burglary"
0 30 42 91 150 617 0 0 1 "Burglary"
0 29 41 90 149 618 0 0 1 "Burglary"
0 29 41 90 149 619 0 0 1 "Burglary"
0 28 41 89 149 620 0 0 1 "Burglary"
0 28 41 89 149 621 0 0 0 "Burglary"
0 27 40 88 148 622 0 0 1 "Burglary"
0 27 40 88 148 623 0 0 1 "Burglary"
0 27 40 88 148 624 0 0 1 "Burglary"
0 27 40 88 148 625 0 0 1 "Burglary"
0 27 40 88 148 626 0 0 1 "Burglary"
0 26 40 87 148 627 0 0 1 "Burglary"
0 26 40 87 148 628 0 0 1 "Burglary"
0 26 40 87 148 629 0 0 1 "Burglary"
0 26 40 87 148 630 0 0 1 "Burglary"
0 26 40 87 148 631 0 0 0 "Burglary"
0 25 39 86 147 632 0 0 1 "Burglary"
0 25 38 86 146 633 0 0 1 "Burglary"
0 24 38 85 146 634 0 0 1 "Burglary"
0 24 37 85 145 635 0 0 1 "Burglary"
0 24 37 85 145 636 0 0 1 "Burglary"
0 23 36 84 144 637 0 0 1 "Burglary"
0 23 35 84 143 638 0 0 1 "Burglary"
0 22 35 83 143 639 0 0 1 "Burglary"
0 22 34 83 142 640 0 0 1 "Burglary"
0 22 34 83 142 641 0 0 0 "Burglary"
0 22 34 82 141 642 0 0 1 "Burglary"
0 22 35 81 141 643 0 0 1 "Burglary"
0 23 36 80 141 644 0 0 1 "Burglary"
0 23 36 79 141 645 0 0 1 "Burglary"
0 24 37 78 141 646 0 0 1 "Burglary"
0 24 38 77 140 647 0 0 1 "Burglary"
0 24 38 76 140 648 0 0 1 "Burglary"
0 25 39 75 140 649 0 0 1 "Burglary"
0 25 40 74 140 650 0 0 1 "Burglary"
0 26 41 74 140 651 0 0 0 "Burglary"
0 25 40 73 139 652 0 0 1 "Burglary"
0 25 40 73 139 653 0 0 1 "Burglary"
0 25 40 73 139 654 0 0 1 "Burglary"
0 25 40 73 139 655 0 0 1 "Burglary"
0 25 40 73 139 656 0 0 1 "Burglary"
0 25 39 73 138 657 0 0 1 "Burglary"
0 25 39 73 138 658 0 0 1 "Burglary"
0 25 39 73 138 659 0 0 1 "Burglary"
0 25 39 73 138 660 0 0 1 "Burglary"
0 25 39 73 138 661 0 0 0 "Burglary"
0 25 39 73 137 662 0 0 1 "Burglary"
0 25 39 73 136 663 0 0 1 "Burglary"
0 25 39 73 136 664 0 0 1 "Burglary"
0 25 39 73 135 665 0 0 1 "Burglary"
0 25 39 73 135 666 0 0 1 "Burglary"
0 25 39 73 134 667 0 0 1 "Burglary"
0 25 39 73 133 668 0 0 1 "Burglary"
0 25 39 73 133 669 0 0 1 "Burglary"
0 25 39 73 132 670 0 0 1 "Burglary"
0 25 39 73 132 671 0 0 1 "Burglary"
0 25 39 73 131 672 0 0 1 "Burglary"
0 25 39 73 130 673 0 0 1 "Burglary"
0 25 39 73 130 674 0 0 1 "Burglary"
0 25 39 73 129 675 0 0 1 "Burglary"
0 25 39 73 129 676 0 0 1 "Burglary"
0 25 39 73 128 677 0 0 1 "Burglary"
0 25 39 73 127 678 0 0 1 "Burglary"
0 25 39 73 127 679 0 0 1 "Burglary"
0 25 39 73 126 680 0 0 1 "Burglary"
0 26 39 73 126 681 0 0 0 "Burglary"
0 26 38 73 125 682 0 0 1 "Burglary"
0 27 38 74 125 683 0 0 1 "Burglary"
0 27 38 74 125 684 0 0 1 "Burglary"
0 28 38 75 125 685 0 0 1 "Burglary"
0 28 38 75 125 686 0 0 1 "Burglary"
0 29 37 76 124 687 0 0 1 "Burglary"
0 29 37 76 124 688 0 0 1 "Burglary"
0 30 37 77 124 689 0 0 1 "Burglary"
0 30 37 77 124 690 0 0 1 "Burglary"
0 31 37 78 124 691 0 0 0 "Burglary"
0 31 36 78 123 692 0 0 1 "Burglary"
0 32 36 79 123 693 0 0 1 "Burglary"
0 32 36 79 123 694 0 0 1 "Burglary"
0 33 36 80 123 695 0 0 1 "Burglary"
0 33 36 80 123 696 0 0 1 "Burglary"
0 34 36 81 123 697 0 0 1 "Burglary"
0 34 36 81 123 698 0 0 1 "Burglary"
0 35 36 82 123 699 0 0 1 "Burglary"
0 35 36 82 123 700 0 0 1 "Burglary"
0 36 36 83 123 701 0 0 0 "Burglary"
0 36 35 83 122 702 0 0 1 "Burglary"
0 36 35 83 122 703 0 0 1 "Burglary"
0 37 35 84 122 704 0 0 1 "Burglary"
0 37 35 84 122 705 0 0 1 "Burglary"
0 38 35 85 122 706 0 0 1 "Burglary"
0 38 35 85 122 707 0 0 1 "Burglary"
0 38 35 85 122 708 0 0 1 "Burglary"
0 39 35 86 122 709 0 0 1 "Burglary"
0 39 35 86 122 710 0 0 1 "Burglary"
0 40 35 87 122 711 0 0 0 "Burglary"
0 40 34 87 121 712 0 0 1 "Burglary"
0 41 34 88 121 713 0 0 1 "Burglary"
0 41 34 88 121 714 0 0 1 "Burglary"
0 42 34 89 121 715 0 0 1 "Burglary"
0 43 34 90 121 716 0 0 1 "Burglary"
0 43 34 90 121 717 0 0 1 "Burglary"
0 44 34 91 121 718 0 0 1 "Burglary"
0 44 34 91 121 719 0 0 1 "Burglary"
0 45 34 92 121 720 0 0 1 "Burglary"
0 46 34 93 121 721 0 0 0 "Burglary"
0 46 34 93 120 722 0 0 1 "Burglary"
0 47 34 93 119 723 0 0 1 "Burglary"
0 48 34 93 118 724 0 0 1 "Burglary"
0 49 34 93 117 725 0 0 1 "Burglary"
0 50 34 93 116 726 0 0 1 "Burglary"
0 51 34 93 115 727 0 0 1 "Burglary"
0 51 34 93 115 728 0 0 1 "Burglary"
0 52 34 93 114 729 0 0 1 "Burglary"
0 53 34 93 113 730 0 0 1 "Burglary"
0 54 34 93 112 731 0 0 1 "Burglary"
0 55 34 93 111 732 0 0 1 "Burglary"
0 56 34 93 110 733 0 0 1 "Burglary"
0 57 34 93 109 734 0 0 1 "Burglary"
0 57 34 93 109 735 0 0 1 "Burglary"
0 58 34 93 108 736 0 0 1 "Burglary"
0 59 34 93 107 737 0 0 1 "Burglary"
0 60 34 93 106 738 0 0 1 "Burglary"
0 61 34 93 105 739 0 0 1 "Burglary"
0 62 34 93 104 740 0 0 1 "Burglary"
0 63 35 94 104 741 1 0 0 "Burglary"
0 63 34 94 103 742 1 0 1 "Burglary"
0 64 34 95 103 743 1 0 1 "Burglary"
0 65 34 96 103 744 1 0 1 "Burglary"
0 66 34 97 103 745 1 0 1 "Burglary"
0 67 34 98 103 746 1 0 1 "Burglary"
0 68 34 99 103 747 1 0 0 "Burglary"
0 68 34 99 103 748 1 0 1 "Burglary"
0 68 34 99 103 749 1 0 1 "Burglary"
0 68 34 99 103 750 1 0 1 "Burglary"
0 68 34 99 103 751 1 0 1 "Burglary"
0 68 34 99 103 752 1 0 1 "Burglary"
0 68 34 99 103 753 1 0 1 "Burglary"
0 68 34 99 103 754 1 0 1 "Burglary"
0 68 34 99 103 755 1 0 1 "Burglary"
0 68 34 99 103 756 1 0 1 "Burglary"
0 68 34 99 103 757 1 0 1 "Burglary"
0 68 34 99 103 758 1 0 1 "Burglary"
0 68 34 99 103 759 1 0 1 "Burglary"
0 68 34 99 103 760 1 0 1 "Burglary"
0 68 34 99 103 761 1 0 1 "Burglary"
0 68 34 99 103 762 1 0 1 "Burglary"
0 68 34 99 103 763 1 0 1 "Burglary"
0 68 34 99 103 764 1 0 1 "Burglary"
0 68 34 99 103 765 1 0 1 "Burglary"
0 68 34 99 103 766 1 0 1 "Burglary"
0 68 34 99 103 767 1 0 1 "Burglary"
0 68 34 99 103 768 1 0 1 "Burglary"
0 68 34 99 103 769 1 0 1 "Burglary"
0 68 34 99 103 770 1 0 1 "Burglary"
0 68 34 99 103 771 1 0 1 "Burglary"
0 68 34 99 103 772 1 0 1 "Burglary"
0 68 34 99 103 773 1 0 1 "Burglary"
0 68 34 99 103 774 1 0 1 "Burglary"
0 68 34 99 103 775 1 0 1 "Burglary"
0 68 34 99 103 776 1 0 1 "Burglary"
0 68 34 99 103 777 1 0 1 "Burglary"
0 68 34 99 103 778 1 0 1 "Burglary"
0 68 34 99 103 779 1 0 1 "Burglary"
0 68 34 99 103 780 1 0 1 "Burglary"
0 68 34 99 103 781 1 0 1 "Burglary"
0 68 34 99 103 782 1 0 1 "Burglary"
0 68 34 99 103 783 1 0 1 "Burglary"
0 68 34 99 103 784 1 0 1 "Burglary"
0 68 34 99 103 785 1 0 1 "Burglary"
0 68 34 99 103 786 1 0 1 "Burglary"
0 68 34 99 103 787 1 0 1 "Burglary"
0 68 34 99 103 788 1 0 1 "Burglary"
0 68 34 99 103 789 1 0 1 "Burglary"
0 68 34 99 103 790 1 0 1 "Burglary"
0 68 34 99 103 791 1 0 1 "Burglary"
0 68 34 99 103 792 1 0 1 "Burglary"
0 68 34 99 103 793 1 0 1 "Burglary"
0 68 34 99 103 794 1 0 1 "Burglary"
0 68 34 99 103 795 1 0 1 "Burglary"
0 68 34 99 103 796 1 0 1 "Burglary"
0 68 34 99 103 797 1 0 1 "Burglary"
0 68 34 99 103 798 1 0 1 "Burglary"
0 68 34 99 103 799 1 0 1 "Burglary"
0 68 34 99 103 800 1 0 1 "Burglary"
0 68 34 99 103 801 1 0 1 "Burglary"
0 68 34 99 103 802 1 0 1 "Burglary"
0 68 34 99 103 803 1 0 1 "Burglary"
0 68 34 99 103 804 1 0 1 "Burglary"
0 68 34 99 103 805 1 0 1 "Burglary"
0 68 34 99 103 806 1 0 1 "Burglary"
0 68 34 99 103 807 1 0 1 "Burglary"
0 68 34 99 103 808 1 0 1 "Burglary"
0 68 34 99 103 809 1 0 1 "Burglary"
0 68 34 99 103 810 1 0 1 "Burglary"
0 68 34 99 103 811 1 0 1 "Burglary"
0 68 34 99 103 812 1 0 1 "Burglary"
0 68 34 99 103 813 1 0 1 "Burglary"
0 68 34 99 103 814 1 0 1 "Burglary"
0 68 34 99 103 815 1 0 1 "Burglary"
0 68 34 99 103 816 1 0 1 "Burglary"
0 68 34 99 103 817 1 0 1 "Burglary"
0 68 34 99 103 818 1 0 1 "Burglary"
0 68 34 99 103 819 1 0 1 "Burglary"
0 68 34 99 103 820 1 0 1 "Burglary"
0 68 34 99 103 821 1 0 1 "Burglary"
0 68 34 99 103 822 1 0 1 "Burglary"
0 68 34 99 103 823 1 0 1 "Burglary"
0 68 34 99 103 824 1 0 1 "Burglary"
0 68 34 99 103 825 1 0 1 "Burglary"
0 68 34 99 103 826 1 0 1 "Burglary"
0 68 34 99 103 827 1 0 1 "Burglary"
0 68 34 99 103 828 1 0 1 "Burglary"
0 68 34 99 103 829 1 0 1 "Burglary"
0 68 34 99 103 830 1 0 1 "Burglary"
0 68 34 99 103 831 1 0 1 "Burglary"
0 68 34 99 103 832 1 0 1 "Burglary"
0 68 34 99 103 833 1 0 1 "Burglary"
0 68 34 99 103 834 1 0 1 "Burglary"
0 68 34 99 103 835 1 0 1 "Burglary"
0 68 34 99 103 836 1 0 1 "Burglary"
0 68 34 99 103 837 1 0 1 "Burglary"
0 68 34 99 103 838 1 0 1 "Burglary"
0 68 34 99 103 839 1 0 1 "Burglary"
0 68 34 99 103 840 1 0 1 "Burglary"
0 68 34 99 103 841 1 0 1 "Burglary"
0 68 34 99 103 842 1 0 1 "Burglary"
0 68 34 99 103 843 1 0 1 "Burglary"
0 68 34 99 103 844 1 0 1 "Burglary"
0 68 34 99 103 845 1 0 1 "Burglary"
0 68 34 99 103 846 1 0 1 "Burglary"
0 68 34 99 103 847 1 0 1 "Burglary"
0 68 34 99 103 848 1 0 1 "Burglary"
0 68 34 99 103 849 1 0 1 "Burglary"
0 68 34 99 103 850 1 0 1 "Burglary"
0 68 34 99 103 851 1 0 1 "Burglary"
0 68 34 99 103 852 1 0 1 "Burglary"
0 68 34 99 103 853 1 0 1 "Burglary"
0 68 34 99 103 854 1 0 1 "Burglary"
0 68 34 99 103 855 1 0 1 "Burglary"
0 68 34 99 103 856 1 0 1 "Burglary"
0 68 34 99 103 857 1 0 1 "Burglary"
0 68 34 99 103 858 1 0 1 "Burglary"
0 68 34 99 103 859 1 0 1 "Burglary"
0 68 34 99 103 860 1 0 1 "Burglary"
0 68 34 99 103 861 1 0 1 "Burglary"
0 68 34 99 103 862 1 0 1 "Burglary"
0 68 34 99 103 863 1 0 1 "Burglary"
0 68 34 99 103 864 1 0 1 "Burglary"
0 68 34 99 103 865 1 0 1 "Burglary"
0 68 34 99 103 866 1 0 1 "Burglary"
0 68 34 99 103 867 1 0 1 "Burglary"
0 68 34 99 103 868 1 0 1 "Burglary"
0 68 34 99 103 869 1 0 1 "Burglary"
0 68 34 99 103 870 1 0 1 "Burglary"
0 68 34 99 103 871 1 0 1 "Burglary"
0 68 34 99 103 872 1 0 1 "Burglary"
0 68 34 99 103 873 1 0 1 "Burglary"
0 68 34 99 103 874 1 0 1 "Burglary"
0 68 34 99 103 875 1 0 1 "Burglary"
0 68 34 99 103 876 1 0 1 "Burglary"
0 68 34 99 103 877 1 0 1 "Burglary"
0 68 34 99 103 878 1 0 1 "Burglary"
0 68 34 99 103 879 1 0 1 "Burglary"
0 68 34 99 103 880 1 0 1 "Burglary"
0 68 34 99 103 881 1 0 1 "Burglary"
0 68 34 99 103 882 1 0 1 "Burglary"
0 68 34 99 103 883 1 0 1 "Burglary"
0 68 34 99 103 884 1 0 1 "Burglary"
0 68 34 99 103 885 1 0 1 "Burglary"
0 68 34 99 103 886 1 0 1 "Burglary"
0 68 34 99 103 887 1 0 1 "Burglary"
0 68 34 99 103 888 1 0 1 "Burglary"
0 68 34 99 103 889 1 0 1 "Burglary"
0 68 34 99 103 890 1 0 1 "Burglary"
0 68 34 99 103 891 1 0 1 "Burglary"
0 68 34 99 103 892 1 0 1 "Burglary"
0 68 34 99 103 893 1 0 1 "Burglary"
0 68 34 99 103 894 1 0 1 "Burglary"
0 68 34 99 103 895 1 0 1 "Burglary"
0 68 34 99 103 896 1 0 1 "Burglary"
0 68 34 99 103 897 1 0 1 "Burglary"
0 68 34 99 103 898 1 0 1 "Burglary"
0 68 34 99 103 899 1 0 1 "Burglary"
0 68 34 99 103 900 1 0 1 "Burglary"
0 68 34 99 103 901 1 0 1 "Burglary"
0 68 34 99 103 902 1 0 1 "Burglary"
0 68 34 99 103 903 1 0 1 "Burglary"
0 68 34 99 103 904 1 0 1 "Burglary"
0 68 34 99 103 905 1 0 1 "Burglary"
0 68 34 99 103 906 1 0 1 "Burglary"
0 68 34 99 103 907 1 0 1 "Burglary"
0 68 34 99 103 908 1 0 1 "Burglary"
0 68 34 99 103 909 1 0 1 "Burglary"
0 68 34 99 103 910 1 0 1 "Burglary"
0 68 34 99 103 911 1 0 1 "Burglary"
0 68 34 99 103 912 1 0 1 "Burglary"
0 68 34 99 103 913 1 0 1 "Burglary"
0 68 34 99 103 914 1 0 1 "Burglary"
0 68 34 99 103 915 1 0 1 "Burglary"
0 68 34 99 103 916 1 0 1 "Burglary"
0 68 34 99 103 917 1 0 1 "Burglary"
0 68 34 99 103 918 1 0 1 "Burglary"
0 68 34 99 103 919 1 0 1 "Burglary"
0 68 34 99 103 920 1 0 1 "Burglary"
0 68 34 99 103 921 1 0 1 "Burglary"
0 68 34 99 103 922 1 0 1 "Burglary"
0 68 34 99 103 923 1 0 1 "Burglary"
0 68 34 99 103 924 1 0 1 "Burglary"
0 68 34 99 103 925 1 0 1 "Burglary"
0 68 34 99 103 926 1 0 1 "Burglary"
0 68 34 99 103 927 1 0 1 "Burglary"
0 68 34 99 103 928 1 0 1 "Burglary"
0 68 34 99 103 929 1 0 1 "Burglary"
0 68 34 99 103 930 1 0 1 "Burglary"
0 68 34 99 103 931 1 0 1 "Burglary"
0 68 34 99 103 932 1 0 1 "Burglary"
0 68 34 99 103 933 1 0 1 "Burglary"
0 68 34 99 103 934 1 0 1 "Burglary"
0 68 34 99 103 935 1 0 1 "Burglary"
0 68 34 99 103 936 1 0 1 "Burglary"
0 68 34 99 103 937 1 0 1 "Burglary"
0 68 34 99 103 938 1 0 1 "Burglary"
0 68 34 99 103 939 1 0 1 "Burglary"
0 68 34 99 103 940 1 0 1 "Burglary"
0 68 34 99 103 941 1 0 1 "Burglary"
0 68 34 99 103 942 1 0 1 "Burglary"
0 68 34 99 103 943 1 0 1 "Burglary"
0 68 34 99 103 944 1 0 1 "Burglary"
0 68 34 99 103 945 1 0 1 "Burglary"
0 68 34 99 103 946 1 0 1 "Burglary"
0 68 34 99 103 947 1 0 1 "Burglary"
0 68 34 99 103 948 1 0 1 "Burglary"
0 68 34 99 103 949 1 0 1 "Burglary"
0 68 34 99 103 950 1 0 1 "Burglary"
0 68 34 99 103 951 1 0 1 "Burglary"
0 68 34 99 103 952 1 0 1 "Burglary"
0 68 34 99 103 953 1 0 1 "Burglary"
0 68 34 99 103 954 1 0 1 "Burglary"
0 68 34 99 103 955 1 0 1 "Burglary"
0 68 34 99 103 956 1 0 1 "Burglary"
0 68 34 99 103 957 1 0 1 "Burglary"
0 68 34 99 103 958 1 0 1 "Burglary"
0 68 34 99 103 959 1 0 1 "Burglary"
0 68 34 99 103 960 1 0 1 "Burglary"
0 68 34 99 103 961 1 0 1 "Burglary"
0 68 34 99 103 962 1 0 1 "Burglary"
0 68 34 99 103 963 1 0 1 "Burglary"
0 68 34 99 103 964 1 0 1 "Burglary"
0 68 34 99 103 965 1 0 1 "Burglary"
0 68 34 99 103 966 1 0 1 "Burglary"
0 68 34 99 103 967 1 0 1 "Burglary"
0 68 34 99 103 968 1 0 1 "Burglary"
0 68 34 99 103 969 1 0 1 "Burglary"
0 68 34 99 103 970 1 0 1 "Burglary"
0 68 34 99 103 971 1 0 1 "Burglary"
0 68 34 99 103 972 1 0 1 "Burglary"
0 68 34 99 103 973 1 0 1 "Burglary"
0 68 34 99 103 974 1 0 1 "Burglary"
0 68 34 99 103 975 1 0 1 "Burglary"
0 68 34 99 103 976 1 0 1 "Burglary"
0 68 34 99 103 977 1 0 1 "Burglary"
0 68 34 99 103 978 1 0 1 "Burglary"
0 68 34 99 103 979 1 0 1 "Burglary"
0 68 34 99 103 980 1 0 1 "Burglary"
0 68 34 99 103 981 1 0 1 "Burglary"
0 68 34 99 103 982 1 0 1 "Burglary"
0 68 34 99 103 983 1 0 1 "Burglary"
0 68 34 99 103 984 1 0 1 "Burglary"
0 68 34 99 103 985 1 0 1 "Burglary"
0 68 34 99 103 986 1 0 1 "Burglary"
0 68 34 99 103 987 1 0 1 "Burglary"
0 68 34 99 103 988 1 0 1 "Burglary"
0 68 34 99 103 989 1 0 1 "Burglary"
0 68 34 99 103 990 1 0 1 "Burglary"
0 68 34 99 103 991 1 0 1 "Burglary"
0 68 34 99 103 992 1 0 1 "Burglary"
0 68 34 99 103 993 1 0 1 "Burglary"
0 68 34 99 103 994 1 0 1 "Burglary"
0 68 34 99 103 995 1 0 1 "Burglary"
0 68 34 99 103 996 1 0 1 "Burglary"
0 68 34 99 103 997 1 0 1 "Burglary"
0 68 34 99 103 998 1 0 1 "Burglary"
0 68 34 99 103 999 1 0 1 "Burglary"
0 68 34 99 103 1000 1 0 1 "Burglary"
0 68 34 99 103 1001 1 0 1 "Burglary"
0 68 34 99 103 1002 1 0 1 "Burglary"
0 68 34 99 103 1003 1 0 1 "Burglary"
0 68 34 99 103 1004 1 0 1 "Burglary"
0 68 34 99 103 1005 1 0 1 "Burglary"
0 68 34 99 103 1006 1 0 1 "Burglary"
0 68 34 99 103 1007 1 0 1 "Burglary"
0 68 34 99 103 1008 1 0 1 "Burglary"
0 68 34 99 103 1009 1 0 1 "Burglary"
0 68 34 99 103 1010 1 0 1 "Burglary"
0 68 34 99 103 1011 1 0 1 "Burglary"
0 68 34 99 103 1012 1 0 1 "Burglary"
0 68 34 99 103 1013 1 0 1 "Burglary"
0 68 34 99 103 1014 1 0 1 "Burglary"
0 68 34 99 103 1015 1 0 1 "Burglary"
0 68 34 99 103 1016 1 0 1 "Burglary"
0 68 34 99 103 1017 1 0 1 "Burglary"
0 68 34 99 103 1018 1 0 1 "Burglary"
0 68 34 99 103 1019 1 0 1 "Burglary"
0 68 34 99 103 1020 1 0 1 "Burglary"
0 68 34 99 103 1021 1 0 1 "Burglary"
0 68 34 99 103 1022 1 0 1 "Burglary"
0 68 34 99 103 1023 1 0 1 "Burglary"
0 68 34 99 103 1024 1 0 1 "Burglary"
0 68 34 99 103 1025 1 0 1 "Burglary"
0 68 34 99 103 1026 1 0 1 "Burglary"
0 68 34 99 103 1027 1 0 1 "Burglary"
0 68 34 99 103 1028 1 0 1 "Burglary"
0 68 34 99 103 1029 1 0 1 "Burglary"
0 68 34 99 103 1030 1 0 1 "Burglary"
0 68 34 99 103 1031 1 0 1 "Burglary"
0 68 34 99 103 1032 1 0 1 "Burglary"
0 68 34 99 103 1033 1 0 1 "Burglary"
0 68 34 99 103 1034 1 0 1 "Burglary"
0 68 34 99 103 1035 1 0 1 "Burglary"
0 68 34 99 103 1036 1 0 1 "Burglary"
0 68 34 99 103 1037 1 0 1 "Burglary"
0 68 34 99 103 1038 1 0 1 "Burglary"
0 68 34 99 103 1039 1 0 1 "Burglary"
0 68 34 99 103 1040 1 0 1 "Burglary"
0 68 34 99 103 1041 1 0 1 "Burglary"
0 68 34 99 103 1042 1 0 1 "Burglary"
0 68 34 99 103 1043 1 0 1 "Burglary"
0 68 34 99 103 1044 1 0 1 "Burglary"
0 68 34 99 103 1045 1 0 1 "Burglary"
0 68 34 99 103 1046 1 0 1 "Burglary"
0 68 34 99 103 1047 1 0 1 "Burglary"
0 68 34 99 103 1048 1 0 1 "Burglary"
0 68 34 99 103 1049 1 0 1 "Burglary"
0 68 34 99 103 1050 1 0 1 "Burglary"
0 68 34 99 103 1051 1 0 1 "Burglary"
0 68 34 99 103 1052 1 0 1 "Burglary"
0 68 34 99 103 1053 1 0 1 "Burglary"
0 68 34 99 103 1054 1 0 1 "Burglary"
0 68 34 99 103 1055 1 0 1 "Burglary"
0 68 34 99 103 1056 1 0 1 "Burglary"
0 68 34 99 103 1057 1 0 1 "Burglary"
0 68 34 99 103 1058 1 0 1 "Burglary"
0 68 34 99 103 1059 1 0 1 "Burglary"
0 68 34 99 103 1060 1 0 1 "Burglary"
0 68 34 99 103 1061 1 0 1 "Burglary"
0 68 34 99 103 1062 1 0 1 "Burglary"
0 68 34 99 103 1063 1 0 1 "Burglary"
0 68 34 99 103 1064 1 0 1 "Burglary"
0 68 34 99 103 1065 1 0 1 "Burglary"
0 68 34 99 103 1066 1 0 1 "Burglary"
0 68 34 99 103 1067 1 0 1 "Burglary"
0 68 34 99 103 1068 1 0 1 "Burglary"
0 68 34 99 103 1069 1 0 1 "Burglary"
0 68 34 99 103 1070 1 0 1 "Burglary"
0 68 34 99 103 1071 1 0 1 "Burglary"
0 68 34 99 103 1072 1 0 1 "Burglary"
0 68 34 99 103 1073 1 0 1 "Burglary"
0 68 34 99 103 1074 1 0 1 "Burglary"
0 68 34 99 103 1075 1 0 1 "Burglary"
0 68 34 99 103 1076 1 0 1 "Burglary"
0 68 34 99 103 1077 1 0 1 "Burglary"
0 68 34 99 103 1078 1 0 1 "Burglary"
0 68 34 99 103 1079 1 0 1 "Burglary"
0 68 34 99 103 1080 1 0 1 "Burglary"
0 68 34 99 103 1081 1 0 1 "Burglary"
0 68 34 99 103 1082 1 0 1 "Burglary"
0 68 34 99 103 1083 1 0 1 "Burglary"
0 68 34 99 103 1084 1 0 1 "Burglary"
0 68 34 99 103 1085 1 0 1 "Burglary"
0 68 34 99 103 1086 1 0 1 "Burglary"
0 68 34 99 103 1087 1 0 1 "Burglary"
0 68 34 99 103 1088 1 0 1 "Burglary"
0 68 34 99 103 1089 1 0 1 "Burglary"
0 68 34 99 103 1090 1 0 1 "Burglary"
0 68 34 99 103 1091 1 0 1 "Burglary"
0 68 34 99 103 1092 1 0 1 "Burglary"
0 68 34 99 103 1093 1 0 1 "Burglary"
0 68 34 99 103 1094 1 0 1 "Burglary"
0 68 34 99 103 1095 1 0 1 "Burglary"
0 68 34 99 103 1096 1 0 1 "Burglary"
0 68 34 99 103 1097 1 0 1 "Burglary"
0 68 34 99 103 1098 1 0 1 "Burglary"
0 68 34 99 103 1099 1 0 1 "Burglary"
0 68 34 99 103 1100 1 0 1 "Burglary"
0 68 34 99 103 1101 1 0 1 "Burglary"
0 68 34 99 103 1102 1 0 1 "Burglary"
0 68 34 99 103 1103 1 0 1 "Burglary"
0 68 34 99 103 1104 1 0 1 "Burglary"
0 68 34 99 103 1105 1 0 1 "Burglary"
0 68 34 99 103 1106 1 0 1 "Burglary"
0 68 34 99 103 1107 1 0 1 "Burglary"
0 68 34 99 103 1108 1 0 1 "Burglary"
0 68 34 99 103 1109 1 0 1 "Burglary"
0 68 34 99 103 1110 1 0 1 "Burglary"
0 68 34 99 103 1111 1 0 1 "Burglary"
0 68 34 99 103 1112 1 0 1 "Burglary"
0 68 34 99 103 1113 1 0 1 "Burglary"
0 68 34 99 103 1114 1 0 1 "Burglary"
0 68 34 99 103 1115 1 0 1 "Burglary"
0 68 34 99 103 1116 1 0 1 "Burglary"
0 68 34 99 103 1117 1 0 1 "Burglary"
0 68 34 99 103 1118 1 0 1 "Burglary"
0 68 34 99 103 1119 1 0 1 "Burglary"
0 68 34 99 103 1120 1 0 1 "Burglary"
0 68 34 99 103 1121 1 0 1 "Burglary"
0 68 34 99 103 1122 1 0 1 "Burglary"
0 68 34 99 103 1123 1 0 1 "Burglary"
0 68 34 99 103 1124 1 0 1 "Burglary"
0 68 34 99 103 1125 1 0 1 "Burglary"
0 68 34 99 103 1126 1 0 1 "Burglary"
0 68 34 99 103 1127 1 0 1 "Burglary"
0 68 34 99 103 1128 1 0 1 "Burglary"
0 68 34 99 103 1129 1 0 1 "Burglary"
0 68 34 99 103 1130 1 0 1 "Burglary"
0 68 34 99 103 1131 1 0 1 "Burglary"
0 68 34 99 103 1132 1 0 1 "Burglary"
0 68 34 99 103 1133 1 0 1 "Burglary"
0 68 34 99 103 1134 1 0 1 "Burglary"
0 68 34 99 103 1135 1 0 1 "Burglary"
0 68 34 99 103 1136 1 0 1 "Burglary"
0 68 34 99 103 1137 1 0 1 "Burglary"
0 68 34 99 103 1138 1 0 1 "Burglary"
0 68 34 99 103 1139 1 0 1 "Burglary"
0 68 34 99 103 1140 1 0 1 "Burglary"
0 68 34 99 103 1141 1 0 1 "Burglary"
0 68 34 99 103 1142 1 0 1 "Burglary"
0 68 34 99 103 1143 1 0 1 "Burglary"
0 68 34 99 103 1144 1 0 1 "Burglary"
0 68 34 99 103 1145 1 0 1 "Burglary"
0 68 34 99 103 1146 1 0 1 "Burglary"
0 68 34 99 103 1147 1 0 1 "Burglary"
0 68 34 99 103 1148 1 0 1 "Burglary"
0 68 34 99 103 1149 1 0 1 "Burglary"
0 68 34 99 103 1150 1 0 1 "Burglary"
0 68 34 99 103 1151 1 0 1 "Burglary"
0 68 34 99 103 1152 1 0 1 "Burglary"
0 68 34 99 103 1153 1 0 1 "Burglary"
0 68 34 99 103 1154 1 0 1 "Burglary"
0 68 34 99 103 1155 1 0 1 "Burglary"
0 68 34 99 103 1156 1 0 1 "Burglary"
0 68 34 99 103 1157 1 0 1 "Burglary"
0 68 34 99 103 1158 1 0 1 "Burglary"
0 68 34 99 103 1159 1 0 1 "Burglary"
0 68 34 99 103 1160 1 0 1 "Burglary"
0 68 34 99 103 1161 1 0 1 "Burglary"
0 68 34 99 103 1162 1 0 1 "Burglary"
0 68 34 99 103 1163 1 0 1 "Burglary"
0 68 34 99 103 1164 1 0 1 "Burglary"
0 68 34 99 103 1165 1 0 1 "Burglary"
0 68 34 99 103 1166 1 0 1 "Burglary"
0 68 34 99 103 1167 1 0 1 "Burglary"
0 68 34 99 103 1168 1 0 1 "Burglary"
0 68 34 99 103 1169 1 0 1 "Burglary"
0 68 34 99 103 1170 1 0 1 "Burglary"
0 68 34 99 103 1171 1 0 1 "Burglary"
0 68 34 99 103 1172 1 0 1 "Burglary"
0 68 34 99 103 1173 1 0 1 "Burglary"
0 68 34 99 103 1174 1 0 1 "Burglary"
0 68 34 99 103 1175 1 0 1 "Burglary"
0 68 34 99 103 1176 1 0 1 "Burglary"
0 68 34 99 103 1177 1 0 1 "Burglary"
0 68 34 99 103 1178 1 0 1 "Burglary"
0 68 34 99 103 1179 1 0 1 "Burglary"
0 68 34 99 103 1180 1 0 1 "Burglary"
0 68 34 99 103 1181 1 0 1 "Burglary"
0 68 34 99 103 1182 1 0 1 "Burglary"
0 68 34 99 103 1183 1 0 1 "Burglary"
0 68 34 99 103 1184 1 0 1 "Burglary"
0 68 34 99 103 1185 1 0 1 "Burglary"
0 68 34 99 103 1186 1 0 1 "Burglary"
0 68 34 99 103 1187 1 0 1 "Burglary"
0 68 34 99 103 1188 1 0 1 "Burglary"
0 68 34 99 103 1189 1 0 1 "Burglary"
0 68 34 99 103 1190 1 0 1 "Burglary"
0 68 34 99 103 1191 1 0 1 "Burglary"
0 68 34 99 103 1192 1 0 1 "Burglary"
0 68 34 99 103 1193 1 0 1 "Burglary"
0 68 34 99 103 1194 1 0 1 "Burglary"
0 68 34 99 103 1195 1 0 1 "Burglary"
0 68 34 99 103 1196 1 0 1 "Burglary"
0 68 34 99 103 1197 1 0 1 "Burglary"
0 68 34 99 103 1198 1 0 1 "Burglary"
0 68 34 99 103 1199 1 0 1 "Burglary"
0 68 34 99 103 1200 1 0 1 "Burglary"
0 68 34 99 103 1201 1 0 1 "Burglary"
0 68 34 99 103 1202 1 0 1 "Burglary"
0 68 34 99 103 1203 1 0 1 "Burglary"
0 68 34 99 103 1204 1 0 1 "Burglary"
0 68 34 99 103 1205 1 0 1 "Burglary"
0 68 34 99 103 1206 1 0 1 "Burglary"
0 68 34 99 103 1207 1 0 1 "Burglary"
0 68 34 99 103 1208 1 0 1 "Burglary"
0 68 34 99 103 1209 1 0 1 "Burglary"
0 68 34 99 103 1210 1 0 1 "Burglary"
0 68 34 99 103 1211 1 0 1 "Burglary"
0 68 34 99 103 1212 1 0 1 "Burglary"
0 68 34 99 103 1213 1 0 1 "Burglary"
0 68 34 99 103 1214 1 0 1 "Burglary"
0 68 34 99 103 1215 1 0 1 "Burglary"
0 68 34 99 103 1216 1 0 1 "Burglary"
0 68 34 99 103 1217 1 0 1 "Burglary"
0 68 34 99 103 1218 1 0 1 "Burglary"
0 68 34 99 103 1219 1 0 1 "Burglary"
0 68 34 99 103 1220 1 0 1 "Burglary"
0 68 34 99 103 1221 1 0 1 "Burglary"
0 68 34 99 103 1222 1 0 1 "Burglary"
0 68 34 99 103 1223 1 0 1 "Burglary"
0 68 34 99 103 1224 1 0 1 "Burglary"
0 68 34 99 103 1225 1 0 1 "Burglary"
0 68 34 99 103 1226 1 0 1 "Burglary"
0 68 34 99 103 1227 1 0 1 "Burglary"
0 68 34 99 103 1228 1 0 1 "Burglary"
0 68 34 99 103 1229 1 0 1 "Burglary"
0 68 34 99 103 1230 1 0 1 "Burglary"
0 68 34 99 103 1231 1 0 1 "Burglary"
0 68 34 99 103 1232 1 0 1 "Burglary"
0 68 34 99 103 1233 1 0 1 "Burglary"
0 68 34 99 103 1234 1 0 1 "Burglary"
0 68 34 99 103 1235 1 0 1 "Burglary"
0 68 34 99 103 1236 1 0 1 "Burglary"
0 68 34 99 103 1237 1 0 1 "Burglary"
0 68 34 99 103 1238 1 0 1 "Burglary"
0 68 34 99 103 1239 1 0 1 "Burglary"
0 68 34 99 103 1240 1 0 1 "Burglary"
0 68 34 99 103 1241 1 0 1 "Burglary"
0 68 34 99 103 1242 1 0 1 "Burglary"
0 68 34 99 103 1243 1 0 1 "Burglary"
0 68 34 99 103 1244 1 0 1 "Burglary"
0 68 34 99 103 1245 1 0 1 "Burglary"
0 68 34 99 103 1246 1 0 1 "Burglary"
0 68 34 99 103 1247 1 0 1 "Burglary"
0 68 34 99 103 1248 1 0 1 "Burglary"
0 68 34 99 103 1249 1 0 1 "Burglary"
0 68 34 99 103 1250 1 0 1 "Burglary"
0 68 34 99 103 1251 1 0 1 "Burglary"
0 68 34 99 103 1252 1 0 1 "Burglary"
0 68 34 99 103 1253 1 0 1 "Burglary"
0 68 34 99 103 1254 1 0 1 "Burglary"
0 68 34 99 103 1255 1 0 1 "Burglary"
0 68 34 99 103 1256 1 0 1 "Burglary"
0 68 34 99 103 1257 1 0 1 "Burglary"
0 68 34 99 103 1258 1 0 1 "Burglary"
0 68 34 99 103 1259 1 0 1 "Burglary"
0 68 34 99 103 1260 1 0 1 "Burglary"
0 68 34 99 103 1261 1 0 1 "Burglary"
0 68 34 99 103 1262 1 0 1 "Burglary"
0 68 34 99 103 1263 1 0 1 "Burglary"
0 68 34 99 103 1264 1 0 1 "Burglary"
0 68 34 99 103 1265 1 0 1 "Burglary"
0 68 34 99 103 1266 1 0 1 "Burglary"
0 68 34 99 103 1267 1 0 1 "Burglary"
0 68 34 99 103 1268 1 0 1 "Burglary"
0 68 34 99 103 1269 1 0 1 "Burglary"
0 68 34 99 103 1270 1 0 1 "Burglary"
0 68 34 99 103 1271 1 0 1 "Burglary"
0 68 34 99 103 1272 1 0 1 "Burglary"
0 68 34 99 103 1273 1 0 1 "Burglary"
0 68 34 99 103 1274 1 0 1 "Burglary"
0 68 34 99 103 1275 1 0 1 "Burglary"
0 68 34 99 103 1276 1 0 1 "Burglary"
0 68 34 99 103 1277 1 0 1 "Burglary"
0 68 34 99 103 1278 1 0 1 "Burglary"
0 68 34 99 103 1279 1 0 1 "Burglary"
0 68 34 99 103 1280 1 0 1 "Burglary"
0 68 34 99 103 1281 1 0 1 "Burglary"
0 68 34 99 103 1282 1 0 1 "Burglary"
0 68 34 99 103 1283 1 0 1 "Burglary"
0 68 34 99 103 1284 1 0 1 "Burglary"
0 68 34 99 103 1285 1 0 1 "Burglary"
0 68 34 99 103 1286 1 0 1 "Burglary"
0 68 34 99 103 1287 1 0 1 "Burglary"
0 68 34 99 103 1288 1 0 1 "Burglary"
0 68 34 99 103 1289 1 0 1 "Burglary"
0 68 34 99 103 1290 1 0 1 "Burglary"
0 68 34 99 103 1291 1 0 1 "Burglary"
0 68 34 99 103 1292 1 0 1 "Burglary"
0 68 34 99 103 1293 1 0 1 "Burglary"
0 68 34 99 103 1294 1 0 1 "Burglary"
0 68 34 99 103 1295 1 0 1 "Burglary"
0 68 34 99 103 1296 1 0 1 "Burglary"
0 68 34 99 103 1297 1 0 1 "Burglary"
0 68 34 99 103 1298 1 0 1 "Burglary"
0 68 34 99 103 1299 1 0 1 "Burglary"
0 68 34 99 103 1300 1 0 1 "Burglary"
0 68 34 99 103 1301 1 0 1 "Burglary"
0 68 34 99 103 1302 1 0 1 "Burglary"
0 68 34 99 103 1303 1 0 1 "Burglary"
0 68 34 99 103 1304 1 0 1 "Burglary"
0 68 34 99 103 1305 1 0 1 "Burglary"
0 68 34 99 103 1306 1 0 1 "Burglary"
0 68 34 99 103 1307 1 0 1 "Burglary"
0 68 34 99 103 1308 1 0 1 "Burglary"
0 68 34 99 103 1309 1 0 1 "Burglary"
0 68 34 99 103 1310 1 0 1 "Burglary"
0 68 34 99 103 1311 1 0 1 "Burglary"
0 68 34 99 103 1312 1 0 0 "Burglary"
