0 40 35 210 178 0 1 0 0 "Burglary"
0 40 35 210 178 1 1 0 1 "Burglary"
0 40 35 210 178 2 1 0 1 "Burglary"
0 40 35 210 178 3 1 0 1 "Burglary"
0 40 35 210 178 4 1 0 1 "Burglary"
0 40 35 210 178 5 1 0 1 "Burglary"
0 40 35 210 178 6 1 0 1 "Burglary"
0 40 35 210 178 7 1 0 1 "Burglary"
0 40 35 210 178 8 1 0 1 "Burglary"
0 40 35 210 178 9 1 0 1 "Burglary"
0 40 35 210 178 10 1 0 1 "Burglary"
0 40 35 210 178 11 1 0 1 "Burglary"
0 40 35 210 178 12 1 0 1 "Burglary"
0 40 35 210 178 13 1 0 1 "Burglary"
0 40 35 210 178 14 1 0 1 "Burglary"
0 40 35 210 178 15 1 0 1 "Burglary"
0 40 35 210 178 16 1 0 1 "Burglary"
0 40 35 210 178 17 1 0 1 "Burglary"
0 40 35 210 178 18 1 0 1 "Burglary"
0 40 35 210 178 19 1 0 1 "Burglary"
0 40 35 210 178 20 1 0 1 "Burglary"
0 40 35 210 178 21 1 0 1 "Burglary"
0 40 35 210 178 22 1 0 1 "Burglary"
0 40 35 210 178 23 1 0 1 "Burglary"
0 40 35 210 178 24 1 0 1 "Burglary"
0 40 35 210 178 25 1 0 1 "Burglary"
0 40 35 210 178 26 1 0 1 "Burglary"
0 40 35 210 178 27 1 0 1 "Burglary"
0 40 35 210 178 28 1 0 1 "Burglary"
0 40 35 210 178 29 1 0 1 "Burglary"
0 40 35 210 178 30 1 0 1 "Burglary"
0 40 35 210 178 31 1 0 1 "Burglary"
0 40 35 210 178 32 1 0 1 "Burglary"
0 40 35 210 178 33 1 0 1 "Burglary"
0 40 35 210 178 34 1 0 1 "Burglary"
0 40 35 210 178 35 1 0 1 "Burglary"
0 40 35 210 178 36 1 0 1 "Burglary"
0 40 35 210 178 37 1 0 1 "Burglary"
0 40 35 210 178 38 1 0 1 "Burglary"
0 40 35 210 178 39 1 0 1 "Burglary"
0 40 35 210 178 40 1 0 1 "Burglary"
0 40 35 210 178 41 1 0 1 "Burglary"
0 40 35 210 178 42 1 0 1 "Burglary"
0 40 35 210 178 43 1 0 1 "Burglary"
0 40 35 210 178 44 1 0 1 "Burglary"
0 40 35 210 178 45 1 0 1 "Burglary"
0 40 35 210 178 46 1 0 1 "Burglary"
0 40 35 210 178 47 1 0 1 "Burglary"
0 40 35 210 178 48 1 0 1 "Burglary"
0 40 35 210 178 49 1 0 1 "Burglary"
0 40 35 210 178 50 1 0 1 "Burglary"
0 40 35 210 178 51 1 0 1 "Burglary"
0 40 35 210 178 52 1 0 1 "Burglary"
0 40 35 210 178 53 1 0 1 "Burglary"
0 40 35 210 178 54 1 0 1 "Burglary"
0 40 35 210 178 55 1 0 1 "Burglary"
0 40 35 210 178 56 1 0 1 "Burglary"
0 40 35 210 178 57 1 0 1 "Burglary"
0 40 35 210 178 58 1 0 1 "Burglary"
0 40 35 210 178 59 1 0 1 "Burglary"
0 40 35 210 178 60 1 0 1 "Burglary"
0 40 35 210 178 61 1 0 1 "Burglary"
0 40 35 210 178 62 1 0 1 "Burglary"
0 40 35 210 178 63 1 0 1 "Burglary"
0 40 35 210 178 64 1 0 1 "Burglary"
0 40 35 210 178 65 1 0 1 "Burglary"
0 40 35 210 178 66 1 0 1 "Burglary"
0 40 35 210 178 67 1 0 1 "Burglary"
0 40 35 210 178 68 1 0 1 "Burglary"
0 40 35 210 178 69 1 0 1 "Burglary"
0 40 35 210 178 70 1 0 1 "Burglary"
0 40 35 210 178 71 1 0 1 "Burglary"
0 40 35 210 178 72 1 0 1 "Burglary"
0 40 35 210 178 73 1 0 1 "Burglary"
0 40 35 210 178 74 1 0 1 "Burglary"
0 40 35 210 178 75 1 0 1 "Burglary"
0 40 35 210 178 76 1 0 1 "Burglary"
0 40 35 210 178 77 1 0 1 "Burglary"
0 40 35 210 178 78 1 0 1 "Burglary"
0 40 35 210 178 79 1 0 1 "Burglary"
0 40 35 210 178 80 1 0 1 "Burglary"
0 40 35 210 178 81 1 0 1 "Burglary"
0 40 35 210 178 82 1 0 1 "Burglary"
0 40 35 210 178 83 1 0 1 "Burglary"
0 40 35 210 178 84 1 0 1 "Burglary"
0 40 35 210 178 85 1 0 1 "Burglary"
0 40 35 210 178 86 1 0 1 "Burglary"
0 40 35 210 178 87 1 0 1 "Burglary"
0 40 35 210 178 88 1 0 1 "Burglary"
0 40 35 210 178 89 1 0 1 "Burglary"
0 40 35 210 178 90 1 0 1 "Burglary"
0 40 35 210 178 91 1 0 1 "Burglary"
0 40 35 210 178 92 1 0 1 "Burglary"
0 40 35 210 178 93 1 0 1 "Burglary"
0 40 35 210 178 94 1 0 1 "Burglary"
0 40 35 210 178 95 1 0 1 "Burglary"
0 40 35 210 178 96 1 0 1 "Burglary"
0 40 35 210 178 97 1 0 1 "Burglary"
0 40 35 210 178 98 1 0 1 "Burglary"
0 40 35 210 178 99 1 0 1 "Burglary"
0 40 35 210 178 100 1 0 1 "Burglary"
0 40 35 210 178 101 1 0 1 "Burglary"
0 40 35 210 178 102 1 0 1 "Burglary"
0 40 35 210 178 103 1 0 1 "Burglary"
0 40 35 210 178 104 1 0 1 "Burglary"
0 40 35 210 178 105 1 0 1 "Burglary"
0 40 35 210 178 106 1 0 1 "Burglary"
0 40 35 210 178 107 1 0 1 "Burglary"
0 40 35 210 178 108 1 0 1 "Burglary"
0 40 35 210 178 109 1 0 1 "Burglary"
0 40 35 210 178 110 1 0 1 "Burglary"
0 40 35 210 178 111 1 0 1 "Burglary"
0 40 35 210 178 112 1 0 1 "Burglary"
0 40 35 210 178 113 1 0 1 "Burglary"
0 40 35 210 178 114 1 0 1 "Burglary"
0 40 35 210 178 115 1 0 1 "Burglary"
0 40 35 210 178 116 1 0 1 "Burglary"
0 40 35 210 178 117 1 0 1 "Burglary"
0 40 35 210 178 118 1 0 1 "Burglary"
0 40 35 210 178 119 1 0 1 "Burglary"
0 40 35 210 178 120 1 0 1 "Burglary"
0 40 35 210 178 121 1 0 1 "Burglary"
0 40 35 210 178 122 1 0 1 "Burglary"
0 40 35 210 178 123 1 0 1 "Burglary"
0 40 35 210 178 124 1 0 1 "Burglary"
0 40 35 210 178 125 1 0 1 "Burglary"
0 40 35 210 178 126 1 0 1 "Burglary"
0 40 35 210 178 127 1 0 1 "Burglary"
0 40 35 210 178 128 1 0 1 "Burglary"
0 40 35 210 178 129 1 0 1 "Burglary"
0 40 35 210 178 130 1 0 1 "Burglary"
0 40 35 210 178 131 1 0 1 "Burglary"
0 40 35 210 178 132 1 0 1 "Burglary"
0 40 35 210 178 133 1 0 1 "Burglary"
0 40 35 210 178 134 1 0 1 "Burglary"
0 40 35 210 178 135 1 0 1 "Burglary"
0 40 35 210 178 136 1 0 1 "Burglary"
0 40 35 210 178 137 1 0 1 "Burglary"
0 40 35 210 178 138 1 0 1 "Burglary"
0 40 35 210 178 139 1 0 1 "Burglary"
0 40 35 210 178 140 1 0 1 "Burglary"
0 40 35 210 178 141 1 0 1 "Burglary"
0 40 35 210 178 142 1 0 1 "Burglary"
0 40 35 210 178 143 1 0 1 "Burglary"
0 40 35 210 178 144 1 0 1 "Burglary"
0 40 35 210 178 145 1 0 1 "Burglary"
0 40 35 210 178 146 1 0 1 "Burglary"
0 40 35 210 178 147 1 0 1 "Burglary"
0 40 35 210 178 148 1 0 1 "Burglary"
0 40 35 210 178 149 1 0 1 "Burglary"
0 40 35 210 178 150 1 0 1 "Burglary"
0 40 35 210 178 151 1 0 1 "Burglary"
0 40 35 210 178 152 1 0 1 "Burglary"
0 40 35 210 178 153 1 0 1 "Burglary"
0 40 35 210 178 154 1 0 1 "Burglary"
0 40 35 210 178 155 1 0 1 "Burglary"
0 40 35 210 178 156 1 0 1 "Burglary"
0 40 35 210 178 157 1 0 1 "Burglary"
0 40 35 210 178 158 1 0 1 "Burglary"
0 40 35 210 178 159 0 0 0 "Burglary"
0 37 38 207 181 160 0 0 1 "Burglary"
0 34 42 204 185 161 0 0 1 "Burglary"
0 31 46 201 189 162 0 0 1 "Burglary"
0 28 50 198 193 163 0 0 0 "Burglary"
0 26 51 196 194 164 0 0 1 "Burglary"
0 24 53 194 196 165 0 0 1 "Burglary"
0 22 54 192 197 166 0 0 1 "Burglary"
0 21 56 191 199 167 0 0 1 "Burglary"
0 19 58 189 201 168 0 0 1 "Burglary"
0 17 59 187 202 169 0 0 1 "Burglary"
0 16 61 186 204 170 0 0 1 "Burglary"
0 14 62 184 205 171 0 0 1 "Burglary"
0 12 64 182 207 172 0 0 1 "Burglary"
0 11 66 181 209 173 0 0 0 "Burglary"
0 11 64 184 208 174 0 0 1 "Burglary"
0 11 63 188 208 175 0 0 1 "Burglary"
0 11 62 191 208 176 0 0 1 "Burglary"
0 11 60 195 208 177 0 0 1 "Burglary"
0 11 59 198 208 178 0 0 1 "Burglary"
0 11 58 202 208 179 0 0 1 "Burglary"
0 11 56 205 208 180 0 0 1 "Burglary"
0 11 55 209 208 181 0 0 1 "Burglary"
0 11 54 212 208 182 0 0 1 "Burglary"
0 11 53 216 208 183 0 0 0 "Burglary"
0 12 53 216 207 184 0 0 1 "Burglary"
0 13 53 216 207 185 0 0 1 "Burglary"
0 14 53 216 207 186 0 0 1 "Burglary"
0 15 53 216 207 187 0 0 1 "Burglary"
0 16 53 216 207 188 0 0 1 "Burglary"
0 17 53 216 207 189 0 0 1 "Burglary"
0 18 53 216 207 190 0 0 1 "Burglary"
0 19 53 216 207 191 0 0 1 "Burglary"
0 20 53 216 207 192 0 0 1 "Burglary"
0 22 53 216 207 193 0 0 0 "Burglary"
0 22 53 215 206 194 0 0 1 "Burglary"
0 22 53 215 206 195 0 0 1 "Burglary"
0 22 53 215 205 196 0 0 1 "Burglary"
0 22 53 215 205 197 0 0 1 "Burglary"
0 22 53 215 205 198 0 0 1 "Burglary"
0 23 53 215 204 199 0 0 1 "Burglary"
0 23 53 215 204 200 0 0 1 "Burglary"
0 23 53 215 204 201 0 0 1 "Burglary"
0 23 53 215 203 202 0 0 1 "Burglary"
0 23 53 215 203 203 0 0 1 "Burglary"
0 23 53 215 203 204 0 0 1 "Burglary"
0 24 53 215 202 205 0 0 1 "Burglary"
0 24 53 215 202 206 0 0 1 "Burglary"
0 24 53 215 202 207 0 0 1 "Burglary"
0 24 53 215 201 208 0 0 1 "Burglary"
0 24 53 215 201 209 0 0 1 "Burglary"
0 25 53 215 201 210 0 0 1 "Burglary"
0 25 53 215 200 211 0 0 1 "Burglary"
0 25 53 215 200 212 0 0 1 "Burglary"
0 25 53 215 200 213 0 0 1 "Burglary"
0 25 53 215 199 214 0 0 1 "Burglary"
0 25 53 215 199 215 0 0 1 "Burglary"
0 26 53 215 199 216 0 0 1 "Burglary"
0 26 53 215 198 217 0 0 1 "Burglary"
0 26 53 215 198 218 0 0 1 "Burglary"
0 26 53 215 198 219 0 0 1 "Burglary"
0 26 53 215 197 220 0 0 1 "Burglary"
0 27 53 215 197 221 0 0 1 "Burglary"
0 27 53 215 197 222 0 0 1 "Burglary"
0 27 53 215 196 223 0 0 1 "Burglary"
0 27 53 215 196 224 0 0 1 "Burglary"
0 27 53 215 196 225 0 0 1 "Burglary"
0 27 53 215 195 226 0 0 1 "Burglary"
0 28 53 215 195 227 0 0 1 "Burglary"
0 28 53 215 195 228 0 0 1 "Burglary"
0 28 53 215 194 229 0 0 1 "Burglary"
0 28 53 215 194 230 0 0 1 "Burglary"
0 28 53 215 194 231 0 0 1 "Burglary"
0 29 53 215 193 232 0 0 1 "Burglary"
0 29 53 215 193 233 0 0 1 "Burglary"
0 29 53 215 193 234 0 0 1 "Burglary"
0 29 53 215 192 235 0 0 1 "Burglary"
0 29 53 215 192 236 0 0 1 "Burglary"
0 29 53 215 192 237 0 0 1 "Burglary"
0 30 53 215 191 238 0 0 1 "Burglary"
0 30 53 215 191 239 0 0 1 "Burglary"
0 30 53 215 191 240 0 0 1 "Burglary"
0 30 53 215 190 241 0 0 1 "Burglary"
0 30 53 215 190 242 0 0 1 "Burglary"
0 31 53 215 190 243 0 0 0 "Burglary"
0 35 53 214 186 244 0 0 1 "Burglary"
0 39 53 214 182 245 0 0 1 "Burglary"
0 43 53 214 178 246 0 0 1 "Burglary"
0 47 53 214 174 247 0 0 1 "Burglary"
0 51 53 214 171 248 0 0 1 "Burglary"
0 55 53 214 167 249 0 0 1 "Burglary"
0 59 53 214 163 250 0 0 1 "Burglary"
0 63 53 214 159 251 0 0 1 "Burglary"
0 67 53 214 155 252 0 0 1 "Burglary"
0 72 53 214 152 253 0 0 0 "Burglary"
0 73 50 215 148 254 0 0 1 "Burglary"
0 75 48 217 145 255 0 0 1 "Burglary"
0 77 45 219 141 256 0 0 1 "Burglary"
0 79 43 221 138 257 0 0 1 "Burglary"
0 81 41 223 135 258 0 0 1 "Burglary"
0 83 38 224 131 259 0 0 1 "Burglary"
0 85 36 226 128 260 0 0 1 "Burglary"
0 87 33 228 124 261 0 0 1 "Burglary"
0 89 31 230 121 262 0 0 1 "Burglary"
0 91 29 232 118 263 1 0 0 "Burglary"
0 91 29 232 118 264 1 0 1 "Burglary"
0 91 29 232 118 265 1 0 1 "Burglary"
0 91 29 232 118 266 1 0 0 "Burglary"
0 90 29 231 118 267 1 0 1 "Burglary"
0 89 30 230 119 268 1 0 1 "Burglary"
0 89 31 229 120 269 1 0 1 "Burglary"
0 88 31 229 120 270 1 0 1 "Burglary"
0 87 32 228 121 271 1 0 1 "Burglary"
0 87 33 227 122 272 1 0 1 "Burglary"
0 86 34 226 122 273 1 0 1 "Burglary"
0 85 34 226 123 274 1 0 1 "Burglary"
0 85 35 225 124 275 1 0 1 "Burglary"
0 84 36 224 125 276 1 0 1 "Burglary"
0 84 36 223 125 277 1 0 1 "Burglary"
0 83 37 223 126 278 1 0 1 "Burglary"
0 82 38 222 127 279 1 0 1 "Burglary"
0 82 39 221 127 280 1 0 1 "Burglary"
0 81 39 221 128 281 1 0 1 "Burglary"
0 80 40 220 129 282 1 0 1 "Burglary"
0 80 41 219 130 283 1 0 1 "Burglary"
0 79 41 218 130 284 1 0 1 "Burglary"
0 79 42 218 131 285 1 0 1 "Burglary"
0 78 43 217 132 286 1 0 1 "Burglary"
0 77 44 216 132 287 1 0 1 "Burglary"
0 77 44 215 133 288 1 0 1 "Burglary"
0 76 45 215 134 289 1 0 1 "Burglary"
0 75 46 214 135 290 1 0 1 "Burglary"
0 75 47 213 135 291 1 0 1 "Burglary"
0 74 47 213 136 292 1 0 1 "Burglary"
0 74 48 212 137 293 1 0 1 "Burglary"
0 73 49 211 137 294 1 0 1 "Burglary"
0 72 49 210 138 295 1 0 1 "Burglary"
0 72 50 210 139 296 1 0 1 "Burglary"
0 71 51 209 140 297 1 0 1 "Burglary"
0 70 52 208 140 298 1 0 1 "Burglary"
0 70 52 207 141 299 1 0 1 "Burglary"
0 69 53 207 142 300 1 0 1 "Burglary"
0 69 54 206 142 301 1 0 1 "Burglary"
0 68 54 205 143 302 1 0 1 "Burglary"
0 67 55 205 144 303 1 0 1 "Burglary"
0 67 56 204 145 304 1 0 1 "Burglary"
0 66 57 203 145 305 1 0 1 "Burglary"
0 65 57 202 146 306 1 0 1 "Burglary"
0 65 58 202 147 307 1 0 1 "Burglary"
0 64 59 201 147 308 1 0 1 "Burglary"
0 64 60 200 148 309 1 0 1 "Burglary"
0 63 60 199 149 310 1 0 1 "Burglary"
0 62 61 199 150 311 1 0 1 "Burglary"
0 62 62 198 150 312 1 0 1 "Burglary"
0 61 62 197 151 313 1 0 1 "Burglary"
0 60 63 197 152 314 1 0 1 "Burglary"
0 60 64 196 152 315 1 0 1 "Burglary"
0 59 65 195 153 316 1 0 1 "Burglary"
0 58 65 194 154 317 1 0 1 "Burglary"
0 58 66 194 155 318 1 0 1 "Burglary"
0 57 67 193 155 319 1 0 1 "Burglary"
0 57 67 192 156 320 1 0 1 "Burglary"
0 56 68 191 157 321 1 0 1 "Burglary"
0 55 69 191 157 322 1 0 1 "Burglary"
0 55 70 190 158 323 1 0 1 "Burglary"
0 54 70 189 159 324 1 0 1 "Burglary"
0 53 71 189 160 325 1 0 1 "Burglary"
0 53 72 188 160 326 1 0 1 "Burglary"
0 52 72 187 161 327 1 0 1 "Burglary"
0 52 73 186 162 328 1 0 1 "Burglary"
0 51 74 186 162 329 1 0 1 "Burglary"
0 50 75 185 163 330 1 0 1 "Burglary"
0 50 75 184 164 331 1 0 1 "Burglary"
0 49 76 183 165 332 1 0 1 "Burglary"
0 48 77 183 165 333 1 0 1 "Burglary"
0 48 78 182 166 334 1 0 1 "Burglary"
0 47 78 181 167 335 1 0 1 "Burglary"
0 47 79 180 167 336 1 0 1 "Burglary"
0 46 80 180 168 337 1 0 1 "Burglary"
0 45 80 179 169 338 1 0 1 "Burglary"
0 45 81 178 170 339 1 0 1 "Burglary"
0 44 82 178 170 340 1 0 1 "Burglary"
0 43 83 177 171 341 1 0 1 "Burglary"
0 43 83 176 172 342 1 0 1 "Burglary"
0 42 84 175 172 343 1 0 1 "Burglary"
0 42 85 175 173 344 1 0 1 "Burglary"
0 41 85 174 174 345 1 0 1 "Burglary"
0 40 86 173 175 346 1 0 1 "Burglary"
0 40 87 172 175 347 1 0 1 "Burglary"
0 39 88 172 176 348 1 0 1 "Burglary"
0 38 88 171 177 349 1 0 1 "Burglary"
0 38 89 170 177 350 1 0 1 "Burglary"
0 37 90 170 178 351 1 0 1 "Burglary"
0 37 91 169 179 352 1 0 1 "Burglary"
0 36 91 168 180 353 1 0 1 "Burglary"
0 35 92 167 180 354 1 0 1 "Burglary"
0 35 93 167 181 355 1 0 1 "Burglary"
0 34 93 166 182 356 1 0 1 "Burglary"
0 33 94 165 182 357 1 0 1 "Burglary"
0 33 95 164 183 358 1 0 1 "Burglary"
0 32 96 164 184 359 1 0 1 "Burglary"
0 31 96 163 185 360 1 0 1 "Burglary"
0 31 97 162 185 361 1 0 1 "Burglary"
0 30 98 162 186 362 1 0 1 "Burglary"
0 30 98 161 187 363 1 0 1 "Burglary"
0 29 99 160 187 364 1 0 1 "Burglary"
0 28 100 159 188 365 1 0 1 "Burglary"
0 28 101 159 189 366 1 0 1 "Burglary"
0 27 101 158 190 367 1 0 1 "Burglary"
0 26 102 157 190 368 1 0 1 "Burglary"
0 26 103 156 191 369 1 0 1 "Burglary"
0 25 103 156 192 370 1 0 1 "Burglary"
0 25 104 155 192 371 1 0 1 "Burglary"
0 24 105 154 193 372 1 0 1 "Burglary"
0 23 106 154 194 373 1 0 1 "Burglary"
0 23 106 153 195 374 1 0 1 "Burglary"
0 22 107 152 195 375 1 0 1 "Burglary"
0 21 108 151 196 376 1 0 1 "Burglary"
0 21 109 151 197 377 1 0 1 "Burglary"
0 20 109 150 197 378 1 0 1 "Burglary"
0 20 110 149 198 379 1 0 1 "Burglary"
0 19 111 148 199 380 1 0 1 "Burglary"
0 18 111 148 200 381 1 0 1 "Burglary"
0 18 112 147 200 382 1 0 1 "Burglary"
0 17 113 146 201 383 1 0 1 "Burglary"
0 16 114 146 202 384 1 0 1 "Burglary"
0 16 114 145 202 385 1 0 1 "Burglary"
0 15 115 144 203 386 1 0 1 "Burglary"
0 15 116 143 204 387 1 0 1 "Burglary"
0 14 116 143 205 388 1 0 1 "Burglary"
0 13 117 142 205 389 1 0 1 "Burglary"
0 13 118 141 206 390 1 0 1 "Burglary"
0 12 119 140 207 391 1 0 1 "Burglary"
0 11 119 140 207 392 1 0 1 "Burglary"
0 11 120 139 208 393 1 0 1 "Burglary"
0 10 121 138 209 394 1 0 1 "Burglary"
0 10 122 138 210 395 0 0 0 "Burglary"
0 10 121 138 210 396 0 0 1 "Burglary"
0 11 120 138 210 397 0 0 1 "Burglary"
0 12 119 139 210 398 0 0 1 "Burglary"
0 12 118 139 210 399 0 0 1 "Burglary"
0 13 117 140 210 400 0 0 1 "Burglary"
0 14 116 140 210 401 0 0 1 "Burglary"
0 14 115 141 210 402 0 0 1 "Burglary"
0 15 114 141 210 403 0 0 1 "Burglary"
0 16 114 142 210 404 0 0 0 "Burglary"
0 17 112 142 210 405 0 0 1 "Burglary"
0 18 111 143 210 406 0 0 1 "Burglary"
0 19 110 144 210 407 0 0 1 "Burglary"
0 20 109 145 210 408 0 0 0 "Burglary"
0 21 107 146 210 409 0 0 1 "Burglary"
0 22 106 147 210 410 0 0 1 "Burglary"
0 23 105 148 210 411 0 0 1 "Burglary"
0 24 104 149 210 412 0 0 1 "Burglary"
0 26 103 150 210 413 0 0 0 "Burglary"
0 26 101 150 208 414 0 0 1 "Burglary"
0 27 99 150 206 415 0 0 1 "Burglary"
0 28 98 151 205 416 0 0 0 "Burglary"
0 28 97 152 204 417 0 0 1 "Burglary"
0 28 96 153 204 418 0 0 1 "Burglary"
0 28 95 154 204 419 0 0 1 "Burglary"
0 28 94 155 204 420 0 0 1 "Burglary"
0 28 94 156 204 421 0 0 0 "Burglary"
0 28 93 154 203 422 0 0 1 "Burglary"
0 28 93 153 203 423 0 0 1 "Burglary"
0 28 93 152 203 424 0 0 1 "Burglary"
0 28 93 151 203 425 0 0 1 "Burglary"
0 28 92 150 203 426 0 0 1 "Burglary"
0 28 92 149 203 427 0 0 1 "Burglary"
0 28 92 148 203 428 0 0 1 "Burglary"
0 28 92 147 203 429 0 0 1 "Burglary"
0 28 91 146 203 430 0 0 1 "Burglary"
0 28 91 145 203 431 0 0 1 "Burglary"
0 28 91 144 203 432 0 0 1 "Burglary"
0 28 91 143 203 433 0 0 1 "Burglary"
0 28 90 142 203 434 0 0 1 "Burglary"
0 28 90 141 203 435 0 0 1 "Burglary"
0 28 90 140 203 436 0 0 1 "Burglary"
0 28 90 139 203 437 0 0 1 "Burglary"
0 28 89 138 203 438 0 0 1 "Burglary"
0 28 89 137 203 439 0 0 1 "Burglary"
0 28 89 136 203 440 0 0 1 "Burglary"
0 28 89 135 203 441 0 0 0 "Burglary"
0 26 89 135 202 442 0 0 1 "Burglary"
0 24 89 135 202 443 0 0 1 "Burglary"
0 23 89 135 202 444 0 0 1 "Burglary"
0 21 89 135 202 445 0 0 1 "Burglary"
0 20 89 135 202 446 0 0 1 "Burglary"
0 18 89 135 202 447 0 0 1 "Burglary"
0 16 89 135 202 448 0 0 1 "Burglary"
0 15 89 135 202 449 0 0 1 "Burglary"
0 13 89 135 202 450 0 0 1 "Burglary"
0 12 89 135 202 451 0 0 0 "Burglary"
0 13 87 136 200 452 0 0 1 "Burglary"
0 14 86 137 199 453 0 0 1 "Burglary"
0 15 85 138 198 454 0 0 1 "Burglary"
0 16 84 139 197 455 0 0 1 "Burglary"
0 17 83 140 196 456 0 0 1 "Burglary"
0 18 82 141 195 457 0 0 1 "Burglary"
0 19 81 142 194 458 0 0 1 "Burglary"
0 20 80 143 193 459 0 0 1 "Burglary"
0 21 79 144 192 460 0 0 1 "Burglary"
0 22 78 145 191 461 0 0 0 "Burglary"
0 21 78 144 191 462 0 0 1 "Burglary"
0 20 79 143 192 463 0 0 1 "Burglary"
0 19 79 142 192 464 0 0 1 "Burglary"
0 18 80 141 193 465 0 0 1 "Burglary"
0 17 80 140 193 466 0 0 1 "Burglary"
0 16 81 139 194 467 0 0 1 "Burglary"
0 15 81 138 194 468 0 0 1 "Burglary"
0 14 82 137 195 469 0 0 1 "Burglary"
0 13 82 136 195 470 0 0 1 "Burglary"
0 13 83 136 196 471 0 0 0 "Burglary"
0 13 84 136 197 472 0 0 1 "Burglary"
0 14 86 137 199 473 0 0 1 "Burglary"
0 15 87 138 200 474 0 0 1 "Burglary"
0 16 89 139 202 475 0 0 1 "Burglary"
0 17 91 140 204 476 0 0 1 "Burglary"
0 18 92 141 205 477 0 0 1 "Burglary"
0 19 94 142 207 478 0 0 1 "Burglary"
0 20 95 143 208 479 0 0 1 "Burglary"
0 21 97 144 210 480 0 0 1 "Burglary"
0 22 99 145 212 481 0 0 0 "Burglary"
0 22 99 143 211 482 0 0 1 "Burglary"
0 22 100 142 211 483 0 0 1 "Burglary"
0 22 101 141 211 484 0 0 1 "Burglary"
0 22 101 140 211 485 0 0 1 "Burglary"
0 22 102 139 211 486 0 0 1 "Burglary"
0 22 103 138 211 487 0 0 1 "Burglary"
0 22 103 137 211 488 0 0 1 "Burglary"
0 22 104 136 211 489 0 0 1 "Burglary"
0 22 105 135 211 490 0 0 1 "Burglary"
0 22 106 134 211 491 0 0 0 "Burglary"
0 23 104 135 209 492 0 0 1 "Burglary"
0 24 102 136 207 493 0 0 1 "Burglary"
0 26 100 138 205 494 0 0 1 "Burglary"
0 27 99 139 204 495 0 0 1 "Burglary"
0 29 97 141 202 496 0 0 1 "Burglary"
0 30 95 142 200 497 0 0 1 "Burglary"
0 31 94 143 199 498 0 0 1 "Burglary"
0 33 92 145 197 499 0 0 1 "Burglary"
0 34 90 146 195 500 0 0 1 "Burglary"
0 36 89 148 194 501 0 0 0 "Burglary"
0 38 88 147 190 502 0 0 1 "Burglary"
0 41 87 147 186 503 0 0 1 "Burglary"
0 44 86 146 182 504 0 0 1 "Burglary"
0 46 86 146 179 505 0 0 1 "Burglary"
0 49 85 145 175 506 0 0 1 "Burglary"
0 52 84 145 171 507 0 0 1 "Burglary"
0 54 84 144 168 508 0 0 1 "Burglary"
0 57 83 144 164 509 0 0 1 "Burglary"
0 60 82 143 160 510 0 0 1 "Burglary"
0 63 82 143 157 511 0 0 0 "Burglary"
0 62 81 142 156 512 0 0 1 "Burglary"
0 61 81 141 156 513 0 0 1 "Burglary"
0 60 81 140 156 514 0 0 1 "Burglary"
0 60 81 140 156 515 0 0 1 "Burglary"
0 59 81 139 156 516 0 0 1 "Burglary"
0 58 80 138 155 517 0 0 1 "Burglary"
0 58 80 138 155 518 0 0 1 "Burglary"
0 57 80 137 155 519 0 0 1 "Burglary"
0 56 80 136 155 520 0 0 1 "Burglary"
0 56 80 136 155 521 0 0 0 "Burglary"
0 53 79 135 157 522 0 0 1 "Burglary"
0 51 78 134 160 523 0 0 1 "Burglary"
0 49 78 134 163 524 0 0 1 "Burglary"
0 47 77 133 165 525 0 0 1 "Burglary"
0 45 77 132 168 526 0 0 1 "Burglary"
0 42 76 132 171 527 0 0 1 "Burglary"
0 40 76 131 173 528 0 0 1 "Burglary"
0 38 75 130 176 529 0 0 1 "Burglary"
0 36 75 130 179 530 0 0 1 "Burglary"
0 34 74 129 182 531 0 0 1 "Burglary"
0 31 73 128 184 532 0 0 1 "Burglary"
0 29 73 128 187 533 0 0 1 "Burglary"
0 27 72 127 190 534 0 0 1 "Burglary"
0 25 72 126 192 535 0 0 1 "Burglary"
0 23 71 126 195 536 0 0 1 "Burglary"
0 20 71 125 198 537 0 0 1 "Burglary"
0 18 70 124 200 538 0 0 1 "Burglary"
0 16 70 124 203 539 0 0 1 "Burglary"
0 14 69 123 206 540 0 0 1 "Burglary"
0 12 69 123 209 541 0 0 0 "Burglary"
0 12 68 126 208 542 0 0 1 "Burglary"
0 12 68 129 208 543 0 0 1 "Burglary"
0 12 67 132 208 544 0 0 1 "Burglary"
0 12 67 135 208 545 0 0 1 "Burglary"
0 12 67 138 208 546 0 0 1 "Burglary"
0 12 66 141 208 547 0 0 1 "Burglary"
0 12 66 144 208 548 0 0 1 "Burglary"
0 12 65 147 208 549 0 0 1 "Burglary"
0 12 65 150 208 550 0 0 1 "Burglary"
0 12 65 154 208 551 0 0 1 "Burglary"
0 12 64 157 208 552 0 0 1 "Burglary"
0 12 64 160 208 553 0 0 1 "Burglary"
0 12 63 163 208 554 0 0 1 "Burglary"
0 12 63 166 208 555 0 0 1 "Burglary"
0 12 63 169 208 556 0 0 1 "Burglary"
0 12 62 172 208 557 0 0 1 "Burglary"
0 12 62 175 208 558 0 0 1 "Burglary"
0 12 61 178 208 559 0 0 1 "Burglary"
0 12 61 181 208 560 0 0 1 "Burglary"
0 12 61 185 208 561 0 0 0 "Burglary"
0 12 61 184 207 562 0 0 1 "Burglary"
0 12 61 184 207 563 0 0 1 "Burglary"
0 12 61 183 207 564 0 0 1 "Burglary"
0 12 61 183 207 565 0 0 1 "Burglary"
0 12 61 183 207 566 0 0 1 "Burglary"
0 12 61 182 207 567 0 0 1 "Burglary"
0 12 61 182 207 568 0 0 1 "Burglary"
0 12 61 181 207 569 0 0 1 "Burglary"
0 12 61 181 207 570 0 0 1 "Burglary"
0 12 61 181 207 571 0 0 0 "Burglary"
0 11 61 180 207 572 0 0 1 "Burglary"
0 11 61 179 207 573 0 0 1 "Burglary"
0 11 61 178 207 574 0 0 1 "Burglary"
0 11 62 177 207 575 0 0 1 "Burglary"
0 11 62 176 208 576 0 0 1 "Burglary"
0 11 62 175 208 577 0 0 1 "Burglary"
0 11 63 174 208 578 0 0 1 "Burglary"
0 11 63 173 208 579 0 0 1 "Burglary"
0 11 63 172 208 580 0 0 1 "Burglary"
0 11 64 171 209 581 0 0 0 "Burglary"
0 11 64 170 209 582 0 0 1 "Burglary"
0 11 64 170 209 583 0 0 1 "Burglary"
0 11 64 170 209 584 0 0 1 "Burglary"
0 11 64 170 209 585 0 0 1 "Burglary"
0 12 64 170 209 586 0 0 1 "Burglary"
0 12 64 170 209 587 0 0 1 "Burglary"
0 12 64 170 209 588 0 0 1 "Burglary"
0 12 64 170 209 589 0 0 1 "Burglary"
0 12 64 170 209 590 0 0 1 "Burglary"
0 13 64 170 209 591 0 0 1 "Burglary"
0 13 64 170 209 592 0 0 1 "Burglary"
0 13 64 170 209 593 0 0 1 "Burglary"
0 13 64 170 209 594 0 0 1 "Burglary"
0 13 64 170 209 595 0 0 1 "Burglary"
0 14 64 170 209 596 0 0 1 "Burglary"
0 14 64 170 209 597 0 0 1 "Burglary"
0 14 64 170 209 598 0 0 1 "Burglary"
0 14 64 170 209 599 0 0 1 "Burglary"
0 14 64 170 209 600 0 0 1 "Burglary"
0 15 64 170 209 601 0 0 1 "Burglary"
0 15 64 170 209 602 0 0 1 "Burglary"
0 15 64 170 209 603 0 0 1 "Burglary"
0 15 64 170 209 604 0 0 1 "Burglary"
0 15 64 170 209 605 0 0 1 "Burglary"
0 16 64 170 209 606 0 0 1 "Burglary"
0 16 64 170 209 607 0 0 1 "Burglary"
0 16 64 170 209 608 0 0 1 "Burglary"
0 16 64 170 209 609 0 0 1 "Burglary"
0 16 64 170 209 610 0 0 1 "Burglary"
0 17 64 170 209 611 0 0 1 "Burglary"
0 17 64 170 209 612 0 0 1 "Burglary"
0 17 64 170 209 613 0 0 1 "Burglary"
0 17 64 170 209 614 0 0 1 "Burglary"
0 17 64 170 209 615 0 0 1 "Burglary"
0 18 64 170 209 616 0 0 1 "Burglary"
0 18 64 170 209 617 0 0 1 "Burglary"
0 18 64 170 209 618 0 0 1 "Burglary"
0 18 64 170 209 619 0 0 1 "Burglary"
0 18 64 170 209 620 0 0 1 "Burglary"
0 19 65 170 209 621 0 0 0 "Burglary"
0 19 65 170 209 622 0 0 1 "Burglary"
0 19 65 170 209 623 0 0 1 "Burglary"
0 19 65 170 209 624 0 0 1 "Burglary"
0 19 65 170 209 625 0 0 1 "Burglary"
0 19 65 170 209 626 0 0 1 "Burglary"
0 19 65 170 209 627 0 0 1 "Burglary"
0 19 65 170 209 628 0 0 1 "Burglary"
0 19 65 170 209 629 0 0 1 "Burglary"
0 19 65 170 209 630 0 0 1 "Burglary"
0 19 66 170 210 631 0 0 0 "Burglary"
0 18 66 168 210 632 0 0 1 "Burglary"
0 17 66 166 210 633 0 0 1 "Burglary"
0 16 66 164 210 634 0 0 1 "Burglary"
0 15 66 162 210 635 0 0 1 "Burglary"
0 15 66 160 210 636 0 0 1 "Burglary"
0 14 66 158 210 637 0 0 1 "Burglary"
0 13 66 156 210 638 0 0 1 "Burglary"
0 12 66 154 210 639 0 0 1 "Burglary"
0 11 66 152 210 640 0 0 1 "Burglary"
0 11 67 151 210 641 0 0 0 "Burglary"
0 12 67 152 210 642 0 0 1 "Burglary"
0 13 67 153 210 643 0 0 1 "Burglary"
0 15 67 155 210 644 0 0 1 "Burglary"
0 16 67 156 210 645 0 0 1 "Burglary"
0 18 67 158 210 646 0 0 1 "Burglary"
0 19 67 159 210 647 0 0 1 "Burglary"
0 20 67 160 210 648 0 0 1 "Burglary"
0 22 67 162 210 649 0 0 1 "Burglary"
0 23 67 163 210 650 0 0 1 "Burglary"
0 25 68 165 211 651 0 0 0 "Burglary"
0 24 68 164 211 652 0 0 1 "Burglary"
0 24 68 164 211 653 0 0 1 "Burglary"
0 23 68 163 211 654 0 0 1 "Burglary"
0 23 68 163 211 655 0 0 1 "Burglary"
0 22 68 162 211 656 0 0 1 "Burglary"
0 22 68 162 211 657 0 0 1 "Burglary"
0 21 68 161 211 658 0 0 1 "Burglary"
0 21 68 161 211 659 0 0 1 "Burglary"
0 20 68 160 211 660 0 0 1 "Burglary"
0 20 68 160 211 661 0 0 0 "Burglary"
0 19 68 159 211 662 0 0 1 "Burglary"
0 18 68 158 211 663 0 0 1 "Burglary"
0 17 68 157 211 664 0 0 1 "Burglary"
0 16 68 156 211 665 0 0 1 "Burglary"
0 15 68 155 211 666 0 0 1 "Burglary"
0 14 68 154 211 667 0 0 1 "Burglary"
0 13 68 153 211 668 0 0 1 "Burglary"
0 12 68 152 211 669 0 0 1 "Burglary"
0 11 68 151 211 670 0 0 1 "Burglary"
0 10 68 150 211 671 0 0 0 "Burglary"
0 10 68 152 210 672 0 0 1 "Burglary"
0 11 68 154 210 673 0 0 1 "Burglary"
0 11 68 156 210 674 0 0 1 "Burglary"
0 12 68 159 210 675 0 0 1 "Burglary"
0 12 68 161 210 676 0 0 1 "Burglary"
0 13 68 163 210 677 0 0 1 "Burglary"
0 13 68 166 210 678 0 0 1 "Burglary"
0 14 68 168 210 679 0 0 1 "Burglary"
0 14 68 170 210 680 0 0 1 "Burglary"
0 15 68 173 210 681 0 0 0 "Burglary"
0 14 68 172 210 682 0 0 1 "Burglary"
0 14 68 172 210 683 0 0 1 "Burglary"
0 13 68 171 210 684 0 0 1 "Burglary"
0 13 68 171 210 685 0 0 1 "Burglary"
0 12 68 170 210 686 0 0 1 "Burglary"
0 12 68 170 210 687 0 0 1 "Burglary"
0 11 68 169 210 688 0 0 1 "Burglary"
0 11 68 169 210 689 0 0 1 "Burglary"
0 10 68 168 210 690 0 0 1 "Burglary"
0 10 68 168 210 691 0 0 0 "Burglary"
0 10 69 170 209 692 0 0 1 "Burglary"
0 10 70 172 209 693 0 0 1 "Burglary"
0 10 71 174 209 694 0 0 1 "Burglary"
0 10 73 176 209 695 0 0 1 "Burglary"
0 10 74 178 209 696 0 0 1 "Burglary"
0 10 75 180 209 697 0 0 1 "Burglary"
0 10 77 182 209 698 0 0 1 "Burglary"
0 10 78 184 209 699 0 0 1 "Burglary"
0 10 79 186 209 700 0 0 1 "Burglary"
0 10 81 189 209 701 0 0 0 "Burglary"
0 9 83 189 209 702 0 0 1 "Burglary"
0 9 85 190 209 703 0 0 1 "Burglary"
0 9 87 191 209 704 0 0 1 "Burglary"
0 9 89 192 209 705 0 0 1 "Burglary"
0 9 92 193 209 706 0 0 1 "Burglary"
0 9 94 194 209 707 0 0 1 "Burglary"
0 9 96 195 209 708 0 0 1 "Burglary"
0 9 98 196 209 709 0 0 1 "Burglary"
0 9 100 197 209 710 0 0 1 "Burglary"
0 9 103 198 209 711 0 0 0 "Burglary"
0 9 103 192 209 712 0 0 1 "Burglary"
0 9 103 187 209 713 0 0 1 "Burglary"
0 9 103 182 209 714 0 0 1 "Burglary"
0 9 103 176 209 715 0 0 1 "Burglary"
0 9 104 171 209 716 0 0 1 "Burglary"
0 9 104 166 209 717 0 0 1 "Burglary"
0 9 104 160 209 718 0 0 1 "Burglary"
0 9 104 155 209 719 0 0 1 "Burglary"
0 9 104 150 209 720 0 0 1 "Burglary"
0 10 105 145 210 721 0 0 0 "Burglary"
0 10 105 142 209 722 0 0 1 "Burglary"
0 10 106 139 209 723 0 0 1 "Burglary"
0 10 107 137 209 724 0 0 1 "Burglary"
0 10 108 134 209 725 0 0 1 "Burglary"
0 10 109 132 209 726 0 0 1 "Burglary"
0 10 110 129 209 727 0 0 1 "Burglary"
0 10 111 126 209 728 0 0 1 "Burglary"
0 10 112 124 209 729 0 0 1 "Burglary"
0 10 113 121 209 730 0 0 1 "Burglary"
0 10 114 119 209 731 0 0 0 "Burglary"
0 10 114 117 208 732 0 0 1 "Burglary"
0 10 115 116 208 733 0 0 1 "Burglary"
0 10 116 115 208 734 0 0 1 "Burglary"
0 10 117 114 208 735 0 0 1 "Burglary"
0 10 118 113 208 736 0 0 1 "Burglary"
0 10 118 112 208 737 0 0 1 "Burglary"
0 10 119 111 208 738 0 0 1 "Burglary"
0 10 120 110 208 739 0 0 1 "Burglary"
0 10 121 109 208 740 0 0 1 "Burglary"
0 10 122 108 208 741 0 0 0 "Burglary"
0 10 122 108 208 742 0 0 1 "Burglary"
0 11 122 109 208 743 0 0 1 "Burglary"
0 12 122 110 208 744 0 0 1 "Burglary"
0 12 122 110 208 745 0 0 1 "Burglary"
0 13 122 111 208 746 0 0 1 "Burglary"
0 14 122 112 208 747 0 0 1 "Burglary"
0 14 122 112 208 748 0 0 1 "Burglary"
0 15 122 113 208 749 0 0 1 "Burglary"
0 16 122 114 208 750 0 0 1 "Burglary"
0 17 122 115 208 751 0 0 0 "Burglary"
0 16 121 115 208 752 0 0 1 "Burglary"
0 15 121 116 208 753 0 0 1 "Burglary"
0 14 120 117 208 754 0 0 1 "Burglary"
0 14 120 118 208 755 0 0 1 "Burglary"
0 13 120 119 208 756 0 0 1 "Burglary"
0 12 119 120 208 757 0 0 1 "Burglary"
0 12 119 121 208 758 0 0 1 "Burglary"
0 11 118 122 208 759 0 0 1 "Burglary"
0 10 118 123 208 760 0 0 1 "Burglary"
0 10 118 124 208 761 0 0 0 "Burglary"
0 10 114 123 208 762 0 0 1 "Burglary"
0 10 110 123 208 763 0 0 1 "Burglary"
0 10 106 123 208 764 0 0 1 "Burglary"
0 10 103 123 208 765 0 0 1 "Burglary"
0 10 99 123 209 766 0 0 1 "Burglary"
0 10 95 123 209 767 0 0 1 "Burglary"
0 10 92 123 209 768 0 0 1 "Burglary"
0 10 88 123 209 769 0 0 1 "Burglary"
0 10 84 123 209 770 0 0 1 "Burglary"
0 10 81 123 210 771 0 0 0 "Burglary"
0 10 81 122 209 772 0 0 1 "Burglary"
0 10 81 121 209 773 0 0 1 "Burglary"
0 10 81 120 209 774 0 0 1 "Burglary"
0 10 81 119 209 775 0 0 1 "Burglary"
0 10 81 119 209 776 0 0 1 "Burglary"
0 10 81 118 209 777 0 0 1 "Burglary"
0 10 81 117 209 778 0 0 1 "Burglary"
0 10 81 116 209 779 0 0 1 "Burglary"
0 10 81 115 209 780 0 0 1 "Burglary"
0 10 81 115 209 781 0 0 0 "Burglary"
0 10 81 116 208 782 0 0 1 "Burglary"
0 10 81 118 208 783 0 0 1 "Burglary"
0 10 81 120 208 784 0 0 1 "Burglary"
0 10 81 121 208 785 0 0 1 "Burglary"
0 10 81 123 208 786 0 0 1 "Burglary"
0 10 81 125 208 787 0 0 1 "Burglary"
0 10 81 126 208 788 0 0 1 "Burglary"
0 10 81 128 208 789 0 0 1 "Burglary"
0 10 81 130 208 790 0 0 1 "Burglary"
0 10 81 132 208 791 0 0 0 "Burglary"
0 10 81 136 207 792 0 0 1 "Burglary"
0 10 81 141 207 793 0 0 1 "Burglary"
0 10 81 145 207 794 0 0 1 "Burglary"
0 10 81 150 207 795 0 0 1 "Burglary"
0 10 81 155 207 796 0 0 1 "Burglary"
0 10 81 159 207 797 0 0 1 "Burglary"
0 10 81 164 207 798 0 0 1 "Burglary"
0 10 81 168 207 799 0 0 1 "Burglary"
0 10 81 173 207 800 0 0 1 "Burglary"
0 10 81 178 207 801 0 0 0 "Burglary"
0 10 78 179 206 802 0 0 1 "Burglary"
0 10 75 180 206 803 0 0 1 "Burglary"
0 10 72 181 206 804 0 0 1 "Burglary"
0 10 69 182 206 805 0 0 1 "Burglary"
0 10 67 183 206 806 0 0 1 "Burglary"
0 10 64 184 206 807 0 0 1 "Burglary"
0 10 61 185 206 808 0 0 1 "Burglary"
0 10 58 186 206 809 0 0 1 "Burglary"
0 10 55 187 206 810 0 0 1 "Burglary"
0 10 53 189 206 811 0 0 0 "Burglary"
0 10 51 188 206 812 0 0 1 "Burglary"
0 10 50 188 206 813 0 0 1 "Burglary"
0 10 48 188 206 814 0 0 1 "Burglary"
0 10 47 188 206 815 0 0 1 "Burglary"
0 10 46 188 206 816 0 0 1 "Burglary"
0 10 44 188 206 817 0 0 1 "Burglary"
0 10 43 188 206 818 0 0 1 "Burglary"
0 10 41 188 206 819 0 0 1 "Burglary"
0 10 40 188 206 820 0 0 1 "Burglary"
0 10 39 188 206 821 0 0 0 "Burglary"
0 10 39 186 205 822 0 0 1 "Burglary"
0 10 39 184 205 823 0 0 1 "Burglary"
0 10 39 182 205 824 0 0 1 "Burglary"
0 10 39 180 205 825 0 0 1 "Burglary"
0 10 39 178 205 826 0 0 1 "Burglary"
0 10 39 176 205 827 0 0 1 "Burglary"
0 10 39 174 205 828 0 0 1 "Burglary"
0 10 39 172 205 829 0 0 1 "Burglary"
0 10 39 170 205 830 0 0 1 "Burglary"
0 10 39 169 205 831 0 0 0 "Burglary"
0 10 41 164 205 832 0 0 1 "Burglary"
0 10 43 159 206 833 0 0 1 "Burglary"
0 10 46 155 206 834 0 0 1 "Burglary"
0 10 48 150 207 835 0 0 1 "Burglary"
0 10 51 146 207 836 0 0 1 "Burglary"
0 10 53 141 208 837 0 0 1 "Burglary"
0 10 55 136 208 838 0 0 1 "Burglary"
0 10 58 132 209 839 0 0 1 "Burglary"
0 10 60 127 209 840 0 0 1 "Burglary"
0 10 63 123 210 841 0 0 0 "Burglary"
0 10 61 122 210 842 0 0 1 "Burglary"
0 10 60 122 210 843 0 0 1 "Burglary"
0 10 58 122 210 844 0 0 1 "Burglary"
0 10 57 122 210 845 0 0 1 "Burglary"
0 10 55 122 210 846 0 0 1 "Burglary"
0 10 54 122 210 847 0 0 1 "Burglary"
0 10 52 122 210 848 0 0 1 "Burglary"
0 10 51 122 210 849 0 0 1 "Burglary"
0 10 49 122 210 850 0 0 1 "Burglary"
0 10 48 122 210 851 0 0 0 "Burglary"
0 10 48 128 209 852 0 0 1 "Burglary"
0 10 48 134 209 853 0 0 1 "Burglary"
0 10 48 140 209 854 0 0 1 "Burglary"
0 10 48 146 209 855 0 0 1 "Burglary"
0 10 48 152 209 856 0 0 1 "Burglary"
0 10 48 158 209 857 0 0 1 "Burglary"
0 10 48 164 209 858 0 0 1 "Burglary"
0 10 48 170 209 859 0 0 1 "Burglary"
0 10 48 176 209 860 0 0 1 "Burglary"
0 10 48 183 209 861 1 0 0 "Burglary"
0 10 48 183 209 862 1 0 1 "Burglary"
0 10 48 183 209 863 1 0 1 "Burglary"
0 10 48 183 209 864 1 0 1 "Burglary"
0 10 48 183 209 865 1 0 1 "Burglary"
0 10 48 183 209 866 1 0 1 "Burglary"
0 10 48 183 209 867 1 0 1 "Burglary"
0 10 48 183 209 868 1 0 1 "Burglary"
0 10 48 183 209 869 1 0 1 "Burglary"
0 10 48 183 209 870 1 0 1 "Burglary"
0 10 48 183 209 871 1 0 0 "Burglary"
0 10 48 183 209 872 1 0 1 "Burglary"
0 10 48 183 209 873 1 0 1 "Burglary"
0 10 48 183 209 874 1 0 1 "Burglary"
0 10 48 183 209 875 1 0 1 "Burglary"
0 11 48 184 209 876 1 0 1 "Burglary"
0 11 48 184 209 877 1 0 1 "Burglary"
0 11 48 184 209 878 1 0 1 "Burglary"
0 11 48 184 209 879 1 0 1 "Burglary"
0 11 48 184 209 880 1 0 1 "Burglary"
0 12 48 185 209 881 1 0 1 "Burglary"
0 12 48 185 209 882 1 0 1 "Burglary"
0 12 48 185 209 883 1 0 1 "Burglary"
0 12 48 185 209 884 1 0 1 "Burglary"
0 12 48 185 209 885 1 0 1 "Burglary"
0 13 48 186 209 886 1 0 1 "Burglary"
0 13 48 186 209 887 1 0 1 "Burglary"
0 13 48 186 209 888 1 0 1 "Burglary"
0 13 48 186 209 889 1 0 1 "Burglary"
0 14 48 187 209 890 1 0 1 "Burglary"
0 14 48 187 209 891 1 0 1 "Burglary"
0 14 48 187 209 892 1 0 1 "Burglary"
0 14 48 187 209 893 1 0 1 "Burglary"
0 14 48 187 209 894 1 0 1 "Burglary"
0 15 48 188 209 895 1 0 1 "Burglary"
0 15 48 188 209 896 1 0 1 "Burglary"
0 15 48 188 209 897 1 0 1 "Burglary"
0 15 48 188 209 898 1 0 1 "Burglary"
0 15 48 188 209 899 1 0 1 "Burglary"
0 16 48 189 209 900 1 0 1 "Burglary"
0 16 48 189 209 901 1 0 1 "Burglary"
0 16 48 189 209 902 1 0 1 "Burglary"
0 16 48 189 209 903 1 0 1 "Burglary"
0 17 48 190 209 904 1 0 1 "Burglary"
0 17 48 190 209 905 1 0 1 "Burglary"
0 17 48 190 209 906 1 0 1 "Burglary"
0 17 48 190 209 907 1 0 1 "Burglary"
0 17 48 190 209 908 1 0 1 "Burglary"
0 18 48 191 209 909 1 0 1 "Burglary"
0 18 48 191 209 910 1 0 1 "Burglary"
0 18 48 191 209 911 1 0 1 "Burglary"
0 18 48 191 209 912 1 0 1 "Burglary"
0 18 48 191 209 913 1 0 1 "Burglary"
0 19 48 192 209 914 1 0 1 "Burglary"
0 19 48 192 209 915 1 0 1 "Burglary"
0 19 48 192 209 916 1 0 1 "Burglary"
0 19 48 192 209 917 1 0 1 "Burglary"
0 19 48 192 209 918 1 0 1 "Burglary"
0 20 48 193 209 919 1 0 1 "Burglary"
0 20 48 193 209 920 1 0 1 "Burglary"
0 20 48 193 209 921 1 0 1 "Burglary"
0 20 48 193 209 922 1 0 1 "Burglary"
0 21 48 194 209 923 1 0 1 "Burglary"
0 21 48 194 209 924 1 0 1 "Burglary"
0 21 48 194 209 925 1 0 1 "Burglary"
0 21 48 194 209 926 1 0 1 "Burglary"
0 21 48 194 209 927 1 0 1 "Burglary"
0 22 48 195 209 928 1 0 1 "Burglary"
0 22 48 195 209 929 1 0 1 "Burglary"
0 22 48 195 209 930 1 0 1 "Burglary"
0 22 48 195 209 931 1 0 1 "Burglary"
0 22 48 195 209 932 1 0 1 "Burglary"
0 23 48 196 209 933 1 0 1 "Burglary"
0 23 48 196 209 934 1 0 1 "Burglary"
0 23 48 196 209 935 1 0 1 "Burglary"
0 23 48 196 209 936 1 0 1 "Burglary"
0 24 48 197 209 937 1 0 1 "Burglary"
0 24 48 197 209 938 1 0 1 "Burglary"
0 24 48 197 209 939 1 0 1 "Burglary"
0 24 48 197 209 940 1 0 1 "Burglary"
0 24 48 197 209 941 1 0 1 "Burglary"
0 25 48 198 209 942 1 0 1 "Burglary"
0 25 48 198 209 943 1 0 1 "Burglary"
0 25 48 198 209 944 1 0 1 "Burglary"
0 25 48 198 209 945 1 0 1 "Burglary"
0 25 48 198 209 946 1 0 1 "Burglary"
0 26 48 199 209 947 1 0 1 "Burglary"
0 26 48 199 209 948 1 0 1 "Burglary"
0 26 48 199 209 949 1 0 1 "Burglary"
0 26 48 199 209 950 1 0 1 "Burglary"
0 26 48 199 209 951 1 0 1 "Burglary"
0 27 48 200 209 952 1 0 1 "Burglary"
0 27 48 200 209 953 1 0 1 "Burglary"
0 27 48 200 209 954 1 0 1 "Burglary"
0 27 48 200 209 955 1 0 1 "Burglary"
0 28 48 201 209 956 1 0 1 "Burglary"
0 28 48 201 209 957 1 0 1 "Burglary"
0 28 48 201 209 958 1 0 1 "Burglary"
0 28 48 201 209 959 1 0 1 "Burglary"
0 28 48 201 209 960 1 0 1 "Burglary"
0 29 48 202 209 961 1 0 1 "Burglary"
0 29 48 202 209 962 1 0 1 "Burglary"
0 29 48 202 209 963 1 0 1 "Burglary"
0 29 48 202 209 964 1 0 1 "Burglary"
0 29 48 202 209 965 1 0 1 "Burglary"
0 30 48 203 209 966 1 0 1 "Burglary"
0 30 48 203 209 967 1 0 1 "Burglary"
0 30 48 203 209 968 1 0 1 "Burglary"
0 30 48 203 209 969 1 0 1 "Burglary"
0 31 48 204 209 970 1 0 1 "Burglary"
0 31 48 204 209 971 1 0 1 "Burglary"
0 31 48 204 209 972 1 0 1 "Burglary"
0 31 48 204 209 973 1 0 1 "Burglary"
0 31 48 204 209 974 1 0 1 "Burglary"
0 32 48 205 209 975 1 0 1 "Burglary"
0 32 48 205 209 976 1 0 1 "Burglary"
0 32 48 205 209 977 1 0 1 "Burglary"
0 32 48 205 209 978 1 0 1 "Burglary"
0 32 48 205 209 979 1 0 1 "Burglary"
0 33 48 206 209 980 1 0 1 "Burglary"
0 33 48 206 209 981 1 0 1 "Burglary"
0 33 48 206 209 982 1 0 1 "Burglary"
0 33 48 206 209 983 1 0 1 "Burglary"
0 33 48 206 209 984 1 0 1 "Burglary"
0 34 48 207 209 985 1 0 1 "Burglary"
0 34 48 207 209 986 1 0 1 "Burglary"
0 34 48 207 209 987 1 0 1 "Burglary"
0 34 48 207 209 988 1 0 1 "Burglary"
0 35 48 208 209 989 1 0 1 "Burglary"
0 35 48 208 209 990 1 0 1 "Burglary"
0 35 48 208 209 991 1 0 1 "Burglary"
0 35 48 208 209 992 1 0 1 "Burglary"
0 35 48 208 209 993 1 0 1 "Burglary"
0 36 48 209 209 994 1 0 1 "Burglary"
0 36 48 209 209 995 1 0 1 "Burglary"
0 36 48 209 209 996 1 0 1 "Burglary"
0 36 48 209 209 997 1 0 1 "Burglary"
0 36 48 209 209 998 1 0 1 "Burglary"
0 37 48 210 209 999 1 0 1 "Burglary"
0 37 48 210 209 1000 1 0 1 "Burglary"
0 37 48 210 209 1001 1 0 1 "Burglary"
0 37 48 210 209 1002 1 0 1 "Burglary"
0 38 48 211 209 1003 1 0 1 "Burglary"
0 38 48 211 209 1004 1 0 1 "Burglary"
0 38 48 211 209 1005 1 0 1 "Burglary"
0 38 48 211 209 1006 1 0 1 "Burglary"
0 38 48 211 209 1007 1 0 1 "Burglary"
0 39 48 212 209 1008 1 0 1 "Burglary"
0 39 48 212 209 1009 1 0 1 "Burglary"
0 39 48 212 209 1010 1 0 1 "Burglary"
0 39 48 212 209 1011 1 0 1 "Burglary"
0 39 48 212 209 1012 1 0 1 "Burglary"
0 40 48 213 209 1013 1 0 1 "Burglary"
0 40 48 213 209 1014 1 0 1 "Burglary"
0 40 48 213 209 1015 1 0 1 "Burglary"
0 40 48 213 209 1016 1 0 1 "Burglary"
0 41 49 214 210 1017 0 0 0 "Burglary"
0 36 50 216 209 1018 0 0 1 "Burglary"
0 31 51 218 209 1019 0 0 1 "Burglary"
0 26 52 220 209 1020 0 0 1 "Burglary"
0 21 53 222 209 1021 0 0 1 "Burglary"
0 17 54 224 209 1022 0 0 0 "Burglary"
0 16 54 223 209 1023 0 0 1 "Burglary"
0 15 54 222 209 1024 0 0 1 "Burglary"
0 14 54 221 209 1025 0 0 1 "Burglary"
0 13 54 220 209 1026 0 0 1 "Burglary"
0 13 54 220 209 1027 0 0 1 "Burglary"
0 12 54 219 209 1028 0 0 1 "Burglary"
0 11 54 218 209 1029 0 0 1 "Burglary"
0 10 54 217 209 1030 0 0 1 "Burglary"
0 9 54 216 209 1031 0 0 1 "Burglary"
0 9 54 216 209 1032 0 0 0 "Burglary"
0 9 53 216 208 1033 0 0 1 "Burglary"
0 9 53 216 208 1034 0 0 1 "Burglary"
0 9 53 216 208 1035 0 0 1 "Burglary"
0 10 53 217 208 1036 0 0 1 "Burglary"
0 10 53 217 208 1037 0 0 1 "Burglary"
0 10 52 217 207 1038 0 0 1 "Burglary"
0 11 52 218 207 1039 0 0 1 "Burglary"
0 11 52 218 207 1040 0 0 1 "Burglary"
0 11 52 218 207 1041 0 0 1 "Burglary"
0 11 52 218 207 1042 0 0 1 "Burglary"
0 12 51 219 206 1043 0 0 1 "Burglary"
0 12 51 219 206 1044 0 0 1 "Burglary"
0 12 51 219 206 1045 0 0 1 "Burglary"
0 13 51 220 206 1046 0 0 1 "Burglary"
0 13 51 220 206 1047 0 0 1 "Burglary"
0 13 50 220 205 1048 0 0 1 "Burglary"
0 13 50 220 205 1049 0 0 1 "Burglary"
0 14 50 221 205 1050 0 0 1 "Burglary"
0 14 50 221 205 1051 0 0 1 "Burglary"
0 14 50 221 205 1052 0 0 1 "Burglary"
0 15 49 222 204 1053 0 0 1 "Burglary"
0 15 49 222 204 1054 0 0 1 "Burglary"
0 15 49 222 204 1055 0 0 1 "Burglary"
0 15 49 222 204 1056 0 0 1 "Burglary"
0 16 49 223 204 1057 0 0 1 "Burglary"
0 16 48 223 203 1058 0 0 1 "Burglary"
0 16 48 223 203 1059 0 0 1 "Burglary"
0 17 48 224 203 1060 0 0 1 "Burglary"
0 17 48 224 203 1061 0 0 1 "Burglary"
0 17 48 224 203 1062 0 0 1 "Burglary"
0 17 47 224 202 1063 0 0 1 "Burglary"
0 18 47 225 202 1064 0 0 1 "Burglary"
0 18 47 225 202 1065 0 0 1 "Burglary"
0 18 47 225 202 1066 0 0 1 "Burglary"
0 19 47 226 202 1067 0 0 1 "Burglary"
0 19 46 226 201 1068 0 0 1 "Burglary"
0 19 46 226 201 1069 0 0 1 "Burglary"
0 19 46 226 201 1070 0 0 1 "Burglary"
0 20 46 227 201 1071 0 0 1 "Burglary"
0 20 46 227 201 1072 0 0 1 "Burglary"
0 20 45 227 200 1073 0 0 1 "Burglary"
0 21 45 228 200 1074 0 0 1 "Burglary"
0 21 45 228 200 1075 0 0 1 "Burglary"
0 21 45 228 200 1076 0 0 1 "Burglary"
0 21 45 228 200 1077 0 0 1 "Burglary"
0 22 44 229 199 1078 0 0 1 "Burglary"
0 22 44 229 199 1079 0 0 1 "Burglary"
0 22 44 229 199 1080 0 0 1 "Burglary"
0 23 44 230 199 1081 0 0 1 "Burglary"
0 23 44 230 199 1082 0 0 1 "Burglary"
0 23 43 230 198 1083 0 0 1 "Burglary"
0 23 43 230 198 1084 0 0 1 "Burglary"
0 24 43 231 198 1085 0 0 1 "Burglary"
0 24 43 231 198 1086 0 0 1 "Burglary"
0 24 43 231 198 1087 0 0 1 "Burglary"
0 25 42 232 197 1088 0 0 1 "Burglary"
0 25 42 232 197 1089 0 0 1 "Burglary"
0 25 42 232 197 1090 0 0 1 "Burglary"
0 25 42 232 197 1091 0 0 1 "Burglary"
0 26 42 233 197 1092 0 0 1 "Burglary"
0 26 41 233 196 1093 0 0 1 "Burglary"
0 26 41 233 196 1094 0 0 1 "Burglary"
0 27 41 234 196 1095 0 0 1 "Burglary"
0 27 41 234 196 1096 0 0 1 "Burglary"
0 27 41 234 196 1097 0 0 1 "Burglary"
0 27 40 234 195 1098 0 0 1 "Burglary"
0 28 40 235 195 1099 0 0 1 "Burglary"
0 28 40 235 195 1100 0 0 1 "Burglary"
0 28 40 235 195 1101 0 0 1 "Burglary"
0 29 40 236 195 1102 0 0 0 "Burglary"
0 31 39 235 193 1103 0 0 1 "Burglary"
0 33 39 235 191 1104 0 0 1 "Burglary"
0 35 39 235 190 1105 0 0 1 "Burglary"
0 38 39 235 188 1106 0 0 1 "Burglary"
0 40 39 235 187 1107 0 0 1 "Burglary"
0 42 38 235 185 1108 0 0 1 "Burglary"
0 45 38 235 183 1109 0 0 1 "Burglary"
0 47 38 235 182 1110 0 0 1 "Burglary"
0 49 38 235 180 1111 0 0 1 "Burglary"
0 52 38 235 179 1112 0 0 0 "Burglary"
0 53 38 234 177 1113 0 0 1 "Burglary"
0 54 38 234 176 1114 0 0 1 "Burglary"
0 55 38 234 174 1115 0 0 1 "Burglary"
0 57 38 234 173 1116 0 0 1 "Burglary"
0 58 38 234 171 1117 0 0 1 "Burglary"
0 59 38 234 170 1118 0 0 1 "Burglary"
0 61 38 234 168 1119 0 0 1 "Burglary"
0 62 38 234 167 1120 0 0 1 "Burglary"
0 63 38 234 165 1121 0 0 1 "Burglary"
0 65 38 234 164 1122 0 0 0 "Burglary"
0 65 45 230 167 1123 0 0 1 "Burglary"
0 66 52 227 171 1124 0 0 1 "Burglary"
0 67 60 224 175 1125 0 0 1 "Burglary"
0 67 67 221 179 1126 0 0 1 "Burglary"
0 68 75 218 183 1127 0 0 1 "Burglary"
0 69 82 215 187 1128 0 0 1 "Burglary"
0 69 89 212 190 1129 0 0 1 "Burglary"
0 70 97 209 194 1130 0 0 1 "Burglary"
0 71 104 206 198 1131 0 0 1 "Burglary"
0 71 112 203 202 1132 0 0 1 "Burglary"
0 72 119 200 206 1133 0 0 1 "Burglary"
0 73 127 197 210 1134 0 0 0 "Burglary"
0 67 128 192 210 1135 0 0 1 "Burglary"
0 62 130 187 210 1136 0 0 1 "Burglary"
0 56 132 182 210 1137 0 0 1 "Burglary"
0 51 134 177 210 1138 0 0 1 "Burglary"
0 45 136 172 210 1139 0 0 1 "Burglary"
0 40 138 167 210 1140 0 0 1 "Burglary"
0 34 140 162 210 1141 0 0 1 "Burglary"
0 29 142 157 210 1142 0 0 1 "Burglary"
0 23 144 152 210 1143 0 0 1 "Burglary"
0 18 146 147 210 1144 0 0 0 "Burglary"
0 19 139 141 207 1145 0 0 1 "Burglary"
0 20 133 136 205 1146 0 0 1 "Burglary"
0 21 127 131 203 1147 0 0 1 "Burglary"
0 22 121 126 201 1148 0 0 1 "Burglary"
0 23 115 121 199 1149 0 0 1 "Burglary"
0 24 109 116 197 1150 0 0 1 "Burglary"
0 25 103 111 195 1151 0 0 1 "Burglary"
0 26 97 106 193 1152 0 0 1 "Burglary"
0 27 91 101 191 1153 0 0 1 "Burglary"
0 28 85 96 189 1154 0 0 0 "Burglary"
0 27 87 97 191 1155 0 0 1 "Burglary"
0 26 90 99 193 1156 0 0 1 "Burglary"
0 25 92 100 195 1157 0 0 1 "Burglary"
0 24 95 102 197 1158 0 0 1 "Burglary"
0 24 98 103 199 1159 0 0 1 "Burglary"
0 23 100 105 201 1160 0 0 1 "Burglary"
0 22 103 106 203 1161 0 0 1 "Burglary"
0 21 105 108 205 1162 0 0 1 "Burglary"
0 20 108 109 207 1163 0 0 1 "Burglary"
0 20 111 111 209 1164 1 0 0 "Burglary"
0 20 111 111 209 1165 1 0 1 "Burglary"
0 20 111 111 209 1166 1 0 1 "Burglary"
0 20 111 111 209 1167 1 0 1 "Burglary"
0 20 111 111 209 1168 1 0 1 "Burglary"
0 20 111 111 209 1169 1 0 1 "Burglary"
0 20 111 111 209 1170 1 0 1 "Burglary"
0 20 111 111 209 1171 1 0 1 "Burglary"
0 20 111 111 209 1172 1 0 1 "Burglary"
0 20 111 111 209 1173 1 0 1 "Burglary"
0 20 111 111 209 1174 1 0 0 "Burglary"
0 20 110 111 209 1175 1 0 1 "Burglary"
0 21 110 112 209 1176 1 0 1 "Burglary"
0 22 110 113 209 1177 1 0 1 "Burglary"
0 23 110 114 209 1178 1 0 1 "Burglary"
0 23 109 114 209 1179 1 0 1 "Burglary"
0 24 109 115 209 1180 1 0 1 "Burglary"
0 25 109 116 209 1181 1 0 1 "Burglary"
0 26 109 117 209 1182 1 0 1 "Burglary"
0 27 108 117 209 1183 1 0 1 "Burglary"
0 27 108 118 209 1184 1 0 1 "Burglary"
0 28 108 119 209 1185 1 0 1 "Burglary"
0 29 108 120 209 1186 1 0 1 "Burglary"
0 30 107 120 209 1187 1 0 1 "Burglary"
0 31 107 121 209 1188 1 0 1 "Burglary"
0 31 107 122 209 1189 1 0 1 "Burglary"
0 32 107 123 209 1190 1 0 1 "Burglary"
0 33 106 123 209 1191 1 0 1 "Burglary"
0 34 106 124 209 1192 1 0 1 "Burglary"
0 35 106 125 209 1193 1 0 1 "Burglary"
0 35 106 126 209 1194 1 0 1 "Burglary"
0 36 105 126 209 1195 1 0 1 "Burglary"
0 37 105 127 209 1196 1 0 1 "Burglary"
0 38 105 128 209 1197 1 0 1 "Burglary"
0 38 105 129 209 1198 1 0 1 "Burglary"
0 39 104 129 209 1199 1 0 1 "Burglary"
0 40 104 130 209 1200 1 0 1 "Burglary"
0 41 104 131 209 1201 1 0 1 "Burglary"
0 42 104 132 209 1202 1 0 1 "Burglary"
0 42 103 132 209 1203 1 0 1 "Burglary"
0 43 103 133 209 1204 1 0 1 "Burglary"
0 44 103 134 209 1205 1 0 1 "Burglary"
0 45 103 135 209 1206 1 0 1 "Burglary"
0 46 102 135 209 1207 1 0 1 "Burglary"
0 46 102 136 209 1208 1 0 1 "Burglary"
0 47 102 137 209 1209 1 0 1 "Burglary"
0 48 102 138 209 1210 1 0 1 "Burglary"
0 49 101 138 209 1211 1 0 1 "Burglary"
0 50 101 139 209 1212 1 0 1 "Burglary"
0 50 101 140 209 1213 1 0 1 "Burglary"
0 51 101 141 209 1214 1 0 1 "Burglary"
0 52 100 141 209 1215 1 0 1 "Burglary"
0 53 100 142 209 1216 1 0 1 "Burglary"
0 53 100 143 209 1217 1 0 1 "Burglary"
0 54 100 144 209 1218 1 0 1 "Burglary"
0 55 99 144 209 1219 1 0 1 "Burglary"
0 56 99 145 209 1220 1 0 1 "Burglary"
0 57 99 146 209 1221 1 0 1 "Burglary"
0 57 99 147 209 1222 1 0 1 "Burglary"
0 58 98 147 209 1223 1 0 1 "Burglary"
0 59 98 148 209 1224 1 0 1 "Burglary"
0 60 98 149 209 1225 1 0 1 "Burglary"
0 61 98 150 209 1226 1 0 1 "Burglary"
0 61 97 150 209 1227 1 0 1 "Burglary"
0 62 97 151 209 1228 1 0 1 "Burglary"
0 63 97 152 209 1229 1 0 1 "Burglary"
0 64 97 153 209 1230 1 0 1 "Burglary"
0 65 96 153 209 1231 1 0 1 "Burglary"
0 65 96 154 209 1232 1 0 1 "Burglary"
0 66 96 155 209 1233 1 0 1 "Burglary"
0 67 96 156 209 1234 1 0 1 "Burglary"
0 68 95 156 209 1235 1 0 1 "Burglary"
0 68 95 157 209 1236 1 0 1 "Burglary"
0 69 95 158 209 1237 1 0 1 "Burglary"
0 70 95 159 209 1238 1 0 1 "Burglary"
0 71 94 159 209 1239 1 0 1 "Burglary"
0 72 94 160 209 1240 1 0 1 "Burglary"
0 72 94 161 209 1241 1 0 1 "Burglary"
0 73 94 162 209 1242 1 0 1 "Burglary"
0 74 93 162 209 1243 1 0 1 "Burglary"
0 75 93 163 209 1244 1 0 1 "Burglary"
0 76 93 164 209 1245 1 0 1 "Burglary"
0 76 93 165 209 1246 1 0 1 "Burglary"
0 77 92 165 209 1247 1 0 1 "Burglary"
0 78 92 166 209 1248 1 0 1 "Burglary"
0 79 92 167 209 1249 1 0 1 "Burglary"
0 80 92 168 209 1250 1 0 1 "Burglary"
0 80 91 168 209 1251 1 0 1 "Burglary"
0 81 91 169 209 1252 1 0 1 "Burglary"
0 82 91 170 209 1253 1 0 1 "Burglary"
0 83 91 171 209 1254 1 0 1 "Burglary"
0 83 90 171 209 1255 1 0 1 "Burglary"
0 84 90 172 209 1256 1 0 1 "Burglary"
0 85 90 173 209 1257 1 0 1 "Burglary"
0 86 90 174 209 1258 1 0 1 "Burglary"
0 87 89 174 209 1259 1 0 1 "Burglary"
0 87 89 175 209 1260 1 0 1 "Burglary"
0 88 89 176 209 1261 1 0 1 "Burglary"
0 89 89 177 209 1262 1 0 1 "Burglary"
0 90 88 177 209 1263 1 0 1 "Burglary"
0 91 88 178 209 1264 1 0 1 "Burglary"
0 91 88 179 209 1265 1 0 1 "Burglary"
0 92 88 180 209 1266 1 0 1 "Burglary"
0 93 87 180 209 1267 1 0 1 "Burglary"
0 94 87 181 209 1268 1 0 1 "Burglary"
0 95 87 182 209 1269 1 0 1 "Burglary"
0 95 87 183 209 1270 1 0 1 "Burglary"
0 96 86 183 209 1271 1 0 1 "Burglary"
0 97 86 184 209 1272 1 0 1 "Burglary"
0 98 86 185 209 1273 1 0 1 "Burglary"
0 99 86 186 209 1274 0 0 0 "Burglary"
0 99 85 186 208 1275 0 0 1 "Burglary"
0 100 85 187 208 1276 0 0 1 "Burglary"
0 101 85 188 208 1277 0 0 1 "Burglary"
0 101 84 188 207 1278 0 0 1 "Burglary"
0 102 84 189 207 1279 0 0 1 "Burglary"
0 103 84 190 207 1280 0 0 1 "Burglary"
0 103 83 190 206 1281 0 0 1 "Burglary"
0 104 83 191 206 1282 0 0 1 "Burglary"
0 105 83 192 206 1283 0 0 1 "Burglary"
0 106 83 193 206 1284 0 0 0 "Burglary"
0 105 82 192 205 1285 0 0 1 "Burglary"
0 105 81 192 204 1286 0 0 1 "Burglary"
0 104 80 191 203 1287 0 0 1 "Burglary"
0 104 79 191 202 1288 0 0 1 "Burglary"
0 104 78 191 201 1289 0 0 1 "Burglary"
0 103 77 190 200 1290 0 0 1 "Burglary"
0 103 76 190 199 1291 0 0 1 "Burglary"
0 102 75 189 198 1292 0 0 1 "Burglary"
0 102 74 189 197 1293 0 0 1 "Burglary"
0 102 73 189 196 1294 0 0 0 "Burglary"
0 96 71 187 194 1295 0 0 1 "Burglary"
0 91 70 185 192 1296 0 0 1 "Burglary"
0 86 68 183 191 1297 0 0 1 "Burglary"
0 80 67 181 189 1298 0 0 1 "Burglary"
0 75 65 179 188 1299 0 0 1 "Burglary"
0 70 64 177 186 1300 0 0 1 "Burglary"
0 64 62 175 184 1301 0 0 1 "Burglary"
0 59 61 173 183 1302 0 0 1 "Burglary"
0 54 59 171 181 1303 0 0 1 "Burglary"
0 49 58 169 180 1304 0 0 0 "Burglary"
0 48 57 168 182 1305 0 0 1 "Burglary"
0 48 57 167 185 1306 0 0 1 "Burglary"
0 47 56 166 187 1307 0 0 1 "Burglary"
0 47 56 165 190 1308 0 0 1 "Burglary"
0 47 56 164 193 1309 0 0 1 "Burglary"
0 46 55 163 195 1310 0 0 1 "Burglary"
0 46 55 162 198 1311 0 0 1 "Burglary"
0 45 54 161 200 1312 0 0 1 "Burglary"
0 45 54 160 203 1313 0 0 1 "Burglary"
0 45 54 160 206 1314 0 0 0 "Burglary"
0 44 55 158 205 1315 0 0 1 "Burglary"
0 44 56 156 205 1316 0 0 1 "Burglary"
0 43 57 154 205 1317 0 0 1 "Burglary"
0 43 58 153 205 1318 0 0 1 "Burglary"
0 42 59 151 205 1319 0 0 1 "Burglary"
0 42 60 149 205 1320 0 0 1 "Burglary"
0 41 61 148 205 1321 0 0 1 "Burglary"
0 41 62 146 205 1322 0 0 1 "Burglary"
0 40 63 144 205 1323 0 0 1 "Burglary"
0 40 64 143 205 1324 0 0 0 "Burglary"
0 40 63 143 204 1325 0 0 1 "Burglary"
0 41 63 144 204 1326 0 0 1 "Burglary"
0 42 63 145 204 1327 0 0 1 "Burglary"
0 42 63 145 204 1328 0 0 1 "Burglary"
0 43 63 146 204 1329 0 0 1 "Burglary"
0 44 63 147 204 1330 0 0 1 "Burglary"
0 44 63 147 204 1331 0 0 1 "Burglary"
0 45 63 148 204 1332 0 0 1 "Burglary"
0 46 63 149 204 1333 0 0 1 "Burglary"
0 47 63 150 204 1334 0 0 0 "Burglary"
0 46 64 151 203 1335 0 0 1 "Burglary"
0 46 65 153 203 1336 0 0 1 "Burglary"
0 46 67 154 203 1337 0 0 1 "Burglary"
0 45 68 156 203 1338 0 0 1 "Burglary"
0 45 69 157 203 1339 0 0 1 "Burglary"
0 45 71 159 203 1340 0 0 1 "Burglary"
0 44 72 160 203 1341 0 0 1 "Burglary"
0 44 73 162 203 1342 0 0 1 "Burglary"
0 44 75 164 203 1343 0 0 0 "Burglary"
0 43 75 165 202 1344 0 0 1 "Burglary"
0 42 75 166 202 1345 0 0 1 "Burglary"
0 41 75 168 202 1346 0 0 1 "Burglary"
0 41 75 169 202 1347 0 0 1 "Burglary"
0 40 75 171 202 1348 0 0 1 "Burglary"
0 39 75 172 202 1349 0 0 1 "Burglary"
0 39 75 173 202 1350 0 0 1 "Burglary"
0 38 75 175 202 1351 0 0 1 "Burglary"
0 37 75 176 202 1352 0 0 1 "Burglary"
0 37 75 178 202 1353 0 0 0 "Burglary"
0 36 75 178 202 1354 0 0 1 "Burglary"
0 36 76 179 202 1355 0 0 1 "Burglary"
0 35 76 180 203 1356 0 0 1 "Burglary"
0 35 77 181 203 1357 0 0 1 "Burglary"
0 35 77 182 204 1358 0 0 1 "Burglary"
0 34 78 182 204 1359 0 0 1 "Burglary"
0 34 78 183 204 1360 0 0 1 "Burglary"
0 33 79 184 205 1361 0 0 1 "Burglary"
0 33 79 185 205 1362 0 0 1 "Burglary"
0 33 80 186 206 1363 0 0 0 "Burglary"
0 32 82 184 206 1364 0 0 1 "Burglary"
0 32 84 183 206 1365 0 0 1 "Burglary"
0 32 87 181 206 1366 0 0 1 "Burglary"
0 32 89 180 207 1367 0 0 1 "Burglary"
0 32 92 178 207 1368 0 0 1 "Burglary"
0 32 94 177 207 1369 0 0 1 "Burglary"
0 32 96 175 208 1370 0 0 1 "Burglary"
0 32 99 174 208 1371 0 0 1 "Burglary"
0 32 101 172 208 1372 0 0 1 "Burglary"
0 32 104 171 209 1373 0 0 0 "Burglary"
0 31 104 170 209 1374 0 0 1 "Burglary"
0 31 104 170 209 1375 0 0 1 "Burglary"
0 30 104 169 209 1376 0 0 1 "Burglary"
0 30 104 169 209 1377 0 0 1 "Burglary"
0 29 104 168 209 1378 0 0 1 "Burglary"
0 29 104 168 209 1379 0 0 1 "Burglary"
0 28 104 167 209 1380 0 0 1 "Burglary"
0 28 104 167 209 1381 0 0 1 "Burglary"
0 27 104 166 209 1382 0 0 1 "Burglary"
0 27 104 166 209 1383 0 0 0 "Burglary"
0 26 104 166 209 1384 0 0 1 "Burglary"
0 26 104 166 209 1385 0 0 1 "Burglary"
0 26 104 166 209 1386 0 0 1 "Burglary"
0 25 104 166 209 1387 0 0 1 "Burglary"
0 25 104 166 209 1388 0 0 1 "Burglary"
0 25 104 166 209 1389 0 0 1 "Burglary"
0 24 105 166 209 1390 0 0 1 "Burglary"
0 24 105 166 209 1391 0 0 1 "Burglary"
0 24 105 166 209 1392 0 0 1 "Burglary"
0 24 105 167 209 1393 0 0 1 "Burglary"
0 23 105 167 209 1394 0 0 1 "Burglary"
0 23 105 167 209 1395 0 0 1 "Burglary"
0 23 105 167 209 1396 0 0 1 "Burglary"
0 22 106 167 209 1397 0 0 1 "Burglary"
0 22 106 167 209 1398 0 0 1 "Burglary"
0 22 106 167 209 1399 0 0 1 "Burglary"
0 21 106 167 209 1400 0 0 1 "Burglary"
0 21 106 167 209 1401 0 0 1 "Burglary"
0 21 106 167 209 1402 0 0 1 "Burglary"
0 21 107 168 210 1403 0 0 0 "Burglary"
0 21 107 168 210 1404 0 0 1 "Burglary"
0 22 107 169 210 1405 0 0 1 "Burglary"
0 23 107 170 210 1406 0 0 1 "Burglary"
0 23 107 170 210 1407 0 0 1 "Burglary"
0 24 107 171 210 1408 0 0 1 "Burglary"
0 25 107 172 210 1409 0 0 1 "Burglary"
0 25 107 172 210 1410 0 0 1 "Burglary"
0 26 107 173 210 1411 0 0 1 "Burglary"
0 27 107 174 210 1412 0 0 1 "Burglary"
0 28 107 175 210 1413 0 0 0 "Burglary"
0 28 105 174 210 1414 0 0 1 "Burglary"
0 28 104 174 210 1415 0 0 1 "Burglary"
0 28 103 174 210 1416 0 0 1 "Burglary"
0 28 102 174 210 1417 0 0 1 "Burglary"
0 28 101 174 210 1418 0 0 1 "Burglary"
0 28 100 174 210 1419 0 0 1 "Burglary"
0 28 99 174 210 1420 0 0 1 "Burglary"
0 28 98 174 210 1421 0 0 1 "Burglary"
0 28 97 174 210 1422 0 0 1 "Burglary"
0 28 96 174 210 1423 0 0 1 "Burglary"
0 28 95 173 210 1424 0 0 1 "Burglary"
0 28 94 173 210 1425 0 0 1 "Burglary"
0 28 93 173 210 1426 0 0 1 "Burglary"
0 28 92 173 210 1427 0 0 1 "Burglary"
0 28 91 173 210 1428 0 0 1 "Burglary"
0 28 90 173 210 1429 0 0 1 "Burglary"
0 28 89 173 210 1430 0 0 1 "Burglary"
0 28 88 173 210 1431 0 0 1 "Burglary"
0 28 87 173 210 1432 0 0 1 "Burglary"
0 28 86 173 210 1433 0 0 0 "Burglary"
0 28 85 173 208 1434 0 0 1 "Burglary"
0 28 84 174 207 1435 0 0 1 "Burglary"
0 28 83 174 206 1436 0 0 1 "Burglary"
0 28 82 175 205 1437 0 0 1 "Burglary"
0 28 81 176 204 1438 0 0 1 "Burglary"
0 28 80 176 203 1439 0 0 1 "Burglary"
0 28 79 177 202 1440 0 0 1 "Burglary"
0 28 78 177 201 1441 0 0 1 "Burglary"
0 28 77 178 200 1442 0 0 1 "Burglary"
0 28 76 179 199 1443 0 0 0 "Burglary"
0 28 74 179 197 1444 0 0 1 "Burglary"
0 28 73 179 196 1445 0 0 1 "Burglary"
0 28 72 179 195 1446 0 0 1 "Burglary"
0 28 71 179 194 1447 0 0 1 "Burglary"
0 28 70 179 193 1448 0 0 1 "Burglary"
0 28 68 179 191 1449 0 0 1 "Burglary"
0 28 67 179 190 1450 0 0 1 "Burglary"
0 28 66 179 189 1451 0 0 1 "Burglary"
0 28 65 179 188 1452 0 0 1 "Burglary"
0 28 64 179 187 1453 0 0 0 "Burglary"
0 29 63 180 187 1454 0 0 1 "Burglary"
0 30 62 181 188 1455 0 0 1 "Burglary"
0 31 61 182 189 1456 0 0 1 "Burglary"
0 33 60 183 189 1457 0 0 1 "Burglary"
0 34 59 185 190 1458 0 0 1 "Burglary"
0 35 58 186 191 1459 0 0 1 "Burglary"
0 37 57 187 191 1460 0 0 1 "Burglary"
0 38 56 188 192 1461 0 0 1 "Burglary"
0 39 55 189 193 1462 0 0 1 "Burglary"
0 41 55 191 194 1463 0 0 0 "Burglary"
0 42 55 190 193 1464 0 0 1 "Burglary"
0 44 55 190 192 1465 0 0 1 "Burglary"
0 46 55 190 191 1466 0 0 1 "Burglary"
0 48 55 189 191 1467 0 0 1 "Burglary"
0 50 55 189 190 1468 0 0 1 "Burglary"
0 52 55 189 189 1469 0 0 1 "Burglary"
0 54 55 188 189 1470 0 0 1 "Burglary"
0 56 55 188 188 1471 0 0 1 "Burglary"
0 58 55 188 187 1472 0 0 1 "Burglary"
0 60 55 188 187 1473 0 0 0 "Burglary"
0 59 55 188 186 1474 0 0 1 "Burglary"
0 58 55 188 186 1475 0 0 1 "Burglary"
0 58 55 188 186 1476 0 0 1 "Burglary"
0 57 55 188 186 1477 0 0 1 "Burglary"
0 57 55 188 186 1478 0 0 1 "Burglary"
0 56 55 188 186 1479 0 0 1 "Burglary"
0 55 55 188 186 1480 0 0 1 "Burglary"
0 55 55 188 186 1481 0 0 1 "Burglary"
0 54 55 188 186 1482 0 0 1 "Burglary"
0 54 55 188 186 1483 0 0 0 "Burglary"
0 53 55 186 185 1484 0 0 1 "Burglary"
0 52 55 185 185 1485 0 0 1 "Burglary"
0 51 55 183 185 1486 0 0 1 "Burglary"
0 50 55 182 185 1487 0 0 1 "Burglary"
0 49 55 180 185 1488 0 0 1 "Burglary"
0 48 55 179 184 1489 0 0 1 "Burglary"
0 47 55 177 184 1490 0 0 1 "Burglary"
0 46 55 176 184 1491 0 0 1 "Burglary"
0 45 55 174 184 1492 0 0 1 "Burglary"
0 45 55 173 184 1493 0 0 0 "Burglary"
0 46 55 173 184 1494 0 0 1 "Burglary"
0 48 55 173 184 1495 0 0 1 "Burglary"
0 49 55 173 184 1496 0 0 1 "Burglary"
0 51 55 173 184 1497 0 0 1 "Burglary"
0 52 55 174 184 1498 0 0 1 "Burglary"
0 54 55 174 184 1499 0 0 1 "Burglary"
0 55 55 174 184 1500 0 0 1 "Burglary"
0 57 55 174 184 1501 0 0 1 "Burglary"
0 58 55 174 184 1502 0 0 1 "Burglary"
0 60 56 175 184 1503 0 0 1 "Burglary"
0 61 56 175 184 1504 0 0 1 "Burglary"
0 63 56 175 184 1505 0 0 1 "Burglary"
0 64 56 175 184 1506 0 0 1 "Burglary"
0 66 56 175 184 1507 0 0 1 "Burglary"
0 67 56 176 184 1508 0 0 1 "Burglary"
0 69 56 176 184 1509 0 0 1 "Burglary"
0 70 56 176 184 1510 0 0 1 "Burglary"
0 72 56 176 184 1511 0 0 1 "Burglary"
0 73 56 176 184 1512 0 0 1 "Burglary"
0 75 57 177 185 1513 0 0 0 "Burglary"
0 75 57 177 185 1514 0 0 1 "Burglary"
0 75 58 177 186 1515 0 0 1 "Burglary"
0 75 58 177 186 1516 0 0 1 "Burglary"
0 75 59 177 187 1517 0 0 1 "Burglary"
0 75 59 177 187 1518 0 0 1 "Burglary"
0 75 60 177 188 1519 0 0 1 "Burglary"
0 75 60 177 188 1520 0 0 1 "Burglary"
0 75 61 177 189 1521 0 0 1 "Burglary"
0 75 61 177 189 1522 0 0 1 "Burglary"
0 75 62 177 190 1523 0 0 0 "Burglary"
0 74 62 176 190 1524 0 0 1 "Burglary"
0 74 62 176 190 1525 0 0 1 "Burglary"
0 73 62 175 190 1526 0 0 1 "Burglary"
0 73 62 175 190 1527 0 0 1 "Burglary"
0 73 63 175 191 1528 0 0 1 "Burglary"
0 72 63 174 191 1529 0 0 1 "Burglary"
0 72 63 174 191 1530 0 0 1 "Burglary"
0 71 63 173 191 1531 0 0 1 "Burglary"
0 71 63 173 191 1532 0 0 1 "Burglary"
0 71 64 173 192 1533 0 0 0 "Burglary"
0 70 63 172 191 1534 0 0 1 "Burglary"
0 70 63 172 191 1535 0 0 1 "Burglary"
0 69 63 171 191 1536 0 0 1 "Burglary"
0 69 63 171 191 1537 0 0 1 "Burglary"
0 69 63 171 191 1538 0 0 1 "Burglary"
0 68 63 170 191 1539 0 0 1 "Burglary"
0 68 63 170 191 1540 0 0 1 "Burglary"
0 67 63 169 191 1541 0 0 1 "Burglary"
0 67 63 169 191 1542 0 0 1 "Burglary"
0 67 63 169 191 1543 0 0 0 "Burglary"
0 67 63 169 191 1544 0 0 1 "Burglary"
0 68 63 170 191 1545 0 0 1 "Burglary"
0 69 63 171 191 1546 0 0 1 "Burglary"
0 69 63 171 191 1547 0 0 1 "Burglary"
0 70 63 172 191 1548 0 0 1 "Burglary"
0 71 63 173 191 1549 0 0 1 "Burglary"
0 71 63 173 191 1550 0 0 1 "Burglary"
0 72 63 174 191 1551 0 0 1 "Burglary"
0 73 63 175 191 1552 0 0 1 "Burglary"
0 74 63 176 191 1553 0 0 0 "Burglary"
0 77 65 177 190 1554 0 0 1 "Burglary"
0 80 67 179 190 1555 0 0 1 "Burglary"
0 83 69 180 190 1556 0 0 1 "Burglary"
0 87 71 182 190 1557 0 0 1 "Burglary"
0 90 73 183 190 1558 0 0 1 "Burglary"
0 93 75 185 189 1559 0 0 1 "Burglary"
0 97 77 186 189 1560 0 0 1 "Burglary"
0 100 79 188 189 1561 0 0 1 "Burglary"
0 103 81 189 189 1562 0 0 1 "Burglary"
0 107 84 191 189 1563 0 0 0 "Burglary"
0 110 83 194 188 1564 0 0 1 "Burglary"
0 114 82 198 187 1565 0 0 1 "Burglary"
0 118 81 202 186 1566 0 0 1 "Burglary"
0 121 80 205 185 1567 0 0 1 "Burglary"
0 125 79 209 184 1568 0 0 1 "Burglary"
0 129 78 213 183 1569 0 0 1 "Burglary"
0 132 77 216 182 1570 0 0 1 "Burglary"
0 136 76 220 181 1571 0 0 1 "Burglary"
0 140 75 224 180 1572 0 0 1 "Burglary"
0 144 75 228 180 1573 1 0 0 "Burglary"
0 150 73 230 178 1574 1 0 1 "Burglary"
0 156 72 233 177 1575 1 0 1 "Burglary"
0 162 71 235 176 1576 1 0 1 "Burglary"
0 168 70 238 175 1577 1 0 1 "Burglary"
0 174 69 240 174 1578 1 0 1 "Burglary"
0 180 68 243 173 1579 1 0 1 "Burglary"
0 186 67 245 171 1580 1 0 1 "Burglary"
0 192 66 248 170 1581 1 0 1 "Burglary"
0 198 65 250 169 1582 1 0 1 "Burglary"
0 204 64 253 168 1583 1 0 1 "Burglary"
0 210 63 255 167 1584 1 0 1 "Burglary"
0 217 62 258 166 1585 1 0 0 "Burglary"
0 215 61 257 166 1586 1 0 1 "Burglary"
0 214 61 257 166 1587 1 0 1 "Burglary"
0 213 61 256 166 1588 1 0 1 "Burglary"
0 212 61 256 166 1589 1 0 1 "Burglary"
0 211 61 256 167 1590 1 0 1 "Burglary"
0 210 61 255 167 1591 1 0 1 "Burglary"
0 209 61 255 167 1592 1 0 1 "Burglary"
0 208 61 255 167 1593 1 0 1 "Burglary"
0 207 61 254 167 1594 1 0 1 "Burglary"
0 206 61 254 168 1595 1 0 1 "Burglary"
0 205 61 253 168 1596 1 0 1 "Burglary"
0 204 61 253 168 1597 1 0 1 "Burglary"
0 203 61 253 168 1598 1 0 1 "Burglary"
0 202 61 252 168 1599 1 0 1 "Burglary"
0 201 60 252 169 1600 1 0 1 "Burglary"
0 200 60 252 169 1601 1 0 1 "Burglary"
0 199 60 251 169 1602 1 0 1 "Burglary"
0 198 60 251 169 1603 1 0 1 "Burglary"
0 197 60 250 170 1604 1 0 1 "Burglary"
0 196 60 250 170 1605 1 0 1 "Burglary"
0 195 60 250 170 1606 1 0 1 "Burglary"
0 194 60 249 170 1607 1 0 1 "Burglary"
0 193 60 249 170 1608 1 0 1 "Burglary"
0 192 60 249 171 1609 1 0 1 "Burglary"
0 191 60 248 171 1610 1 0 1 "Burglary"
0 190 60 248 171 1611 1 0 1 "Burglary"
0 189 60 247 171 1612 1 0 1 "Burglary"
0 188 60 247 171 1613 1 0 1 "Burglary"
0 187 59 247 172 1614 1 0 1 "Burglary"
0 186 59 246 172 1615 1 0 1 "Burglary"
0 185 59 246 172 1616 1 0 1 "Burglary"
0 184 59 246 172 1617 1 0 1 "Burglary"
0 183 59 245 173 1618 1 0 1 "Burglary"
0 182 59 245 173 1619 1 0 1 "Burglary"
0 181 59 245 173 1620 1 0 1 "Burglary"
0 180 59 244 173 1621 1 0 1 "Burglary"
0 179 59 244 173 1622 1 0 1 "Burglary"
0 178 59 243 174 1623 1 0 1 "Burglary"
0 177 59 243 174 1624 1 0 1 "Burglary"
0 176 59 243 174 1625 1 0 1 "Burglary"
0 174 59 242 174 1626 1 0 1 "Burglary"
0 173 59 242 174 1627 1 0 1 "Burglary"
0 172 59 242 175 1628 1 0 1 "Burglary"
0 171 58 241 175 1629 1 0 1 "Burglary"
0 170 58 241 175 1630 1 0 1 "Burglary"
0 169 58 240 175 1631 1 0 1 "Burglary"
0 168 58 240 176 1632 1 0 1 "Burglary"
0 167 58 240 176 1633 1 0 1 "Burglary"
0 166 58 239 176 1634 1 0 1 "Burglary"
0 165 58 239 176 1635 1 0 1 "Burglary"
0 164 58 239 176 1636 1 0 1 "Burglary"
0 163 58 238 177 1637 1 0 1 "Burglary"
0 162 58 238 177 1638 1 0 1 "Burglary"
0 161 58 237 177 1639 1 0 1 "Burglary"
0 160 58 237 177 1640 1 0 1 "Burglary"
0 159 58 237 177 1641 1 0 1 "Burglary"
0 158 58 236 178 1642 1 0 1 "Burglary"
0 157 57 236 178 1643 1 0 1 "Burglary"
0 156 57 236 178 1644 1 0 1 "Burglary"
0 155 57 235 178 1645 1 0 1 "Burglary"
0 154 57 235 178 1646 1 0 1 "Burglary"
0 153 57 234 179 1647 1 0 1 "Burglary"
0 152 57 234 179 1648 1 0 1 "Burglary"
0 151 57 234 179 1649 1 0 1 "Burglary"
0 150 57 233 179 1650 1 0 1 "Burglary"
0 149 57 233 180 1651 1 0 1 "Burglary"
0 148 57 233 180 1652 1 0 1 "Burglary"
0 147 57 232 180 1653 1 0 1 "Burglary"
0 146 57 232 180 1654 1 0 1 "Burglary"
0 145 57 232 180 1655 1 0 1 "Burglary"
0 144 57 231 181 1656 1 0 1 "Burglary"
0 143 57 231 181 1657 1 0 1 "Burglary"
0 142 56 230 181 1658 1 0 1 "Burglary"
0 141 56 230 181 1659 1 0 1 "Burglary"
0 140 56 230 181 1660 1 0 1 "Burglary"
0 139 56 229 182 1661 1 0 1 "Burglary"
0 138 56 229 182 1662 1 0 1 "Burglary"
0 137 56 229 182 1663 1 0 1 "Burglary"
0 136 56 228 182 1664 1 0 1 "Burglary"
0 135 56 228 183 1665 1 0 1 "Burglary"
0 133 56 227 183 1666 1 0 1 "Burglary"
0 132 56 227 183 1667 1 0 1 "Burglary"
0 131 56 227 183 1668 1 0 1 "Burglary"
0 130 56 226 183 1669 1 0 1 "Burglary"
0 129 56 226 184 1670 1 0 1 "Burglary"
0 128 56 226 184 1671 1 0 1 "Burglary"
0 127 55 225 184 1672 1 0 1 "Burglary"
0 126 55 225 184 1673 1 0 1 "Burglary"
0 125 55 224 184 1674 1 0 1 "Burglary"
0 124 55 224 185 1675 1 0 1 "Burglary"
0 123 55 224 185 1676 1 0 1 "Burglary"
0 122 55 223 185 1677 1 0 1 "Burglary"
0 121 55 223 185 1678 1 0 1 "Burglary"
0 120 55 223 186 1679 1 0 1 "Burglary"
0 119 55 222 186 1680 1 0 1 "Burglary"
0 118 55 222 186 1681 1 0 1 "Burglary"
0 117 55 221 186 1682 1 0 1 "Burglary"
0 116 55 221 186 1683 1 0 1 "Burglary"
0 115 55 221 187 1684 1 0 1 "Burglary"
0 114 55 220 187 1685 1 0 1 "Burglary"
0 113 55 220 187 1686 1 0 1 "Burglary"
0 112 54 220 187 1687 1 0 1 "Burglary"
0 111 54 219 187 1688 1 0 1 "Burglary"
0 110 54 219 188 1689 1 0 1 "Burglary"
0 109 54 219 188 1690 1 0 1 "Burglary"
0 108 54 218 188 1691 1 0 1 "Burglary"
0 107 54 218 188 1692 1 0 1 "Burglary"
0 106 54 217 188 1693 1 0 1 "Burglary"
0 105 54 217 189 1694 1 0 1 "Burglary"
0 104 54 217 189 1695 1 0 1 "Burglary"
0 103 54 216 189 1696 1 0 1 "Burglary"
0 102 54 216 189 1697 1 0 1 "Burglary"
0 101 54 216 190 1698 1 0 1 "Burglary"
0 100 54 215 190 1699 1 0 1 "Burglary"
0 99 54 215 190 1700 1 0 1 "Burglary"
0 98 53 214 190 1701 1 0 1 "Burglary"
0 97 53 214 190 1702 1 0 1 "Burglary"
0 96 53 214 191 1703 1 0 1 "Burglary"
0 95 53 213 191 1704 1 0 1 "Burglary"
0 94 53 213 191 1705 1 0 1 "Burglary"
0 93 53 213 191 1706 1 0 1 "Burglary"
0 91 53 212 191 1707 1 0 1 "Burglary"
0 90 53 212 192 1708 1 0 1 "Burglary"
0 89 53 211 192 1709 1 0 1 "Burglary"
0 88 53 211 192 1710 1 0 1 "Burglary"
0 87 53 211 192 1711 1 0 1 "Burglary"
0 86 53 210 193 1712 1 0 1 "Burglary"
0 85 53 210 193 1713 1 0 1 "Burglary"
0 84 53 210 193 1714 1 0 1 "Burglary"
0 83 52 209 193 1715 1 0 1 "Burglary"
0 82 52 209 193 1716 1 0 1 "Burglary"
0 81 52 208 194 1717 1 0 1 "Burglary"
0 80 52 208 194 1718 1 0 1 "Burglary"
0 79 52 208 194 1719 1 0 1 "Burglary"
0 78 52 207 194 1720 1 0 1 "Burglary"
0 77 52 207 194 1721 1 0 1 "Burglary"
0 76 52 207 195 1722 1 0 1 "Burglary"
0 75 52 206 195 1723 1 0 1 "Burglary"
0 74 52 206 195 1724 1 0 1 "Burglary"
0 73 52 206 195 1725 1 0 1 "Burglary"
0 72 52 205 196 1726 1 0 1 "Burglary"
0 71 52 205 196 1727 1 0 1 "Burglary"
0 70 52 204 196 1728 1 0 1 "Burglary"
0 69 52 204 196 1729 1 0 1 "Burglary"
0 68 51 204 196 1730 1 0 1 "Burglary"
0 67 51 203 197 1731 1 0 1 "Burglary"
0 66 51 203 197 1732 1 0 1 "Burglary"
0 65 51 203 197 1733 1 0 1 "Burglary"
0 64 51 202 197 1734 1 0 1 "Burglary"
0 63 51 202 197 1735 1 0 1 "Burglary"
0 62 51 201 198 1736 1 0 1 "Burglary"
0 61 51 201 198 1737 1 0 1 "Burglary"
0 60 51 201 198 1738 1 0 1 "Burglary"
0 59 51 200 198 1739 1 0 1 "Burglary"
0 58 51 200 198 1740 1 0 1 "Burglary"
0 57 51 200 199 1741 1 0 1 "Burglary"
0 56 51 199 199 1742 1 0 1 "Burglary"
0 55 51 199 199 1743 1 0 1 "Burglary"
0 54 50 198 199 1744 1 0 1 "Burglary"
0 53 50 198 200 1745 1 0 1 "Burglary"
0 52 50 198 200 1746 1 0 1 "Burglary"
0 50 50 197 200 1747 1 0 1 "Burglary"
0 49 50 197 200 1748 1 0 1 "Burglary"
0 48 50 197 200 1749 1 0 1 "Burglary"
0 47 50 196 201 1750 1 0 1 "Burglary"
0 46 50 196 201 1751 1 0 1 "Burglary"
0 45 50 195 201 1752 1 0 1 "Burglary"
0 44 50 195 201 1753 1 0 1 "Burglary"
0 43 50 195 201 1754 1 0 1 "Burglary"
0 42 50 194 202 1755 1 0 1 "Burglary"
0 41 50 194 202 1756 1 0 1 "Burglary"
0 40 50 194 202 1757 1 0 1 "Burglary"
0 39 50 193 202 1758 1 0 1 "Burglary"
0 38 49 193 203 1759 1 0 1 "Burglary"
0 37 49 193 203 1760 1 0 1 "Burglary"
0 36 49 192 203 1761 1 0 1 "Burglary"
0 35 49 192 203 1762 1 0 1 "Burglary"
0 34 49 191 203 1763 1 0 1 "Burglary"
0 33 49 191 204 1764 1 0 1 "Burglary"
0 32 49 191 204 1765 1 0 1 "Burglary"
0 31 49 190 204 1766 1 0 1 "Burglary"
0 30 49 190 204 1767 1 0 1 "Burglary"
0 29 49 190 204 1768 1 0 1 "Burglary"
0 28 49 189 205 1769 1 0 1 "Burglary"
0 27 49 189 205 1770 1 0 1 "Burglary"
0 26 49 188 205 1771 1 0 1 "Burglary"
0 25 49 188 205 1772 1 0 1 "Burglary"
0 24 48 188 206 1773 1 0 1 "Burglary"
0 23 48 187 206 1774 1 0 1 "Burglary"
0 22 48 187 206 1775 1 0 1 "Burglary"
0 21 48 187 206 1776 1 0 1 "Burglary"
0 20 48 186 206 1777 1 0 1 "Burglary"
0 19 48 186 207 1778 1 0 1 "Burglary"
0 18 48 185 207 1779 1 0 1 "Burglary"
0 17 48 185 207 1780 1 0 1 "Burglary"
0 16 48 185 207 1781 1 0 1 "Burglary"
0 15 48 184 207 1782 1 0 1 "Burglary"
0 14 48 184 208 1783 1 0 1 "Burglary"
0 13 48 184 208 1784 1 0 1 "Burglary"
0 12 48 183 208 1785 1 0 1 "Burglary"
0 11 48 183 208 1786 1 0 1 "Burglary"
0 10 48 183 209 1787 1 0 0 "Burglary"
