0 191 41 273 204 0 1 0 0 "Burglary"
0 191 41 273 204 1 1 0 1 "Burglary"
0 191 41 273 204 2 1 0 1 "Burglary"
0 191 41 273 204 3 1 0 1 "Burglary"
0 191 41 273 204 4 1 0 1 "Burglary"
0 191 41 273 204 5 1 0 1 "Burglary"
0 191 41 273 204 6 1 0 1 "Burglary"
0 191 41 273 204 7 1 0 1 "Burglary"
0 191 41 273 204 8 1 0 1 "Burglary"
0 191 41 273 204 9 1 0 1 "Burglary"
0 191 41 273 204 10 1 0 1 "Burglary"
0 191 41 273 204 11 1 0 1 "Burglary"
0 191 41 273 204 12 1 0 1 "Burglary"
0 191 41 273 204 13 1 0 1 "Burglary"
0 191 41 273 204 14 1 0 1 "Burglary"
0 191 41 273 204 15 1 0 1 "Burglary"
0 191 41 273 204 16 1 0 1 "Burglary"
0 191 41 273 204 17 1 0 1 "Burglary"
0 191 41 273 204 18 1 0 1 "Burglary"
0 191 41 273 204 19 1 0 1 "Burglary"
0 191 41 273 204 20 1 0 1 "Burglary"
0 191 41 273 204 21 1 0 1 "Burglary"
0 191 41 273 204 22 1 0 1 "Burglary"
0 191 41 273 204 23 1 0 1 "Burglary"
0 191 41 273 204 24 1 0 1 "Burglary"
0 191 41 273 204 25 1 0 1 "Burglary"
0 191 41 273 204 26 1 0 1 "Burglary"
0 191 41 273 204 27 1 0 1 "Burglary"
0 191 41 273 204 28 1 0 1 "Burglary"
0 191 41 273 204 29 1 0 1 "Burglary"
0 191 41 273 204 30 1 0 1 "Burglary"
0 191 41 273 204 31 1 0 1 "Burglary"
0 191 41 273 204 32 1 0 1 "Burglary"
0 191 41 273 204 33 1 0 1 "Burglary"
0 191 41 273 204 34 1 0 1 "Burglary"
0 191 41 273 204 35 1 0 1 "Burglary"
0 191 41 273 204 36 1 0 1 "Burglary"
0 191 41 273 204 37 1 0 1 "Burglary"
0 191 41 273 204 38 1 0 1 "Burglary"
0 191 41 273 204 39 1 0 1 "Burglary"
0 191 41 273 204 40 1 0 1 "Burglary"
0 191 41 273 204 41 1 0 1 "Burglary"
0 191 41 273 204 42 1 0 1 "Burglary"
0 191 41 273 204 43 1 0 1 "Burglary"
0 191 41 273 204 44 1 0 1 "Burglary"
0 191 41 273 204 45 1 0 1 "Burglary"
0 191 41 273 204 46 1 0 1 "Burglary"
0 191 41 273 204 47 1 0 1 "Burglary"
0 191 41 273 204 48 1 0 1 "Burglary"
0 191 41 273 204 49 1 0 1 "Burglary"
0 191 41 273 204 50 1 0 1 "Burglary"
0 191 41 273 204 51 1 0 1 "Burglary"
0 191 41 273 204 52 1 0 1 "Burglary"
0 191 41 273 204 53 1 0 1 "Burglary"
0 191 41 273 204 54 1 0 1 "Burglary"
0 191 41 273 204 55 1 0 1 "Burglary"
0 191 41 273 204 56 1 0 1 "Burglary"
0 191 41 273 204 57 0 0 0 "Burglary"
0 190 42 272 207 58 0 0 1 "Burglary"
0 189 43 271 210 59 0 0 1 "Burglary"
0 188 44 270 213 60 0 0 1 "Burglary"
0 187 45 269 216 61 0 0 1 "Burglary"
0 186 46 268 219 62 0 0 1 "Burglary"
0 185 47 268 222 63 0 0 1 "Burglary"
0 184 48 267 225 64 0 0 1 "Burglary"
0 183 49 266 228 65 0 0 1 "Burglary"
0 182 50 265 231 66 0 0 1 "Burglary"
0 181 51 264 234 67 0 0 1 "Burglary"
0 180 52 264 237 68 0 0 0 "Burglary"
0 180 52 264 236 69 0 0 1 "Burglary"
0 180 53 264 236 70 0 0 1 "Burglary"
0 180 53 264 236 71 0 0 1 "Burglary"
0 181 54 264 236 72 0 0 1 "Burglary"
0 181 54 265 236 73 0 0 1 "Burglary"
0 181 55 265 236 74 0 0 1 "Burglary"
0 182 55 265 236 75 0 0 1 "Burglary"
0 182 56 265 236 76 0 0 1 "Burglary"
0 182 56 265 236 77 0 0 1 "Burglary"
0 183 57 266 236 78 0 0 0 "Burglary"
0 183 57 266 236 79 0 0 1 "Burglary"
0 183 58 266 236 80 0 0 1 "Burglary"
0 183 58 267 236 81 0 0 1 "Burglary"
0 183 59 267 236 82 0 0 1 "Burglary"
0 184 59 268 236 83 0 0 1 "Burglary"
0 184 60 268 236 84 0 0 1 "Burglary"
0 184 60 268 236 85 0 0 1 "Burglary"
0 184 61 269 236 86 0 0 1 "Burglary"
0 184 61 269 236 87 0 0 1 "Burglary"
0 185 62 270 236 88 0 0 1 "Burglary"
0 185 62 270 236 89 0 0 1 "Burglary"
0 185 63 270 236 90 0 0 1 "Burglary"
0 185 63 271 236 91 0 0 1 "Burglary"
0 185 64 271 236 92 0 0 1 "Burglary"
0 186 64 272 236 93 0 0 1 "Burglary"
0 186 65 272 236 94 0 0 1 "Burglary"
0 186 65 272 236 95 0 0 1 "Burglary"
0 186 66 273 236 96 0 0 1 "Burglary"
0 186 66 273 236 97 0 0 1 "Burglary"
0 187 67 274 236 98 0 0 0 "Burglary"
0 185 67 274 235 99 0 0 1 "Burglary"
0 184 67 274 235 100 0 0 1 "Burglary"
0 183 67 274 235 101 0 0 1 "Burglary"
0 181 67 274 235 102 0 0 1 "Burglary"
0 180 67 274 235 103 0 0 1 "Burglary"
0 179 67 274 235 104 0 0 1 "Burglary"
0 177 67 274 235 105 0 0 1 "Burglary"
0 176 67 274 235 106 0 0 1 "Burglary"
0 175 67 274 235 107 0 0 1 "Burglary"
0 174 67 274 235 108 0 0 0 "Burglary"
0 173 67 273 235 109 0 0 1 "Burglary"
0 173 67 273 235 110 0 0 1 "Burglary"
0 172 67 272 235 111 0 0 1 "Burglary"
0 172 67 272 235 112 0 0 1 "Burglary"
0 171 67 271 235 113 0 0 1 "Burglary"
0 171 67 271 235 114 0 0 1 "Burglary"
0 170 67 270 235 115 0 0 1 "Burglary"
0 170 67 270 235 116 0 0 1 "Burglary"
0 169 67 269 235 117 0 0 1 "Burglary"
0 169 67 269 235 118 0 0 0 "Burglary"
0 169 66 269 235 119 0 0 1 "Burglary"
0 169 66 269 235 120 0 0 1 "Burglary"
0 169 66 269 235 121 0 0 1 "Burglary"
0 169 66 269 235 122 0 0 1 "Burglary"
0 169 66 269 235 123 0 0 1 "Burglary"
0 169 66 269 235 124 0 0 1 "Burglary"
0 169 66 269 235 125 0 0 1 "Burglary"
0 169 66 269 235 126 0 0 1 "Burglary"
0 169 66 269 235 127 0 0 1 "Burglary"
0 169 66 269 235 128 0 0 1 "Burglary"
0 169 66 269 235 129 0 0 1 "Burglary"
0 169 66 269 235 130 0 0 1 "Burglary"
0 169 66 269 235 131 0 0 1 "Burglary"
0 170 66 269 235 132 0 0 1 "Burglary"
0 170 66 269 235 133 0 0 1 "Burglary"
0 170 66 270 235 134 0 0 1 "Burglary"
0 170 65 270 235 135 0 0 1 "Burglary"
0 170 65 270 235 136 0 0 1 "Burglary"
0 170 65 270 235 137 0 0 1 "Burglary"
0 170 65 270 235 138 0 0 1 "Burglary"
0 170 65 270 235 139 0 0 1 "Burglary"
0 170 65 270 235 140 0 0 1 "Burglary"
0 170 65 270 235 141 0 0 1 "Burglary"
0 170 65 270 235 142 0 0 1 "Burglary"
0 170 65 270 235 143 0 0 1 "Burglary"
0 170 65 270 235 144 0 0 1 "Burglary"
0 171 65 270 235 145 0 0 1 "Burglary"
0 171 65 270 235 146 0 0 1 "Burglary"
0 171 65 270 235 147 0 0 1 "Burglary"
0 171 65 270 235 148 0 0 1 "Burglary"
0 171 65 270 235 149 0 0 1 "Burglary"
0 171 65 271 235 150 0 0 1 "Burglary"
0 171 64 271 235 151 0 0 1 "Burglary"
0 171 64 271 235 152 0 0 1 "Burglary"
0 171 64 271 235 153 0 0 1 "Burglary"
0 171 64 271 235 154 0 0 1 "Burglary"
0 171 64 271 235 155 0 0 1 "Burglary"
0 171 64 271 235 156 0 0 1 "Burglary"
0 171 64 271 235 157 0 0 1 "Burglary"
0 172 64 271 235 158 0 0 1 "Burglary"
0 172 64 271 235 159 0 0 1 "Burglary"
0 172 64 271 235 160 0 0 1 "Burglary"
0 172 64 271 235 161 0 0 1 "Burglary"
0 172 64 271 235 162 0 0 1 "Burglary"
0 172 64 271 235 163 0 0 1 "Burglary"
0 172 64 271 235 164 0 0 1 "Burglary"
0 172 64 271 235 165 0 0 1 "Burglary"
0 172 64 272 235 166 0 0 1 "Burglary"
0 172 63 272 235 167 0 0 1 "Burglary"
0 172 63 272 235 168 0 0 1 "Burglary"
0 172 63 272 235 169 0 0 1 "Burglary"
0 172 63 272 235 170 0 0 1 "Burglary"
0 172 63 272 235 171 0 0 1 "Burglary"
0 173 63 272 235 172 0 0 1 "Burglary"
0 173 63 272 235 173 0 0 1 "Burglary"
0 173 63 272 235 174 0 0 1 "Burglary"
0 173 63 272 235 175 0 0 1 "Burglary"
0 173 63 272 235 176 0 0 1 "Burglary"
0 173 63 272 235 177 0 0 1 "Burglary"
0 173 63 272 235 178 0 0 1 "Burglary"
0 173 63 272 235 179 0 0 1 "Burglary"
0 173 63 272 235 180 0 0 1 "Burglary"
0 173 63 272 235 181 0 0 1 "Burglary"
0 173 63 273 235 182 0 0 1 "Burglary"
0 173 62 273 235 183 0 0 1 "Burglary"
0 173 62 273 235 184 0 0 1 "Burglary"
0 174 62 273 235 185 0 0 1 "Burglary"
0 174 62 273 235 186 0 0 1 "Burglary"
0 174 62 273 235 187 0 0 1 "Burglary"
0 174 62 273 235 188 0 0 1 "Burglary"
0 174 62 273 235 189 0 0 1 "Burglary"
0 174 62 273 235 190 0 0 1 "Burglary"
0 174 62 273 235 191 0 0 1 "Burglary"
0 174 62 273 235 192 0 0 1 "Burglary"
0 174 62 273 235 193 0 0 1 "Burglary"
0 174 62 273 235 194 0 0 1 "Burglary"
0 174 62 273 235 195 0 0 1 "Burglary"
0 174 62 273 235 196 0 0 1 "Burglary"
0 174 62 273 235 197 0 0 1 "Burglary"
0 175 62 274 236 198 0 0 0 "Burglary"
0 175 62 274 235 199 0 0 1 "Burglary"
0 175 62 274 235 200 0 0 1 "Burglary"
0 176 62 274 235 201 0 0 1 "Burglary"
0 176 62 274 235 202 0 0 1 "Burglary"
0 177 62 274 235 203 0 0 1 "Burglary"
0 177 62 274 235 204 0 0 1 "Burglary"
0 177 62 274 235 205 0 0 1 "Burglary"
0 178 62 274 235 206 0 0 1 "Burglary"
0 178 62 274 235 207 0 0 1 "Burglary"
0 179 62 274 235 208 0 0 1 "Burglary"
0 179 62 274 235 209 0 0 1 "Burglary"
0 179 62 274 235 210 0 0 1 "Burglary"
0 180 62 274 235 211 0 0 1 "Burglary"
0 180 62 274 235 212 0 0 1 "Burglary"
0 181 62 274 235 213 0 0 1 "Burglary"
0 181 62 274 235 214 0 0 1 "Burglary"
0 181 62 274 235 215 0 0 1 "Burglary"
0 182 62 274 235 216 0 0 1 "Burglary"
0 182 62 274 235 217 0 0 1 "Burglary"
0 183 62 274 235 218 0 0 0 "Burglary"
0 182 61 273 234 219 0 0 1 "Burglary"
0 182 61 273 234 220 0 0 1 "Burglary"
0 182 61 273 234 221 0 0 1 "Burglary"
0 182 61 273 234 222 0 0 1 "Burglary"
0 182 61 273 234 223 0 0 1 "Burglary"
0 181 60 272 233 224 0 0 1 "Burglary"
0 181 60 272 233 225 0 0 1 "Burglary"
0 181 60 272 233 226 0 0 1 "Burglary"
0 181 60 272 233 227 0 0 1 "Burglary"
0 181 60 272 233 228 0 0 1 "Burglary"
0 180 59 271 232 229 0 0 1 "Burglary"
0 180 59 271 232 230 0 0 1 "Burglary"
0 180 59 271 232 231 0 0 1 "Burglary"
0 180 59 271 232 232 0 0 1 "Burglary"
0 180 59 271 232 233 0 0 1 "Burglary"
0 179 58 270 231 234 0 0 1 "Burglary"
0 179 58 270 231 235 0 0 1 "Burglary"
0 179 58 270 231 236 0 0 1 "Burglary"
0 179 58 270 231 237 0 0 1 "Burglary"
0 179 58 270 231 238 0 0 0 "Burglary"
0 179 57 269 231 239 0 0 1 "Burglary"
0 179 56 269 231 240 0 0 1 "Burglary"
0 179 55 269 231 241 0 0 1 "Burglary"
0 179 54 269 231 242 0 0 1 "Burglary"
0 179 54 269 231 243 0 0 1 "Burglary"
0 179 53 269 231 244 0 0 1 "Burglary"
0 179 52 269 231 245 0 0 1 "Burglary"
0 179 51 269 231 246 0 0 1 "Burglary"
0 179 50 269 231 247 0 0 1 "Burglary"
0 179 50 269 231 248 0 0 0 "Burglary"
0 179 49 269 230 249 0 0 1 "Burglary"
0 179 49 269 230 250 0 0 1 "Burglary"
0 179 48 269 230 251 0 0 1 "Burglary"
0 179 48 269 230 252 0 0 1 "Burglary"
0 179 48 269 230 253 0 0 1 "Burglary"
0 179 47 269 230 254 0 0 1 "Burglary"
0 179 47 269 230 255 0 0 1 "Burglary"
0 179 46 269 230 256 0 0 1 "Burglary"
0 179 46 269 230 257 0 0 1 "Burglary"
0 179 46 269 230 258 0 0 1 "Burglary"
0 179 45 269 230 259 0 0 1 "Burglary"
0 179 45 269 230 260 0 0 1 "Burglary"
0 179 45 270 230 261 0 0 0 "Burglary"
0 179 45 270 230 262 0 0 1 "Burglary"
0 179 46 270 230 263 0 0 1 "Burglary"
0 179 47 271 230 264 0 0 1 "Burglary"
0 179 48 271 230 265 0 0 1 "Burglary"
0 179 49 272 230 266 0 0 1 "Burglary"
0 179 50 272 230 267 0 0 1 "Burglary"
0 179 51 272 230 268 0 0 1 "Burglary"
0 179 52 273 230 269 0 0 1 "Burglary"
0 179 52 273 230 270 0 0 1 "Burglary"
0 179 53 274 230 271 0 0 1 "Burglary"
0 179 54 274 230 272 0 0 1 "Burglary"
0 179 55 274 230 273 0 0 1 "Burglary"
0 179 56 275 230 274 0 0 1 "Burglary"
0 179 57 275 230 275 0 0 1 "Burglary"
0 179 58 276 230 276 0 0 1 "Burglary"
0 179 59 276 230 277 0 0 1 "Burglary"
0 179 60 277 230 278 0 0 0 "Burglary"
0 179 61 277 230 279 0 0 1 "Burglary"
0 179 63 277 231 280 0 0 1 "Burglary"
0 180 65 278 232 281 0 0 1 "Burglary"
0 180 66 278 233 282 0 0 1 "Burglary"
0 181 68 279 234 283 0 0 1 "Burglary"
0 181 70 279 235 284 0 0 1 "Burglary"
0 181 71 279 236 285 0 0 1 "Burglary"
0 182 73 280 237 286 0 0 1 "Burglary"
0 182 75 280 238 287 0 0 1 "Burglary"
0 183 77 281 239 288 0 0 0 "Burglary"
0 183 77 280 239 289 0 0 1 "Burglary"
0 183 78 280 239 290 0 0 1 "Burglary"
0 183 79 280 239 291 0 0 1 "Burglary"
0 183 80 280 239 292 0 0 1 "Burglary"
0 183 81 280 239 293 0 0 1 "Burglary"
0 183 81 280 239 294 0 0 1 "Burglary"
0 183 82 280 239 295 0 0 1 "Burglary"
0 183 83 280 239 296 0 0 1 "Burglary"
0 183 84 280 239 297 0 0 1 "Burglary"
0 183 85 280 239 298 0 0 0 "Burglary"
0 183 85 280 239 299 0 0 1 "Burglary"
0 183 85 280 239 300 0 0 1 "Burglary"
0 183 85 280 239 301 0 0 1 "Burglary"
0 183 85 280 239 302 0 0 1 "Burglary"
0 184 85 281 239 303 0 0 1 "Burglary"
0 184 85 281 239 304 0 0 1 "Burglary"
0 184 85 281 239 305 0 0 1 "Burglary"
0 184 85 281 239 306 0 0 1 "Burglary"
0 184 85 281 239 307 0 0 1 "Burglary"
0 185 85 282 239 308 0 0 0 "Burglary"
0 184 85 282 238 309 0 0 1 "Burglary"
0 184 85 282 238 310 0 0 1 "Burglary"
0 184 85 282 238 311 0 0 1 "Burglary"
0 184 86 282 238 312 0 0 1 "Burglary"
0 184 86 282 238 313 0 0 1 "Burglary"
0 183 86 282 238 314 0 0 1 "Burglary"
0 183 87 282 238 315 0 0 1 "Burglary"
0 183 87 282 238 316 0 0 1 "Burglary"
0 183 87 282 238 317 0 0 1 "Burglary"
0 183 88 282 238 318 0 0 1 "Burglary"
0 183 88 282 238 319 0 0 1 "Burglary"
0 182 88 282 238 320 0 0 1 "Burglary"
0 182 88 282 238 321 0 0 1 "Burglary"
0 182 89 282 238 322 0 0 1 "Burglary"
0 182 89 282 238 323 0 0 1 "Burglary"
0 182 89 282 238 324 0 0 1 "Burglary"
0 181 90 282 238 325 0 0 1 "Burglary"
0 181 90 282 238 326 0 0 1 "Burglary"
0 181 90 282 238 327 0 0 1 "Burglary"
0 181 91 282 238 328 0 0 1 "Burglary"
0 181 91 282 238 329 0 0 1 "Burglary"
0 181 91 282 238 330 0 0 1 "Burglary"
0 180 91 282 238 331 0 0 1 "Burglary"
0 180 92 282 238 332 0 0 1 "Burglary"
0 180 92 282 238 333 0 0 1 "Burglary"
0 180 92 282 238 334 0 0 1 "Burglary"
0 180 93 282 238 335 0 0 1 "Burglary"
0 179 93 282 238 336 0 0 1 "Burglary"
0 179 93 282 238 337 0 0 1 "Burglary"
0 179 94 282 238 338 0 0 1 "Burglary"
0 179 94 282 238 339 0 0 1 "Burglary"
0 179 94 282 238 340 0 0 1 "Burglary"
0 179 95 282 238 341 0 0 0 "Burglary"
0 179 96 282 237 342 0 0 1 "Burglary"
0 180 98 283 237 343 0 0 1 "Burglary"
0 180 100 284 237 344 0 0 1 "Burglary"
0 181 102 285 237 345 0 0 1 "Burglary"
0 181 104 286 237 346 0 0 1 "Burglary"
0 182 106 286 237 347 0 0 1 "Burglary"
0 182 108 287 237 348 0 0 1 "Burglary"
0 183 110 288 237 349 0 0 1 "Burglary"
0 183 112 289 236 350 0 0 1 "Burglary"
0 184 114 290 236 351 0 0 1 "Burglary"
0 184 116 291 236 352 0 0 1 "Burglary"
0 185 118 291 236 353 0 0 1 "Burglary"
0 185 120 292 236 354 0 0 1 "Burglary"
0 186 122 293 236 355 0 0 1 "Burglary"
0 186 124 294 236 356 0 0 1 "Burglary"
0 187 126 295 236 357 0 0 1 "Burglary"
0 188 128 296 236 358 0 0 0 "Burglary"
0 188 128 296 236 359 0 0 1 "Burglary"
0 189 128 297 236 360 0 0 1 "Burglary"
0 189 128 297 236 361 0 0 1 "Burglary"
0 190 128 298 236 362 0 0 1 "Burglary"
0 190 128 298 236 363 0 0 1 "Burglary"
0 191 128 299 236 364 0 0 1 "Burglary"
0 191 128 299 236 365 0 0 1 "Burglary"
0 192 128 300 236 366 0 0 1 "Burglary"
0 192 128 300 236 367 0 0 1 "Burglary"
0 193 128 301 236 368 0 0 0 "Burglary"
0 192 128 301 235 369 0 0 1 "Burglary"
0 192 128 301 235 370 0 0 1 "Burglary"
0 191 128 301 235 371 0 0 1 "Burglary"
0 191 128 301 235 372 0 0 1 "Burglary"
0 191 128 301 235 373 0 0 1 "Burglary"
0 190 128 301 235 374 0 0 1 "Burglary"
0 190 128 301 235 375 0 0 1 "Burglary"
0 190 128 301 235 376 0 0 1 "Burglary"
0 189 128 301 235 377 0 0 1 "Burglary"
0 189 128 301 235 378 0 0 1 "Burglary"
0 189 128 301 235 379 0 0 1 "Burglary"
0 188 128 301 235 380 0 0 1 "Burglary"
0 188 128 301 235 381 0 0 1 "Burglary"
0 188 128 301 235 382 0 0 1 "Burglary"
0 187 128 301 235 383 0 0 1 "Burglary"
0 187 128 301 235 384 0 0 1 "Burglary"
0 187 128 301 235 385 0 0 1 "Burglary"
0 186 128 301 235 386 0 0 1 "Burglary"
0 186 128 301 235 387 0 0 1 "Burglary"
0 186 128 301 235 388 0 0 0 "Burglary"
0 186 128 300 235 389 0 0 1 "Burglary"
0 186 128 300 235 390 0 0 1 "Burglary"
0 186 128 300 235 391 0 0 1 "Burglary"
0 186 128 300 235 392 0 0 1 "Burglary"
0 186 128 300 235 393 0 0 1 "Burglary"
0 186 128 300 235 394 0 0 1 "Burglary"
0 186 128 300 235 395 0 0 1 "Burglary"
0 186 128 300 235 396 0 0 1 "Burglary"
0 186 128 300 235 397 0 0 1 "Burglary"
0 186 128 300 235 398 0 0 1 "Burglary"
0 186 128 300 235 399 0 0 1 "Burglary"
0 186 128 300 235 400 0 0 1 "Burglary"
0 186 128 300 235 401 0 0 1 "Burglary"
0 186 128 300 235 402 0 0 1 "Burglary"
0 186 128 300 235 403 0 0 1 "Burglary"
0 186 128 300 235 404 0 0 1 "Burglary"
0 186 128 300 235 405 0 0 1 "Burglary"
0 186 128 300 235 406 0 0 1 "Burglary"
0 186 128 300 235 407 0 0 1 "Burglary"
0 186 129 300 235 408 0 0 1 "Burglary"
0 186 129 300 235 409 0 0 1 "Burglary"
0 186 129 300 235 410 0 0 1 "Burglary"
0 186 129 300 235 411 0 0 1 "Burglary"
0 186 129 300 235 412 0 0 1 "Burglary"
0 186 129 300 235 413 0 0 1 "Burglary"
0 186 129 300 235 414 0 0 1 "Burglary"
0 186 129 300 235 415 0 0 1 "Burglary"
0 186 129 300 235 416 0 0 1 "Burglary"
0 186 129 300 235 417 0 0 1 "Burglary"
0 186 129 300 235 418 0 0 1 "Burglary"
0 186 129 300 235 419 0 0 1 "Burglary"
0 186 129 300 235 420 0 0 1 "Burglary"
0 186 129 300 235 421 0 0 1 "Burglary"
0 186 129 300 235 422 0 0 1 "Burglary"
0 186 129 300 235 423 0 0 1 "Burglary"
0 186 129 300 235 424 0 0 1 "Burglary"
0 186 129 300 235 425 0 0 1 "Burglary"
0 186 129 300 235 426 0 0 1 "Burglary"
0 186 129 300 235 427 0 0 1 "Burglary"
0 186 130 300 235 428 0 0 0 "Burglary"
0 185 130 299 235 429 0 0 1 "Burglary"
0 185 130 299 235 430 0 0 1 "Burglary"
0 184 130 298 235 431 0 0 1 "Burglary"
0 184 130 298 235 432 0 0 1 "Burglary"
0 183 130 297 235 433 0 0 1 "Burglary"
0 183 130 297 235 434 0 0 1 "Burglary"
0 182 130 296 235 435 0 0 1 "Burglary"
0 182 130 296 235 436 0 0 1 "Burglary"
0 181 130 295 235 437 0 0 1 "Burglary"
0 181 130 295 235 438 0 0 0 "Burglary"
0 180 130 294 235 439 0 0 1 "Burglary"
0 179 130 293 235 440 0 0 1 "Burglary"
0 178 130 292 235 441 0 0 1 "Burglary"
0 177 130 291 235 442 0 0 1 "Burglary"
0 177 130 291 235 443 0 0 1 "Burglary"
0 176 130 290 235 444 0 0 1 "Burglary"
0 175 130 289 235 445 0 0 1 "Burglary"
0 174 130 288 235 446 0 0 1 "Burglary"
0 173 130 287 235 447 0 0 1 "Burglary"
0 173 131 287 236 448 0 0 0 "Burglary"
0 173 130 287 235 449 0 0 1 "Burglary"
0 173 130 287 235 450 0 0 1 "Burglary"
0 173 130 287 235 451 0 0 1 "Burglary"
0 173 130 287 235 452 0 0 1 "Burglary"
0 173 130 287 235 453 0 0 1 "Burglary"
0 173 130 287 235 454 0 0 1 "Burglary"
0 173 130 287 235 455 0 0 1 "Burglary"
0 173 130 287 235 456 0 0 1 "Burglary"
0 173 130 287 235 457 0 0 1 "Burglary"
0 174 130 288 235 458 0 0 1 "Burglary"
0 174 130 288 235 459 0 0 1 "Burglary"
0 174 130 288 235 460 0 0 1 "Burglary"
0 174 130 288 235 461 0 0 1 "Burglary"
0 174 130 288 235 462 0 0 1 "Burglary"
0 174 130 288 235 463 0 0 1 "Burglary"
0 174 130 288 235 464 0 0 1 "Burglary"
0 174 130 288 235 465 0 0 1 "Burglary"
0 174 130 288 235 466 0 0 1 "Burglary"
0 174 130 288 235 467 0 0 1 "Burglary"
0 175 130 289 235 468 0 0 0 "Burglary"
0 175 130 289 234 469 0 0 1 "Burglary"
0 175 130 290 234 470 0 0 1 "Burglary"
0 175 130 291 234 471 0 0 1 "Burglary"
0 175 130 292 234 472 0 0 1 "Burglary"
0 175 130 293 234 473 0 0 1 "Burglary"
0 175 130 294 234 474 0 0 1 "Burglary"
0 175 130 295 234 475 0 0 1 "Burglary"
0 175 130 296 234 476 0 0 1 "Burglary"
0 175 130 297 234 477 0 0 1 "Burglary"
0 175 130 298 234 478 0 0 0 "Burglary"
0 175 130 298 234 479 0 0 1 "Burglary"
0 176 130 299 234 480 0 0 1 "Burglary"
0 176 130 299 234 481 0 0 1 "Burglary"
0 177 130 300 234 482 0 0 1 "Burglary"
0 177 130 300 234 483 0 0 1 "Burglary"
0 178 130 301 234 484 0 0 1 "Burglary"
0 178 130 301 234 485 0 0 1 "Burglary"
0 179 130 302 234 486 0 0 1 "Burglary"
0 179 130 302 234 487 0 0 1 "Burglary"
0 180 130 303 234 488 0 0 0 "Burglary"
0 180 130 302 234 489 0 0 1 "Burglary"
0 180 130 302 234 490 0 0 1 "Burglary"
0 180 130 302 234 491 0 0 1 "Burglary"
0 180 130 302 234 492 0 0 1 "Burglary"
0 180 130 302 234 493 0 0 1 "Burglary"
0 180 130 302 234 494 0 0 1 "Burglary"
0 180 130 302 234 495 0 0 1 "Burglary"
0 180 130 302 234 496 0 0 1 "Burglary"
0 180 130 302 234 497 0 0 1 "Burglary"
0 180 130 302 234 498 0 0 1 "Burglary"
0 180 130 302 234 499 0 0 1 "Burglary"
0 180 130 302 234 500 0 0 1 "Burglary"
0 180 130 302 234 501 0 0 1 "Burglary"
0 180 130 302 234 502 0 0 1 "Burglary"
0 180 130 302 234 503 0 0 1 "Burglary"
0 180 130 302 234 504 0 0 1 "Burglary"
0 180 130 302 234 505 0 0 1 "Burglary"
0 180 130 302 234 506 0 0 1 "Burglary"
0 180 130 302 234 507 0 0 1 "Burglary"
0 180 131 302 234 508 0 0 0 "Burglary"
0 180 131 301 234 509 0 0 1 "Burglary"
0 180 131 301 234 510 0 0 1 "Burglary"
0 180 131 301 234 511 0 0 1 "Burglary"
0 180 132 301 234 512 0 0 1 "Burglary"
0 180 132 301 234 513 0 0 1 "Burglary"
0 180 132 301 234 514 0 0 1 "Burglary"
0 180 133 301 234 515 0 0 1 "Burglary"
0 180 133 301 234 516 0 0 1 "Burglary"
0 180 133 301 234 517 0 0 1 "Burglary"
0 180 134 301 234 518 0 0 0 "Burglary"
0 179 134 300 234 519 0 0 1 "Burglary"
0 179 134 300 234 520 0 0 1 "Burglary"
0 178 134 299 234 521 0 0 1 "Burglary"
0 178 135 299 235 522 0 0 1 "Burglary"
0 178 135 299 235 523 0 0 1 "Burglary"
0 177 135 298 235 524 0 0 1 "Burglary"
0 177 136 298 236 525 0 0 1 "Burglary"
0 176 136 297 236 526 0 0 1 "Burglary"
0 176 136 297 236 527 0 0 1 "Burglary"
0 176 137 297 237 528 0 0 0 "Burglary"
0 176 138 296 237 529 0 0 1 "Burglary"
0 176 139 296 237 530 0 0 1 "Burglary"
0 176 140 296 237 531 0 0 1 "Burglary"
0 176 141 296 237 532 0 0 1 "Burglary"
0 176 143 296 237 533 0 0 1 "Burglary"
0 176 144 296 237 534 0 0 1 "Burglary"
0 176 145 296 237 535 0 0 1 "Burglary"
0 176 146 296 237 536 0 0 1 "Burglary"
0 176 147 296 237 537 0 0 1 "Burglary"
0 176 149 296 237 538 0 0 0 "Burglary"
0 176 151 295 237 539 0 0 1 "Burglary"
0 176 153 295 237 540 0 0 1 "Burglary"
0 176 155 295 237 541 0 0 1 "Burglary"
0 176 157 295 237 542 0 0 1 "Burglary"
0 176 159 295 237 543 0 0 1 "Burglary"
0 176 161 295 237 544 0 0 1 "Burglary"
0 176 163 295 237 545 0 0 1 "Burglary"
0 176 165 295 237 546 0 0 1 "Burglary"
0 176 167 295 237 547 0 0 1 "Burglary"
0 176 169 295 237 548 0 0 0 "Burglary"
0 176 168 294 237 549 0 0 1 "Burglary"
0 176 168 294 237 550 0 0 1 "Burglary"
0 176 168 294 237 551 0 0 1 "Burglary"
0 176 168 294 237 552 0 0 1 "Burglary"
0 176 168 294 237 553 0 0 1 "Burglary"
0 176 168 294 237 554 0 0 1 "Burglary"
0 176 168 294 237 555 0 0 1 "Burglary"
0 176 168 294 237 556 0 0 1 "Burglary"
0 176 168 294 237 557 0 0 1 "Burglary"
0 176 168 294 237 558 0 0 1 "Burglary"
0 176 168 294 237 559 0 0 1 "Burglary"
0 176 168 294 237 560 0 0 1 "Burglary"
0 176 168 294 237 561 0 0 1 "Burglary"
0 176 168 294 237 562 0 0 1 "Burglary"
0 176 168 294 237 563 0 0 1 "Burglary"
0 176 168 294 237 564 0 0 1 "Burglary"
0 176 168 294 237 565 0 0 1 "Burglary"
0 176 168 294 237 566 0 0 1 "Burglary"
0 176 168 294 237 567 0 0 1 "Burglary"
0 176 168 294 237 568 0 0 1 "Burglary"
0 176 167 294 237 569 0 0 1 "Burglary"
0 176 167 294 237 570 0 0 1 "Burglary"
0 176 167 294 237 571 0 0 1 "Burglary"
0 176 167 294 237 572 0 0 1 "Burglary"
0 176 167 294 237 573 0 0 1 "Burglary"
0 176 167 294 237 574 0 0 1 "Burglary"
0 176 167 294 237 575 0 0 1 "Burglary"
0 176 167 294 237 576 0 0 1 "Burglary"
0 176 167 294 237 577 0 0 1 "Burglary"
0 176 167 294 237 578 0 0 1 "Burglary"
0 176 167 294 237 579 0 0 1 "Burglary"
0 176 167 294 237 580 0 0 1 "Burglary"
0 176 167 294 237 581 0 0 1 "Burglary"
0 176 167 294 237 582 0 0 1 "Burglary"
0 176 167 294 237 583 0 0 1 "Burglary"
0 176 167 294 237 584 0 0 1 "Burglary"
0 176 167 294 237 585 0 0 1 "Burglary"
0 176 167 294 237 586 0 0 1 "Burglary"
0 176 167 294 237 587 0 0 1 "Burglary"
0 176 167 294 237 588 0 0 1 "Burglary"
0 176 166 294 237 589 0 0 1 "Burglary"
0 176 166 294 237 590 0 0 1 "Burglary"
0 176 166 294 237 591 0 0 1 "Burglary"
0 176 166 294 237 592 0 0 1 "Burglary"
0 176 166 294 237 593 0 0 1 "Burglary"
0 176 166 294 237 594 0 0 1 "Burglary"
0 176 166 294 237 595 0 0 1 "Burglary"
0 176 166 294 237 596 0 0 1 "Burglary"
0 176 166 294 237 597 0 0 1 "Burglary"
0 176 166 294 237 598 0 0 1 "Burglary"
0 176 166 294 237 599 0 0 1 "Burglary"
0 176 166 294 237 600 0 0 1 "Burglary"
0 176 166 294 237 601 0 0 1 "Burglary"
0 176 166 294 237 602 0 0 1 "Burglary"
0 176 166 294 237 603 0 0 1 "Burglary"
0 176 166 294 237 604 0 0 1 "Burglary"
0 176 166 294 237 605 0 0 1 "Burglary"
0 176 166 294 237 606 0 0 1 "Burglary"
0 176 166 294 237 607 0 0 1 "Burglary"
0 176 166 294 237 608 0 0 0 "Burglary"
0 177 166 294 236 609 0 0 1 "Burglary"
0 179 166 294 236 610 0 0 1 "Burglary"
0 180 166 294 236 611 0 0 1 "Burglary"
0 182 166 294 236 612 0 0 1 "Burglary"
0 183 166 294 236 613 0 0 1 "Burglary"
0 185 166 294 236 614 0 0 1 "Burglary"
0 186 166 294 236 615 0 0 1 "Burglary"
0 188 166 294 236 616 0 0 1 "Burglary"
0 189 166 294 236 617 0 0 1 "Burglary"
0 191 166 294 236 618 0 0 0 "Burglary"
0 190 166 293 236 619 0 0 1 "Burglary"
0 189 166 292 236 620 0 0 1 "Burglary"
0 189 166 292 236 621 0 0 1 "Burglary"
0 188 166 291 236 622 0 0 1 "Burglary"
0 188 166 291 236 623 0 0 1 "Burglary"
0 187 166 290 236 624 0 0 1 "Burglary"
0 187 166 290 236 625 0 0 1 "Burglary"
0 186 166 289 236 626 0 0 1 "Burglary"
0 186 166 289 236 627 0 0 1 "Burglary"
0 185 166 288 236 628 0 0 1 "Burglary"
0 184 166 287 236 629 0 0 1 "Burglary"
0 184 166 287 236 630 0 0 1 "Burglary"
0 183 166 286 236 631 0 0 1 "Burglary"
0 183 166 286 236 632 0 0 1 "Burglary"
0 182 166 285 236 633 0 0 1 "Burglary"
0 182 166 285 236 634 0 0 1 "Burglary"
0 181 166 284 236 635 0 0 1 "Burglary"
0 181 166 284 236 636 0 0 1 "Burglary"
0 180 166 283 236 637 0 0 1 "Burglary"
0 180 166 283 236 638 0 0 0 "Burglary"
0 179 165 282 235 639 0 0 1 "Burglary"
0 179 165 282 235 640 0 0 1 "Burglary"
0 179 165 282 235 641 0 0 1 "Burglary"
0 178 165 281 235 642 0 0 1 "Burglary"
0 178 165 281 235 643 0 0 1 "Burglary"
0 178 165 281 235 644 0 0 1 "Burglary"
0 177 165 280 235 645 0 0 1 "Burglary"
0 177 165 280 235 646 0 0 1 "Burglary"
0 177 165 280 235 647 0 0 1 "Burglary"
0 177 165 280 235 648 0 0 1 "Burglary"
0 176 165 279 235 649 0 0 1 "Burglary"
0 176 165 279 235 650 0 0 1 "Burglary"
0 176 165 279 235 651 0 0 1 "Burglary"
0 175 165 278 235 652 0 0 1 "Burglary"
0 175 165 278 235 653 0 0 1 "Burglary"
0 175 165 278 235 654 0 0 1 "Burglary"
0 174 165 277 235 655 0 0 1 "Burglary"
0 174 165 277 235 656 0 0 1 "Burglary"
0 174 165 277 235 657 0 0 1 "Burglary"
0 174 165 277 235 658 0 0 0 "Burglary"
0 174 165 276 235 659 0 0 1 "Burglary"
0 174 166 276 235 660 0 0 1 "Burglary"
0 174 167 276 235 661 0 0 1 "Burglary"
0 174 167 276 235 662 0 0 1 "Burglary"
0 174 168 276 235 663 0 0 1 "Burglary"
0 174 169 276 235 664 0 0 1 "Burglary"
0 174 169 276 235 665 0 0 1 "Burglary"
0 174 170 276 235 666 0 0 1 "Burglary"
0 174 171 276 235 667 0 0 1 "Burglary"
0 174 172 276 235 668 0 0 1 "Burglary"
0 174 172 276 235 669 0 0 1 "Burglary"
0 174 173 276 235 670 0 0 1 "Burglary"
0 174 174 276 235 671 0 0 1 "Burglary"
0 174 174 276 235 672 0 0 1 "Burglary"
0 174 175 276 235 673 0 0 1 "Burglary"
0 174 176 276 235 674 0 0 1 "Burglary"
0 174 176 276 235 675 0 0 1 "Burglary"
0 174 177 276 235 676 0 0 1 "Burglary"
0 174 178 276 235 677 0 0 1 "Burglary"
0 174 179 276 235 678 0 0 0 "Burglary"
0 172 179 276 234 679 0 0 1 "Burglary"
0 171 179 276 234 680 0 0 1 "Burglary"
0 169 179 276 234 681 0 0 1 "Burglary"
0 168 179 276 234 682 0 0 1 "Burglary"
0 167 179 276 234 683 0 0 1 "Burglary"
0 165 179 276 234 684 0 0 1 "Burglary"
0 164 179 276 234 685 0 0 1 "Burglary"
0 162 179 276 234 686 0 0 1 "Burglary"
0 161 179 276 234 687 0 0 1 "Burglary"
0 160 179 276 234 688 0 0 0 "Burglary"
0 160 179 276 234 689 0 0 1 "Burglary"
0 160 179 276 234 690 0 0 1 "Burglary"
0 160 179 276 234 691 0 0 1 "Burglary"
0 160 179 276 234 692 0 0 1 "Burglary"
0 160 179 276 234 693 0 0 1 "Burglary"
0 160 179 276 234 694 0 0 1 "Burglary"
0 160 180 276 235 695 0 0 1 "Burglary"
0 160 180 276 235 696 0 0 1 "Burglary"
0 160 180 276 235 697 0 0 1 "Burglary"
0 160 180 276 235 698 0 0 1 "Burglary"
0 160 180 276 235 699 0 0 1 "Burglary"
0 160 180 276 235 700 0 0 1 "Burglary"
0 160 180 276 235 701 0 0 1 "Burglary"
0 160 181 276 236 702 0 0 1 "Burglary"
0 160 181 276 236 703 0 0 1 "Burglary"
0 160 181 276 236 704 0 0 1 "Burglary"
0 160 181 276 236 705 0 0 1 "Burglary"
0 160 181 276 236 706 0 0 1 "Burglary"
0 160 181 276 236 707 0 0 1 "Burglary"
0 160 182 276 237 708 0 0 0 "Burglary"
0 159 179 275 236 709 0 0 1 "Burglary"
0 159 177 275 236 710 0 0 1 "Burglary"
0 159 175 275 236 711 0 0 1 "Burglary"
0 159 173 275 236 712 0 0 1 "Burglary"
0 159 171 275 236 713 0 0 1 "Burglary"
0 159 169 274 236 714 0 0 1 "Burglary"
0 159 167 274 236 715 0 0 1 "Burglary"
0 159 165 274 236 716 0 0 1 "Burglary"
0 159 163 274 236 717 0 0 1 "Burglary"
0 159 161 274 236 718 0 0 0 "Burglary"
0 159 161 274 235 719 0 0 1 "Burglary"
0 159 161 275 235 720 0 0 1 "Burglary"
0 159 161 275 235 721 0 0 1 "Burglary"
0 159 161 276 235 722 0 0 1 "Burglary"
0 159 161 276 235 723 0 0 1 "Burglary"
0 159 161 277 235 724 0 0 1 "Burglary"
0 160 161 277 235 725 0 0 1 "Burglary"
0 160 161 278 235 726 0 0 1 "Burglary"
0 160 161 278 235 727 0 0 1 "Burglary"
0 160 161 279 235 728 0 0 1 "Burglary"
0 160 161 279 235 729 0 0 1 "Burglary"
0 160 161 280 235 730 0 0 1 "Burglary"
0 160 161 280 235 731 0 0 1 "Burglary"
0 161 161 281 235 732 0 0 1 "Burglary"
0 161 161 281 235 733 0 0 1 "Burglary"
0 161 161 282 235 734 0 0 1 "Burglary"
0 161 161 282 235 735 0 0 1 "Burglary"
0 161 161 283 235 736 0 0 1 "Burglary"
0 161 161 283 235 737 0 0 1 "Burglary"
0 162 161 284 235 738 0 0 1 "Burglary"
0 162 161 284 235 739 0 0 1 "Burglary"
0 162 161 285 235 740 0 0 1 "Burglary"
0 162 161 285 235 741 0 0 1 "Burglary"
0 162 161 286 235 742 0 0 1 "Burglary"
0 162 161 286 235 743 0 0 1 "Burglary"
0 162 161 287 235 744 0 0 1 "Burglary"
0 163 161 287 235 745 0 0 1 "Burglary"
0 163 161 288 235 746 0 0 1 "Burglary"
0 163 161 288 235 747 0 0 1 "Burglary"
0 163 161 289 235 748 0 0 1 "Burglary"
0 163 161 289 235 749 0 0 1 "Burglary"
0 163 161 290 235 750 0 0 1 "Burglary"
0 163 161 290 235 751 0 0 1 "Burglary"
0 164 161 291 235 752 0 0 1 "Burglary"
0 164 161 291 235 753 0 0 1 "Burglary"
0 164 161 292 235 754 0 0 1 "Burglary"
0 164 161 292 235 755 0 0 1 "Burglary"
0 164 161 293 235 756 0 0 1 "Burglary"
0 164 161 293 235 757 0 0 1 "Burglary"
0 165 161 294 235 758 0 0 0 "Burglary"
0 165 160 293 235 759 0 0 1 "Burglary"
0 165 159 293 235 760 0 0 1 "Burglary"
0 165 158 293 235 761 0 0 1 "Burglary"
0 165 157 293 235 762 0 0 1 "Burglary"
0 165 156 293 235 763 0 0 1 "Burglary"
0 165 155 293 235 764 0 0 1 "Burglary"
0 165 154 293 235 765 0 0 1 "Burglary"
0 165 153 293 235 766 0 0 1 "Burglary"
0 165 152 293 235 767 0 0 1 "Burglary"
0 165 152 293 235 768 0 0 0 "Burglary"
0 165 151 292 235 769 0 0 1 "Burglary"
0 165 150 292 235 770 0 0 1 "Burglary"
0 165 149 292 235 771 0 0 1 "Burglary"
0 165 148 292 235 772 0 0 1 "Burglary"
0 165 148 292 235 773 0 0 1 "Burglary"
0 165 147 292 235 774 0 0 1 "Burglary"
0 165 146 292 235 775 0 0 1 "Burglary"
0 165 145 292 235 776 0 0 1 "Burglary"
0 165 144 292 235 777 0 0 1 "Burglary"
0 165 144 292 235 778 0 0 0 "Burglary"
0 165 143 291 235 779 0 0 1 "Burglary"
0 165 143 291 235 780 0 0 1 "Burglary"
0 165 142 291 235 781 0 0 1 "Burglary"
0 165 142 291 235 782 0 0 1 "Burglary"
0 165 141 291 235 783 0 0 1 "Burglary"
0 165 141 291 235 784 0 0 1 "Burglary"
0 165 140 291 235 785 0 0 1 "Burglary"
0 165 140 291 235 786 0 0 1 "Burglary"
0 165 139 291 235 787 0 0 1 "Burglary"
0 165 139 291 235 788 0 0 1 "Burglary"
0 165 139 291 235 789 0 0 1 "Burglary"
0 165 138 291 235 790 0 0 1 "Burglary"
0 165 138 291 235 791 0 0 1 "Burglary"
0 165 137 291 235 792 0 0 1 "Burglary"
0 165 137 291 235 793 0 0 1 "Burglary"
0 165 136 291 235 794 0 0 1 "Burglary"
0 165 136 291 235 795 0 0 1 "Burglary"
0 165 135 291 235 796 0 0 1 "Burglary"
0 165 135 291 235 797 0 0 1 "Burglary"
0 165 135 291 235 798 0 0 0 "Burglary"
0 165 135 290 234 799 0 0 1 "Burglary"
0 165 135 289 234 800 0 0 1 "Burglary"
0 165 135 289 234 801 0 0 1 "Burglary"
0 165 135 288 234 802 0 0 1 "Burglary"
0 165 135 288 234 803 0 0 1 "Burglary"
0 165 135 287 234 804 0 0 1 "Burglary"
0 165 135 286 234 805 0 0 1 "Burglary"
0 165 135 286 234 806 0 0 1 "Burglary"
0 165 135 285 234 807 0 0 1 "Burglary"
0 165 135 285 234 808 0 0 1 "Burglary"
0 165 135 284 234 809 0 0 1 "Burglary"
0 165 135 283 234 810 0 0 1 "Burglary"
0 165 135 283 234 811 0 0 1 "Burglary"
0 165 135 282 234 812 0 0 1 "Burglary"
0 165 135 282 234 813 0 0 1 "Burglary"
0 165 135 281 234 814 0 0 1 "Burglary"
0 165 135 280 234 815 0 0 1 "Burglary"
0 165 135 280 234 816 0 0 1 "Burglary"
0 165 135 279 234 817 0 0 1 "Burglary"
0 165 135 279 234 818 0 0 1 "Burglary"
0 165 135 278 234 819 0 0 1 "Burglary"
0 165 135 277 234 820 0 0 1 "Burglary"
0 165 135 277 234 821 0 0 1 "Burglary"
0 165 135 276 234 822 0 0 1 "Burglary"
0 165 135 276 234 823 0 0 1 "Burglary"
0 165 135 275 234 824 0 0 1 "Burglary"
0 165 135 274 234 825 0 0 1 "Burglary"
0 165 135 274 234 826 0 0 1 "Burglary"
0 165 135 273 234 827 0 0 1 "Burglary"
0 165 135 273 234 828 0 0 0 "Burglary"
0 165 135 273 233 829 0 0 1 "Burglary"
0 165 135 273 233 830 0 0 1 "Burglary"
0 165 135 273 233 831 0 0 1 "Burglary"
0 165 135 273 233 832 0 0 1 "Burglary"
0 165 135 273 233 833 0 0 1 "Burglary"
0 165 135 273 233 834 0 0 1 "Burglary"
0 165 135 273 233 835 0 0 1 "Burglary"
0 165 135 274 233 836 0 0 1 "Burglary"
0 165 135 274 233 837 0 0 1 "Burglary"
0 165 135 274 233 838 0 0 1 "Burglary"
0 165 135 274 233 839 0 0 1 "Burglary"
0 165 135 274 233 840 0 0 1 "Burglary"
0 165 135 274 233 841 0 0 1 "Burglary"
0 165 135 274 233 842 0 0 1 "Burglary"
0 165 135 274 233 843 0 0 1 "Burglary"
0 165 135 275 233 844 0 0 1 "Burglary"
0 165 135 275 233 845 0 0 1 "Burglary"
0 165 135 275 233 846 0 0 1 "Burglary"
0 165 135 275 233 847 0 0 1 "Burglary"
0 165 135 275 233 848 0 0 1 "Burglary"
0 165 135 275 233 849 0 0 1 "Burglary"
0 165 135 275 233 850 0 0 1 "Burglary"
0 165 135 275 233 851 0 0 1 "Burglary"
0 165 135 276 233 852 0 0 1 "Burglary"
0 165 135 276 233 853 0 0 1 "Burglary"
0 165 135 276 233 854 0 0 1 "Burglary"
0 165 135 276 233 855 0 0 1 "Burglary"
0 165 135 276 233 856 0 0 1 "Burglary"
0 165 135 276 233 857 0 0 1 "Burglary"
0 165 135 276 233 858 0 0 1 "Burglary"
0 165 135 276 233 859 0 0 1 "Burglary"
0 165 135 277 233 860 0 0 1 "Burglary"
0 165 135 277 233 861 0 0 1 "Burglary"
0 165 135 277 233 862 0 0 1 "Burglary"
0 165 135 277 233 863 0 0 1 "Burglary"
0 165 135 277 233 864 0 0 1 "Burglary"
0 165 135 277 233 865 0 0 1 "Burglary"
0 165 135 277 233 866 0 0 1 "Burglary"
0 165 135 278 233 867 0 0 1 "Burglary"
0 165 135 278 233 868 0 0 1 "Burglary"
0 165 135 278 233 869 0 0 1 "Burglary"
0 165 135 278 233 870 0 0 1 "Burglary"
0 165 135 278 233 871 0 0 1 "Burglary"
0 165 135 278 233 872 0 0 1 "Burglary"
0 165 135 278 233 873 0 0 1 "Burglary"
0 165 135 278 233 874 0 0 1 "Burglary"
0 165 135 279 233 875 0 0 1 "Burglary"
0 165 135 279 233 876 0 0 1 "Burglary"
0 165 135 279 233 877 0 0 1 "Burglary"
0 165 135 279 233 878 0 0 1 "Burglary"
0 165 135 279 233 879 0 0 1 "Burglary"
0 165 135 279 233 880 0 0 1 "Burglary"
0 165 135 279 233 881 0 0 1 "Burglary"
0 165 135 279 233 882 0 0 1 "Burglary"
0 165 135 280 233 883 0 0 1 "Burglary"
0 165 135 280 233 884 0 0 1 "Burglary"
0 165 135 280 233 885 0 0 1 "Burglary"
0 165 135 280 233 886 0 0 1 "Burglary"
0 165 135 280 233 887 0 0 1 "Burglary"
0 165 135 280 233 888 0 0 1 "Burglary"
0 165 135 280 233 889 0 0 1 "Burglary"
0 165 135 280 233 890 0 0 1 "Burglary"
0 165 135 281 233 891 0 0 1 "Burglary"
0 165 135 281 233 892 0 0 1 "Burglary"
0 165 135 281 233 893 0 0 1 "Burglary"
0 165 135 281 233 894 0 0 1 "Burglary"
0 165 135 281 233 895 0 0 1 "Burglary"
0 165 135 281 233 896 0 0 1 "Burglary"
0 165 135 281 233 897 0 0 1 "Burglary"
0 165 135 282 233 898 0 0 0 "Burglary"
0 165 134 281 233 899 0 0 1 "Burglary"
0 165 134 281 233 900 0 0 1 "Burglary"
0 165 134 281 233 901 0 0 1 "Burglary"
0 165 134 281 233 902 0 0 1 "Burglary"
0 165 134 281 233 903 0 0 1 "Burglary"
0 165 134 281 233 904 0 0 1 "Burglary"
0 165 134 281 233 905 0 0 1 "Burglary"
0 165 134 281 233 906 0 0 1 "Burglary"
0 165 134 281 233 907 0 0 1 "Burglary"
0 165 134 281 233 908 0 0 1 "Burglary"
0 165 133 281 233 909 0 0 1 "Burglary"
0 165 133 281 233 910 0 0 1 "Burglary"
0 165 133 281 233 911 0 0 1 "Burglary"
0 165 133 281 233 912 0 0 1 "Burglary"
0 165 133 281 233 913 0 0 1 "Burglary"
0 165 133 281 233 914 0 0 1 "Burglary"
0 165 133 281 233 915 0 0 1 "Burglary"
0 165 133 281 233 916 0 0 1 "Burglary"
0 165 133 281 233 917 0 0 1 "Burglary"
0 165 133 281 233 918 0 0 0 "Burglary"
0 165 129 278 232 919 0 0 1 "Burglary"
0 165 125 275 232 920 0 0 1 "Burglary"
0 165 121 272 232 921 0 0 1 "Burglary"
0 165 118 269 232 922 0 0 1 "Burglary"
0 165 114 266 232 923 0 0 1 "Burglary"
0 165 110 263 232 924 0 0 1 "Burglary"
0 165 107 260 232 925 0 0 1 "Burglary"
0 165 103 257 232 926 0 0 1 "Burglary"
0 165 99 254 232 927 0 0 1 "Burglary"
0 165 96 251 232 928 0 0 0 "Burglary"
0 165 95 251 231 929 0 0 1 "Burglary"
0 165 95 251 231 930 0 0 1 "Burglary"
0 165 95 251 231 931 0 0 1 "Burglary"
0 165 95 251 231 932 0 0 1 "Burglary"
0 165 95 251 231 933 0 0 1 "Burglary"
0 165 95 251 231 934 0 0 1 "Burglary"
0 165 95 251 231 935 0 0 1 "Burglary"
0 165 95 251 231 936 0 0 1 "Burglary"
0 165 95 251 231 937 0 0 1 "Burglary"
0 165 95 251 231 938 0 0 0 "Burglary"
0 165 94 250 231 939 0 0 1 "Burglary"
0 165 93 250 231 940 0 0 1 "Burglary"
0 165 92 250 231 941 0 0 1 "Burglary"
0 165 91 250 231 942 0 0 1 "Burglary"
0 165 90 250 231 943 0 0 1 "Burglary"
0 165 89 250 231 944 0 0 1 "Burglary"
0 165 88 250 231 945 0 0 1 "Burglary"
0 165 87 250 231 946 0 0 1 "Burglary"
0 165 86 250 231 947 0 0 1 "Burglary"
0 165 86 250 231 948 0 0 0 "Burglary"
0 164 83 249 228 949 0 0 1 "Burglary"
0 163 81 248 226 950 0 0 1 "Burglary"
0 162 79 247 224 951 0 0 1 "Burglary"
0 161 76 246 221 952 0 0 1 "Burglary"
0 160 74 245 219 953 0 0 1 "Burglary"
0 159 72 244 217 954 0 0 1 "Burglary"
0 158 69 243 214 955 0 0 1 "Burglary"
0 157 67 242 212 956 0 0 1 "Burglary"
0 156 65 241 210 957 0 0 1 "Burglary"
0 156 63 241 208 958 0 0 0 "Burglary"
0 157 59 239 203 959 0 0 1 "Burglary"
0 158 55 237 198 960 0 0 1 "Burglary"
0 160 51 235 193 961 0 0 1 "Burglary"
0 161 48 233 188 962 0 0 1 "Burglary"
0 163 44 231 184 963 0 0 1 "Burglary"
0 164 40 229 179 964 0 0 1 "Burglary"
0 165 37 227 174 965 0 0 1 "Burglary"
0 167 33 225 169 966 0 0 1 "Burglary"
0 168 29 223 164 967 0 0 1 "Burglary"
0 170 26 221 160 968 1 0 0 "Burglary"
0 170 26 221 160 969 1 0 1 "Burglary"
0 170 26 221 160 970 1 0 1 "Burglary"
0 170 26 221 160 971 1 0 1 "Burglary"
0 170 26 221 160 972 1 0 0 "Burglary"
0 170 27 222 162 973 1 0 1 "Burglary"
0 171 28 224 164 974 1 0 1 "Burglary"
0 171 29 226 167 975 1 0 1 "Burglary"
0 172 31 227 169 976 1 0 1 "Burglary"
0 172 32 229 172 977 1 0 1 "Burglary"
0 173 33 231 174 978 1 0 1 "Burglary"
0 173 35 232 177 979 1 0 1 "Burglary"
0 174 36 234 179 980 1 0 1 "Burglary"
0 174 37 236 182 981 1 0 1 "Burglary"
0 175 39 238 184 982 1 0 1 "Burglary"
0 176 40 239 186 983 1 0 1 "Burglary"
0 176 41 241 189 984 1 0 1 "Burglary"
0 177 43 243 191 985 1 0 1 "Burglary"
0 177 44 244 194 986 1 0 1 "Burglary"
0 178 45 246 196 987 1 0 1 "Burglary"
0 178 47 248 199 988 1 0 1 "Burglary"
0 179 48 250 201 989 1 0 1 "Burglary"
0 179 49 251 204 990 1 0 1 "Burglary"
0 180 51 253 206 991 1 0 1 "Burglary"
0 180 52 255 209 992 1 0 1 "Burglary"
0 181 53 256 211 993 1 0 1 "Burglary"
0 182 55 258 213 994 1 0 1 "Burglary"
0 182 56 260 216 995 1 0 1 "Burglary"
0 183 57 262 218 996 1 0 1 "Burglary"
0 183 59 263 221 997 1 0 1 "Burglary"
0 184 60 265 223 998 1 0 1 "Burglary"
0 184 61 267 226 999 1 0 1 "Burglary"
0 185 63 268 228 1000 1 0 1 "Burglary"
0 185 64 270 231 1001 1 0 1 "Burglary"
0 186 65 272 233 1002 1 0 1 "Burglary"
0 187 67 274 236 1003 1 0 0 "Burglary"
