0 152 83 235 166 0 1 0 0 "Burglary"
0 152 83 235 166 1 1 0 1 "Burglary"
0 152 83 235 166 2 1 0 1 "Burglary"
0 152 83 235 166 3 1 0 1 "Burglary"
0 152 83 235 166 4 1 0 1 "Burglary"
0 152 83 235 166 5 1 0 1 "Burglary"
0 152 83 235 166 6 1 0 1 "Burglary"
0 152 83 235 166 7 1 0 1 "Burglary"
0 152 83 235 166 8 1 0 1 "Burglary"
0 152 83 235 166 9 1 0 1 "Burglary"
0 152 83 235 166 10 1 0 1 "Burglary"
0 152 83 235 166 11 1 0 1 "Burglary"
0 152 83 235 166 12 1 0 1 "Burglary"
0 152 83 235 166 13 1 0 1 "Burglary"
0 152 83 235 166 14 1 0 1 "Burglary"
0 152 83 235 166 15 1 0 1 "Burglary"
0 152 83 235 166 16 1 0 1 "Burglary"
0 152 83 235 166 17 1 0 1 "Burglary"
0 152 83 235 166 18 1 0 1 "Burglary"
0 152 83 235 166 19 1 0 1 "Burglary"
0 152 83 235 166 20 1 0 1 "Burglary"
0 152 83 235 166 21 1 0 1 "Burglary"
0 152 83 235 166 22 1 0 1 "Burglary"
0 152 83 235 166 23 1 0 1 "Burglary"
0 152 83 235 166 24 1 0 1 "Burglary"
0 152 83 235 166 25 1 0 1 "Burglary"
0 152 83 235 166 26 1 0 1 "Burglary"
0 152 83 235 166 27 1 0 1 "Burglary"
0 152 83 235 166 28 1 0 1 "Burglary"
0 152 83 235 166 29 1 0 1 "Burglary"
0 152 83 235 166 30 1 0 1 "Burglary"
0 152 83 235 166 31 1 0 1 "Burglary"
0 152 83 235 166 32 1 0 1 "Burglary"
0 152 83 235 166 33 1 0 1 "Burglary"
0 152 83 235 166 34 1 0 1 "Burglary"
0 152 83 235 166 35 1 0 1 "Burglary"
0 152 83 235 166 36 1 0 1 "Burglary"
0 152 83 235 166 37 1 0 1 "Burglary"
0 152 83 235 166 38 1 0 1 "Burglary"
0 152 83 235 166 39 1 0 1 "Burglary"
0 152 83 235 166 40 1 0 1 "Burglary"
0 152 83 235 166 41 1 0 1 "Burglary"
0 152 83 235 166 42 1 0 1 "Burglary"
0 152 83 235 166 43 1 0 1 "Burglary"
0 152 83 235 166 44 1 0 1 "Burglary"
0 152 83 235 166 45 1 0 1 "Burglary"
0 152 83 235 166 46 1 0 1 "Burglary"
0 152 83 235 166 47 1 0 1 "Burglary"
0 152 83 235 166 48 1 0 1 "Burglary"
0 152 83 235 166 49 1 0 1 "Burglary"
0 152 83 235 166 50 1 0 1 "Burglary"
0 152 83 235 166 51 1 0 1 "Burglary"
0 152 83 235 166 52 1 0 1 "Burglary"
0 152 83 235 166 53 1 0 1 "Burglary"
0 152 83 235 166 54 1 0 1 "Burglary"
0 152 83 235 166 55 1 0 1 "Burglary"
0 152 83 235 166 56 1 0 1 "Burglary"
0 152 83 235 166 57 1 0 1 "Burglary"
0 152 83 235 166 58 1 0 1 "Burglary"
0 152 83 235 166 59 1 0 1 "Burglary"
0 152 83 235 166 60 1 0 1 "Burglary"
0 152 83 235 166 61 1 0 1 "Burglary"
0 152 83 235 166 62 1 0 1 "Burglary"
0 152 83 235 166 63 1 0 1 "Burglary"
0 152 83 235 166 64 1 0 1 "Burglary"
0 152 83 235 166 65 1 0 1 "Burglary"
0 152 83 235 166 66 1 0 1 "Burglary"
0 152 83 235 166 67 1 0 1 "Burglary"
0 152 83 235 166 68 1 0 1 "Burglary"
0 152 83 235 166 69 1 0 1 "Burglary"
0 152 83 235 166 70 1 0 1 "Burglary"
0 152 83 235 166 71 1 0 1 "Burglary"
0 152 83 235 166 72 1 0 1 "Burglary"
0 152 83 235 166 73 1 0 1 "Burglary"
0 152 83 235 166 74 1 0 1 "Burglary"
0 152 83 235 166 75 1 0 1 "Burglary"
0 152 83 235 166 76 1 0 1 "Burglary"
0 152 83 235 166 77 1 0 1 "Burglary"
0 152 83 235 166 78 1 0 1 "Burglary"
0 152 83 235 166 79 1 0 1 "Burglary"
0 152 83 235 166 80 1 0 1 "Burglary"
0 152 83 235 166 81 1 0 1 "Burglary"
0 152 83 235 166 82 1 0 1 "Burglary"
0 152 83 235 166 83 1 0 1 "Burglary"
0 152 83 235 166 84 1 0 1 "Burglary"
0 152 83 235 166 85 1 0 1 "Burglary"
0 152 83 235 166 86 1 0 1 "Burglary"
0 152 83 235 166 87 1 0 1 "Burglary"
0 152 83 235 166 88 1 0 1 "Burglary"
0 152 83 235 166 89 1 0 1 "Burglary"
0 152 83 235 166 90 1 0 1 "Burglary"
0 152 83 235 166 91 1 0 1 "Burglary"
0 152 83 235 166 92 1 0 1 "Burglary"
0 152 83 235 166 93 1 0 1 "Burglary"
0 152 83 235 166 94 1 0 1 "Burglary"
0 152 83 235 166 95 1 0 1 "Burglary"
0 152 83 235 166 96 1 0 1 "Burglary"
0 152 83 235 166 97 1 0 1 "Burglary"
0 152 83 235 166 98 1 0 1 "Burglary"
0 152 83 235 166 99 1 0 1 "Burglary"
0 152 83 235 166 100 1 0 1 "Burglary"
0 152 83 235 166 101 1 0 1 "Burglary"
0 152 83 235 166 102 1 0 1 "Burglary"
0 152 83 235 166 103 1 0 1 "Burglary"
0 152 83 235 166 104 1 0 1 "Burglary"
0 152 83 235 166 105 1 0 1 "Burglary"
0 152 83 235 166 106 1 0 1 "Burglary"
0 152 83 235 166 107 1 0 1 "Burglary"
0 152 83 235 166 108 1 0 1 "Burglary"
0 152 83 235 166 109 1 0 1 "Burglary"
0 152 83 235 166 110 1 0 1 "Burglary"
0 152 83 235 166 111 1 0 1 "Burglary"
0 152 83 235 166 112 1 0 1 "Burglary"
0 152 83 235 166 113 1 0 1 "Burglary"
0 152 83 235 166 114 1 0 1 "Burglary"
0 152 83 235 166 115 1 0 1 "Burglary"
0 152 83 235 166 116 1 0 1 "Burglary"
0 152 83 235 166 117 1 0 1 "Burglary"
0 152 83 235 166 118 1 0 1 "Burglary"
0 152 83 235 166 119 1 0 1 "Burglary"
0 152 83 235 166 120 1 0 1 "Burglary"
0 152 83 235 166 121 1 0 1 "Burglary"
0 152 83 235 166 122 1 0 1 "Burglary"
0 152 83 235 166 123 1 0 1 "Burglary"
0 152 83 235 166 124 1 0 1 "Burglary"
0 152 83 235 166 125 1 0 1 "Burglary"
0 152 83 235 166 126 1 0 1 "Burglary"
0 152 83 235 166 127 1 0 1 "Burglary"
0 152 83 235 166 128 1 0 1 "Burglary"
0 152 83 235 166 129 1 0 1 "Burglary"
0 152 83 235 166 130 1 0 1 "Burglary"
0 152 83 235 166 131 1 0 1 "Burglary"
0 152 83 235 166 132 1 0 1 "Burglary"
0 152 83 235 166 133 1 0 1 "Burglary"
0 152 83 235 166 134 1 0 1 "Burglary"
0 152 83 235 166 135 1 0 1 "Burglary"
0 152 83 235 166 136 1 0 1 "Burglary"
0 152 83 235 166 137 1 0 1 "Burglary"
0 152 83 235 166 138 1 0 1 "Burglary"
0 152 83 235 166 139 1 0 1 "Burglary"
0 152 83 235 166 140 1 0 1 "Burglary"
0 152 83 235 166 141 1 0 1 "Burglary"
0 152 83 235 166 142 1 0 1 "Burglary"
0 152 83 235 166 143 1 0 1 "Burglary"
0 152 83 235 166 144 1 0 1 "Burglary"
0 152 83 235 166 145 1 0 1 "Burglary"
0 152 83 235 166 146 1 0 1 "Burglary"
0 152 83 235 166 147 1 0 1 "Burglary"
0 152 83 235 166 148 1 0 1 "Burglary"
0 152 83 235 166 149 1 0 1 "Burglary"
0 152 83 235 166 150 1 0 1 "Burglary"
0 152 83 235 166 151 1 0 1 "Burglary"
0 152 83 235 166 152 1 0 1 "Burglary"
0 152 83 235 166 153 1 0 1 "Burglary"
0 152 83 235 166 154 1 0 1 "Burglary"
0 152 83 235 166 155 1 0 1 "Burglary"
0 152 83 235 166 156 1 0 1 "Burglary"
0 152 83 235 166 157 1 0 1 "Burglary"
0 152 83 235 166 158 1 0 1 "Burglary"
0 152 83 235 166 159 1 0 1 "Burglary"
0 152 83 235 166 160 1 0 1 "Burglary"
0 152 83 235 166 161 1 0 1 "Burglary"
0 152 83 235 166 162 1 0 1 "Burglary"
0 152 83 235 166 163 1 0 1 "Burglary"
0 152 83 235 166 164 1 0 1 "Burglary"
0 152 83 235 166 165 1 0 1 "Burglary"
0 152 83 235 166 166 1 0 1 "Burglary"
0 152 83 235 166 167 1 0 1 "Burglary"
0 152 83 235 166 168 1 0 1 "Burglary"
0 152 83 235 166 169 1 0 1 "Burglary"
0 152 83 235 166 170 1 0 1 "Burglary"
0 152 83 235 166 171 1 0 1 "Burglary"
0 152 83 235 166 172 1 0 1 "Burglary"
0 152 83 235 166 173 1 0 1 "Burglary"
0 152 83 235 166 174 1 0 1 "Burglary"
0 152 83 235 166 175 1 0 1 "Burglary"
0 152 83 235 166 176 1 0 1 "Burglary"
0 152 83 235 166 177 1 0 1 "Burglary"
0 152 83 235 166 178 1 0 1 "Burglary"
0 152 83 235 166 179 1 0 1 "Burglary"
0 152 83 235 166 180 1 0 1 "Burglary"
0 152 83 235 166 181 1 0 1 "Burglary"
0 152 83 235 166 182 1 0 1 "Burglary"
0 152 83 235 166 183 1 0 1 "Burglary"
0 152 83 235 166 184 1 0 1 "Burglary"
0 152 83 235 166 185 1 0 1 "Burglary"
0 152 83 235 166 186 1 0 1 "Burglary"
0 152 83 235 166 187 1 0 1 "Burglary"
0 152 83 235 166 188 1 0 1 "Burglary"
0 152 83 235 166 189 1 0 1 "Burglary"
0 152 83 235 166 190 1 0 1 "Burglary"
0 152 83 235 166 191 1 0 1 "Burglary"
0 152 83 235 166 192 1 0 1 "Burglary"
0 152 83 235 166 193 1 0 1 "Burglary"
0 152 83 235 166 194 1 0 1 "Burglary"
0 152 83 235 166 195 1 0 1 "Burglary"
0 152 83 235 166 196 1 0 1 "Burglary"
0 152 83 235 166 197 1 0 1 "Burglary"
0 152 83 235 166 198 1 0 1 "Burglary"
0 152 83 235 166 199 1 0 1 "Burglary"
0 152 83 235 166 200 1 0 1 "Burglary"
0 152 83 235 166 201 1 0 1 "Burglary"
0 152 83 235 166 202 1 0 1 "Burglary"
0 152 83 235 166 203 1 0 1 "Burglary"
0 152 83 235 166 204 1 0 1 "Burglary"
0 152 83 235 166 205 1 0 1 "Burglary"
0 152 83 235 166 206 1 0 1 "Burglary"
0 152 83 235 166 207 1 0 1 "Burglary"
0 152 83 235 166 208 1 0 1 "Burglary"
0 152 83 235 166 209 1 0 1 "Burglary"
0 152 83 235 166 210 1 0 1 "Burglary"
0 152 83 235 166 211 1 0 1 "Burglary"
0 152 83 235 166 212 1 0 1 "Burglary"
0 152 83 235 166 213 1 0 1 "Burglary"
0 152 83 235 166 214 1 0 1 "Burglary"
0 152 83 235 166 215 1 0 1 "Burglary"
0 152 83 235 166 216 1 0 1 "Burglary"
0 152 83 235 166 217 1 0 1 "Burglary"
0 152 83 235 166 218 1 0 1 "Burglary"
0 152 83 235 166 219 1 0 1 "Burglary"
0 152 83 235 166 220 1 0 1 "Burglary"
0 152 83 235 166 221 1 0 1 "Burglary"
0 152 83 235 166 222 1 0 1 "Burglary"
0 152 83 235 166 223 1 0 1 "Burglary"
0 152 83 235 166 224 1 0 1 "Burglary"
0 152 83 235 166 225 1 0 1 "Burglary"
0 152 83 235 166 226 1 0 1 "Burglary"
0 152 83 235 166 227 1 0 1 "Burglary"
0 152 83 235 166 228 1 0 1 "Burglary"
0 152 83 235 166 229 1 0 1 "Burglary"
0 152 83 235 166 230 1 0 1 "Burglary"
0 152 83 235 166 231 1 0 1 "Burglary"
0 152 83 235 166 232 1 0 1 "Burglary"
0 152 83 235 166 233 1 0 1 "Burglary"
0 152 83 235 166 234 1 0 1 "Burglary"
0 152 83 235 166 235 1 0 1 "Burglary"
0 152 83 235 166 236 1 0 1 "Burglary"
0 152 83 235 166 237 1 0 1 "Burglary"
0 152 83 235 166 238 1 0 1 "Burglary"
0 152 83 235 166 239 1 0 1 "Burglary"
0 152 83 235 166 240 1 0 1 "Burglary"
0 152 83 235 166 241 1 0 1 "Burglary"
0 152 83 235 166 242 1 0 1 "Burglary"
0 152 83 235 166 243 1 0 1 "Burglary"
0 152 83 235 166 244 1 0 1 "Burglary"
0 152 83 235 166 245 1 0 1 "Burglary"
0 152 83 235 166 246 1 0 1 "Burglary"
0 152 83 235 166 247 1 0 1 "Burglary"
0 152 83 235 166 248 1 0 1 "Burglary"
0 152 83 235 166 249 1 0 1 "Burglary"
0 152 83 235 166 250 1 0 1 "Burglary"
0 152 83 235 166 251 1 0 1 "Burglary"
0 152 83 235 166 252 1 0 1 "Burglary"
0 152 83 235 166 253 1 0 1 "Burglary"
0 152 83 235 166 254 1 0 1 "Burglary"
0 152 83 235 166 255 1 0 1 "Burglary"
0 152 83 235 166 256 1 0 1 "Burglary"
0 152 83 235 166 257 1 0 1 "Burglary"
0 152 83 235 166 258 1 0 1 "Burglary"
0 152 83 235 166 259 1 0 1 "Burglary"
0 152 83 235 166 260 1 0 1 "Burglary"
0 152 83 235 166 261 1 0 1 "Burglary"
0 152 83 235 166 262 1 0 1 "Burglary"
0 152 83 235 166 263 1 0 1 "Burglary"
0 152 83 235 166 264 1 0 1 "Burglary"
0 152 83 235 166 265 1 0 1 "Burglary"
0 152 83 235 166 266 1 0 1 "Burglary"
0 152 83 235 166 267 1 0 1 "Burglary"
0 152 83 235 166 268 1 0 1 "Burglary"
0 152 83 235 166 269 1 0 1 "Burglary"
0 152 83 235 166 270 1 0 1 "Burglary"
0 152 83 235 166 271 1 0 1 "Burglary"
0 152 83 235 166 272 1 0 1 "Burglary"
0 152 83 235 166 273 1 0 1 "Burglary"
0 152 83 235 166 274 1 0 1 "Burglary"
0 152 83 235 166 275 1 0 1 "Burglary"
0 152 83 235 166 276 1 0 1 "Burglary"
0 152 83 235 166 277 1 0 1 "Burglary"
0 152 83 235 166 278 1 0 1 "Burglary"
0 152 83 235 166 279 1 0 1 "Burglary"
0 152 83 235 166 280 1 0 1 "Burglary"
0 152 83 235 166 281 1 0 1 "Burglary"
0 152 83 235 166 282 1 0 1 "Burglary"
0 152 83 235 166 283 1 0 1 "Burglary"
0 152 83 235 166 284 1 0 1 "Burglary"
0 152 83 235 166 285 1 0 1 "Burglary"
0 152 83 235 166 286 1 0 1 "Burglary"
0 152 83 235 166 287 1 0 1 "Burglary"
0 152 83 235 166 288 1 0 1 "Burglary"
0 152 83 235 166 289 1 0 1 "Burglary"
0 152 83 235 166 290 1 0 1 "Burglary"
0 152 83 235 166 291 1 0 1 "Burglary"
0 152 83 235 166 292 1 0 1 "Burglary"
0 152 83 235 166 293 1 0 1 "Burglary"
0 152 83 235 166 294 1 0 1 "Burglary"
0 152 83 235 166 295 1 0 1 "Burglary"
0 152 83 235 166 296 1 0 1 "Burglary"
0 152 83 235 166 297 1 0 1 "Burglary"
0 152 83 235 166 298 1 0 1 "Burglary"
0 152 83 235 166 299 1 0 1 "Burglary"
0 152 83 235 166 300 1 0 1 "Burglary"
0 152 83 235 166 301 1 0 1 "Burglary"
0 152 83 235 166 302 1 0 1 "Burglary"
0 152 83 235 166 303 1 0 1 "Burglary"
0 152 83 235 166 304 1 0 1 "Burglary"
0 152 83 235 166 305 1 0 1 "Burglary"
0 152 83 235 166 306 1 0 1 "Burglary"
0 152 83 235 166 307 1 0 1 "Burglary"
0 152 83 235 166 308 1 0 1 "Burglary"
0 152 83 235 166 309 1 0 1 "Burglary"
0 152 83 235 166 310 1 0 1 "Burglary"
0 152 83 235 166 311 1 0 1 "Burglary"
0 152 83 235 166 312 1 0 1 "Burglary"
0 152 83 235 166 313 1 0 1 "Burglary"
0 152 83 235 166 314 1 0 1 "Burglary"
0 152 83 235 166 315 1 0 1 "Burglary"
0 152 83 235 166 316 1 0 1 "Burglary"
0 152 83 235 166 317 1 0 1 "Burglary"
0 152 83 235 166 318 1 0 1 "Burglary"
0 152 83 235 166 319 1 0 1 "Burglary"
0 152 83 235 166 320 1 0 1 "Burglary"
0 152 83 235 166 321 1 0 1 "Burglary"
0 152 83 235 166 322 1 0 1 "Burglary"
0 152 83 235 166 323 1 0 1 "Burglary"
0 152 83 235 166 324 1 0 1 "Burglary"
0 152 83 235 166 325 1 0 1 "Burglary"
0 152 83 235 166 326 1 0 1 "Burglary"
0 152 83 235 166 327 1 0 1 "Burglary"
0 152 83 235 166 328 1 0 1 "Burglary"
0 152 83 235 166 329 1 0 1 "Burglary"
0 152 83 235 166 330 1 0 1 "Burglary"
0 152 83 235 166 331 1 0 1 "Burglary"
0 152 83 235 166 332 1 0 1 "Burglary"
0 152 83 235 166 333 1 0 1 "Burglary"
0 152 83 235 166 334 1 0 1 "Burglary"
0 152 83 235 166 335 1 0 1 "Burglary"
0 152 83 235 166 336 1 0 1 "Burglary"
0 152 83 235 166 337 1 0 1 "Burglary"
0 152 83 235 166 338 1 0 1 "Burglary"
0 152 83 235 166 339 1 0 1 "Burglary"
0 152 83 235 166 340 1 0 1 "Burglary"
0 152 83 235 166 341 1 0 1 "Burglary"
0 152 83 235 166 342 1 0 1 "Burglary"
0 152 83 235 166 343 1 0 1 "Burglary"
0 152 83 235 166 344 1 0 1 "Burglary"
0 152 83 235 166 345 1 0 1 "Burglary"
0 152 83 235 166 346 1 0 1 "Burglary"
0 152 83 235 166 347 1 0 1 "Burglary"
0 152 83 235 166 348 1 0 1 "Burglary"
0 152 83 235 166 349 1 0 1 "Burglary"
0 152 83 235 166 350 1 0 1 "Burglary"
0 152 83 235 166 351 1 0 1 "Burglary"
0 152 83 235 166 352 1 0 1 "Burglary"
0 152 83 235 166 353 1 0 1 "Burglary"
0 152 83 235 166 354 1 0 1 "Burglary"
0 152 83 235 166 355 1 0 1 "Burglary"
0 152 83 235 166 356 1 0 1 "Burglary"
0 152 83 235 166 357 1 0 1 "Burglary"
0 152 83 235 166 358 1 0 1 "Burglary"
0 152 83 235 166 359 1 0 1 "Burglary"
0 152 83 235 166 360 1 0 1 "Burglary"
0 152 83 235 166 361 1 0 1 "Burglary"
0 152 83 235 166 362 1 0 1 "Burglary"
0 152 83 235 166 363 1 0 1 "Burglary"
0 152 83 235 166 364 1 0 1 "Burglary"
0 152 83 235 166 365 1 0 1 "Burglary"
0 152 83 235 166 366 1 0 1 "Burglary"
0 152 83 235 166 367 1 0 1 "Burglary"
0 152 83 235 166 368 1 0 1 "Burglary"
0 152 83 235 166 369 1 0 1 "Burglary"
0 152 83 235 166 370 1 0 1 "Burglary"
0 152 83 235 166 371 1 0 1 "Burglary"
0 152 83 235 166 372 0 0 0 "Burglary"
0 152 82 234 166 373 0 0 1 "Burglary"
0 152 81 234 166 374 0 0 1 "Burglary"
0 152 80 234 166 375 0 0 1 "Burglary"
0 152 79 234 166 376 0 0 1 "Burglary"
0 152 78 234 166 377 0 0 1 "Burglary"
0 152 77 234 166 378 0 0 1 "Burglary"
0 152 76 234 166 379 0 0 1 "Burglary"
0 152 75 234 166 380 0 0 1 "Burglary"
0 152 74 234 166 381 0 0 1 "Burglary"
0 152 74 234 166 382 0 0 0 "Burglary"
0 151 74 232 166 383 0 0 1 "Burglary"
0 151 74 230 166 384 0 0 1 "Burglary"
0 151 74 228 166 385 0 0 1 "Burglary"
0 150 74 226 166 386 0 0 1 "Burglary"
0 150 75 224 166 387 0 0 1 "Burglary"
0 150 75 222 166 388 0 0 1 "Burglary"
0 149 75 220 166 389 0 0 1 "Burglary"
0 149 75 218 166 390 0 0 1 "Burglary"
0 149 75 216 166 391 0 0 1 "Burglary"
0 149 76 215 167 392 0 0 0 "Burglary"
0 147 76 216 167 393 0 0 1 "Burglary"
0 146 76 217 168 394 0 0 1 "Burglary"
0 145 76 218 168 395 0 0 1 "Burglary"
0 144 76 220 169 396 0 0 1 "Burglary"
0 143 76 221 169 397 0 0 1 "Burglary"
0 141 76 222 170 398 0 0 1 "Burglary"
0 140 76 224 170 399 0 0 1 "Burglary"
0 139 76 225 171 400 0 0 1 "Burglary"
0 138 76 226 171 401 0 0 1 "Burglary"
0 137 76 228 172 402 0 0 0 "Burglary"
0 135 75 226 172 403 0 0 1 "Burglary"
0 134 74 225 173 404 0 0 1 "Burglary"
0 133 73 224 173 405 0 0 1 "Burglary"
0 132 73 223 174 406 0 0 1 "Burglary"
0 131 72 222 174 407 0 0 1 "Burglary"
0 130 71 220 175 408 0 0 1 "Burglary"
0 129 71 219 175 409 0 0 1 "Burglary"
0 128 70 218 176 410 0 0 1 "Burglary"
0 127 69 217 176 411 0 0 1 "Burglary"
0 126 69 216 177 412 0 0 0 "Burglary"
0 123 67 213 178 413 0 0 1 "Burglary"
0 121 66 211 180 414 0 0 1 "Burglary"
0 119 65 209 181 415 0 0 1 "Burglary"
0 117 64 207 183 416 0 0 1 "Burglary"
0 115 63 205 185 417 0 0 1 "Burglary"
0 113 62 202 186 418 0 0 1 "Burglary"
0 111 61 200 188 419 0 0 1 "Burglary"
0 109 60 198 189 420 0 0 1 "Burglary"
0 107 59 196 191 421 0 0 1 "Burglary"
0 105 58 194 193 422 0 0 0 "Burglary"
0 102 58 193 192 423 0 0 1 "Burglary"
0 100 58 192 192 424 0 0 1 "Burglary"
0 98 58 191 192 425 0 0 1 "Burglary"
0 96 58 190 192 426 0 0 1 "Burglary"
0 94 58 190 192 427 0 0 1 "Burglary"
0 91 58 189 191 428 0 0 1 "Burglary"
0 89 58 188 191 429 0 0 1 "Burglary"
0 87 58 187 191 430 0 0 1 "Burglary"
0 85 58 186 191 431 0 0 1 "Burglary"
0 83 58 186 191 432 0 0 0 "Burglary"
0 81 58 184 191 433 0 0 1 "Burglary"
0 80 59 183 192 434 0 0 1 "Burglary"
0 78 60 181 193 435 0 0 1 "Burglary"
0 77 61 180 194 436 0 0 1 "Burglary"
0 75 62 178 195 437 0 0 1 "Burglary"
0 74 62 177 195 438 0 0 1 "Burglary"
0 72 63 175 196 439 0 0 1 "Burglary"
0 71 64 174 197 440 0 0 1 "Burglary"
0 69 65 172 198 441 0 0 1 "Burglary"
0 68 66 171 199 442 0 0 0 "Burglary"
0 66 66 169 199 443 0 0 1 "Burglary"
0 65 66 168 199 444 0 0 1 "Burglary"
0 64 67 167 200 445 0 0 1 "Burglary"
0 63 67 166 200 446 0 0 1 "Burglary"
0 62 68 165 201 447 0 0 1 "Burglary"
0 61 68 164 201 448 0 0 1 "Burglary"
0 60 68 163 201 449 0 0 1 "Burglary"
0 59 69 162 202 450 0 0 1 "Burglary"
0 58 69 161 202 451 0 0 1 "Burglary"
0 57 70 160 203 452 0 0 0 "Burglary"
0 55 68 159 203 453 0 0 1 "Burglary"
0 53 66 158 203 454 0 0 1 "Burglary"
0 51 64 157 204 455 0 0 1 "Burglary"
0 49 62 156 204 456 0 0 1 "Burglary"
0 48 60 155 205 457 0 0 1 "Burglary"
0 46 58 154 205 458 0 0 1 "Burglary"
0 44 56 153 205 459 0 0 1 "Burglary"
0 42 54 152 206 460 0 0 1 "Burglary"
0 40 52 151 206 461 0 0 1 "Burglary"
0 39 51 151 207 462 0 0 0 "Burglary"
0 38 52 148 207 463 0 0 1 "Burglary"
0 37 53 146 207 464 0 0 1 "Burglary"
0 36 55 144 207 465 0 0 1 "Burglary"
0 35 56 142 208 466 0 0 1 "Burglary"
0 35 58 140 208 467 0 0 1 "Burglary"
0 34 59 138 208 468 0 0 1 "Burglary"
0 33 60 136 209 469 0 0 1 "Burglary"
0 32 62 134 209 470 0 0 1 "Burglary"
0 31 63 132 209 471 0 0 1 "Burglary"
0 31 65 130 210 472 0 0 0 "Burglary"
0 28 65 125 209 473 0 0 1 "Burglary"
0 25 65 121 209 474 0 0 1 "Burglary"
0 22 65 117 209 475 0 0 1 "Burglary"
0 20 65 113 209 476 0 0 1 "Burglary"
0 17 65 109 209 477 0 0 1 "Burglary"
0 14 65 105 209 478 0 0 1 "Burglary"
0 12 65 101 209 479 0 0 1 "Burglary"
0 9 65 97 209 480 0 0 1 "Burglary"
0 6 65 93 209 481 0 0 1 "Burglary"
0 4 65 89 209 482 0 0 0 "Burglary"
0 3 65 86 209 483 0 0 1 "Burglary"
0 3 66 83 209 484 0 0 1 "Burglary"
0 2 67 80 209 485 0 0 1 "Burglary"
0 2 68 77 209 486 0 0 1 "Burglary"
0 2 69 74 209 487 0 0 1 "Burglary"
0 1 70 71 209 488 0 0 1 "Burglary"
0 1 71 68 209 489 0 0 1 "Burglary"
0 0 72 65 209 490 0 0 1 "Burglary"
0 0 73 62 209 491 0 0 1 "Burglary"
0 0 74 60 209 492 1 0 0 "Burglary"
0 0 78 58 208 493 1 0 1 "Burglary"
0 0 83 56 208 494 1 0 1 "Burglary"
0 0 87 54 208 495 1 0 1 "Burglary"
0 0 92 53 208 496 1 0 1 "Burglary"
0 0 96 51 208 497 1 0 1 "Burglary"
0 0 101 49 208 498 1 0 1 "Burglary"
0 0 105 47 208 499 1 0 1 "Burglary"
0 0 110 46 208 500 1 0 1 "Burglary"
0 0 114 44 208 501 1 0 1 "Burglary"
0 0 119 42 208 502 1 0 1 "Burglary"
0 0 124 41 208 503 1 0 0 "Burglary"
0 0 124 41 208 504 1 0 1 "Burglary"
0 0 124 41 208 505 1 0 1 "Burglary"
0 0 124 41 208 506 1 0 1 "Burglary"
0 0 124 41 208 507 1 0 1 "Burglary"
0 0 124 41 208 508 1 0 1 "Burglary"
0 0 124 41 208 509 1 0 1 "Burglary"
0 0 124 41 208 510 1 0 1 "Burglary"
0 0 124 41 208 511 1 0 1 "Burglary"
0 0 124 41 208 512 1 0 1 "Burglary"
0 0 124 41 208 513 1 0 1 "Burglary"
0 0 124 41 208 514 1 0 1 "Burglary"
0 0 124 41 208 515 1 0 1 "Burglary"
0 0 124 41 208 516 1 0 1 "Burglary"
0 0 124 41 208 517 1 0 1 "Burglary"
0 0 124 41 208 518 1 0 1 "Burglary"
0 0 124 41 208 519 1 0 1 "Burglary"
0 0 124 41 208 520 1 0 1 "Burglary"
0 0 124 41 208 521 1 0 1 "Burglary"
0 0 124 41 208 522 1 0 1 "Burglary"
0 0 124 41 208 523 1 0 1 "Burglary"
0 0 124 41 208 524 1 0 1 "Burglary"
0 0 124 41 208 525 1 0 1 "Burglary"
0 0 124 41 208 526 1 0 1 "Burglary"
0 0 124 41 208 527 1 0 1 "Burglary"
0 0 124 41 208 528 1 0 1 "Burglary"
0 0 124 41 208 529 1 0 1 "Burglary"
0 0 124 41 208 530 1 0 1 "Burglary"
0 0 124 41 208 531 1 0 1 "Burglary"
0 0 124 41 208 532 1 0 1 "Burglary"
0 0 124 41 208 533 1 0 1 "Burglary"
0 0 124 41 208 534 1 0 1 "Burglary"
0 0 124 41 208 535 1 0 1 "Burglary"
0 0 124 41 208 536 1 0 1 "Burglary"
0 0 124 41 208 537 1 0 1 "Burglary"
0 0 124 41 208 538 1 0 1 "Burglary"
0 0 124 41 208 539 1 0 1 "Burglary"
0 0 124 41 208 540 1 0 1 "Burglary"
0 0 124 41 208 541 1 0 1 "Burglary"
0 0 124 41 208 542 1 0 1 "Burglary"
0 0 124 41 208 543 1 0 1 "Burglary"
0 0 124 41 208 544 1 0 1 "Burglary"
0 0 124 41 208 545 1 0 1 "Burglary"
0 0 124 41 208 546 1 0 1 "Burglary"
0 0 124 41 208 547 1 0 1 "Burglary"
0 0 124 41 208 548 1 0 1 "Burglary"
0 0 124 41 208 549 1 0 1 "Burglary"
0 0 124 41 208 550 1 0 1 "Burglary"
0 0 124 41 208 551 1 0 1 "Burglary"
0 0 124 41 208 552 1 0 1 "Burglary"
0 0 124 41 208 553 1 0 1 "Burglary"
0 0 124 41 208 554 1 0 1 "Burglary"
0 0 124 41 208 555 1 0 1 "Burglary"
0 0 124 41 208 556 1 0 1 "Burglary"
0 0 124 41 208 557 1 0 1 "Burglary"
0 0 124 41 208 558 1 0 1 "Burglary"
0 0 124 41 208 559 1 0 1 "Burglary"
0 0 124 41 208 560 1 0 1 "Burglary"
0 0 124 41 208 561 1 0 1 "Burglary"
0 0 124 41 208 562 1 0 1 "Burglary"
0 0 124 41 208 563 1 0 1 "Burglary"
0 0 124 41 208 564 1 0 1 "Burglary"
0 0 124 41 208 565 1 0 1 "Burglary"
0 0 124 41 208 566 1 0 1 "Burglary"
0 0 124 41 208 567 1 0 1 "Burglary"
0 0 124 41 208 568 1 0 1 "Burglary"
0 0 124 41 208 569 1 0 1 "Burglary"
0 0 124 41 208 570 1 0 1 "Burglary"
0 0 124 41 208 571 1 0 1 "Burglary"
0 0 124 41 208 572 1 0 1 "Burglary"
0 0 124 41 208 573 1 0 1 "Burglary"
0 0 124 41 208 574 1 0 1 "Burglary"
0 0 124 41 208 575 1 0 1 "Burglary"
0 0 124 41 208 576 1 0 1 "Burglary"
0 0 124 41 208 577 1 0 1 "Burglary"
0 0 124 41 208 578 1 0 1 "Burglary"
0 0 124 41 208 579 1 0 1 "Burglary"
0 0 124 41 208 580 1 0 1 "Burglary"
0 0 124 41 208 581 1 0 1 "Burglary"
0 0 124 41 208 582 1 0 1 "Burglary"
0 0 124 41 208 583 1 0 1 "Burglary"
0 0 124 41 208 584 1 0 1 "Burglary"
0 0 124 41 208 585 1 0 1 "Burglary"
0 0 124 41 208 586 1 0 1 "Burglary"
0 0 124 41 208 587 1 0 1 "Burglary"
0 0 124 41 208 588 1 0 1 "Burglary"
0 0 124 41 208 589 1 0 1 "Burglary"
0 0 124 41 208 590 1 0 1 "Burglary"
0 0 124 41 208 591 1 0 1 "Burglary"
0 0 124 41 208 592 1 0 1 "Burglary"
0 0 124 41 208 593 1 0 1 "Burglary"
0 0 124 41 208 594 1 0 1 "Burglary"
0 0 124 41 208 595 1 0 1 "Burglary"
0 0 124 41 208 596 1 0 1 "Burglary"
0 0 124 41 208 597 1 0 1 "Burglary"
0 0 124 41 208 598 1 0 1 "Burglary"
0 0 124 41 208 599 1 0 1 "Burglary"
0 0 124 41 208 600 1 0 1 "Burglary"
0 0 124 41 208 601 1 0 1 "Burglary"
0 0 124 41 208 602 1 0 1 "Burglary"
0 0 124 41 208 603 1 0 1 "Burglary"
0 0 124 41 208 604 1 0 1 "Burglary"
0 0 124 41 208 605 1 0 1 "Burglary"
0 0 124 41 208 606 1 0 1 "Burglary"
0 0 124 41 208 607 1 0 1 "Burglary"
0 0 124 41 208 608 1 0 1 "Burglary"
0 0 124 41 208 609 1 0 1 "Burglary"
0 0 124 41 208 610 1 0 1 "Burglary"
0 0 124 41 208 611 1 0 1 "Burglary"
0 0 124 41 208 612 1 0 1 "Burglary"
0 0 124 41 208 613 1 0 1 "Burglary"
0 0 124 41 208 614 1 0 1 "Burglary"
0 0 124 41 208 615 1 0 1 "Burglary"
0 0 124 41 208 616 1 0 1 "Burglary"
0 0 124 41 208 617 1 0 1 "Burglary"
0 0 124 41 208 618 1 0 1 "Burglary"
0 0 124 41 208 619 1 0 1 "Burglary"
0 0 124 41 208 620 1 0 1 "Burglary"
0 0 124 41 208 621 1 0 1 "Burglary"
0 0 124 41 208 622 1 0 1 "Burglary"
0 0 124 41 208 623 1 0 1 "Burglary"
0 0 124 41 208 624 1 0 1 "Burglary"
0 0 124 41 208 625 1 0 1 "Burglary"
0 0 124 41 208 626 1 0 1 "Burglary"
0 0 124 41 208 627 1 0 1 "Burglary"
0 0 124 41 208 628 1 0 1 "Burglary"
0 0 124 41 208 629 1 0 1 "Burglary"
0 0 124 41 208 630 1 0 1 "Burglary"
0 0 124 41 208 631 1 0 1 "Burglary"
0 0 124 41 208 632 1 0 1 "Burglary"
0 0 124 41 208 633 1 0 1 "Burglary"
0 0 124 41 208 634 1 0 1 "Burglary"
0 0 124 41 208 635 1 0 1 "Burglary"
0 0 124 41 208 636 1 0 1 "Burglary"
0 0 124 41 208 637 1 0 1 "Burglary"
0 0 124 41 208 638 1 0 1 "Burglary"
0 0 124 41 208 639 1 0 1 "Burglary"
0 0 124 41 208 640 1 0 1 "Burglary"
0 0 124 41 208 641 1 0 1 "Burglary"
0 0 124 41 208 642 1 0 1 "Burglary"
0 0 124 41 208 643 1 0 1 "Burglary"
0 0 124 41 208 644 1 0 1 "Burglary"
0 0 124 41 208 645 1 0 1 "Burglary"
0 0 124 41 208 646 1 0 1 "Burglary"
0 0 124 41 208 647 1 0 1 "Burglary"
0 0 124 41 208 648 1 0 1 "Burglary"
0 0 124 41 208 649 1 0 1 "Burglary"
0 0 124 41 208 650 1 0 1 "Burglary"
0 0 124 41 208 651 1 0 1 "Burglary"
0 0 124 41 208 652 1 0 1 "Burglary"
0 0 124 41 208 653 1 0 1 "Burglary"
0 0 124 41 208 654 1 0 1 "Burglary"
0 0 124 41 208 655 1 0 1 "Burglary"
0 0 124 41 208 656 1 0 1 "Burglary"
0 0 124 41 208 657 1 0 1 "Burglary"
0 0 124 41 208 658 1 0 1 "Burglary"
0 0 124 41 208 659 1 0 1 "Burglary"
0 0 124 41 208 660 1 0 1 "Burglary"
0 0 124 41 208 661 1 0 1 "Burglary"
0 0 124 41 208 662 1 0 1 "Burglary"
0 0 124 41 208 663 1 0 1 "Burglary"
0 0 124 41 208 664 1 0 1 "Burglary"
0 0 124 41 208 665 1 0 1 "Burglary"
0 0 124 41 208 666 1 0 1 "Burglary"
0 0 124 41 208 667 1 0 1 "Burglary"
0 0 124 41 208 668 1 0 1 "Burglary"
0 0 124 41 208 669 1 0 1 "Burglary"
0 0 124 41 208 670 1 0 1 "Burglary"
0 0 124 41 208 671 1 0 1 "Burglary"
0 0 124 41 208 672 1 0 1 "Burglary"
0 0 124 41 208 673 1 0 1 "Burglary"
0 0 124 41 208 674 1 0 1 "Burglary"
0 0 124 41 208 675 1 0 1 "Burglary"
0 0 124 41 208 676 1 0 1 "Burglary"
0 0 124 41 208 677 1 0 1 "Burglary"
0 0 124 41 208 678 1 0 1 "Burglary"
0 0 124 41 208 679 1 0 1 "Burglary"
0 0 124 41 208 680 1 0 1 "Burglary"
0 0 124 41 208 681 1 0 1 "Burglary"
0 0 124 41 208 682 1 0 1 "Burglary"
0 0 124 41 208 683 1 0 1 "Burglary"
0 0 124 41 208 684 1 0 1 "Burglary"
0 0 124 41 208 685 1 0 1 "Burglary"
0 0 124 41 208 686 1 0 1 "Burglary"
0 0 124 41 208 687 1 0 1 "Burglary"
0 0 124 41 208 688 1 0 1 "Burglary"
0 0 124 41 208 689 1 0 1 "Burglary"
0 0 124 41 208 690 1 0 1 "Burglary"
0 0 124 41 208 691 1 0 1 "Burglary"
0 0 124 41 208 692 1 0 1 "Burglary"
0 0 124 41 208 693 1 0 1 "Burglary"
0 0 124 41 208 694 1 0 1 "Burglary"
0 0 124 41 208 695 1 0 1 "Burglary"
0 0 124 41 208 696 1 0 1 "Burglary"
0 0 124 41 208 697 1 0 1 "Burglary"
0 0 124 41 208 698 1 0 1 "Burglary"
0 0 124 41 208 699 1 0 1 "Burglary"
0 0 124 41 208 700 1 0 1 "Burglary"
0 0 124 41 208 701 1 0 1 "Burglary"
0 0 124 41 208 702 1 0 1 "Burglary"
0 0 124 41 208 703 1 0 1 "Burglary"
0 0 124 41 208 704 1 0 1 "Burglary"
0 0 124 41 208 705 1 0 1 "Burglary"
0 0 124 41 208 706 1 0 1 "Burglary"
0 0 124 41 208 707 1 0 1 "Burglary"
0 0 124 41 208 708 1 0 1 "Burglary"
0 0 124 41 208 709 1 0 1 "Burglary"
0 0 124 41 208 710 1 0 1 "Burglary"
0 0 124 41 208 711 1 0 1 "Burglary"
0 0 124 41 208 712 1 0 1 "Burglary"
0 0 124 41 208 713 1 0 1 "Burglary"
0 0 124 41 208 714 1 0 1 "Burglary"
0 0 124 41 208 715 1 0 1 "Burglary"
0 0 124 41 208 716 1 0 1 "Burglary"
0 0 124 41 208 717 1 0 1 "Burglary"
0 0 124 41 208 718 1 0 1 "Burglary"
0 0 124 41 208 719 1 0 1 "Burglary"
0 0 124 41 208 720 1 0 1 "Burglary"
0 0 124 41 208 721 1 0 1 "Burglary"
0 0 124 41 208 722 1 0 1 "Burglary"
0 0 124 41 208 723 1 0 1 "Burglary"
0 0 124 41 208 724 1 0 1 "Burglary"
0 0 124 41 208 725 1 0 1 "Burglary"
0 0 124 41 208 726 1 0 1 "Burglary"
0 0 124 41 208 727 1 0 1 "Burglary"
0 0 124 41 208 728 1 0 1 "Burglary"
0 0 124 41 208 729 1 0 1 "Burglary"
0 0 124 41 208 730 1 0 1 "Burglary"
0 0 124 41 208 731 1 0 1 "Burglary"
0 0 124 41 208 732 1 0 1 "Burglary"
0 0 124 41 208 733 1 0 1 "Burglary"
0 0 124 41 208 734 1 0 1 "Burglary"
0 0 124 41 208 735 1 0 1 "Burglary"
0 0 124 41 208 736 1 0 1 "Burglary"
0 0 124 41 208 737 1 0 1 "Burglary"
0 0 124 41 208 738 1 0 1 "Burglary"
0 0 124 41 208 739 1 0 1 "Burglary"
0 0 124 41 208 740 1 0 1 "Burglary"
0 0 124 41 208 741 1 0 1 "Burglary"
0 0 124 41 208 742 1 0 1 "Burglary"
0 0 124 41 208 743 1 0 1 "Burglary"
0 0 124 41 208 744 1 0 1 "Burglary"
0 0 124 41 208 745 1 0 1 "Burglary"
0 0 124 41 208 746 1 0 1 "Burglary"
0 0 124 41 208 747 1 0 1 "Burglary"
0 0 124 41 208 748 1 0 1 "Burglary"
0 0 124 41 208 749 1 0 1 "Burglary"
0 0 124 41 208 750 1 0 1 "Burglary"
0 0 124 41 208 751 1 0 1 "Burglary"
0 0 124 41 208 752 1 0 1 "Burglary"
0 0 124 41 208 753 1 0 1 "Burglary"
0 0 124 41 208 754 1 0 1 "Burglary"
0 0 124 41 208 755 1 0 1 "Burglary"
0 0 124 41 208 756 1 0 1 "Burglary"
0 0 124 41 208 757 1 0 1 "Burglary"
0 0 124 41 208 758 1 0 1 "Burglary"
0 0 124 41 208 759 1 0 1 "Burglary"
0 0 124 41 208 760 1 0 1 "Burglary"
0 0 124 41 208 761 1 0 1 "Burglary"
0 0 124 41 208 762 1 0 1 "Burglary"
0 0 124 41 208 763 1 0 1 "Burglary"
0 0 124 41 208 764 1 0 1 "Burglary"
0 0 124 41 208 765 1 0 1 "Burglary"
0 0 124 41 208 766 1 0 0 "Burglary"
