0 67 82 128 170 0 1 0 0 "Burglary"
0 67 82 128 170 1 1 0 1 "Burglary"
0 67 82 128 170 2 1 0 1 "Burglary"
0 67 82 128 170 3 1 0 1 "Burglary"
0 67 82 128 170 4 1 0 1 "Burglary"
0 67 82 128 170 5 1 0 1 "Burglary"
0 67 82 128 170 6 1 0 1 "Burglary"
0 67 82 128 170 7 1 0 1 "Burglary"
0 67 82 128 170 8 1 0 1 "Burglary"
0 67 82 128 170 9 1 0 1 "Burglary"
0 67 82 128 170 10 1 0 1 "Burglary"
0 67 82 128 170 11 1 0 1 "Burglary"
0 67 82 128 170 12 1 0 1 "Burglary"
0 67 82 128 170 13 1 0 1 "Burglary"
0 67 82 128 170 14 1 0 1 "Burglary"
0 67 82 128 170 15 1 0 1 "Burglary"
0 67 82 128 170 16 1 0 1 "Burglary"
0 67 82 128 170 17 1 0 1 "Burglary"
0 67 82 128 170 18 1 0 1 "Burglary"
0 67 82 128 170 19 1 0 1 "Burglary"
0 67 82 128 170 20 1 0 1 "Burglary"
0 67 82 128 170 21 1 0 1 "Burglary"
0 67 82 128 170 22 1 0 1 "Burglary"
0 67 82 128 170 23 1 0 1 "Burglary"
0 67 82 128 170 24 1 0 1 "Burglary"
0 67 82 128 170 25 1 0 1 "Burglary"
0 67 82 128 170 26 1 0 1 "Burglary"
0 67 82 128 170 27 1 0 1 "Burglary"
0 67 82 128 170 28 1 0 1 "Burglary"
0 67 82 128 170 29 1 0 1 "Burglary"
0 67 82 128 170 30 1 0 1 "Burglary"
0 67 82 128 170 31 1 0 1 "Burglary"
0 67 82 128 170 32 1 0 1 "Burglary"
0 67 82 128 170 33 1 0 1 "Burglary"
0 67 82 128 170 34 1 0 1 "Burglary"
0 67 82 128 170 35 1 0 1 "Burglary"
0 67 82 128 170 36 1 0 1 "Burglary"
0 67 82 128 170 37 1 0 1 "Burglary"
0 67 82 128 170 38 1 0 1 "Burglary"
0 67 82 128 170 39 1 0 1 "Burglary"
0 67 82 128 170 40 1 0 1 "Burglary"
0 67 82 128 170 41 1 0 1 "Burglary"
0 67 82 128 170 42 1 0 1 "Burglary"
0 67 82 128 170 43 1 0 1 "Burglary"
0 67 82 128 170 44 1 0 1 "Burglary"
0 67 82 128 170 45 1 0 1 "Burglary"
0 67 82 128 170 46 1 0 1 "Burglary"
0 67 82 128 170 47 1 0 1 "Burglary"
0 67 82 128 170 48 1 0 1 "Burglary"
0 67 82 128 170 49 1 0 1 "Burglary"
0 67 82 128 170 50 1 0 1 "Burglary"
0 67 82 128 170 51 1 0 1 "Burglary"
0 67 82 128 170 52 1 0 1 "Burglary"
0 67 82 128 170 53 1 0 1 "Burglary"
0 67 82 128 170 54 1 0 1 "Burglary"
0 67 82 128 170 55 1 0 1 "Burglary"
0 67 82 128 170 56 1 0 1 "Burglary"
0 67 82 128 170 57 1 0 1 "Burglary"
0 67 82 128 170 58 1 0 1 "Burglary"
0 67 82 128 170 59 1 0 1 "Burglary"
0 67 82 128 170 60 1 0 1 "Burglary"
0 67 82 128 170 61 1 0 1 "Burglary"
0 67 82 128 170 62 1 0 1 "Burglary"
0 67 82 128 170 63 1 0 1 "Burglary"
0 67 82 128 170 64 1 0 1 "Burglary"
0 67 82 128 170 65 1 0 1 "Burglary"
0 67 82 128 170 66 1 0 1 "Burglary"
0 67 82 128 170 67 1 0 1 "Burglary"
0 67 82 128 170 68 1 0 1 "Burglary"
0 67 82 128 170 69 1 0 1 "Burglary"
0 67 82 128 170 70 1 0 1 "Burglary"
0 67 82 128 170 71 1 0 1 "Burglary"
0 67 82 128 170 72 1 0 1 "Burglary"
0 67 82 128 170 73 1 0 1 "Burglary"
0 67 82 128 170 74 1 0 1 "Burglary"
0 67 82 128 170 75 1 0 1 "Burglary"
0 67 82 128 170 76 1 0 1 "Burglary"
0 67 82 128 170 77 1 0 1 "Burglary"
0 67 82 128 170 78 1 0 1 "Burglary"
0 67 82 128 170 79 1 0 1 "Burglary"
0 67 82 128 170 80 1 0 1 "Burglary"
0 67 82 128 170 81 1 0 1 "Burglary"
0 67 82 128 170 82 1 0 1 "Burglary"
0 67 82 128 170 83 1 0 1 "Burglary"
0 67 82 128 170 84 1 0 1 "Burglary"
0 67 82 128 170 85 1 0 1 "Burglary"
0 67 82 128 170 86 1 0 1 "Burglary"
0 67 82 128 170 87 1 0 1 "Burglary"
0 67 82 128 170 88 1 0 1 "Burglary"
0 67 82 128 170 89 1 0 1 "Burglary"
0 67 82 128 170 90 1 0 1 "Burglary"
0 67 82 128 170 91 1 0 1 "Burglary"
0 67 82 128 170 92 1 0 1 "Burglary"
0 67 82 128 170 93 1 0 1 "Burglary"
0 67 82 128 170 94 1 0 1 "Burglary"
0 67 82 128 170 95 1 0 1 "Burglary"
0 67 82 128 170 96 1 0 1 "Burglary"
0 67 82 128 170 97 1 0 1 "Burglary"
0 67 82 128 170 98 1 0 1 "Burglary"
0 67 82 128 170 99 1 0 1 "Burglary"
0 67 82 128 170 100 1 0 1 "Burglary"
0 67 82 128 170 101 1 0 1 "Burglary"
0 67 82 128 170 102 1 0 1 "Burglary"
0 67 82 128 170 103 1 0 1 "Burglary"
0 67 82 128 170 104 1 0 1 "Burglary"
0 67 82 128 170 105 1 0 1 "Burglary"
0 67 82 128 170 106 1 0 1 "Burglary"
0 67 82 128 170 107 1 0 1 "Burglary"
0 67 82 128 170 108 1 0 1 "Burglary"
0 67 82 128 170 109 1 0 1 "Burglary"
0 67 82 128 170 110 1 0 1 "Burglary"
0 67 82 128 170 111 1 0 1 "Burglary"
0 67 82 128 170 112 1 0 1 "Burglary"
0 67 82 128 170 113 1 0 1 "Burglary"
0 67 82 128 170 114 1 0 1 "Burglary"
0 67 82 128 170 115 1 0 1 "Burglary"
0 67 82 128 170 116 1 0 1 "Burglary"
0 67 82 128 170 117 1 0 1 "Burglary"
0 67 82 128 170 118 1 0 1 "Burglary"
0 67 82 128 170 119 1 0 1 "Burglary"
0 67 82 128 170 120 1 0 1 "Burglary"
0 67 82 128 170 121 1 0 1 "Burglary"
0 67 82 128 170 122 1 0 1 "Burglary"
0 67 82 128 170 123 1 0 1 "Burglary"
0 67 82 128 170 124 1 0 1 "Burglary"
0 67 82 128 170 125 1 0 1 "Burglary"
0 67 82 128 170 126 1 0 1 "Burglary"
0 67 82 128 170 127 1 0 1 "Burglary"
0 67 82 128 170 128 1 0 1 "Burglary"
0 67 82 128 170 129 1 0 1 "Burglary"
0 67 82 128 170 130 1 0 1 "Burglary"
0 67 82 128 170 131 1 0 1 "Burglary"
0 67 82 128 170 132 1 0 1 "Burglary"
0 67 82 128 170 133 1 0 1 "Burglary"
0 67 82 128 170 134 1 0 1 "Burglary"
0 67 82 128 170 135 1 0 1 "Burglary"
0 67 82 128 170 136 1 0 1 "Burglary"
0 67 82 128 170 137 1 0 1 "Burglary"
0 67 82 128 170 138 1 0 1 "Burglary"
0 67 82 128 170 139 1 0 1 "Burglary"
0 67 82 128 170 140 1 0 1 "Burglary"
0 67 82 128 170 141 1 0 1 "Burglary"
0 67 82 128 170 142 1 0 1 "Burglary"
0 67 82 128 170 143 1 0 1 "Burglary"
0 67 82 128 170 144 1 0 1 "Burglary"
0 67 82 128 170 145 1 0 1 "Burglary"
0 67 82 128 170 146 1 0 1 "Burglary"
0 67 82 128 170 147 1 0 1 "Burglary"
0 67 82 128 170 148 1 0 1 "Burglary"
0 67 82 128 170 149 1 0 1 "Burglary"
0 67 82 128 170 150 1 0 1 "Burglary"
0 67 82 128 170 151 1 0 1 "Burglary"
0 67 82 128 170 152 1 0 1 "Burglary"
0 67 82 128 170 153 1 0 1 "Burglary"
0 67 82 128 170 154 1 0 1 "Burglary"
0 67 82 128 170 155 1 0 1 "Burglary"
0 67 82 128 170 156 1 0 1 "Burglary"
0 67 82 128 170 157 1 0 1 "Burglary"
0 67 82 128 170 158 1 0 1 "Burglary"
0 67 82 128 170 159 1 0 1 "Burglary"
0 67 82 128 170 160 1 0 1 "Burglary"
0 67 82 128 170 161 1 0 1 "Burglary"
0 67 82 128 170 162 1 0 1 "Burglary"
0 67 82 128 170 163 1 0 1 "Burglary"
0 67 82 128 170 164 1 0 1 "Burglary"
0 67 82 128 170 165 1 0 1 "Burglary"
0 67 82 128 170 166 1 0 1 "Burglary"
0 67 82 128 170 167 1 0 1 "Burglary"
0 67 82 128 170 168 1 0 1 "Burglary"
0 67 82 128 170 169 1 0 1 "Burglary"
0 67 82 128 170 170 1 0 1 "Burglary"
0 67 82 128 170 171 1 0 1 "Burglary"
0 67 82 128 170 172 1 0 1 "Burglary"
0 67 82 128 170 173 1 0 1 "Burglary"
0 67 82 128 170 174 1 0 1 "Burglary"
0 67 82 128 170 175 1 0 1 "Burglary"
0 67 82 128 170 176 1 0 1 "Burglary"
0 67 82 128 170 177 1 0 1 "Burglary"
0 67 82 128 170 178 1 0 1 "Burglary"
0 67 82 128 170 179 1 0 1 "Burglary"
0 67 82 128 170 180 1 0 1 "Burglary"
0 67 82 128 170 181 1 0 1 "Burglary"
0 67 82 128 170 182 1 0 1 "Burglary"
0 67 82 128 170 183 1 0 1 "Burglary"
0 67 82 128 170 184 1 0 1 "Burglary"
0 67 82 128 170 185 1 0 1 "Burglary"
0 67 82 128 170 186 1 0 1 "Burglary"
0 67 82 128 170 187 1 0 1 "Burglary"
0 67 82 128 170 188 1 0 1 "Burglary"
0 67 82 128 170 189 1 0 1 "Burglary"
0 67 82 128 170 190 1 0 1 "Burglary"
0 67 82 128 170 191 1 0 1 "Burglary"
0 67 82 128 170 192 1 0 1 "Burglary"
0 67 82 128 170 193 1 0 1 "Burglary"
0 67 82 128 170 194 1 0 1 "Burglary"
0 67 82 128 170 195 1 0 1 "Burglary"
0 67 82 128 170 196 1 0 1 "Burglary"
0 67 82 128 170 197 1 0 1 "Burglary"
0 67 82 128 170 198 1 0 1 "Burglary"
0 67 82 128 170 199 1 0 1 "Burglary"
0 67 82 128 170 200 1 0 1 "Burglary"
0 67 82 128 170 201 1 0 1 "Burglary"
0 67 82 128 170 202 1 0 1 "Burglary"
0 67 82 128 170 203 1 0 1 "Burglary"
0 67 82 128 170 204 1 0 1 "Burglary"
0 67 82 128 170 205 1 0 1 "Burglary"
0 67 82 128 170 206 1 0 1 "Burglary"
0 67 82 128 170 207 1 0 1 "Burglary"
0 67 82 128 170 208 1 0 1 "Burglary"
0 67 82 128 170 209 1 0 1 "Burglary"
0 67 82 128 170 210 1 0 1 "Burglary"
0 67 82 128 170 211 1 0 1 "Burglary"
0 67 82 128 170 212 1 0 1 "Burglary"
0 67 82 128 170 213 1 0 1 "Burglary"
0 67 82 128 170 214 1 0 1 "Burglary"
0 67 82 128 170 215 1 0 1 "Burglary"
0 67 82 128 170 216 1 0 1 "Burglary"
0 67 82 128 170 217 1 0 1 "Burglary"
0 67 82 128 170 218 1 0 1 "Burglary"
0 67 82 128 170 219 1 0 1 "Burglary"
0 67 82 128 170 220 1 0 1 "Burglary"
0 67 82 128 170 221 1 0 1 "Burglary"
0 67 82 128 170 222 1 0 1 "Burglary"
0 67 82 128 170 223 1 0 1 "Burglary"
0 67 82 128 170 224 1 0 1 "Burglary"
0 67 82 128 170 225 1 0 1 "Burglary"
0 67 82 128 170 226 1 0 1 "Burglary"
0 67 82 128 170 227 1 0 1 "Burglary"
0 67 82 128 170 228 1 0 1 "Burglary"
0 67 82 128 170 229 1 0 1 "Burglary"
0 67 82 128 170 230 1 0 1 "Burglary"
0 67 82 128 170 231 1 0 1 "Burglary"
0 67 82 128 170 232 1 0 1 "Burglary"
0 67 82 128 170 233 1 0 1 "Burglary"
0 67 82 128 170 234 1 0 1 "Burglary"
0 67 82 128 170 235 1 0 1 "Burglary"
0 67 82 128 170 236 1 0 1 "Burglary"
0 67 82 128 170 237 1 0 1 "Burglary"
0 67 82 128 170 238 1 0 1 "Burglary"
0 67 82 128 170 239 1 0 1 "Burglary"
0 67 82 128 170 240 1 0 1 "Burglary"
0 67 82 128 170 241 1 0 1 "Burglary"
0 67 82 128 170 242 1 0 1 "Burglary"
0 67 82 128 170 243 1 0 1 "Burglary"
0 67 82 128 170 244 1 0 1 "Burglary"
0 67 82 128 170 245 1 0 1 "Burglary"
0 67 82 128 170 246 1 0 1 "Burglary"
0 67 82 128 170 247 1 0 1 "Burglary"
0 67 82 128 170 248 1 0 1 "Burglary"
0 67 82 128 170 249 1 0 1 "Burglary"
0 67 82 128 170 250 1 0 1 "Burglary"
0 67 82 128 170 251 1 0 1 "Burglary"
0 67 82 128 170 252 1 0 1 "Burglary"
0 67 82 128 170 253 1 0 1 "Burglary"
0 67 82 128 170 254 1 0 1 "Burglary"
0 67 82 128 170 255 1 0 1 "Burglary"
0 67 82 128 170 256 1 0 1 "Burglary"
0 67 82 128 170 257 1 0 1 "Burglary"
0 67 82 128 170 258 1 0 1 "Burglary"
0 67 82 128 170 259 1 0 1 "Burglary"
0 67 82 128 170 260 1 0 1 "Burglary"
0 67 82 128 170 261 1 0 1 "Burglary"
0 67 82 128 170 262 1 0 1 "Burglary"
0 67 82 128 170 263 1 0 1 "Burglary"
0 67 82 128 170 264 1 0 1 "Burglary"
0 67 82 128 170 265 1 0 1 "Burglary"
0 67 82 128 170 266 1 0 1 "Burglary"
0 67 82 128 170 267 1 0 1 "Burglary"
0 67 82 128 170 268 1 0 1 "Burglary"
0 67 82 128 170 269 1 0 1 "Burglary"
0 67 82 128 170 270 1 0 1 "Burglary"
0 67 82 128 170 271 1 0 1 "Burglary"
0 67 82 128 170 272 1 0 1 "Burglary"
0 67 82 128 170 273 1 0 1 "Burglary"
0 67 82 128 170 274 1 0 1 "Burglary"
0 67 82 128 170 275 1 0 1 "Burglary"
0 67 82 128 170 276 1 0 1 "Burglary"
0 67 82 128 170 277 1 0 1 "Burglary"
0 67 82 128 170 278 1 0 1 "Burglary"
0 67 82 128 170 279 1 0 1 "Burglary"
0 67 82 128 170 280 1 0 1 "Burglary"
0 67 82 128 170 281 1 0 1 "Burglary"
0 67 82 128 170 282 1 0 1 "Burglary"
0 67 82 128 170 283 1 0 1 "Burglary"
0 67 82 128 170 284 1 0 1 "Burglary"
0 67 82 128 170 285 1 0 1 "Burglary"
0 67 82 128 170 286 1 0 1 "Burglary"
0 67 82 128 170 287 1 0 1 "Burglary"
0 67 82 128 170 288 1 0 1 "Burglary"
0 67 82 128 170 289 1 0 1 "Burglary"
0 67 82 128 170 290 1 0 1 "Burglary"
0 67 82 128 170 291 1 0 1 "Burglary"
0 67 82 128 170 292 1 0 1 "Burglary"
0 67 82 128 170 293 1 0 1 "Burglary"
0 67 82 128 170 294 1 0 1 "Burglary"
0 67 82 128 170 295 1 0 1 "Burglary"
0 67 82 128 170 296 1 0 1 "Burglary"
0 67 82 128 170 297 1 0 1 "Burglary"
0 67 82 128 170 298 1 0 1 "Burglary"
0 67 82 128 170 299 1 0 1 "Burglary"
0 67 82 128 170 300 1 0 1 "Burglary"
0 67 82 128 170 301 1 0 1 "Burglary"
0 67 82 128 170 302 1 0 1 "Burglary"
0 67 82 128 170 303 1 0 1 "Burglary"
0 67 82 128 170 304 1 0 1 "Burglary"
0 67 82 128 170 305 1 0 1 "Burglary"
0 67 82 128 170 306 1 0 1 "Burglary"
0 67 82 128 170 307 1 0 1 "Burglary"
0 67 82 128 170 308 1 0 1 "Burglary"
0 67 82 128 170 309 1 0 1 "Burglary"
0 67 82 128 170 310 1 0 1 "Burglary"
0 67 82 128 170 311 1 0 1 "Burglary"
0 67 82 128 170 312 1 0 1 "Burglary"
0 67 82 128 170 313 1 0 1 "Burglary"
0 67 82 128 170 314 1 0 1 "Burglary"
0 67 82 128 170 315 1 0 1 "Burglary"
0 67 82 128 170 316 1 0 1 "Burglary"
0 67 82 128 170 317 1 0 1 "Burglary"
0 67 82 128 170 318 1 0 1 "Burglary"
0 67 82 128 170 319 1 0 1 "Burglary"
0 67 82 128 170 320 1 0 1 "Burglary"
0 67 82 128 170 321 1 0 1 "Burglary"
0 67 82 128 170 322 1 0 1 "Burglary"
0 67 82 128 170 323 1 0 1 "Burglary"
0 67 82 128 170 324 1 0 1 "Burglary"
0 67 82 128 170 325 1 0 1 "Burglary"
0 67 82 128 170 326 1 0 1 "Burglary"
0 67 82 128 170 327 1 0 1 "Burglary"
0 67 82 128 170 328 1 0 1 "Burglary"
0 67 82 128 170 329 1 0 1 "Burglary"
0 67 82 128 170 330 1 0 1 "Burglary"
0 67 82 128 170 331 1 0 1 "Burglary"
0 67 82 128 170 332 1 0 1 "Burglary"
0 67 82 128 170 333 1 0 1 "Burglary"
0 67 82 128 170 334 1 0 1 "Burglary"
0 67 82 128 170 335 1 0 1 "Burglary"
0 67 82 128 170 336 1 0 1 "Burglary"
0 67 82 128 170 337 1 0 1 "Burglary"
0 67 82 128 170 338 1 0 1 "Burglary"
0 67 82 128 170 339 1 0 1 "Burglary"
0 67 82 128 170 340 1 0 1 "Burglary"
0 67 82 128 170 341 1 0 1 "Burglary"
0 67 82 128 170 342 1 0 1 "Burglary"
0 67 82 128 170 343 1 0 1 "Burglary"
0 67 82 128 170 344 1 0 1 "Burglary"
0 67 82 128 170 345 1 0 1 "Burglary"
0 67 82 128 170 346 1 0 1 "Burglary"
0 67 82 128 170 347 1 0 1 "Burglary"
0 67 82 128 170 348 1 0 1 "Burglary"
0 67 82 128 170 349 1 0 1 "Burglary"
0 67 82 128 170 350 1 0 1 "Burglary"
0 67 82 128 170 351 1 0 1 "Burglary"
0 67 82 128 170 352 1 0 1 "Burglary"
0 67 82 128 170 353 1 0 1 "Burglary"
0 67 82 128 170 354 1 0 1 "Burglary"
0 67 82 128 170 355 1 0 1 "Burglary"
0 67 82 128 170 356 1 0 1 "Burglary"
0 67 82 128 170 357 1 0 1 "Burglary"
0 67 82 128 170 358 1 0 1 "Burglary"
0 67 82 128 170 359 1 0 1 "Burglary"
0 67 82 128 170 360 1 0 1 "Burglary"
0 67 82 128 170 361 1 0 1 "Burglary"
0 67 82 128 170 362 1 0 1 "Burglary"
0 67 82 128 170 363 1 0 1 "Burglary"
0 67 82 128 170 364 1 0 1 "Burglary"
0 67 82 128 170 365 1 0 1 "Burglary"
0 67 82 128 170 366 1 0 1 "Burglary"
0 67 82 128 170 367 1 0 1 "Burglary"
0 67 82 128 170 368 1 0 1 "Burglary"
0 67 82 128 170 369 1 0 1 "Burglary"
0 67 82 128 170 370 1 0 1 "Burglary"
0 67 82 128 170 371 1 0 1 "Burglary"
0 67 82 128 170 372 1 0 1 "Burglary"
0 67 82 128 170 373 1 0 1 "Burglary"
0 67 82 128 170 374 1 0 1 "Burglary"
0 67 82 128 170 375 1 0 1 "Burglary"
0 67 82 128 170 376 1 0 1 "Burglary"
0 67 82 128 170 377 1 0 1 "Burglary"
0 67 82 128 170 378 1 0 1 "Burglary"
0 67 82 128 170 379 1 0 1 "Burglary"
0 67 82 128 170 380 1 0 1 "Burglary"
0 67 82 128 170 381 1 0 1 "Burglary"
0 67 82 128 170 382 1 0 1 "Burglary"
0 67 82 128 170 383 1 0 1 "Burglary"
0 67 82 128 170 384 1 0 1 "Burglary"
0 67 82 128 170 385 1 0 1 "Burglary"
0 67 82 128 170 386 1 0 1 "Burglary"
0 67 82 128 170 387 1 0 1 "Burglary"
0 67 82 128 170 388 1 0 1 "Burglary"
0 67 82 128 170 389 1 0 1 "Burglary"
0 67 82 128 170 390 1 0 1 "Burglary"
0 67 82 128 170 391 1 0 1 "Burglary"
0 67 82 128 170 392 1 0 1 "Burglary"
0 67 82 128 170 393 1 0 1 "Burglary"
0 67 82 128 170 394 1 0 1 "Burglary"
0 67 82 128 170 395 1 0 1 "Burglary"
0 67 82 128 170 396 1 0 1 "Burglary"
0 67 82 128 170 397 1 0 1 "Burglary"
0 67 82 128 170 398 1 0 1 "Burglary"
0 67 82 128 170 399 1 0 1 "Burglary"
0 67 82 128 170 400 1 0 1 "Burglary"
0 67 82 128 170 401 1 0 1 "Burglary"
0 67 82 128 170 402 1 0 1 "Burglary"
0 67 82 128 170 403 1 0 1 "Burglary"
0 67 82 128 170 404 1 0 1 "Burglary"
0 67 82 128 170 405 1 0 1 "Burglary"
0 67 82 128 170 406 1 0 1 "Burglary"
0 67 82 128 170 407 1 0 1 "Burglary"
0 67 82 128 170 408 1 0 1 "Burglary"
0 67 82 128 170 409 1 0 1 "Burglary"
0 67 82 128 170 410 1 0 1 "Burglary"
0 67 82 128 170 411 1 0 1 "Burglary"
0 67 82 128 170 412 1 0 1 "Burglary"
0 67 82 128 170 413 1 0 1 "Burglary"
0 67 82 128 170 414 1 0 1 "Burglary"
0 67 82 128 170 415 1 0 1 "Burglary"
0 67 82 128 170 416 1 0 1 "Burglary"
0 67 82 128 170 417 1 0 1 "Burglary"
0 67 82 128 170 418 1 0 1 "Burglary"
0 67 82 128 170 419 1 0 1 "Burglary"
0 67 82 128 170 420 1 0 1 "Burglary"
0 67 82 128 170 421 1 0 1 "Burglary"
0 67 82 128 170 422 0 0 0 "Burglary"
0 61 83 127 171 423 0 0 1 "Burglary"
0 56 84 127 172 424 0 0 1 "Burglary"
0 51 85 126 173 425 0 0 1 "Burglary"
0 46 86 126 174 426 0 0 1 "Burglary"
0 41 88 126 175 427 0 0 0 "Burglary"
0 40 88 125 175 428 0 0 1 "Burglary"
0 39 88 124 175 429 0 0 1 "Burglary"
0 38 88 123 175 430 0 0 1 "Burglary"
0 37 88 122 175 431 0 0 1 "Burglary"
0 36 88 121 175 432 0 0 1 "Burglary"
0 35 88 120 175 433 0 0 1 "Burglary"
0 34 89 119 176 434 0 0 0 "Burglary"
0 33 88 118 175 435 0 0 1 "Burglary"
0 33 88 118 175 436 0 0 1 "Burglary"
0 33 87 118 174 437 0 0 1 "Burglary"
0 33 87 118 174 438 0 0 1 "Burglary"
0 32 86 117 173 439 0 0 1 "Burglary"
0 32 86 117 173 440 0 0 1 "Burglary"
0 32 85 117 172 441 0 0 1 "Burglary"
0 32 85 117 172 442 0 0 1 "Burglary"
0 31 84 116 171 443 0 0 1 "Burglary"
0 31 84 116 171 444 0 0 1 "Burglary"
0 31 83 116 170 445 0 0 1 "Burglary"
0 31 83 116 170 446 0 0 1 "Burglary"
0 31 83 116 170 447 0 0 0 "Burglary"
0 31 82 116 169 448 0 0 1 "Burglary"
0 32 82 117 169 449 0 0 1 "Burglary"
0 32 82 117 169 450 0 0 1 "Burglary"
0 33 82 118 169 451 0 0 1 "Burglary"
0 34 82 119 169 452 0 0 1 "Burglary"
0 34 82 119 169 453 0 0 1 "Burglary"
0 35 82 120 169 454 0 0 1 "Burglary"
0 36 82 121 169 455 0 0 1 "Burglary"
0 36 82 121 169 456 0 0 1 "Burglary"
0 37 82 122 169 457 0 0 1 "Burglary"
0 37 82 122 169 458 0 0 1 "Burglary"
0 38 82 123 169 459 0 0 1 "Burglary"
0 39 82 124 169 460 0 0 1 "Burglary"
0 39 82 124 169 461 0 0 1 "Burglary"
0 40 82 125 169 462 0 0 1 "Burglary"
0 41 81 126 168 463 0 0 1 "Burglary"
0 41 81 126 168 464 0 0 1 "Burglary"
0 42 81 127 168 465 0 0 1 "Burglary"
0 43 81 128 168 466 0 0 1 "Burglary"
0 43 81 128 168 467 0 0 1 "Burglary"
0 44 81 129 168 468 0 0 1 "Burglary"
0 44 81 129 168 469 0 0 1 "Burglary"
0 45 81 130 168 470 0 0 1 "Burglary"
0 46 81 131 168 471 0 0 1 "Burglary"
0 46 81 131 168 472 0 0 1 "Burglary"
0 47 81 132 168 473 0 0 1 "Burglary"
0 48 81 133 168 474 0 0 1 "Burglary"
0 48 81 133 168 475 0 0 1 "Burglary"
0 49 81 134 168 476 0 0 1 "Burglary"
0 50 81 135 168 477 0 0 0 "Burglary"
0 52 80 137 167 478 0 0 1 "Burglary"
0 55 80 140 167 479 0 0 1 "Burglary"
0 58 79 143 166 480 0 0 1 "Burglary"
0 61 79 146 166 481 0 0 1 "Burglary"
0 64 78 149 165 482 0 0 1 "Burglary"
0 66 78 151 165 483 0 0 1 "Burglary"
0 69 77 154 164 484 0 0 1 "Burglary"
0 72 77 157 164 485 0 0 1 "Burglary"
0 75 76 160 163 486 0 0 1 "Burglary"
0 78 76 163 163 487 0 0 0 "Burglary"
0 79 75 164 162 488 0 0 1 "Burglary"
0 80 75 165 162 489 0 0 1 "Burglary"
0 82 74 167 161 490 0 0 1 "Burglary"
0 83 74 168 161 491 0 0 1 "Burglary"
0 85 74 170 161 492 0 0 1 "Burglary"
0 86 73 171 160 493 0 0 1 "Burglary"
0 87 73 172 160 494 0 0 1 "Burglary"
0 89 72 174 159 495 0 0 1 "Burglary"
0 90 72 175 159 496 0 0 1 "Burglary"
0 92 72 177 159 497 0 0 0 "Burglary"
0 94 71 179 158 498 0 0 1 "Burglary"
0 97 71 182 158 499 0 0 1 "Burglary"
0 100 70 185 157 500 0 0 1 "Burglary"
0 102 70 187 157 501 0 0 1 "Burglary"
0 105 70 190 157 502 0 0 1 "Burglary"
0 108 69 193 156 503 0 0 1 "Burglary"
0 110 69 195 156 504 0 0 1 "Burglary"
0 113 68 198 155 505 0 0 1 "Burglary"
0 116 68 201 155 506 0 0 1 "Burglary"
0 119 68 204 155 507 0 0 0 "Burglary"
0 122 68 205 155 508 0 0 1 "Burglary"
0 125 68 207 155 509 0 0 1 "Burglary"
0 128 68 209 155 510 0 0 1 "Burglary"
0 131 68 211 155 511 0 0 1 "Burglary"
0 135 68 213 155 512 0 0 1 "Burglary"
0 138 68 214 155 513 0 0 1 "Burglary"
0 141 68 216 155 514 0 0 1 "Burglary"
0 144 68 218 155 515 0 0 1 "Burglary"
0 147 68 220 155 516 0 0 1 "Burglary"
0 151 69 222 155 517 0 0 0 "Burglary"
0 152 68 223 154 518 0 0 1 "Burglary"
0 153 67 224 153 519 0 0 1 "Burglary"
0 154 66 225 152 520 0 0 1 "Burglary"
0 155 65 226 151 521 0 0 1 "Burglary"
0 156 65 227 151 522 0 0 1 "Burglary"
0 157 64 228 150 523 0 0 1 "Burglary"
0 158 63 229 149 524 0 0 1 "Burglary"
0 159 62 230 148 525 0 0 1 "Burglary"
0 160 61 231 147 526 0 0 1 "Burglary"
0 162 61 233 147 527 0 0 0 "Burglary"
0 162 60 233 146 528 0 0 1 "Burglary"
0 163 60 234 146 529 0 0 1 "Burglary"
0 164 59 235 145 530 0 0 1 "Burglary"
0 165 59 236 145 531 0 0 1 "Burglary"
0 166 58 237 144 532 0 0 1 "Burglary"
0 167 58 238 144 533 0 0 1 "Burglary"
0 168 57 239 143 534 0 0 1 "Burglary"
0 169 57 240 143 535 0 0 1 "Burglary"
0 170 56 241 142 536 0 0 1 "Burglary"
0 171 56 242 142 537 0 0 0 "Burglary"
0 172 55 243 141 538 0 0 1 "Burglary"
0 173 55 244 141 539 0 0 1 "Burglary"
0 174 55 245 141 540 0 0 1 "Burglary"
0 175 55 246 141 541 0 0 1 "Burglary"
0 176 55 247 141 542 0 0 1 "Burglary"
0 177 54 248 140 543 0 0 1 "Burglary"
0 178 54 249 140 544 0 0 1 "Burglary"
0 179 54 250 140 545 0 0 1 "Burglary"
0 180 54 251 140 546 0 0 1 "Burglary"
0 181 54 252 140 547 0 0 0 "Burglary"
0 181 54 252 140 548 0 0 1 "Burglary"
0 182 54 253 140 549 0 0 1 "Burglary"
0 183 54 254 140 550 0 0 1 "Burglary"
0 184 54 255 140 551 0 0 1 "Burglary"
0 185 54 256 140 552 0 0 1 "Burglary"
0 186 54 257 140 553 0 0 1 "Burglary"
0 187 54 258 140 554 0 0 1 "Burglary"
0 188 54 259 140 555 0 0 1 "Burglary"
0 189 54 260 140 556 0 0 1 "Burglary"
0 190 54 261 140 557 0 0 0 "Burglary"
0 192 54 261 139 558 0 0 1 "Burglary"
0 194 54 261 139 559 0 0 1 "Burglary"
0 196 54 261 139 560 0 0 1 "Burglary"
0 198 54 261 139 561 0 0 1 "Burglary"
0 200 54 261 139 562 0 0 1 "Burglary"
0 202 54 261 139 563 0 0 1 "Burglary"
0 204 54 261 139 564 0 0 1 "Burglary"
0 206 54 261 139 565 0 0 1 "Burglary"
0 208 54 261 139 566 0 0 1 "Burglary"
0 210 54 261 139 567 0 0 0 "Burglary"
0 211 54 262 137 568 0 0 1 "Burglary"
0 212 54 263 135 569 0 0 1 "Burglary"
0 213 54 264 133 570 0 0 1 "Burglary"
0 215 54 265 131 571 0 0 1 "Burglary"
0 216 54 267 130 572 0 0 1 "Burglary"
0 217 54 268 128 573 0 0 1 "Burglary"
0 219 54 269 126 574 0 0 1 "Burglary"
0 220 54 270 124 575 0 0 1 "Burglary"
0 221 54 271 122 576 0 0 1 "Burglary"
0 223 54 273 121 577 0 0 0 "Burglary"
0 223 54 273 121 578 0 0 1 "Burglary"
0 223 54 273 121 579 0 0 1 "Burglary"
0 224 54 274 121 580 0 0 1 "Burglary"
0 224 54 274 121 581 0 0 1 "Burglary"
0 225 54 275 121 582 0 0 1 "Burglary"
0 225 54 275 121 583 0 0 1 "Burglary"
0 225 54 275 121 584 0 0 1 "Burglary"
0 226 54 276 121 585 0 0 1 "Burglary"
0 226 54 276 121 586 0 0 1 "Burglary"
0 227 54 277 121 587 1 0 0 "Burglary"
0 227 54 277 121 588 1 0 1 "Burglary"
0 227 54 277 121 589 1 0 1 "Burglary"
0 227 54 277 121 590 1 0 1 "Burglary"
0 227 54 277 121 591 1 0 1 "Burglary"
0 227 54 277 121 592 1 0 1 "Burglary"
0 227 54 277 121 593 1 0 1 "Burglary"
0 227 54 277 121 594 1 0 1 "Burglary"
0 227 54 277 121 595 1 0 1 "Burglary"
0 227 54 277 121 596 1 0 1 "Burglary"
0 227 54 277 121 597 1 0 0 "Burglary"
0 225 54 276 121 598 1 0 1 "Burglary"
0 224 55 276 122 599 1 0 1 "Burglary"
0 223 55 275 123 600 1 0 1 "Burglary"
0 222 56 275 123 601 1 0 1 "Burglary"
0 221 56 275 124 602 1 0 1 "Burglary"
0 220 57 274 125 603 1 0 1 "Burglary"
0 218 57 274 125 604 1 0 1 "Burglary"
0 217 58 273 126 605 1 0 1 "Burglary"
0 216 58 273 127 606 1 0 1 "Burglary"
0 215 59 273 127 607 1 0 1 "Burglary"
0 214 59 272 128 608 1 0 1 "Burglary"
0 213 60 272 129 609 1 0 1 "Burglary"
0 211 61 272 129 610 1 0 1 "Burglary"
0 210 61 271 130 611 1 0 1 "Burglary"
0 209 62 271 131 612 1 0 1 "Burglary"
0 208 62 270 131 613 1 0 1 "Burglary"
0 207 63 270 132 614 1 0 1 "Burglary"
0 206 63 270 133 615 1 0 1 "Burglary"
0 204 64 269 133 616 1 0 1 "Burglary"
0 203 64 269 134 617 1 0 1 "Burglary"
0 202 65 269 135 618 1 0 1 "Burglary"
0 201 65 268 135 619 1 0 1 "Burglary"
0 200 66 268 136 620 1 0 1 "Burglary"
0 199 66 267 137 621 1 0 1 "Burglary"
0 197 67 267 137 622 1 0 1 "Burglary"
0 196 68 267 138 623 1 0 1 "Burglary"
0 195 68 266 139 624 1 0 1 "Burglary"
0 194 69 266 139 625 1 0 1 "Burglary"
0 193 69 266 140 626 1 0 1 "Burglary"
0 192 70 265 141 627 1 0 1 "Burglary"
0 190 70 265 141 628 1 0 1 "Burglary"
0 189 71 264 142 629 1 0 1 "Burglary"
0 188 71 264 143 630 1 0 1 "Burglary"
0 187 72 264 144 631 1 0 1 "Burglary"
0 186 72 263 144 632 1 0 1 "Burglary"
0 185 73 263 145 633 1 0 1 "Burglary"
0 184 73 263 146 634 1 0 1 "Burglary"
0 182 74 262 146 635 1 0 1 "Burglary"
0 181 75 262 147 636 1 0 1 "Burglary"
0 180 75 261 148 637 1 0 1 "Burglary"
0 179 76 261 148 638 1 0 1 "Burglary"
0 178 76 261 149 639 1 0 1 "Burglary"
0 177 77 260 150 640 1 0 1 "Burglary"
0 175 77 260 150 641 1 0 1 "Burglary"
0 174 78 260 151 642 1 0 1 "Burglary"
0 173 78 259 152 643 1 0 1 "Burglary"
0 172 79 259 152 644 1 0 1 "Burglary"
0 171 79 258 153 645 1 0 1 "Burglary"
0 170 80 258 154 646 1 0 1 "Burglary"
0 168 80 258 154 647 1 0 1 "Burglary"
0 167 81 257 155 648 1 0 1 "Burglary"
0 166 82 257 156 649 1 0 1 "Burglary"
0 165 82 257 156 650 1 0 1 "Burglary"
0 164 83 256 157 651 1 0 1 "Burglary"
0 163 83 256 158 652 1 0 1 "Burglary"
0 161 84 255 158 653 1 0 1 "Burglary"
0 160 84 255 159 654 1 0 1 "Burglary"
0 159 85 255 160 655 1 0 1 "Burglary"
0 158 85 254 160 656 1 0 1 "Burglary"
0 157 86 254 161 657 1 0 1 "Burglary"
0 156 86 254 162 658 1 0 1 "Burglary"
0 154 87 253 162 659 1 0 1 "Burglary"
0 153 87 253 163 660 1 0 1 "Burglary"
0 152 88 252 164 661 1 0 1 "Burglary"
0 151 89 252 165 662 1 0 1 "Burglary"
0 150 89 252 165 663 1 0 1 "Burglary"
0 149 90 251 166 664 1 0 1 "Burglary"
0 148 90 251 167 665 1 0 1 "Burglary"
0 146 91 250 167 666 1 0 1 "Burglary"
0 145 91 250 168 667 1 0 1 "Burglary"
0 144 92 250 169 668 1 0 1 "Burglary"
0 143 92 249 169 669 1 0 1 "Burglary"
0 142 93 249 170 670 1 0 1 "Burglary"
0 141 93 249 171 671 1 0 1 "Burglary"
0 139 94 248 171 672 1 0 1 "Burglary"
0 138 94 248 172 673 1 0 1 "Burglary"
0 137 95 247 173 674 1 0 1 "Burglary"
0 136 96 247 173 675 1 0 1 "Burglary"
0 135 96 247 174 676 1 0 1 "Burglary"
0 134 97 246 175 677 1 0 1 "Burglary"
0 132 97 246 175 678 1 0 1 "Burglary"
0 131 98 246 176 679 1 0 1 "Burglary"
0 130 98 245 177 680 1 0 1 "Burglary"
0 129 99 245 177 681 1 0 1 "Burglary"
0 128 99 244 178 682 1 0 1 "Burglary"
0 127 100 244 179 683 1 0 1 "Burglary"
0 125 100 244 179 684 1 0 1 "Burglary"
0 124 101 243 180 685 1 0 1 "Burglary"
0 123 101 243 181 686 1 0 1 "Burglary"
0 122 102 243 181 687 1 0 1 "Burglary"
0 121 103 242 182 688 1 0 1 "Burglary"
0 120 103 242 183 689 1 0 1 "Burglary"
0 118 104 241 183 690 1 0 1 "Burglary"
0 117 104 241 184 691 1 0 1 "Burglary"
0 116 105 241 185 692 1 0 1 "Burglary"
0 115 105 240 185 693 1 0 1 "Burglary"
0 114 106 240 186 694 1 0 1 "Burglary"
0 113 106 240 187 695 1 0 1 "Burglary"
0 112 107 239 188 696 1 0 1 "Burglary"
0 110 107 239 188 697 1 0 1 "Burglary"
0 109 108 238 189 698 1 0 1 "Burglary"
0 108 108 238 190 699 1 0 1 "Burglary"
0 107 109 238 190 700 1 0 1 "Burglary"
0 106 110 237 191 701 1 0 1 "Burglary"
0 105 110 237 192 702 1 0 1 "Burglary"
0 103 111 237 192 703 1 0 1 "Burglary"
0 102 111 236 193 704 1 0 1 "Burglary"
0 101 112 236 194 705 1 0 1 "Burglary"
0 100 112 235 194 706 1 0 1 "Burglary"
0 99 113 235 195 707 1 0 1 "Burglary"
0 98 113 235 196 708 1 0 1 "Burglary"
0 96 114 234 196 709 1 0 1 "Burglary"
0 95 114 234 197 710 1 0 1 "Burglary"
0 94 115 234 198 711 1 0 1 "Burglary"
0 93 115 233 198 712 1 0 1 "Burglary"
0 92 116 233 199 713 1 0 1 "Burglary"
0 91 117 232 200 714 1 0 1 "Burglary"
0 89 117 232 200 715 1 0 1 "Burglary"
0 88 118 232 201 716 1 0 1 "Burglary"
0 87 118 231 202 717 1 0 1 "Burglary"
0 86 119 231 202 718 1 0 1 "Burglary"
0 85 119 231 203 719 1 0 1 "Burglary"
0 84 120 230 204 720 1 0 1 "Burglary"
0 82 120 230 204 721 1 0 1 "Burglary"
0 81 121 229 205 722 1 0 1 "Burglary"
0 80 121 229 206 723 1 0 1 "Burglary"
0 79 122 229 206 724 1 0 1 "Burglary"
0 78 122 228 207 725 1 0 1 "Burglary"
0 77 123 228 208 726 1 0 1 "Burglary"
0 76 124 228 209 727 0 0 0 "Burglary"
0 76 124 228 209 728 0 0 1 "Burglary"
0 76 124 228 209 729 0 0 1 "Burglary"
0 76 124 228 209 730 0 0 1 "Burglary"
0 77 124 229 209 731 0 0 1 "Burglary"
0 77 124 229 209 732 0 0 1 "Burglary"
0 77 124 229 209 733 0 0 1 "Burglary"
0 77 124 229 209 734 0 0 1 "Burglary"
0 78 124 230 209 735 0 0 1 "Burglary"
0 78 124 230 209 736 0 0 1 "Burglary"
0 78 124 230 209 737 0 0 1 "Burglary"
0 78 124 230 209 738 0 0 1 "Burglary"
0 79 124 231 209 739 0 0 1 "Burglary"
0 79 124 231 209 740 0 0 1 "Burglary"
0 79 124 231 209 741 0 0 1 "Burglary"
0 80 124 232 209 742 0 0 1 "Burglary"
0 80 124 232 209 743 0 0 1 "Burglary"
0 80 124 232 209 744 0 0 1 "Burglary"
0 80 124 232 209 745 0 0 1 "Burglary"
0 81 124 233 209 746 0 0 1 "Burglary"
0 81 124 233 209 747 0 0 1 "Burglary"
0 81 124 233 209 748 0 0 1 "Burglary"
0 81 124 233 209 749 0 0 1 "Burglary"
0 82 124 234 209 750 0 0 1 "Burglary"
0 82 124 234 209 751 0 0 1 "Burglary"
0 82 124 234 209 752 0 0 1 "Burglary"
0 82 124 234 209 753 0 0 1 "Burglary"
0 83 124 235 209 754 0 0 1 "Burglary"
0 83 124 235 209 755 0 0 1 "Burglary"
0 83 124 235 209 756 0 0 1 "Burglary"
0 84 124 236 209 757 0 0 1 "Burglary"
0 84 124 236 209 758 0 0 1 "Burglary"
0 84 124 236 209 759 0 0 1 "Burglary"
0 84 124 236 209 760 0 0 1 "Burglary"
0 85 124 237 209 761 0 0 1 "Burglary"
0 85 124 237 209 762 0 0 1 "Burglary"
0 85 124 237 209 763 0 0 1 "Burglary"
0 85 124 237 209 764 0 0 1 "Burglary"
0 86 124 238 209 765 0 0 1 "Burglary"
0 86 124 238 209 766 0 0 1 "Burglary"
0 86 124 238 209 767 0 0 1 "Burglary"
0 86 124 238 209 768 0 0 1 "Burglary"
0 87 124 239 209 769 0 0 1 "Burglary"
0 87 124 239 209 770 0 0 1 "Burglary"
0 87 124 239 209 771 0 0 1 "Burglary"
0 88 124 240 209 772 0 0 1 "Burglary"
0 88 124 240 209 773 0 0 1 "Burglary"
0 88 124 240 209 774 0 0 1 "Burglary"
0 88 124 240 209 775 0 0 1 "Burglary"
0 89 124 241 209 776 0 0 1 "Burglary"
0 89 124 241 209 777 0 0 1 "Burglary"
0 89 124 241 209 778 0 0 1 "Burglary"
0 89 124 241 209 779 0 0 1 "Burglary"
0 90 124 242 209 780 0 0 1 "Burglary"
0 90 124 242 209 781 0 0 1 "Burglary"
0 90 124 242 209 782 0 0 1 "Burglary"
0 90 124 242 209 783 0 0 1 "Burglary"
0 91 124 243 209 784 0 0 1 "Burglary"
0 91 124 243 209 785 0 0 1 "Burglary"
0 91 124 243 209 786 0 0 1 "Burglary"
0 92 124 244 209 787 0 0 1 "Burglary"
0 92 124 244 209 788 0 0 1 "Burglary"
0 92 124 244 209 789 0 0 1 "Burglary"
0 92 124 244 209 790 0 0 1 "Burglary"
0 93 124 245 209 791 0 0 1 "Burglary"
0 93 124 245 209 792 0 0 1 "Burglary"
0 93 124 245 209 793 0 0 1 "Burglary"
0 93 124 245 209 794 0 0 1 "Burglary"
0 94 124 246 209 795 0 0 1 "Burglary"
0 94 124 246 209 796 0 0 1 "Burglary"
0 94 124 246 209 797 0 0 1 "Burglary"
0 94 124 246 209 798 0 0 1 "Burglary"
0 95 124 247 209 799 0 0 1 "Burglary"
0 95 124 247 209 800 0 0 1 "Burglary"
0 95 124 247 209 801 0 0 1 "Burglary"
0 96 124 248 209 802 0 0 1 "Burglary"
0 96 124 248 209 803 0 0 1 "Burglary"
0 96 124 248 209 804 0 0 1 "Burglary"
0 96 124 248 209 805 0 0 1 "Burglary"
0 97 124 249 209 806 0 0 1 "Burglary"
0 97 124 249 209 807 0 0 1 "Burglary"
0 97 124 249 209 808 0 0 1 "Burglary"
0 97 124 249 209 809 0 0 1 "Burglary"
0 98 124 250 209 810 0 0 1 "Burglary"
0 98 124 250 209 811 0 0 1 "Burglary"
0 98 124 250 209 812 0 0 1 "Burglary"
0 98 124 250 209 813 0 0 1 "Burglary"
0 99 124 251 209 814 0 0 1 "Burglary"
0 99 124 251 209 815 0 0 1 "Burglary"
0 99 124 251 209 816 0 0 1 "Burglary"
0 100 124 252 209 817 0 0 0 "Burglary"
0 104 125 249 208 818 0 0 1 "Burglary"
0 108 126 246 208 819 0 0 1 "Burglary"
0 113 127 243 208 820 0 0 1 "Burglary"
0 117 128 240 208 821 0 0 1 "Burglary"
0 122 129 238 208 822 0 0 1 "Burglary"
0 126 130 235 208 823 0 0 1 "Burglary"
0 130 131 232 208 824 0 0 1 "Burglary"
0 135 132 229 208 825 0 0 1 "Burglary"
0 139 133 226 208 826 0 0 1 "Burglary"
0 144 135 224 208 827 0 0 0 "Burglary"
0 147 135 227 208 828 0 0 1 "Burglary"
0 151 135 231 208 829 0 0 1 "Burglary"
0 155 135 235 208 830 0 0 1 "Burglary"
0 159 136 239 209 831 0 0 1 "Burglary"
0 163 136 243 209 832 0 0 1 "Burglary"
0 166 136 246 209 833 0 0 1 "Burglary"
0 170 137 250 210 834 0 0 1 "Burglary"
0 174 137 254 210 835 0 0 1 "Burglary"
0 178 137 258 210 836 0 0 1 "Burglary"
0 182 138 262 211 837 0 0 0 "Burglary"
0 185 138 265 211 838 0 0 1 "Burglary"
0 188 138 268 211 839 0 0 1 "Burglary"
0 191 138 271 211 840 0 0 1 "Burglary"
0 195 138 275 211 841 0 0 1 "Burglary"
0 198 138 278 211 842 0 0 1 "Burglary"
0 201 138 281 211 843 0 0 1 "Burglary"
0 205 138 285 211 844 0 0 1 "Burglary"
0 208 138 288 211 845 0 0 1 "Burglary"
0 211 138 291 211 846 0 0 1 "Burglary"
0 215 138 295 211 847 0 0 0 "Burglary"
0 216 137 296 210 848 0 0 1 "Burglary"
0 218 137 298 210 849 0 0 1 "Burglary"
0 220 137 300 210 850 0 0 1 "Burglary"
0 221 137 301 210 851 0 0 1 "Burglary"
0 223 137 303 210 852 0 0 1 "Burglary"
0 225 136 305 209 853 0 0 1 "Burglary"
0 226 136 306 209 854 0 0 1 "Burglary"
0 228 136 308 209 855 0 0 1 "Burglary"
0 230 136 310 209 856 0 0 1 "Burglary"
0 232 136 312 209 857 1 0 0 "Burglary"
0 232 136 312 209 858 1 0 1 "Burglary"
0 232 136 312 209 859 1 0 1 "Burglary"
0 232 136 312 209 860 1 0 1 "Burglary"
0 232 136 312 209 861 1 0 1 "Burglary"
0 232 136 312 209 862 1 0 1 "Burglary"
0 232 136 312 209 863 1 0 1 "Burglary"
0 232 136 312 209 864 1 0 1 "Burglary"
0 232 136 312 209 865 1 0 1 "Burglary"
0 232 136 312 209 866 1 0 1 "Burglary"
0 232 136 312 209 867 1 0 0 "Burglary"
0 232 136 312 209 868 1 0 1 "Burglary"
0 232 136 312 209 869 1 0 1 "Burglary"
0 232 136 312 209 870 1 0 1 "Burglary"
0 232 136 312 209 871 1 0 1 "Burglary"
0 232 136 312 209 872 1 0 1 "Burglary"
0 232 136 312 209 873 1 0 1 "Burglary"
0 232 136 312 209 874 1 0 1 "Burglary"
0 232 136 312 209 875 1 0 1 "Burglary"
0 232 136 312 209 876 1 0 1 "Burglary"
0 232 136 312 209 877 1 0 1 "Burglary"
0 232 136 312 209 878 1 0 1 "Burglary"
0 232 136 312 209 879 1 0 1 "Burglary"
0 232 136 312 209 880 1 0 1 "Burglary"
0 232 136 312 209 881 1 0 1 "Burglary"
0 232 136 312 209 882 1 0 1 "Burglary"
0 232 136 312 209 883 1 0 1 "Burglary"
0 232 136 312 209 884 1 0 1 "Burglary"
0 232 136 312 209 885 1 0 1 "Burglary"
0 232 136 312 209 886 1 0 1 "Burglary"
0 232 136 312 209 887 1 0 1 "Burglary"
0 232 136 312 209 888 1 0 1 "Burglary"
0 232 136 312 209 889 1 0 1 "Burglary"
0 232 136 312 209 890 1 0 1 "Burglary"
0 232 136 312 209 891 1 0 1 "Burglary"
0 232 136 312 209 892 1 0 1 "Burglary"
0 232 136 312 209 893 1 0 1 "Burglary"
0 232 136 312 209 894 1 0 1 "Burglary"
0 232 136 312 209 895 1 0 1 "Burglary"
0 232 136 312 209 896 1 0 1 "Burglary"
0 232 136 312 209 897 1 0 1 "Burglary"
0 232 136 312 209 898 1 0 1 "Burglary"
0 232 136 312 209 899 1 0 1 "Burglary"
0 232 136 312 209 900 1 0 1 "Burglary"
0 232 136 312 209 901 1 0 1 "Burglary"
0 232 136 312 209 902 1 0 1 "Burglary"
0 232 136 312 209 903 1 0 1 "Burglary"
0 232 136 312 209 904 1 0 1 "Burglary"
0 232 136 312 209 905 1 0 1 "Burglary"
0 232 136 312 209 906 1 0 1 "Burglary"
0 232 136 312 209 907 1 0 1 "Burglary"
0 232 136 312 209 908 1 0 1 "Burglary"
0 232 136 312 209 909 1 0 1 "Burglary"
0 232 136 312 209 910 1 0 1 "Burglary"
0 232 136 312 209 911 1 0 1 "Burglary"
0 232 136 312 209 912 1 0 1 "Burglary"
0 232 136 312 209 913 1 0 1 "Burglary"
0 232 136 312 209 914 1 0 1 "Burglary"
0 232 136 312 209 915 1 0 1 "Burglary"
0 232 136 312 209 916 1 0 1 "Burglary"
0 232 136 312 209 917 1 0 1 "Burglary"
0 232 136 312 209 918 1 0 1 "Burglary"
0 232 136 312 209 919 1 0 1 "Burglary"
0 232 136 312 209 920 1 0 1 "Burglary"
0 232 136 312 209 921 1 0 1 "Burglary"
0 232 136 312 209 922 1 0 1 "Burglary"
0 232 136 312 209 923 1 0 1 "Burglary"
0 232 136 312 209 924 1 0 1 "Burglary"
0 232 136 312 209 925 1 0 1 "Burglary"
0 232 136 312 209 926 1 0 1 "Burglary"
0 232 136 312 209 927 1 0 1 "Burglary"
0 232 136 312 209 928 1 0 1 "Burglary"
0 232 136 312 209 929 1 0 1 "Burglary"
0 232 136 312 209 930 1 0 1 "Burglary"
0 232 136 312 209 931 1 0 1 "Burglary"
0 232 136 312 209 932 1 0 1 "Burglary"
0 232 136 312 209 933 1 0 1 "Burglary"
0 232 136 312 209 934 1 0 1 "Burglary"
0 232 136 312 209 935 1 0 1 "Burglary"
0 232 136 312 209 936 1 0 1 "Burglary"
0 232 136 312 209 937 1 0 1 "Burglary"
0 232 136 312 209 938 1 0 1 "Burglary"
0 232 136 312 209 939 1 0 1 "Burglary"
0 232 136 312 209 940 1 0 1 "Burglary"
0 232 136 312 209 941 1 0 1 "Burglary"
0 232 136 312 209 942 1 0 1 "Burglary"
0 232 136 312 209 943 1 0 1 "Burglary"
0 232 136 312 209 944 1 0 1 "Burglary"
0 232 136 312 209 945 1 0 1 "Burglary"
0 232 136 312 209 946 1 0 1 "Burglary"
0 232 136 312 209 947 1 0 1 "Burglary"
0 232 136 312 209 948 1 0 1 "Burglary"
0 232 136 312 209 949 1 0 1 "Burglary"
0 232 136 312 209 950 1 0 1 "Burglary"
0 232 136 312 209 951 1 0 1 "Burglary"
0 232 136 312 209 952 1 0 1 "Burglary"
0 232 136 312 209 953 1 0 1 "Burglary"
0 232 136 312 209 954 1 0 1 "Burglary"
0 232 136 312 209 955 1 0 1 "Burglary"
0 232 136 312 209 956 1 0 1 "Burglary"
0 232 136 312 209 957 1 0 1 "Burglary"
0 232 136 312 209 958 1 0 1 "Burglary"
0 232 136 312 209 959 1 0 1 "Burglary"
0 232 136 312 209 960 1 0 1 "Burglary"
0 232 136 312 209 961 1 0 1 "Burglary"
0 232 136 312 209 962 1 0 1 "Burglary"
0 232 136 312 209 963 1 0 1 "Burglary"
0 232 136 312 209 964 1 0 1 "Burglary"
0 232 136 312 209 965 1 0 1 "Burglary"
0 232 136 312 209 966 1 0 1 "Burglary"
0 232 136 312 209 967 1 0 1 "Burglary"
0 232 136 312 209 968 1 0 1 "Burglary"
0 232 136 312 209 969 1 0 1 "Burglary"
0 232 136 312 209 970 1 0 1 "Burglary"
0 232 136 312 209 971 1 0 1 "Burglary"
0 232 136 312 209 972 1 0 1 "Burglary"
0 232 136 312 209 973 1 0 1 "Burglary"
0 232 136 312 209 974 1 0 1 "Burglary"
0 232 136 312 209 975 1 0 1 "Burglary"
0 232 136 312 209 976 1 0 1 "Burglary"
0 232 136 312 209 977 1 0 1 "Burglary"
0 232 136 312 209 978 1 0 1 "Burglary"
0 232 136 312 209 979 1 0 1 "Burglary"
0 232 136 312 209 980 1 0 1 "Burglary"
0 232 136 312 209 981 1 0 1 "Burglary"
0 232 136 312 209 982 1 0 1 "Burglary"
0 232 136 312 209 983 1 0 1 "Burglary"
0 232 136 312 209 984 1 0 1 "Burglary"
0 232 136 312 209 985 1 0 1 "Burglary"
0 232 136 312 209 986 1 0 1 "Burglary"
0 232 136 312 209 987 1 0 1 "Burglary"
0 232 136 312 209 988 1 0 1 "Burglary"
0 232 136 312 209 989 1 0 1 "Burglary"
0 232 136 312 209 990 1 0 1 "Burglary"
0 232 136 312 209 991 1 0 1 "Burglary"
0 232 136 312 209 992 1 0 1 "Burglary"
0 232 136 312 209 993 1 0 1 "Burglary"
0 232 136 312 209 994 1 0 1 "Burglary"
0 232 136 312 209 995 1 0 1 "Burglary"
0 232 136 312 209 996 1 0 1 "Burglary"
0 232 136 312 209 997 1 0 1 "Burglary"
0 232 136 312 209 998 1 0 1 "Burglary"
0 232 136 312 209 999 1 0 1 "Burglary"
0 232 136 312 209 1000 1 0 1 "Burglary"
0 232 136 312 209 1001 1 0 1 "Burglary"
0 232 136 312 209 1002 1 0 1 "Burglary"
0 232 136 312 209 1003 1 0 1 "Burglary"
0 232 136 312 209 1004 1 0 1 "Burglary"
0 232 136 312 209 1005 1 0 1 "Burglary"
0 232 136 312 209 1006 1 0 1 "Burglary"
0 232 136 312 209 1007 1 0 1 "Burglary"
0 232 136 312 209 1008 1 0 1 "Burglary"
0 232 136 312 209 1009 1 0 1 "Burglary"
0 232 136 312 209 1010 1 0 1 "Burglary"
0 232 136 312 209 1011 1 0 1 "Burglary"
0 232 136 312 209 1012 1 0 1 "Burglary"
0 232 136 312 209 1013 1 0 1 "Burglary"
0 232 136 312 209 1014 1 0 1 "Burglary"
0 232 136 312 209 1015 1 0 1 "Burglary"
0 232 136 312 209 1016 1 0 1 "Burglary"
0 232 136 312 209 1017 1 0 1 "Burglary"
0 232 136 312 209 1018 1 0 1 "Burglary"
0 232 136 312 209 1019 1 0 1 "Burglary"
0 232 136 312 209 1020 1 0 1 "Burglary"
0 232 136 312 209 1021 1 0 1 "Burglary"
0 232 136 312 209 1022 1 0 1 "Burglary"
0 232 136 312 209 1023 1 0 1 "Burglary"
0 232 136 312 209 1024 1 0 1 "Burglary"
0 232 136 312 209 1025 1 0 1 "Burglary"
0 232 136 312 209 1026 1 0 1 "Burglary"
0 232 136 312 209 1027 1 0 1 "Burglary"
0 232 136 312 209 1028 1 0 1 "Burglary"
0 232 136 312 209 1029 1 0 1 "Burglary"
0 232 136 312 209 1030 1 0 1 "Burglary"
0 232 136 312 209 1031 1 0 1 "Burglary"
0 232 136 312 209 1032 1 0 1 "Burglary"
0 232 136 312 209 1033 1 0 1 "Burglary"
0 232 136 312 209 1034 1 0 1 "Burglary"
0 232 136 312 209 1035 1 0 1 "Burglary"
0 232 136 312 209 1036 1 0 1 "Burglary"
0 232 136 312 209 1037 1 0 1 "Burglary"
0 232 136 312 209 1038 1 0 1 "Burglary"
0 232 136 312 209 1039 1 0 1 "Burglary"
0 232 136 312 209 1040 1 0 1 "Burglary"
0 232 136 312 209 1041 1 0 1 "Burglary"
0 232 136 312 209 1042 1 0 1 "Burglary"
0 232 136 312 209 1043 1 0 1 "Burglary"
0 232 136 312 209 1044 1 0 1 "Burglary"
0 232 136 312 209 1045 1 0 1 "Burglary"
0 232 136 312 209 1046 1 0 1 "Burglary"
0 232 136 312 209 1047 1 0 1 "Burglary"
0 232 136 312 209 1048 1 0 1 "Burglary"
0 232 136 312 209 1049 1 0 1 "Burglary"
0 232 136 312 209 1050 1 0 1 "Burglary"
0 232 136 312 209 1051 1 0 1 "Burglary"
0 232 136 312 209 1052 1 0 1 "Burglary"
0 232 136 312 209 1053 1 0 1 "Burglary"
0 232 136 312 209 1054 1 0 1 "Burglary"
0 232 136 312 209 1055 1 0 1 "Burglary"
0 232 136 312 209 1056 1 0 1 "Burglary"
0 232 136 312 209 1057 1 0 1 "Burglary"
0 232 136 312 209 1058 1 0 1 "Burglary"
0 232 136 312 209 1059 1 0 1 "Burglary"
0 232 136 312 209 1060 1 0 1 "Burglary"
0 232 136 312 209 1061 1 0 1 "Burglary"
0 232 136 312 209 1062 1 0 1 "Burglary"
0 232 136 312 209 1063 1 0 1 "Burglary"
0 232 136 312 209 1064 1 0 1 "Burglary"
0 232 136 312 209 1065 1 0 1 "Burglary"
0 232 136 312 209 1066 1 0 1 "Burglary"
0 232 136 312 209 1067 1 0 1 "Burglary"
0 232 136 312 209 1068 1 0 1 "Burglary"
0 232 136 312 209 1069 1 0 1 "Burglary"
0 232 136 312 209 1070 1 0 1 "Burglary"
0 232 136 312 209 1071 1 0 1 "Burglary"
0 232 136 312 209 1072 1 0 1 "Burglary"
0 232 136 312 209 1073 1 0 1 "Burglary"
0 232 136 312 209 1074 1 0 1 "Burglary"
0 232 136 312 209 1075 1 0 1 "Burglary"
0 232 136 312 209 1076 1 0 1 "Burglary"
0 232 136 312 209 1077 1 0 1 "Burglary"
0 232 136 312 209 1078 1 0 1 "Burglary"
0 232 136 312 209 1079 1 0 1 "Burglary"
0 232 136 312 209 1080 1 0 1 "Burglary"
0 232 136 312 209 1081 1 0 1 "Burglary"
0 232 136 312 209 1082 1 0 1 "Burglary"
0 232 136 312 209 1083 1 0 1 "Burglary"
0 232 136 312 209 1084 1 0 1 "Burglary"
0 232 136 312 209 1085 1 0 1 "Burglary"
0 232 136 312 209 1086 1 0 1 "Burglary"
0 232 136 312 209 1087 1 0 1 "Burglary"
0 232 136 312 209 1088 1 0 1 "Burglary"
0 232 136 312 209 1089 1 0 1 "Burglary"
0 232 136 312 209 1090 1 0 1 "Burglary"
0 232 136 312 209 1091 1 0 1 "Burglary"
0 232 136 312 209 1092 1 0 1 "Burglary"
0 232 136 312 209 1093 1 0 1 "Burglary"
0 232 136 312 209 1094 1 0 1 "Burglary"
0 232 136 312 209 1095 1 0 1 "Burglary"
0 232 136 312 209 1096 1 0 1 "Burglary"
0 232 136 312 209 1097 1 0 1 "Burglary"
0 232 136 312 209 1098 1 0 1 "Burglary"
0 232 136 312 209 1099 1 0 1 "Burglary"
0 232 136 312 209 1100 1 0 1 "Burglary"
0 232 136 312 209 1101 1 0 1 "Burglary"
0 232 136 312 209 1102 1 0 1 "Burglary"
0 232 136 312 209 1103 1 0 1 "Burglary"
0 232 136 312 209 1104 1 0 1 "Burglary"
0 232 136 312 209 1105 1 0 1 "Burglary"
0 232 136 312 209 1106 1 0 1 "Burglary"
0 232 136 312 209 1107 1 0 1 "Burglary"
0 232 136 312 209 1108 1 0 1 "Burglary"
0 232 136 312 209 1109 1 0 1 "Burglary"
0 232 136 312 209 1110 1 0 1 "Burglary"
0 232 136 312 209 1111 1 0 1 "Burglary"
0 232 136 312 209 1112 1 0 1 "Burglary"
0 232 136 312 209 1113 1 0 1 "Burglary"
0 232 136 312 209 1114 1 0 1 "Burglary"
0 232 136 312 209 1115 1 0 1 "Burglary"
0 232 136 312 209 1116 1 0 1 "Burglary"
0 232 136 312 209 1117 1 0 1 "Burglary"
0 232 136 312 209 1118 1 0 1 "Burglary"
0 232 136 312 209 1119 1 0 1 "Burglary"
0 232 136 312 209 1120 1 0 1 "Burglary"
0 232 136 312 209 1121 1 0 1 "Burglary"
0 232 136 312 209 1122 1 0 1 "Burglary"
0 232 136 312 209 1123 1 0 1 "Burglary"
0 232 136 312 209 1124 1 0 1 "Burglary"
0 232 136 312 209 1125 1 0 1 "Burglary"
0 232 136 312 209 1126 1 0 1 "Burglary"
0 232 136 312 209 1127 1 0 1 "Burglary"
0 232 136 312 209 1128 1 0 1 "Burglary"
0 232 136 312 209 1129 1 0 1 "Burglary"
0 232 136 312 209 1130 1 0 1 "Burglary"
0 232 136 312 209 1131 1 0 1 "Burglary"
0 232 136 312 209 1132 1 0 1 "Burglary"
0 232 136 312 209 1133 1 0 1 "Burglary"
0 232 136 312 209 1134 1 0 1 "Burglary"
0 232 136 312 209 1135 1 0 1 "Burglary"
0 232 136 312 209 1136 1 0 1 "Burglary"
0 232 136 312 209 1137 1 0 1 "Burglary"
0 232 136 312 209 1138 1 0 1 "Burglary"
0 232 136 312 209 1139 1 0 1 "Burglary"
0 232 136 312 209 1140 1 0 1 "Burglary"
0 232 136 312 209 1141 1 0 1 "Burglary"
0 232 136 312 209 1142 1 0 1 "Burglary"
0 232 136 312 209 1143 1 0 1 "Burglary"
0 232 136 312 209 1144 1 0 1 "Burglary"
0 232 136 312 209 1145 1 0 1 "Burglary"
0 232 136 312 209 1146 1 0 1 "Burglary"
0 232 136 312 209 1147 1 0 1 "Burglary"
0 232 136 312 209 1148 1 0 1 "Burglary"
0 232 136 312 209 1149 1 0 1 "Burglary"
0 232 136 312 209 1150 1 0 1 "Burglary"
0 232 136 312 209 1151 1 0 1 "Burglary"
0 232 136 312 209 1152 1 0 1 "Burglary"
0 232 136 312 209 1153 1 0 1 "Burglary"
0 232 136 312 209 1154 1 0 1 "Burglary"
0 232 136 312 209 1155 1 0 1 "Burglary"
0 232 136 312 209 1156 1 0 1 "Burglary"
0 232 136 312 209 1157 1 0 1 "Burglary"
0 232 136 312 209 1158 1 0 1 "Burglary"
0 232 136 312 209 1159 1 0 1 "Burglary"
0 232 136 312 209 1160 1 0 1 "Burglary"
0 232 136 312 209 1161 1 0 1 "Burglary"
0 232 136 312 209 1162 1 0 1 "Burglary"
0 232 136 312 209 1163 1 0 1 "Burglary"
0 232 136 312 209 1164 1 0 1 "Burglary"
0 232 136 312 209 1165 1 0 1 "Burglary"
0 232 136 312 209 1166 1 0 1 "Burglary"
0 232 136 312 209 1167 1 0 1 "Burglary"
0 232 136 312 209 1168 1 0 1 "Burglary"
0 232 136 312 209 1169 1 0 1 "Burglary"
0 232 136 312 209 1170 1 0 1 "Burglary"
0 232 136 312 209 1171 1 0 1 "Burglary"
0 232 136 312 209 1172 1 0 1 "Burglary"
0 232 136 312 209 1173 1 0 1 "Burglary"
0 232 136 312 209 1174 1 0 1 "Burglary"
0 232 136 312 209 1175 1 0 1 "Burglary"
0 232 136 312 209 1176 1 0 1 "Burglary"
0 232 136 312 209 1177 1 0 1 "Burglary"
0 232 136 312 209 1178 1 0 1 "Burglary"
0 232 136 312 209 1179 1 0 1 "Burglary"
0 232 136 312 209 1180 1 0 1 "Burglary"
0 232 136 312 209 1181 1 0 1 "Burglary"
0 232 136 312 209 1182 1 0 1 "Burglary"
0 232 136 312 209 1183 1 0 1 "Burglary"
0 232 136 312 209 1184 1 0 1 "Burglary"
0 232 136 312 209 1185 1 0 1 "Burglary"
0 232 136 312 209 1186 1 0 1 "Burglary"
0 232 136 312 209 1187 1 0 1 "Burglary"
0 232 136 312 209 1188 1 0 1 "Burglary"
0 232 136 312 209 1189 1 0 1 "Burglary"
0 232 136 312 209 1190 1 0 1 "Burglary"
0 232 136 312 209 1191 1 0 1 "Burglary"
0 232 136 312 209 1192 1 0 1 "Burglary"
0 232 136 312 209 1193 1 0 1 "Burglary"
0 232 136 312 209 1194 1 0 1 "Burglary"
0 232 136 312 209 1195 1 0 1 "Burglary"
0 232 136 312 209 1196 1 0 1 "Burglary"
0 232 136 312 209 1197 1 0 1 "Burglary"
0 232 136 312 209 1198 1 0 1 "Burglary"
0 232 136 312 209 1199 1 0 1 "Burglary"
0 232 136 312 209 1200 1 0 1 "Burglary"
0 232 136 312 209 1201 1 0 1 "Burglary"
0 232 136 312 209 1202 1 0 1 "Burglary"
0 232 136 312 209 1203 1 0 1 "Burglary"
0 232 136 312 209 1204 1 0 1 "Burglary"
0 232 136 312 209 1205 1 0 1 "Burglary"
0 232 136 312 209 1206 1 0 1 "Burglary"
0 232 136 312 209 1207 1 0 1 "Burglary"
0 232 136 312 209 1208 1 0 1 "Burglary"
0 232 136 312 209 1209 1 0 1 "Burglary"
0 232 136 312 209 1210 1 0 1 "Burglary"
0 232 136 312 209 1211 1 0 1 "Burglary"
0 232 136 312 209 1212 1 0 1 "Burglary"
0 232 136 312 209 1213 1 0 1 "Burglary"
0 232 136 312 209 1214 1 0 1 "Burglary"
0 232 136 312 209 1215 1 0 1 "Burglary"
0 232 136 312 209 1216 1 0 1 "Burglary"
0 232 136 312 209 1217 1 0 1 "Burglary"
0 232 136 312 209 1218 1 0 1 "Burglary"
0 232 136 312 209 1219 1 0 1 "Burglary"
0 232 136 312 209 1220 1 0 1 "Burglary"
0 232 136 312 209 1221 1 0 1 "Burglary"
0 232 136 312 209 1222 1 0 1 "Burglary"
0 232 136 312 209 1223 1 0 1 "Burglary"
0 232 136 312 209 1224 1 0 1 "Burglary"
0 232 136 312 209 1225 1 0 1 "Burglary"
0 232 136 312 209 1226 1 0 1 "Burglary"
0 232 136 312 209 1227 1 0 1 "Burglary"
0 232 136 312 209 1228 1 0 1 "Burglary"
0 232 136 312 209 1229 1 0 1 "Burglary"
0 232 136 312 209 1230 1 0 1 "Burglary"
0 232 136 312 209 1231 1 0 1 "Burglary"
0 232 136 312 209 1232 1 0 1 "Burglary"
0 232 136 312 209 1233 1 0 1 "Burglary"
0 232 136 312 209 1234 1 0 1 "Burglary"
0 232 136 312 209 1235 1 0 1 "Burglary"
0 232 136 312 209 1236 1 0 1 "Burglary"
0 232 136 312 209 1237 1 0 1 "Burglary"
0 232 136 312 209 1238 1 0 1 "Burglary"
0 232 136 312 209 1239 1 0 1 "Burglary"
0 232 136 312 209 1240 1 0 1 "Burglary"
0 232 136 312 209 1241 1 0 1 "Burglary"
0 232 136 312 209 1242 1 0 1 "Burglary"
0 232 136 312 209 1243 1 0 1 "Burglary"
0 232 136 312 209 1244 1 0 1 "Burglary"
0 232 136 312 209 1245 1 0 1 "Burglary"
0 232 136 312 209 1246 1 0 1 "Burglary"
0 232 136 312 209 1247 1 0 1 "Burglary"
0 232 136 312 209 1248 1 0 1 "Burglary"
0 232 136 312 209 1249 1 0 1 "Burglary"
0 232 136 312 209 1250 1 0 1 "Burglary"
0 232 136 312 209 1251 1 0 1 "Burglary"
0 232 136 312 209 1252 1 0 1 "Burglary"
0 232 136 312 209 1253 1 0 1 "Burglary"
0 232 136 312 209 1254 1 0 1 "Burglary"
0 232 136 312 209 1255 1 0 1 "Burglary"
0 232 136 312 209 1256 1 0 1 "Burglary"
0 232 136 312 209 1257 1 0 1 "Burglary"
0 232 136 312 209 1258 1 0 1 "Burglary"
0 232 136 312 209 1259 1 0 1 "Burglary"
0 232 136 312 209 1260 1 0 1 "Burglary"
0 232 136 312 209 1261 1 0 1 "Burglary"
0 232 136 312 209 1262 1 0 1 "Burglary"
0 232 136 312 209 1263 1 0 1 "Burglary"
0 232 136 312 209 1264 1 0 1 "Burglary"
0 232 136 312 209 1265 1 0 1 "Burglary"
0 232 136 312 209 1266 1 0 1 "Burglary"
0 232 136 312 209 1267 1 0 1 "Burglary"
0 232 136 312 209 1268 1 0 1 "Burglary"
0 232 136 312 209 1269 1 0 1 "Burglary"
0 232 136 312 209 1270 1 0 1 "Burglary"
0 232 136 312 209 1271 1 0 1 "Burglary"
0 232 136 312 209 1272 1 0 1 "Burglary"
0 232 136 312 209 1273 1 0 1 "Burglary"
0 232 136 312 209 1274 1 0 1 "Burglary"
0 232 136 312 209 1275 1 0 1 "Burglary"
0 232 136 312 209 1276 1 0 0 "Burglary"
