0 151 32 214 82 0 1 0 0 "Burglary"
0 150 31 214 82 1 1 0 1 "Burglary"
0 150 31 214 82 2 1 0 1 "Burglary"
0 150 31 214 82 3 1 0 1 "Burglary"
0 150 31 214 82 4 1 0 1 "Burglary"
0 150 31 214 82 5 1 0 1 "Burglary"
0 150 31 214 82 6 1 0 1 "Burglary"
0 150 31 214 82 7 1 0 1 "Burglary"
0 150 31 214 82 8 1 0 1 "Burglary"
0 150 31 214 82 9 1 0 1 "Burglary"
0 150 31 214 82 10 1 0 1 "Burglary"
0 150 31 214 82 11 1 0 1 "Burglary"
0 150 31 214 82 12 1 0 1 "Burglary"
0 150 31 214 82 13 1 0 1 "Burglary"
0 150 31 214 82 14 1 0 1 "Burglary"
0 150 30 214 82 15 1 0 1 "Burglary"
0 150 30 214 82 16 1 0 1 "Burglary"
0 150 30 214 82 17 1 0 1 "Burglary"
0 150 30 214 82 18 1 0 1 "Burglary"
0 150 30 214 82 19 1 0 1 "Burglary"
0 150 30 214 82 20 1 0 1 "Burglary"
0 150 30 214 82 21 1 0 1 "Burglary"
0 150 30 214 82 22 1 0 1 "Burglary"
0 150 30 214 82 23 1 0 1 "Burglary"
0 150 30 214 82 24 1 0 1 "Burglary"
0 150 30 214 82 25 1 0 1 "Burglary"
0 150 30 214 82 26 1 0 1 "Burglary"
0 150 30 214 82 27 1 0 1 "Burglary"
0 150 30 214 82 28 1 0 1 "Burglary"
0 150 29 214 82 29 1 0 1 "Burglary"
0 150 29 214 82 30 1 0 1 "Burglary"
0 150 29 214 82 31 1 0 1 "Burglary"
0 150 29 214 82 32 1 0 1 "Burglary"
0 150 29 214 82 33 1 0 1 "Burglary"
0 150 29 214 82 34 1 0 1 "Burglary"
0 150 29 214 82 35 1 0 1 "Burglary"
0 150 29 214 82 36 1 0 1 "Burglary"
0 150 29 214 82 37 1 0 1 "Burglary"
0 150 29 214 82 38 1 0 1 "Burglary"
0 150 29 214 82 39 1 0 1 "Burglary"
0 150 29 214 82 40 1 0 1 "Burglary"
0 150 29 214 82 41 1 0 1 "Burglary"
0 150 29 214 82 42 1 0 1 "Burglary"
0 150 29 214 82 43 1 0 1 "Burglary"
0 150 28 214 82 44 1 0 1 "Burglary"
0 150 28 214 82 45 1 0 1 "Burglary"
0 150 28 214 82 46 1 0 1 "Burglary"
0 149 28 214 82 47 1 0 1 "Burglary"
0 149 28 214 82 48 1 0 1 "Burglary"
0 149 28 214 82 49 1 0 1 "Burglary"
0 149 28 214 82 50 1 0 1 "Burglary"
0 149 28 214 82 51 1 0 1 "Burglary"
0 149 28 214 82 52 1 0 1 "Burglary"
0 149 28 214 82 53 1 0 1 "Burglary"
0 149 28 214 82 54 1 0 1 "Burglary"
0 149 28 214 82 55 1 0 1 "Burglary"
0 149 28 214 82 56 1 0 1 "Burglary"
0 149 28 214 82 57 1 0 1 "Burglary"
0 149 27 214 82 58 1 0 1 "Burglary"
0 149 27 214 82 59 1 0 1 "Burglary"
0 149 27 214 82 60 1 0 1 "Burglary"
0 149 27 214 82 61 1 0 1 "Burglary"
0 149 27 214 82 62 1 0 1 "Burglary"
0 149 27 214 82 63 1 0 1 "Burglary"
0 149 27 214 82 64 1 0 1 "Burglary"
0 149 27 214 82 65 1 0 1 "Burglary"
0 149 27 214 82 66 1 0 1 "Burglary"
0 149 27 214 82 67 1 0 1 "Burglary"
0 149 27 214 82 68 1 0 1 "Burglary"
0 149 27 214 82 69 1 0 1 "Burglary"
0 149 27 214 82 70 1 0 1 "Burglary"
0 149 27 214 82 71 1 0 1 "Burglary"
0 149 27 214 82 72 1 0 1 "Burglary"
0 149 26 214 82 73 1 0 1 "Burglary"
0 149 26 214 82 74 1 0 1 "Burglary"
0 149 26 214 82 75 1 0 1 "Burglary"
0 149 26 214 82 76 1 0 1 "Burglary"
0 149 26 214 82 77 1 0 1 "Burglary"
0 149 26 214 82 78 1 0 1 "Burglary"
0 149 26 214 82 79 1 0 1 "Burglary"
0 149 26 214 82 80 1 0 1 "Burglary"
0 149 26 214 82 81 1 0 1 "Burglary"
0 149 26 214 82 82 1 0 1 "Burglary"
0 149 26 214 82 83 1 0 1 "Burglary"
0 149 26 214 82 84 1 0 1 "Burglary"
0 149 26 214 82 85 1 0 1 "Burglary"
0 149 26 214 82 86 1 0 1 "Burglary"
0 149 25 214 82 87 1 0 1 "Burglary"
0 149 25 214 82 88 1 0 1 "Burglary"
0 149 25 214 82 89 1 0 1 "Burglary"
0 149 25 214 82 90 1 0 1 "Burglary"
0 149 25 214 82 91 1 0 1 "Burglary"
0 149 25 214 82 92 1 0 1 "Burglary"
0 148 25 214 82 93 1 0 1 "Burglary"
0 148 25 214 82 94 1 0 1 "Burglary"
0 148 25 214 82 95 1 0 1 "Burglary"
0 148 25 214 82 96 1 0 1 "Burglary"
0 148 25 214 82 97 1 0 1 "Burglary"
0 148 25 214 82 98 1 0 1 "Burglary"
0 148 25 214 82 99 1 0 1 "Burglary"
0 148 25 214 82 100 1 0 1 "Burglary"
0 148 25 214 82 101 1 0 1 "Burglary"
0 148 24 214 82 102 1 0 1 "Burglary"
0 148 24 214 82 103 1 0 1 "Burglary"
0 148 24 214 82 104 1 0 1 "Burglary"
0 148 24 214 82 105 1 0 1 "Burglary"
0 148 24 214 82 106 1 0 1 "Burglary"
0 148 24 214 82 107 1 0 1 "Burglary"
0 148 24 214 82 108 1 0 1 "Burglary"
0 148 24 214 82 109 1 0 1 "Burglary"
0 148 24 214 82 110 1 0 1 "Burglary"
0 148 24 214 82 111 1 0 1 "Burglary"
0 148 24 214 82 112 1 0 1 "Burglary"
0 148 24 214 82 113 1 0 1 "Burglary"
0 148 24 214 82 114 1 0 1 "Burglary"
0 148 24 214 82 115 1 0 1 "Burglary"
0 148 23 214 82 116 1 0 1 "Burglary"
0 148 23 214 82 117 1 0 1 "Burglary"
0 148 23 214 82 118 1 0 1 "Burglary"
0 148 23 214 82 119 1 0 1 "Burglary"
0 148 23 214 82 120 1 0 1 "Burglary"
0 148 23 214 82 121 1 0 1 "Burglary"
0 148 23 214 82 122 1 0 1 "Burglary"
0 148 23 214 82 123 1 0 1 "Burglary"
0 148 23 214 82 124 1 0 1 "Burglary"
0 148 23 214 82 125 1 0 1 "Burglary"
0 148 23 214 82 126 1 0 1 "Burglary"
0 148 23 214 82 127 1 0 1 "Burglary"
0 148 23 214 82 128 1 0 1 "Burglary"
0 148 23 214 82 129 1 0 1 "Burglary"
0 148 23 214 82 130 1 0 1 "Burglary"
0 148 22 214 82 131 1 0 1 "Burglary"
0 148 22 214 82 132 1 0 1 "Burglary"
0 148 22 214 82 133 1 0 1 "Burglary"
0 148 22 214 82 134 1 0 1 "Burglary"
0 148 22 214 82 135 1 0 1 "Burglary"
0 148 22 214 82 136 1 0 1 "Burglary"
0 148 22 214 82 137 1 0 1 "Burglary"
0 148 22 214 82 138 1 0 1 "Burglary"
0 147 22 214 82 139 1 0 1 "Burglary"
0 147 22 214 82 140 1 0 1 "Burglary"
0 147 22 214 82 141 1 0 1 "Burglary"
0 147 22 214 82 142 1 0 1 "Burglary"
0 147 22 214 82 143 1 0 1 "Burglary"
0 147 22 214 82 144 1 0 1 "Burglary"
0 147 21 214 82 145 1 0 1 "Burglary"
0 147 21 214 82 146 1 0 1 "Burglary"
0 147 21 214 82 147 1 0 1 "Burglary"
0 147 21 214 82 148 1 0 1 "Burglary"
0 147 21 214 82 149 1 0 1 "Burglary"
0 147 21 214 82 150 1 0 1 "Burglary"
0 147 21 214 82 151 1 0 1 "Burglary"
0 147 21 214 82 152 1 0 1 "Burglary"
0 147 21 214 82 153 1 0 1 "Burglary"
0 147 21 214 82 154 1 0 1 "Burglary"
0 147 21 214 83 155 1 0 1 "Burglary"
0 147 21 214 83 156 1 0 1 "Burglary"
0 147 21 214 83 157 1 0 1 "Burglary"
0 147 21 214 83 158 1 0 1 "Burglary"
0 147 21 214 83 159 1 0 1 "Burglary"
0 147 20 214 83 160 1 0 1 "Burglary"
0 147 20 214 83 161 1 0 1 "Burglary"
0 147 20 214 83 162 1 0 1 "Burglary"
0 147 20 214 83 163 1 0 1 "Burglary"
0 147 20 214 83 164 1 0 1 "Burglary"
0 147 20 214 83 165 1 0 1 "Burglary"
0 147 20 214 83 166 1 0 1 "Burglary"
0 147 20 214 83 167 1 0 1 "Burglary"
0 147 20 214 83 168 1 0 1 "Burglary"
0 147 20 214 83 169 1 0 1 "Burglary"
0 147 20 214 83 170 1 0 1 "Burglary"
0 147 20 214 83 171 1 0 1 "Burglary"
0 147 20 214 83 172 1 0 1 "Burglary"
0 147 20 214 83 173 1 0 1 "Burglary"
0 147 19 214 83 174 1 0 1 "Burglary"
0 147 19 214 83 175 1 0 1 "Burglary"
0 147 19 214 83 176 1 0 1 "Burglary"
0 147 19 214 83 177 1 0 1 "Burglary"
0 147 19 214 83 178 1 0 1 "Burglary"
0 147 19 214 83 179 1 0 1 "Burglary"
0 147 19 214 83 180 1 0 1 "Burglary"
0 147 19 214 83 181 1 0 1 "Burglary"
0 147 19 214 83 182 1 0 1 "Burglary"
0 147 19 214 83 183 1 0 1 "Burglary"
0 147 19 214 83 184 1 0 1 "Burglary"
0 147 19 214 83 185 1 0 1 "Burglary"
0 146 19 214 83 186 1 0 1 "Burglary"
0 146 19 214 83 187 1 0 1 "Burglary"
0 146 19 214 83 188 1 0 1 "Burglary"
0 146 18 214 83 189 1 0 1 "Burglary"
0 146 18 214 83 190 1 0 1 "Burglary"
0 146 18 214 83 191 1 0 1 "Burglary"
0 146 18 214 83 192 1 0 1 "Burglary"
0 146 18 214 83 193 1 0 1 "Burglary"
0 146 18 214 83 194 1 0 1 "Burglary"
0 146 18 214 83 195 1 0 1 "Burglary"
0 146 18 214 83 196 1 0 1 "Burglary"
0 146 18 214 83 197 1 0 1 "Burglary"
0 146 18 214 83 198 1 0 1 "Burglary"
0 146 18 214 83 199 1 0 1 "Burglary"
0 146 18 214 83 200 1 0 1 "Burglary"
0 146 18 214 83 201 1 0 1 "Burglary"
0 146 18 214 83 202 1 0 1 "Burglary"
0 146 17 214 83 203 1 0 1 "Burglary"
0 146 17 214 83 204 1 0 1 "Burglary"
0 146 17 214 83 205 1 0 1 "Burglary"
0 146 17 214 83 206 1 0 1 "Burglary"
0 146 17 214 83 207 1 0 1 "Burglary"
0 146 17 214 83 208 1 0 1 "Burglary"
0 146 17 214 83 209 1 0 1 "Burglary"
0 146 17 214 83 210 1 0 1 "Burglary"
0 146 17 214 83 211 1 0 1 "Burglary"
0 146 17 214 83 212 1 0 1 "Burglary"
0 146 17 214 83 213 1 0 1 "Burglary"
0 146 17 214 83 214 1 0 1 "Burglary"
0 146 17 214 83 215 1 0 1 "Burglary"
0 146 17 214 83 216 1 0 1 "Burglary"
0 146 17 214 83 217 1 0 1 "Burglary"
0 146 16 214 83 218 1 0 1 "Burglary"
0 146 16 214 83 219 1 0 1 "Burglary"
0 146 16 214 83 220 1 0 1 "Burglary"
0 146 16 214 83 221 1 0 1 "Burglary"
0 146 16 214 83 222 1 0 1 "Burglary"
0 146 16 214 83 223 1 0 1 "Burglary"
0 146 16 214 83 224 1 0 1 "Burglary"
0 146 16 214 83 225 1 0 1 "Burglary"
0 146 16 214 83 226 1 0 1 "Burglary"
0 146 16 214 83 227 1 0 1 "Burglary"
0 146 16 214 83 228 1 0 1 "Burglary"
0 146 16 214 83 229 1 0 1 "Burglary"
0 146 16 214 83 230 1 0 1 "Burglary"
0 146 16 214 83 231 1 0 1 "Burglary"
0 145 15 215 83 232 1 0 1 "Burglary"
0 145 15 215 83 233 1 0 1 "Burglary"
0 145 15 215 83 234 1 0 1 "Burglary"
0 145 15 215 83 235 1 0 1 "Burglary"
0 145 15 215 83 236 1 0 1 "Burglary"
0 145 15 215 83 237 1 0 1 "Burglary"
0 145 15 215 83 238 1 0 1 "Burglary"
0 145 15 215 83 239 1 0 1 "Burglary"
0 145 15 215 83 240 1 0 1 "Burglary"
0 145 15 215 83 241 1 0 1 "Burglary"
0 145 15 215 83 242 1 0 1 "Burglary"
0 145 15 215 83 243 1 0 1 "Burglary"
0 145 15 215 83 244 1 0 1 "Burglary"
0 145 15 215 83 245 1 0 1 "Burglary"
0 145 14 215 83 246 1 0 1 "Burglary"
0 145 14 215 83 247 1 0 1 "Burglary"
0 145 14 215 83 248 1 0 1 "Burglary"
0 145 14 215 83 249 1 0 1 "Burglary"
0 145 14 215 83 250 1 0 1 "Burglary"
0 145 14 215 83 251 1 0 1 "Burglary"
0 145 14 215 83 252 1 0 1 "Burglary"
0 145 14 215 83 253 1 0 1 "Burglary"
0 145 14 215 83 254 1 0 1 "Burglary"
0 145 14 215 83 255 1 0 1 "Burglary"
0 145 14 215 83 256 1 0 1 "Burglary"
0 145 14 215 83 257 1 0 1 "Burglary"
0 145 14 215 83 258 1 0 1 "Burglary"
0 145 14 215 83 259 1 0 1 "Burglary"
0 145 14 215 83 260 1 0 1 "Burglary"
0 145 13 215 83 261 1 0 1 "Burglary"
0 145 13 215 83 262 1 0 1 "Burglary"
0 145 13 215 83 263 1 0 1 "Burglary"
0 145 13 215 83 264 1 0 1 "Burglary"
0 145 13 215 83 265 1 0 1 "Burglary"
0 145 13 215 83 266 1 0 1 "Burglary"
0 145 13 215 83 267 1 0 1 "Burglary"
0 145 13 215 83 268 1 0 1 "Burglary"
0 145 13 215 83 269 1 0 1 "Burglary"
0 145 13 215 83 270 1 0 1 "Burglary"
0 145 13 215 83 271 1 0 1 "Burglary"
0 145 13 215 83 272 1 0 1 "Burglary"
0 145 13 215 83 273 1 0 1 "Burglary"
0 145 13 215 83 274 1 0 1 "Burglary"
0 145 12 215 83 275 1 0 1 "Burglary"
0 145 12 215 83 276 1 0 1 "Burglary"
0 145 12 215 83 277 1 0 1 "Burglary"
0 144 12 215 83 278 1 0 1 "Burglary"
0 144 12 215 83 279 1 0 1 "Burglary"
0 144 12 215 83 280 1 0 1 "Burglary"
0 144 12 215 83 281 1 0 1 "Burglary"
0 144 12 215 83 282 1 0 1 "Burglary"
0 144 12 215 83 283 1 0 1 "Burglary"
0 144 12 215 83 284 1 0 1 "Burglary"
0 144 12 215 83 285 1 0 1 "Burglary"
0 144 12 215 83 286 1 0 1 "Burglary"
0 144 12 215 83 287 1 0 1 "Burglary"
0 144 12 215 83 288 1 0 1 "Burglary"
0 144 12 215 83 289 1 0 1 "Burglary"
0 144 11 215 83 290 1 0 1 "Burglary"
0 144 11 215 83 291 1 0 1 "Burglary"
0 144 11 215 83 292 1 0 1 "Burglary"
0 144 11 215 83 293 1 0 1 "Burglary"
0 144 11 215 83 294 1 0 1 "Burglary"
0 144 11 215 83 295 1 0 1 "Burglary"
0 144 11 215 83 296 1 0 1 "Burglary"
0 144 11 215 83 297 1 0 1 "Burglary"
0 144 11 215 83 298 1 0 1 "Burglary"
0 144 11 215 83 299 1 0 1 "Burglary"
0 144 11 215 83 300 1 0 1 "Burglary"
0 144 11 215 83 301 1 0 1 "Burglary"
0 144 11 215 83 302 1 0 1 "Burglary"
0 144 11 215 83 303 1 0 1 "Burglary"
0 144 10 215 83 304 1 0 1 "Burglary"
0 144 10 215 83 305 1 0 1 "Burglary"
0 144 10 215 83 306 1 0 1 "Burglary"
0 144 10 215 83 307 1 0 1 "Burglary"
0 144 10 215 83 308 1 0 1 "Burglary"
0 144 10 215 84 309 1 0 1 "Burglary"
0 144 10 215 84 310 1 0 1 "Burglary"
0 144 10 215 84 311 1 0 1 "Burglary"
0 144 10 215 84 312 1 0 1 "Burglary"
0 144 10 215 84 313 1 0 1 "Burglary"
0 144 10 215 84 314 1 0 1 "Burglary"
0 144 10 215 84 315 1 0 1 "Burglary"
0 144 10 215 84 316 1 0 1 "Burglary"
0 144 10 215 84 317 1 0 1 "Burglary"
0 144 10 215 84 318 1 0 1 "Burglary"
0 144 9 215 84 319 1 0 1 "Burglary"
0 144 9 215 84 320 1 0 1 "Burglary"
0 144 9 215 84 321 1 0 1 "Burglary"
0 144 9 215 84 322 1 0 1 "Burglary"
0 144 9 215 84 323 1 0 1 "Burglary"
0 144 9 215 84 324 1 0 1 "Burglary"
0 143 9 215 84 325 1 0 1 "Burglary"
0 143 9 215 84 326 1 0 1 "Burglary"
0 143 9 215 84 327 1 0 1 "Burglary"
0 143 9 215 84 328 1 0 1 "Burglary"
0 143 9 215 84 329 1 0 1 "Burglary"
0 143 9 215 84 330 1 0 1 "Burglary"
0 143 9 215 84 331 1 0 1 "Burglary"
0 143 9 215 84 332 1 0 1 "Burglary"
0 143 8 215 84 333 1 0 1 "Burglary"
0 143 8 215 84 334 1 0 1 "Burglary"
0 143 8 215 84 335 1 0 1 "Burglary"
0 143 8 215 84 336 1 0 1 "Burglary"
0 143 8 215 84 337 1 0 1 "Burglary"
0 143 8 215 84 338 1 0 1 "Burglary"
0 143 8 215 84 339 1 0 1 "Burglary"
0 143 8 215 84 340 1 0 1 "Burglary"
0 143 8 215 84 341 1 0 1 "Burglary"
0 143 8 215 84 342 1 0 1 "Burglary"
0 143 8 215 84 343 1 0 1 "Burglary"
0 143 8 215 84 344 1 0 1 "Burglary"
0 143 8 215 84 345 1 0 1 "Burglary"
0 143 8 215 84 346 1 0 1 "Burglary"
0 143 8 215 84 347 1 0 1 "Burglary"
0 143 7 215 84 348 1 0 1 "Burglary"
0 143 7 215 84 349 1 0 1 "Burglary"
0 143 7 215 84 350 1 0 1 "Burglary"
0 143 7 215 84 351 1 0 1 "Burglary"
0 143 7 215 84 352 1 0 1 "Burglary"
0 143 7 215 84 353 1 0 1 "Burglary"
0 143 7 215 84 354 1 0 1 "Burglary"
0 143 7 215 84 355 1 0 1 "Burglary"
0 143 7 215 84 356 1 0 1 "Burglary"
0 143 7 215 84 357 1 0 1 "Burglary"
0 143 7 215 84 358 1 0 1 "Burglary"
0 143 7 215 84 359 1 0 1 "Burglary"
0 143 7 215 84 360 1 0 1 "Burglary"
0 143 7 215 84 361 1 0 1 "Burglary"
0 143 6 215 84 362 1 0 1 "Burglary"
0 143 6 215 84 363 1 0 1 "Burglary"
0 143 6 215 84 364 1 0 1 "Burglary"
0 143 6 215 84 365 1 0 1 "Burglary"
0 143 6 215 84 366 1 0 1 "Burglary"
0 143 6 215 84 367 1 0 1 "Burglary"
0 143 6 215 84 368 1 0 1 "Burglary"
0 143 6 215 84 369 1 0 1 "Burglary"
0 143 6 215 84 370 1 0 1 "Burglary"
0 142 6 215 84 371 1 0 1 "Burglary"
0 142 6 215 84 372 1 0 1 "Burglary"
0 142 6 215 84 373 1 0 1 "Burglary"
0 142 6 215 84 374 1 0 1 "Burglary"
0 142 6 215 84 375 1 0 1 "Burglary"
0 142 6 215 84 376 1 0 1 "Burglary"
0 142 5 215 84 377 1 0 1 "Burglary"
0 142 5 215 84 378 1 0 1 "Burglary"
0 142 5 215 84 379 1 0 1 "Burglary"
0 142 5 215 84 380 1 0 1 "Burglary"
0 142 5 215 84 381 1 0 1 "Burglary"
0 142 5 215 84 382 1 0 1 "Burglary"
0 142 5 215 84 383 1 0 1 "Burglary"
0 142 5 215 84 384 1 0 1 "Burglary"
0 142 5 215 84 385 1 0 1 "Burglary"
0 142 5 215 84 386 1 0 1 "Burglary"
0 142 5 215 84 387 1 0 1 "Burglary"
0 142 5 215 84 388 1 0 1 "Burglary"
0 142 5 215 84 389 1 0 1 "Burglary"
0 142 5 215 84 390 1 0 1 "Burglary"
0 142 4 215 84 391 1 0 1 "Burglary"
0 142 4 215 84 392 1 0 1 "Burglary"
0 142 4 215 84 393 1 0 1 "Burglary"
0 142 4 215 84 394 1 0 1 "Burglary"
0 142 4 215 84 395 1 0 1 "Burglary"
0 142 4 215 84 396 1 0 1 "Burglary"
0 142 4 215 84 397 1 0 1 "Burglary"
0 142 4 215 84 398 1 0 1 "Burglary"
0 142 4 215 84 399 1 0 1 "Burglary"
0 142 4 215 84 400 1 0 1 "Burglary"
0 142 4 215 84 401 1 0 1 "Burglary"
0 142 4 215 84 402 1 0 1 "Burglary"
0 142 4 215 84 403 1 0 1 "Burglary"
0 142 4 215 84 404 1 0 1 "Burglary"
0 142 4 215 84 405 1 0 1 "Burglary"
0 142 3 215 84 406 1 0 1 "Burglary"
0 142 3 215 84 407 1 0 1 "Burglary"
0 142 3 215 84 408 1 0 1 "Burglary"
0 142 3 215 84 409 1 0 1 "Burglary"
0 142 3 215 84 410 1 0 1 "Burglary"
0 142 3 215 84 411 1 0 1 "Burglary"
0 142 3 215 84 412 1 0 1 "Burglary"
0 142 3 215 84 413 1 0 1 "Burglary"
0 142 3 215 84 414 1 0 1 "Burglary"
0 142 3 215 84 415 1 0 1 "Burglary"
0 142 3 215 84 416 1 0 1 "Burglary"
0 141 3 215 84 417 1 0 1 "Burglary"
0 141 3 215 84 418 1 0 1 "Burglary"
0 141 3 215 84 419 1 0 1 "Burglary"
0 141 2 215 84 420 1 0 1 "Burglary"
0 141 2 215 84 421 1 0 1 "Burglary"
0 141 2 215 84 422 1 0 1 "Burglary"
0 141 2 215 84 423 1 0 1 "Burglary"
0 141 2 215 84 424 1 0 1 "Burglary"
0 141 2 215 84 425 1 0 1 "Burglary"
0 141 2 215 84 426 1 0 1 "Burglary"
0 141 2 215 84 427 1 0 1 "Burglary"
0 141 2 215 84 428 1 0 1 "Burglary"
0 141 2 215 84 429 1 0 1 "Burglary"
0 141 2 215 84 430 1 0 1 "Burglary"
0 141 2 215 84 431 1 0 1 "Burglary"
0 141 2 215 84 432 1 0 1 "Burglary"
0 141 2 215 84 433 1 0 1 "Burglary"
0 141 2 215 84 434 1 0 1 "Burglary"
0 141 1 215 84 435 1 0 1 "Burglary"
0 141 1 215 84 436 1 0 1 "Burglary"
0 141 1 215 84 437 1 0 1 "Burglary"
0 141 1 215 84 438 1 0 1 "Burglary"
0 141 1 215 84 439 1 0 1 "Burglary"
0 141 1 215 84 440 1 0 1 "Burglary"
0 141 1 215 84 441 1 0 1 "Burglary"
0 141 1 215 84 442 1 0 1 "Burglary"
0 141 1 215 84 443 1 0 1 "Burglary"
0 141 1 215 84 444 1 0 1 "Burglary"
0 141 1 215 84 445 1 0 1 "Burglary"
0 141 1 215 84 446 1 0 1 "Burglary"
0 141 1 215 84 447 1 0 1 "Burglary"
0 141 1 215 84 448 1 0 1 "Burglary"
0 141 0 215 84 449 1 0 1 "Burglary"
0 141 0 215 84 450 1 0 1 "Burglary"
0 141 0 215 84 451 1 0 1 "Burglary"
0 141 0 215 84 452 1 0 1 "Burglary"
0 141 0 215 84 453 1 0 1 "Burglary"
0 141 0 215 84 454 1 0 1 "Burglary"
0 141 0 215 84 455 1 0 1 "Burglary"
0 141 0 215 84 456 1 0 1 "Burglary"
0 141 0 215 84 457 1 0 1 "Burglary"
0 141 0 215 84 458 1 0 1 "Burglary"
0 141 0 215 84 459 1 0 1 "Burglary"
0 141 0 215 84 460 1 0 1 "Burglary"
0 141 0 215 84 461 1 0 1 "Burglary"
0 141 0 215 84 462 1 0 1 "Burglary"
0 141 0 216 85 463 0 0 0 "Burglary"
0 141 0 215 84 464 0 0 1 "Burglary"
0 141 0 214 84 465 0 0 1 "Burglary"
0 141 0 213 84 466 0 0 1 "Burglary"
0 141 0 212 84 467 0 0 1 "Burglary"
0 141 0 211 84 468 0 0 1 "Burglary"
0 141 0 210 84 469 0 0 1 "Burglary"
0 141 0 209 84 470 0 0 1 "Burglary"
0 141 0 208 84 471 0 0 1 "Burglary"
0 141 0 207 84 472 0 0 1 "Burglary"
0 141 0 206 84 473 0 0 1 "Burglary"
0 141 0 205 84 474 0 0 1 "Burglary"
0 141 0 204 84 475 0 0 1 "Burglary"
0 141 0 203 84 476 0 0 1 "Burglary"
0 141 0 203 84 477 0 0 0 "Burglary"
0 141 0 201 83 478 0 0 1 "Burglary"
0 141 0 200 83 479 0 0 1 "Burglary"
0 141 0 198 83 480 0 0 1 "Burglary"
0 141 0 197 83 481 0 0 0 "Burglary"
0 141 0 196 82 482 0 0 1 "Burglary"
0 141 0 196 82 483 0 0 1 "Burglary"
0 141 0 196 82 484 0 0 1 "Burglary"
0 141 0 195 82 485 0 0 1 "Burglary"
0 141 0 195 82 486 0 0 1 "Burglary"
0 141 0 195 82 487 0 0 1 "Burglary"
0 141 0 194 82 488 0 0 1 "Burglary"
0 141 0 194 82 489 0 0 1 "Burglary"
0 141 0 194 82 490 0 0 1 "Burglary"
0 141 0 193 82 491 0 0 1 "Burglary"
0 141 0 193 82 492 0 0 1 "Burglary"
0 141 0 193 82 493 0 0 1 "Burglary"
0 141 0 192 82 494 0 0 1 "Burglary"
0 141 0 192 82 495 0 0 1 "Burglary"
0 141 0 192 82 496 0 0 1 "Burglary"
0 141 0 191 82 497 0 0 1 "Burglary"
0 141 0 191 82 498 0 0 1 "Burglary"
0 141 0 191 82 499 0 0 1 "Burglary"
0 141 0 190 82 500 0 0 1 "Burglary"
0 141 0 190 82 501 0 0 1 "Burglary"
0 141 0 190 82 502 1 0 0 "Burglary"
0 141 0 190 82 503 1 0 1 "Burglary"
0 141 0 190 82 504 1 0 1 "Burglary"
0 141 0 191 82 505 1 0 1 "Burglary"
0 141 0 191 82 506 1 0 1 "Burglary"
0 141 0 192 82 507 1 0 1 "Burglary"
0 141 0 192 82 508 1 0 1 "Burglary"
0 141 0 192 82 509 1 0 1 "Burglary"
0 141 0 193 82 510 1 0 1 "Burglary"
0 141 0 193 82 511 1 0 1 "Burglary"
0 141 0 194 82 512 1 0 1 "Burglary"
0 141 0 194 82 513 1 0 1 "Burglary"
0 141 0 194 82 514 1 0 1 "Burglary"
0 141 0 195 82 515 1 0 1 "Burglary"
0 141 0 195 82 516 1 0 1 "Burglary"
0 141 0 196 82 517 1 0 1 "Burglary"
0 141 0 196 82 518 1 0 1 "Burglary"
0 141 0 197 83 519 1 0 0 "Burglary"
0 141 0 197 83 520 1 0 1 "Burglary"
0 141 0 197 83 521 1 0 1 "Burglary"
0 141 0 197 83 522 1 0 1 "Burglary"
0 141 0 197 83 523 1 0 1 "Burglary"
0 141 0 197 83 524 1 0 1 "Burglary"
0 141 0 197 83 525 1 0 1 "Burglary"
0 141 0 197 83 526 1 0 1 "Burglary"
0 141 0 197 83 527 1 0 1 "Burglary"
0 141 0 197 83 528 1 0 1 "Burglary"
0 141 0 197 83 529 1 0 1 "Burglary"
0 141 0 197 83 530 1 0 1 "Burglary"
0 141 0 197 83 531 1 0 1 "Burglary"
0 141 0 197 83 532 1 0 1 "Burglary"
0 141 0 197 83 533 1 0 1 "Burglary"
0 141 0 197 83 534 1 0 1 "Burglary"
0 141 0 197 83 535 1 0 1 "Burglary"
0 141 0 197 83 536 1 0 1 "Burglary"
0 141 0 197 83 537 1 0 1 "Burglary"
0 141 0 197 83 538 1 0 1 "Burglary"
0 141 0 197 83 539 1 0 0 "Burglary"
