0 95 83 197 211 0 1 0 0 "Burglary"
0 95 82 196 211 1 1 0 1 "Burglary"
0 95 82 196 211 2 1 0 1 "Burglary"
0 95 82 196 211 3 1 0 1 "Burglary"
0 95 82 196 211 4 1 0 1 "Burglary"
0 95 82 196 211 5 1 0 1 "Burglary"
0 95 82 196 211 6 1 0 1 "Burglary"
0 95 82 196 211 7 1 0 1 "Burglary"
0 95 82 196 211 8 1 0 1 "Burglary"
0 95 82 196 211 9 1 0 1 "Burglary"
0 95 82 196 211 10 1 0 1 "Burglary"
0 95 82 196 211 11 1 0 1 "Burglary"
0 95 82 196 211 12 1 0 1 "Burglary"
0 95 82 196 211 13 1 0 1 "Burglary"
0 95 82 196 211 14 1 0 1 "Burglary"
0 95 82 196 211 15 1 0 1 "Burglary"
0 95 82 196 211 16 1 0 1 "Burglary"
0 95 82 196 211 17 1 0 1 "Burglary"
0 95 82 196 211 18 1 0 1 "Burglary"
0 95 82 196 211 19 1 0 1 "Burglary"
0 95 82 196 211 20 1 0 1 "Burglary"
0 95 82 196 211 21 1 0 1 "Burglary"
0 95 82 196 211 22 1 0 1 "Burglary"
0 95 82 196 211 23 1 0 1 "Burglary"
0 95 82 196 211 24 1 0 1 "Burglary"
0 95 82 196 211 25 1 0 1 "Burglary"
0 95 82 196 211 26 1 0 1 "Burglary"
0 95 82 196 211 27 1 0 1 "Burglary"
0 95 82 196 211 28 1 0 1 "Burglary"
0 95 82 196 211 29 1 0 1 "Burglary"
0 95 82 196 211 30 1 0 1 "Burglary"
0 95 82 196 211 31 1 0 1 "Burglary"
0 95 82 196 211 32 1 0 1 "Burglary"
0 95 82 196 211 33 1 0 1 "Burglary"
0 95 82 196 211 34 1 0 1 "Burglary"
0 95 82 196 211 35 1 0 1 "Burglary"
0 95 82 196 211 36 1 0 1 "Burglary"
0 95 82 196 211 37 1 0 1 "Burglary"
0 95 82 196 211 38 1 0 1 "Burglary"
0 95 82 196 211 39 1 0 1 "Burglary"
0 95 82 196 211 40 1 0 1 "Burglary"
0 95 82 196 211 41 1 0 1 "Burglary"
0 95 82 196 211 42 1 0 1 "Burglary"
0 95 82 196 211 43 1 0 1 "Burglary"
0 95 82 196 211 44 1 0 1 "Burglary"
0 95 82 196 211 45 1 0 1 "Burglary"
0 95 82 196 211 46 1 0 1 "Burglary"
0 95 82 196 211 47 1 0 1 "Burglary"
0 95 82 196 211 48 1 0 1 "Burglary"
0 95 82 196 211 49 1 0 1 "Burglary"
0 95 82 196 211 50 1 0 1 "Burglary"
0 95 82 196 211 51 1 0 1 "Burglary"
0 95 82 196 211 52 1 0 1 "Burglary"
0 95 82 196 211 53 1 0 1 "Burglary"
0 95 82 196 211 54 1 0 1 "Burglary"
0 95 82 196 211 55 1 0 1 "Burglary"
0 95 82 196 211 56 1 0 1 "Burglary"
0 95 82 196 211 57 1 0 1 "Burglary"
0 95 82 196 211 58 1 0 1 "Burglary"
0 95 82 196 211 59 1 0 1 "Burglary"
0 95 82 196 211 60 1 0 1 "Burglary"
0 95 82 196 211 61 1 0 1 "Burglary"
0 95 82 196 211 62 1 0 1 "Burglary"
0 95 82 196 211 63 1 0 1 "Burglary"
0 95 82 196 211 64 1 0 1 "Burglary"
0 95 82 196 211 65 1 0 1 "Burglary"
0 95 82 196 211 66 1 0 1 "Burglary"
0 95 82 196 211 67 1 0 1 "Burglary"
0 95 82 196 211 68 1 0 1 "Burglary"
0 95 82 196 211 69 1 0 1 "Burglary"
0 95 82 196 211 70 1 0 1 "Burglary"
0 95 82 196 211 71 1 0 1 "Burglary"
0 95 82 196 211 72 1 0 1 "Burglary"
0 95 82 196 211 73 1 0 1 "Burglary"
0 95 82 196 211 74 1 0 1 "Burglary"
0 95 82 196 211 75 1 0 1 "Burglary"
0 95 82 196 211 76 1 0 1 "Burglary"
0 95 82 196 211 77 1 0 1 "Burglary"
0 95 82 196 211 78 1 0 1 "Burglary"
0 95 82 196 211 79 1 0 1 "Burglary"
0 95 82 196 211 80 1 0 1 "Burglary"
0 95 82 196 211 81 1 0 1 "Burglary"
0 95 82 196 211 82 1 0 1 "Burglary"
0 95 81 196 211 83 1 0 1 "Burglary"
0 95 81 196 211 84 1 0 1 "Burglary"
0 95 81 196 211 85 1 0 1 "Burglary"
0 95 81 196 211 86 1 0 1 "Burglary"
0 95 81 196 211 87 1 0 1 "Burglary"
0 95 81 196 211 88 1 0 1 "Burglary"
0 95 81 196 211 89 1 0 1 "Burglary"
0 95 81 196 211 90 1 0 1 "Burglary"
0 95 81 196 211 91 1 0 1 "Burglary"
0 95 81 196 211 92 1 0 1 "Burglary"
0 95 81 196 211 93 1 0 1 "Burglary"
0 95 81 196 211 94 1 0 1 "Burglary"
0 95 81 196 211 95 1 0 1 "Burglary"
0 95 81 196 211 96 1 0 1 "Burglary"
0 95 81 196 211 97 1 0 1 "Burglary"
0 95 81 196 211 98 1 0 1 "Burglary"
0 95 81 196 211 99 1 0 1 "Burglary"
0 95 81 196 211 100 1 0 1 "Burglary"
0 95 81 196 211 101 1 0 1 "Burglary"
0 95 81 196 211 102 1 0 1 "Burglary"
0 95 81 196 211 103 1 0 1 "Burglary"
0 95 81 196 211 104 1 0 1 "Burglary"
0 95 81 196 211 105 1 0 1 "Burglary"
0 95 81 196 211 106 1 0 1 "Burglary"
0 95 81 196 211 107 1 0 1 "Burglary"
0 95 81 196 211 108 1 0 1 "Burglary"
0 95 81 196 211 109 1 0 1 "Burglary"
0 95 81 196 211 110 1 0 1 "Burglary"
0 95 81 196 211 111 1 0 1 "Burglary"
0 95 81 196 211 112 1 0 1 "Burglary"
0 95 81 196 211 113 1 0 1 "Burglary"
0 95 81 196 211 114 1 0 1 "Burglary"
0 95 81 196 211 115 1 0 1 "Burglary"
0 95 81 196 211 116 1 0 1 "Burglary"
0 95 81 196 211 117 1 0 1 "Burglary"
0 95 81 196 211 118 1 0 1 "Burglary"
0 95 81 196 211 119 1 0 1 "Burglary"
0 95 81 196 211 120 1 0 1 "Burglary"
0 95 81 196 211 121 1 0 1 "Burglary"
0 95 81 196 211 122 1 0 1 "Burglary"
0 95 81 196 211 123 1 0 1 "Burglary"
0 95 81 196 211 124 1 0 1 "Burglary"
0 95 81 196 211 125 1 0 1 "Burglary"
0 95 81 196 211 126 1 0 1 "Burglary"
0 95 81 196 211 127 1 0 1 "Burglary"
0 95 81 196 211 128 1 0 1 "Burglary"
0 95 81 196 211 129 1 0 1 "Burglary"
0 95 81 196 211 130 1 0 1 "Burglary"
0 95 81 196 211 131 1 0 1 "Burglary"
0 95 81 196 211 132 1 0 1 "Burglary"
0 95 81 196 211 133 1 0 1 "Burglary"
0 95 81 196 211 134 1 0 1 "Burglary"
0 95 81 196 211 135 1 0 1 "Burglary"
0 95 81 196 211 136 1 0 1 "Burglary"
0 95 81 196 211 137 1 0 1 "Burglary"
0 95 81 196 211 138 1 0 1 "Burglary"
0 95 81 196 211 139 1 0 1 "Burglary"
0 95 81 196 211 140 1 0 1 "Burglary"
0 95 81 196 211 141 1 0 1 "Burglary"
0 95 81 196 211 142 1 0 1 "Burglary"
0 95 81 196 211 143 1 0 1 "Burglary"
0 95 81 196 211 144 1 0 1 "Burglary"
0 95 81 196 211 145 1 0 1 "Burglary"
0 95 81 196 211 146 1 0 1 "Burglary"
0 95 81 196 211 147 1 0 1 "Burglary"
0 95 81 196 211 148 1 0 1 "Burglary"
0 95 81 196 211 149 1 0 1 "Burglary"
0 95 81 196 211 150 1 0 1 "Burglary"
0 95 81 196 211 151 1 0 1 "Burglary"
0 95 81 196 211 152 1 0 1 "Burglary"
0 95 81 196 211 153 1 0 1 "Burglary"
0 95 81 196 211 154 1 0 1 "Burglary"
0 95 81 196 211 155 1 0 1 "Burglary"
0 95 81 196 211 156 1 0 1 "Burglary"
0 95 81 196 211 157 1 0 1 "Burglary"
0 95 81 196 211 158 1 0 1 "Burglary"
0 95 81 196 211 159 1 0 1 "Burglary"
0 95 81 196 211 160 1 0 1 "Burglary"
0 95 81 196 211 161 1 0 1 "Burglary"
0 95 81 196 211 162 1 0 1 "Burglary"
0 95 81 196 211 163 1 0 1 "Burglary"
0 95 81 196 211 164 1 0 1 "Burglary"
0 95 81 196 211 165 1 0 1 "Burglary"
0 95 80 196 211 166 1 0 1 "Burglary"
0 95 80 196 211 167 1 0 1 "Burglary"
0 95 80 196 211 168 1 0 1 "Burglary"
0 95 80 196 211 169 1 0 1 "Burglary"
0 95 80 196 211 170 1 0 1 "Burglary"
0 95 80 196 211 171 1 0 1 "Burglary"
0 95 80 196 211 172 1 0 1 "Burglary"
0 95 80 196 211 173 1 0 1 "Burglary"
0 95 80 196 211 174 1 0 1 "Burglary"
0 95 80 196 211 175 1 0 1 "Burglary"
0 95 80 196 211 176 1 0 1 "Burglary"
0 95 80 196 211 177 1 0 1 "Burglary"
0 95 80 196 211 178 1 0 1 "Burglary"
0 95 80 196 211 179 1 0 1 "Burglary"
0 95 80 196 211 180 1 0 1 "Burglary"
0 95 80 196 211 181 1 0 1 "Burglary"
0 95 80 196 211 182 1 0 1 "Burglary"
0 95 80 196 211 183 1 0 1 "Burglary"
0 95 80 196 211 184 1 0 1 "Burglary"
0 95 80 196 211 185 1 0 1 "Burglary"
0 95 80 196 211 186 1 0 1 "Burglary"
0 95 80 196 211 187 1 0 1 "Burglary"
0 95 80 196 211 188 1 0 1 "Burglary"
0 95 80 196 211 189 1 0 1 "Burglary"
0 95 80 196 211 190 1 0 1 "Burglary"
0 95 80 196 211 191 1 0 1 "Burglary"
0 95 80 196 211 192 1 0 1 "Burglary"
0 95 80 196 211 193 1 0 1 "Burglary"
0 95 80 196 211 194 1 0 1 "Burglary"
0 95 80 196 211 195 1 0 1 "Burglary"
0 95 80 196 211 196 1 0 1 "Burglary"
0 95 80 196 211 197 1 0 1 "Burglary"
0 95 80 196 211 198 1 0 1 "Burglary"
0 95 80 196 211 199 1 0 1 "Burglary"
0 95 80 196 211 200 1 0 1 "Burglary"
0 95 80 196 211 201 1 0 1 "Burglary"
0 95 80 196 211 202 1 0 1 "Burglary"
0 95 80 196 211 203 1 0 1 "Burglary"
0 95 80 196 211 204 1 0 1 "Burglary"
0 95 80 196 211 205 1 0 1 "Burglary"
0 95 80 196 211 206 1 0 1 "Burglary"
0 95 80 196 211 207 1 0 1 "Burglary"
0 95 80 196 211 208 1 0 1 "Burglary"
0 95 80 196 211 209 1 0 1 "Burglary"
0 95 80 196 211 210 1 0 1 "Burglary"
0 95 80 196 211 211 1 0 1 "Burglary"
0 95 80 196 211 212 1 0 1 "Burglary"
0 95 80 196 211 213 1 0 1 "Burglary"
0 95 80 196 211 214 1 0 1 "Burglary"
0 95 80 196 211 215 1 0 1 "Burglary"
0 95 80 196 211 216 1 0 1 "Burglary"
0 95 80 196 211 217 1 0 1 "Burglary"
0 95 80 196 211 218 1 0 1 "Burglary"
0 95 80 196 211 219 1 0 1 "Burglary"
0 95 80 196 211 220 1 0 1 "Burglary"
0 95 80 196 211 221 1 0 1 "Burglary"
0 95 80 196 211 222 1 0 1 "Burglary"
0 95 80 196 211 223 1 0 1 "Burglary"
0 95 80 196 211 224 1 0 1 "Burglary"
0 95 80 196 211 225 1 0 1 "Burglary"
0 95 80 196 211 226 1 0 1 "Burglary"
0 95 80 196 211 227 1 0 1 "Burglary"
0 95 80 196 211 228 1 0 1 "Burglary"
0 95 80 196 211 229 1 0 1 "Burglary"
0 95 80 196 211 230 1 0 1 "Burglary"
0 95 80 196 211 231 1 0 1 "Burglary"
0 95 80 196 211 232 1 0 1 "Burglary"
0 95 80 196 211 233 1 0 1 "Burglary"
0 95 80 196 211 234 1 0 1 "Burglary"
0 95 80 196 211 235 1 0 1 "Burglary"
0 95 80 196 211 236 1 0 1 "Burglary"
0 95 80 196 211 237 1 0 1 "Burglary"
0 95 80 196 211 238 1 0 1 "Burglary"
0 95 80 196 211 239 1 0 1 "Burglary"
0 95 80 196 211 240 1 0 1 "Burglary"
0 95 80 196 211 241 1 0 1 "Burglary"
0 95 80 196 211 242 1 0 1 "Burglary"
0 95 80 196 211 243 1 0 1 "Burglary"
0 95 80 196 211 244 1 0 1 "Burglary"
0 95 80 196 211 245 1 0 1 "Burglary"
0 95 80 196 211 246 1 0 1 "Burglary"
0 95 80 196 211 247 1 0 1 "Burglary"
0 95 80 196 211 248 0 0 0 "Burglary"
0 94 78 195 210 249 0 0 1 "Burglary"
0 94 77 194 210 250 0 0 1 "Burglary"
0 93 76 193 210 251 0 0 1 "Burglary"
0 93 75 192 210 252 0 0 1 "Burglary"
0 92 74 191 210 253 0 0 1 "Burglary"
0 92 72 190 209 254 0 0 1 "Burglary"
0 91 71 189 209 255 0 0 1 "Burglary"
0 91 70 188 209 256 0 0 1 "Burglary"
0 90 69 187 209 257 0 0 1 "Burglary"
0 90 68 186 209 258 0 0 0 "Burglary"
0 90 67 185 209 259 0 0 1 "Burglary"
0 90 67 185 209 260 0 0 1 "Burglary"
0 90 66 185 209 261 0 0 1 "Burglary"
0 90 66 185 209 262 0 0 1 "Burglary"
0 90 66 185 209 263 0 0 1 "Burglary"
0 90 65 185 209 264 0 0 1 "Burglary"
0 90 65 185 209 265 0 0 1 "Burglary"
0 90 64 185 209 266 0 0 1 "Burglary"
0 90 64 185 209 267 0 0 1 "Burglary"
0 90 64 185 209 268 0 0 0 "Burglary"
0 90 63 186 208 269 0 0 1 "Burglary"
0 91 63 187 208 270 0 0 1 "Burglary"
0 92 63 188 208 271 0 0 1 "Burglary"
0 92 63 189 208 272 0 0 1 "Burglary"
0 93 63 191 208 273 0 0 1 "Burglary"
0 94 63 192 207 274 0 0 1 "Burglary"
0 94 63 193 207 275 0 0 1 "Burglary"
0 95 63 194 207 276 0 0 1 "Burglary"
0 96 63 195 207 277 0 0 1 "Burglary"
0 97 63 197 207 278 0 0 0 "Burglary"
0 98 63 198 207 279 0 0 1 "Burglary"
0 99 63 199 207 280 0 0 1 "Burglary"
0 101 63 201 207 281 0 0 1 "Burglary"
0 102 63 202 207 282 0 0 1 "Burglary"
0 104 63 204 207 283 0 0 1 "Burglary"
0 105 63 205 207 284 0 0 1 "Burglary"
0 106 63 206 207 285 0 0 1 "Burglary"
0 108 63 208 207 286 0 0 1 "Burglary"
0 109 63 209 207 287 0 0 1 "Burglary"
0 111 63 211 207 288 0 0 0 "Burglary"
0 111 62 209 206 289 0 0 1 "Burglary"
0 112 61 208 205 290 0 0 1 "Burglary"
0 113 60 206 204 291 0 0 1 "Burglary"
0 114 59 205 203 292 0 0 1 "Burglary"
0 115 58 204 202 293 0 0 1 "Burglary"
0 115 57 202 201 294 0 0 1 "Burglary"
0 116 56 201 200 295 0 0 1 "Burglary"
0 117 55 199 199 296 0 0 1 "Burglary"
0 118 54 198 198 297 0 0 1 "Burglary"
0 119 54 197 197 298 0 0 0 "Burglary"
0 119 53 196 196 299 0 0 1 "Burglary"
0 119 53 196 195 300 0 0 1 "Burglary"
0 120 53 196 194 301 0 0 1 "Burglary"
0 120 53 195 193 302 0 0 1 "Burglary"
0 121 53 195 192 303 0 0 1 "Burglary"
0 121 52 195 191 304 0 0 1 "Burglary"
0 121 52 194 190 305 0 0 1 "Burglary"
0 122 52 194 189 306 0 0 1 "Burglary"
0 122 52 194 188 307 0 0 1 "Burglary"
0 123 52 194 188 308 0 0 0 "Burglary"
0 122 51 194 187 309 0 0 1 "Burglary"
0 121 51 195 187 310 0 0 1 "Burglary"
0 120 51 196 186 311 0 0 1 "Burglary"
0 119 50 196 186 312 0 0 1 "Burglary"
0 119 50 197 185 313 0 0 1 "Burglary"
0 118 50 198 185 314 0 0 1 "Burglary"
0 117 49 198 184 315 0 0 1 "Burglary"
0 116 49 199 184 316 0 0 1 "Burglary"
0 115 49 200 183 317 0 0 1 "Burglary"
0 115 49 201 183 318 0 0 0 "Burglary"
0 115 49 199 182 319 0 0 1 "Burglary"
0 115 49 197 181 320 0 0 1 "Burglary"
0 115 49 195 180 321 0 0 1 "Burglary"
0 115 49 193 179 322 0 0 1 "Burglary"
0 115 49 191 178 323 0 0 1 "Burglary"
0 115 49 189 177 324 0 0 1 "Burglary"
0 115 49 187 176 325 0 0 1 "Burglary"
0 115 49 185 175 326 0 0 1 "Burglary"
0 115 49 183 174 327 0 0 1 "Burglary"
0 115 49 181 174 328 0 0 0 "Burglary"
0 116 48 181 173 329 0 0 1 "Burglary"
0 117 48 181 172 330 0 0 1 "Burglary"
0 119 47 181 172 331 0 0 1 "Burglary"
0 120 47 182 171 332 0 0 1 "Burglary"
0 122 46 182 171 333 0 0 1 "Burglary"
0 123 46 182 170 334 0 0 1 "Burglary"
0 124 45 183 169 335 0 0 1 "Burglary"
0 126 45 183 169 336 0 0 1 "Burglary"
0 127 44 183 168 337 0 0 1 "Burglary"
0 129 44 184 168 338 0 0 0 "Burglary"
0 129 43 183 167 339 0 0 1 "Burglary"
0 130 43 183 167 340 0 0 1 "Burglary"
0 130 43 183 167 341 0 0 1 "Burglary"
0 131 43 183 166 342 0 0 1 "Burglary"
0 132 43 183 166 343 0 0 1 "Burglary"
0 132 42 182 166 344 0 0 1 "Burglary"
0 133 42 182 165 345 0 0 1 "Burglary"
0 133 42 182 165 346 0 0 1 "Burglary"
0 134 42 182 165 347 0 0 1 "Burglary"
0 135 42 182 165 348 0 0 0 "Burglary"
0 135 42 182 164 349 0 0 1 "Burglary"
0 136 42 182 163 350 0 0 1 "Burglary"
0 136 42 183 162 351 0 0 1 "Burglary"
0 137 43 183 161 352 0 0 1 "Burglary"
0 137 43 184 160 353 0 0 1 "Burglary"
0 138 43 184 159 354 0 0 1 "Burglary"
0 138 44 184 158 355 0 0 1 "Burglary"
0 139 44 185 157 356 0 0 1 "Burglary"
0 139 44 185 156 357 0 0 1 "Burglary"
0 140 45 186 156 358 0 0 0 "Burglary"
0 140 44 187 155 359 0 0 1 "Burglary"
0 140 44 188 155 360 0 0 1 "Burglary"
0 141 44 189 155 361 0 0 1 "Burglary"
0 141 44 190 155 362 0 0 1 "Burglary"
0 142 44 191 155 363 0 0 1 "Burglary"
0 142 44 192 154 364 0 0 1 "Burglary"
0 142 44 193 154 365 0 0 1 "Burglary"
0 143 44 194 154 366 0 0 1 "Burglary"
0 143 44 195 154 367 0 0 1 "Burglary"
0 144 44 196 154 368 0 0 0 "Burglary"
0 143 43 195 153 369 0 0 1 "Burglary"
0 143 43 195 153 370 0 0 1 "Burglary"
0 143 43 195 153 371 0 0 1 "Burglary"
0 143 43 195 153 372 0 0 1 "Burglary"
0 143 43 195 153 373 0 0 1 "Burglary"
0 143 43 195 153 374 0 0 1 "Burglary"
0 143 43 195 153 375 0 0 1 "Burglary"
0 143 42 195 152 376 0 0 1 "Burglary"
0 143 42 195 152 377 0 0 1 "Burglary"
0 143 42 195 152 378 0 0 1 "Burglary"
0 142 42 194 152 379 0 0 1 "Burglary"
0 142 42 194 152 380 0 0 1 "Burglary"
0 142 42 194 152 381 0 0 1 "Burglary"
0 142 42 194 152 382 0 0 1 "Burglary"
0 142 42 194 152 383 0 0 1 "Burglary"
0 142 41 194 151 384 0 0 1 "Burglary"
0 142 41 194 151 385 0 0 1 "Burglary"
0 142 41 194 151 386 0 0 1 "Burglary"
0 142 41 194 151 387 0 0 1 "Burglary"
0 142 41 194 151 388 0 0 1 "Burglary"
0 141 41 193 151 389 0 0 1 "Burglary"
0 141 41 193 151 390 0 0 1 "Burglary"
0 141 40 193 150 391 0 0 1 "Burglary"
0 141 40 193 150 392 0 0 1 "Burglary"
0 141 40 193 150 393 0 0 1 "Burglary"
0 141 40 193 150 394 0 0 1 "Burglary"
0 141 40 193 150 395 0 0 1 "Burglary"
0 141 40 193 150 396 0 0 1 "Burglary"
0 141 40 193 150 397 0 0 1 "Burglary"
0 141 40 193 150 398 0 0 0 "Burglary"
0 141 40 192 149 399 0 0 1 "Burglary"
0 141 40 192 149 400 0 0 1 "Burglary"
0 141 40 192 149 401 0 0 1 "Burglary"
0 141 40 192 149 402 0 0 1 "Burglary"
0 141 40 192 149 403 0 0 1 "Burglary"
0 141 41 191 149 404 0 0 1 "Burglary"
0 141 41 191 149 405 0 0 1 "Burglary"
0 141 41 191 149 406 0 0 1 "Burglary"
0 141 41 191 149 407 0 0 1 "Burglary"
0 141 41 191 149 408 0 0 1 "Burglary"
0 141 41 191 149 409 0 0 1 "Burglary"
0 141 42 190 149 410 0 0 1 "Burglary"
0 141 42 190 149 411 0 0 1 "Burglary"
0 141 42 190 149 412 0 0 1 "Burglary"
0 141 42 190 149 413 0 0 1 "Burglary"
0 141 42 190 149 414 0 0 1 "Burglary"
0 141 42 190 149 415 0 0 1 "Burglary"
0 141 43 189 149 416 0 0 1 "Burglary"
0 141 43 189 149 417 0 0 1 "Burglary"
0 141 43 189 149 418 0 0 1 "Burglary"
0 141 43 189 149 419 0 0 1 "Burglary"
0 141 43 189 149 420 0 0 1 "Burglary"
0 141 43 189 149 421 0 0 1 "Burglary"
0 141 44 188 149 422 0 0 1 "Burglary"
0 141 44 188 149 423 0 0 1 "Burglary"
0 141 44 188 149 424 0 0 1 "Burglary"
0 141 44 188 149 425 0 0 1 "Burglary"
0 141 44 188 149 426 0 0 1 "Burglary"
0 141 44 188 149 427 0 0 1 "Burglary"
0 141 45 187 149 428 0 0 1 "Burglary"
0 141 45 187 149 429 0 0 1 "Burglary"
0 141 45 187 149 430 0 0 1 "Burglary"
0 141 45 187 149 431 0 0 1 "Burglary"
0 141 45 187 149 432 0 0 1 "Burglary"
0 141 45 187 149 433 0 0 1 "Burglary"
0 141 46 186 149 434 0 0 1 "Burglary"
0 141 46 186 149 435 0 0 1 "Burglary"
0 141 46 186 149 436 0 0 1 "Burglary"
0 141 46 186 149 437 0 0 1 "Burglary"
0 141 46 186 149 438 0 0 1 "Burglary"
0 141 47 186 149 439 0 0 0 "Burglary"
0 139 47 184 149 440 0 0 1 "Burglary"
0 138 47 183 149 441 0 0 1 "Burglary"
0 137 47 182 149 442 0 0 1 "Burglary"
0 136 48 181 150 443 0 0 1 "Burglary"
0 135 48 180 150 444 0 0 1 "Burglary"
0 134 48 179 150 445 0 0 1 "Burglary"
0 133 49 178 151 446 0 0 1 "Burglary"
0 132 49 177 151 447 0 0 1 "Burglary"
0 131 49 176 151 448 0 0 1 "Burglary"
0 130 50 175 152 449 0 0 0 "Burglary"
0 127 51 174 150 450 0 0 1 "Burglary"
0 125 52 173 149 451 0 0 1 "Burglary"
0 123 53 172 148 452 0 0 1 "Burglary"
0 121 55 171 147 453 0 0 1 "Burglary"
0 119 56 170 146 454 0 0 1 "Burglary"
0 116 57 169 145 455 0 0 1 "Burglary"
0 114 59 168 144 456 0 0 1 "Burglary"
0 112 60 167 143 457 0 0 1 "Burglary"
0 110 61 166 142 458 0 0 1 "Burglary"
0 108 63 166 141 459 0 0 0 "Burglary"
0 107 62 166 140 460 0 0 1 "Burglary"
0 107 62 166 140 461 0 0 1 "Burglary"
0 107 62 166 140 462 0 0 1 "Burglary"
0 107 62 166 140 463 0 0 1 "Burglary"
0 107 62 166 140 464 0 0 1 "Burglary"
0 107 62 166 140 465 0 0 1 "Burglary"
0 107 62 166 140 466 0 0 1 "Burglary"
0 107 62 166 140 467 0 0 1 "Burglary"
0 107 62 166 140 468 0 0 1 "Burglary"
0 107 62 166 140 469 0 0 1 "Burglary"
0 107 62 166 140 470 0 0 1 "Burglary"
0 107 62 166 140 471 0 0 1 "Burglary"
0 107 61 166 140 472 0 0 1 "Burglary"
0 107 61 166 140 473 0 0 1 "Burglary"
0 107 61 166 140 474 0 0 1 "Burglary"
0 107 61 166 140 475 0 0 1 "Burglary"
0 107 61 166 140 476 0 0 1 "Burglary"
0 107 61 166 140 477 0 0 1 "Burglary"
0 107 61 166 140 478 0 0 1 "Burglary"
0 107 61 166 140 479 0 0 1 "Burglary"
0 107 61 166 140 480 0 0 1 "Burglary"
0 107 61 166 140 481 0 0 1 "Burglary"
0 107 61 166 140 482 0 0 1 "Burglary"
0 107 61 166 140 483 0 0 1 "Burglary"
0 107 60 166 140 484 0 0 1 "Burglary"
0 107 60 166 140 485 0 0 1 "Burglary"
0 107 60 166 140 486 0 0 1 "Burglary"
0 107 60 166 140 487 0 0 1 "Burglary"
0 107 60 166 139 488 0 0 1 "Burglary"
0 107 60 166 139 489 0 0 1 "Burglary"
0 107 60 166 139 490 0 0 1 "Burglary"
0 107 60 166 139 491 0 0 1 "Burglary"
0 107 60 166 139 492 0 0 1 "Burglary"
0 107 60 166 139 493 0 0 1 "Burglary"
0 107 60 166 139 494 0 0 1 "Burglary"
0 107 60 166 139 495 0 0 1 "Burglary"
0 107 59 166 139 496 0 0 1 "Burglary"
0 107 59 166 139 497 0 0 1 "Burglary"
0 107 59 166 139 498 0 0 1 "Burglary"
0 107 59 166 139 499 0 0 1 "Burglary"
0 107 59 166 139 500 0 0 1 "Burglary"
0 107 59 166 139 501 0 0 1 "Burglary"
0 107 59 166 139 502 0 0 1 "Burglary"
0 107 59 166 139 503 0 0 1 "Burglary"
0 107 59 166 139 504 0 0 1 "Burglary"
0 107 59 166 139 505 0 0 1 "Burglary"
0 107 59 166 139 506 0 0 1 "Burglary"
0 107 59 166 139 507 0 0 1 "Burglary"
0 107 58 166 139 508 0 0 1 "Burglary"
0 107 58 166 139 509 0 0 1 "Burglary"
0 107 58 166 139 510 0 0 1 "Burglary"
0 107 58 166 139 511 0 0 1 "Burglary"
0 107 58 166 139 512 0 0 1 "Burglary"
0 107 58 166 139 513 0 0 1 "Burglary"
0 107 58 166 139 514 0 0 1 "Burglary"
0 107 58 166 139 515 0 0 1 "Burglary"
0 107 58 166 138 516 0 0 1 "Burglary"
0 107 58 166 138 517 0 0 1 "Burglary"
0 107 58 166 138 518 0 0 1 "Burglary"
0 107 58 166 138 519 0 0 1 "Burglary"
0 107 57 166 138 520 0 0 1 "Burglary"
0 107 57 166 138 521 0 0 1 "Burglary"
0 107 57 166 138 522 0 0 1 "Burglary"
0 107 57 166 138 523 0 0 1 "Burglary"
0 107 57 166 138 524 0 0 1 "Burglary"
0 107 57 166 138 525 0 0 1 "Burglary"
0 107 57 166 138 526 0 0 1 "Burglary"
0 107 57 166 138 527 0 0 1 "Burglary"
0 107 57 166 138 528 0 0 1 "Burglary"
0 107 57 166 138 529 0 0 1 "Burglary"
0 107 57 166 138 530 0 0 1 "Burglary"
0 107 57 166 138 531 0 0 1 "Burglary"
0 107 56 166 138 532 0 0 1 "Burglary"
0 107 56 166 138 533 0 0 1 "Burglary"
0 107 56 166 138 534 0 0 1 "Burglary"
0 107 56 166 138 535 0 0 1 "Burglary"
0 107 56 166 138 536 0 0 1 "Burglary"
0 107 56 166 138 537 0 0 1 "Burglary"
0 107 56 166 138 538 0 0 1 "Burglary"
0 107 56 166 138 539 0 0 1 "Burglary"
0 107 56 166 138 540 0 0 1 "Burglary"
0 107 56 166 138 541 0 0 1 "Burglary"
0 107 56 166 138 542 0 0 1 "Burglary"
0 107 56 166 138 543 0 0 1 "Burglary"
0 107 56 167 138 544 0 0 0 "Burglary"
0 107 55 167 138 545 0 0 1 "Burglary"
0 107 55 167 138 546 0 0 1 "Burglary"
0 107 55 167 138 547 0 0 1 "Burglary"
0 107 55 167 138 548 0 0 1 "Burglary"
0 107 55 167 138 549 0 0 1 "Burglary"
0 107 55 167 138 550 0 0 1 "Burglary"
0 107 55 167 138 551 0 0 1 "Burglary"
0 107 55 167 138 552 0 0 1 "Burglary"
0 107 55 167 138 553 0 0 1 "Burglary"
0 107 55 167 138 554 0 0 1 "Burglary"
0 107 55 168 138 555 0 0 1 "Burglary"
0 107 55 168 138 556 0 0 1 "Burglary"
0 107 55 168 138 557 0 0 1 "Burglary"
0 107 55 168 138 558 0 0 1 "Burglary"
0 107 55 168 138 559 0 0 1 "Burglary"
0 107 55 168 138 560 0 0 1 "Burglary"
0 107 55 168 138 561 0 0 1 "Burglary"
0 107 55 168 138 562 0 0 1 "Burglary"
0 107 55 168 138 563 0 0 1 "Burglary"
0 107 55 168 138 564 0 0 1 "Burglary"
0 107 55 168 138 565 0 0 1 "Burglary"
0 107 55 169 138 566 0 0 1 "Burglary"
0 107 55 169 138 567 0 0 1 "Burglary"
0 107 55 169 138 568 0 0 1 "Burglary"
0 107 55 169 138 569 0 0 1 "Burglary"
0 107 55 169 138 570 0 0 1 "Burglary"
0 107 55 169 138 571 0 0 1 "Burglary"
0 107 55 169 138 572 0 0 1 "Burglary"
0 107 55 169 138 573 0 0 1 "Burglary"
0 107 55 169 138 574 0 0 1 "Burglary"
0 107 55 169 138 575 0 0 1 "Burglary"
0 107 55 169 138 576 0 0 1 "Burglary"
0 107 55 170 138 577 0 0 1 "Burglary"
0 107 55 170 138 578 0 0 1 "Burglary"
0 107 55 170 138 579 0 0 1 "Burglary"
0 107 55 170 138 580 0 0 1 "Burglary"
0 107 55 170 138 581 0 0 1 "Burglary"
0 107 55 170 138 582 0 0 1 "Burglary"
0 107 55 170 138 583 0 0 1 "Burglary"
0 107 55 170 138 584 0 0 1 "Burglary"
0 107 55 170 138 585 0 0 1 "Burglary"
0 107 55 170 138 586 0 0 1 "Burglary"
0 107 55 171 139 587 0 0 0 "Burglary"
0 106 54 171 139 588 0 0 1 "Burglary"
0 106 54 171 139 589 0 0 1 "Burglary"
0 106 54 171 139 590 0 0 1 "Burglary"
0 106 54 171 139 591 0 0 1 "Burglary"
0 106 54 171 139 592 0 0 1 "Burglary"
0 106 54 172 139 593 0 0 1 "Burglary"
0 106 54 172 139 594 0 0 1 "Burglary"
0 106 54 172 139 595 0 0 1 "Burglary"
0 106 54 172 139 596 0 0 1 "Burglary"
0 106 54 172 139 597 0 0 1 "Burglary"
0 106 54 173 139 598 0 0 1 "Burglary"
0 105 54 173 139 599 0 0 1 "Burglary"
0 105 54 173 139 600 0 0 1 "Burglary"
0 105 54 173 139 601 0 0 1 "Burglary"
0 105 54 173 139 602 0 0 1 "Burglary"
0 105 54 173 139 603 0 0 1 "Burglary"
0 105 53 174 139 604 0 0 1 "Burglary"
0 105 53 174 139 605 0 0 1 "Burglary"
0 105 53 174 139 606 0 0 1 "Burglary"
0 105 53 174 139 607 0 0 1 "Burglary"
0 105 53 174 139 608 0 0 1 "Burglary"
0 105 53 175 139 609 0 0 1 "Burglary"
0 104 53 175 139 610 0 0 1 "Burglary"
0 104 53 175 139 611 0 0 1 "Burglary"
0 104 53 175 139 612 0 0 1 "Burglary"
0 104 53 175 139 613 0 0 1 "Burglary"
0 104 53 175 139 614 0 0 1 "Burglary"
0 104 53 176 139 615 0 0 1 "Burglary"
0 104 53 176 139 616 0 0 1 "Burglary"
0 104 53 176 139 617 0 0 1 "Burglary"
0 104 53 176 139 618 0 0 1 "Burglary"
0 104 53 176 139 619 0 0 1 "Burglary"
0 104 53 177 139 620 0 0 0 "Burglary"
0 103 53 176 139 621 0 0 1 "Burglary"
0 103 53 176 139 622 0 0 1 "Burglary"
0 103 53 176 139 623 0 0 1 "Burglary"
0 103 54 176 139 624 0 0 1 "Burglary"
0 103 54 176 139 625 0 0 1 "Burglary"
0 103 54 176 139 626 0 0 1 "Burglary"
0 103 55 176 140 627 0 0 0 "Burglary"
0 105 54 185 139 628 0 0 1 "Burglary"
0 107 53 194 138 629 0 0 1 "Burglary"
0 109 53 204 137 630 0 0 1 "Burglary"
0 111 52 213 136 631 0 0 1 "Burglary"
0 114 52 223 135 632 0 0 0 "Burglary"
0 114 51 221 135 633 0 0 1 "Burglary"
0 114 51 220 135 634 0 0 1 "Burglary"
0 114 50 219 135 635 0 0 1 "Burglary"
0 114 50 218 135 636 0 0 1 "Burglary"
0 114 50 217 135 637 0 0 0 "Burglary"
0 113 49 217 135 638 0 0 1 "Burglary"
0 113 49 217 135 639 0 0 1 "Burglary"
0 113 49 217 135 640 0 0 1 "Burglary"
0 113 49 217 135 641 0 0 1 "Burglary"
0 113 49 217 135 642 0 0 1 "Burglary"
0 113 49 217 135 643 0 0 1 "Burglary"
0 113 49 217 135 644 0 0 1 "Burglary"
0 113 49 217 135 645 0 0 1 "Burglary"
0 113 49 217 135 646 0 0 1 "Burglary"
0 113 49 217 135 647 0 0 1 "Burglary"
0 113 49 217 135 648 0 0 1 "Burglary"
0 113 49 217 135 649 0 0 1 "Burglary"
0 113 49 217 135 650 0 0 1 "Burglary"
0 113 49 217 135 651 0 0 1 "Burglary"
0 113 49 217 135 652 0 0 1 "Burglary"
0 113 49 217 135 653 0 0 1 "Burglary"
0 113 49 217 135 654 0 0 1 "Burglary"
0 113 49 217 135 655 0 0 1 "Burglary"
0 113 49 217 135 656 0 0 1 "Burglary"
0 113 49 217 135 657 0 0 1 "Burglary"
0 113 49 217 135 658 0 0 1 "Burglary"
0 113 49 217 135 659 0 0 1 "Burglary"
0 113 49 217 135 660 0 0 1 "Burglary"
0 113 49 217 135 661 0 0 1 "Burglary"
0 113 49 217 135 662 0 0 1 "Burglary"
0 113 49 217 135 663 0 0 1 "Burglary"
0 113 49 217 135 664 0 0 1 "Burglary"
0 113 49 217 135 665 0 0 1 "Burglary"
0 113 49 217 135 666 0 0 1 "Burglary"
0 113 48 218 135 667 0 0 1 "Burglary"
0 113 48 218 135 668 0 0 1 "Burglary"
0 113 48 218 135 669 0 0 1 "Burglary"
0 113 48 218 135 670 0 0 1 "Burglary"
0 113 48 218 135 671 0 0 1 "Burglary"
0 113 48 218 135 672 0 0 1 "Burglary"
0 113 48 218 135 673 0 0 1 "Burglary"
0 113 48 218 135 674 0 0 1 "Burglary"
0 113 48 218 135 675 0 0 1 "Burglary"
0 113 48 218 135 676 0 0 1 "Burglary"
0 113 48 218 135 677 0 0 1 "Burglary"
0 113 48 218 135 678 0 0 1 "Burglary"
0 113 48 218 135 679 0 0 1 "Burglary"
0 113 48 218 135 680 0 0 1 "Burglary"
0 113 48 218 135 681 0 0 1 "Burglary"
0 113 48 218 135 682 0 0 1 "Burglary"
0 113 48 218 135 683 0 0 1 "Burglary"
0 113 48 218 135 684 0 0 1 "Burglary"
0 113 48 218 135 685 0 0 1 "Burglary"
0 113 48 218 135 686 0 0 1 "Burglary"
0 112 48 218 136 687 0 0 1 "Burglary"
0 112 48 218 136 688 0 0 1 "Burglary"
0 112 48 218 136 689 0 0 1 "Burglary"
0 112 48 218 136 690 0 0 1 "Burglary"
0 112 48 218 136 691 0 0 1 "Burglary"
0 112 48 218 136 692 0 0 1 "Burglary"
0 112 48 218 136 693 0 0 1 "Burglary"
0 112 48 218 136 694 0 0 1 "Burglary"
0 112 48 218 136 695 0 0 1 "Burglary"
0 112 48 218 136 696 0 0 1 "Burglary"
0 112 47 219 136 697 0 0 1 "Burglary"
0 112 47 219 136 698 0 0 1 "Burglary"
0 112 47 219 136 699 0 0 1 "Burglary"
0 112 47 219 136 700 0 0 1 "Burglary"
0 112 47 219 136 701 0 0 1 "Burglary"
0 112 47 219 136 702 0 0 1 "Burglary"
0 112 47 219 136 703 0 0 1 "Burglary"
0 112 47 219 136 704 0 0 1 "Burglary"
0 112 47 219 136 705 0 0 1 "Burglary"
0 112 47 219 136 706 0 0 1 "Burglary"
0 112 47 219 136 707 0 0 1 "Burglary"
0 112 47 219 136 708 0 0 1 "Burglary"
0 112 47 219 136 709 0 0 1 "Burglary"
0 112 47 219 136 710 0 0 1 "Burglary"
0 112 47 219 136 711 0 0 1 "Burglary"
0 112 47 219 136 712 0 0 1 "Burglary"
0 112 47 219 136 713 0 0 1 "Burglary"
0 112 47 219 136 714 0 0 1 "Burglary"
0 112 47 219 136 715 0 0 1 "Burglary"
0 112 47 219 136 716 0 0 1 "Burglary"
0 112 47 219 136 717 0 0 1 "Burglary"
0 112 47 219 136 718 0 0 1 "Burglary"
0 112 47 219 136 719 0 0 1 "Burglary"
0 112 47 219 136 720 0 0 1 "Burglary"
0 112 47 219 136 721 0 0 1 "Burglary"
0 112 47 219 136 722 0 0 1 "Burglary"
0 112 47 219 136 723 0 0 1 "Burglary"
0 112 47 219 136 724 0 0 1 "Burglary"
0 112 47 219 136 725 0 0 1 "Burglary"
0 112 47 219 136 726 0 0 1 "Burglary"
0 112 46 220 136 727 0 0 1 "Burglary"
0 112 46 220 136 728 0 0 1 "Burglary"
0 112 46 220 136 729 0 0 1 "Burglary"
0 112 46 220 136 730 0 0 1 "Burglary"
0 112 46 220 136 731 0 0 1 "Burglary"
0 112 46 220 136 732 0 0 1 "Burglary"
0 112 46 220 136 733 0 0 1 "Burglary"
0 112 46 220 136 734 0 0 1 "Burglary"
0 112 46 220 136 735 0 0 1 "Burglary"
0 112 46 220 136 736 0 0 1 "Burglary"
0 111 46 220 137 737 0 0 1 "Burglary"
0 111 46 220 137 738 0 0 1 "Burglary"
0 111 46 220 137 739 0 0 1 "Burglary"
0 111 46 220 137 740 0 0 1 "Burglary"
0 111 46 220 137 741 0 0 1 "Burglary"
0 111 46 220 137 742 0 0 1 "Burglary"
0 111 46 220 137 743 0 0 1 "Burglary"
0 111 46 220 137 744 0 0 1 "Burglary"
0 111 46 220 137 745 0 0 1 "Burglary"
0 111 46 220 137 746 0 0 1 "Burglary"
0 111 46 220 137 747 0 0 1 "Burglary"
0 111 46 220 137 748 0 0 1 "Burglary"
0 111 46 220 137 749 0 0 1 "Burglary"
0 111 46 220 137 750 0 0 1 "Burglary"
0 111 46 220 137 751 0 0 1 "Burglary"
0 111 46 220 137 752 0 0 1 "Burglary"
0 111 46 220 137 753 0 0 1 "Burglary"
0 111 46 220 137 754 0 0 1 "Burglary"
0 111 46 220 137 755 0 0 1 "Burglary"
0 111 46 220 137 756 0 0 1 "Burglary"
0 111 45 221 137 757 0 0 1 "Burglary"
0 111 45 221 137 758 0 0 1 "Burglary"
0 111 45 221 137 759 0 0 1 "Burglary"
0 111 45 221 137 760 0 0 1 "Burglary"
0 111 45 221 137 761 0 0 1 "Burglary"
0 111 45 221 137 762 0 0 1 "Burglary"
0 111 45 221 137 763 0 0 1 "Burglary"
0 111 45 221 137 764 0 0 1 "Burglary"
0 111 45 221 137 765 0 0 1 "Burglary"
0 111 45 221 137 766 0 0 1 "Burglary"
0 111 45 221 137 767 0 0 1 "Burglary"
0 111 45 221 137 768 0 0 1 "Burglary"
0 111 45 221 137 769 0 0 1 "Burglary"
0 111 45 221 137 770 0 0 1 "Burglary"
0 111 45 221 137 771 0 0 1 "Burglary"
0 111 45 221 137 772 0 0 1 "Burglary"
0 111 45 221 137 773 0 0 1 "Burglary"
0 111 45 221 137 774 0 0 1 "Burglary"
0 111 45 221 137 775 0 0 1 "Burglary"
0 111 45 221 137 776 0 0 1 "Burglary"
0 111 45 221 137 777 0 0 1 "Burglary"
0 111 45 221 137 778 0 0 1 "Burglary"
0 111 45 221 137 779 0 0 1 "Burglary"
0 111 45 221 137 780 0 0 1 "Burglary"
0 111 45 221 137 781 0 0 1 "Burglary"
0 111 45 221 137 782 0 0 1 "Burglary"
0 111 45 221 137 783 0 0 1 "Burglary"
0 111 45 221 137 784 0 0 1 "Burglary"
0 111 45 221 137 785 0 0 1 "Burglary"
0 111 45 222 138 786 0 0 0 "Burglary"
0 110 45 221 138 787 0 0 1 "Burglary"
0 110 46 221 138 788 0 0 1 "Burglary"
0 110 46 221 138 789 0 0 1 "Burglary"
0 110 47 220 138 790 0 0 1 "Burglary"
0 110 47 220 138 791 0 0 1 "Burglary"
0 109 48 220 138 792 0 0 1 "Burglary"
0 109 48 219 138 793 0 0 1 "Burglary"
0 109 49 219 138 794 0 0 1 "Burglary"
0 109 49 219 138 795 0 0 1 "Burglary"
0 109 50 219 139 796 0 0 0 "Burglary"
0 109 50 219 139 797 0 0 1 "Burglary"
0 109 50 219 139 798 0 0 1 "Burglary"
0 109 50 219 139 799 0 0 1 "Burglary"
0 109 50 219 139 800 0 0 1 "Burglary"
0 109 50 219 139 801 0 0 1 "Burglary"
0 109 50 219 139 802 0 0 1 "Burglary"
0 109 50 219 139 803 0 0 1 "Burglary"
0 109 50 219 139 804 0 0 1 "Burglary"
0 109 50 219 139 805 0 0 1 "Burglary"
0 109 51 219 140 806 0 0 0 "Burglary"
0 109 51 218 139 807 0 0 1 "Burglary"
0 109 51 218 139 808 0 0 1 "Burglary"
0 109 51 218 138 809 0 0 1 "Burglary"
0 109 52 218 138 810 0 0 1 "Burglary"
0 109 52 218 138 811 0 0 1 "Burglary"
0 109 52 218 137 812 0 0 1 "Burglary"
0 109 53 218 137 813 0 0 1 "Burglary"
0 109 53 218 136 814 0 0 1 "Burglary"
0 109 53 218 136 815 0 0 1 "Burglary"
0 109 54 218 136 816 0 0 0 "Burglary"
0 109 54 218 136 817 0 0 1 "Burglary"
0 109 54 218 136 818 0 0 1 "Burglary"
0 109 54 218 136 819 0 0 1 "Burglary"
0 109 54 218 136 820 0 0 1 "Burglary"
0 109 54 218 136 821 0 0 1 "Burglary"
0 109 54 218 136 822 0 0 1 "Burglary"
0 109 55 218 137 823 0 0 1 "Burglary"
0 109 55 218 137 824 0 0 1 "Burglary"
0 109 55 218 137 825 0 0 1 "Burglary"
0 109 55 218 137 826 0 0 1 "Burglary"
0 109 55 218 137 827 0 0 1 "Burglary"
0 109 55 218 137 828 0 0 1 "Burglary"
0 109 55 218 137 829 0 0 1 "Burglary"
0 109 56 218 138 830 0 0 1 "Burglary"
0 109 56 218 138 831 0 0 1 "Burglary"
0 109 56 218 138 832 0 0 1 "Burglary"
0 109 56 218 138 833 0 0 1 "Burglary"
0 109 56 218 138 834 0 0 1 "Burglary"
0 109 56 218 138 835 0 0 1 "Burglary"
0 109 57 218 139 836 0 0 0 "Burglary"
0 108 56 217 138 837 0 0 1 "Burglary"
0 108 56 217 138 838 0 0 1 "Burglary"
0 108 56 217 138 839 0 0 1 "Burglary"
0 108 56 217 138 840 0 0 1 "Burglary"
0 108 56 217 138 841 0 0 1 "Burglary"
0 108 55 217 137 842 0 0 1 "Burglary"
0 108 55 217 137 843 0 0 1 "Burglary"
0 108 55 217 137 844 0 0 1 "Burglary"
0 108 55 217 137 845 0 0 1 "Burglary"
0 108 55 217 137 846 0 0 0 "Burglary"
0 107 55 216 137 847 0 0 1 "Burglary"
0 107 55 216 137 848 0 0 1 "Burglary"
0 106 55 215 137 849 0 0 1 "Burglary"
0 106 55 215 137 850 0 0 1 "Burglary"
0 106 55 215 137 851 0 0 1 "Burglary"
0 105 55 214 137 852 0 0 1 "Burglary"
0 105 55 214 137 853 0 0 1 "Burglary"
0 104 55 213 137 854 0 0 1 "Burglary"
0 104 55 213 137 855 0 0 1 "Burglary"
0 104 56 213 138 856 0 0 0 "Burglary"
0 104 56 213 138 857 0 0 1 "Burglary"
0 104 56 213 138 858 0 0 1 "Burglary"
0 104 56 213 138 859 0 0 1 "Burglary"
0 104 56 213 138 860 0 0 1 "Burglary"
0 104 56 213 138 861 0 0 1 "Burglary"
0 104 56 213 138 862 0 0 1 "Burglary"
0 104 56 213 138 863 0 0 1 "Burglary"
0 104 56 213 138 864 0 0 1 "Burglary"
0 104 56 213 138 865 0 0 1 "Burglary"
0 105 57 214 139 866 0 0 0 "Burglary"
0 105 57 214 139 867 0 0 1 "Burglary"
0 106 57 215 139 868 0 0 1 "Burglary"
0 106 58 215 140 869 0 0 1 "Burglary"
0 107 58 216 140 870 0 0 1 "Burglary"
0 107 59 216 141 871 0 0 1 "Burglary"
0 108 59 217 141 872 0 0 1 "Burglary"
0 108 59 217 141 873 0 0 1 "Burglary"
0 109 60 218 142 874 0 0 1 "Burglary"
0 109 60 218 142 875 0 0 1 "Burglary"
0 110 61 219 143 876 0 0 0 "Burglary"
0 109 61 218 143 877 0 0 1 "Burglary"
0 109 61 218 143 878 0 0 1 "Burglary"
0 109 61 218 143 879 0 0 1 "Burglary"
0 109 61 218 143 880 0 0 1 "Burglary"
0 109 62 218 144 881 0 0 1 "Burglary"
0 108 62 217 144 882 0 0 1 "Burglary"
0 108 62 217 144 883 0 0 1 "Burglary"
0 108 62 217 144 884 0 0 1 "Burglary"
0 108 62 217 144 885 0 0 1 "Burglary"
0 108 63 217 145 886 0 0 0 "Burglary"
0 108 62 217 144 887 0 0 1 "Burglary"
0 108 62 217 144 888 0 0 1 "Burglary"
0 108 62 217 144 889 0 0 1 "Burglary"
0 108 62 217 144 890 0 0 1 "Burglary"
0 109 62 218 144 891 0 0 1 "Burglary"
0 109 61 218 143 892 0 0 1 "Burglary"
0 109 61 218 143 893 0 0 1 "Burglary"
0 109 61 218 143 894 0 0 1 "Burglary"
0 109 61 218 143 895 0 0 1 "Burglary"
0 110 61 219 143 896 0 0 0 "Burglary"
0 110 61 218 143 897 0 0 1 "Burglary"
0 110 61 218 144 898 0 0 1 "Burglary"
0 110 61 218 144 899 0 0 1 "Burglary"
0 110 61 218 145 900 0 0 1 "Burglary"
0 110 61 218 145 901 0 0 1 "Burglary"
0 110 61 218 146 902 0 0 1 "Burglary"
0 110 61 218 146 903 0 0 1 "Burglary"
0 110 61 218 147 904 0 0 1 "Burglary"
0 110 61 218 147 905 0 0 1 "Burglary"
0 110 61 218 148 906 0 0 1 "Burglary"
0 110 61 218 149 907 0 0 1 "Burglary"
0 110 61 218 149 908 0 0 1 "Burglary"
0 110 61 218 150 909 0 0 1 "Burglary"
0 110 61 218 150 910 0 0 1 "Burglary"
0 110 61 218 151 911 0 0 1 "Burglary"
0 110 61 218 151 912 0 0 1 "Burglary"
0 110 61 218 152 913 0 0 1 "Burglary"
0 110 61 218 152 914 0 0 1 "Burglary"
0 110 61 218 153 915 0 0 1 "Burglary"
0 110 61 218 154 916 0 0 0 "Burglary"
0 110 61 218 153 917 0 0 1 "Burglary"
0 110 61 218 153 918 0 0 1 "Burglary"
0 110 61 218 153 919 0 0 1 "Burglary"
0 110 61 218 153 920 0 0 1 "Burglary"
0 110 61 218 153 921 0 0 1 "Burglary"
0 110 61 218 153 922 0 0 1 "Burglary"
0 110 61 218 153 923 0 0 1 "Burglary"
0 110 61 218 153 924 0 0 1 "Burglary"
0 110 61 218 153 925 0 0 1 "Burglary"
0 110 61 218 153 926 0 0 1 "Burglary"
0 110 61 218 153 927 0 0 1 "Burglary"
0 110 61 218 153 928 0 0 1 "Burglary"
0 110 61 218 153 929 0 0 1 "Burglary"
0 110 61 218 153 930 0 0 1 "Burglary"
0 110 61 218 153 931 0 0 1 "Burglary"
0 110 61 218 153 932 0 0 1 "Burglary"
0 110 61 218 153 933 0 0 1 "Burglary"
0 110 61 218 153 934 0 0 1 "Burglary"
0 110 61 218 153 935 0 0 1 "Burglary"
0 110 61 218 153 936 0 0 1 "Burglary"
0 110 61 218 153 937 0 0 1 "Burglary"
0 110 61 218 153 938 0 0 1 "Burglary"
0 110 61 218 153 939 0 0 1 "Burglary"
0 110 61 218 153 940 0 0 1 "Burglary"
0 110 61 218 153 941 0 0 1 "Burglary"
0 110 61 218 153 942 0 0 1 "Burglary"
0 110 61 218 153 943 0 0 1 "Burglary"
0 110 61 218 153 944 0 0 1 "Burglary"
0 110 61 218 153 945 0 0 1 "Burglary"
0 110 61 218 153 946 0 0 1 "Burglary"
0 110 61 218 153 947 0 0 1 "Burglary"
0 110 61 219 153 948 0 0 1 "Burglary"
0 110 61 219 153 949 0 0 1 "Burglary"
0 110 61 219 153 950 0 0 1 "Burglary"
0 110 61 219 153 951 0 0 1 "Burglary"
0 110 61 219 153 952 0 0 1 "Burglary"
0 110 61 219 153 953 0 0 1 "Burglary"
0 110 61 219 153 954 0 0 1 "Burglary"
0 110 61 219 153 955 0 0 1 "Burglary"
0 110 61 219 153 956 0 0 1 "Burglary"
0 110 61 219 153 957 0 0 1 "Burglary"
0 110 61 219 153 958 0 0 1 "Burglary"
0 110 61 219 153 959 0 0 1 "Burglary"
0 110 61 219 153 960 0 0 1 "Burglary"
0 110 61 219 153 961 0 0 1 "Burglary"
0 110 61 219 153 962 0 0 1 "Burglary"
0 110 61 219 153 963 0 0 1 "Burglary"
0 110 61 219 153 964 0 0 1 "Burglary"
0 110 61 219 153 965 0 0 1 "Burglary"
0 110 61 219 153 966 0 0 1 "Burglary"
0 110 61 219 153 967 0 0 1 "Burglary"
0 110 61 219 153 968 0 0 1 "Burglary"
0 110 61 219 153 969 0 0 1 "Burglary"
0 110 61 219 153 970 0 0 1 "Burglary"
0 110 61 219 153 971 0 0 1 "Burglary"
0 110 61 219 153 972 0 0 1 "Burglary"
0 110 61 219 153 973 0 0 1 "Burglary"
0 110 61 219 153 974 0 0 1 "Burglary"
0 110 61 219 153 975 0 0 1 "Burglary"
0 110 61 219 153 976 0 0 1 "Burglary"
0 110 61 219 153 977 0 0 1 "Burglary"
0 110 61 219 153 978 0 0 1 "Burglary"
0 110 61 219 153 979 0 0 1 "Burglary"
0 110 61 220 153 980 0 0 1 "Burglary"
0 110 61 220 153 981 0 0 1 "Burglary"
0 110 61 220 153 982 0 0 1 "Burglary"
0 110 61 220 153 983 0 0 1 "Burglary"
0 110 61 220 153 984 0 0 1 "Burglary"
0 110 61 220 153 985 0 0 1 "Burglary"
0 110 61 220 153 986 0 0 1 "Burglary"
0 110 61 220 153 987 0 0 1 "Burglary"
0 110 61 220 153 988 0 0 1 "Burglary"
0 110 61 220 153 989 0 0 1 "Burglary"
0 110 61 220 153 990 0 0 1 "Burglary"
0 110 61 220 153 991 0 0 1 "Burglary"
0 110 61 220 153 992 0 0 1 "Burglary"
0 110 61 220 153 993 0 0 1 "Burglary"
0 110 61 220 153 994 0 0 1 "Burglary"
0 110 61 220 153 995 0 0 1 "Burglary"
0 110 61 220 153 996 0 0 1 "Burglary"
0 110 61 220 153 997 0 0 1 "Burglary"
0 110 61 220 153 998 0 0 1 "Burglary"
0 110 61 220 153 999 0 0 1 "Burglary"
0 110 61 220 153 1000 0 0 1 "Burglary"
0 110 61 220 153 1001 0 0 1 "Burglary"
0 110 61 220 153 1002 0 0 1 "Burglary"
0 110 61 220 153 1003 0 0 1 "Burglary"
0 110 61 220 153 1004 0 0 1 "Burglary"
0 110 61 220 153 1005 0 0 1 "Burglary"
0 110 61 220 153 1006 0 0 1 "Burglary"
0 110 61 220 153 1007 0 0 1 "Burglary"
0 110 61 220 153 1008 0 0 1 "Burglary"
0 110 61 220 153 1009 0 0 1 "Burglary"
0 110 61 220 153 1010 0 0 1 "Burglary"
0 110 61 220 153 1011 0 0 1 "Burglary"
0 110 61 221 153 1012 0 0 1 "Burglary"
0 110 61 221 153 1013 0 0 1 "Burglary"
0 110 61 221 153 1014 0 0 1 "Burglary"
0 110 61 221 153 1015 0 0 1 "Burglary"
0 110 61 221 153 1016 0 0 1 "Burglary"
0 110 61 221 153 1017 0 0 1 "Burglary"
0 110 61 221 153 1018 0 0 1 "Burglary"
0 110 61 221 153 1019 0 0 1 "Burglary"
0 110 61 221 153 1020 0 0 1 "Burglary"
0 110 61 221 153 1021 0 0 1 "Burglary"
0 110 61 221 153 1022 0 0 1 "Burglary"
0 110 61 221 153 1023 0 0 1 "Burglary"
0 110 61 221 153 1024 0 0 1 "Burglary"
0 110 61 221 153 1025 0 0 1 "Burglary"
0 110 61 221 153 1026 0 0 1 "Burglary"
0 110 61 221 153 1027 0 0 1 "Burglary"
0 110 61 221 153 1028 0 0 1 "Burglary"
0 110 61 221 153 1029 0 0 1 "Burglary"
0 110 61 221 153 1030 0 0 1 "Burglary"
0 110 61 221 153 1031 0 0 1 "Burglary"
0 110 61 221 153 1032 0 0 1 "Burglary"
0 110 61 221 153 1033 0 0 1 "Burglary"
0 110 61 221 153 1034 0 0 1 "Burglary"
0 110 61 221 153 1035 0 0 1 "Burglary"
0 110 61 221 153 1036 0 0 1 "Burglary"
0 110 61 221 153 1037 0 0 1 "Burglary"
0 110 61 221 153 1038 0 0 1 "Burglary"
0 110 61 221 153 1039 0 0 1 "Burglary"
0 110 61 221 153 1040 0 0 1 "Burglary"
0 110 61 221 153 1041 0 0 1 "Burglary"
0 110 61 221 153 1042 0 0 1 "Burglary"
0 110 61 221 153 1043 0 0 1 "Burglary"
0 110 61 222 153 1044 0 0 1 "Burglary"
0 110 61 222 153 1045 0 0 1 "Burglary"
0 110 61 222 153 1046 0 0 1 "Burglary"
0 110 61 222 153 1047 0 0 1 "Burglary"
0 110 61 222 153 1048 0 0 1 "Burglary"
0 110 61 222 153 1049 0 0 1 "Burglary"
0 110 61 222 153 1050 0 0 1 "Burglary"
0 110 61 222 153 1051 0 0 1 "Burglary"
0 110 61 222 153 1052 0 0 1 "Burglary"
0 110 61 222 153 1053 0 0 1 "Burglary"
0 110 61 222 153 1054 0 0 1 "Burglary"
0 110 61 222 153 1055 0 0 1 "Burglary"
0 110 61 222 153 1056 0 0 1 "Burglary"
0 110 61 222 153 1057 0 0 1 "Burglary"
0 110 61 222 153 1058 0 0 1 "Burglary"
0 110 61 222 153 1059 0 0 1 "Burglary"
0 110 61 222 153 1060 0 0 1 "Burglary"
0 110 61 222 153 1061 0 0 1 "Burglary"
0 110 61 222 153 1062 0 0 1 "Burglary"
0 110 61 222 153 1063 0 0 1 "Burglary"
0 110 61 222 153 1064 0 0 1 "Burglary"
0 110 61 222 153 1065 0 0 1 "Burglary"
0 110 61 222 153 1066 0 0 1 "Burglary"
0 110 61 222 153 1067 0 0 1 "Burglary"
0 110 61 222 153 1068 0 0 1 "Burglary"
0 110 61 222 153 1069 0 0 1 "Burglary"
0 110 61 222 153 1070 0 0 1 "Burglary"
0 110 61 222 153 1071 0 0 1 "Burglary"
0 110 61 222 153 1072 0 0 1 "Burglary"
0 110 61 222 153 1073 0 0 1 "Burglary"
0 110 61 222 153 1074 0 0 1 "Burglary"
0 110 61 222 153 1075 0 0 1 "Burglary"
0 110 61 223 153 1076 0 0 0 "Burglary"
0 110 61 223 155 1077 0 0 1 "Burglary"
0 110 61 223 158 1078 0 0 1 "Burglary"
0 110 61 223 161 1079 0 0 1 "Burglary"
0 110 61 224 163 1080 0 0 1 "Burglary"
0 110 61 224 166 1081 0 0 1 "Burglary"
0 110 61 224 169 1082 0 0 1 "Burglary"
0 110 61 225 171 1083 0 0 1 "Burglary"
0 110 61 225 174 1084 0 0 1 "Burglary"
0 110 61 225 177 1085 0 0 1 "Burglary"
0 110 61 226 180 1086 0 0 0 "Burglary"
0 110 61 227 179 1087 0 0 1 "Burglary"
0 110 61 228 179 1088 0 0 1 "Burglary"
0 110 61 229 179 1089 0 0 1 "Burglary"
0 110 61 230 179 1090 0 0 1 "Burglary"
0 110 61 231 179 1091 0 0 1 "Burglary"
0 110 61 232 179 1092 0 0 1 "Burglary"
0 110 61 233 179 1093 0 0 1 "Burglary"
0 110 61 234 179 1094 0 0 1 "Burglary"
0 110 61 235 179 1095 0 0 1 "Burglary"
0 110 61 236 179 1096 0 0 0 "Burglary"
0 110 61 235 178 1097 0 0 1 "Burglary"
0 110 61 235 178 1098 0 0 1 "Burglary"
0 110 61 235 178 1099 0 0 1 "Burglary"
0 110 61 235 178 1100 0 0 1 "Burglary"
0 110 61 235 178 1101 0 0 1 "Burglary"
0 110 61 235 178 1102 0 0 1 "Burglary"
0 110 61 235 178 1103 0 0 1 "Burglary"
0 110 61 235 178 1104 0 0 1 "Burglary"
0 110 61 235 178 1105 0 0 1 "Burglary"
0 110 61 235 178 1106 0 0 1 "Burglary"
0 110 61 235 178 1107 0 0 1 "Burglary"
0 110 61 235 178 1108 0 0 1 "Burglary"
0 110 61 235 178 1109 0 0 1 "Burglary"
0 110 61 235 178 1110 0 0 1 "Burglary"
0 110 61 235 178 1111 0 0 1 "Burglary"
0 110 61 235 178 1112 0 0 1 "Burglary"
0 110 61 234 178 1113 0 0 1 "Burglary"
0 110 61 234 178 1114 0 0 1 "Burglary"
0 110 61 234 178 1115 0 0 1 "Burglary"
0 110 61 234 178 1116 0 0 1 "Burglary"
0 110 61 234 178 1117 0 0 1 "Burglary"
0 110 61 234 178 1118 0 0 1 "Burglary"
0 110 61 234 178 1119 0 0 1 "Burglary"
0 110 61 234 178 1120 0 0 1 "Burglary"
0 110 61 234 178 1121 0 0 1 "Burglary"
0 110 61 234 178 1122 0 0 1 "Burglary"
0 110 61 234 178 1123 0 0 1 "Burglary"
0 110 61 234 178 1124 0 0 1 "Burglary"
0 110 61 234 178 1125 0 0 1 "Burglary"
0 110 61 234 178 1126 0 0 1 "Burglary"
0 110 61 234 178 1127 0 0 1 "Burglary"
0 110 61 234 178 1128 0 0 1 "Burglary"
0 110 61 233 178 1129 0 0 1 "Burglary"
0 110 61 233 178 1130 0 0 1 "Burglary"
0 110 61 233 178 1131 0 0 1 "Burglary"
0 110 61 233 178 1132 0 0 1 "Burglary"
0 110 61 233 178 1133 0 0 1 "Burglary"
0 110 61 233 178 1134 0 0 1 "Burglary"
0 110 61 233 178 1135 0 0 1 "Burglary"
0 110 61 233 178 1136 0 0 1 "Burglary"
0 110 61 233 177 1137 0 0 1 "Burglary"
0 110 61 233 177 1138 0 0 1 "Burglary"
0 110 61 233 177 1139 0 0 1 "Burglary"
0 110 61 233 177 1140 0 0 1 "Burglary"
0 110 61 233 177 1141 0 0 1 "Burglary"
0 110 61 233 177 1142 0 0 1 "Burglary"
0 110 61 233 177 1143 0 0 1 "Burglary"
0 110 61 233 177 1144 0 0 1 "Burglary"
0 110 61 232 177 1145 0 0 1 "Burglary"
0 110 61 232 177 1146 0 0 1 "Burglary"
0 110 61 232 177 1147 0 0 1 "Burglary"
0 110 61 232 177 1148 0 0 1 "Burglary"
0 110 61 232 177 1149 0 0 1 "Burglary"
0 110 61 232 177 1150 0 0 1 "Burglary"
0 110 61 232 177 1151 0 0 1 "Burglary"
0 110 61 232 177 1152 0 0 1 "Burglary"
0 110 61 232 177 1153 0 0 1 "Burglary"
0 110 61 232 177 1154 0 0 1 "Burglary"
0 110 61 232 177 1155 0 0 1 "Burglary"
0 110 61 232 177 1156 0 0 1 "Burglary"
0 110 61 232 177 1157 0 0 1 "Burglary"
0 110 61 232 177 1158 0 0 1 "Burglary"
0 110 61 232 177 1159 0 0 1 "Burglary"
0 110 61 232 177 1160 0 0 1 "Burglary"
0 110 61 231 177 1161 0 0 1 "Burglary"
0 110 61 231 177 1162 0 0 1 "Burglary"
0 110 61 231 177 1163 0 0 1 "Burglary"
0 110 61 231 177 1164 0 0 1 "Burglary"
0 110 61 231 177 1165 0 0 1 "Burglary"
0 110 61 231 177 1166 0 0 1 "Burglary"
0 110 61 231 177 1167 0 0 1 "Burglary"
0 110 61 231 177 1168 0 0 1 "Burglary"
0 110 61 231 177 1169 0 0 1 "Burglary"
0 110 61 231 177 1170 0 0 1 "Burglary"
0 110 61 231 177 1171 0 0 1 "Burglary"
0 110 61 231 177 1172 0 0 1 "Burglary"
0 110 61 231 177 1173 0 0 1 "Burglary"
0 110 61 231 177 1174 0 0 1 "Burglary"
0 110 61 231 177 1175 0 0 1 "Burglary"
0 110 61 231 177 1176 0 0 0 "Burglary"
0 110 61 230 174 1177 0 0 1 "Burglary"
0 110 61 230 172 1178 0 0 1 "Burglary"
0 110 61 230 170 1179 0 0 1 "Burglary"
0 110 61 230 168 1180 0 0 1 "Burglary"
0 110 61 230 166 1181 0 0 1 "Burglary"
0 110 61 230 163 1182 0 0 1 "Burglary"
0 110 61 230 161 1183 0 0 1 "Burglary"
0 110 61 230 159 1184 0 0 1 "Burglary"
0 110 61 230 157 1185 0 0 1 "Burglary"
0 110 61 230 155 1186 0 0 0 "Burglary"
0 110 61 229 154 1187 0 0 1 "Burglary"
0 110 61 228 154 1188 0 0 1 "Burglary"
0 110 61 227 154 1189 0 0 1 "Burglary"
0 110 61 226 154 1190 0 0 1 "Burglary"
0 110 61 225 154 1191 0 0 1 "Burglary"
0 110 61 224 154 1192 0 0 1 "Burglary"
0 110 61 223 154 1193 0 0 1 "Burglary"
0 110 61 222 154 1194 0 0 1 "Burglary"
0 110 61 221 154 1195 0 0 1 "Burglary"
0 110 61 220 154 1196 0 0 0 "Burglary"
0 109 60 219 153 1197 0 0 1 "Burglary"
0 109 60 219 153 1198 0 0 1 "Burglary"
0 109 59 219 152 1199 0 0 1 "Burglary"
0 109 59 219 152 1200 0 0 1 "Burglary"
0 109 58 219 151 1201 0 0 1 "Burglary"
0 109 58 219 151 1202 0 0 1 "Burglary"
0 109 57 219 150 1203 0 0 1 "Burglary"
0 109 57 219 150 1204 0 0 1 "Burglary"
0 109 56 219 149 1205 0 0 1 "Burglary"
0 109 56 219 149 1206 0 0 0 "Burglary"
0 109 55 219 148 1207 0 0 1 "Burglary"
0 109 54 219 147 1208 0 0 1 "Burglary"
0 109 53 219 146 1209 0 0 1 "Burglary"
0 109 52 219 145 1210 0 0 1 "Burglary"
0 109 52 219 145 1211 0 0 1 "Burglary"
0 109 51 219 144 1212 0 0 1 "Burglary"
0 109 50 219 143 1213 0 0 1 "Burglary"
0 109 49 219 142 1214 0 0 1 "Burglary"
0 109 48 219 141 1215 0 0 1 "Burglary"
0 109 48 219 141 1216 0 0 0 "Burglary"
0 109 48 219 140 1217 0 0 1 "Burglary"
0 109 49 219 140 1218 0 0 1 "Burglary"
0 109 49 219 139 1219 0 0 1 "Burglary"
0 109 50 219 139 1220 0 0 1 "Burglary"
0 110 51 219 139 1221 0 0 1 "Burglary"
0 110 51 219 138 1222 0 0 1 "Burglary"
0 110 52 219 138 1223 0 0 1 "Burglary"
0 110 52 219 137 1224 0 0 1 "Burglary"
0 110 53 219 137 1225 0 0 1 "Burglary"
0 111 54 220 137 1226 0 0 0 "Burglary"
0 111 54 220 136 1227 0 0 1 "Burglary"
0 111 54 220 136 1228 0 0 1 "Burglary"
0 111 54 221 136 1229 0 0 1 "Burglary"
0 111 54 221 136 1230 0 0 1 "Burglary"
0 111 54 222 136 1231 0 0 1 "Burglary"
0 111 54 222 136 1232 0 0 1 "Burglary"
0 111 54 222 136 1233 0 0 1 "Burglary"
0 111 54 223 136 1234 0 0 1 "Burglary"
0 111 54 223 136 1235 0 0 1 "Burglary"
0 111 54 224 136 1236 0 0 0 "Burglary"
0 111 54 223 135 1237 0 0 1 "Burglary"
0 111 54 223 135 1238 0 0 1 "Burglary"
0 111 54 223 135 1239 0 0 1 "Burglary"
0 111 54 223 135 1240 0 0 1 "Burglary"
0 111 54 223 135 1241 0 0 1 "Burglary"
0 111 54 223 135 1242 0 0 1 "Burglary"
0 111 54 223 135 1243 0 0 1 "Burglary"
0 111 54 223 135 1244 0 0 1 "Burglary"
0 111 54 223 135 1245 0 0 1 "Burglary"
0 111 54 223 135 1246 0 0 1 "Burglary"
0 111 54 223 135 1247 0 0 1 "Burglary"
0 111 54 223 135 1248 0 0 1 "Burglary"
0 111 54 223 135 1249 0 0 1 "Burglary"
0 111 54 223 135 1250 0 0 1 "Burglary"
0 111 54 223 135 1251 0 0 1 "Burglary"
0 111 54 222 135 1252 0 0 1 "Burglary"
0 111 54 222 135 1253 0 0 1 "Burglary"
0 111 54 222 135 1254 0 0 1 "Burglary"
0 111 54 222 135 1255 0 0 1 "Burglary"
0 111 54 222 135 1256 0 0 1 "Burglary"
0 111 54 222 135 1257 0 0 1 "Burglary"
0 111 54 222 135 1258 0 0 1 "Burglary"
0 111 54 222 135 1259 0 0 1 "Burglary"
0 111 54 222 135 1260 0 0 1 "Burglary"
0 111 54 222 135 1261 0 0 1 "Burglary"
0 111 54 222 135 1262 0 0 1 "Burglary"
0 111 54 222 135 1263 0 0 1 "Burglary"
0 111 54 222 135 1264 0 0 1 "Burglary"
0 111 54 222 135 1265 0 0 1 "Burglary"
0 111 54 222 135 1266 0 0 1 "Burglary"
0 111 54 221 135 1267 0 0 1 "Burglary"
0 111 54 221 135 1268 0 0 1 "Burglary"
0 111 54 221 135 1269 0 0 1 "Burglary"
0 111 54 221 135 1270 0 0 1 "Burglary"
0 111 54 221 135 1271 0 0 1 "Burglary"
0 111 54 221 135 1272 0 0 1 "Burglary"
0 111 54 221 135 1273 0 0 1 "Burglary"
0 111 54 221 135 1274 0 0 1 "Burglary"
0 111 54 221 135 1275 0 0 1 "Burglary"
0 111 54 221 135 1276 0 0 1 "Burglary"
0 111 54 221 135 1277 0 0 1 "Burglary"
0 111 54 221 135 1278 0 0 1 "Burglary"
0 111 54 221 135 1279 0 0 1 "Burglary"
0 111 54 221 135 1280 0 0 1 "Burglary"
0 111 54 221 135 1281 0 0 1 "Burglary"
0 111 54 220 135 1282 0 0 1 "Burglary"
0 111 54 220 135 1283 0 0 1 "Burglary"
0 111 54 220 135 1284 0 0 1 "Burglary"
0 111 54 220 135 1285 0 0 1 "Burglary"
0 111 54 220 135 1286 0 0 1 "Burglary"
0 111 54 220 135 1287 0 0 1 "Burglary"
0 111 54 220 135 1288 0 0 1 "Burglary"
0 111 54 220 135 1289 0 0 1 "Burglary"
0 111 54 220 135 1290 0 0 1 "Burglary"
0 111 54 220 135 1291 0 0 1 "Burglary"
0 111 54 220 135 1292 0 0 1 "Burglary"
0 111 54 220 135 1293 0 0 1 "Burglary"
0 111 54 220 135 1294 0 0 1 "Burglary"
0 111 54 220 135 1295 0 0 1 "Burglary"
0 111 54 220 135 1296 0 0 0 "Burglary"
0 110 54 219 135 1297 0 0 1 "Burglary"
0 110 54 219 135 1298 0 0 1 "Burglary"
0 110 55 219 136 1299 0 0 1 "Burglary"
0 110 55 219 136 1300 0 0 1 "Burglary"
0 110 56 219 137 1301 0 0 1 "Burglary"
0 110 56 219 137 1302 0 0 1 "Burglary"
0 110 56 219 137 1303 0 0 1 "Burglary"
0 110 57 219 138 1304 0 0 1 "Burglary"
0 110 57 219 138 1305 0 0 1 "Burglary"
0 110 58 219 139 1306 0 0 0 "Burglary"
0 110 58 219 138 1307 0 0 1 "Burglary"
0 110 58 219 138 1308 0 0 1 "Burglary"
0 110 58 219 138 1309 0 0 1 "Burglary"
0 110 58 219 138 1310 0 0 1 "Burglary"
0 110 58 220 138 1311 0 0 1 "Burglary"
0 110 58 220 138 1312 0 0 1 "Burglary"
0 110 58 220 138 1313 0 0 1 "Burglary"
0 110 58 220 138 1314 0 0 1 "Burglary"
0 110 58 220 138 1315 0 0 1 "Burglary"
0 110 58 221 138 1316 0 0 0 "Burglary"
0 110 58 221 137 1317 0 0 1 "Burglary"
0 110 58 222 137 1318 0 0 1 "Burglary"
0 110 58 222 137 1319 0 0 1 "Burglary"
0 110 58 223 137 1320 0 0 1 "Burglary"
0 110 58 224 137 1321 0 0 1 "Burglary"
0 110 58 224 137 1322 0 0 1 "Burglary"
0 110 58 225 137 1323 0 0 1 "Burglary"
0 110 58 225 137 1324 0 0 1 "Burglary"
0 110 58 226 137 1325 0 0 1 "Burglary"
0 110 58 227 137 1326 0 0 0 "Burglary"
0 110 57 226 137 1327 0 0 1 "Burglary"
0 110 57 226 137 1328 0 0 1 "Burglary"
0 110 56 226 137 1329 0 0 1 "Burglary"
0 110 56 226 137 1330 0 0 1 "Burglary"
0 110 56 226 137 1331 0 0 1 "Burglary"
0 110 55 226 137 1332 0 0 1 "Burglary"
0 110 55 226 137 1333 0 0 1 "Burglary"
0 110 54 226 137 1334 0 0 1 "Burglary"
0 110 54 226 137 1335 0 0 1 "Burglary"
0 110 54 226 137 1336 0 0 0 "Burglary"
0 110 52 225 137 1337 0 0 1 "Burglary"
0 110 51 225 137 1338 0 0 1 "Burglary"
0 110 50 225 137 1339 0 0 1 "Burglary"
0 110 49 225 137 1340 0 0 1 "Burglary"
0 110 48 225 137 1341 0 0 1 "Burglary"
0 110 47 225 137 1342 0 0 1 "Burglary"
0 110 46 225 137 1343 0 0 1 "Burglary"
0 110 45 225 137 1344 0 0 1 "Burglary"
0 110 44 225 137 1345 0 0 1 "Burglary"
0 110 43 225 137 1346 0 0 0 "Burglary"
0 110 43 225 137 1347 0 0 1 "Burglary"
0 110 43 225 137 1348 0 0 1 "Burglary"
0 110 44 225 138 1349 0 0 1 "Burglary"
0 110 44 225 138 1350 0 0 1 "Burglary"
0 110 45 225 139 1351 0 0 1 "Burglary"
0 110 45 225 139 1352 0 0 1 "Burglary"
0 110 45 225 139 1353 0 0 1 "Burglary"
0 110 46 225 140 1354 0 0 1 "Burglary"
0 110 46 225 140 1355 0 0 1 "Burglary"
0 110 47 225 141 1356 0 0 0 "Burglary"
0 110 47 224 140 1357 0 0 1 "Burglary"
0 110 47 224 140 1358 0 0 1 "Burglary"
0 110 47 224 140 1359 0 0 1 "Burglary"
0 110 47 224 140 1360 0 0 1 "Burglary"
0 110 47 224 140 1361 0 0 1 "Burglary"
0 110 47 224 140 1362 0 0 1 "Burglary"
0 110 47 224 140 1363 0 0 1 "Burglary"
0 110 47 223 140 1364 0 0 1 "Burglary"
0 110 47 223 140 1365 0 0 1 "Burglary"
0 110 47 223 140 1366 0 0 1 "Burglary"
0 110 47 223 140 1367 0 0 1 "Burglary"
0 110 47 223 140 1368 0 0 1 "Burglary"
0 110 47 223 140 1369 0 0 1 "Burglary"
0 110 47 223 140 1370 0 0 1 "Burglary"
0 110 47 222 140 1371 0 0 1 "Burglary"
0 110 47 222 140 1372 0 0 1 "Burglary"
0 110 47 222 140 1373 0 0 1 "Burglary"
0 110 47 222 140 1374 0 0 1 "Burglary"
0 110 47 222 140 1375 0 0 1 "Burglary"
0 110 47 222 140 1376 0 0 1 "Burglary"
0 110 47 222 140 1377 0 0 1 "Burglary"
0 110 47 221 140 1378 0 0 1 "Burglary"
0 110 47 221 140 1379 0 0 1 "Burglary"
0 110 47 221 140 1380 0 0 1 "Burglary"
0 110 47 221 140 1381 0 0 1 "Burglary"
0 110 47 221 140 1382 0 0 1 "Burglary"
0 110 47 221 140 1383 0 0 1 "Burglary"
0 110 47 221 140 1384 0 0 1 "Burglary"
0 110 47 220 140 1385 0 0 1 "Burglary"
0 110 47 220 140 1386 0 0 1 "Burglary"
0 110 47 220 140 1387 0 0 1 "Burglary"
0 110 47 220 140 1388 0 0 1 "Burglary"
0 110 47 220 140 1389 0 0 1 "Burglary"
0 110 47 220 140 1390 0 0 1 "Burglary"
0 110 47 220 140 1391 0 0 1 "Burglary"
0 110 47 219 140 1392 0 0 1 "Burglary"
0 110 47 219 140 1393 0 0 1 "Burglary"
0 110 47 219 140 1394 0 0 1 "Burglary"
0 110 47 219 140 1395 0 0 1 "Burglary"
0 110 47 219 140 1396 0 0 1 "Burglary"
0 110 47 219 140 1397 0 0 1 "Burglary"
0 110 47 219 140 1398 0 0 1 "Burglary"
0 110 47 218 140 1399 0 0 1 "Burglary"
0 110 47 218 140 1400 0 0 1 "Burglary"
0 110 47 218 140 1401 0 0 1 "Burglary"
0 110 47 218 140 1402 0 0 1 "Burglary"
0 110 47 218 140 1403 0 0 1 "Burglary"
0 110 47 218 140 1404 0 0 1 "Burglary"
0 110 47 218 140 1405 0 0 1 "Burglary"
0 110 47 218 140 1406 0 0 0 "Burglary"
0 110 47 217 139 1407 0 0 1 "Burglary"
0 110 47 217 139 1408 0 0 1 "Burglary"
0 110 47 217 139 1409 0 0 1 "Burglary"
0 110 47 216 139 1410 0 0 1 "Burglary"
0 110 47 216 139 1411 0 0 1 "Burglary"
0 110 47 216 139 1412 0 0 1 "Burglary"
0 110 47 215 139 1413 0 0 1 "Burglary"
0 110 47 215 139 1414 0 0 1 "Burglary"
0 110 47 215 139 1415 0 0 1 "Burglary"
0 110 47 215 139 1416 0 0 0 "Burglary"
0 110 48 210 139 1417 0 0 1 "Burglary"
0 110 50 205 140 1418 0 0 1 "Burglary"
0 110 51 200 141 1419 0 0 1 "Burglary"
0 110 53 195 141 1420 0 0 1 "Burglary"
0 110 55 191 142 1421 0 0 1 "Burglary"
0 110 56 186 143 1422 0 0 1 "Burglary"
0 110 58 181 143 1423 0 0 1 "Burglary"
0 110 59 176 144 1424 0 0 1 "Burglary"
0 110 61 171 145 1425 0 0 1 "Burglary"
0 110 63 167 146 1426 0 0 0 "Burglary"
0 110 63 166 145 1427 0 0 1 "Burglary"
0 110 63 166 145 1428 0 0 1 "Burglary"
0 110 63 166 145 1429 0 0 1 "Burglary"
0 110 63 166 145 1430 0 0 1 "Burglary"
0 110 63 166 145 1431 0 0 1 "Burglary"
0 110 63 166 145 1432 0 0 1 "Burglary"
0 110 63 166 145 1433 0 0 1 "Burglary"
0 110 63 166 145 1434 0 0 1 "Burglary"
0 110 63 166 145 1435 0 0 1 "Burglary"
0 110 63 166 145 1436 0 0 1 "Burglary"
0 110 63 166 145 1437 0 0 1 "Burglary"
0 110 63 166 145 1438 0 0 1 "Burglary"
0 110 63 166 144 1439 0 0 1 "Burglary"
0 110 63 166 144 1440 0 0 1 "Burglary"
0 110 63 166 144 1441 0 0 1 "Burglary"
0 110 63 166 144 1442 0 0 1 "Burglary"
0 110 63 166 144 1443 0 0 1 "Burglary"
0 110 63 166 144 1444 0 0 1 "Burglary"
0 110 63 166 144 1445 0 0 1 "Burglary"
0 110 63 166 144 1446 0 0 1 "Burglary"
0 110 63 166 144 1447 0 0 1 "Burglary"
0 110 63 166 144 1448 0 0 1 "Burglary"
0 110 63 166 144 1449 0 0 1 "Burglary"
0 110 63 166 144 1450 0 0 1 "Burglary"
0 110 63 166 144 1451 0 0 1 "Burglary"
0 110 63 166 143 1452 0 0 1 "Burglary"
0 110 63 166 143 1453 0 0 1 "Burglary"
0 110 63 166 143 1454 0 0 1 "Burglary"
0 110 63 166 143 1455 0 0 1 "Burglary"
0 110 63 166 143 1456 0 0 1 "Burglary"
0 110 63 166 143 1457 0 0 1 "Burglary"
0 110 63 166 143 1458 0 0 1 "Burglary"
0 110 63 166 143 1459 0 0 1 "Burglary"
0 110 63 166 143 1460 0 0 1 "Burglary"
0 110 63 166 143 1461 0 0 1 "Burglary"
0 110 63 166 143 1462 0 0 1 "Burglary"
0 110 63 166 143 1463 0 0 1 "Burglary"
0 110 63 166 143 1464 0 0 1 "Burglary"
0 110 63 166 142 1465 0 0 1 "Burglary"
0 110 63 166 142 1466 0 0 1 "Burglary"
0 110 63 166 142 1467 0 0 1 "Burglary"
0 110 63 166 142 1468 0 0 1 "Burglary"
0 110 63 166 142 1469 0 0 1 "Burglary"
0 110 63 166 142 1470 0 0 1 "Burglary"
0 110 63 166 142 1471 0 0 1 "Burglary"
0 110 63 166 142 1472 0 0 1 "Burglary"
0 110 63 166 142 1473 0 0 1 "Burglary"
0 110 63 166 142 1474 0 0 1 "Burglary"
0 110 63 166 142 1475 0 0 1 "Burglary"
0 110 63 166 142 1476 0 0 1 "Burglary"
0 110 63 166 141 1477 0 0 1 "Burglary"
0 110 63 166 141 1478 0 0 1 "Burglary"
0 110 63 166 141 1479 0 0 1 "Burglary"
0 110 63 166 141 1480 0 0 1 "Burglary"
0 110 63 166 141 1481 0 0 1 "Burglary"
0 110 63 166 141 1482 0 0 1 "Burglary"
0 110 63 166 141 1483 0 0 1 "Burglary"
0 110 63 166 141 1484 0 0 1 "Burglary"
0 110 63 166 141 1485 0 0 1 "Burglary"
0 110 63 166 141 1486 0 0 1 "Burglary"
0 110 63 166 141 1487 0 0 1 "Burglary"
0 110 63 166 141 1488 0 0 1 "Burglary"
0 110 63 166 141 1489 0 0 1 "Burglary"
0 110 63 166 140 1490 0 0 1 "Burglary"
0 110 63 166 140 1491 0 0 1 "Burglary"
0 110 63 166 140 1492 0 0 1 "Burglary"
0 110 63 166 140 1493 0 0 1 "Burglary"
0 110 63 166 140 1494 0 0 1 "Burglary"
0 110 63 166 140 1495 0 0 1 "Burglary"
0 110 63 166 140 1496 0 0 1 "Burglary"
0 110 63 166 140 1497 0 0 1 "Burglary"
0 110 63 166 140 1498 0 0 1 "Burglary"
0 110 63 166 140 1499 0 0 1 "Burglary"
0 110 63 166 140 1500 0 0 1 "Burglary"
0 110 63 166 140 1501 0 0 1 "Burglary"
0 110 63 166 140 1502 1 0 0 "Burglary"
0 110 63 166 140 1503 1 0 1 "Burglary"
0 110 63 166 140 1504 1 0 1 "Burglary"
0 110 63 166 140 1505 1 0 1 "Burglary"
0 110 63 166 140 1506 1 0 1 "Burglary"
0 110 63 166 140 1507 1 0 1 "Burglary"
0 110 63 166 140 1508 1 0 1 "Burglary"
0 110 63 166 140 1509 1 0 1 "Burglary"
0 110 63 166 140 1510 1 0 1 "Burglary"
0 110 63 166 140 1511 1 0 1 "Burglary"
0 110 63 166 140 1512 1 0 1 "Burglary"
0 110 63 166 140 1513 1 0 1 "Burglary"
0 110 63 166 140 1514 1 0 1 "Burglary"
0 110 63 166 140 1515 1 0 1 "Burglary"
0 110 63 166 140 1516 1 0 1 "Burglary"
0 110 63 166 140 1517 1 0 1 "Burglary"
0 110 63 166 140 1518 1 0 1 "Burglary"
0 110 63 166 140 1519 1 0 1 "Burglary"
0 110 63 166 140 1520 1 0 1 "Burglary"
0 110 63 166 140 1521 1 0 1 "Burglary"
0 110 63 166 140 1522 1 0 1 "Burglary"
0 110 63 166 140 1523 1 0 1 "Burglary"
0 110 63 166 140 1524 1 0 1 "Burglary"
0 110 63 166 140 1525 1 0 1 "Burglary"
0 110 63 166 140 1526 1 0 1 "Burglary"
0 110 63 166 140 1527 1 0 1 "Burglary"
0 110 63 166 140 1528 1 0 1 "Burglary"
0 110 63 166 140 1529 1 0 1 "Burglary"
0 110 63 166 140 1530 1 0 1 "Burglary"
0 110 63 166 140 1531 1 0 1 "Burglary"
0 110 63 166 140 1532 1 0 1 "Burglary"
0 110 63 166 140 1533 1 0 1 "Burglary"
0 110 63 166 140 1534 1 0 1 "Burglary"
0 110 63 166 140 1535 1 0 1 "Burglary"
0 110 63 166 140 1536 1 0 1 "Burglary"
0 110 63 166 140 1537 1 0 1 "Burglary"
0 110 63 166 140 1538 1 0 1 "Burglary"
0 110 63 166 140 1539 1 0 1 "Burglary"
0 110 63 166 140 1540 1 0 1 "Burglary"
0 110 63 166 140 1541 1 0 1 "Burglary"
0 110 63 166 140 1542 1 0 1 "Burglary"
0 110 63 166 140 1543 1 0 1 "Burglary"
0 110 63 166 140 1544 1 0 1 "Burglary"
0 110 63 166 140 1545 1 0 1 "Burglary"
0 110 63 166 140 1546 1 0 1 "Burglary"
0 110 63 166 140 1547 1 0 1 "Burglary"
0 110 63 166 140 1548 1 0 1 "Burglary"
0 110 63 166 140 1549 1 0 1 "Burglary"
0 110 63 166 140 1550 1 0 1 "Burglary"
0 110 63 166 140 1551 1 0 1 "Burglary"
0 110 63 166 140 1552 1 0 1 "Burglary"
0 110 63 166 140 1553 1 0 1 "Burglary"
0 110 63 166 140 1554 1 0 1 "Burglary"
0 110 63 166 140 1555 1 0 1 "Burglary"
0 110 63 166 140 1556 1 0 1 "Burglary"
0 110 63 166 140 1557 1 0 1 "Burglary"
0 110 63 166 140 1558 1 0 1 "Burglary"
0 110 63 166 140 1559 1 0 1 "Burglary"
0 110 63 166 140 1560 1 0 1 "Burglary"
0 110 63 166 140 1561 1 0 1 "Burglary"
0 110 63 166 140 1562 1 0 1 "Burglary"
0 110 63 166 140 1563 1 0 1 "Burglary"
0 110 63 166 140 1564 1 0 1 "Burglary"
0 110 63 166 140 1565 1 0 1 "Burglary"
0 110 63 166 140 1566 1 0 1 "Burglary"
0 110 63 166 140 1567 1 0 1 "Burglary"
0 110 63 166 140 1568 1 0 1 "Burglary"
0 110 63 166 140 1569 1 0 1 "Burglary"
0 110 63 166 140 1570 1 0 1 "Burglary"
0 110 63 166 140 1571 1 0 1 "Burglary"
0 110 63 166 140 1572 1 0 1 "Burglary"
0 110 63 166 140 1573 1 0 1 "Burglary"
0 110 63 166 140 1574 1 0 1 "Burglary"
0 110 63 166 140 1575 1 0 1 "Burglary"
0 110 63 166 140 1576 1 0 1 "Burglary"
0 110 63 166 140 1577 1 0 1 "Burglary"
0 110 63 166 140 1578 1 0 1 "Burglary"
0 110 63 166 140 1579 1 0 1 "Burglary"
0 110 63 166 140 1580 1 0 1 "Burglary"
0 110 63 166 140 1581 1 0 1 "Burglary"
0 110 63 166 140 1582 1 0 1 "Burglary"
0 110 63 166 140 1583 1 0 1 "Burglary"
0 110 63 166 140 1584 1 0 1 "Burglary"
0 110 63 166 140 1585 1 0 1 "Burglary"
0 110 63 166 140 1586 1 0 1 "Burglary"
0 110 63 166 140 1587 1 0 0 "Burglary"
0 110 62 166 140 1588 1 0 1 "Burglary"
0 110 62 167 140 1589 1 0 1 "Burglary"
0 110 62 168 140 1590 1 0 1 "Burglary"
0 110 62 169 140 1591 1 0 1 "Burglary"
0 110 62 170 141 1592 1 0 1 "Burglary"
0 110 62 171 141 1593 1 0 1 "Burglary"
0 110 62 171 141 1594 1 0 1 "Burglary"
0 110 62 172 141 1595 1 0 1 "Burglary"
0 110 62 173 142 1596 1 0 1 "Burglary"
0 110 62 174 142 1597 1 0 1 "Burglary"
0 110 62 175 142 1598 1 0 1 "Burglary"
0 110 62 176 142 1599 1 0 1 "Burglary"
0 110 62 176 142 1600 1 0 1 "Burglary"
0 110 62 177 143 1601 1 0 1 "Burglary"
0 110 62 178 143 1602 1 0 1 "Burglary"
0 110 62 179 143 1603 1 0 1 "Burglary"
0 110 62 180 143 1604 1 0 1 "Burglary"
0 110 62 181 144 1605 1 0 1 "Burglary"
0 110 62 181 144 1606 1 0 1 "Burglary"
0 110 62 182 144 1607 1 0 1 "Burglary"
0 110 62 183 144 1608 1 0 1 "Burglary"
0 110 62 184 144 1609 1 0 1 "Burglary"
0 110 62 185 145 1610 1 0 1 "Burglary"
0 110 62 186 145 1611 1 0 1 "Burglary"
0 110 62 186 145 1612 1 0 1 "Burglary"
0 110 62 187 145 1613 1 0 1 "Burglary"
0 110 62 188 146 1614 1 0 1 "Burglary"
0 110 62 189 146 1615 1 0 1 "Burglary"
0 110 62 190 146 1616 1 0 1 "Burglary"
0 110 62 191 146 1617 1 0 1 "Burglary"
0 110 62 192 147 1618 1 0 1 "Burglary"
0 110 61 192 147 1619 1 0 1 "Burglary"
0 110 61 193 147 1620 1 0 1 "Burglary"
0 110 61 194 147 1621 1 0 1 "Burglary"
0 110 61 195 147 1622 1 0 1 "Burglary"
0 110 61 196 148 1623 1 0 1 "Burglary"
0 110 61 197 148 1624 1 0 1 "Burglary"
0 110 61 197 148 1625 1 0 1 "Burglary"
0 110 61 198 148 1626 1 0 1 "Burglary"
0 110 61 199 149 1627 1 0 1 "Burglary"
0 110 61 200 149 1628 1 0 1 "Burglary"
0 110 61 201 149 1629 1 0 1 "Burglary"
0 110 61 202 149 1630 1 0 1 "Burglary"
0 110 61 202 149 1631 1 0 1 "Burglary"
0 110 61 203 150 1632 1 0 1 "Burglary"
0 110 61 204 150 1633 1 0 1 "Burglary"
0 110 61 205 150 1634 1 0 1 "Burglary"
0 110 61 206 150 1635 1 0 1 "Burglary"
0 110 61 207 151 1636 1 0 1 "Burglary"
0 110 61 207 151 1637 1 0 1 "Burglary"
0 110 61 208 151 1638 1 0 1 "Burglary"
0 110 61 209 151 1639 1 0 1 "Burglary"
0 110 61 210 151 1640 1 0 1 "Burglary"
0 110 61 211 152 1641 1 0 1 "Burglary"
0 110 61 212 152 1642 1 0 1 "Burglary"
0 110 61 212 152 1643 1 0 1 "Burglary"
0 110 61 213 152 1644 1 0 1 "Burglary"
0 110 61 214 153 1645 1 0 1 "Burglary"
0 110 61 215 153 1646 1 0 1 "Burglary"
0 110 61 216 153 1647 1 0 1 "Burglary"
0 110 61 217 153 1648 1 0 1 "Burglary"
0 110 61 218 154 1649 1 0 0 "Burglary"
