0 123 19 164 92 0 1 0 0 "Burglary"
0 123 19 164 92 1 1 0 1 "Burglary"
0 123 19 164 92 2 1 0 1 "Burglary"
0 123 19 164 92 3 1 0 1 "Burglary"
0 123 19 164 92 4 1 0 1 "Burglary"
0 123 19 164 92 5 1 0 1 "Burglary"
0 123 19 164 92 6 1 0 1 "Burglary"
0 123 19 164 92 7 1 0 1 "Burglary"
0 123 19 164 92 8 1 0 1 "Burglary"
0 123 19 164 92 9 1 0 1 "Burglary"
0 123 19 164 92 10 1 0 1 "Burglary"
0 123 19 164 92 11 1 0 1 "Burglary"
0 123 19 164 92 12 1 0 1 "Burglary"
0 123 19 164 92 13 1 0 1 "Burglary"
0 123 19 164 92 14 1 0 1 "Burglary"
0 123 19 164 92 15 1 0 1 "Burglary"
0 123 19 164 92 16 1 0 1 "Burglary"
0 123 19 164 92 17 1 0 1 "Burglary"
0 123 19 164 92 18 1 0 1 "Burglary"
0 123 19 164 92 19 1 0 1 "Burglary"
0 123 19 164 92 20 1 0 1 "Burglary"
0 123 19 164 92 21 1 0 1 "Burglary"
0 123 19 164 92 22 1 0 1 "Burglary"
0 123 19 164 92 23 1 0 1 "Burglary"
0 123 19 164 92 24 1 0 1 "Burglary"
0 123 19 164 92 25 1 0 1 "Burglary"
0 123 19 164 92 26 1 0 1 "Burglary"
0 123 19 164 92 27 1 0 1 "Burglary"
0 123 19 164 92 28 1 0 1 "Burglary"
0 123 19 164 92 29 1 0 1 "Burglary"
0 123 19 164 92 30 1 0 1 "Burglary"
0 123 19 164 92 31 1 0 1 "Burglary"
0 123 19 164 92 32 1 0 1 "Burglary"
0 123 19 164 92 33 1 0 1 "Burglary"
0 123 19 164 92 34 1 0 1 "Burglary"
0 123 19 164 92 35 1 0 1 "Burglary"
0 123 19 164 92 36 1 0 1 "Burglary"
0 123 19 164 92 37 1 0 1 "Burglary"
0 123 19 164 92 38 1 0 1 "Burglary"
0 123 19 164 92 39 1 0 1 "Burglary"
0 123 19 164 92 40 1 0 1 "Burglary"
0 123 19 164 92 41 1 0 1 "Burglary"
0 123 19 164 92 42 1 0 1 "Burglary"
0 123 19 164 92 43 0 0 0 "Burglary"
0 120 19 164 92 44 0 0 1 "Burglary"
0 117 20 164 93 45 0 0 1 "Burglary"
0 115 21 165 93 46 0 0 1 "Burglary"
0 112 21 165 94 47 0 0 1 "Burglary"
0 109 22 165 94 48 0 0 1 "Burglary"
0 107 23 166 95 49 0 0 0 "Burglary"
0 105 23 164 96 50 0 0 1 "Burglary"
0 104 24 162 98 51 0 0 1 "Burglary"
0 102 25 161 99 52 0 0 1 "Burglary"
0 101 26 159 101 53 0 0 1 "Burglary"
0 99 27 158 102 54 0 0 1 "Burglary"
0 98 28 156 104 55 0 0 1 "Burglary"
0 96 29 155 106 56 0 0 1 "Burglary"
0 95 29 153 107 57 0 0 1 "Burglary"
0 93 30 151 109 58 0 0 1 "Burglary"
0 92 31 150 110 59 0 0 1 "Burglary"
0 90 32 148 112 60 0 0 1 "Burglary"
0 89 33 147 113 61 0 0 1 "Burglary"
0 87 34 145 115 62 0 0 1 "Burglary"
0 86 35 144 117 63 0 0 0 "Burglary"
0 84 36 143 117 64 0 0 1 "Burglary"
0 82 38 142 118 65 0 0 1 "Burglary"
0 80 39 141 119 66 0 0 1 "Burglary"
0 78 41 140 120 67 0 0 1 "Burglary"
0 76 42 139 120 68 0 0 1 "Burglary"
0 74 44 138 121 69 0 0 1 "Burglary"
0 72 45 137 122 70 0 0 1 "Burglary"
0 70 47 136 123 71 0 0 1 "Burglary"
0 68 48 135 123 72 0 0 1 "Burglary"
0 66 50 134 124 73 0 0 1 "Burglary"
0 64 51 134 125 74 0 0 1 "Burglary"
0 62 53 133 126 75 0 0 1 "Burglary"
0 60 54 132 127 76 0 0 1 "Burglary"
0 58 56 131 127 77 0 0 1 "Burglary"
0 56 57 130 128 78 0 0 1 "Burglary"
0 54 59 129 129 79 0 0 1 "Burglary"
0 52 60 128 130 80 0 0 1 "Burglary"
0 50 62 127 130 81 0 0 1 "Burglary"
0 48 63 126 131 82 0 0 1 "Burglary"
0 46 65 125 132 83 0 0 1 "Burglary"
0 44 66 124 133 84 0 0 1 "Burglary"
0 42 68 124 134 85 0 0 0 "Burglary"
0 41 68 123 134 86 0 0 1 "Burglary"
0 41 68 123 134 87 0 0 1 "Burglary"
0 41 68 123 134 88 0 0 1 "Burglary"
0 41 68 123 134 89 0 0 1 "Burglary"
0 41 68 123 134 90 0 0 1 "Burglary"
0 41 68 123 134 91 0 0 1 "Burglary"
0 41 68 123 134 92 0 0 1 "Burglary"
0 41 68 123 134 93 0 0 1 "Burglary"
0 40 68 122 134 94 0 0 1 "Burglary"
0 40 68 122 134 95 0 0 1 "Burglary"
0 40 68 122 134 96 0 0 1 "Burglary"
0 40 68 122 134 97 0 0 1 "Burglary"
0 40 68 122 134 98 0 0 1 "Burglary"
0 40 68 122 134 99 0 0 1 "Burglary"
0 40 68 122 134 100 0 0 1 "Burglary"
0 40 68 122 134 101 0 0 1 "Burglary"
0 40 68 122 134 102 0 0 1 "Burglary"
0 39 68 121 134 103 0 0 1 "Burglary"
0 39 68 121 134 104 0 0 1 "Burglary"
0 39 68 121 134 105 0 0 1 "Burglary"
0 39 68 121 134 106 0 0 1 "Burglary"
0 39 68 121 134 107 0 0 1 "Burglary"
0 39 68 121 134 108 0 0 1 "Burglary"
0 39 68 121 134 109 0 0 1 "Burglary"
0 39 68 121 134 110 0 0 1 "Burglary"
0 38 68 120 134 111 0 0 1 "Burglary"
0 38 68 120 134 112 0 0 1 "Burglary"
0 38 68 120 134 113 0 0 1 "Burglary"
0 38 68 120 134 114 0 0 1 "Burglary"
0 38 68 120 134 115 0 0 1 "Burglary"
0 38 68 120 134 116 0 0 1 "Burglary"
0 38 68 120 134 117 0 0 1 "Burglary"
0 38 68 120 134 118 0 0 1 "Burglary"
0 38 69 120 135 119 0 0 0 "Burglary"
0 37 69 119 135 120 0 0 1 "Burglary"
0 37 69 119 135 121 0 0 1 "Burglary"
0 37 69 118 135 122 0 0 1 "Burglary"
0 36 69 118 135 123 0 0 1 "Burglary"
0 36 69 117 135 124 0 0 1 "Burglary"
0 36 69 117 135 125 0 0 1 "Burglary"
0 36 69 116 135 126 0 0 1 "Burglary"
0 35 69 116 135 127 0 0 1 "Burglary"
0 35 69 115 135 128 0 0 1 "Burglary"
0 35 69 115 135 129 0 0 1 "Burglary"
0 34 69 114 135 130 0 0 1 "Burglary"
0 34 69 114 135 131 0 0 1 "Burglary"
0 34 70 113 135 132 0 0 1 "Burglary"
0 34 70 113 135 133 0 0 1 "Burglary"
0 33 70 112 135 134 0 0 1 "Burglary"
0 33 70 112 135 135 0 0 1 "Burglary"
0 33 70 111 135 136 0 0 1 "Burglary"
0 32 70 111 135 137 0 0 1 "Burglary"
0 32 70 110 135 138 0 0 1 "Burglary"
0 32 70 110 135 139 0 0 1 "Burglary"
0 32 70 109 135 140 0 0 1 "Burglary"
0 31 70 109 135 141 0 0 1 "Burglary"
0 31 70 108 135 142 0 0 1 "Burglary"
0 31 70 108 135 143 0 0 1 "Burglary"
0 31 71 108 135 144 0 0 0 "Burglary"
0 30 71 107 135 145 0 0 1 "Burglary"
0 30 71 107 135 146 0 0 1 "Burglary"
0 30 71 107 135 147 0 0 1 "Burglary"
0 30 71 107 135 148 0 0 1 "Burglary"
0 30 71 107 135 149 0 0 1 "Burglary"
0 30 71 107 135 150 0 0 1 "Burglary"
0 30 71 107 135 151 0 0 1 "Burglary"
0 30 71 107 135 152 0 0 1 "Burglary"
0 30 71 107 135 153 0 0 1 "Burglary"
0 30 71 107 135 154 0 0 1 "Burglary"
0 30 71 107 135 155 0 0 1 "Burglary"
0 30 71 107 135 156 0 0 1 "Burglary"
0 30 71 107 135 157 0 0 1 "Burglary"
0 30 71 107 135 158 0 0 1 "Burglary"
0 30 71 107 135 159 0 0 1 "Burglary"
0 30 71 107 135 160 0 0 1 "Burglary"
0 29 71 106 135 161 0 0 1 "Burglary"
0 29 71 106 135 162 0 0 1 "Burglary"
0 29 71 106 135 163 0 0 1 "Burglary"
0 29 71 106 135 164 0 0 1 "Burglary"
0 29 71 106 135 165 0 0 1 "Burglary"
0 29 71 106 135 166 0 0 1 "Burglary"
0 29 71 106 135 167 0 0 1 "Burglary"
0 29 71 106 135 168 0 0 1 "Burglary"
0 29 71 106 135 169 0 0 1 "Burglary"
0 29 71 106 135 170 0 0 1 "Burglary"
0 29 71 106 135 171 0 0 1 "Burglary"
0 29 71 106 135 172 0 0 1 "Burglary"
0 29 71 106 135 173 0 0 1 "Burglary"
0 29 71 106 135 174 0 0 1 "Burglary"
0 29 71 106 135 175 0 0 1 "Burglary"
0 29 71 106 135 176 0 0 1 "Burglary"
0 28 71 105 135 177 0 0 1 "Burglary"
0 28 71 105 135 178 0 0 1 "Burglary"
0 28 71 105 135 179 0 0 1 "Burglary"
0 28 71 105 135 180 0 0 1 "Burglary"
0 28 71 105 135 181 0 0 1 "Burglary"
0 28 71 105 135 182 0 0 1 "Burglary"
0 28 71 105 135 183 0 0 1 "Burglary"
0 28 71 105 135 184 0 0 1 "Burglary"
0 28 71 105 135 185 0 0 1 "Burglary"
0 28 71 105 135 186 0 0 1 "Burglary"
0 28 71 105 135 187 0 0 1 "Burglary"
0 28 71 105 135 188 0 0 1 "Burglary"
0 28 71 105 135 189 0 0 1 "Burglary"
0 28 71 105 135 190 0 0 1 "Burglary"
0 28 71 105 135 191 0 0 1 "Burglary"
0 28 71 105 135 192 0 0 1 "Burglary"
0 27 71 104 135 193 0 0 1 "Burglary"
0 27 71 104 135 194 0 0 1 "Burglary"
0 27 71 104 135 195 0 0 1 "Burglary"
0 27 71 104 135 196 0 0 1 "Burglary"
0 27 71 104 135 197 0 0 1 "Burglary"
0 27 71 104 135 198 0 0 1 "Burglary"
0 27 71 104 135 199 0 0 1 "Burglary"
0 27 71 104 135 200 0 0 1 "Burglary"
0 27 71 104 135 201 0 0 1 "Burglary"
0 27 71 104 135 202 0 0 1 "Burglary"
0 27 71 104 135 203 0 0 1 "Burglary"
0 27 71 104 135 204 0 0 1 "Burglary"
0 27 71 104 135 205 0 0 1 "Burglary"
0 27 71 104 135 206 0 0 1 "Burglary"
0 27 71 104 135 207 0 0 1 "Burglary"
0 27 71 104 135 208 0 0 0 "Burglary"
0 27 71 104 135 209 0 0 1 "Burglary"
0 27 71 104 135 210 0 0 1 "Burglary"
0 27 71 104 135 211 0 0 1 "Burglary"
0 27 71 104 135 212 0 0 1 "Burglary"
0 27 71 104 135 213 0 0 1 "Burglary"
0 27 71 104 135 214 0 0 1 "Burglary"
0 27 71 104 135 215 0 0 1 "Burglary"
0 27 71 104 135 216 0 0 1 "Burglary"
0 27 71 104 135 217 0 0 1 "Burglary"
0 27 71 104 135 218 0 0 1 "Burglary"
0 27 71 104 135 219 0 0 1 "Burglary"
0 27 71 104 135 220 0 0 1 "Burglary"
0 27 71 104 135 221 0 0 1 "Burglary"
0 27 71 104 135 222 0 0 1 "Burglary"
0 27 71 104 135 223 0 0 1 "Burglary"
0 27 71 104 135 224 0 0 1 "Burglary"
0 27 71 104 135 225 0 0 1 "Burglary"
0 27 71 104 135 226 0 0 1 "Burglary"
0 27 71 104 135 227 0 0 1 "Burglary"
0 27 71 104 135 228 0 0 1 "Burglary"
0 27 71 104 135 229 0 0 1 "Burglary"
0 27 71 104 135 230 0 0 1 "Burglary"
0 27 71 104 135 231 0 0 1 "Burglary"
0 27 71 104 135 232 0 0 1 "Burglary"
0 27 71 104 135 233 0 0 1 "Burglary"
0 27 71 104 135 234 0 0 1 "Burglary"
0 27 71 104 135 235 0 0 1 "Burglary"
0 27 71 104 135 236 0 0 1 "Burglary"
0 27 71 104 135 237 0 0 1 "Burglary"
0 27 71 104 135 238 0 0 1 "Burglary"
0 27 71 104 135 239 0 0 1 "Burglary"
0 27 71 104 135 240 0 0 1 "Burglary"
0 27 71 104 135 241 0 0 1 "Burglary"
0 27 71 104 135 242 0 0 1 "Burglary"
0 27 71 104 135 243 0 0 1 "Burglary"
0 27 71 104 135 244 0 0 1 "Burglary"
0 27 71 104 135 245 0 0 1 "Burglary"
0 27 71 104 135 246 0 0 1 "Burglary"
0 27 71 104 135 247 0 0 1 "Burglary"
0 28 71 105 135 248 0 0 0 "Burglary"
0 28 70 104 134 249 0 0 1 "Burglary"
0 28 70 104 134 250 0 0 1 "Burglary"
0 28 70 103 134 251 0 0 1 "Burglary"
0 28 70 103 133 252 0 0 1 "Burglary"
0 28 70 102 133 253 0 0 1 "Burglary"
0 28 69 102 133 254 0 0 1 "Burglary"
0 28 69 101 132 255 0 0 1 "Burglary"
0 28 69 101 132 256 0 0 1 "Burglary"
0 28 69 100 132 257 0 0 1 "Burglary"
0 29 69 100 132 258 0 0 0 "Burglary"
0 29 69 100 132 259 0 0 1 "Burglary"
0 29 69 100 132 260 0 0 1 "Burglary"
0 29 69 100 132 261 0 0 1 "Burglary"
0 29 69 100 132 262 0 0 1 "Burglary"
0 29 70 100 133 263 0 0 1 "Burglary"
0 29 70 100 133 264 0 0 1 "Burglary"
0 29 70 100 133 265 0 0 1 "Burglary"
0 29 70 100 133 266 0 0 1 "Burglary"
0 29 70 100 133 267 0 0 1 "Burglary"
0 30 71 101 134 268 0 0 0 "Burglary"
0 29 71 100 134 269 0 0 1 "Burglary"
0 29 71 100 134 270 0 0 1 "Burglary"
0 29 71 100 134 271 0 0 1 "Burglary"
0 29 71 100 134 272 0 0 1 "Burglary"
0 29 71 100 134 273 0 0 1 "Burglary"
0 29 71 100 134 274 0 0 1 "Burglary"
0 29 71 100 134 275 0 0 1 "Burglary"
0 29 71 100 134 276 0 0 1 "Burglary"
0 29 71 100 134 277 0 0 1 "Burglary"
0 29 72 100 135 278 0 0 0 "Burglary"
0 29 71 100 134 279 0 0 1 "Burglary"
0 29 71 100 134 280 0 0 1 "Burglary"
0 29 71 100 134 281 0 0 1 "Burglary"
0 29 71 100 134 282 0 0 1 "Burglary"
0 29 71 100 134 283 0 0 1 "Burglary"
0 29 71 100 134 284 0 0 1 "Burglary"
0 29 71 100 134 285 0 0 1 "Burglary"
0 29 71 100 134 286 0 0 1 "Burglary"
0 29 71 100 134 287 0 0 1 "Burglary"
0 29 71 100 134 288 0 0 1 "Burglary"
0 29 71 100 134 289 0 0 1 "Burglary"
0 29 71 100 134 290 0 0 1 "Burglary"
0 29 71 100 134 291 0 0 1 "Burglary"
0 29 71 100 134 292 0 0 1 "Burglary"
0 29 71 100 134 293 0 0 1 "Burglary"
0 29 71 100 134 294 0 0 1 "Burglary"
0 29 71 100 134 295 0 0 1 "Burglary"
0 29 71 100 134 296 0 0 1 "Burglary"
0 29 71 100 134 297 0 0 1 "Burglary"
0 29 71 100 134 298 0 0 1 "Burglary"
0 29 71 100 134 299 0 0 1 "Burglary"
0 29 71 100 134 300 0 0 1 "Burglary"
0 29 71 100 134 301 0 0 1 "Burglary"
0 29 71 100 134 302 0 0 1 "Burglary"
0 29 71 100 134 303 0 0 1 "Burglary"
0 29 71 100 134 304 0 0 1 "Burglary"
0 29 71 100 134 305 0 0 1 "Burglary"
0 29 71 100 134 306 0 0 1 "Burglary"
0 29 71 100 134 307 0 0 1 "Burglary"
0 29 71 100 134 308 0 0 1 "Burglary"
0 29 71 100 134 309 0 0 1 "Burglary"
0 29 71 100 134 310 0 0 1 "Burglary"
0 29 71 100 134 311 0 0 1 "Burglary"
0 29 71 100 134 312 0 0 1 "Burglary"
0 29 71 100 134 313 0 0 1 "Burglary"
0 29 71 100 134 314 0 0 1 "Burglary"
0 29 71 100 134 315 0 0 1 "Burglary"
0 29 71 100 134 316 0 0 1 "Burglary"
0 29 71 100 134 317 0 0 1 "Burglary"
0 29 71 100 134 318 0 0 1 "Burglary"
0 29 71 100 134 319 0 0 1 "Burglary"
0 29 71 100 134 320 0 0 1 "Burglary"
0 29 71 100 134 321 0 0 1 "Burglary"
0 29 71 100 134 322 0 0 1 "Burglary"
0 29 71 100 134 323 0 0 1 "Burglary"
0 29 71 100 134 324 0 0 1 "Burglary"
0 29 71 100 134 325 0 0 1 "Burglary"
0 29 71 100 134 326 0 0 1 "Burglary"
0 29 71 100 134 327 0 0 1 "Burglary"
0 29 71 100 134 328 0 0 1 "Burglary"
0 29 71 100 134 329 0 0 1 "Burglary"
0 105 23 164 96 50 0 0 1 "Burglary"
0 104 24 162 98 51 0 0 1 "Burglary"
0 102 25 161 99 52 0 0 1 "Burglary"
0 101 26 159 101 53 0 0 1 "Burglary"
0 99 27 158 102 54 0 0 1 "Burglary"
0 98 28 156 104 55 0 0 1 "Burglary"
0 96 29 155 106 56 0 0 1 "Burglary"
0 95 29 153 107 57 0 0 1 "Burglary"
0 93 30 151 109 58 0 0 1 "Burglary"
0 92 31 150 110 59 0 0 1 "Burglary"
0 90 32 148 112 60 0 0 1 "Burglary"
0 89 33 147 113 61 0 0 1 "Burglary"
0 87 34 145 115 62 0 0 1 "Burglary"
0 86 35 144 117 63 0 0 0 "Burglary"
0 84 36 143 117 64 0 0 1 "Burglary"
0 82 38 142 118 65 0 0 1 "Burglary"
0 80 39 141 119 66 0 0 1 "Burglary"
0 78 41 140 120 67 0 0 1 "Burglary"
0 76 42 139 120 68 0 0 1 "Burglary"
0 74 44 138 121 69 0 0 1 "Burglary"
0 72 45 137 122 70 0 0 1 "Burglary"
0 70 47 136 123 71 0 0 1 "Burglary"
0 68 48 135 123 72 0 0 1 "Burglary"
0 66 50 134 124 73 0 0 1 "Burglary"
0 64 51 134 125 74 0 0 1 "Burglary"
0 62 53 133 126 75 0 0 1 "Burglary"
0 60 54 132 127 76 0 0 1 "Burglary"
0 58 56 131 127 77 0 0 1 "Burglary"
0 56 57 130 128 78 0 0 1 "Burglary"
0 54 59 129 129 79 0 0 1 "Burglary"
0 52 60 128 130 80 0 0 1 "Burglary"
0 50 62 127 130 81 0 0 1 "Burglary"
0 48 63 126 131 82 0 0 1 "Burglary"
0 46 65 125 132 83 0 0 1 "Burglary"
0 44 66 124 133 84 0 0 1 "Burglary"
0 42 68 124 134 85 0 0 0 "Burglary"
0 41 68 123 134 86 0 0 1 "Burglary"
0 41 68 123 134 87 0 0 1 "Burglary"
0 41 68 123 134 88 0 0 1 "Burglary"
0 41 68 123 134 89 0 0 1 "Burglary"
0 41 68 123 134 90 0 0 1 "Burglary"
0 41 68 123 134 91 0 0 1 "Burglary"
0 41 68 123 134 92 0 0 1 "Burglary"
0 41 68 123 134 93 0 0 1 "Burglary"
0 40 68 122 134 94 0 0 1 "Burglary"
0 40 68 122 134 95 0 0 1 "Burglary"
0 40 68 122 134 96 0 0 1 "Burglary"
0 40 68 122 134 97 0 0 1 "Burglary"
0 40 68 122 134 98 0 0 1 "Burglary"
0 40 68 122 134 99 0 0 1 "Burglary"
0 40 68 122 134 100 0 0 1 "Burglary"
0 40 68 122 134 101 0 0 1 "Burglary"
0 40 68 122 134 102 0 0 1 "Burglary"
0 39 68 121 134 103 0 0 1 "Burglary"
0 39 68 121 134 104 0 0 1 "Burglary"
0 39 68 121 134 105 0 0 1 "Burglary"
0 39 68 121 134 106 0 0 1 "Burglary"
0 39 68 121 134 107 0 0 1 "Burglary"
0 39 68 121 134 108 0 0 1 "Burglary"
0 39 68 121 134 109 0 0 1 "Burglary"
0 39 68 121 134 110 0 0 1 "Burglary"
0 38 68 120 134 111 0 0 1 "Burglary"
0 38 68 120 134 112 0 0 1 "Burglary"
0 38 68 120 134 113 0 0 1 "Burglary"
0 38 68 120 134 114 0 0 1 "Burglary"
0 38 68 120 134 115 0 0 1 "Burglary"
0 38 68 120 134 116 0 0 1 "Burglary"
0 38 68 120 134 117 0 0 1 "Burglary"
0 38 68 120 134 118 0 0 1 "Burglary"
0 38 69 120 135 119 0 0 0 "Burglary"
0 37 69 119 135 120 0 0 1 "Burglary"
0 37 69 119 135 121 0 0 1 "Burglary"
0 37 69 118 135 122 0 0 1 "Burglary"
0 36 69 118 135 123 0 0 1 "Burglary"
0 36 69 117 135 124 0 0 1 "Burglary"
0 36 69 117 135 125 0 0 1 "Burglary"
0 36 69 116 135 126 0 0 1 "Burglary"
0 35 69 116 135 127 0 0 1 "Burglary"
0 35 69 115 135 128 0 0 1 "Burglary"
0 35 69 115 135 129 0 0 1 "Burglary"
0 34 69 114 135 130 0 0 1 "Burglary"
0 34 69 114 135 131 0 0 1 "Burglary"
0 34 70 113 135 132 0 0 1 "Burglary"
0 34 70 113 135 133 0 0 1 "Burglary"
0 33 70 112 135 134 0 0 1 "Burglary"
0 33 70 112 135 135 0 0 1 "Burglary"
0 33 70 111 135 136 0 0 1 "Burglary"
0 32 70 111 135 137 0 0 1 "Burglary"
0 32 70 110 135 138 0 0 1 "Burglary"
0 32 70 110 135 139 0 0 1 "Burglary"
0 32 70 109 135 140 0 0 1 "Burglary"
0 31 70 109 135 141 0 0 1 "Burglary"
0 31 70 108 135 142 0 0 1 "Burglary"
0 31 70 108 135 143 0 0 1 "Burglary"
0 31 71 108 135 144 0 0 0 "Burglary"
0 30 71 107 135 145 0 0 1 "Burglary"
0 30 71 107 135 146 0 0 1 "Burglary"
0 30 71 107 135 147 0 0 1 "Burglary"
0 30 71 107 135 148 0 0 1 "Burglary"
0 30 71 107 135 149 0 0 1 "Burglary"
0 30 71 107 135 150 0 0 1 "Burglary"
0 30 71 107 135 151 0 0 1 "Burglary"
0 30 71 107 135 152 0 0 1 "Burglary"
0 30 71 107 135 153 0 0 1 "Burglary"
0 30 71 107 135 154 0 0 1 "Burglary"
0 30 71 107 135 155 0 0 1 "Burglary"
0 30 71 107 135 156 0 0 1 "Burglary"
0 30 71 107 135 157 0 0 1 "Burglary"
0 30 71 107 135 158 0 0 1 "Burglary"
0 30 71 107 135 159 0 0 1 "Burglary"
0 30 71 107 135 160 0 0 1 "Burglary"
0 29 71 106 135 161 0 0 1 "Burglary"
0 29 71 106 135 162 0 0 1 "Burglary"
0 29 71 106 135 163 0 0 1 "Burglary"
0 29 71 106 135 164 0 0 1 "Burglary"
0 29 71 106 135 165 0 0 1 "Burglary"
0 29 71 106 135 166 0 0 1 "Burglary"
0 29 71 106 135 167 0 0 1 "Burglary"
0 29 71 106 135 168 0 0 1 "Burglary"
0 29 71 106 135 169 0 0 1 "Burglary"
0 29 71 106 135 170 0 0 1 "Burglary"
0 29 71 106 135 171 0 0 1 "Burglary"
0 29 71 106 135 172 0 0 1 "Burglary"
0 29 71 106 135 173 0 0 1 "Burglary"
0 29 71 106 135 174 0 0 1 "Burglary"
0 29 71 106 135 175 0 0 1 "Burglary"
0 29 71 106 135 176 0 0 1 "Burglary"
0 28 71 105 135 177 0 0 1 "Burglary"
0 28 71 105 135 178 0 0 1 "Burglary"
0 28 71 105 135 179 0 0 1 "Burglary"
0 28 71 105 135 180 0 0 1 "Burglary"
0 28 71 105 135 181 0 0 1 "Burglary"
0 28 71 105 135 182 0 0 1 "Burglary"
0 28 71 105 135 183 0 0 1 "Burglary"
0 28 71 105 135 184 0 0 1 "Burglary"
0 28 71 105 135 185 0 0 1 "Burglary"
0 28 71 105 135 186 0 0 1 "Burglary"
0 28 71 105 135 187 0 0 1 "Burglary"
0 28 71 105 135 188 0 0 1 "Burglary"
0 28 71 105 135 189 0 0 1 "Burglary"
0 28 71 105 135 190 0 0 1 "Burglary"
0 28 71 105 135 191 0 0 1 "Burglary"
0 28 71 105 135 192 0 0 1 "Burglary"
0 27 71 104 135 193 0 0 1 "Burglary"
0 27 71 104 135 194 0 0 1 "Burglary"
0 27 71 104 135 195 0 0 1 "Burglary"
0 27 71 104 135 196 0 0 1 "Burglary"
0 27 71 104 135 197 0 0 1 "Burglary"
0 27 71 104 135 198 0 0 1 "Burglary"
0 27 71 104 135 199 0 0 1 "Burglary"
0 27 71 104 135 200 0 0 1 "Burglary"
0 27 71 104 135 201 0 0 1 "Burglary"
0 27 71 104 135 202 0 0 1 "Burglary"
0 27 71 104 135 203 0 0 1 "Burglary"
0 27 71 104 135 204 0 0 1 "Burglary"
0 27 71 104 135 205 0 0 1 "Burglary"
0 27 71 104 135 206 0 0 1 "Burglary"
0 27 71 104 135 207 0 0 1 "Burglary"
0 27 71 104 135 208 0 0 0 "Burglary"
0 27 71 104 135 209 0 0 1 "Burglary"
0 27 71 104 135 210 0 0 1 "Burglary"
0 27 71 104 135 211 0 0 1 "Burglary"
0 27 71 104 135 212 0 0 1 "Burglary"
0 27 71 104 135 213 0 0 1 "Burglary"
0 27 71 104 135 214 0 0 1 "Burglary"
0 27 71 104 135 215 0 0 1 "Burglary"
0 27 71 104 135 216 0 0 1 "Burglary"
0 27 71 104 135 217 0 0 1 "Burglary"
0 27 71 104 135 218 0 0 1 "Burglary"
0 27 71 104 135 219 0 0 1 "Burglary"
0 27 71 104 135 220 0 0 1 "Burglary"
0 27 71 104 135 221 0 0 1 "Burglary"
0 27 71 104 135 222 0 0 1 "Burglary"
0 27 71 104 135 223 0 0 1 "Burglary"
0 27 71 104 135 224 0 0 1 "Burglary"
0 27 71 104 135 225 0 0 1 "Burglary"
0 27 71 104 135 226 0 0 1 "Burglary"
0 27 71 104 135 227 0 0 1 "Burglary"
0 27 71 104 135 228 0 0 1 "Burglary"
0 27 71 104 135 229 0 0 1 "Burglary"
0 27 71 104 135 230 0 0 1 "Burglary"
0 27 71 104 135 231 0 0 1 "Burglary"
0 27 71 104 135 232 0 0 1 "Burglary"
0 27 71 104 135 233 0 0 1 "Burglary"
0 27 71 104 135 234 0 0 1 "Burglary"
0 27 71 104 135 235 0 0 1 "Burglary"
0 27 71 104 135 236 0 0 1 "Burglary"
0 27 71 104 135 237 0 0 1 "Burglary"
0 27 71 104 135 238 0 0 1 "Burglary"
0 27 71 104 135 239 0 0 1 "Burglary"
0 27 71 104 135 240 0 0 1 "Burglary"
0 27 71 104 135 241 0 0 1 "Burglary"
0 27 71 104 135 242 0 0 1 "Burglary"
0 27 71 104 135 243 0 0 1 "Burglary"
0 27 71 104 135 244 0 0 1 "Burglary"
0 27 71 104 135 245 0 0 1 "Burglary"
0 27 71 104 135 246 0 0 1 "Burglary"
0 27 71 104 135 247 0 0 1 "Burglary"
0 28 71 105 135 248 0 0 0 "Burglary"
0 28 70 104 134 249 0 0 1 "Burglary"
0 28 70 104 134 250 0 0 1 "Burglary"
0 28 70 103 134 251 0 0 1 "Burglary"
0 28 70 103 133 252 0 0 1 "Burglary"
0 28 70 102 133 253 0 0 1 "Burglary"
0 28 69 102 133 254 0 0 1 "Burglary"
0 28 69 101 132 255 0 0 1 "Burglary"
0 28 69 101 132 256 0 0 1 "Burglary"
0 28 69 100 132 257 0 0 1 "Burglary"
0 29 69 100 132 258 0 0 0 "Burglary"
0 29 69 100 132 259 0 0 1 "Burglary"
0 29 69 100 132 260 0 0 1 "Burglary"
0 29 69 100 132 261 0 0 1 "Burglary"
0 29 69 100 132 262 0 0 1 "Burglary"
0 29 70 100 133 263 0 0 1 "Burglary"
0 29 70 100 133 264 0 0 1 "Burglary"
0 29 70 100 133 265 0 0 1 "Burglary"
0 29 70 100 133 266 0 0 1 "Burglary"
0 29 70 100 133 267 0 0 1 "Burglary"
0 30 71 101 134 268 0 0 0 "Burglary"
0 29 71 100 134 269 0 0 1 "Burglary"
0 29 71 100 134 270 0 0 1 "Burglary"
0 29 71 100 134 271 0 0 1 "Burglary"
0 29 71 100 134 272 0 0 1 "Burglary"
0 29 71 100 134 273 0 0 1 "Burglary"
0 29 71 100 134 274 0 0 1 "Burglary"
0 29 71 100 134 275 0 0 1 "Burglary"
0 29 71 100 134 276 0 0 1 "Burglary"
0 29 71 100 134 277 0 0 1 "Burglary"
0 29 72 100 135 278 0 0 0 "Burglary"
0 29 71 100 134 279 0 0 1 "Burglary"
0 29 71 100 134 280 0 0 1 "Burglary"
0 29 71 100 134 281 0 0 1 "Burglary"
0 29 71 100 134 282 0 0 1 "Burglary"
0 29 71 100 134 283 0 0 1 "Burglary"
0 29 71 100 134 284 0 0 1 "Burglary"
0 29 71 100 134 285 0 0 1 "Burglary"
0 29 71 100 134 286 0 0 1 "Burglary"
0 29 71 100 134 287 0 0 1 "Burglary"
0 29 71 100 134 288 0 0 1 "Burglary"
0 29 71 100 134 289 0 0 1 "Burglary"
0 29 71 100 134 290 0 0 1 "Burglary"
0 29 71 100 134 291 0 0 1 "Burglary"
0 29 71 100 134 292 0 0 1 "Burglary"
0 29 71 100 134 293 0 0 1 "Burglary"
0 29 71 100 134 294 0 0 1 "Burglary"
0 29 71 100 134 295 0 0 1 "Burglary"
0 29 71 100 134 296 0 0 1 "Burglary"
0 29 71 100 134 297 0 0 1 "Burglary"
0 29 71 100 134 298 0 0 1 "Burglary"
0 29 71 100 134 299 0 0 1 "Burglary"
0 29 71 100 134 300 0 0 1 "Burglary"
0 29 71 100 134 301 0 0 1 "Burglary"
0 29 71 100 134 302 0 0 1 "Burglary"
0 29 71 100 134 303 0 0 1 "Burglary"
0 29 71 100 134 304 0 0 1 "Burglary"
0 29 71 100 134 305 0 0 1 "Burglary"
0 29 71 100 134 306 0 0 1 "Burglary"
0 29 71 100 134 307 0 0 1 "Burglary"
0 29 71 100 134 308 0 0 1 "Burglary"
0 29 71 100 134 309 0 0 1 "Burglary"
0 29 71 100 134 310 0 0 1 "Burglary"
0 29 71 100 134 311 0 0 1 "Burglary"
0 29 71 100 134 312 0 0 1 "Burglary"
0 29 71 100 134 313 0 0 1 "Burglary"
0 29 71 100 134 314 0 0 1 "Burglary"
0 29 71 100 134 315 0 0 1 "Burglary"
0 29 71 100 134 316 0 0 1 "Burglary"
0 29 71 100 134 317 0 0 1 "Burglary"
0 29 71 100 134 318 0 0 1 "Burglary"
0 29 71 100 134 319 0 0 1 "Burglary"
0 29 71 100 134 320 0 0 1 "Burglary"
0 29 71 100 134 321 0 0 1 "Burglary"
0 29 71 100 134 322 0 0 1 "Burglary"
0 29 71 100 134 323 0 0 1 "Burglary"
0 29 71 100 134 324 0 0 1 "Burglary"
0 29 71 100 134 325 0 0 1 "Burglary"
0 29 71 100 134 326 0 0 1 "Burglary"
0 29 71 100 134 327 0 0 1 "Burglary"
0 29 71 100 134 328 0 0 1 "Burglary"
0 29 71 100 134 329 0 0 1 "Burglary"
0 29 71 100 134 330 0 0 1 "Burglary"
0 29 71 100 134 331 0 0 1 "Burglary"
0 29 71 100 134 332 0 0 1 "Burglary"
0 29 71 100 134 333 0 0 1 "Burglary"
0 29 71 100 134 334 0 0 1 "Burglary"
0 29 71 100 134 335 0 0 1 "Burglary"
0 29 71 100 134 336 0 0 1 "Burglary"
0 29 71 100 134 337 0 0 1 "Burglary"
0 29 71 100 134 338 0 0 1 "Burglary"
0 29 71 100 134 339 0 0 1 "Burglary"
0 29 71 100 134 340 0 0 1 "Burglary"
0 29 71 100 134 341 0 0 1 "Burglary"
0 29 71 100 134 342 0 0 1 "Burglary"
0 29 71 100 134 343 0 0 1 "Burglary"
0 29 71 100 134 344 0 0 1 "Burglary"
0 29 71 100 134 345 0 0 1 "Burglary"
0 29 71 100 134 346 0 0 1 "Burglary"
0 29 71 100 134 347 0 0 1 "Burglary"
0 29 71 100 134 348 0 0 1 "Burglary"
0 29 71 100 134 349 0 0 1 "Burglary"
0 29 71 100 134 350 0 0 1 "Burglary"
0 29 71 100 134 351 0 0 1 "Burglary"
0 29 71 100 134 352 0 0 1 "Burglary"
0 29 71 100 134 353 0 0 1 "Burglary"
0 29 71 100 134 354 0 0 1 "Burglary"
0 29 71 100 134 355 0 0 1 "Burglary"
0 29 71 100 134 356 0 0 1 "Burglary"
0 29 71 100 134 357 0 0 1 "Burglary"
0 29 71 100 134 358 0 0 1 "Burglary"
0 29 71 100 134 359 0 0 1 "Burglary"
0 29 71 100 134 360 0 0 1 "Burglary"
0 29 71 100 134 361 0 0 1 "Burglary"
0 29 71 100 134 362 0 0 1 "Burglary"
0 29 71 100 134 363 0 0 1 "Burglary"
0 29 71 100 134 364 0 0 1 "Burglary"
0 29 71 100 134 365 0 0 1 "Burglary"
0 29 71 100 134 366 0 0 1 "Burglary"
0 29 71 100 134 367 0 0 1 "Burglary"
0 29 71 100 134 368 0 0 1 "Burglary"
0 29 71 100 134 369 0 0 1 "Burglary"
0 29 71 100 134 370 0 0 1 "Burglary"
0 29 71 100 134 371 0 0 1 "Burglary"
0 29 71 100 134 372 0 0 1 "Burglary"
0 29 71 100 134 373 0 0 1 "Burglary"
0 29 71 100 134 374 0 0 1 "Burglary"
0 29 71 100 134 375 0 0 1 "Burglary"
0 29 71 100 134 376 0 0 1 "Burglary"
0 29 71 100 134 377 0 0 1 "Burglary"
0 29 71 100 134 378 0 0 1 "Burglary"
0 29 71 100 134 379 0 0 1 "Burglary"
0 29 71 100 134 380 0 0 1 "Burglary"
0 29 71 100 134 381 0 0 1 "Burglary"
0 29 71 100 134 382 0 0 1 "Burglary"
0 29 71 100 134 383 0 0 1 "Burglary"
0 29 71 100 134 384 0 0 1 "Burglary"
0 29 71 100 134 385 0 0 1 "Burglary"
0 29 71 100 134 386 0 0 1 "Burglary"
0 29 71 100 134 387 0 0 1 "Burglary"
0 29 71 100 134 388 0 0 1 "Burglary"
0 29 71 100 134 389 0 0 1 "Burglary"
0 29 71 100 134 390 0 0 1 "Burglary"
0 29 71 100 134 391 0 0 1 "Burglary"
0 29 71 100 134 392 0 0 1 "Burglary"
0 29 71 100 134 393 0 0 1 "Burglary"
0 29 71 100 134 394 0 0 1 "Burglary"
0 29 71 100 134 395 0 0 1 "Burglary"
0 29 71 100 134 396 0 0 1 "Burglary"
0 29 71 100 134 397 0 0 1 "Burglary"
0 29 71 100 134 398 0 0 1 "Burglary"
0 29 71 100 134 399 0 0 1 "Burglary"
0 29 71 100 134 400 0 0 1 "Burglary"
0 29 71 100 134 401 0 0 1 "Burglary"
0 29 71 100 134 402 0 0 1 "Burglary"
0 29 71 100 134 403 0 0 1 "Burglary"
0 29 71 100 134 404 0 0 1 "Burglary"
0 29 71 100 134 405 0 0 1 "Burglary"
0 29 71 100 134 406 0 0 1 "Burglary"
0 29 71 100 134 407 0 0 1 "Burglary"
0 30 71 101 134 408 0 0 0 "Burglary"
0 30 70 101 133 409 0 0 1 "Burglary"
0 31 70 101 133 410 0 0 1 "Burglary"
0 31 70 102 133 411 0 0 1 "Burglary"
0 32 70 102 133 412 0 0 1 "Burglary"
0 32 70 103 133 413 0 0 1 "Burglary"
0 33 69 103 133 414 0 0 1 "Burglary"
0 33 69 104 133 415 0 0 1 "Burglary"
0 34 69 104 133 416 0 0 1 "Burglary"
0 34 69 105 133 417 0 0 1 "Burglary"
0 35 69 105 133 418 0 0 1 "Burglary"
0 35 68 106 133 419 0 0 1 "Burglary"
0 36 68 106 133 420 0 0 1 "Burglary"
0 36 68 107 133 421 0 0 1 "Burglary"
0 37 68 107 133 422 0 0 1 "Burglary"
0 38 68 108 133 423 0 0 1 "Burglary"
0 38 67 108 132 424 0 0 1 "Burglary"
0 39 67 108 132 425 0 0 1 "Burglary"
0 39 67 109 132 426 0 0 1 "Burglary"
0 40 67 109 132 427 0 0 1 "Burglary"
0 40 67 110 132 428 0 0 1 "Burglary"
0 41 66 110 132 429 0 0 1 "Burglary"
0 41 66 111 132 430 0 0 1 "Burglary"
0 42 66 111 132 431 0 0 1 "Burglary"
0 42 66 112 132 432 0 0 1 "Burglary"
0 43 66 112 132 433 0 0 1 "Burglary"
0 43 65 113 132 434 0 0 1 "Burglary"
0 44 65 113 132 435 0 0 1 "Burglary"
0 44 65 114 132 436 0 0 1 "Burglary"
0 45 65 114 132 437 0 0 1 "Burglary"
0 46 65 115 132 438 0 0 0 "Burglary"
0 46 64 115 131 439 0 0 1 "Burglary"
0 47 64 116 131 440 0 0 1 "Burglary"
0 48 64 117 131 441 0 0 1 "Burglary"
0 49 64 118 131 442 0 0 1 "Burglary"
0 50 64 119 131 443 0 0 1 "Burglary"
0 50 64 119 131 444 0 0 1 "Burglary"
0 51 64 120 131 445 0 0 1 "Burglary"
0 52 64 121 131 446 0 0 1 "Burglary"
0 53 64 122 131 447 0 0 1 "Burglary"
0 54 64 123 131 448 0 0 0 "Burglary"
0 54 64 123 131 449 0 0 1 "Burglary"
0 54 64 123 131 450 0 0 1 "Burglary"
0 54 64 123 131 451 0 0 1 "Burglary"
0 54 64 123 131 452 0 0 1 "Burglary"
0 54 65 123 132 453 0 0 1 "Burglary"
0 54 65 123 132 454 0 0 1 "Burglary"
0 54 65 123 132 455 0 0 1 "Burglary"
0 54 65 123 132 456 0 0 1 "Burglary"
0 54 65 123 132 457 0 0 1 "Burglary"
0 54 66 123 133 458 0 0 0 "Burglary"
0 54 65 123 132 459 0 0 1 "Burglary"
0 54 65 123 132 460 0 0 1 "Burglary"
0 54 65 123 132 461 0 0 1 "Burglary"
0 54 65 123 132 462 0 0 1 "Burglary"
0 54 65 123 132 463 0 0 1 "Burglary"
0 54 65 123 132 464 0 0 1 "Burglary"
0 54 65 123 132 465 0 0 1 "Burglary"
0 54 65 123 132 466 0 0 1 "Burglary"
0 54 65 123 132 467 0 0 1 "Burglary"
0 54 65 123 132 468 0 0 1 "Burglary"
0 54 65 123 132 469 0 0 1 "Burglary"
0 54 65 123 132 470 0 0 1 "Burglary"
0 54 65 123 132 471 0 0 1 "Burglary"
0 54 65 123 132 472 0 0 1 "Burglary"
0 54 65 123 132 473 0 0 1 "Burglary"
0 54 65 123 132 474 0 0 1 "Burglary"
0 54 65 123 132 475 0 0 1 "Burglary"
0 54 65 123 132 476 0 0 1 "Burglary"
0 54 65 123 132 477 0 0 1 "Burglary"
0 54 65 123 132 478 0 0 1 "Burglary"
0 54 65 123 132 479 0 0 1 "Burglary"
0 54 65 123 132 480 0 0 1 "Burglary"
0 54 65 123 132 481 0 0 1 "Burglary"
0 54 65 123 132 482 0 0 1 "Burglary"
0 54 65 123 132 483 0 0 1 "Burglary"
0 54 65 123 132 484 0 0 1 "Burglary"
0 54 65 123 132 485 0 0 1 "Burglary"
0 54 65 123 132 486 0 0 1 "Burglary"
0 54 65 123 132 487 0 0 1 "Burglary"
0 54 65 123 132 488 0 0 1 "Burglary"
0 54 65 123 132 489 0 0 1 "Burglary"
0 54 65 123 132 490 0 0 1 "Burglary"
0 54 65 123 132 491 0 0 1 "Burglary"
0 54 65 123 132 492 0 0 1 "Burglary"
0 54 65 123 132 493 0 0 1 "Burglary"
0 54 65 123 132 494 0 0 1 "Burglary"
0 54 65 123 132 495 0 0 1 "Burglary"
0 54 65 123 132 496 0 0 1 "Burglary"
0 54 65 123 132 497 0 0 1 "Burglary"
0 54 65 123 132 498 0 0 1 "Burglary"
0 54 65 123 132 499 0 0 1 "Burglary"
0 54 65 123 132 500 0 0 1 "Burglary"
0 54 65 123 132 501 0 0 1 "Burglary"
0 54 65 123 132 502 0 0 1 "Burglary"
0 54 65 123 132 503 0 0 1 "Burglary"
0 54 65 123 132 504 0 0 1 "Burglary"
0 54 65 123 132 505 0 0 1 "Burglary"
0 54 65 123 132 506 0 0 1 "Burglary"
0 54 65 123 132 507 0 0 1 "Burglary"
0 54 65 123 132 508 0 0 1 "Burglary"
0 54 65 123 132 509 0 0 1 "Burglary"
0 54 65 123 132 510 0 0 1 "Burglary"
0 54 65 123 132 511 0 0 1 "Burglary"
0 54 65 123 132 512 0 0 1 "Burglary"
0 54 65 123 132 513 0 0 1 "Burglary"
0 54 65 123 132 514 0 0 1 "Burglary"
0 54 65 123 132 515 0 0 1 "Burglary"
0 54 65 123 132 516 0 0 1 "Burglary"
0 54 65 123 132 517 0 0 1 "Burglary"
0 54 65 123 132 518 0 0 0 "Burglary"
0 54 61 122 132 519 0 0 1 "Burglary"
0 54 58 122 132 520 0 0 1 "Burglary"
0 54 55 122 132 521 0 0 1 "Burglary"
0 54 52 122 132 522 0 0 1 "Burglary"
0 54 49 122 132 523 0 0 1 "Burglary"
0 54 45 122 132 524 0 0 1 "Burglary"
0 54 42 122 132 525 0 0 1 "Burglary"
0 54 39 122 132 526 0 0 1 "Burglary"
0 54 36 122 132 527 0 0 1 "Burglary"
0 54 33 122 132 528 0 0 0 "Burglary"
0 55 32 123 131 529 0 0 1 "Burglary"
0 56 32 124 131 530 0 0 1 "Burglary"
0 57 32 125 131 531 0 0 1 "Burglary"
0 58 31 126 130 532 0 0 1 "Burglary"
0 59 31 127 130 533 0 0 1 "Burglary"
0 60 31 128 130 534 0 0 1 "Burglary"
0 61 30 129 129 535 0 0 1 "Burglary"
0 62 30 130 129 536 0 0 1 "Burglary"
0 63 30 131 129 537 0 0 1 "Burglary"
0 64 30 132 129 538 0 0 0 "Burglary"
0 65 29 133 128 539 0 0 1 "Burglary"
0 67 29 135 128 540 0 0 1 "Burglary"
0 68 29 136 128 541 0 0 1 "Burglary"
0 70 28 138 127 542 0 0 1 "Burglary"
0 71 28 139 127 543 0 0 1 "Burglary"
0 73 28 141 127 544 0 0 1 "Burglary"
0 74 27 142 126 545 0 0 1 "Burglary"
0 76 27 144 126 546 0 0 1 "Burglary"
0 77 27 145 126 547 0 0 1 "Burglary"
0 79 27 147 126 548 0 0 0 "Burglary"
0 82 27 148 123 549 0 0 1 "Burglary"
0 85 27 150 121 550 0 0 1 "Burglary"
0 88 27 152 119 551 0 0 1 "Burglary"
0 91 27 154 117 552 0 0 1 "Burglary"
0 94 27 156 115 553 0 0 1 "Burglary"
0 97 27 157 113 554 0 0 1 "Burglary"
0 100 27 159 111 555 0 0 1 "Burglary"
0 103 27 161 109 556 0 0 1 "Burglary"
0 106 27 163 107 557 0 0 1 "Burglary"
0 109 28 165 105 558 0 0 0 "Burglary"
0 110 27 167 105 559 0 0 1 "Burglary"
0 112 27 169 105 560 0 0 1 "Burglary"
0 114 26 171 105 561 0 0 1 "Burglary"
0 116 26 174 105 562 0 0 1 "Burglary"
0 118 26 176 105 563 0 0 1 "Burglary"
0 119 25 178 105 564 0 0 1 "Burglary"
0 121 25 181 105 565 0 0 1 "Burglary"
0 123 24 183 105 566 0 0 1 "Burglary"
0 125 24 185 105 567 0 0 1 "Burglary"
0 127 24 188 106 568 0 0 0 "Burglary"
0 129 25 190 105 569 0 0 1 "Burglary"
0 132 26 193 105 570 0 0 1 "Burglary"
0 135 27 196 105 571 0 0 1 "Burglary"
0 138 28 198 105 572 0 0 1 "Burglary"
0 141 29 201 105 573 0 0 1 "Burglary"
0 143 30 204 104 574 0 0 1 "Burglary"
0 146 31 206 104 575 0 0 1 "Burglary"
0 149 32 209 104 576 0 0 1 "Burglary"
0 152 33 212 104 577 0 0 1 "Burglary"
0 155 35 215 104 578 0 0 0 "Burglary"
0 156 34 216 104 579 0 0 1 "Burglary"
0 157 34 217 104 580 0 0 1 "Burglary"
0 158 34 218 105 581 0 0 1 "Burglary"
0 159 33 219 105 582 0 0 1 "Burglary"
0 161 33 220 106 583 0 0 1 "Burglary"
0 162 33 221 106 584 0 0 1 "Burglary"
0 163 32 222 106 585 0 0 1 "Burglary"
0 164 32 223 107 586 0 0 1 "Burglary"
0 165 32 224 107 587 0 0 1 "Burglary"
0 167 32 226 108 588 0 0 0 "Burglary"
0 167 32 226 108 589 0 0 1 "Burglary"
0 168 32 227 108 590 0 0 1 "Burglary"
0 169 32 228 108 591 0 0 1 "Burglary"
0 170 32 229 108 592 0 0 1 "Burglary"
0 171 33 230 109 593 0 0 1 "Burglary"
0 171 33 230 109 594 0 0 1 "Burglary"
0 172 33 231 109 595 0 0 1 "Burglary"
0 173 33 232 109 596 0 0 1 "Burglary"
0 174 33 233 109 597 0 0 1 "Burglary"
0 175 34 234 110 598 0 0 0 "Burglary"
0 175 34 234 110 599 0 0 1 "Burglary"
0 175 34 234 110 600 0 0 1 "Burglary"
0 175 34 234 110 601 0 0 1 "Burglary"
0 176 34 235 110 602 0 0 1 "Burglary"
0 176 34 235 110 603 0 0 1 "Burglary"
0 176 34 235 110 604 0 0 1 "Burglary"
0 177 34 236 110 605 0 0 1 "Burglary"
0 177 34 236 110 606 0 0 1 "Burglary"
0 177 34 236 110 607 0 0 1 "Burglary"
0 178 35 237 111 608 0 0 0 "Burglary"
0 177 34 236 110 609 0 0 1 "Burglary"
0 177 34 236 110 610 0 0 1 "Burglary"
0 176 34 235 110 611 0 0 1 "Burglary"
0 176 34 235 110 612 0 0 1 "Burglary"
0 176 34 235 110 613 0 0 1 "Burglary"
0 175 34 234 110 614 0 0 1 "Burglary"
0 175 34 234 110 615 0 0 1 "Burglary"
0 174 34 233 110 616 0 0 1 "Burglary"
0 174 34 233 110 617 0 0 1 "Burglary"
0 174 34 233 110 618 0 0 0 "Burglary"
0 173 33 232 110 619 0 0 1 "Burglary"
0 173 33 232 110 620 0 0 1 "Burglary"
0 173 32 231 110 621 0 0 1 "Burglary"
0 172 32 231 110 622 0 0 1 "Burglary"
0 172 32 231 110 623 0 0 1 "Burglary"
0 172 31 230 110 624 0 0 1 "Burglary"
0 171 31 230 110 625 0 0 1 "Burglary"
0 171 30 229 110 626 0 0 1 "Burglary"
0 171 30 229 110 627 0 0 1 "Burglary"
0 171 30 229 110 628 0 0 0 "Burglary"
0 171 29 229 109 629 0 0 1 "Burglary"
0 171 29 229 109 630 0 0 1 "Burglary"
0 171 29 229 109 631 0 0 1 "Burglary"
0 171 29 229 109 632 0 0 1 "Burglary"
0 171 29 229 109 633 0 0 1 "Burglary"
0 171 28 229 108 634 0 0 1 "Burglary"
0 171 28 229 108 635 0 0 1 "Burglary"
0 171 28 229 108 636 0 0 1 "Burglary"
0 171 28 229 108 637 0 0 1 "Burglary"
0 171 28 229 108 638 0 0 0 "Burglary"
0 171 27 228 108 639 0 0 1 "Burglary"
0 171 26 228 108 640 0 0 1 "Burglary"
0 171 25 228 108 641 0 0 1 "Burglary"
0 171 24 228 108 642 0 0 1 "Burglary"
0 171 23 228 108 643 0 0 1 "Burglary"
0 171 22 228 108 644 0 0 1 "Burglary"
0 171 21 228 108 645 0 0 1 "Burglary"
0 171 20 228 108 646 0 0 1 "Burglary"
0 171 19 228 108 647 0 0 1 "Burglary"
0 171 18 228 108 648 0 0 0 "Burglary"
0 171 18 228 108 649 0 0 1 "Burglary"
0 171 18 228 108 650 0 0 1 "Burglary"
0 171 18 228 108 651 0 0 1 "Burglary"
0 171 18 228 108 652 0 0 1 "Burglary"
0 171 18 228 108 653 0 0 1 "Burglary"
0 171 19 228 109 654 0 0 1 "Burglary"
0 171 19 228 109 655 0 0 1 "Burglary"
0 172 19 229 109 656 0 0 1 "Burglary"
0 172 19 229 109 657 0 0 1 "Burglary"
0 172 19 229 109 658 0 0 1 "Burglary"
0 172 19 229 109 659 0 0 1 "Burglary"
0 172 20 229 110 660 0 0 1 "Burglary"
0 172 20 229 110 661 0 0 1 "Burglary"
0 172 20 229 110 662 0 0 1 "Burglary"
0 173 20 230 110 663 0 0 1 "Burglary"
0 173 20 230 110 664 0 0 1 "Burglary"
0 173 20 230 110 665 0 0 1 "Burglary"
0 173 21 230 111 666 0 0 1 "Burglary"
0 173 21 230 111 667 0 0 1 "Burglary"
0 173 21 230 111 668 0 0 1 "Burglary"
0 173 21 230 111 669 0 0 1 "Burglary"
0 173 21 230 111 670 0 0 1 "Burglary"
0 174 21 231 111 671 0 0 1 "Burglary"
0 174 22 231 112 672 0 0 1 "Burglary"
0 174 22 231 112 673 0 0 1 "Burglary"
0 174 22 231 112 674 0 0 1 "Burglary"
0 174 22 231 112 675 0 0 1 "Burglary"
0 174 22 231 112 676 0 0 1 "Burglary"
0 174 22 231 112 677 0 0 1 "Burglary"
0 175 23 232 113 678 0 0 0 "Burglary"
0 176 24 233 114 679 0 0 1 "Burglary"
0 177 25 234 115 680 0 0 1 "Burglary"
0 178 26 235 116 681 0 0 1 "Burglary"
0 180 27 237 117 682 0 0 1 "Burglary"
0 181 28 238 118 683 0 0 1 "Burglary"
0 182 29 239 119 684 0 0 1 "Burglary"
0 184 30 241 120 685 0 0 1 "Burglary"
0 185 31 242 121 686 0 0 1 "Burglary"
0 186 32 243 122 687 0 0 1 "Burglary"
0 188 33 245 123 688 0 0 0 "Burglary"
0 188 33 245 123 689 0 0 1 "Burglary"
0 188 34 246 124 690 0 0 1 "Burglary"
0 188 34 247 124 691 0 0 1 "Burglary"
0 188 35 247 125 692 0 0 1 "Burglary"
0 189 36 248 125 693 0 0 1 "Burglary"
0 189 36 249 126 694 0 0 1 "Burglary"
0 189 37 249 126 695 0 0 1 "Burglary"
0 189 37 250 127 696 0 0 1 "Burglary"
0 189 38 251 127 697 0 0 1 "Burglary"
0 190 39 252 128 698 0 0 0 "Burglary"
0 191 39 253 128 699 0 0 1 "Burglary"
0 193 39 255 129 700 0 0 1 "Burglary"
0 195 39 256 130 701 0 0 1 "Burglary"
0 196 40 258 131 702 0 0 1 "Burglary"
0 198 40 260 132 703 0 0 1 "Burglary"
0 200 40 261 133 704 0 0 1 "Burglary"
0 201 41 263 134 705 0 0 1 "Burglary"
0 203 41 264 135 706 0 0 1 "Burglary"
0 205 41 266 136 707 0 0 1 "Burglary"
0 207 42 268 137 708 0 0 0 "Burglary"
0 207 42 268 138 709 0 0 1 "Burglary"
0 208 43 268 139 710 0 0 1 "Burglary"
0 209 43 268 140 711 0 0 1 "Burglary"
0 210 44 268 141 712 0 0 1 "Burglary"
0 211 44 268 142 713 0 0 1 "Burglary"
0 211 45 268 143 714 0 0 1 "Burglary"
0 212 45 268 144 715 0 0 1 "Burglary"
0 213 46 268 145 716 0 0 1 "Burglary"
0 214 46 268 146 717 0 0 1 "Burglary"
0 215 47 268 148 718 0 0 0 "Burglary"
0 214 47 268 149 719 0 0 1 "Burglary"
0 214 48 269 150 720 0 0 1 "Burglary"
0 214 49 269 151 721 0 0 1 "Burglary"
0 214 50 270 152 722 0 0 1 "Burglary"
0 214 51 270 154 723 0 0 1 "Burglary"
0 213 52 271 155 724 0 0 1 "Burglary"
0 213 53 271 156 725 0 0 1 "Burglary"
0 213 54 272 157 726 0 0 1 "Burglary"
0 213 55 272 158 727 0 0 1 "Burglary"
0 213 56 273 160 728 0 0 0 "Burglary"
0 212 56 272 160 729 0 0 1 "Burglary"
0 212 57 272 161 730 0 0 1 "Burglary"
0 212 58 272 162 731 0 0 1 "Burglary"
0 212 58 272 162 732 0 0 1 "Burglary"
0 212 59 272 163 733 0 0 1 "Burglary"
0 211 60 271 164 734 0 0 1 "Burglary"
0 211 60 271 164 735 0 0 1 "Burglary"
0 211 61 271 165 736 0 0 1 "Burglary"
0 211 62 271 166 737 0 0 1 "Burglary"
0 211 63 271 167 738 0 0 0 "Burglary"
0 209 63 270 167 739 0 0 1 "Burglary"
0 207 63 270 168 740 0 0 1 "Burglary"
0 205 63 270 168 741 0 0 1 "Burglary"
0 203 63 270 169 742 0 0 1 "Burglary"
0 201 63 270 169 743 0 0 1 "Burglary"
0 199 63 269 170 744 0 0 1 "Burglary"
0 197 63 269 170 745 0 0 1 "Burglary"
0 195 63 269 171 746 0 0 1 "Burglary"
0 193 63 269 171 747 0 0 1 "Burglary"
0 192 64 269 172 748 0 0 0 "Burglary"
0 191 64 268 172 749 0 0 1 "Burglary"
0 191 64 268 172 750 0 0 1 "Burglary"
0 191 65 268 173 751 0 0 1 "Burglary"
0 191 65 268 173 752 0 0 1 "Burglary"
0 191 66 268 174 753 0 0 1 "Burglary"
0 191 66 268 174 754 0 0 1 "Burglary"
0 191 66 268 174 755 0 0 1 "Burglary"
0 191 67 268 175 756 0 0 1 "Burglary"
0 191 67 268 175 757 0 0 1 "Burglary"
0 191 68 268 176 758 0 0 0 "Burglary"
0 190 67 267 175 759 0 0 1 "Burglary"
0 190 67 267 175 760 0 0 1 "Burglary"
0 190 67 267 175 761 0 0 1 "Burglary"
0 190 67 267 175 762 0 0 1 "Burglary"
0 190 67 267 175 763 0 0 1 "Burglary"
0 190 66 267 174 764 0 0 1 "Burglary"
0 190 66 267 174 765 0 0 1 "Burglary"
0 190 66 267 174 766 0 0 1 "Burglary"
0 190 66 267 174 767 0 0 1 "Burglary"
0 190 66 267 174 768 0 0 0 "Burglary"
0 189 66 266 174 769 0 0 1 "Burglary"
0 189 66 266 174 770 0 0 1 "Burglary"
0 189 66 266 174 771 0 0 1 "Burglary"
0 189 66 266 174 772 0 0 1 "Burglary"
0 189 66 266 174 773 0 0 1 "Burglary"
0 189 66 266 174 774 0 0 1 "Burglary"
0 189 66 266 174 775 0 0 1 "Burglary"
0 189 66 266 174 776 0 0 1 "Burglary"
0 189 66 266 174 777 0 0 1 "Burglary"
0 189 67 266 175 778 0 0 1 "Burglary"
0 189 67 266 175 779 0 0 1 "Burglary"
0 189 67 266 175 780 0 0 1 "Burglary"
0 189 67 266 175 781 0 0 1 "Burglary"
0 189 67 266 175 782 0 0 1 "Burglary"
0 189 67 266 175 783 0 0 1 "Burglary"
0 189 67 266 175 784 0 0 1 "Burglary"
0 189 67 266 175 785 0 0 1 "Burglary"
0 189 67 266 175 786 0 0 1 "Burglary"
0 189 67 266 175 787 0 0 1 "Burglary"
0 189 68 266 176 788 0 0 0 "Burglary"
0 189 68 265 175 789 0 0 1 "Burglary"
0 189 68 265 175 790 0 0 1 "Burglary"
0 189 68 264 175 791 0 0 1 "Burglary"
0 189 69 264 175 792 0 0 1 "Burglary"
0 189 69 264 175 793 0 0 1 "Burglary"
0 189 69 263 175 794 0 0 1 "Burglary"
0 189 70 263 175 795 0 0 1 "Burglary"
0 189 70 263 175 796 0 0 1 "Burglary"
0 189 70 262 175 797 0 0 1 "Burglary"
0 189 71 262 175 798 0 0 1 "Burglary"
0 189 71 262 175 799 0 0 1 "Burglary"
0 189 71 261 175 800 0 0 1 "Burglary"
0 189 71 261 175 801 0 0 1 "Burglary"
0 189 72 261 175 802 0 0 1 "Burglary"
0 189 72 260 175 803 0 0 1 "Burglary"
0 189 72 260 175 804 0 0 1 "Burglary"
0 189 73 260 175 805 0 0 1 "Burglary"
0 189 73 259 175 806 0 0 1 "Burglary"
0 189 73 259 175 807 0 0 1 "Burglary"
0 189 74 259 175 808 0 0 0 "Burglary"
0 188 74 258 175 809 0 0 1 "Burglary"
0 188 74 258 175 810 0 0 1 "Burglary"
0 188 74 258 175 811 0 0 1 "Burglary"
0 188 74 258 175 812 0 0 1 "Burglary"
0 188 74 258 175 813 0 0 1 "Burglary"
0 188 75 258 175 814 0 0 1 "Burglary"
0 188 75 258 175 815 0 0 1 "Burglary"
0 188 75 258 175 816 0 0 1 "Burglary"
0 188 75 258 175 817 0 0 1 "Burglary"
0 188 75 258 175 818 0 0 1 "Burglary"
0 188 75 258 175 819 0 0 1 "Burglary"
0 188 76 258 175 820 0 0 1 "Burglary"
0 188 76 257 176 821 0 0 1 "Burglary"
0 188 76 257 176 822 0 0 1 "Burglary"
0 188 76 257 176 823 0 0 1 "Burglary"
0 188 76 257 176 824 0 0 1 "Burglary"
0 187 77 257 176 825 0 0 1 "Burglary"
0 187 77 257 176 826 0 0 1 "Burglary"
0 187 77 257 176 827 0 0 1 "Burglary"
0 187 77 257 176 828 0 0 1 "Burglary"
0 187 77 257 176 829 0 0 1 "Burglary"
0 187 77 257 176 830 0 0 1 "Burglary"
0 187 78 257 176 831 0 0 1 "Burglary"
0 187 78 257 176 832 0 0 1 "Burglary"
0 187 78 257 177 833 0 0 1 "Burglary"
0 187 78 256 177 834 0 0 1 "Burglary"
0 187 78 256 177 835 0 0 1 "Burglary"
0 187 79 256 177 836 0 0 1 "Burglary"
0 187 79 256 177 837 0 0 1 "Burglary"
0 187 79 256 177 838 0 0 1 "Burglary"
0 187 79 256 177 839 0 0 1 "Burglary"
0 187 79 256 177 840 0 0 1 "Burglary"
0 187 79 256 177 841 0 0 1 "Burglary"
0 186 80 256 177 842 0 0 1 "Burglary"
0 186 80 256 177 843 0 0 1 "Burglary"
0 186 80 256 177 844 0 0 1 "Burglary"
0 186 80 256 177 845 0 0 1 "Burglary"
0 186 80 255 178 846 0 0 1 "Burglary"
0 186 81 255 178 847 0 0 1 "Burglary"
0 186 81 255 178 848 0 0 1 "Burglary"
0 186 81 255 178 849 0 0 1 "Burglary"
0 186 81 255 178 850 0 0 1 "Burglary"
0 186 81 255 178 851 0 0 1 "Burglary"
0 186 81 255 178 852 0 0 1 "Burglary"
0 186 82 255 178 853 0 0 1 "Burglary"
0 186 82 255 178 854 0 0 1 "Burglary"
0 186 82 255 178 855 0 0 1 "Burglary"
0 186 82 255 178 856 0 0 1 "Burglary"
0 186 82 255 178 857 0 0 1 "Burglary"
0 186 83 255 179 858 0 0 0 "Burglary"
0 185 83 255 178 859 0 0 1 "Burglary"
0 185 83 255 178 860 0 0 1 "Burglary"
0 185 83 255 178 861 0 0 1 "Burglary"
0 185 83 255 178 862 0 0 1 "Burglary"
0 184 83 255 178 863 0 0 1 "Burglary"
0 184 83 255 178 864 0 0 1 "Burglary"
0 184 83 255 178 865 0 0 1 "Burglary"
0 184 83 255 178 866 0 0 1 "Burglary"
0 184 83 255 178 867 0 0 1 "Burglary"
0 183 83 255 178 868 0 0 1 "Burglary"
0 183 83 255 178 869 0 0 1 "Burglary"
0 183 83 255 178 870 0 0 1 "Burglary"
0 183 83 255 178 871 0 0 1 "Burglary"
0 182 83 255 178 872 0 0 1 "Burglary"
0 182 83 255 178 873 0 0 1 "Burglary"
0 182 83 255 178 874 0 0 1 "Burglary"
0 182 83 255 178 875 0 0 1 "Burglary"
0 182 83 255 178 876 0 0 1 "Burglary"
0 181 83 255 178 877 0 0 1 "Burglary"
0 181 83 255 178 878 0 0 1 "Burglary"
0 181 83 255 178 879 0 0 1 "Burglary"
0 181 83 255 178 880 0 0 1 "Burglary"
0 181 83 255 178 881 0 0 1 "Burglary"
0 180 83 255 178 882 0 0 1 "Burglary"
0 180 83 255 178 883 0 0 1 "Burglary"
0 180 83 255 178 884 0 0 1 "Burglary"
0 180 83 255 178 885 0 0 1 "Burglary"
0 179 83 255 178 886 0 0 1 "Burglary"
0 179 83 255 178 887 0 0 1 "Burglary"
0 179 83 255 178 888 0 0 1 "Burglary"
0 179 83 255 178 889 0 0 1 "Burglary"
0 179 83 255 178 890 0 0 1 "Burglary"
0 178 83 255 178 891 0 0 1 "Burglary"
0 178 83 255 178 892 0 0 1 "Burglary"
0 178 83 255 178 893 0 0 1 "Burglary"
0 178 83 255 178 894 0 0 1 "Burglary"
0 177 83 255 178 895 0 0 1 "Burglary"
0 177 83 255 178 896 0 0 1 "Burglary"
0 177 83 255 178 897 0 0 1 "Burglary"
0 177 83 255 178 898 0 0 1 "Burglary"
0 177 83 255 178 899 0 0 1 "Burglary"
0 176 83 255 178 900 0 0 1 "Burglary"
0 176 83 255 178 901 0 0 1 "Burglary"
0 176 83 255 178 902 0 0 1 "Burglary"
0 176 83 255 178 903 0 0 1 "Burglary"
0 176 83 255 178 904 0 0 1 "Burglary"
0 175 83 255 178 905 0 0 1 "Burglary"
0 175 83 255 178 906 0 0 1 "Burglary"
0 175 83 255 178 907 0 0 1 "Burglary"
0 175 83 255 178 908 0 0 1 "Burglary"
0 174 83 255 178 909 0 0 1 "Burglary"
0 174 83 255 178 910 0 0 1 "Burglary"
0 174 83 255 178 911 0 0 1 "Burglary"
0 174 83 255 178 912 0 0 1 "Burglary"
0 174 83 255 178 913 0 0 1 "Burglary"
0 173 83 255 178 914 0 0 1 "Burglary"
0 173 83 255 178 915 0 0 1 "Burglary"
0 173 83 255 178 916 0 0 1 "Burglary"
0 173 83 255 178 917 0 0 1 "Burglary"
0 173 83 255 178 918 0 0 0 "Burglary"
0 173 83 255 178 919 0 0 1 "Burglary"
0 173 83 255 178 920 0 0 1 "Burglary"
0 173 83 255 178 921 0 0 1 "Burglary"
0 173 83 255 178 922 0 0 1 "Burglary"
0 173 83 255 178 923 0 0 1 "Burglary"
0 173 83 255 178 924 0 0 1 "Burglary"
0 173 83 255 178 925 0 0 1 "Burglary"
0 173 83 255 178 926 0 0 1 "Burglary"
0 173 83 255 178 927 0 0 1 "Burglary"
0 173 83 255 178 928 0 0 1 "Burglary"
0 173 83 255 178 929 0 0 1 "Burglary"
0 173 83 255 178 930 0 0 1 "Burglary"
0 173 83 255 178 931 0 0 1 "Burglary"
0 173 83 255 178 932 0 0 1 "Burglary"
0 173 83 255 178 933 0 0 1 "Burglary"
0 173 83 255 178 934 0 0 1 "Burglary"
0 173 83 255 178 935 0 0 1 "Burglary"
0 173 83 255 178 936 0 0 1 "Burglary"
0 173 83 255 178 937 0 0 1 "Burglary"
0 174 84 256 179 938 0 0 1 "Burglary"
0 174 84 256 179 939 0 0 1 "Burglary"
0 174 84 256 179 940 0 0 1 "Burglary"
0 174 84 256 179 941 0 0 1 "Burglary"
0 174 84 256 179 942 0 0 1 "Burglary"
0 174 84 256 179 943 0 0 1 "Burglary"
0 174 84 256 179 944 0 0 1 "Burglary"
0 174 84 256 179 945 0 0 1 "Burglary"
0 174 84 256 179 946 0 0 1 "Burglary"
0 174 84 256 179 947 0 0 1 "Burglary"
0 174 84 256 179 948 0 0 1 "Burglary"
0 174 84 256 179 949 0 0 1 "Burglary"
0 174 84 256 179 950 0 0 1 "Burglary"
0 174 84 256 179 951 0 0 1 "Burglary"
0 174 84 256 179 952 0 0 1 "Burglary"
0 174 84 256 179 953 0 0 1 "Burglary"
0 174 84 256 179 954 0 0 1 "Burglary"
0 174 84 256 179 955 0 0 1 "Burglary"
0 174 84 256 179 956 0 0 1 "Burglary"
0 174 84 256 179 957 0 0 1 "Burglary"
0 175 85 257 180 958 0 0 0 "Burglary"
0 175 84 256 180 959 0 0 1 "Burglary"
0 175 83 256 180 960 0 0 1 "Burglary"
0 175 83 256 180 961 0 0 1 "Burglary"
0 175 82 256 180 962 0 0 1 "Burglary"
0 175 82 256 181 963 0 0 1 "Burglary"
0 175 81 256 181 964 0 0 1 "Burglary"
0 175 80 256 181 965 0 0 1 "Burglary"
0 175 80 256 181 966 0 0 1 "Burglary"
0 175 79 256 181 967 0 0 1 "Burglary"
0 175 79 256 182 968 0 0 1 "Burglary"
0 175 78 256 182 969 0 0 1 "Burglary"
0 175 77 256 182 970 0 0 1 "Burglary"
0 175 77 256 182 971 0 0 1 "Burglary"
0 175 76 256 182 972 0 0 1 "Burglary"
0 175 76 256 183 973 0 0 1 "Burglary"
0 175 75 255 183 974 0 0 1 "Burglary"
0 175 74 255 183 975 0 0 1 "Burglary"
0 175 74 255 183 976 0 0 1 "Burglary"
0 175 73 255 183 977 0 0 1 "Burglary"
0 175 73 255 184 978 0 0 1 "Burglary"
0 175 72 255 184 979 0 0 1 "Burglary"
0 175 71 255 184 980 0 0 1 "Burglary"
0 175 71 255 184 981 0 0 1 "Burglary"
0 175 70 255 184 982 0 0 1 "Burglary"
0 175 70 255 185 983 0 0 1 "Burglary"
0 175 69 255 185 984 0 0 1 "Burglary"
0 175 68 255 185 985 0 0 1 "Burglary"
0 175 68 255 185 986 0 0 1 "Burglary"
0 175 67 255 185 987 0 0 1 "Burglary"
0 175 67 255 186 988 0 0 0 "Burglary"
0 174 68 254 187 989 0 0 1 "Burglary"
0 173 69 253 188 990 0 0 1 "Burglary"
0 172 70 252 189 991 0 0 1 "Burglary"
0 171 71 251 190 992 0 0 1 "Burglary"
0 170 73 250 192 993 0 0 1 "Burglary"
0 169 74 249 193 994 0 0 1 "Burglary"
0 168 75 248 194 995 0 0 1 "Burglary"
0 167 76 247 195 996 0 0 1 "Burglary"
0 166 77 246 196 997 0 0 1 "Burglary"
0 165 79 245 198 998 0 0 0 "Burglary"
0 163 81 243 200 999 0 0 1 "Burglary"
0 161 83 241 202 1000 0 0 1 "Burglary"
0 159 85 239 204 1001 0 0 1 "Burglary"
0 157 87 237 206 1002 0 0 1 "Burglary"
0 155 90 235 209 1003 0 0 1 "Burglary"
0 153 92 233 211 1004 0 0 1 "Burglary"
0 151 94 231 213 1005 0 0 1 "Burglary"
0 149 96 229 215 1006 0 0 1 "Burglary"
0 147 98 227 217 1007 0 0 1 "Burglary"
0 146 101 226 220 1008 0 0 0 "Burglary"
0 145 102 225 220 1009 0 0 1 "Burglary"
0 144 104 224 221 1010 0 0 1 "Burglary"
0 143 105 223 222 1011 0 0 1 "Burglary"
0 142 107 222 223 1012 0 0 1 "Burglary"
0 141 109 221 224 1013 0 0 1 "Burglary"
0 140 110 220 224 1014 0 0 1 "Burglary"
0 139 112 219 225 1015 0 0 1 "Burglary"
0 138 113 218 226 1016 0 0 1 "Burglary"
0 137 115 217 227 1017 0 0 1 "Burglary"
0 137 117 216 228 1018 0 0 0 "Burglary"
0 137 118 216 228 1019 0 0 1 "Burglary"
0 138 120 216 228 1020 0 0 1 "Burglary"
0 138 121 217 228 1021 0 0 1 "Burglary"
0 139 123 217 228 1022 0 0 1 "Burglary"
0 139 124 218 228 1023 0 0 1 "Burglary"
0 140 126 218 228 1024 0 0 1 "Burglary"
0 140 127 218 228 1025 0 0 1 "Burglary"
0 141 129 219 228 1026 0 0 1 "Burglary"
0 141 130 219 228 1027 0 0 1 "Burglary"
0 142 132 220 228 1028 0 0 0 "Burglary"
0 142 132 220 228 1029 0 0 1 "Burglary"
0 143 132 221 228 1030 0 0 1 "Burglary"
0 144 132 222 228 1031 0 0 1 "Burglary"
0 144 132 222 228 1032 0 0 1 "Burglary"
0 145 132 223 228 1033 0 0 1 "Burglary"
0 146 132 224 228 1034 0 0 1 "Burglary"
0 146 132 224 228 1035 0 0 1 "Burglary"
0 147 132 225 228 1036 0 0 1 "Burglary"
0 148 132 226 228 1037 0 0 1 "Burglary"
0 149 133 227 229 1038 0 0 0 "Burglary"
0 149 133 227 228 1039 0 0 1 "Burglary"
0 150 134 227 228 1040 0 0 1 "Burglary"
0 150 135 228 228 1041 0 0 1 "Burglary"
0 151 136 229 228 1043 0 0 1 "Burglary"
0 152 137 229 228 1044 0 0 1 "Burglary"
0 152 137 229 228 1045 0 0 1 "Burglary"
0 153 138 230 228 1046 0 0 1 "Burglary"
0 153 139 230 228 1047 0 0 1 "Burglary"
0 154 140 231 228 1048 1 0 0 "Burglary"
0 155 140 232 228 1049 1 0 1 "Burglary"
0 156 140 233 228 1050 1 0 1 "Burglary"
0 158 140 235 228 1051 1 0 1 "Burglary"
0 159 140 236 228 1052 1 0 1 "Burglary"
0 161 140 238 228 1053 1 0 0 "Burglary"
