0 62 36 197 213 0 1 0 0 "Burglary"
0 61 36 196 212 1 1 0 1 "Burglary"
0 60 36 195 212 2 1 0 1 "Burglary"
0 60 36 194 212 3 1 0 1 "Burglary"
0 59 36 193 212 4 1 0 1 "Burglary"
0 59 36 193 212 5 1 0 1 "Burglary"
0 58 36 192 212 6 1 0 1 "Burglary"
0 58 36 191 212 7 1 0 1 "Burglary"
0 57 37 190 212 8 1 0 1 "Burglary"
0 57 37 189 212 9 1 0 1 "Burglary"
0 56 37 189 212 10 1 0 1 "Burglary"
0 56 37 188 212 11 1 0 1 "Burglary"
0 55 37 187 212 12 1 0 1 "Burglary"
0 55 37 186 212 13 1 0 1 "Burglary"
0 54 37 186 212 14 1 0 1 "Burglary"
0 54 38 185 212 15 1 0 1 "Burglary"
0 53 38 184 212 16 1 0 1 "Burglary"
0 53 38 183 212 17 1 0 1 "Burglary"
0 52 38 182 212 18 1 0 1 "Burglary"
0 52 38 182 212 19 1 0 1 "Burglary"
0 51 38 181 212 20 1 0 1 "Burglary"
0 51 38 180 212 21 1 0 1 "Burglary"
0 50 39 179 212 22 1 0 1 "Burglary"
0 50 39 178 212 23 1 0 1 "Burglary"
0 49 39 178 212 24 1 0 1 "Burglary"
0 49 39 177 212 25 1 0 1 "Burglary"
0 48 39 176 212 26 1 0 1 "Burglary"
0 48 39 175 212 27 1 0 1 "Burglary"
0 47 39 175 212 28 1 0 1 "Burglary"
0 47 39 174 212 29 1 0 1 "Burglary"
0 46 40 173 212 30 1 0 1 "Burglary"
0 46 40 172 212 31 1 0 1 "Burglary"
0 45 40 171 212 32 1 0 1 "Burglary"
0 45 40 171 212 33 1 0 1 "Burglary"
0 44 40 170 212 34 1 0 1 "Burglary"
0 44 40 169 212 35 1 0 1 "Burglary"
0 43 40 168 212 36 1 0 1 "Burglary"
0 43 41 167 212 37 1 0 1 "Burglary"
0 42 41 167 212 38 1 0 1 "Burglary"
0 42 41 166 212 39 1 0 1 "Burglary"
0 41 41 165 212 40 1 0 1 "Burglary"
0 41 41 164 212 41 1 0 1 "Burglary"
0 40 41 164 212 42 1 0 1 "Burglary"
0 40 41 163 212 43 1 0 1 "Burglary"
0 39 42 162 212 44 1 0 1 "Burglary"
0 39 42 161 212 45 1 0 1 "Burglary"
0 38 42 160 212 46 1 0 1 "Burglary"
0 38 42 160 212 47 1 0 1 "Burglary"
0 37 42 159 212 48 1 0 1 "Burglary"
0 37 42 158 212 49 1 0 1 "Burglary"
0 36 42 157 212 50 1 0 1 "Burglary"
0 36 43 157 212 51 0 0 0 "Burglary"
0 36 43 156 211 52 0 0 1 "Burglary"
0 36 43 155 211 53 0 0 1 "Burglary"
0 36 43 155 211 54 0 0 1 "Burglary"
0 36 43 154 211 55 0 0 1 "Burglary"
0 36 43 154 211 56 0 0 1 "Burglary"
0 36 43 153 211 57 0 0 1 "Burglary"
0 36 43 152 211 58 0 0 1 "Burglary"
0 36 43 152 211 59 0 0 1 "Burglary"
0 36 43 151 211 60 0 0 1 "Burglary"
0 36 43 151 211 61 0 0 0 "Burglary"
0 36 42 151 210 62 0 0 1 "Burglary"
0 36 42 151 210 63 0 0 1 "Burglary"
0 36 42 151 210 64 0 0 1 "Burglary"
0 36 41 151 209 65 0 0 1 "Burglary"
0 36 41 151 209 66 0 0 1 "Burglary"
0 36 41 151 209 67 0 0 1 "Burglary"
0 36 40 151 208 68 0 0 1 "Burglary"
0 36 40 151 208 69 0 0 1 "Burglary"
0 36 40 151 208 70 0 0 1 "Burglary"
0 36 40 151 208 71 0 0 0 "Burglary"
0 37 39 151 207 72 0 0 1 "Burglary"
0 38 38 151 206 73 0 0 1 "Burglary"
0 40 38 151 205 74 0 0 1 "Burglary"
0 41 37 151 205 75 0 0 1 "Burglary"
0 43 37 151 204 76 0 0 1 "Burglary"
0 44 36 151 203 77 0 0 1 "Burglary"
0 45 35 151 203 78 0 0 1 "Burglary"
0 47 35 151 202 79 0 0 1 "Burglary"
0 48 34 151 201 80 0 0 1 "Burglary"
0 50 34 152 201 81 0 0 0 "Burglary"
0 51 33 152 200 82 0 0 1 "Burglary"
0 53 33 153 200 83 0 0 1 "Burglary"
0 55 33 154 200 84 0 0 1 "Burglary"
0 57 33 155 200 85 0 0 1 "Burglary"
0 59 33 156 200 86 0 0 1 "Burglary"
0 61 33 157 199 87 0 0 1 "Burglary"
0 63 33 158 199 88 0 0 1 "Burglary"
0 65 33 159 199 89 0 0 1 "Burglary"
0 67 33 160 199 90 0 0 1 "Burglary"
0 69 33 161 199 91 0 0 0 "Burglary"
0 70 33 162 199 92 0 0 1 "Burglary"
0 71 34 163 200 93 0 0 1 "Burglary"
0 73 34 165 200 94 0 0 1 "Burglary"
0 74 35 166 201 95 0 0 1 "Burglary"
0 76 35 168 201 96 0 0 1 "Burglary"
0 77 36 169 202 97 0 0 1 "Burglary"
0 78 36 170 202 98 0 0 1 "Burglary"
0 80 37 172 203 99 0 0 1 "Burglary"
0 81 37 173 203 100 0 0 1 "Burglary"
0 83 38 175 204 101 0 0 0 "Burglary"
0 83 37 175 203 102 0 0 1 "Burglary"
0 84 36 176 202 103 0 0 1 "Burglary"
0 85 36 177 202 104 0 0 1 "Burglary"
0 86 35 178 201 105 0 0 1 "Burglary"
0 87 35 179 201 106 0 0 1 "Burglary"
0 87 34 179 200 107 0 0 1 "Burglary"
0 88 33 180 199 108 0 0 1 "Burglary"
0 89 33 181 199 109 0 0 1 "Burglary"
0 90 32 182 198 110 0 0 1 "Burglary"
0 91 32 183 198 111 0 0 0 "Burglary"
0 92 32 183 198 112 0 0 1 "Burglary"
0 93 33 183 199 113 0 0 1 "Burglary"
0 94 34 183 200 114 0 0 1 "Burglary"
0 96 35 183 200 115 0 0 1 "Burglary"
0 97 36 184 201 116 0 0 1 "Burglary"
0 98 36 184 202 117 0 0 1 "Burglary"
0 100 37 184 202 118 0 0 1 "Burglary"
0 101 38 184 203 119 0 0 1 "Burglary"
0 102 39 184 204 120 0 0 1 "Burglary"
0 104 40 185 205 121 0 0 0 "Burglary"
0 104 40 185 205 122 0 0 1 "Burglary"
0 104 40 185 205 123 0 0 1 "Burglary"
0 105 40 186 205 124 0 0 1 "Burglary"
0 105 40 186 205 125 0 0 1 "Burglary"
0 106 40 187 205 126 0 0 1 "Burglary"
0 106 40 187 205 127 0 0 1 "Burglary"
0 106 40 187 205 128 0 0 1 "Burglary"
0 107 40 188 205 129 0 0 1 "Burglary"
0 107 40 188 205 130 0 0 1 "Burglary"
0 108 41 189 206 131 0 0 0 "Burglary"
0 108 40 189 205 132 0 0 1 "Burglary"
0 108 40 189 205 133 0 0 1 "Burglary"
0 108 40 189 205 134 0 0 1 "Burglary"
0 108 40 189 205 135 0 0 1 "Burglary"
0 108 40 189 205 136 0 0 1 "Burglary"
0 108 40 189 205 137 0 0 1 "Burglary"
0 108 40 189 205 138 0 0 1 "Burglary"
0 108 40 189 205 139 0 0 1 "Burglary"
0 108 40 189 205 140 0 0 1 "Burglary"
0 109 40 190 205 141 0 0 1 "Burglary"
0 109 39 190 204 142 0 0 1 "Burglary"
0 109 39 190 204 143 0 0 1 "Burglary"
0 109 39 190 204 144 0 0 1 "Burglary"
0 109 39 190 204 145 0 0 1 "Burglary"
0 109 39 190 204 146 0 0 1 "Burglary"
0 109 39 190 204 147 0 0 1 "Burglary"
0 109 39 190 204 148 0 0 1 "Burglary"
0 109 39 190 204 149 0 0 1 "Burglary"
0 109 39 190 204 150 0 0 1 "Burglary"
0 110 39 191 204 151 0 0 1 "Burglary"
0 110 38 191 203 152 0 0 1 "Burglary"
0 110 38 191 203 153 0 0 1 "Burglary"
0 110 38 191 203 154 0 0 1 "Burglary"
0 110 38 191 203 155 0 0 1 "Burglary"
0 110 38 191 203 156 0 0 1 "Burglary"
0 110 38 191 203 157 0 0 1 "Burglary"
0 110 38 191 203 158 0 0 1 "Burglary"
0 110 38 191 203 159 0 0 1 "Burglary"
0 110 38 191 203 160 0 0 1 "Burglary"
0 111 38 192 203 161 0 0 0 "Burglary"
0 111 38 191 202 162 0 0 1 "Burglary"
0 111 38 191 202 163 0 0 1 "Burglary"
0 111 38 191 202 164 0 0 1 "Burglary"
0 111 38 191 202 165 0 0 1 "Burglary"
0 111 38 191 202 166 0 0 1 "Burglary"
0 111 38 191 202 167 0 0 1 "Burglary"
0 111 38 191 202 168 0 0 1 "Burglary"
0 111 38 191 202 169 0 0 1 "Burglary"
0 111 38 191 202 170 0 0 1 "Burglary"
0 111 38 191 202 171 0 0 1 "Burglary"
0 111 38 190 202 172 0 0 1 "Burglary"
0 111 38 190 202 173 0 0 1 "Burglary"
0 111 38 190 202 174 0 0 1 "Burglary"
0 111 38 190 202 175 0 0 1 "Burglary"
0 111 38 190 202 176 0 0 1 "Burglary"
0 111 38 190 202 177 0 0 1 "Burglary"
0 111 38 190 202 178 0 0 1 "Burglary"
0 111 38 190 202 179 0 0 1 "Burglary"
0 111 38 190 202 180 0 0 1 "Burglary"
0 111 38 190 202 181 0 0 1 "Burglary"
0 111 38 189 202 182 0 0 1 "Burglary"
0 111 38 189 202 183 0 0 1 "Burglary"
0 111 38 189 202 184 0 0 1 "Burglary"
0 111 38 189 202 185 0 0 1 "Burglary"
0 111 38 189 202 186 0 0 1 "Burglary"
0 111 38 189 202 187 0 0 1 "Burglary"
0 111 38 189 202 188 0 0 1 "Burglary"
0 111 38 189 202 189 0 0 1 "Burglary"
0 111 38 189 202 190 0 0 1 "Burglary"
0 111 38 189 202 191 0 0 0 "Burglary"
0 110 38 188 202 192 0 0 1 "Burglary"
0 110 39 188 203 193 0 0 1 "Burglary"
0 110 40 188 204 194 0 0 1 "Burglary"
0 110 41 188 205 195 0 0 1 "Burglary"
0 110 42 188 206 196 0 0 1 "Burglary"
0 110 43 188 207 197 0 0 1 "Burglary"
0 110 44 188 208 198 0 0 1 "Burglary"
0 110 45 188 209 199 0 0 1 "Burglary"
0 110 46 188 210 200 0 0 1 "Burglary"
0 110 47 188 211 201 0 0 0 "Burglary"
0 110 47 187 211 202 0 0 1 "Burglary"
0 110 48 187 211 203 0 0 1 "Burglary"
0 110 49 187 211 204 0 0 1 "Burglary"
0 110 49 187 211 205 0 0 1 "Burglary"
0 110 50 187 211 206 0 0 1 "Burglary"
0 110 51 187 211 207 0 0 1 "Burglary"
0 110 51 187 211 208 0 0 1 "Burglary"
0 110 52 187 211 209 0 0 1 "Burglary"
0 110 53 187 211 210 0 0 1 "Burglary"
0 110 54 187 211 211 0 0 0 "Burglary"
0 110 54 186 211 212 0 0 1 "Burglary"
0 110 54 186 211 213 0 0 1 "Burglary"
0 110 54 186 211 214 0 0 1 "Burglary"
0 110 54 186 211 215 0 0 1 "Burglary"
0 110 54 186 211 216 0 0 1 "Burglary"
0 110 55 186 211 217 0 0 1 "Burglary"
0 110 55 186 211 218 0 0 1 "Burglary"
0 110 55 186 211 219 0 0 1 "Burglary"
0 110 55 186 211 220 0 0 1 "Burglary"
0 110 55 186 211 221 0 0 1 "Burglary"
0 110 55 186 211 222 0 0 1 "Burglary"
0 110 56 186 211 223 0 0 1 "Burglary"
0 110 56 186 211 224 0 0 1 "Burglary"
0 110 56 186 211 225 0 0 1 "Burglary"
0 110 56 186 211 226 0 0 1 "Burglary"
0 110 56 186 211 227 0 0 1 "Burglary"
0 110 56 186 211 228 0 0 1 "Burglary"
0 110 57 186 211 229 0 0 1 "Burglary"
0 110 57 186 211 230 0 0 1 "Burglary"
0 110 57 186 211 231 0 0 1 "Burglary"
0 110 57 186 211 232 0 0 1 "Burglary"
0 110 57 186 211 233 0 0 1 "Burglary"
0 110 57 186 211 234 0 0 1 "Burglary"
0 110 58 186 211 235 0 0 1 "Burglary"
0 110 58 186 211 236 0 0 1 "Burglary"
0 110 58 186 211 237 0 0 1 "Burglary"
0 110 58 186 211 238 0 0 1 "Burglary"
0 110 58 186 211 239 0 0 1 "Burglary"
0 110 58 186 211 240 0 0 1 "Burglary"
0 110 59 186 211 241 0 0 0 "Burglary"
0 110 59 185 211 242 0 0 1 "Burglary"
0 110 59 185 211 243 0 0 1 "Burglary"
0 110 59 185 211 244 0 0 1 "Burglary"
0 110 59 185 211 245 0 0 1 "Burglary"
0 110 59 185 211 246 0 0 1 "Burglary"
0 110 59 185 211 247 0 0 1 "Burglary"
0 110 59 185 211 248 0 0 1 "Burglary"
0 110 59 185 211 249 0 0 1 "Burglary"
0 110 59 185 211 250 0 0 1 "Burglary"
0 110 59 185 211 251 0 0 1 "Burglary"
0 110 59 185 211 252 0 0 1 "Burglary"
0 110 59 185 211 253 0 0 1 "Burglary"
0 110 59 185 211 254 0 0 1 "Burglary"
0 110 59 185 211 255 0 0 1 "Burglary"
0 110 60 185 211 256 0 0 1 "Burglary"
0 110 60 185 211 257 0 0 1 "Burglary"
0 110 60 185 211 258 0 0 1 "Burglary"
0 110 60 185 211 259 0 0 1 "Burglary"
0 110 60 185 211 260 0 0 1 "Burglary"
0 110 60 185 211 261 0 0 1 "Burglary"
0 110 60 185 211 262 0 0 1 "Burglary"
0 110 60 185 211 263 0 0 1 "Burglary"
0 110 60 185 211 264 0 0 1 "Burglary"
0 110 60 185 211 265 0 0 1 "Burglary"
0 110 60 185 211 266 0 0 1 "Burglary"
0 110 60 185 211 267 0 0 1 "Burglary"
0 110 60 185 211 268 0 0 1 "Burglary"
0 110 60 185 211 269 0 0 1 "Burglary"
0 110 60 185 211 270 0 0 1 "Burglary"
0 110 61 185 211 271 0 0 0 "Burglary"
0 110 60 185 210 272 0 0 1 "Burglary"
0 110 60 185 210 273 0 0 1 "Burglary"
0 110 60 185 210 274 0 0 1 "Burglary"
0 110 60 185 210 275 0 0 1 "Burglary"
0 110 60 185 210 276 0 0 1 "Burglary"
0 110 60 185 210 277 0 0 1 "Burglary"
0 110 59 185 210 278 0 0 1 "Burglary"
0 110 59 186 210 279 0 0 1 "Burglary"
0 110 59 186 210 280 0 0 1 "Burglary"
0 110 59 186 210 281 0 0 1 "Burglary"
0 110 59 186 210 282 0 0 1 "Burglary"
0 110 59 186 210 283 0 0 1 "Burglary"
0 110 59 186 210 284 0 0 1 "Burglary"
0 110 58 186 210 285 0 0 1 "Burglary"
0 110 58 187 210 286 0 0 1 "Burglary"
0 110 58 187 210 287 0 0 1 "Burglary"
0 110 58 187 210 288 0 0 1 "Burglary"
0 110 58 187 210 289 0 0 1 "Burglary"
0 110 58 187 210 290 0 0 1 "Burglary"
0 110 58 187 210 291 0 0 1 "Burglary"
0 110 57 187 210 292 0 0 1 "Burglary"
0 110 57 187 210 293 0 0 1 "Burglary"
0 110 57 188 210 294 0 0 1 "Burglary"
0 110 57 188 210 295 0 0 1 "Burglary"
0 110 57 188 210 296 0 0 1 "Burglary"
0 110 57 188 210 297 0 0 1 "Burglary"
0 110 56 188 210 298 0 0 1 "Burglary"
0 110 56 188 210 299 0 0 1 "Burglary"
0 110 56 188 210 300 0 0 1 "Burglary"
0 110 56 189 210 301 0 0 1 "Burglary"
0 110 56 189 210 302 0 0 1 "Burglary"
0 110 56 189 210 303 0 0 1 "Burglary"
0 110 56 189 210 304 0 0 1 "Burglary"
0 110 55 189 210 305 0 0 1 "Burglary"
0 110 55 189 210 306 0 0 1 "Burglary"
0 110 55 189 210 307 0 0 1 "Burglary"
0 110 55 189 210 308 0 0 1 "Burglary"
0 110 55 190 210 309 0 0 1 "Burglary"
0 110 55 190 210 310 0 0 1 "Burglary"
0 110 55 190 210 311 0 0 1 "Burglary"
0 110 54 190 210 312 0 0 1 "Burglary"
0 110 54 190 210 313 0 0 1 "Burglary"
0 110 54 190 210 314 0 0 1 "Burglary"
0 110 54 190 210 315 0 0 1 "Burglary"
0 110 54 191 210 316 0 0 1 "Burglary"
0 110 54 191 210 317 0 0 1 "Burglary"
0 110 53 191 210 318 0 0 1 "Burglary"
0 110 53 191 210 319 0 0 1 "Burglary"
0 110 53 191 210 320 0 0 1 "Burglary"
0 110 53 191 210 321 0 0 1 "Burglary"
0 110 53 191 210 322 0 0 1 "Burglary"
0 110 53 191 210 323 0 0 1 "Burglary"
0 110 53 192 210 324 0 0 1 "Burglary"
0 110 52 192 210 325 0 0 1 "Burglary"
0 110 52 192 210 326 0 0 1 "Burglary"
0 110 52 192 210 327 0 0 1 "Burglary"
0 110 52 192 210 328 0 0 1 "Burglary"
0 110 52 192 210 329 0 0 1 "Burglary"
0 110 52 192 210 330 0 0 1 "Burglary"
0 110 52 193 210 331 0 0 0 "Burglary"
0 110 51 192 210 332 0 0 1 "Burglary"
0 110 51 192 210 333 0 0 1 "Burglary"
0 110 50 192 210 334 0 0 1 "Burglary"
0 110 50 192 210 335 0 0 1 "Burglary"
0 110 49 192 210 336 0 0 1 "Burglary"
0 110 49 192 210 337 0 0 1 "Burglary"
0 110 48 192 210 338 0 0 1 "Burglary"
0 110 48 192 210 339 0 0 1 "Burglary"
0 110 47 192 210 340 0 0 1 "Burglary"
0 110 47 192 210 341 0 0 1 "Burglary"
0 110 46 192 210 342 0 0 1 "Burglary"
0 110 46 192 210 343 0 0 1 "Burglary"
0 110 45 192 210 344 0 0 1 "Burglary"
0 110 45 192 210 345 0 0 1 "Burglary"
0 110 44 192 210 346 0 0 1 "Burglary"
0 110 44 192 210 347 0 0 1 "Burglary"
0 110 43 192 210 348 0 0 1 "Burglary"
0 110 43 192 210 349 0 0 1 "Burglary"
0 110 42 192 210 350 0 0 1 "Burglary"
0 110 42 192 210 351 0 0 0 "Burglary"
0 110 41 192 209 352 0 0 1 "Burglary"
0 111 41 193 209 353 0 0 1 "Burglary"
0 111 41 193 209 354 0 0 1 "Burglary"
0 112 41 194 209 355 0 0 1 "Burglary"
0 113 41 195 209 356 0 0 1 "Burglary"
0 113 41 195 209 357 0 0 1 "Burglary"
0 114 41 196 209 358 0 0 1 "Burglary"
0 114 41 196 209 359 0 0 1 "Burglary"
0 115 41 197 209 360 0 0 1 "Burglary"
0 116 41 198 209 361 0 0 0 "Burglary"
0 116 41 197 209 362 0 0 1 "Burglary"
0 117 41 197 209 363 0 0 1 "Burglary"
0 118 41 197 209 364 0 0 1 "Burglary"
0 119 42 197 209 365 0 0 1 "Burglary"
0 120 42 197 210 366 0 0 1 "Burglary"
0 121 42 196 210 367 0 0 1 "Burglary"
0 122 43 196 210 368 0 0 1 "Burglary"
0 123 43 196 210 369 0 0 1 "Burglary"
0 124 43 196 210 370 0 0 1 "Burglary"
0 125 44 196 211 371 0 0 0 "Burglary"
0 127 44 196 210 372 0 0 1 "Burglary"
0 129 44 196 210 373 0 0 1 "Burglary"
0 131 44 196 210 374 0 0 1 "Burglary"
0 133 44 196 210 375 0 0 1 "Burglary"
0 136 44 196 210 376 0 0 1 "Burglary"
0 138 44 196 210 377 0 0 1 "Burglary"
0 140 44 196 210 378 0 0 1 "Burglary"
0 142 44 196 210 379 0 0 1 "Burglary"
0 144 44 196 210 380 0 0 1 "Burglary"
0 147 44 196 210 381 1 0 0 "Burglary"
0 148 44 196 209 382 1 0 1 "Burglary"
0 150 44 196 209 383 1 0 1 "Burglary"
0 152 44 196 209 384 1 0 1 "Burglary"
0 154 44 196 209 385 1 0 1 "Burglary"
0 156 44 196 209 386 1 0 1 "Burglary"
0 158 44 196 208 387 1 0 1 "Burglary"
0 160 44 196 208 388 1 0 1 "Burglary"
0 162 44 196 208 389 1 0 1 "Burglary"
0 164 44 196 208 390 1 0 1 "Burglary"
0 166 44 196 208 391 1 0 1 "Burglary"
0 168 44 196 208 392 1 0 0 "Burglary"
0 166 43 195 207 393 1 0 1 "Burglary"
0 164 43 194 207 394 1 0 1 "Burglary"
0 162 43 194 207 395 1 0 1 "Burglary"
0 160 43 193 207 396 1 0 1 "Burglary"
0 158 42 192 207 397 1 0 1 "Burglary"
0 156 42 192 206 398 1 0 1 "Burglary"
0 154 42 191 206 399 1 0 1 "Burglary"
0 153 42 190 206 400 1 0 1 "Burglary"
0 151 42 190 206 401 1 0 1 "Burglary"
0 149 41 189 206 402 1 0 1 "Burglary"
0 147 41 188 206 403 1 0 1 "Burglary"
0 145 41 188 205 404 1 0 1 "Burglary"
0 143 41 187 205 405 1 0 1 "Burglary"
0 141 41 186 205 406 1 0 1 "Burglary"
0 139 40 186 205 407 1 0 1 "Burglary"
0 138 40 185 205 408 1 0 1 "Burglary"
0 136 40 184 205 409 1 0 1 "Burglary"
0 134 40 184 204 410 1 0 1 "Burglary"
0 132 40 183 204 411 1 0 1 "Burglary"
0 130 39 182 204 412 1 0 1 "Burglary"
0 128 39 182 204 413 1 0 1 "Burglary"
0 126 39 181 204 414 1 0 1 "Burglary"
0 125 39 180 204 415 1 0 1 "Burglary"
0 123 39 180 203 416 1 0 1 "Burglary"
0 121 38 179 203 417 1 0 1 "Burglary"
0 119 38 178 203 418 1 0 1 "Burglary"
0 117 38 178 203 419 1 0 1 "Burglary"
0 115 38 177 203 420 1 0 1 "Burglary"
0 113 37 176 203 421 1 0 1 "Burglary"
0 111 37 176 202 422 1 0 1 "Burglary"
0 110 37 175 202 423 1 0 1 "Burglary"
0 108 37 174 202 424 1 0 1 "Burglary"
0 106 37 174 202 425 1 0 1 "Burglary"
0 104 36 173 202 426 1 0 1 "Burglary"
0 102 36 172 202 427 1 0 1 "Burglary"
0 100 36 172 201 428 1 0 1 "Burglary"
0 98 36 171 201 429 1 0 1 "Burglary"
0 97 36 170 201 430 1 0 1 "Burglary"
0 95 35 170 201 431 1 0 1 "Burglary"
0 93 35 169 201 432 1 0 1 "Burglary"
0 91 35 168 201 433 1 0 1 "Burglary"
0 89 35 168 200 434 1 0 1 "Burglary"
0 87 35 167 200 435 1 0 1 "Burglary"
0 85 34 166 200 436 1 0 1 "Burglary"
0 83 34 166 200 437 1 0 1 "Burglary"
0 82 34 165 200 438 1 0 1 "Burglary"
0 80 34 164 200 439 1 0 1 "Burglary"
0 78 34 164 199 440 1 0 1 "Burglary"
0 76 33 163 199 441 1 0 1 "Burglary"
0 74 33 162 199 442 1 0 1 "Burglary"
0 72 33 162 199 443 1 0 1 "Burglary"
0 70 33 161 199 444 1 0 1 "Burglary"
0 69 33 161 199 445 1 0 0 "Burglary"
