0 137 145 202 202 0 1 0 0 "Burglary"
0 137 145 202 202 1 1 0 1 "Burglary"
0 137 145 202 202 2 1 0 1 "Burglary"
0 137 145 202 202 3 1 0 1 "Burglary"
0 137 145 202 202 4 1 0 1 "Burglary"
0 137 145 202 202 5 1 0 1 "Burglary"
0 137 145 202 202 6 1 0 1 "Burglary"
0 137 145 202 202 7 1 0 1 "Burglary"
0 137 145 202 202 8 1 0 1 "Burglary"
0 137 145 202 202 9 1 0 1 "Burglary"
0 137 145 202 202 10 1 0 1 "Burglary"
0 137 145 202 202 11 1 0 1 "Burglary"
0 137 145 202 202 12 1 0 1 "Burglary"
0 137 145 202 202 13 1 0 1 "Burglary"
0 137 145 202 202 14 1 0 1 "Burglary"
0 137 145 202 202 15 1 0 1 "Burglary"
0 137 145 202 202 16 1 0 1 "Burglary"
0 137 145 202 202 17 1 0 1 "Burglary"
0 137 145 202 202 18 1 0 1 "Burglary"
0 137 145 202 202 19 1 0 1 "Burglary"
0 137 145 202 202 20 1 0 1 "Burglary"
0 137 145 202 202 21 1 0 1 "Burglary"
0 137 145 202 202 22 1 0 1 "Burglary"
0 137 145 202 202 23 1 0 1 "Burglary"
0 137 145 202 202 24 1 0 1 "Burglary"
0 137 145 202 202 25 1 0 1 "Burglary"
0 137 145 202 202 26 1 0 1 "Burglary"
0 137 145 202 202 27 1 0 1 "Burglary"
0 137 145 202 202 28 1 0 1 "Burglary"
0 137 145 202 202 29 1 0 1 "Burglary"
0 137 145 202 202 30 1 0 1 "Burglary"
0 137 145 202 202 31 1 0 1 "Burglary"
0 137 145 202 202 32 1 0 1 "Burglary"
0 137 145 202 202 33 1 0 1 "Burglary"
0 137 145 202 202 34 1 0 1 "Burglary"
0 137 145 202 202 35 1 0 1 "Burglary"
0 137 145 202 202 36 1 0 1 "Burglary"
0 137 145 202 202 37 1 0 1 "Burglary"
0 137 145 202 202 38 1 0 1 "Burglary"
0 137 145 202 202 39 1 0 1 "Burglary"
0 137 145 202 202 40 1 0 1 "Burglary"
0 137 145 202 202 41 1 0 1 "Burglary"
0 137 145 202 202 42 1 0 1 "Burglary"
0 137 145 202 202 43 1 0 1 "Burglary"
0 137 145 202 202 44 1 0 1 "Burglary"
0 137 145 202 202 45 1 0 1 "Burglary"
0 137 145 202 202 46 1 0 1 "Burglary"
0 137 145 202 202 47 1 0 1 "Burglary"
0 137 145 202 202 48 1 0 1 "Burglary"
0 137 145 202 202 49 1 0 1 "Burglary"
0 137 145 202 202 50 1 0 1 "Burglary"
0 137 145 202 202 51 1 0 1 "Burglary"
0 137 145 202 202 52 1 0 1 "Burglary"
0 137 145 202 202 53 1 0 1 "Burglary"
0 137 145 202 202 54 1 0 1 "Burglary"
0 137 145 202 202 55 1 0 1 "Burglary"
0 137 145 202 202 56 1 0 1 "Burglary"
0 137 145 202 202 57 1 0 1 "Burglary"
0 137 145 202 202 58 1 0 1 "Burglary"
0 137 145 202 202 59 1 0 1 "Burglary"
0 137 145 202 202 60 1 0 1 "Burglary"
0 137 145 202 202 61 1 0 1 "Burglary"
0 137 145 202 202 62 1 0 1 "Burglary"
0 137 145 202 202 63 1 0 1 "Burglary"
0 137 145 202 202 64 1 0 1 "Burglary"
0 137 145 202 202 65 1 0 1 "Burglary"
0 137 145 202 202 66 1 0 1 "Burglary"
0 137 145 202 202 67 1 0 1 "Burglary"
0 137 145 202 202 68 1 0 1 "Burglary"
0 137 145 202 202 69 1 0 1 "Burglary"
0 137 145 202 202 70 1 0 1 "Burglary"
0 137 145 202 202 71 1 0 1 "Burglary"
0 137 145 202 202 72 1 0 1 "Burglary"
0 137 145 202 202 73 1 0 1 "Burglary"
0 137 145 202 202 74 1 0 1 "Burglary"
0 137 145 202 202 75 1 0 1 "Burglary"
0 137 145 202 202 76 1 0 1 "Burglary"
0 137 145 202 202 77 1 0 1 "Burglary"
0 137 145 202 202 78 1 0 1 "Burglary"
0 137 145 202 202 79 1 0 1 "Burglary"
0 137 145 202 202 80 1 0 1 "Burglary"
0 137 145 202 202 81 1 0 1 "Burglary"
0 137 145 202 202 82 1 0 1 "Burglary"
0 137 145 202 202 83 1 0 1 "Burglary"
0 137 145 202 202 84 1 0 1 "Burglary"
0 137 145 202 202 85 1 0 1 "Burglary"
0 137 145 202 202 86 1 0 1 "Burglary"
0 137 145 202 202 87 1 0 1 "Burglary"
0 137 145 202 202 88 1 0 1 "Burglary"
0 137 145 202 202 89 1 0 1 "Burglary"
0 137 145 202 202 90 1 0 1 "Burglary"
0 137 145 202 202 91 0 0 0 "Burglary"
0 136 141 201 201 92 0 0 1 "Burglary"
0 135 137 201 201 93 0 0 1 "Burglary"
0 134 133 201 201 94 0 0 1 "Burglary"
0 133 130 201 201 95 0 0 0 "Burglary"
0 133 129 200 200 96 0 0 1 "Burglary"
0 133 129 200 200 97 0 0 1 "Burglary"
0 133 129 200 200 98 0 0 1 "Burglary"
0 133 129 200 200 99 0 0 1 "Burglary"
0 133 129 200 200 100 0 0 1 "Burglary"
0 133 129 200 200 101 0 0 1 "Burglary"
0 133 129 200 200 102 0 0 1 "Burglary"
0 133 128 200 200 103 0 0 1 "Burglary"
0 133 128 200 200 104 0 0 1 "Burglary"
0 133 128 200 200 105 0 0 1 "Burglary"
0 133 128 200 200 106 0 0 1 "Burglary"
0 133 128 200 200 107 0 0 1 "Burglary"
0 133 128 200 200 108 0 0 1 "Burglary"
0 133 128 200 200 109 0 0 1 "Burglary"
0 133 128 200 200 110 0 0 1 "Burglary"
0 133 127 200 200 111 0 0 1 "Burglary"
0 133 127 200 200 112 0 0 1 "Burglary"
0 133 127 200 200 113 0 0 1 "Burglary"
0 133 127 200 200 114 0 0 1 "Burglary"
0 133 127 200 200 115 0 0 1 "Burglary"
0 133 127 200 200 116 0 0 1 "Burglary"
0 133 127 200 200 117 0 0 1 "Burglary"
0 133 127 200 200 118 0 0 1 "Burglary"
0 133 126 200 200 119 0 0 1 "Burglary"
0 133 126 200 200 120 0 0 1 "Burglary"
0 133 126 200 200 121 0 0 1 "Burglary"
0 133 126 200 200 122 0 0 1 "Burglary"
0 133 126 200 200 123 0 0 1 "Burglary"
0 133 126 200 200 124 0 0 1 "Burglary"
0 133 126 200 200 125 0 0 1 "Burglary"
0 133 126 200 200 126 0 0 1 "Burglary"
0 133 125 199 200 127 0 0 1 "Burglary"
0 133 125 199 200 128 0 0 1 "Burglary"
0 133 125 199 200 129 0 0 1 "Burglary"
0 133 125 199 200 130 0 0 1 "Burglary"
0 133 125 199 200 131 0 0 1 "Burglary"
0 133 125 199 200 132 0 0 1 "Burglary"
0 133 125 199 200 133 0 0 1 "Burglary"
0 133 124 199 200 134 0 0 1 "Burglary"
0 133 124 199 200 135 0 0 1 "Burglary"
0 133 124 199 200 136 0 0 1 "Burglary"
0 133 124 199 200 137 0 0 1 "Burglary"
0 133 124 199 200 138 0 0 1 "Burglary"
0 133 124 199 200 139 0 0 1 "Burglary"
0 133 124 199 200 140 0 0 1 "Burglary"
0 133 124 199 200 141 0 0 1 "Burglary"
0 133 123 199 200 142 0 0 1 "Burglary"
0 133 123 199 200 143 0 0 1 "Burglary"
0 133 123 199 200 144 0 0 1 "Burglary"
0 133 123 199 200 145 0 0 1 "Burglary"
0 133 123 199 200 146 0 0 1 "Burglary"
0 133 123 199 200 147 0 0 1 "Burglary"
0 133 123 199 200 148 0 0 1 "Burglary"
0 133 123 199 200 149 0 0 1 "Burglary"
0 133 122 199 200 150 0 0 1 "Burglary"
0 133 122 199 200 151 0 0 1 "Burglary"
0 133 122 199 200 152 0 0 1 "Burglary"
0 133 122 199 200 153 0 0 1 "Burglary"
0 133 122 199 200 154 0 0 1 "Burglary"
0 133 122 199 200 155 0 0 1 "Burglary"
0 133 122 199 200 156 0 0 1 "Burglary"
0 133 122 199 200 157 0 0 0 "Burglary"
0 133 122 199 200 158 0 0 1 "Burglary"
0 133 123 199 200 159 0 0 1 "Burglary"
0 133 123 199 200 160 0 0 1 "Burglary"
0 133 124 199 200 161 0 0 1 "Burglary"
0 133 124 199 200 162 0 0 1 "Burglary"
0 133 125 199 200 163 0 0 1 "Burglary"
0 133 126 199 200 164 0 0 1 "Burglary"
0 133 126 199 200 165 0 0 1 "Burglary"
0 133 127 199 200 166 0 0 1 "Burglary"
0 133 127 199 200 167 0 0 1 "Burglary"
0 133 128 199 200 168 0 0 1 "Burglary"
0 133 128 199 200 169 0 0 1 "Burglary"
0 133 129 199 200 170 0 0 1 "Burglary"
0 133 130 199 200 171 0 0 1 "Burglary"
0 133 130 199 200 172 0 0 1 "Burglary"
0 133 131 199 200 173 0 0 1 "Burglary"
0 133 131 199 200 174 0 0 1 "Burglary"
0 133 132 199 200 175 0 0 1 "Burglary"
0 133 132 199 200 176 0 0 1 "Burglary"
0 133 133 199 200 177 0 0 1 "Burglary"
0 133 134 199 200 178 0 0 1 "Burglary"
0 133 134 199 200 179 0 0 1 "Burglary"
0 133 135 199 200 180 0 0 1 "Burglary"
0 133 135 199 200 181 0 0 1 "Burglary"
0 133 136 199 200 182 0 0 1 "Burglary"
0 133 136 199 200 183 0 0 1 "Burglary"
0 133 137 199 200 184 0 0 1 "Burglary"
0 133 138 200 201 185 0 0 0 "Burglary"
0 133 138 200 200 186 0 0 1 "Burglary"
0 133 138 200 200 187 0 0 1 "Burglary"
0 133 138 200 200 188 0 0 1 "Burglary"
0 133 138 201 200 189 0 0 1 "Burglary"
0 133 138 201 200 190 0 0 1 "Burglary"
0 133 138 201 200 191 0 0 1 "Burglary"
0 133 138 201 200 192 0 0 1 "Burglary"
0 133 138 202 200 193 0 0 1 "Burglary"
0 133 138 202 200 194 0 0 1 "Burglary"
0 133 138 202 200 195 0 0 1 "Burglary"
0 133 138 202 200 196 0 0 1 "Burglary"
0 133 138 203 200 197 0 0 1 "Burglary"
0 133 138 203 200 198 0 0 1 "Burglary"
0 133 138 203 200 199 0 0 1 "Burglary"
0 133 138 203 200 200 0 0 1 "Burglary"
0 133 138 204 200 201 0 0 1 "Burglary"
0 133 138 204 200 202 0 0 1 "Burglary"
0 133 138 204 200 203 0 0 1 "Burglary"
0 133 138 204 200 204 0 0 1 "Burglary"
0 133 138 205 200 205 0 0 1 "Burglary"
0 133 138 205 200 206 0 0 1 "Burglary"
0 133 138 205 200 207 0 0 1 "Burglary"
0 133 138 205 200 208 0 0 1 "Burglary"
0 133 138 206 200 209 0 0 1 "Burglary"
0 133 138 206 200 210 0 0 1 "Burglary"
0 133 138 206 200 211 0 0 1 "Burglary"
0 133 138 207 200 212 0 0 1 "Burglary"
0 133 138 207 200 213 0 0 1 "Burglary"
0 133 138 207 200 214 0 0 1 "Burglary"
0 133 138 207 200 215 0 0 1 "Burglary"
0 133 138 208 200 216 0 0 1 "Burglary"
0 133 138 208 200 217 0 0 1 "Burglary"
0 133 138 208 200 218 0 0 1 "Burglary"
0 133 138 208 200 219 0 0 1 "Burglary"
0 133 138 209 200 220 0 0 1 "Burglary"
0 133 138 209 200 221 0 0 1 "Burglary"
0 133 138 209 200 222 0 0 1 "Burglary"
0 133 138 209 200 223 0 0 1 "Burglary"
0 133 138 210 200 224 0 0 1 "Burglary"
0 133 138 210 200 225 0 0 1 "Burglary"
0 133 138 210 200 226 0 0 1 "Burglary"
0 133 138 210 200 227 0 0 1 "Burglary"
0 133 138 211 200 228 0 0 1 "Burglary"
0 133 138 211 200 229 0 0 1 "Burglary"
0 133 138 211 200 230 0 0 1 "Burglary"
0 133 138 211 200 231 0 0 1 "Burglary"
0 133 138 212 200 232 0 0 1 "Burglary"
0 133 138 212 200 233 0 0 1 "Burglary"
0 133 138 212 200 234 0 0 1 "Burglary"
0 133 138 213 200 235 0 0 0 "Burglary"
0 133 138 212 200 236 0 0 1 "Burglary"
0 133 138 212 200 237 0 0 1 "Burglary"
0 133 138 212 200 238 0 0 1 "Burglary"
0 133 138 212 200 239 0 0 1 "Burglary"
0 133 138 212 200 240 0 0 1 "Burglary"
0 133 138 212 200 241 0 0 1 "Burglary"
0 133 138 212 200 242 0 0 1 "Burglary"
0 133 138 212 201 243 0 0 1 "Burglary"
0 133 138 212 201 244 0 0 1 "Burglary"
0 133 138 212 201 245 0 0 1 "Burglary"
0 133 138 212 201 246 0 0 1 "Burglary"
0 133 138 212 201 247 0 0 1 "Burglary"
0 133 138 212 201 248 0 0 1 "Burglary"
0 133 138 212 201 249 0 0 1 "Burglary"
0 133 138 212 202 250 0 0 1 "Burglary"
0 133 138 212 202 251 0 0 1 "Burglary"
0 133 138 212 202 252 0 0 1 "Burglary"
0 133 138 212 202 253 0 0 1 "Burglary"
0 133 138 212 202 254 0 0 1 "Burglary"
0 133 138 212 202 255 0 0 1 "Burglary"
0 133 138 212 202 256 0 0 1 "Burglary"
0 133 138 212 202 257 0 0 1 "Burglary"
0 133 138 212 203 258 0 0 1 "Burglary"
0 133 138 212 203 259 0 0 1 "Burglary"
0 133 138 212 203 260 0 0 1 "Burglary"
0 133 138 212 203 261 0 0 1 "Burglary"
0 133 138 212 203 262 0 0 1 "Burglary"
0 133 138 212 203 263 0 0 1 "Burglary"
0 133 138 212 203 264 0 0 1 "Burglary"
0 133 138 212 204 265 0 0 0 "Burglary"
0 133 138 211 204 266 0 0 1 "Burglary"
0 133 138 211 205 267 0 0 1 "Burglary"
0 133 138 211 205 268 0 0 1 "Burglary"
0 133 138 211 206 269 0 0 1 "Burglary"
0 133 138 211 206 270 0 0 1 "Burglary"
0 133 138 211 207 271 0 0 1 "Burglary"
0 133 138 211 207 272 0 0 1 "Burglary"
0 133 138 211 208 273 0 0 1 "Burglary"
0 133 138 211 208 274 0 0 1 "Burglary"
0 133 138 211 209 275 0 0 1 "Burglary"
0 133 138 211 210 276 0 0 1 "Burglary"
0 133 138 211 210 277 0 0 1 "Burglary"
0 133 138 211 211 278 0 0 1 "Burglary"
0 133 138 211 211 279 0 0 1 "Burglary"
0 133 138 211 212 280 0 0 1 "Burglary"
0 133 138 211 212 281 0 0 1 "Burglary"
0 133 138 211 213 282 0 0 1 "Burglary"
0 133 138 211 213 283 0 0 1 "Burglary"
0 133 138 211 214 284 0 0 1 "Burglary"
0 133 138 211 215 285 0 0 0 "Burglary"
0 133 138 212 217 286 0 0 1 "Burglary"
0 133 138 213 219 287 0 0 1 "Burglary"
0 133 138 214 222 288 0 0 1 "Burglary"
0 133 138 215 224 289 0 0 1 "Burglary"
0 133 138 216 227 290 0 0 1 "Burglary"
0 133 138 217 229 291 0 0 1 "Burglary"
0 133 138 218 231 292 0 0 1 "Burglary"
0 133 138 219 234 293 0 0 1 "Burglary"
0 133 138 220 236 294 0 0 1 "Burglary"
0 133 138 221 239 295 0 0 0 "Burglary"
0 133 138 221 238 296 0 0 1 "Burglary"
0 133 138 221 238 297 0 0 1 "Burglary"
0 133 138 221 238 298 0 0 1 "Burglary"
0 133 138 221 238 299 0 0 1 "Burglary"
0 133 138 222 238 300 0 0 1 "Burglary"
0 133 138 222 238 301 0 0 1 "Burglary"
0 133 138 222 238 302 0 0 1 "Burglary"
0 133 138 222 238 303 0 0 1 "Burglary"
0 133 138 222 238 304 0 0 1 "Burglary"
0 133 138 223 238 305 0 0 0 "Burglary"
0 133 138 224 238 306 0 0 1 "Burglary"
0 133 138 226 238 307 0 0 1 "Burglary"
0 133 138 228 238 308 0 0 1 "Burglary"
0 133 138 229 238 309 0 0 1 "Burglary"
0 133 138 231 238 310 0 0 1 "Burglary"
0 133 138 233 238 311 0 0 1 "Burglary"
0 133 138 234 238 312 0 0 1 "Burglary"
0 133 138 236 238 313 0 0 1 "Burglary"
0 133 138 238 238 314 0 0 1 "Burglary"
0 133 138 240 239 315 0 0 0 "Burglary"
0 134 136 239 239 316 0 0 1 "Burglary"
0 135 134 238 239 317 0 0 1 "Burglary"
0 136 132 238 239 318 0 0 1 "Burglary"
0 137 130 237 239 319 0 0 1 "Burglary"
0 139 129 237 239 320 0 0 1 "Burglary"
0 140 127 236 239 321 0 0 1 "Burglary"
0 141 125 235 239 322 0 0 1 "Burglary"
0 142 123 235 239 323 0 0 1 "Burglary"
0 143 121 234 239 324 0 0 1 "Burglary"
0 145 120 234 239 325 0 0 0 "Burglary"
0 145 118 234 239 326 0 0 1 "Burglary"
0 146 117 235 239 327 0 0 1 "Burglary"
0 147 116 236 239 328 0 0 1 "Burglary"
0 148 115 236 239 329 0 0 1 "Burglary"
0 149 114 237 239 330 0 0 1 "Burglary"
0 149 113 238 239 331 0 0 1 "Burglary"
0 150 112 238 239 332 0 0 1 "Burglary"
0 151 111 239 239 333 0 0 1 "Burglary"
0 152 110 240 239 334 0 0 1 "Burglary"
0 153 109 241 239 335 0 0 0 "Burglary"
0 153 109 239 239 336 0 0 1 "Burglary"
0 153 109 238 239 337 0 0 1 "Burglary"
0 153 109 237 239 338 0 0 1 "Burglary"
0 153 110 235 239 339 0 0 1 "Burglary"
0 154 110 234 239 340 0 0 1 "Burglary"
0 154 110 233 239 341 0 0 1 "Burglary"
0 154 111 231 239 342 0 0 1 "Burglary"
0 154 111 230 239 343 0 0 1 "Burglary"
0 154 111 229 239 344 0 0 1 "Burglary"
0 155 112 228 239 345 0 0 0 "Burglary"
0 155 112 228 239 346 0 0 1 "Burglary"
0 155 112 228 239 347 0 0 1 "Burglary"
0 155 113 228 239 348 0 0 1 "Burglary"
0 156 113 229 239 349 0 0 1 "Burglary"
0 156 113 229 239 350 0 0 1 "Burglary"
0 156 114 229 239 351 0 0 1 "Burglary"
0 157 114 230 239 352 0 0 1 "Burglary"
0 157 114 230 239 353 0 0 1 "Burglary"
0 157 115 230 239 354 0 0 1 "Burglary"
0 158 115 231 239 355 0 0 1 "Burglary"
0 158 115 231 239 356 0 0 1 "Burglary"
0 158 116 231 239 357 0 0 1 "Burglary"
0 158 116 231 239 358 0 0 1 "Burglary"
0 159 116 232 239 359 0 0 1 "Burglary"
0 159 117 232 239 360 0 0 1 "Burglary"
0 159 117 232 239 361 0 0 1 "Burglary"
0 160 117 233 239 362 0 0 1 "Burglary"
0 160 118 233 239 363 0 0 1 "Burglary"
0 160 118 233 239 364 0 0 1 "Burglary"
0 161 119 234 239 365 0 0 0 "Burglary"
0 162 119 235 239 366 0 0 1 "Burglary"
0 163 119 236 239 367 0 0 1 "Burglary"
0 164 119 237 239 368 0 0 1 "Burglary"
0 165 119 238 239 369 0 0 1 "Burglary"
0 166 119 239 239 370 0 0 1 "Burglary"
0 167 119 240 239 371 0 0 1 "Burglary"
0 168 119 241 239 372 0 0 1 "Burglary"
0 169 119 242 239 373 0 0 1 "Burglary"
0 170 119 243 239 374 0 0 1 "Burglary"
0 171 120 244 239 375 0 0 0 "Burglary"
0 171 119 243 239 376 0 0 1 "Burglary"
0 171 118 243 239 377 0 0 1 "Burglary"
0 171 117 243 239 378 0 0 1 "Burglary"
0 171 116 243 239 379 0 0 1 "Burglary"
0 171 115 243 239 380 0 0 1 "Burglary"
0 171 114 243 239 381 0 0 1 "Burglary"
0 171 113 243 239 382 0 0 1 "Burglary"
0 171 112 243 239 383 0 0 1 "Burglary"
0 171 111 243 239 384 0 0 1 "Burglary"
0 171 111 243 239 385 0 0 0 "Burglary"
0 170 111 242 239 386 0 0 1 "Burglary"
0 170 111 242 239 387 0 0 1 "Burglary"
0 170 111 242 239 388 0 0 1 "Burglary"
0 170 112 242 239 389 0 0 1 "Burglary"
0 170 112 242 239 390 0 0 1 "Burglary"
0 170 112 242 239 391 0 0 1 "Burglary"
0 170 113 242 239 392 0 0 1 "Burglary"
0 170 113 242 239 393 0 0 1 "Burglary"
0 170 113 242 239 394 0 0 1 "Burglary"
0 170 114 242 239 395 0 0 0 "Burglary"
0 168 114 240 239 396 0 0 1 "Burglary"
0 167 114 239 239 397 0 0 1 "Burglary"
0 165 114 237 239 398 0 0 1 "Burglary"
0 164 114 236 239 399 0 0 1 "Burglary"
0 163 114 235 239 400 0 0 1 "Burglary"
0 161 114 233 239 401 0 0 1 "Burglary"
0 160 114 232 239 402 0 0 1 "Burglary"
0 158 114 230 239 403 0 0 1 "Burglary"
0 157 114 229 239 404 0 0 1 "Burglary"
0 156 115 228 239 405 0 0 0 "Burglary"
0 155 115 227 239 406 0 0 1 "Burglary"
0 155 115 227 239 407 0 0 1 "Burglary"
0 155 115 227 239 408 0 0 1 "Burglary"
0 155 115 227 239 409 0 0 1 "Burglary"
0 155 115 227 239 410 0 0 1 "Burglary"
0 155 115 227 239 411 0 0 1 "Burglary"
0 155 115 227 239 412 0 0 1 "Burglary"
0 155 115 227 239 413 0 0 1 "Burglary"
0 155 115 227 239 414 0 0 1 "Burglary"
0 155 115 227 239 415 0 0 0 "Burglary"
0 155 115 227 239 416 0 0 1 "Burglary"
0 156 115 228 239 417 0 0 1 "Burglary"
0 156 115 228 239 418 0 0 1 "Burglary"
0 157 116 229 239 419 0 0 1 "Burglary"
0 157 116 229 239 420 0 0 1 "Burglary"
0 158 116 230 239 421 0 0 1 "Burglary"
0 158 117 230 239 422 0 0 1 "Burglary"
0 159 117 231 239 423 0 0 1 "Burglary"
0 159 117 231 239 424 0 0 1 "Burglary"
0 160 118 232 239 425 0 0 0 "Burglary"
0 160 118 233 239 426 0 0 1 "Burglary"
0 161 118 234 239 427 0 0 1 "Burglary"
0 161 118 236 239 428 0 0 1 "Burglary"
0 162 118 237 239 429 0 0 1 "Burglary"
0 163 118 239 239 430 0 0 1 "Burglary"
0 163 118 240 239 431 0 0 1 "Burglary"
0 164 118 241 239 432 0 0 1 "Burglary"
0 164 118 243 239 433 0 0 1 "Burglary"
0 165 118 244 239 434 0 0 1 "Burglary"
0 166 119 246 239 435 0 0 0 "Burglary"
0 164 119 246 239 436 0 0 1 "Burglary"
0 163 120 246 239 437 0 0 1 "Burglary"
0 162 120 246 239 438 0 0 1 "Burglary"
0 160 121 246 239 439 0 0 1 "Burglary"
0 159 121 246 239 440 0 0 1 "Burglary"
0 158 122 246 239 441 0 0 1 "Burglary"
0 156 122 246 239 442 0 0 1 "Burglary"
0 155 123 246 239 443 0 0 1 "Burglary"
0 154 123 246 239 444 0 0 1 "Burglary"
0 153 124 247 239 445 0 0 0 "Burglary"
0 149 124 246 239 446 0 0 1 "Burglary"
0 146 124 246 239 447 0 0 1 "Burglary"
0 143 124 246 239 448 0 0 1 "Burglary"
0 140 124 246 239 449 0 0 1 "Burglary"
0 137 125 246 239 450 0 0 1 "Burglary"
0 134 125 246 239 451 0 0 1 "Burglary"
0 131 125 246 239 452 0 0 1 "Burglary"
0 128 125 246 239 453 0 0 1 "Burglary"
0 125 125 246 239 454 0 0 1 "Burglary"
0 122 126 246 239 455 0 0 0 "Burglary"
0 122 126 246 238 456 0 0 1 "Burglary"
0 123 127 246 238 457 0 0 1 "Burglary"
0 124 127 247 238 458 0 0 1 "Burglary"
0 125 128 247 238 459 0 0 1 "Burglary"
0 126 128 247 238 460 0 0 1 "Burglary"
0 127 129 248 238 461 0 0 1 "Burglary"
0 128 129 248 238 462 0 0 1 "Burglary"
0 129 130 249 238 463 0 0 1 "Burglary"
0 130 130 249 238 464 0 0 1 "Burglary"
0 131 131 249 238 465 0 0 1 "Burglary"
0 132 131 250 238 466 0 0 1 "Burglary"
0 133 132 250 238 467 0 0 1 "Burglary"
0 134 132 251 238 468 0 0 1 "Burglary"
0 135 133 251 238 469 0 0 1 "Burglary"
0 136 133 251 238 470 0 0 1 "Burglary"
0 137 134 252 238 471 0 0 1 "Burglary"
0 138 134 252 238 472 0 0 1 "Burglary"
0 139 135 253 238 473 1 0 0 "Burglary"
0 139 138 253 238 474 1 0 1 "Burglary"
0 140 141 253 238 475 1 0 1 "Burglary"
0 141 145 254 238 476 1 0 1 "Burglary"
0 141 148 254 238 477 1 0 1 "Burglary"
0 142 152 255 238 478 1 0 1 "Burglary"
0 143 155 255 238 479 1 0 1 "Burglary"
0 144 159 256 239 480 1 0 0 "Burglary"
0 144 158 256 239 481 1 0 1 "Burglary"
0 144 158 256 239 482 1 0 1 "Burglary"
0 144 158 256 239 483 1 0 1 "Burglary"
0 144 158 256 239 484 1 0 1 "Burglary"
0 144 158 256 239 485 1 0 1 "Burglary"
0 144 158 256 239 486 1 0 1 "Burglary"
0 144 158 256 239 487 1 0 1 "Burglary"
0 144 158 257 239 488 1 0 1 "Burglary"
0 144 157 257 239 489 1 0 1 "Burglary"
0 144 157 257 239 490 1 0 1 "Burglary"
0 144 157 257 239 491 1 0 1 "Burglary"
0 144 157 257 239 492 1 0 1 "Burglary"
0 144 157 257 239 493 1 0 1 "Burglary"
0 145 157 257 239 494 1 0 1 "Burglary"
0 145 157 258 239 495 1 0 1 "Burglary"
0 145 157 258 239 496 1 0 1 "Burglary"
0 145 156 258 239 497 1 0 1 "Burglary"
0 145 156 258 239 498 1 0 1 "Burglary"
0 145 156 258 239 499 1 0 1 "Burglary"
0 145 156 258 239 500 1 0 1 "Burglary"
0 145 156 258 239 501 1 0 1 "Burglary"
0 145 156 259 239 502 1 0 1 "Burglary"
0 145 156 259 239 503 1 0 1 "Burglary"
0 145 156 259 239 504 1 0 1 "Burglary"
0 145 156 259 239 505 1 0 1 "Burglary"
0 145 155 259 239 506 1 0 1 "Burglary"
0 145 155 259 239 507 1 0 1 "Burglary"
0 146 155 259 239 508 1 0 1 "Burglary"
0 146 155 260 239 509 1 0 1 "Burglary"
0 146 155 260 239 510 1 0 1 "Burglary"
0 146 155 260 239 511 1 0 1 "Burglary"
0 146 155 260 239 512 1 0 1 "Burglary"
0 146 155 260 239 513 1 0 1 "Burglary"
0 146 154 260 239 514 1 0 1 "Burglary"
0 146 154 260 239 515 1 0 1 "Burglary"
0 146 154 261 239 516 1 0 1 "Burglary"
0 146 154 261 239 517 1 0 1 "Burglary"
0 146 154 261 239 518 1 0 1 "Burglary"
0 146 154 261 239 519 1 0 1 "Burglary"
0 146 154 261 239 520 1 0 1 "Burglary"
0 146 154 261 239 521 1 0 1 "Burglary"
0 147 153 261 239 522 1 0 1 "Burglary"
0 147 153 261 239 523 1 0 1 "Burglary"
0 147 153 262 239 524 1 0 1 "Burglary"
0 147 153 262 239 525 1 0 1 "Burglary"
0 147 153 262 239 526 1 0 1 "Burglary"
0 147 153 262 239 527 1 0 1 "Burglary"
0 147 153 262 239 528 1 0 1 "Burglary"
0 147 153 262 239 529 1 0 1 "Burglary"
0 147 153 262 239 530 1 0 1 "Burglary"
0 147 152 263 239 531 1 0 1 "Burglary"
0 147 152 263 239 532 1 0 1 "Burglary"
0 147 152 263 239 533 1 0 1 "Burglary"
0 147 152 263 239 534 1 0 1 "Burglary"
0 148 152 263 239 535 1 0 1 "Burglary"
0 148 152 263 239 536 1 0 1 "Burglary"
0 148 152 263 239 537 1 0 1 "Burglary"
0 148 152 264 239 538 1 0 1 "Burglary"
0 148 151 264 239 539 1 0 1 "Burglary"
0 148 151 264 239 540 1 0 1 "Burglary"
0 148 151 264 239 541 1 0 1 "Burglary"
0 148 151 264 239 542 1 0 1 "Burglary"
0 148 151 264 239 543 1 0 1 "Burglary"
0 148 151 264 239 544 1 0 1 "Burglary"
0 148 151 265 239 545 1 0 1 "Burglary"
0 148 151 265 239 546 1 0 1 "Burglary"
0 148 150 265 239 547 1 0 1 "Burglary"
0 148 150 265 239 548 1 0 1 "Burglary"
0 149 150 265 239 549 1 0 1 "Burglary"
0 149 150 265 239 550 1 0 1 "Burglary"
0 149 150 265 239 551 1 0 1 "Burglary"
0 149 150 266 239 552 1 0 1 "Burglary"
0 149 150 266 239 553 1 0 1 "Burglary"
0 149 150 266 239 554 1 0 1 "Burglary"
0 149 150 266 239 555 1 0 1 "Burglary"
0 149 149 266 239 556 1 0 1 "Burglary"
0 149 149 266 239 557 1 0 1 "Burglary"
0 149 149 266 239 558 1 0 1 "Burglary"
0 149 149 267 239 559 1 0 1 "Burglary"
0 149 149 267 239 560 1 0 1 "Burglary"
0 149 149 267 239 561 1 0 1 "Burglary"
0 149 149 267 239 562 1 0 1 "Burglary"
0 150 149 267 239 563 1 0 1 "Burglary"
0 150 148 267 239 564 1 0 1 "Burglary"
0 150 148 267 239 565 1 0 1 "Burglary"
0 150 148 267 239 566 1 0 1 "Burglary"
0 150 148 268 239 567 1 0 1 "Burglary"
0 150 148 268 239 568 1 0 1 "Burglary"
0 150 148 268 239 569 1 0 1 "Burglary"
0 150 148 268 239 570 1 0 1 "Burglary"
0 150 148 268 239 571 1 0 1 "Burglary"
0 150 148 268 239 572 1 0 1 "Burglary"
0 150 147 268 239 573 1 0 1 "Burglary"
0 150 147 269 239 574 1 0 1 "Burglary"
0 150 147 269 239 575 1 0 1 "Burglary"
0 151 147 269 239 576 1 0 1 "Burglary"
0 151 147 269 239 577 1 0 1 "Burglary"
0 151 147 269 239 578 1 0 1 "Burglary"
0 151 147 269 239 579 1 0 1 "Burglary"
0 151 147 269 239 580 1 0 1 "Burglary"
0 151 146 270 239 581 1 0 1 "Burglary"
0 151 146 270 239 582 1 0 1 "Burglary"
0 151 146 270 239 583 1 0 1 "Burglary"
0 151 146 270 239 584 1 0 1 "Burglary"
0 151 146 270 239 585 1 0 1 "Burglary"
0 151 146 270 239 586 1 0 1 "Burglary"
0 151 146 270 239 587 1 0 1 "Burglary"
0 151 146 271 239 588 1 0 1 "Burglary"
0 151 145 271 239 589 1 0 1 "Burglary"
0 152 145 271 239 590 1 0 1 "Burglary"
0 152 145 271 239 591 1 0 1 "Burglary"
0 152 145 271 239 592 1 0 1 "Burglary"
0 152 145 271 239 593 1 0 1 "Burglary"
0 152 145 271 239 594 1 0 1 "Burglary"
0 152 145 272 239 595 1 0 1 "Burglary"
0 152 145 272 239 596 1 0 1 "Burglary"
0 152 145 272 239 597 1 0 1 "Burglary"
0 152 144 272 239 598 1 0 1 "Burglary"
0 152 144 272 239 599 1 0 1 "Burglary"
0 152 144 272 239 600 1 0 1 "Burglary"
0 152 144 272 239 601 1 0 1 "Burglary"
0 152 144 273 239 602 1 0 1 "Burglary"
0 152 144 273 239 603 1 0 1 "Burglary"
0 153 144 273 239 604 1 0 1 "Burglary"
0 153 144 273 239 605 1 0 1 "Burglary"
0 153 143 273 239 606 1 0 1 "Burglary"
0 153 143 273 239 607 1 0 1 "Burglary"
0 153 143 273 239 608 1 0 1 "Burglary"
0 153 143 273 239 609 1 0 1 "Burglary"
0 153 143 274 239 610 1 0 1 "Burglary"
0 153 143 274 239 611 1 0 1 "Burglary"
0 153 143 274 239 612 1 0 1 "Burglary"
0 153 143 274 239 613 1 0 1 "Burglary"
0 153 142 274 239 614 1 0 1 "Burglary"
0 153 142 274 239 615 1 0 1 "Burglary"
0 153 142 274 239 616 1 0 1 "Burglary"
0 154 142 275 239 617 1 0 1 "Burglary"
0 154 142 275 239 618 1 0 1 "Burglary"
0 154 142 275 239 619 1 0 1 "Burglary"
0 154 142 275 239 620 1 0 1 "Burglary"
0 154 142 275 239 621 1 0 1 "Burglary"
0 154 142 275 239 622 1 0 1 "Burglary"
0 154 141 275 239 623 1 0 1 "Burglary"
0 154 141 276 239 624 1 0 1 "Burglary"
0 154 141 276 239 625 1 0 1 "Burglary"
0 154 141 276 239 626 1 0 1 "Burglary"
0 154 141 276 239 627 1 0 1 "Burglary"
0 154 141 276 239 628 1 0 1 "Burglary"
0 154 141 276 239 629 1 0 1 "Burglary"
0 154 141 276 239 630 1 0 1 "Burglary"
0 155 140 277 239 631 1 0 1 "Burglary"
0 155 140 277 239 632 1 0 1 "Burglary"
0 155 140 277 239 633 1 0 1 "Burglary"
0 155 140 277 239 634 1 0 1 "Burglary"
0 155 140 277 239 635 1 0 1 "Burglary"
0 155 140 277 239 636 1 0 1 "Burglary"
0 155 140 277 239 637 1 0 1 "Burglary"
0 155 140 278 239 638 1 0 1 "Burglary"
0 155 140 278 239 639 1 0 1 "Burglary"
0 155 139 278 239 640 1 0 1 "Burglary"
0 155 139 278 239 641 1 0 1 "Burglary"
0 155 139 278 239 642 1 0 1 "Burglary"
0 155 139 278 239 643 1 0 1 "Burglary"
0 155 139 278 239 644 1 0 1 "Burglary"
0 156 139 278 239 645 1 0 1 "Burglary"
0 156 139 279 239 646 1 0 1 "Burglary"
0 156 139 279 239 647 1 0 1 "Burglary"
0 156 138 279 239 648 1 0 1 "Burglary"
0 156 138 279 239 649 1 0 1 "Burglary"
0 156 138 279 239 650 1 0 1 "Burglary"
0 156 138 279 239 651 1 0 1 "Burglary"
0 156 138 279 239 652 1 0 1 "Burglary"
0 156 138 280 239 653 1 0 1 "Burglary"
0 156 138 280 239 654 1 0 1 "Burglary"
0 156 138 280 239 655 1 0 1 "Burglary"
0 156 137 280 239 656 1 0 1 "Burglary"
0 156 137 280 239 657 1 0 1 "Burglary"
0 156 137 280 239 658 1 0 1 "Burglary"
0 157 137 280 239 659 1 0 1 "Burglary"
0 157 137 281 239 660 1 0 1 "Burglary"
0 157 137 281 239 661 1 0 1 "Burglary"
0 157 137 281 239 662 1 0 1 "Burglary"
0 157 137 281 239 663 1 0 1 "Burglary"
0 157 137 281 239 664 1 0 1 "Burglary"
0 157 136 281 239 665 1 0 1 "Burglary"
0 157 136 281 239 666 1 0 1 "Burglary"
0 157 136 282 239 667 1 0 1 "Burglary"
0 157 136 282 239 668 1 0 1 "Burglary"
0 157 136 282 239 669 1 0 1 "Burglary"
0 157 136 282 239 670 1 0 1 "Burglary"
0 157 136 282 239 671 1 0 1 "Burglary"
0 158 136 282 239 672 1 0 1 "Burglary"
0 158 135 282 239 673 1 0 1 "Burglary"
0 158 135 283 239 674 1 0 1 "Burglary"
0 158 135 283 239 675 1 0 1 "Burglary"
0 158 135 283 239 676 1 0 1 "Burglary"
0 158 135 283 239 677 1 0 1 "Burglary"
0 158 135 283 239 678 1 0 1 "Burglary"
0 158 135 283 239 679 1 0 1 "Burglary"
0 158 135 283 239 680 1 0 1 "Burglary"
0 158 134 284 239 681 1 0 1 "Burglary"
0 158 134 284 239 682 1 0 1 "Burglary"
0 158 134 284 239 683 1 0 1 "Burglary"
0 158 134 284 239 684 1 0 1 "Burglary"
0 158 134 284 239 685 1 0 1 "Burglary"
0 159 134 284 239 686 1 0 1 "Burglary"
0 159 134 284 239 687 1 0 1 "Burglary"
0 159 134 284 239 688 1 0 1 "Burglary"
0 159 134 285 239 689 1 0 1 "Burglary"
0 159 133 285 239 690 1 0 1 "Burglary"
0 159 133 285 239 691 1 0 1 "Burglary"
0 159 133 285 239 692 1 0 1 "Burglary"
0 159 133 285 239 693 1 0 1 "Burglary"
0 159 133 285 239 694 1 0 1 "Burglary"
0 159 133 285 239 695 1 0 1 "Burglary"
0 159 133 286 239 696 1 0 1 "Burglary"
0 159 133 286 239 697 1 0 1 "Burglary"
0 159 132 286 239 698 1 0 1 "Burglary"
0 159 132 286 239 699 1 0 1 "Burglary"
0 160 132 286 239 700 1 0 1 "Burglary"
0 160 132 286 239 701 1 0 1 "Burglary"
0 160 132 286 239 702 1 0 1 "Burglary"
0 160 132 287 239 703 1 0 1 "Burglary"
0 160 132 287 239 704 1 0 1 "Burglary"
0 160 132 287 239 705 1 0 1 "Burglary"
0 160 132 287 239 706 1 0 1 "Burglary"
0 160 131 287 239 707 1 0 1 "Burglary"
0 160 131 287 239 708 1 0 1 "Burglary"
0 160 131 287 239 709 1 0 1 "Burglary"
0 160 131 288 239 710 1 0 1 "Burglary"
0 160 131 288 239 711 1 0 1 "Burglary"
0 160 131 288 239 712 1 0 1 "Burglary"
0 161 131 288 239 713 1 0 1 "Burglary"
0 161 131 288 239 714 1 0 1 "Burglary"
0 161 130 288 239 715 1 0 1 "Burglary"
0 161 130 288 239 716 1 0 1 "Burglary"
0 161 130 289 239 717 1 0 1 "Burglary"
0 161 130 289 239 718 1 0 1 "Burglary"
0 161 130 289 239 719 1 0 1 "Burglary"
0 161 130 289 239 720 1 0 1 "Burglary"
0 161 130 289 239 721 1 0 1 "Burglary"
0 161 130 289 239 722 1 0 1 "Burglary"
0 161 129 289 239 723 1 0 1 "Burglary"
0 161 129 290 239 724 1 0 1 "Burglary"
0 161 129 290 239 725 1 0 1 "Burglary"
0 161 129 290 239 726 1 0 1 "Burglary"
0 162 129 290 239 727 1 0 1 "Burglary"
0 162 129 290 239 728 1 0 1 "Burglary"
0 162 129 290 239 729 1 0 1 "Burglary"
0 162 129 290 239 730 1 0 1 "Burglary"
0 162 129 290 239 731 1 0 1 "Burglary"
0 162 128 291 239 732 1 0 1 "Burglary"
0 162 128 291 239 733 1 0 1 "Burglary"
0 162 128 291 239 734 1 0 1 "Burglary"
0 162 128 291 239 735 1 0 1 "Burglary"
0 162 128 291 239 736 1 0 1 "Burglary"
0 162 128 291 239 737 1 0 1 "Burglary"
0 162 128 291 239 738 1 0 1 "Burglary"
0 162 128 292 239 739 1 0 1 "Burglary"
0 162 127 292 239 740 1 0 1 "Burglary"
0 163 127 292 239 741 1 0 1 "Burglary"
0 163 127 292 239 742 1 0 1 "Burglary"
0 163 127 292 239 743 1 0 1 "Burglary"
0 163 127 292 239 744 1 0 1 "Burglary"
0 163 127 292 239 745 1 0 1 "Burglary"
0 163 127 293 239 746 1 0 1 "Burglary"
0 163 127 293 239 747 1 0 1 "Burglary"
0 163 126 293 239 748 1 0 1 "Burglary"
0 163 126 293 239 749 1 0 1 "Burglary"
0 163 126 293 239 750 1 0 1 "Burglary"
0 163 126 293 239 751 1 0 1 "Burglary"
0 163 126 293 239 752 1 0 1 "Burglary"
0 163 126 294 239 753 1 0 1 "Burglary"
0 164 126 294 239 754 1 0 1 "Burglary"
0 164 126 294 239 755 1 0 1 "Burglary"
0 164 126 294 239 756 1 0 1 "Burglary"
0 164 125 294 239 757 1 0 1 "Burglary"
0 164 125 294 239 758 1 0 1 "Burglary"
0 164 125 294 239 759 1 0 1 "Burglary"
0 164 125 295 239 760 1 0 1 "Burglary"
0 164 125 295 239 761 1 0 1 "Burglary"
0 164 125 295 239 762 1 0 1 "Burglary"
0 164 125 295 239 763 1 0 1 "Burglary"
0 164 125 295 239 764 1 0 1 "Burglary"
0 164 124 295 239 765 1 0 1 "Burglary"
0 164 124 295 239 766 1 0 1 "Burglary"
0 164 124 296 239 767 1 0 1 "Burglary"
0 165 124 296 239 768 1 0 1 "Burglary"
0 165 124 296 239 769 1 0 1 "Burglary"
0 165 124 296 239 770 1 0 1 "Burglary"
0 165 124 296 239 771 1 0 1 "Burglary"
0 165 124 296 239 772 1 0 1 "Burglary"
0 165 123 296 239 773 1 0 1 "Burglary"
0 165 123 296 239 774 1 0 1 "Burglary"
0 165 123 297 239 775 1 0 1 "Burglary"
0 165 123 297 239 776 1 0 1 "Burglary"
0 165 123 297 239 777 1 0 1 "Burglary"
0 165 123 297 239 778 1 0 1 "Burglary"
0 165 123 297 239 779 1 0 1 "Burglary"
0 165 123 297 239 780 1 0 1 "Burglary"
0 165 123 297 239 781 1 0 1 "Burglary"
0 166 122 298 239 782 1 0 1 "Burglary"
0 166 122 298 239 783 1 0 1 "Burglary"
0 166 122 298 239 784 1 0 1 "Burglary"
0 166 122 298 239 785 1 0 1 "Burglary"
0 166 122 298 239 786 1 0 1 "Burglary"
0 166 122 298 239 787 1 0 1 "Burglary"
0 166 122 298 239 788 1 0 1 "Burglary"
0 166 122 299 239 789 1 0 1 "Burglary"
0 166 121 299 239 790 1 0 1 "Burglary"
0 166 121 299 239 791 1 0 1 "Burglary"
0 166 121 299 239 792 1 0 1 "Burglary"
0 166 121 299 239 793 1 0 1 "Burglary"
0 166 121 299 239 794 1 0 1 "Burglary"
0 166 121 299 239 795 1 0 1 "Burglary"
0 167 121 300 239 796 1 0 1 "Burglary"
0 167 121 300 239 797 1 0 1 "Burglary"
0 167 121 300 239 798 1 0 1 "Burglary"
0 167 120 300 239 799 1 0 1 "Burglary"
0 167 120 300 239 800 1 0 1 "Burglary"
0 167 120 300 239 801 1 0 1 "Burglary"
0 167 120 300 239 802 1 0 1 "Burglary"
0 167 120 301 239 803 1 0 1 "Burglary"
0 167 120 301 239 804 1 0 1 "Burglary"
0 167 120 301 239 805 1 0 1 "Burglary"
0 167 120 301 239 806 1 0 1 "Burglary"
0 167 119 301 239 807 1 0 1 "Burglary"
0 167 119 301 239 808 1 0 1 "Burglary"
0 168 119 301 239 809 1 0 1 "Burglary"
0 168 119 301 239 810 1 0 1 "Burglary"
0 168 119 302 239 811 1 0 1 "Burglary"
0 168 119 302 239 812 1 0 1 "Burglary"
0 168 119 302 239 813 1 0 1 "Burglary"
0 168 119 302 239 814 1 0 1 "Burglary"
0 168 118 302 239 815 1 0 1 "Burglary"
0 168 118 302 239 816 1 0 1 "Burglary"
0 168 118 302 239 817 1 0 1 "Burglary"
0 168 118 303 239 818 1 0 1 "Burglary"
0 168 118 303 239 819 1 0 1 "Burglary"
0 168 118 303 239 820 1 0 1 "Burglary"
0 168 118 303 239 821 1 0 1 "Burglary"
0 168 118 303 239 822 1 0 1 "Burglary"
0 169 118 303 239 823 1 0 1 "Burglary"
0 169 117 303 239 824 1 0 1 "Burglary"
0 169 117 304 239 825 1 0 1 "Burglary"
0 169 117 304 239 826 1 0 1 "Burglary"
0 169 117 304 239 827 1 0 1 "Burglary"
0 169 117 304 239 828 1 0 1 "Burglary"
0 169 117 304 239 829 1 0 1 "Burglary"
0 169 117 304 239 830 1 0 1 "Burglary"
0 169 117 304 239 831 1 0 1 "Burglary"
0 169 116 305 239 832 1 0 1 "Burglary"
0 169 116 305 239 833 1 0 1 "Burglary"
0 169 116 305 239 834 1 0 1 "Burglary"
0 169 116 305 239 835 1 0 1 "Burglary"
0 169 116 305 239 836 1 0 1 "Burglary"
0 170 116 305 239 837 1 0 1 "Burglary"
0 170 116 305 239 838 1 0 1 "Burglary"
0 170 116 306 239 839 1 0 1 "Burglary"
0 170 115 306 239 840 1 0 1 "Burglary"
0 170 115 306 239 841 1 0 1 "Burglary"
0 170 115 306 239 842 1 0 1 "Burglary"
0 170 115 306 239 843 1 0 1 "Burglary"
0 170 115 306 239 844 1 0 1 "Burglary"
0 170 115 306 239 845 1 0 1 "Burglary"
0 170 115 307 239 846 1 0 1 "Burglary"
0 170 115 307 239 847 1 0 1 "Burglary"
0 170 115 307 239 848 1 0 1 "Burglary"
0 170 114 307 239 849 1 0 1 "Burglary"
0 171 114 307 239 850 1 0 1 "Burglary"
0 171 114 307 239 851 1 0 1 "Burglary"
0 171 114 307 239 852 1 0 1 "Burglary"
0 171 114 307 239 853 1 0 1 "Burglary"
0 171 114 308 239 854 1 0 1 "Burglary"
0 171 114 308 239 855 1 0 1 "Burglary"
0 171 114 308 239 856 1 0 1 "Burglary"
0 171 113 308 239 857 1 0 1 "Burglary"
0 171 113 308 239 858 1 0 1 "Burglary"
0 171 113 308 239 859 1 0 1 "Burglary"
0 171 113 308 239 860 1 0 1 "Burglary"
0 171 113 309 239 861 1 0 1 "Burglary"
0 171 113 309 239 862 1 0 1 "Burglary"
0 171 113 309 239 863 1 0 1 "Burglary"
0 172 113 309 239 864 1 0 1 "Burglary"
0 172 113 309 239 865 1 0 1 "Burglary"
0 172 112 309 239 866 1 0 1 "Burglary"
0 172 112 309 239 867 1 0 1 "Burglary"
0 172 112 310 239 868 1 0 1 "Burglary"
0 172 112 310 239 869 1 0 1 "Burglary"
0 172 112 310 239 870 1 0 1 "Burglary"
0 172 112 310 239 871 1 0 1 "Burglary"
0 172 112 310 239 872 1 0 1 "Burglary"
0 172 112 310 239 873 1 0 1 "Burglary"
0 172 111 310 239 874 1 0 1 "Burglary"
0 172 111 311 239 875 1 0 1 "Burglary"
0 172 111 311 239 876 1 0 1 "Burglary"
0 172 111 311 239 877 1 0 1 "Burglary"
0 173 111 311 239 878 1 0 1 "Burglary"
0 173 111 311 239 879 1 0 1 "Burglary"
0 173 111 311 239 880 1 0 1 "Burglary"
0 173 111 311 239 881 1 0 1 "Burglary"
0 173 110 312 239 882 1 0 1 "Burglary"
0 173 110 312 239 883 1 0 1 "Burglary"
0 173 110 312 239 884 1 0 1 "Burglary"
0 173 110 312 239 885 1 0 1 "Burglary"
0 173 110 312 239 886 1 0 1 "Burglary"
0 173 110 312 239 887 1 0 1 "Burglary"
0 173 110 312 239 888 1 0 1 "Burglary"
0 173 110 313 239 889 1 0 1 "Burglary"
0 173 110 313 239 890 1 0 1 "Burglary"
0 174 109 313 239 891 1 0 1 "Burglary"
0 174 109 313 239 892 1 0 1 "Burglary"
0 174 109 313 239 893 1 0 1 "Burglary"
0 174 109 313 239 894 1 0 1 "Burglary"
0 174 109 313 239 895 1 0 1 "Burglary"
0 174 109 313 239 896 1 0 1 "Burglary"
0 174 109 314 239 897 1 0 1 "Burglary"
0 174 109 314 239 898 1 0 1 "Burglary"
0 174 108 314 239 899 1 0 1 "Burglary"
0 174 108 314 239 900 1 0 1 "Burglary"
0 174 108 314 239 901 1 0 1 "Burglary"
0 174 108 314 239 902 1 0 1 "Burglary"
0 174 108 314 239 903 1 0 1 "Burglary"
0 174 108 315 239 904 1 0 1 "Burglary"
0 175 108 315 239 905 1 0 1 "Burglary"
0 175 108 315 239 906 1 0 1 "Burglary"
0 175 107 315 239 907 1 0 1 "Burglary"
0 175 107 315 239 908 1 0 1 "Burglary"
0 175 107 315 239 909 1 0 1 "Burglary"
0 175 107 315 239 910 1 0 1 "Burglary"
0 175 107 316 239 911 1 0 1 "Burglary"
0 175 107 316 239 912 1 0 1 "Burglary"
0 175 107 316 239 913 1 0 1 "Burglary"
0 175 107 316 239 914 1 0 1 "Burglary"
0 175 107 316 239 915 1 0 1 "Burglary"
0 175 106 316 239 916 1 0 1 "Burglary"
0 175 106 316 239 917 1 0 1 "Burglary"
0 175 106 317 239 918 1 0 1 "Burglary"
0 176 106 317 239 919 1 0 1 "Burglary"
0 176 106 317 239 920 1 0 1 "Burglary"
0 176 106 317 239 921 1 0 1 "Burglary"
0 176 106 317 239 922 1 0 1 "Burglary"
0 176 106 317 239 923 1 0 1 "Burglary"
0 176 105 317 239 924 1 0 1 "Burglary"
0 176 105 318 239 925 1 0 1 "Burglary"
0 176 105 318 239 926 1 0 1 "Burglary"
0 176 105 318 239 927 1 0 1 "Burglary"
0 176 105 318 239 928 1 0 1 "Burglary"
0 176 105 318 239 929 1 0 1 "Burglary"
0 176 105 318 239 930 1 0 1 "Burglary"
0 176 105 318 239 931 1 0 1 "Burglary"
0 177 105 319 239 932 0 0 0 "Burglary"
0 175 105 319 239 933 0 0 1 "Burglary"
0 173 106 319 239 934 0 0 1 "Burglary"
0 171 106 319 239 935 0 0 1 "Burglary"
0 169 107 319 239 936 0 0 1 "Burglary"
0 167 107 319 239 937 0 0 1 "Burglary"
0 165 108 319 239 938 0 0 0 "Burglary"
0 164 108 319 239 939 0 0 1 "Burglary"
0 163 108 319 239 940 0 0 1 "Burglary"
0 162 109 319 239 941 0 0 1 "Burglary"
0 161 109 319 239 942 0 0 1 "Burglary"
0 160 110 319 239 943 0 0 1 "Burglary"
0 159 110 319 239 944 0 0 1 "Burglary"
0 158 110 319 239 945 0 0 1 "Burglary"
0 157 111 319 239 946 0 0 1 "Burglary"
0 156 111 319 239 947 0 0 1 "Burglary"
0 155 112 319 239 948 0 0 0 "Burglary"
0 154 112 318 239 949 0 0 1 "Burglary"
0 154 112 318 239 950 0 0 1 "Burglary"
0 154 112 318 239 951 0 0 1 "Burglary"
0 154 112 318 239 952 0 0 1 "Burglary"
0 153 112 317 239 953 0 0 1 "Burglary"
0 153 112 317 239 954 0 0 1 "Burglary"
0 153 112 317 239 955 0 0 1 "Burglary"
0 153 112 317 239 956 0 0 1 "Burglary"
0 152 112 316 239 957 0 0 1 "Burglary"
0 152 112 316 239 958 0 0 1 "Burglary"
0 152 112 316 239 959 0 0 1 "Burglary"
0 152 112 316 239 960 0 0 1 "Burglary"
0 151 112 315 239 961 0 0 1 "Burglary"
0 151 112 315 239 962 0 0 1 "Burglary"
0 151 112 315 239 963 0 0 1 "Burglary"
0 151 112 315 239 964 0 0 1 "Burglary"
0 150 112 314 239 965 0 0 1 "Burglary"
0 150 112 314 239 966 0 0 1 "Burglary"
0 150 112 314 239 967 0 0 1 "Burglary"
0 150 112 314 239 968 0 0 0 "Burglary"
0 149 112 313 239 969 0 0 1 "Burglary"
0 149 112 313 239 970 0 0 1 "Burglary"
0 148 113 312 239 971 0 0 1 "Burglary"
0 148 113 312 239 972 0 0 1 "Burglary"
0 148 113 312 239 973 0 0 1 "Burglary"
0 147 114 311 239 974 0 0 1 "Burglary"
0 147 114 311 239 975 0 0 1 "Burglary"
0 147 114 311 239 976 0 0 1 "Burglary"
0 146 115 310 239 977 0 0 1 "Burglary"
0 146 115 310 239 978 0 0 1 "Burglary"
0 146 115 310 239 979 0 0 1 "Burglary"
0 145 116 309 239 980 0 0 1 "Burglary"
0 145 116 309 239 981 0 0 1 "Burglary"
0 145 116 309 239 982 0 0 1 "Burglary"
0 144 117 308 239 983 0 0 1 "Burglary"
0 144 117 308 239 984 0 0 1 "Burglary"
0 144 117 308 239 985 0 0 1 "Burglary"
0 143 118 307 239 986 0 0 1 "Burglary"
0 143 118 307 239 987 0 0 1 "Burglary"
0 143 119 307 239 988 0 0 0 "Burglary"
0 142 118 306 239 989 0 0 1 "Burglary"
0 142 118 306 239 990 0 0 1 "Burglary"
0 142 118 306 239 991 0 0 1 "Burglary"
0 142 118 306 239 992 0 0 1 "Burglary"
0 142 118 306 239 993 0 0 1 "Burglary"
0 142 118 305 239 994 0 0 1 "Burglary"
0 141 118 305 239 995 0 0 1 "Burglary"
0 141 118 305 239 996 0 0 1 "Burglary"
0 141 118 305 239 997 0 0 1 "Burglary"
0 141 118 305 239 998 0 0 1 "Burglary"
0 141 118 304 239 999 0 0 1 "Burglary"
0 141 118 304 239 1000 0 0 1 "Burglary"
0 140 118 304 239 1001 0 0 1 "Burglary"
0 140 118 304 239 1002 0 0 1 "Burglary"
0 140 118 304 239 1003 0 0 1 "Burglary"
0 140 117 303 239 1004 0 0 1 "Burglary"
0 140 117 303 239 1005 0 0 1 "Burglary"
0 140 117 303 239 1006 0 0 1 "Burglary"
0 139 117 303 239 1007 0 0 1 "Burglary"
0 139 117 303 239 1008 0 0 1 "Burglary"
0 139 117 302 239 1009 0 0 1 "Burglary"
0 139 117 302 239 1010 0 0 1 "Burglary"
0 139 117 302 239 1011 0 0 1 "Burglary"
0 139 117 302 239 1012 0 0 1 "Burglary"
0 138 117 302 239 1013 0 0 1 "Burglary"
0 138 117 301 239 1014 0 0 1 "Burglary"
0 138 117 301 239 1015 0 0 1 "Burglary"
0 138 117 301 239 1016 0 0 1 "Burglary"
0 138 117 301 239 1017 0 0 1 "Burglary"
0 138 117 301 239 1018 0 0 0 "Burglary"
0 137 116 300 239 1019 0 0 1 "Burglary"
0 137 115 300 239 1020 0 0 1 "Burglary"
0 137 114 300 239 1021 0 0 1 "Burglary"
0 137 113 299 239 1022 0 0 1 "Burglary"
0 137 112 299 239 1023 0 0 1 "Burglary"
0 136 111 299 239 1024 0 0 1 "Burglary"
0 136 110 298 239 1025 0 0 1 "Burglary"
0 136 109 298 239 1026 0 0 1 "Burglary"
0 136 108 298 239 1027 0 0 1 "Burglary"
0 136 108 298 239 1028 0 0 0 "Burglary"
0 135 108 297 239 1029 0 0 1 "Burglary"
0 135 108 297 239 1030 0 0 1 "Burglary"
0 135 108 297 239 1031 0 0 1 "Burglary"
0 135 108 297 239 1032 0 0 1 "Burglary"
0 134 108 296 239 1033 0 0 1 "Burglary"
0 134 108 296 239 1034 0 0 1 "Burglary"
0 134 108 296 239 1035 0 0 1 "Burglary"
0 134 108 296 239 1036 0 0 1 "Burglary"
0 133 108 295 239 1037 0 0 1 "Burglary"
0 133 108 295 239 1038 0 0 1 "Burglary"
0 133 108 295 239 1039 0 0 1 "Burglary"
0 133 108 295 239 1040 0 0 1 "Burglary"
0 132 108 294 239 1041 0 0 1 "Burglary"
0 132 108 294 239 1042 0 0 1 "Burglary"
0 132 108 294 239 1043 0 0 1 "Burglary"
0 132 108 294 239 1044 0 0 1 "Burglary"
0 132 108 294 239 1045 0 0 1 "Burglary"
0 131 108 293 239 1046 0 0 1 "Burglary"
0 131 108 293 239 1047 0 0 1 "Burglary"
0 131 109 293 239 1048 0 0 1 "Burglary"
0 131 109 293 239 1049 0 0 1 "Burglary"
0 130 109 292 239 1050 0 0 1 "Burglary"
0 130 109 292 239 1051 0 0 1 "Burglary"
0 130 109 292 239 1052 0 0 1 "Burglary"
0 130 109 292 239 1053 0 0 1 "Burglary"
0 129 109 291 239 1054 0 0 1 "Burglary"
0 129 109 291 239 1055 0 0 1 "Burglary"
0 129 109 291 239 1056 0 0 1 "Burglary"
0 129 109 291 239 1057 0 0 1 "Burglary"
0 129 109 291 239 1058 0 0 1 "Burglary"
0 128 109 290 239 1059 0 0 1 "Burglary"
0 128 109 290 239 1060 0 0 1 "Burglary"
0 128 109 290 239 1061 0 0 1 "Burglary"
0 128 109 290 239 1062 0 0 1 "Burglary"
0 127 109 289 239 1063 0 0 1 "Burglary"
0 127 109 289 239 1064 0 0 1 "Burglary"
0 127 109 289 239 1065 0 0 1 "Burglary"
0 127 109 289 239 1066 0 0 1 "Burglary"
0 126 109 288 239 1067 0 0 1 "Burglary"
0 126 110 288 239 1068 0 0 1 "Burglary"
0 126 110 288 239 1069 0 0 1 "Burglary"
0 126 110 288 239 1070 0 0 1 "Burglary"
0 125 110 287 239 1071 0 0 1 "Burglary"
0 125 110 287 239 1072 0 0 1 "Burglary"
0 125 110 287 239 1073 0 0 1 "Burglary"
0 125 110 287 239 1074 0 0 1 "Burglary"
0 125 110 287 239 1075 0 0 1 "Burglary"
0 124 110 286 239 1076 0 0 1 "Burglary"
0 124 110 286 239 1077 0 0 1 "Burglary"
0 124 110 286 239 1078 0 0 1 "Burglary"
0 124 110 286 239 1079 0 0 1 "Burglary"
0 123 110 285 239 1080 0 0 1 "Burglary"
0 123 110 285 239 1081 0 0 1 "Burglary"
0 123 110 285 239 1082 0 0 1 "Burglary"
0 123 110 285 239 1083 0 0 1 "Burglary"
0 122 110 284 239 1084 0 0 1 "Burglary"
0 122 110 284 239 1085 0 0 1 "Burglary"
0 122 110 284 239 1086 0 0 1 "Burglary"
0 122 110 284 239 1087 0 0 1 "Burglary"
0 122 111 284 239 1088 0 0 0 "Burglary"
0 122 111 283 239 1089 0 0 1 "Burglary"
0 122 111 283 239 1090 0 0 1 "Burglary"
0 122 111 282 239 1091 0 0 1 "Burglary"
0 122 111 282 239 1092 0 0 1 "Burglary"
0 122 111 282 239 1093 0 0 1 "Burglary"
0 122 111 281 239 1094 0 0 1 "Burglary"
0 122 111 281 239 1095 0 0 1 "Burglary"
0 122 111 281 239 1096 0 0 1 "Burglary"
0 122 111 280 239 1097 0 0 1 "Burglary"
0 122 111 280 239 1098 0 0 1 "Burglary"
0 122 111 280 239 1099 0 0 1 "Burglary"
0 122 111 279 239 1100 0 0 1 "Burglary"
0 122 111 279 239 1101 0 0 1 "Burglary"
0 123 111 279 239 1102 0 0 1 "Burglary"
0 123 111 278 239 1103 0 0 1 "Burglary"
0 123 111 278 239 1104 0 0 1 "Burglary"
0 123 111 278 239 1105 0 0 1 "Burglary"
0 123 111 277 239 1106 0 0 1 "Burglary"
0 123 111 277 239 1107 0 0 1 "Burglary"
0 123 111 277 239 1108 0 0 1 "Burglary"
0 123 111 276 239 1109 0 0 1 "Burglary"
0 123 111 276 239 1110 0 0 1 "Burglary"
0 123 111 276 239 1111 0 0 1 "Burglary"
0 123 111 275 239 1112 0 0 1 "Burglary"
0 123 111 275 239 1113 0 0 1 "Burglary"
0 123 111 275 239 1114 0 0 1 "Burglary"
0 124 111 274 239 1115 0 0 1 "Burglary"
0 124 111 274 239 1116 0 0 1 "Burglary"
0 124 111 274 239 1117 0 0 1 "Burglary"
0 124 111 273 239 1118 0 0 1 "Burglary"
0 124 111 273 239 1119 0 0 1 "Burglary"
0 124 111 273 239 1120 0 0 1 "Burglary"
0 124 111 272 239 1121 0 0 1 "Burglary"
0 124 111 272 239 1122 0 0 1 "Burglary"
0 124 111 272 239 1123 0 0 1 "Burglary"
0 124 111 271 239 1124 0 0 1 "Burglary"
0 124 111 271 239 1125 0 0 1 "Burglary"
0 124 111 271 239 1126 0 0 1 "Burglary"
0 124 111 270 239 1127 0 0 1 "Burglary"
0 125 111 270 239 1128 0 0 1 "Burglary"
0 125 111 270 239 1129 0 0 1 "Burglary"
0 125 111 269 239 1130 0 0 1 "Burglary"
0 125 111 269 239 1131 0 0 1 "Burglary"
0 125 111 269 239 1132 0 0 1 "Burglary"
0 125 111 268 239 1133 0 0 1 "Burglary"
0 125 111 268 239 1134 0 0 1 "Burglary"
0 125 111 268 239 1135 0 0 1 "Burglary"
0 125 111 267 239 1136 0 0 1 "Burglary"
0 125 111 267 239 1137 0 0 1 "Burglary"
0 125 111 267 239 1138 0 0 1 "Burglary"
0 125 111 266 239 1139 0 0 1 "Burglary"
0 125 111 266 239 1140 0 0 1 "Burglary"
0 125 111 266 239 1141 0 0 1 "Burglary"
0 126 111 265 239 1142 0 0 1 "Burglary"
0 126 111 265 239 1143 0 0 1 "Burglary"
0 126 111 265 239 1144 0 0 1 "Burglary"
0 126 111 264 239 1145 0 0 1 "Burglary"
0 126 111 264 239 1146 0 0 1 "Burglary"
0 126 111 264 239 1147 0 0 1 "Burglary"
0 126 111 263 239 1148 0 0 1 "Burglary"
0 126 111 263 239 1149 0 0 1 "Burglary"
0 126 111 263 239 1150 0 0 1 "Burglary"
0 126 111 262 239 1151 0 0 1 "Burglary"
0 126 111 262 239 1152 0 0 1 "Burglary"
0 126 111 262 239 1153 0 0 1 "Burglary"
0 126 111 261 239 1154 0 0 1 "Burglary"
0 127 111 261 239 1155 0 0 1 "Burglary"
0 127 111 261 239 1156 0 0 1 "Burglary"
0 127 111 260 239 1157 0 0 1 "Burglary"
0 127 111 260 239 1158 0 0 1 "Burglary"
0 127 111 260 239 1159 0 0 1 "Burglary"
0 127 111 259 239 1160 0 0 1 "Burglary"
0 127 111 259 239 1161 0 0 1 "Burglary"
0 127 111 259 239 1162 0 0 1 "Burglary"
0 127 111 258 239 1163 0 0 1 "Burglary"
0 127 111 258 239 1164 0 0 1 "Burglary"
0 127 111 258 239 1165 0 0 1 "Burglary"
0 127 111 257 239 1166 0 0 1 "Burglary"
0 127 111 257 239 1167 0 0 1 "Burglary"
0 128 112 257 239 1168 0 0 0 "Burglary"
0 128 112 256 239 1169 0 0 1 "Burglary"
0 128 112 255 239 1170 0 0 1 "Burglary"
0 128 112 254 239 1171 0 0 1 "Burglary"
0 128 112 254 239 1172 0 0 1 "Burglary"
0 128 112 253 239 1173 0 0 1 "Burglary"
0 128 112 252 239 1174 0 0 1 "Burglary"
0 128 112 252 239 1175 0 0 1 "Burglary"
0 128 112 251 239 1176 0 0 1 "Burglary"
0 128 112 250 239 1177 0 0 1 "Burglary"
0 128 112 250 239 1178 0 0 1 "Burglary"
0 128 112 249 239 1179 0 0 1 "Burglary"
0 128 112 248 239 1180 0 0 1 "Burglary"
0 128 112 247 239 1181 0 0 1 "Burglary"
0 128 112 247 239 1182 0 0 1 "Burglary"
0 128 113 246 239 1183 0 0 1 "Burglary"
0 128 113 245 239 1184 0 0 1 "Burglary"
0 128 113 245 239 1185 0 0 1 "Burglary"
0 128 113 244 239 1186 0 0 1 "Burglary"
0 128 113 243 239 1187 0 0 1 "Burglary"
0 128 113 243 239 1188 0 0 1 "Burglary"
0 128 113 242 239 1189 0 0 1 "Burglary"
0 128 113 241 239 1190 0 0 1 "Burglary"
0 128 113 240 239 1191 0 0 1 "Burglary"
0 128 113 240 239 1192 0 0 1 "Burglary"
0 128 113 239 239 1193 0 0 1 "Burglary"
0 128 113 238 239 1194 0 0 1 "Burglary"
0 128 113 238 239 1195 0 0 1 "Burglary"
0 128 113 237 239 1196 0 0 1 "Burglary"
0 128 113 236 239 1197 0 0 1 "Burglary"
0 128 114 236 239 1198 0 0 0 "Burglary"
0 128 114 235 239 1199 0 0 1 "Burglary"
0 128 114 235 239 1200 0 0 1 "Burglary"
0 128 114 235 239 1201 0 0 1 "Burglary"
0 128 114 234 239 1202 0 0 1 "Burglary"
0 128 114 234 239 1203 0 0 1 "Burglary"
0 128 114 234 239 1204 0 0 1 "Burglary"
0 128 114 233 239 1205 0 0 1 "Burglary"
0 128 114 233 239 1206 0 0 1 "Burglary"
0 128 114 233 239 1207 0 0 1 "Burglary"
0 128 114 232 239 1208 0 0 1 "Burglary"
0 129 114 232 239 1209 0 0 1 "Burglary"
0 129 114 232 239 1210 0 0 1 "Burglary"
0 129 114 231 239 1211 0 0 1 "Burglary"
0 129 114 231 239 1212 0 0 1 "Burglary"
0 129 114 231 239 1213 0 0 1 "Burglary"
0 129 114 230 239 1214 0 0 1 "Burglary"
0 129 114 230 239 1215 0 0 1 "Burglary"
0 129 114 230 239 1216 0 0 1 "Burglary"
0 129 114 229 239 1217 0 0 1 "Burglary"
0 129 114 229 239 1218 0 0 1 "Burglary"
0 130 114 229 239 1219 0 0 0 "Burglary"
0 130 114 228 239 1220 0 0 1 "Burglary"
0 130 115 228 239 1221 0 0 1 "Burglary"
0 130 116 228 239 1222 0 0 1 "Burglary"
0 130 117 227 239 1223 0 0 1 "Burglary"
0 130 118 227 239 1224 0 0 1 "Burglary"
0 130 118 227 239 1225 0 0 1 "Burglary"
0 130 119 227 239 1226 0 0 1 "Burglary"
0 130 120 226 239 1227 0 0 1 "Burglary"
0 130 121 226 239 1228 0 0 1 "Burglary"
0 131 122 226 239 1229 0 0 1 "Burglary"
0 131 123 225 239 1230 0 0 1 "Burglary"
0 131 123 225 239 1231 0 0 1 "Burglary"
0 131 124 225 239 1232 0 0 1 "Burglary"
0 131 125 225 239 1233 0 0 1 "Burglary"
0 131 126 224 239 1234 0 0 1 "Burglary"
0 131 127 224 239 1235 0 0 1 "Burglary"
0 131 128 224 239 1236 0 0 1 "Burglary"
0 131 128 224 239 1237 0 0 1 "Burglary"
0 131 129 223 239 1238 0 0 1 "Burglary"
0 132 130 223 239 1239 0 0 1 "Burglary"
0 132 131 223 239 1240 0 0 1 "Burglary"
0 132 132 222 239 1241 0 0 1 "Burglary"
0 132 133 222 239 1242 0 0 1 "Burglary"
0 132 133 222 239 1243 0 0 1 "Burglary"
0 132 134 222 239 1244 0 0 1 "Burglary"
0 132 135 221 239 1245 0 0 1 "Burglary"
0 132 136 221 239 1246 0 0 1 "Burglary"
0 132 137 221 239 1247 0 0 1 "Burglary"
0 133 138 221 239 1248 0 0 0 "Burglary"
0 132 138 220 239 1249 0 0 1 "Burglary"
0 132 138 220 239 1250 0 0 1 "Burglary"
0 132 138 220 239 1251 0 0 1 "Burglary"
0 132 138 220 239 1252 0 0 1 "Burglary"
0 132 138 220 239 1253 0 0 1 "Burglary"
0 132 138 219 239 1254 0 0 1 "Burglary"
0 132 138 219 239 1255 0 0 1 "Burglary"
0 132 138 219 239 1256 0 0 1 "Burglary"
0 131 138 219 239 1257 0 0 1 "Burglary"
0 131 138 219 239 1258 0 0 1 "Burglary"
0 131 138 218 239 1259 0 0 1 "Burglary"
0 131 138 218 239 1260 0 0 1 "Burglary"
0 131 138 218 239 1261 0 0 1 "Burglary"
0 131 138 218 239 1262 0 0 1 "Burglary"
0 131 138 218 239 1263 0 0 1 "Burglary"
0 131 138 218 239 1264 0 0 0 "Burglary"
0 130 138 217 239 1265 0 0 1 "Burglary"
0 130 138 217 239 1266 0 0 1 "Burglary"
0 130 138 217 239 1267 0 0 1 "Burglary"
0 130 138 217 239 1268 0 0 1 "Burglary"
0 130 138 217 239 1269 0 0 1 "Burglary"
0 130 138 216 239 1270 0 0 1 "Burglary"
0 130 138 216 239 1271 0 0 1 "Burglary"
0 130 138 216 239 1272 0 0 1 "Burglary"
0 130 138 216 239 1273 0 0 1 "Burglary"
0 130 138 216 239 1274 0 0 1 "Burglary"
0 130 138 216 239 1275 0 0 1 "Burglary"
0 129 138 215 239 1276 0 0 1 "Burglary"
0 129 138 215 239 1277 0 0 1 "Burglary"
0 129 138 215 239 1278 0 0 1 "Burglary"
0 129 138 215 239 1279 0 0 1 "Burglary"
0 129 138 215 239 1280 0 0 1 "Burglary"
0 129 138 215 239 1281 0 0 1 "Burglary"
0 129 138 214 239 1282 0 0 1 "Burglary"
0 129 138 214 239 1283 0 0 1 "Burglary"
0 129 138 214 239 1284 0 0 1 "Burglary"
0 129 138 214 239 1285 0 0 1 "Burglary"
0 129 138 214 239 1286 0 0 1 "Burglary"
0 129 138 214 239 1287 0 0 0 "Burglary"
0 128 138 213 239 1288 0 0 1 "Burglary"
0 128 138 213 239 1289 0 0 1 "Burglary"
0 128 138 213 239 1290 0 0 1 "Burglary"
0 128 138 213 239 1291 0 0 1 "Burglary"
0 128 138 213 239 1292 0 0 1 "Burglary"
0 128 138 213 239 1293 0 0 1 "Burglary"
0 128 138 213 239 1294 0 0 1 "Burglary"
0 128 138 213 239 1295 0 0 1 "Burglary"
0 128 138 213 239 1296 0 0 1 "Burglary"
0 128 138 213 239 1297 0 0 1 "Burglary"
0 128 138 213 239 1298 0 0 0 "Burglary"
0 127 138 212 239 1299 0 0 1 "Burglary"
0 127 138 212 239 1300 0 0 1 "Burglary"
0 127 138 212 239 1301 0 0 1 "Burglary"
0 127 138 212 239 1302 0 0 1 "Burglary"
0 127 138 212 239 1303 0 0 0 "Burglary"
0 127 138 212 236 1304 0 0 1 "Burglary"
0 127 138 212 234 1305 0 0 1 "Burglary"
0 127 138 212 231 1306 0 0 1 "Burglary"
0 127 138 212 229 1307 0 0 1 "Burglary"
0 127 138 212 226 1308 0 0 1 "Burglary"
0 127 138 212 224 1309 0 0 1 "Burglary"
0 127 138 212 221 1310 0 0 1 "Burglary"
0 127 138 213 219 1311 0 0 1 "Burglary"
0 127 138 213 216 1312 0 0 1 "Burglary"
0 127 138 213 214 1313 0 0 1 "Burglary"
0 127 138 213 211 1314 0 0 1 "Burglary"
0 127 138 213 209 1315 0 0 1 "Burglary"
0 127 138 213 206 1316 0 0 1 "Burglary"
0 127 138 213 204 1317 0 0 1 "Burglary"
0 127 138 214 202 1318 0 0 0 "Burglary"
0 127 138 213 201 1319 0 0 1 "Burglary"
0 127 138 212 201 1320 0 0 1 "Burglary"
0 127 138 211 201 1321 0 0 1 "Burglary"
0 127 138 210 201 1322 0 0 1 "Burglary"
0 127 138 209 201 1323 0 0 1 "Burglary"
0 127 138 208 201 1324 0 0 1 "Burglary"
0 127 138 207 201 1325 0 0 1 "Burglary"
0 127 138 206 201 1326 0 0 1 "Burglary"
0 127 138 205 201 1327 0 0 1 "Burglary"
0 127 138 204 201 1328 0 0 1 "Burglary"
0 127 138 203 201 1329 0 0 1 "Burglary"
0 127 138 202 201 1330 0 0 1 "Burglary"
0 127 138 201 201 1331 0 0 1 "Burglary"
0 127 138 200 201 1332 0 0 1 "Burglary"
0 127 138 199 201 1333 0 0 1 "Burglary"
0 127 138 198 201 1334 0 0 1 "Burglary"
0 127 138 197 201 1335 0 0 1 "Burglary"
0 127 138 196 201 1336 0 0 1 "Burglary"
0 127 138 195 201 1337 0 0 1 "Burglary"
0 127 138 194 201 1338 0 0 1 "Burglary"
0 127 138 193 201 1339 0 0 1 "Burglary"
0 127 138 192 201 1340 0 0 0 "Burglary"
0 127 139 191 201 1341 0 0 1 "Burglary"
0 127 140 191 201 1342 0 0 1 "Burglary"
0 127 141 191 201 1343 0 0 1 "Burglary"
0 127 142 191 201 1344 0 0 1 "Burglary"
0 127 143 191 201 1345 0 0 1 "Burglary"
0 127 144 191 201 1346 0 0 1 "Burglary"
0 127 146 190 201 1347 0 0 1 "Burglary"
0 127 147 190 201 1348 0 0 1 "Burglary"
0 127 148 190 201 1349 0 0 1 "Burglary"
0 127 149 190 201 1350 0 0 1 "Burglary"
0 127 150 190 201 1351 0 0 1 "Burglary"
0 127 151 190 201 1352 0 0 1 "Burglary"
0 127 153 189 201 1353 0 0 1 "Burglary"
0 127 154 189 201 1354 0 0 1 "Burglary"
0 127 155 189 201 1355 0 0 1 "Burglary"
0 127 156 189 201 1356 0 0 1 "Burglary"
0 127 157 189 201 1357 0 0 1 "Burglary"
0 127 158 189 201 1358 0 0 1 "Burglary"
0 127 160 189 201 1359 1 0 0 "Burglary"
0 127 154 195 201 1360 1 0 1 "Burglary"
0 127 149 201 201 1361 1 0 1 "Burglary"
0 127 143 207 201 1362 1 0 1 "Burglary"
0 127 138 214 202 1363 1 0 0 "Burglary"
0 127 137 214 202 1364 1 0 1 "Burglary"
0 127 137 215 202 1365 1 0 1 "Burglary"
0 127 137 215 202 1366 1 0 1 "Burglary"
0 127 137 216 202 1367 1 0 1 "Burglary"
0 127 137 216 203 1368 1 0 1 "Burglary"
0 127 137 217 203 1369 1 0 1 "Burglary"
0 127 137 217 203 1370 1 0 1 "Burglary"
0 127 137 218 203 1371 1 0 1 "Burglary"
0 127 137 218 203 1372 1 0 1 "Burglary"
0 127 136 219 204 1373 1 0 1 "Burglary"
0 128 136 219 204 1374 1 0 1 "Burglary"
0 128 136 220 204 1375 1 0 1 "Burglary"
0 128 136 221 204 1376 1 0 1 "Burglary"
0 128 136 221 205 1377 1 0 1 "Burglary"
0 128 136 222 205 1378 1 0 1 "Burglary"
0 128 136 222 205 1379 1 0 1 "Burglary"
0 128 136 223 205 1380 1 0 1 "Burglary"
0 128 136 223 205 1381 1 0 1 "Burglary"
0 128 135 224 206 1382 1 0 1 "Burglary"
0 128 135 224 206 1383 1 0 1 "Burglary"
0 128 135 225 206 1384 1 0 1 "Burglary"
0 129 135 225 206 1385 1 0 1 "Burglary"
0 129 135 226 206 1386 1 0 1 "Burglary"
0 129 135 227 207 1387 1 0 1 "Burglary"
0 129 135 227 207 1388 1 0 1 "Burglary"
0 129 135 228 207 1389 1 0 1 "Burglary"
0 129 135 228 207 1390 1 0 1 "Burglary"
0 129 134 229 208 1391 1 0 1 "Burglary"
0 129 134 229 208 1392 1 0 1 "Burglary"
0 129 134 230 208 1393 1 0 1 "Burglary"
0 129 134 230 208 1394 1 0 1 "Burglary"
0 129 134 231 208 1395 1 0 1 "Burglary"
0 130 134 231 209 1396 1 0 1 "Burglary"
0 130 134 232 209 1397 1 0 1 "Burglary"
0 130 134 233 209 1398 1 0 1 "Burglary"
0 130 134 233 209 1399 1 0 1 "Burglary"
0 130 133 234 210 1400 1 0 1 "Burglary"
0 130 133 234 210 1401 1 0 1 "Burglary"
0 130 133 235 210 1402 1 0 1 "Burglary"
0 130 133 235 210 1403 1 0 1 "Burglary"
0 130 133 236 210 1404 1 0 1 "Burglary"
0 130 133 236 211 1405 1 0 1 "Burglary"
0 131 133 237 211 1406 1 0 1 "Burglary"
0 131 133 237 211 1407 1 0 1 "Burglary"
0 131 133 238 211 1408 1 0 1 "Burglary"
0 131 132 239 211 1409 1 0 1 "Burglary"
0 131 132 239 212 1410 1 0 1 "Burglary"
0 131 132 240 212 1411 1 0 1 "Burglary"
0 131 132 240 212 1412 1 0 1 "Burglary"
0 131 132 241 212 1413 1 0 1 "Burglary"
0 131 132 241 213 1414 1 0 1 "Burglary"
0 131 132 242 213 1415 1 0 1 "Burglary"
0 131 132 242 213 1416 1 0 1 "Burglary"
0 132 132 243 213 1417 1 0 1 "Burglary"
0 132 131 243 213 1418 1 0 1 "Burglary"
0 132 131 244 214 1419 1 0 1 "Burglary"
0 132 131 245 214 1420 1 0 1 "Burglary"
0 132 131 245 214 1421 1 0 1 "Burglary"
0 132 131 246 214 1422 1 0 1 "Burglary"
0 132 131 246 214 1423 1 0 1 "Burglary"
0 132 131 247 215 1424 1 0 1 "Burglary"
0 132 131 247 215 1425 1 0 1 "Burglary"
0 132 131 248 215 1426 1 0 1 "Burglary"
0 132 130 248 215 1427 1 0 1 "Burglary"
0 133 130 249 216 1428 1 0 1 "Burglary"
0 133 130 249 216 1429 1 0 1 "Burglary"
0 133 130 250 216 1430 1 0 1 "Burglary"
0 133 130 250 216 1431 1 0 1 "Burglary"
0 133 130 251 216 1432 1 0 1 "Burglary"
0 133 130 252 217 1433 1 0 1 "Burglary"
0 133 130 252 217 1434 1 0 1 "Burglary"
0 133 130 253 217 1435 1 0 1 "Burglary"
0 133 129 253 217 1436 1 0 1 "Burglary"
0 133 129 254 218 1437 1 0 1 "Burglary"
0 134 129 254 218 1438 1 0 1 "Burglary"
0 134 129 255 218 1439 1 0 1 "Burglary"
0 134 129 255 218 1440 1 0 1 "Burglary"
0 134 129 256 218 1441 1 0 1 "Burglary"
0 134 129 256 219 1442 1 0 1 "Burglary"
0 134 129 257 219 1443 1 0 1 "Burglary"
0 134 129 258 219 1444 1 0 1 "Burglary"
0 134 128 258 219 1445 1 0 1 "Burglary"
0 134 128 259 219 1446 1 0 1 "Burglary"
0 134 128 259 220 1447 1 0 1 "Burglary"
0 134 128 260 220 1448 1 0 1 "Burglary"
0 135 128 260 220 1449 1 0 1 "Burglary"
0 135 128 261 220 1450 1 0 1 "Burglary"
0 135 128 261 221 1451 1 0 1 "Burglary"
0 135 128 262 221 1452 1 0 1 "Burglary"
0 135 128 262 221 1453 1 0 1 "Burglary"
0 135 127 263 221 1454 1 0 1 "Burglary"
0 135 127 264 221 1455 1 0 1 "Burglary"
0 135 127 264 222 1456 1 0 1 "Burglary"
0 135 127 265 222 1457 1 0 1 "Burglary"
0 135 127 265 222 1458 1 0 1 "Burglary"
0 135 127 266 222 1459 1 0 1 "Burglary"
0 136 127 266 222 1460 1 0 1 "Burglary"
0 136 127 267 223 1461 1 0 1 "Burglary"
0 136 127 267 223 1462 1 0 1 "Burglary"
0 136 126 268 223 1463 1 0 1 "Burglary"
0 136 126 268 223 1464 1 0 1 "Burglary"
0 136 126 269 224 1465 1 0 1 "Burglary"
0 136 126 270 224 1466 1 0 1 "Burglary"
0 136 126 270 224 1467 1 0 1 "Burglary"
0 136 126 271 224 1468 1 0 1 "Burglary"
0 136 126 271 224 1469 1 0 1 "Burglary"
0 137 126 272 225 1470 1 0 1 "Burglary"
0 137 126 272 225 1471 1 0 1 "Burglary"
0 137 125 273 225 1472 1 0 1 "Burglary"
0 137 125 273 225 1473 1 0 1 "Burglary"
0 137 125 274 226 1474 1 0 1 "Burglary"
0 137 125 274 226 1475 1 0 1 "Burglary"
0 137 125 275 226 1476 1 0 1 "Burglary"
0 137 125 276 226 1477 1 0 1 "Burglary"
0 137 125 276 226 1478 1 0 1 "Burglary"
0 137 125 277 227 1479 1 0 1 "Burglary"
0 137 125 277 227 1480 1 0 1 "Burglary"
0 138 124 278 227 1481 1 0 1 "Burglary"
0 138 124 278 227 1482 1 0 1 "Burglary"
0 138 124 279 227 1483 1 0 1 "Burglary"
0 138 124 279 228 1484 1 0 1 "Burglary"
0 138 124 280 228 1485 1 0 1 "Burglary"
0 138 124 280 228 1486 1 0 1 "Burglary"
0 138 124 281 228 1487 1 0 1 "Burglary"
0 138 124 281 229 1488 1 0 1 "Burglary"
0 138 124 282 229 1489 1 0 1 "Burglary"
0 138 123 283 229 1490 1 0 1 "Burglary"
0 138 123 283 229 1491 1 0 1 "Burglary"
0 139 123 284 229 1492 1 0 1 "Burglary"
0 139 123 284 230 1493 1 0 1 "Burglary"
0 139 123 285 230 1494 1 0 1 "Burglary"
0 139 123 285 230 1495 1 0 1 "Burglary"
0 139 123 286 230 1496 1 0 1 "Burglary"
0 139 123 286 230 1497 1 0 1 "Burglary"
0 139 123 287 231 1498 1 0 1 "Burglary"
0 139 122 287 231 1499 1 0 1 "Burglary"
0 139 122 288 231 1500 1 0 1 "Burglary"
0 139 122 289 231 1501 1 0 1 "Burglary"
0 140 122 289 232 1502 1 0 1 "Burglary"
0 140 122 290 232 1503 1 0 1 "Burglary"
0 140 122 290 232 1504 1 0 1 "Burglary"
0 140 122 291 232 1505 1 0 1 "Burglary"
0 140 122 291 232 1506 1 0 1 "Burglary"
0 140 122 292 233 1507 1 0 1 "Burglary"
0 140 121 292 233 1508 1 0 1 "Burglary"
0 140 121 293 233 1509 1 0 1 "Burglary"
0 140 121 293 233 1510 1 0 1 "Burglary"
0 140 121 294 234 1511 1 0 1 "Burglary"
0 140 121 295 234 1512 1 0 1 "Burglary"
0 141 121 295 234 1513 1 0 1 "Burglary"
0 141 121 296 234 1514 1 0 1 "Burglary"
0 141 121 296 234 1515 1 0 1 "Burglary"
0 141 121 297 235 1516 1 0 1 "Burglary"
0 141 120 297 235 1517 1 0 1 "Burglary"
0 141 120 298 235 1518 1 0 1 "Burglary"
0 141 120 298 235 1519 1 0 1 "Burglary"
0 141 120 299 235 1520 1 0 1 "Burglary"
0 141 120 299 236 1521 1 0 1 "Burglary"
0 141 120 300 236 1522 1 0 1 "Burglary"
0 141 120 301 236 1523 1 0 1 "Burglary"
0 142 120 301 236 1524 1 0 1 "Burglary"
0 142 120 302 237 1525 1 0 1 "Burglary"
0 142 119 302 237 1526 1 0 1 "Burglary"
0 142 119 303 237 1527 1 0 1 "Burglary"
0 142 119 303 237 1528 1 0 1 "Burglary"
0 142 119 304 237 1529 1 0 1 "Burglary"
0 142 119 304 238 1530 1 0 1 "Burglary"
0 142 119 305 238 1531 1 0 1 "Burglary"
0 142 119 305 238 1532 1 0 1 "Burglary"
0 142 119 306 238 1533 1 0 1 "Burglary"
0 143 119 307 239 1534 1 0 0 "Burglary"
