0 144 57 213 161 0 0 0 0 "Burglary"
0 141 56 210 160 1 0 0 1 "Burglary"
0 138 56 207 160 2 0 0 1 "Burglary"
0 135 56 204 160 3 0 0 1 "Burglary"
0 132 56 201 160 4 0 0 1 "Burglary"
0 129 56 198 160 5 0 0 1 "Burglary"
0 126 55 195 159 6 0 0 1 "Burglary"
0 123 55 192 159 7 0 0 1 "Burglary"
0 120 55 189 159 8 0 0 1 "Burglary"
0 117 55 186 159 9 0 0 1 "Burglary"
0 114 55 183 159 10 0 0 0 "Burglary"
0 110 54 179 158 11 0 0 1 "Burglary"
0 107 53 176 157 12 0 0 1 "Burglary"
0 104 52 173 156 13 0 0 1 "Burglary"
0 101 51 170 155 14 0 0 1 "Burglary"
0 98 51 167 155 15 0 0 1 "Burglary"
0 95 50 164 154 16 0 0 1 "Burglary"
0 92 49 161 153 17 0 0 1 "Burglary"
0 89 48 158 152 18 0 0 1 "Burglary"
0 86 47 155 151 19 0 0 1 "Burglary"
0 83 47 152 151 20 0 0 0 "Burglary"
0 80 46 149 150 21 0 0 1 "Burglary"
0 77 46 146 150 22 0 0 1 "Burglary"
0 74 46 143 150 23 0 0 1 "Burglary"
0 71 46 140 150 24 0 0 1 "Burglary"
0 68 46 137 150 25 0 0 1 "Burglary"
0 65 45 134 149 26 0 0 1 "Burglary"
0 62 45 131 149 27 0 0 1 "Burglary"
0 59 45 128 149 28 0 0 1 "Burglary"
0 56 45 125 149 29 0 0 1 "Burglary"
0 53 45 122 149 30 0 0 0 "Burglary"
0 50 44 119 148 31 0 0 1 "Burglary"
0 47 44 116 148 32 0 0 1 "Burglary"
0 45 44 114 148 33 0 0 1 "Burglary"
0 42 44 111 148 34 0 0 1 "Burglary"
0 40 44 109 148 35 0 0 1 "Burglary"
0 37 44 106 148 36 0 0 1 "Burglary"
0 34 44 103 148 37 0 0 1 "Burglary"
0 32 44 101 148 38 0 0 1 "Burglary"
0 29 44 98 148 39 0 0 1 "Burglary"
0 27 44 96 148 40 0 0 0 "Burglary"
0 27 45 94 148 41 0 0 1 "Burglary"
0 27 46 93 149 42 0 0 1 "Burglary"
0 27 47 92 150 43 0 0 1 "Burglary"
0 27 48 90 151 44 0 0 1 "Burglary"
0 27 49 89 152 45 0 0 1 "Burglary"
0 27 50 88 153 46 0 0 1 "Burglary"
0 27 51 86 154 47 0 0 1 "Burglary"
0 27 52 85 155 48 0 0 1 "Burglary"
0 27 53 84 156 49 0 0 1 "Burglary"
0 28 54 83 157 50 0 0 0 "Burglary"
0 28 54 83 156 51 0 0 1 "Burglary"
0 28 54 84 156 52 0 0 1 "Burglary"
0 28 54 84 156 53 0 0 1 "Burglary"
0 28 54 85 156 54 0 0 1 "Burglary"
0 28 54 86 156 55 0 0 1 "Burglary"
0 28 54 86 156 56 0 0 1 "Burglary"
0 28 54 87 156 57 0 0 1 "Burglary"
0 28 54 87 156 58 0 0 1 "Burglary"
0 28 54 88 156 59 0 0 1 "Burglary"
0 28 54 89 156 60 0 0 1 "Burglary"
0 28 54 89 156 61 0 0 1 "Burglary"
0 28 54 90 156 62 0 0 1 "Burglary"
0 28 54 90 156 63 0 0 1 "Burglary"
0 28 54 91 156 64 0 0 1 "Burglary"
0 28 54 92 156 65 0 0 1 "Burglary"
0 28 54 92 156 66 0 0 1 "Burglary"
0 28 54 93 156 67 0 0 1 "Burglary"
0 28 54 93 156 68 0 0 1 "Burglary"
0 28 54 94 156 69 0 0 1 "Burglary"
0 28 54 95 156 70 0 0 0 "Burglary"
0 29 54 96 156 71 0 0 1 "Burglary"
0 30 54 97 156 72 0 0 1 "Burglary"
0 31 54 98 156 73 0 0 1 "Burglary"
0 32 54 99 156 74 0 0 1 "Burglary"
0 33 54 100 156 75 0 0 1 "Burglary"
0 34 54 101 156 76 0 0 1 "Burglary"
0 35 54 102 156 77 0 0 1 "Burglary"
0 36 54 103 156 78 0 0 1 "Burglary"
0 37 54 104 156 79 0 0 1 "Burglary"
0 38 55 105 157 80 0 0 0 "Burglary"
0 37 56 104 156 81 0 0 1 "Burglary"
0 37 57 104 155 82 0 0 1 "Burglary"
0 36 59 103 154 83 0 0 1 "Burglary"
0 36 60 103 153 84 0 0 1 "Burglary"
0 36 62 102 152 85 0 0 1 "Burglary"
0 35 63 102 151 86 0 0 1 "Burglary"
0 35 64 101 150 87 0 0 1 "Burglary"
0 34 66 101 149 88 0 0 1 "Burglary"
0 34 67 100 148 89 0 0 1 "Burglary"
0 34 69 100 148 90 0 0 0 "Burglary"
0 35 70 101 148 91 0 0 1 "Burglary"
0 36 72 102 148 92 0 0 1 "Burglary"
0 37 74 103 149 93 0 0 1 "Burglary"
0 38 76 104 149 94 0 0 1 "Burglary"
0 39 78 105 150 95 0 0 1 "Burglary"
0 40 79 106 150 96 0 0 1 "Burglary"
0 41 81 107 150 97 0 0 1 "Burglary"
0 42 83 108 151 98 0 0 1 "Burglary"
0 43 85 109 151 99 0 0 1 "Burglary"
0 45 87 110 152 100 0 0 0 "Burglary"
0 44 87 109 152 101 0 0 1 "Burglary"
0 43 87 108 152 102 0 0 1 "Burglary"
0 43 87 108 152 103 0 0 1 "Burglary"
0 42 87 107 152 104 0 0 1 "Burglary"
0 42 87 107 152 105 0 0 1 "Burglary"
0 41 87 106 152 106 0 0 1 "Burglary"
0 40 87 105 152 107 0 0 1 "Burglary"
0 40 87 105 152 108 0 0 1 "Burglary"
0 39 87 104 152 109 0 0 1 "Burglary"
0 39 88 104 153 110 0 0 0 "Burglary"
0 38 88 103 153 111 0 0 1 "Burglary"
0 38 88 103 153 112 0 0 1 "Burglary"
0 38 88 103 153 113 0 0 1 "Burglary"
0 38 88 103 153 114 0 0 1 "Burglary"
0 38 88 103 153 115 0 0 1 "Burglary"
0 37 88 102 153 116 0 0 1 "Burglary"
0 37 88 102 153 117 0 0 1 "Burglary"
0 37 88 102 153 118 0 0 1 "Burglary"
0 37 88 102 153 119 0 0 1 "Burglary"
0 37 89 102 154 120 0 0 0 "Burglary"
0 37 89 103 153 121 0 0 1 "Burglary"
0 37 89 104 153 122 0 0 1 "Burglary"
0 37 89 105 153 123 0 0 1 "Burglary"
0 37 89 106 153 124 0 0 1 "Burglary"
0 37 89 107 153 125 0 0 1 "Burglary"
0 37 89 108 153 126 0 0 1 "Burglary"
0 37 89 109 153 127 0 0 1 "Burglary"
0 37 89 110 153 128 0 0 1 "Burglary"
0 37 89 111 153 129 0 0 1 "Burglary"
0 37 89 112 153 130 0 0 0 "Burglary"
0 37 88 111 152 131 0 0 1 "Burglary"
0 37 87 111 152 132 0 0 1 "Burglary"
0 37 86 111 151 133 0 0 1 "Burglary"
0 37 85 111 151 134 0 0 1 "Burglary"
0 37 84 111 151 135 0 0 1 "Burglary"
0 37 83 111 150 136 0 0 1 "Burglary"
0 37 82 111 150 137 0 0 1 "Burglary"
0 37 81 111 149 138 0 0 1 "Burglary"
0 37 80 111 149 139 0 0 1 "Burglary"
0 37 79 111 149 140 0 0 0 "Burglary"
0 37 78 111 148 141 0 0 1 "Burglary"
0 37 78 111 148 142 0 0 1 "Burglary"
0 37 77 111 147 143 0 0 1 "Burglary"
0 37 77 111 147 144 0 0 1 "Burglary"
0 38 76 112 146 145 0 0 1 "Burglary"
0 38 76 112 146 146 0 0 1 "Burglary"
0 38 75 112 145 147 0 0 1 "Burglary"
0 38 75 112 145 148 0 0 1 "Burglary"
0 38 74 112 144 149 0 0 1 "Burglary"
0 39 74 113 144 150 0 0 0 "Burglary"
0 39 72 113 143 151 0 0 1 "Burglary"
0 40 70 113 143 152 0 0 1 "Burglary"
0 40 68 114 143 153 0 0 1 "Burglary"
0 41 66 114 143 154 0 0 1 "Burglary"
0 41 64 115 143 155 0 0 1 "Burglary"
0 42 62 115 143 156 0 0 1 "Burglary"
0 42 60 115 143 157 0 0 1 "Burglary"
0 43 58 116 143 158 0 0 1 "Burglary"
0 43 56 116 143 159 0 0 1 "Burglary"
0 44 54 117 143 160 0 0 0 "Burglary"
0 44 53 117 142 161 0 0 1 "Burglary"
0 45 53 118 142 162 0 0 1 "Burglary"
0 46 53 119 142 163 0 0 1 "Burglary"
0 47 52 120 141 164 0 0 1 "Burglary"
0 48 52 121 141 165 0 0 1 "Burglary"
0 49 52 122 141 166 0 0 1 "Burglary"
0 50 51 123 140 167 0 0 1 "Burglary"
0 51 51 124 140 168 0 0 1 "Burglary"
0 52 51 125 140 169 0 0 1 "Burglary"
0 53 51 126 140 170 0 0 0 "Burglary"
0 53 51 126 140 171 0 0 1 "Burglary"
0 53 51 126 140 172 0 0 1 "Burglary"
0 53 51 126 140 173 0 0 1 "Burglary"
0 53 51 126 140 174 0 0 1 "Burglary"
0 54 51 127 140 175 0 0 1 "Burglary"
0 54 51 127 140 176 0 0 1 "Burglary"
0 54 51 127 140 177 0 0 1 "Burglary"
0 54 51 127 140 178 0 0 1 "Burglary"
0 54 51 127 140 179 0 0 1 "Burglary"
0 55 52 128 141 180 0 0 0 "Burglary"
0 55 52 128 141 181 0 0 1 "Burglary"
0 55 52 128 141 182 0 0 1 "Burglary"
0 55 52 128 141 183 0 0 1 "Burglary"
0 55 52 128 141 184 0 0 1 "Burglary"
0 55 52 128 141 185 0 0 1 "Burglary"
0 55 52 128 141 186 0 0 1 "Burglary"
0 55 52 128 141 187 0 0 1 "Burglary"
0 55 52 128 141 188 0 0 1 "Burglary"
0 55 52 128 141 189 0 0 1 "Burglary"
0 56 52 129 141 190 0 0 0 "Burglary"
0 58 52 130 140 191 0 0 1 "Burglary"
0 61 53 131 140 192 0 0 1 "Burglary"
0 63 53 132 139 193 0 0 1 "Burglary"
0 66 54 133 139 194 0 0 1 "Burglary"
0 68 54 135 138 195 0 0 1 "Burglary"
0 71 55 136 138 196 0 0 1 "Burglary"
0 73 55 137 137 197 0 0 1 "Burglary"
0 76 56 138 137 198 0 0 1 "Burglary"
0 78 56 139 136 199 0 0 1 "Burglary"
0 81 57 141 136 200 0 0 0 "Burglary"
0 80 57 140 136 201 0 0 1 "Burglary"
0 80 58 140 137 202 0 0 1 "Burglary"
0 80 58 140 137 203 0 0 1 "Burglary"
0 79 59 139 138 204 0 0 1 "Burglary"
0 79 59 139 138 205 0 0 1 "Burglary"
0 79 60 139 139 206 0 0 1 "Burglary"
0 78 60 138 139 207 0 0 1 "Burglary"
0 78 61 138 140 208 0 0 1 "Burglary"
0 78 61 138 140 209 0 0 1 "Burglary"
0 78 62 138 141 210 0 0 0 "Burglary"
0 77 62 137 141 211 0 0 1 "Burglary"
0 76 62 136 141 212 0 0 1 "Burglary"
0 75 62 135 141 213 0 0 1 "Burglary"
0 74 62 134 141 214 0 0 1 "Burglary"
0 73 63 133 142 215 0 0 1 "Burglary"
0 72 63 132 142 216 0 0 1 "Burglary"
0 71 63 131 142 217 0 0 1 "Burglary"
0 70 63 130 142 218 0 0 1 "Burglary"
0 69 63 129 142 219 0 0 1 "Burglary"
0 69 64 129 143 220 0 0 0 "Burglary"
0 68 64 129 143 221 0 0 1 "Burglary"
0 68 64 129 143 222 0 0 1 "Burglary"
0 68 64 130 143 223 0 0 1 "Burglary"
0 67 64 130 143 224 0 0 1 "Burglary"
0 67 64 131 143 225 0 0 1 "Burglary"
0 67 64 131 143 226 0 0 1 "Burglary"
0 66 64 131 143 227 0 0 1 "Burglary"
0 66 64 132 143 228 0 0 1 "Burglary"
0 66 64 132 143 229 0 0 1 "Burglary"
0 66 65 133 143 230 0 0 0 "Burglary"
0 66 65 133 142 231 0 0 1 "Burglary"
0 66 65 133 141 232 0 0 1 "Burglary"
0 66 65 133 140 233 0 0 1 "Burglary"
0 67 66 133 139 234 0 0 1 "Burglary"
0 67 66 134 139 235 0 0 1 "Burglary"
0 67 66 134 138 236 0 0 1 "Burglary"
0 68 67 134 137 237 0 0 1 "Burglary"
0 68 67 134 136 238 0 0 1 "Burglary"
0 68 67 134 135 239 0 0 1 "Burglary"
0 69 68 135 135 240 0 0 0 "Burglary"
0 70 67 136 134 241 0 0 1 "Burglary"
0 72 67 138 134 242 0 0 1 "Burglary"
0 73 66 139 133 243 0 0 1 "Burglary"
0 75 66 141 133 244 0 0 1 "Burglary"
0 77 65 143 132 245 0 0 1 "Burglary"
0 78 65 144 132 246 0 0 1 "Burglary"
0 80 64 146 131 247 0 0 1 "Burglary"
0 81 64 147 131 248 0 0 1 "Burglary"
0 83 63 149 130 249 0 0 1 "Burglary"
0 85 63 151 130 250 0 0 0 "Burglary"
0 88 61 154 131 251 0 0 1 "Burglary"
0 91 60 157 133 252 0 0 1 "Burglary"
0 94 59 160 134 253 0 0 1 "Burglary"
0 98 58 163 136 254 0 0 1 "Burglary"
0 101 57 167 137 255 0 0 1 "Burglary"
0 104 56 170 139 256 0 0 1 "Burglary"
0 108 55 173 140 257 0 0 1 "Burglary"
0 111 54 176 142 258 0 0 1 "Burglary"
0 114 53 179 143 259 0 0 1 "Burglary"
0 118 52 183 145 260 0 0 0 "Burglary"
0 120 53 185 146 261 0 0 1 "Burglary"
0 123 55 188 148 262 0 0 1 "Burglary"
0 126 57 191 150 263 0 0 1 "Burglary"
0 129 59 194 152 264 0 0 1 "Burglary"
0 132 61 197 154 265 0 0 1 "Burglary"
0 134 63 199 156 266 0 0 1 "Burglary"
0 137 65 202 158 267 0 0 1 "Burglary"
0 140 67 205 160 268 0 0 1 "Burglary"
0 143 69 208 162 269 0 0 1 "Burglary"
0 146 71 211 164 270 0 0 0 "Burglary"
0 148 71 216 166 271 0 0 1 "Burglary"
0 150 71 222 169 272 0 0 1 "Burglary"
0 153 71 227 172 273 0 0 1 "Burglary"
0 155 72 233 174 274 0 0 1 "Burglary"
0 158 72 239 177 275 0 0 1 "Burglary"
0 160 72 244 180 276 0 0 1 "Burglary"
0 162 73 250 182 277 0 0 1 "Burglary"
0 165 73 255 185 278 0 0 1 "Burglary"
0 167 73 261 188 279 0 0 1 "Burglary"
0 170 74 267 191 280 0 0 0 "Burglary"
0 176 74 269 190 281 0 0 1 "Burglary"
0 182 74 271 190 282 0 0 1 "Burglary"
0 188 74 273 190 283 0 0 1 "Burglary"
0 194 74 276 190 284 0 0 1 "Burglary"
0 200 74 278 190 285 0 0 1 "Burglary"
0 206 74 280 190 286 0 0 1 "Burglary"
0 212 74 283 190 287 0 0 1 "Burglary"
0 218 74 285 190 288 0 0 1 "Burglary"
0 224 74 287 190 289 0 0 1 "Burglary"
0 230 75 290 190 290 1 0 0 "Burglary"
0 232 75 290 189 291 1 0 1 "Burglary"
0 235 75 290 189 292 1 0 1 "Burglary"
0 237 75 290 188 293 1 0 1 "Burglary"
0 240 75 290 188 294 1 0 1 "Burglary"
0 243 75 290 188 295 1 0 0 "Burglary"
0 241 74 288 187 296 1 0 1 "Burglary"
0 240 74 287 187 297 1 0 1 "Burglary"
0 238 74 286 187 298 1 0 1 "Burglary"
0 237 74 285 186 299 1 0 1 "Burglary"
0 236 74 283 186 300 1 0 1 "Burglary"
0 234 74 282 186 301 1 0 1 "Burglary"
0 233 74 281 186 302 1 0 1 "Burglary"
0 232 74 280 185 303 1 0 1 "Burglary"
0 230 74 278 185 304 1 0 1 "Burglary"
0 229 74 277 185 305 1 0 1 "Burglary"
0 228 74 276 185 306 1 0 1 "Burglary"
0 226 74 275 184 307 1 0 1 "Burglary"
0 225 74 273 184 308 1 0 1 "Burglary"
0 224 74 272 184 309 1 0 1 "Burglary"
0 222 74 271 184 310 1 0 1 "Burglary"
0 221 74 270 183 311 1 0 1 "Burglary"
0 219 74 269 183 312 1 0 1 "Burglary"
0 218 74 267 183 313 1 0 1 "Burglary"
0 217 74 266 183 314 1 0 1 "Burglary"
0 215 74 265 182 315 1 0 1 "Burglary"
0 214 74 264 182 316 1 0 1 "Burglary"
0 213 74 262 182 317 1 0 1 "Burglary"
0 211 74 261 182 318 1 0 1 "Burglary"
0 210 74 260 181 319 1 0 1 "Burglary"
0 209 74 259 181 320 1 0 1 "Burglary"
0 207 73 257 181 321 1 0 1 "Burglary"
0 206 73 256 180 322 1 0 1 "Burglary"
0 205 73 255 180 323 1 0 1 "Burglary"
0 203 73 254 180 324 1 0 1 "Burglary"
0 202 73 252 180 325 1 0 1 "Burglary"
0 200 73 251 179 326 1 0 1 "Burglary"
0 199 73 250 179 327 1 0 1 "Burglary"
0 198 73 249 179 328 1 0 1 "Burglary"
0 196 73 248 179 329 1 0 1 "Burglary"
0 195 73 246 178 330 1 0 1 "Burglary"
0 194 73 245 178 331 1 0 1 "Burglary"
0 192 73 244 178 332 1 0 1 "Burglary"
0 191 73 243 178 333 1 0 1 "Burglary"
0 190 73 241 177 334 1 0 1 "Burglary"
0 188 73 240 177 335 1 0 1 "Burglary"
0 187 73 239 177 336 1 0 1 "Burglary"
0 186 73 238 177 337 1 0 1 "Burglary"
0 184 73 236 176 338 1 0 1 "Burglary"
0 183 73 235 176 339 1 0 1 "Burglary"
0 181 73 234 176 340 1 0 1 "Burglary"
0 180 73 233 176 341 1 0 1 "Burglary"
0 179 73 232 175 342 1 0 1 "Burglary"
0 177 73 230 175 343 1 0 1 "Burglary"
0 176 73 229 175 344 1 0 1 "Burglary"
0 175 73 228 175 345 1 0 1 "Burglary"
0 173 73 227 174 346 1 0 1 "Burglary"
0 172 72 225 174 347 1 0 1 "Burglary"
0 171 72 224 174 348 1 0 1 "Burglary"
0 169 72 223 173 349 1 0 1 "Burglary"
0 168 72 222 173 350 1 0 1 "Burglary"
0 167 72 220 173 351 1 0 1 "Burglary"
0 165 72 219 173 352 1 0 1 "Burglary"
0 164 72 218 172 353 1 0 1 "Burglary"
0 162 72 217 172 354 1 0 1 "Burglary"
0 161 72 215 172 355 1 0 1 "Burglary"
0 160 72 214 172 356 1 0 1 "Burglary"
0 158 72 213 171 357 1 0 1 "Burglary"
0 157 72 212 171 358 1 0 1 "Burglary"
0 156 72 211 171 359 1 0 1 "Burglary"
0 154 72 209 171 360 1 0 1 "Burglary"
0 153 72 208 170 361 1 0 1 "Burglary"
0 152 72 207 170 362 1 0 1 "Burglary"
0 150 72 206 170 363 1 0 1 "Burglary"
0 149 72 204 170 364 1 0 1 "Burglary"
0 148 72 203 169 365 1 0 1 "Burglary"
0 146 72 202 169 366 1 0 1 "Burglary"
0 145 72 201 169 367 1 0 1 "Burglary"
0 143 72 199 169 368 1 0 1 "Burglary"
0 142 72 198 168 369 1 0 1 "Burglary"
0 141 72 197 168 370 1 0 1 "Burglary"
0 139 72 196 168 371 1 0 1 "Burglary"
0 138 72 195 168 372 1 0 1 "Burglary"
0 137 71 193 167 373 1 0 1 "Burglary"
0 135 71 192 167 374 1 0 1 "Burglary"
0 134 71 191 167 375 1 0 1 "Burglary"
0 133 71 190 166 376 1 0 1 "Burglary"
0 131 71 188 166 377 1 0 1 "Burglary"
0 130 71 187 166 378 1 0 1 "Burglary"
0 129 71 186 166 379 1 0 1 "Burglary"
0 127 71 185 165 380 1 0 1 "Burglary"
0 126 71 183 165 381 1 0 1 "Burglary"
0 124 71 182 165 382 1 0 1 "Burglary"
0 123 71 181 165 383 1 0 1 "Burglary"
0 122 71 180 164 384 1 0 1 "Burglary"
0 120 71 178 164 385 1 0 1 "Burglary"
0 119 71 177 164 386 1 0 1 "Burglary"
0 118 71 176 164 387 1 0 1 "Burglary"
0 116 71 175 163 388 1 0 1 "Burglary"
0 115 71 174 163 389 1 0 1 "Burglary"
0 114 71 172 163 390 1 0 1 "Burglary"
0 112 71 171 163 391 1 0 1 "Burglary"
0 111 71 170 162 392 1 0 1 "Burglary"
0 110 71 169 162 393 1 0 1 "Burglary"
0 108 71 167 162 394 1 0 1 "Burglary"
0 107 71 166 162 395 1 0 1 "Burglary"
0 105 71 165 161 396 1 0 1 "Burglary"
0 104 71 164 161 397 1 0 1 "Burglary"
0 103 70 162 161 398 1 0 1 "Burglary"
0 101 70 161 160 399 1 0 1 "Burglary"
0 100 70 160 160 400 1 0 1 "Burglary"
0 99 70 159 160 401 1 0 1 "Burglary"
0 97 70 157 160 402 1 0 1 "Burglary"
0 96 70 156 159 403 1 0 1 "Burglary"
0 95 70 155 159 404 1 0 1 "Burglary"
0 93 70 154 159 405 1 0 1 "Burglary"
0 92 70 153 159 406 1 0 1 "Burglary"
0 91 70 151 158 407 1 0 1 "Burglary"
0 89 70 150 158 408 1 0 1 "Burglary"
0 88 70 149 158 409 1 0 1 "Burglary"
0 86 70 148 158 410 1 0 1 "Burglary"
0 85 70 146 157 411 1 0 1 "Burglary"
0 84 70 145 157 412 1 0 1 "Burglary"
0 82 70 144 157 413 1 0 1 "Burglary"
0 81 70 143 157 414 1 0 1 "Burglary"
0 80 70 141 156 415 1 0 1 "Burglary"
0 78 70 140 156 416 1 0 1 "Burglary"
0 77 70 139 156 417 1 0 1 "Burglary"
0 76 70 138 156 418 1 0 1 "Burglary"
0 74 70 137 155 419 1 0 1 "Burglary"
0 73 70 135 155 420 1 0 1 "Burglary"
0 72 70 134 155 421 1 0 1 "Burglary"
0 70 70 133 155 422 1 0 1 "Burglary"
0 69 70 132 154 423 1 0 1 "Burglary"
0 67 69 130 154 424 1 0 1 "Burglary"
0 66 69 129 154 425 1 0 1 "Burglary"
0 65 69 128 153 426 1 0 1 "Burglary"
0 63 69 127 153 427 1 0 1 "Burglary"
0 62 69 125 153 428 1 0 1 "Burglary"
0 61 69 124 153 429 1 0 1 "Burglary"
0 59 69 123 152 430 1 0 1 "Burglary"
0 58 69 122 152 431 1 0 1 "Burglary"
0 57 69 120 152 432 1 0 1 "Burglary"
0 55 69 119 152 433 1 0 1 "Burglary"
0 54 69 118 151 434 1 0 1 "Burglary"
0 53 69 117 151 435 1 0 1 "Burglary"
0 51 69 116 151 436 1 0 1 "Burglary"
0 50 69 114 151 437 1 0 1 "Burglary"
0 48 69 113 150 438 1 0 1 "Burglary"
0 47 69 112 150 439 1 0 1 "Burglary"
0 46 69 111 150 440 1 0 1 "Burglary"
0 44 69 109 150 441 1 0 1 "Burglary"
0 43 69 108 149 442 1 0 1 "Burglary"
0 42 69 107 149 443 1 0 1 "Burglary"
0 40 69 106 149 444 1 0 1 "Burglary"
0 39 69 104 149 445 1 0 1 "Burglary"
0 38 69 103 148 446 1 0 1 "Burglary"
0 36 69 102 148 447 1 0 1 "Burglary"
0 35 69 101 148 448 1 0 1 "Burglary"
0 34 69 100 148 449 1 0 0 "Burglary"
