0 88 81 140 165 0 1 0 0 "Burglary"
0 88 80 140 164 1 1 0 1 "Burglary"
0 88 79 140 163 2 1 0 1 "Burglary"
0 88 79 140 163 3 1 0 1 "Burglary"
0 88 78 140 162 4 1 0 1 "Burglary"
0 89 78 141 162 5 1 0 1 "Burglary"
0 89 77 141 161 6 1 0 1 "Burglary"
0 89 76 141 160 7 1 0 1 "Burglary"
0 89 76 141 160 8 1 0 1 "Burglary"
0 89 75 141 159 9 1 0 1 "Burglary"
0 90 75 142 159 10 0 0 0 "Burglary"
0 90 74 142 158 11 0 0 1 "Burglary"
0 90 73 142 157 12 0 0 1 "Burglary"
0 90 72 142 156 13 0 0 1 "Burglary"
0 90 72 142 156 14 0 0 1 "Burglary"
0 90 71 142 155 15 0 0 1 "Burglary"
0 90 70 142 154 16 0 0 1 "Burglary"
0 90 70 142 154 17 0 0 1 "Burglary"
0 90 69 142 153 18 0 0 1 "Burglary"
0 90 68 142 152 19 0 0 1 "Burglary"
0 90 68 142 152 20 0 0 0 "Burglary"
0 89 67 141 151 21 0 0 1 "Burglary"
0 89 67 141 151 22 0 0 1 "Burglary"
0 89 66 141 150 23 0 0 1 "Burglary"
0 89 66 141 150 24 0 0 1 "Burglary"
0 89 66 141 150 25 0 0 1 "Burglary"
0 88 65 140 149 26 0 0 1 "Burglary"
0 88 65 140 149 27 0 0 1 "Burglary"
0 88 64 140 148 28 0 0 1 "Burglary"
0 88 64 140 148 29 0 0 1 "Burglary"
0 88 64 140 148 30 0 0 0 "Burglary"
0 88 64 139 146 31 0 0 1 "Burglary"
0 88 64 139 145 32 0 0 1 "Burglary"
0 88 64 139 144 33 0 0 1 "Burglary"
0 88 64 139 143 34 0 0 1 "Burglary"
0 88 64 139 142 35 0 0 1 "Burglary"
0 88 64 139 141 36 0 0 1 "Burglary"
0 88 64 139 140 37 0 0 1 "Burglary"
0 88 64 139 139 38 0 0 1 "Burglary"
0 88 64 139 138 39 0 0 1 "Burglary"
0 88 64 139 137 40 0 0 0 "Burglary"
0 87 64 138 137 41 0 0 1 "Burglary"
0 86 64 137 137 42 0 0 1 "Burglary"
0 86 64 137 137 43 0 0 1 "Burglary"
0 85 65 136 138 44 0 0 1 "Burglary"
0 85 65 136 138 45 0 0 1 "Burglary"
0 84 65 135 138 46 0 0 1 "Burglary"
0 83 66 134 139 47 0 0 1 "Burglary"
0 83 66 134 139 48 0 0 1 "Burglary"
0 82 66 133 139 49 0 0 1 "Burglary"
0 82 67 133 140 50 0 0 0 "Burglary"
0 82 67 132 144 51 0 0 1 "Burglary"
0 82 67 132 148 52 0 0 1 "Burglary"
0 82 67 132 152 53 0 0 1 "Burglary"
0 82 67 132 157 54 0 0 1 "Burglary"
0 82 67 132 161 55 0 0 1 "Burglary"
0 82 67 132 165 56 0 0 1 "Burglary"
0 82 67 132 170 57 0 0 1 "Burglary"
0 82 67 132 174 58 0 0 1 "Burglary"
0 82 67 132 178 59 0 0 1 "Burglary"
0 82 67 132 183 60 0 0 0 "Burglary"
0 82 67 133 181 61 0 0 1 "Burglary"
0 82 67 134 180 62 0 0 1 "Burglary"
0 82 67 135 179 63 0 0 1 "Burglary"
0 82 67 137 178 64 0 0 1 "Burglary"
0 82 67 138 177 65 0 0 1 "Burglary"
0 82 67 139 175 66 0 0 1 "Burglary"
0 82 67 141 174 67 0 0 1 "Burglary"
0 82 67 142 173 68 0 0 1 "Burglary"
0 82 67 143 172 69 0 0 1 "Burglary"
0 82 67 145 171 70 0 0 0 "Burglary"
0 82 67 145 169 71 0 0 1 "Burglary"
0 82 67 146 168 72 0 0 1 "Burglary"
0 82 67 147 167 73 0 0 1 "Burglary"
0 82 67 148 165 74 0 0 1 "Burglary"
0 82 67 149 164 75 0 0 1 "Burglary"
0 82 67 150 163 76 0 0 1 "Burglary"
0 82 67 151 161 77 0 0 1 "Burglary"
0 82 67 152 160 78 0 0 1 "Burglary"
0 82 67 153 159 79 0 0 1 "Burglary"
0 82 67 154 158 80 0 0 0 "Burglary"
0 82 67 155 157 81 0 0 1 "Burglary"
0 82 67 156 156 82 0 0 1 "Burglary"
0 82 67 157 155 83 0 0 1 "Burglary"
0 82 67 158 155 84 0 0 1 "Burglary"
0 82 67 159 154 85 0 0 1 "Burglary"
0 82 67 160 153 86 0 0 1 "Burglary"
0 82 67 161 153 87 0 0 1 "Burglary"
0 82 67 162 152 88 0 0 1 "Burglary"
0 82 67 163 151 89 0 0 1 "Burglary"
0 82 67 164 151 90 0 0 0 "Burglary"
0 82 67 163 150 91 0 0 1 "Burglary"
0 82 67 163 149 92 0 0 1 "Burglary"
0 82 67 163 148 93 0 0 1 "Burglary"
0 82 67 163 148 94 0 0 1 "Burglary"
0 82 67 163 147 95 0 0 1 "Burglary"
0 82 67 163 146 96 0 0 1 "Burglary"
0 82 67 163 146 97 0 0 1 "Burglary"
0 82 67 163 145 98 0 0 1 "Burglary"
0 82 67 163 144 99 0 0 1 "Burglary"
0 82 67 163 144 100 0 0 0 "Burglary"
0 82 67 163 144 101 0 0 1 "Burglary"
0 83 67 164 144 102 0 0 1 "Burglary"
0 84 67 165 144 103 0 0 1 "Burglary"
0 84 67 165 144 104 0 0 1 "Burglary"
0 85 67 166 144 105 0 0 1 "Burglary"
0 86 67 167 144 106 0 0 1 "Burglary"
0 86 67 167 144 107 0 0 1 "Burglary"
0 87 67 168 144 108 0 0 1 "Burglary"
0 88 67 169 144 109 0 0 1 "Burglary"
0 89 67 170 144 110 0 0 0 "Burglary"
0 89 67 170 143 111 0 0 1 "Burglary"
0 89 67 170 142 112 0 0 1 "Burglary"
0 89 67 170 142 113 0 0 1 "Burglary"
0 90 67 170 141 114 0 0 1 "Burglary"
0 90 67 171 141 115 0 0 1 "Burglary"
0 90 67 171 140 116 0 0 1 "Burglary"
0 91 67 171 139 117 0 0 1 "Burglary"
0 91 67 171 139 118 0 0 1 "Burglary"
0 91 67 171 138 119 0 0 1 "Burglary"
0 92 68 172 138 120 0 0 0 "Burglary"
0 92 68 171 137 121 0 0 1 "Burglary"
0 92 68 171 136 122 0 0 1 "Burglary"
0 92 68 171 136 123 0 0 1 "Burglary"
0 92 68 171 135 124 0 0 1 "Burglary"
0 92 68 171 135 125 0 0 1 "Burglary"
0 92 68 171 134 126 0 0 1 "Burglary"
0 92 68 171 133 127 0 0 1 "Burglary"
0 92 68 171 133 128 0 0 1 "Burglary"
0 92 68 171 132 129 0 0 1 "Burglary"
0 92 68 171 132 130 0 0 0 "Burglary"
0 92 68 171 132 131 0 0 1 "Burglary"
0 92 68 171 132 132 0 0 1 "Burglary"
0 92 68 171 132 133 0 0 1 "Burglary"
0 93 68 172 132 134 0 0 1 "Burglary"
0 93 68 172 132 135 0 0 1 "Burglary"
0 93 68 172 132 136 0 0 1 "Burglary"
0 94 68 173 132 137 0 0 1 "Burglary"
0 94 68 173 132 138 0 0 1 "Burglary"
0 94 68 173 132 139 0 0 1 "Burglary"
0 95 68 174 132 140 0 0 0 "Burglary"
0 95 68 173 132 141 0 0 1 "Burglary"
0 95 68 173 132 142 0 0 1 "Burglary"
0 95 68 173 132 143 0 0 1 "Burglary"
0 95 68 173 132 144 0 0 1 "Burglary"
0 95 68 173 132 145 0 0 1 "Burglary"
0 95 68 173 132 146 0 0 1 "Burglary"
0 95 68 173 132 147 0 0 1 "Burglary"
0 95 68 173 132 148 0 0 1 "Burglary"
0 95 68 173 132 149 0 0 1 "Burglary"
0 95 68 173 132 150 0 0 1 "Burglary"
0 95 68 173 132 151 0 0 1 "Burglary"
0 95 68 173 132 152 0 0 1 "Burglary"
0 95 68 173 133 153 0 0 1 "Burglary"
0 95 68 173 133 154 0 0 1 "Burglary"
0 95 68 173 133 155 0 0 1 "Burglary"
0 95 68 173 133 156 0 0 1 "Burglary"
0 95 68 173 133 157 0 0 1 "Burglary"
0 95 68 173 133 158 0 0 1 "Burglary"
0 95 68 173 133 159 0 0 1 "Burglary"
0 95 68 173 133 160 0 0 1 "Burglary"
0 95 68 173 133 161 0 0 1 "Burglary"
0 95 68 173 133 162 0 0 1 "Burglary"
0 95 68 173 133 163 0 0 1 "Burglary"
0 95 68 173 133 164 0 0 1 "Burglary"
0 95 68 173 134 165 0 0 1 "Burglary"
0 95 68 173 134 166 0 0 1 "Burglary"
0 95 68 173 134 167 0 0 1 "Burglary"
0 95 68 173 134 168 0 0 1 "Burglary"
0 95 68 173 134 169 0 0 1 "Burglary"
0 95 68 173 134 170 0 0 1 "Burglary"
0 95 68 173 134 171 0 0 1 "Burglary"
0 95 68 173 134 172 0 0 1 "Burglary"
0 95 68 173 134 173 0 0 1 "Burglary"
0 95 68 173 134 174 0 0 1 "Burglary"
0 95 68 173 134 175 0 0 1 "Burglary"
0 95 68 173 134 176 0 0 1 "Burglary"
0 95 68 173 134 177 0 0 1 "Burglary"
0 95 68 173 135 178 0 0 1 "Burglary"
0 95 68 173 135 179 0 0 1 "Burglary"
0 95 68 173 135 180 0 0 1 "Burglary"
0 95 68 173 135 181 0 0 1 "Burglary"
0 95 68 173 135 182 0 0 1 "Burglary"
0 95 68 173 135 183 0 0 1 "Burglary"
0 95 68 173 135 184 0 0 1 "Burglary"
0 95 68 173 135 185 0 0 1 "Burglary"
0 95 68 173 135 186 0 0 1 "Burglary"
0 95 68 173 135 187 0 0 1 "Burglary"
0 95 68 173 135 188 0 0 1 "Burglary"
0 95 68 173 135 189 0 0 1 "Burglary"
0 95 68 173 136 190 0 0 0 "Burglary"
0 94 68 172 137 191 0 0 1 "Burglary"
0 94 68 172 138 192 0 0 1 "Burglary"
0 94 68 172 139 193 0 0 1 "Burglary"
0 94 68 171 140 194 0 0 1 "Burglary"
0 94 69 171 141 195 0 0 1 "Burglary"
0 93 69 171 142 196 0 0 1 "Burglary"
0 93 69 170 143 197 0 0 1 "Burglary"
0 93 69 170 144 198 0 0 1 "Burglary"
0 93 69 170 145 199 0 0 1 "Burglary"
0 93 70 170 147 200 0 0 0 "Burglary"
0 92 70 169 147 201 0 0 1 "Burglary"
0 91 70 168 147 202 0 0 1 "Burglary"
0 90 71 167 148 203 0 0 1 "Burglary"
0 89 71 166 148 204 0 0 1 "Burglary"
0 88 72 165 149 205 0 0 1 "Burglary"
0 87 72 164 149 206 0 0 1 "Burglary"
0 86 72 163 149 207 0 0 1 "Burglary"
0 85 73 162 150 208 0 0 1 "Burglary"
0 84 73 161 150 209 0 0 1 "Burglary"
0 83 74 160 151 210 0 0 0 "Burglary"
0 83 75 159 152 211 0 0 1 "Burglary"
0 84 76 159 154 212 0 0 1 "Burglary"
0 85 77 158 155 213 0 0 1 "Burglary"
0 85 78 158 157 214 0 0 1 "Burglary"
0 86 80 158 158 215 0 0 1 "Burglary"
0 87 81 157 160 216 0 0 1 "Burglary"
0 87 82 157 161 217 0 0 1 "Burglary"
0 88 83 156 163 218 0 0 1 "Burglary"
0 89 84 156 164 219 0 0 1 "Burglary"
0 90 86 156 166 220 0 0 0 "Burglary"
0 87 86 153 167 221 0 0 1 "Burglary"
0 85 87 151 169 222 0 0 1 "Burglary"
0 83 87 149 171 223 0 0 1 "Burglary"
0 81 88 146 173 224 0 0 1 "Burglary"
0 79 88 144 175 225 0 0 1 "Burglary"
0 76 89 142 177 226 0 0 1 "Burglary"
0 74 89 139 179 227 0 0 1 "Burglary"
0 72 90 137 181 228 0 0 1 "Burglary"
0 70 90 135 183 229 0 0 1 "Burglary"
0 68 91 133 185 230 0 0 0 "Burglary"
0 63 90 131 186 231 0 0 1 "Burglary"
0 58 90 129 188 232 0 0 1 "Burglary"
0 54 90 127 190 233 0 0 1 "Burglary"
0 49 90 125 192 234 0 0 1 "Burglary"
0 45 90 123 194 235 0 0 1 "Burglary"
0 40 90 121 196 236 0 0 1 "Burglary"
0 35 90 119 198 237 0 0 1 "Burglary"
0 31 90 117 200 238 0 0 1 "Burglary"
0 26 90 115 202 239 0 0 1 "Burglary"
0 22 90 113 204 240 0 0 0 "Burglary"
0 21 89 112 203 241 0 0 1 "Burglary"
0 20 88 111 202 242 0 0 1 "Burglary"
0 20 87 111 201 243 0 0 1 "Burglary"
0 19 87 110 201 244 0 0 1 "Burglary"
0 19 86 110 200 245 0 0 1 "Burglary"
0 18 85 109 199 246 0 0 1 "Burglary"
0 17 85 108 199 247 0 0 1 "Burglary"
0 17 84 108 198 248 0 0 1 "Burglary"
0 16 83 107 197 249 0 0 1 "Burglary"
0 16 83 107 197 250 0 0 0 "Burglary"
0 16 83 107 197 251 0 0 1 "Burglary"
0 17 83 108 197 252 0 0 1 "Burglary"
0 17 83 109 197 253 0 0 1 "Burglary"
0 18 84 110 197 254 0 0 1 "Burglary"
0 18 84 111 198 255 0 0 1 "Burglary"
0 19 84 112 198 256 0 0 1 "Burglary"
0 19 85 113 198 257 0 0 1 "Burglary"
0 20 85 114 198 258 0 0 1 "Burglary"
0 20 85 115 198 259 0 0 1 "Burglary"
0 21 86 116 199 260 0 0 0 "Burglary"
0 21 86 116 197 261 0 0 1 "Burglary"
0 22 86 116 196 262 0 0 1 "Burglary"
0 22 86 117 195 263 0 0 1 "Burglary"
0 23 87 117 193 264 0 0 1 "Burglary"
0 24 87 118 192 265 0 0 1 "Burglary"
0 24 87 118 191 266 0 0 1 "Burglary"
0 25 88 118 189 267 0 0 1 "Burglary"
0 25 88 119 188 268 0 0 1 "Burglary"
0 26 88 119 187 269 0 0 1 "Burglary"
0 27 89 120 186 270 0 0 0 "Burglary"
0 31 88 122 185 271 0 0 1 "Burglary"
0 35 87 124 184 272 0 0 1 "Burglary"
0 39 86 126 183 273 0 0 1 "Burglary"
0 43 86 128 182 274 0 0 1 "Burglary"
0 48 85 130 182 275 0 0 1 "Burglary"
0 52 84 132 181 276 0 0 1 "Burglary"
0 56 84 134 180 277 0 0 1 "Burglary"
0 60 83 136 179 278 0 0 1 "Burglary"
0 64 82 138 178 279 0 0 1 "Burglary"
0 69 82 141 178 280 0 0 0 "Burglary"
0 69 81 140 177 281 0 0 1 "Burglary"
0 70 81 140 176 282 0 0 1 "Burglary"
0 71 81 139 175 283 0 0 1 "Burglary"
0 72 81 139 174 284 0 0 1 "Burglary"
0 73 81 138 173 285 0 0 1 "Burglary"
0 73 80 138 172 286 0 0 1 "Burglary"
0 74 80 137 171 287 0 0 1 "Burglary"
0 75 80 137 170 288 0 0 1 "Burglary"
0 76 80 136 169 289 0 0 1 "Burglary"
0 77 80 136 169 290 1 0 0 "Burglary"
0 77 79 135 167 291 1 0 1 "Burglary"
0 78 78 135 165 292 1 0 1 "Burglary"
0 79 77 135 163 293 1 0 1 "Burglary"
0 79 76 134 161 294 1 0 1 "Burglary"
0 80 75 134 159 295 1 0 1 "Burglary"
0 81 74 134 157 296 1 0 1 "Burglary"
0 81 73 133 155 297 1 0 1 "Burglary"
0 82 72 133 153 298 1 0 1 "Burglary"
0 83 71 133 151 299 1 0 1 "Burglary"
0 84 71 133 149 300 1 0 0 "Burglary"
