0 58 97 232 210 0 1 0 0 "Robbery"
0 58 97 232 210 1 1 0 1 "Robbery"
0 58 97 232 210 2 1 0 1 "Robbery"
0 58 97 232 210 3 1 0 1 "Robbery"
0 58 97 232 210 4 1 0 1 "Robbery"
0 58 97 232 210 5 1 0 1 "Robbery"
0 58 97 232 210 6 1 0 1 "Robbery"
0 58 97 232 210 7 1 0 1 "Robbery"
0 58 97 232 210 8 1 0 1 "Robbery"
0 58 97 232 210 9 1 0 1 "Robbery"
0 58 97 232 210 10 1 0 1 "Robbery"
0 58 97 232 210 11 1 0 1 "Robbery"
0 58 97 232 210 12 1 0 1 "Robbery"
0 58 97 232 210 13 1 0 1 "Robbery"
0 58 97 232 210 14 1 0 1 "Robbery"
0 58 97 232 210 15 1 0 1 "Robbery"
0 58 97 232 210 16 1 0 1 "Robbery"
0 58 97 232 210 17 1 0 1 "Robbery"
0 58 97 232 210 18 1 0 1 "Robbery"
0 58 97 232 210 19 1 0 1 "Robbery"
0 58 97 232 210 20 1 0 1 "Robbery"
0 58 97 232 210 21 1 0 1 "Robbery"
0 58 97 232 210 22 1 0 1 "Robbery"
0 58 97 232 210 23 1 0 1 "Robbery"
0 58 97 232 210 24 1 0 1 "Robbery"
0 58 97 232 210 25 1 0 1 "Robbery"
0 58 97 232 210 26 1 0 1 "Robbery"
0 58 97 232 210 27 1 0 1 "Robbery"
0 58 97 232 210 28 1 0 1 "Robbery"
0 58 97 232 210 29 1 0 1 "Robbery"
0 58 97 232 210 30 1 0 1 "Robbery"
0 58 97 232 210 31 1 0 1 "Robbery"
0 58 97 232 210 32 1 0 1 "Robbery"
0 58 97 232 210 33 1 0 1 "Robbery"
0 58 97 232 210 34 1 0 1 "Robbery"
0 58 97 232 210 35 1 0 1 "Robbery"
0 58 97 232 210 36 1 0 1 "Robbery"
0 58 97 232 210 37 1 0 1 "Robbery"
0 58 97 232 210 38 1 0 1 "Robbery"
0 58 97 232 210 39 1 0 1 "Robbery"
0 58 97 232 210 40 1 0 1 "Robbery"
0 58 97 232 210 41 1 0 1 "Robbery"
0 58 97 232 210 42 1 0 1 "Robbery"
0 58 97 232 210 43 1 0 1 "Robbery"
0 58 97 232 210 44 1 0 1 "Robbery"
0 58 97 232 210 45 1 0 1 "Robbery"
0 58 97 232 210 46 1 0 1 "Robbery"
0 58 97 232 210 47 1 0 1 "Robbery"
0 58 97 232 210 48 1 0 1 "Robbery"
0 58 97 232 210 49 1 0 1 "Robbery"
0 58 97 232 210 50 1 0 1 "Robbery"
0 58 97 232 210 51 1 0 1 "Robbery"
0 58 97 232 210 52 1 0 1 "Robbery"
0 58 97 232 210 53 1 0 1 "Robbery"
0 58 97 232 210 54 1 0 1 "Robbery"
0 58 97 232 210 55 1 0 1 "Robbery"
0 58 97 232 210 56 1 0 1 "Robbery"
0 58 97 232 210 57 1 0 1 "Robbery"
0 58 97 232 210 58 1 0 1 "Robbery"
0 58 97 232 210 59 1 0 1 "Robbery"
0 58 97 232 210 60 1 0 1 "Robbery"
0 58 97 232 210 61 1 0 1 "Robbery"
0 58 97 232 210 62 1 0 1 "Robbery"
0 58 97 232 210 63 1 0 1 "Robbery"
0 58 97 232 210 64 1 0 1 "Robbery"
0 58 97 232 210 65 1 0 1 "Robbery"
0 58 97 232 210 66 1 0 1 "Robbery"
0 58 97 232 210 67 1 0 1 "Robbery"
0 58 97 232 210 68 1 0 1 "Robbery"
0 58 97 232 210 69 1 0 1 "Robbery"
0 58 97 232 210 70 1 0 1 "Robbery"
0 58 97 232 210 71 1 0 1 "Robbery"
0 58 97 232 210 72 1 0 1 "Robbery"
0 58 97 232 210 73 1 0 1 "Robbery"
0 58 97 232 210 74 1 0 1 "Robbery"
0 58 97 232 210 75 1 0 1 "Robbery"
0 58 97 232 210 76 1 0 1 "Robbery"
0 58 97 232 210 77 1 0 1 "Robbery"
0 58 97 232 210 78 1 0 1 "Robbery"
0 58 97 232 210 79 1 0 1 "Robbery"
0 58 97 232 210 80 1 0 1 "Robbery"
0 58 97 232 210 81 1 0 1 "Robbery"
0 58 97 232 210 82 1 0 1 "Robbery"
0 58 97 232 210 83 1 0 1 "Robbery"
0 58 97 232 210 84 1 0 1 "Robbery"
0 58 97 232 210 85 1 0 1 "Robbery"
0 58 97 232 210 86 1 0 1 "Robbery"
0 58 97 232 210 87 1 0 1 "Robbery"
0 58 97 232 210 88 1 0 1 "Robbery"
0 58 97 232 210 89 1 0 1 "Robbery"
0 58 97 232 210 90 1 0 1 "Robbery"
0 58 97 232 210 91 1 0 1 "Robbery"
0 58 97 232 210 92 1 0 1 "Robbery"
0 58 97 232 210 93 1 0 1 "Robbery"
0 58 97 232 210 94 1 0 1 "Robbery"
0 58 97 232 210 95 1 0 1 "Robbery"
0 58 97 232 210 96 1 0 1 "Robbery"
0 58 97 232 210 97 1 0 1 "Robbery"
0 58 97 232 210 98 1 0 1 "Robbery"
0 58 97 232 210 99 1 0 1 "Robbery"
0 58 97 232 210 100 1 0 1 "Robbery"
0 58 97 232 210 101 1 0 1 "Robbery"
0 58 97 232 210 102 1 0 1 "Robbery"
0 58 97 232 210 103 1 0 1 "Robbery"
0 58 97 232 210 104 1 0 1 "Robbery"
0 58 97 232 210 105 1 0 1 "Robbery"
0 58 97 232 210 106 1 0 1 "Robbery"
0 58 97 232 210 107 0 0 0 "Robbery"
0 56 97 231 209 108 0 0 1 "Robbery"
0 55 98 231 209 109 0 0 1 "Robbery"
0 54 98 231 209 110 0 0 1 "Robbery"
0 53 99 231 209 111 0 0 1 "Robbery"
0 52 99 231 209 112 0 0 1 "Robbery"
0 51 100 231 209 113 0 0 1 "Robbery"
0 50 100 231 209 114 0 0 1 "Robbery"
0 49 101 231 209 115 0 0 1 "Robbery"
0 48 101 231 209 116 0 0 1 "Robbery"
0 47 102 231 209 117 0 0 1 "Robbery"
0 46 102 231 209 118 0 0 1 "Robbery"
0 45 103 231 209 119 0 0 1 "Robbery"
0 44 103 231 209 120 0 0 1 "Robbery"
0 43 104 231 209 121 0 0 1 "Robbery"
0 42 105 231 209 122 0 0 0 "Robbery"
0 42 105 236 208 123 0 0 1 "Robbery"
0 42 105 241 208 124 0 0 1 "Robbery"
0 42 105 246 208 125 0 0 1 "Robbery"
0 42 105 251 208 126 0 0 1 "Robbery"
0 42 105 256 208 127 0 0 1 "Robbery"
0 42 105 262 208 128 0 0 1 "Robbery"
0 42 105 267 208 129 0 0 1 "Robbery"
0 42 105 272 208 130 0 0 1 "Robbery"
0 42 105 277 208 131 0 0 1 "Robbery"
0 42 105 282 208 132 0 0 1 "Robbery"
0 42 105 288 208 133 0 0 0 "Robbery"
0 42 105 291 208 134 0 0 1 "Robbery"
0 42 105 294 208 135 0 0 1 "Robbery"
0 42 105 297 208 136 0 0 1 "Robbery"
0 42 105 301 209 137 0 0 1 "Robbery"
0 42 105 304 209 138 0 0 1 "Robbery"
0 42 105 307 209 139 0 0 1 "Robbery"
0 42 105 311 210 140 0 0 0 "Robbery"
0 42 104 310 209 141 0 0 1 "Robbery"
0 42 103 310 209 142 0 0 1 "Robbery"
0 43 103 310 209 143 0 0 1 "Robbery"
0 43 102 310 209 144 0 0 1 "Robbery"
0 44 102 310 209 145 0 0 1 "Robbery"
0 44 101 310 209 146 0 0 1 "Robbery"
0 44 101 310 208 147 0 0 1 "Robbery"
0 45 100 310 208 148 0 0 1 "Robbery"
0 45 100 310 208 149 0 0 1 "Robbery"
0 46 99 310 208 150 0 0 1 "Robbery"
0 46 99 310 208 151 0 0 1 "Robbery"
0 46 98 310 208 152 0 0 1 "Robbery"
0 47 98 310 207 153 0 0 1 "Robbery"
0 47 97 310 207 154 0 0 1 "Robbery"
0 48 97 310 207 155 0 0 1 "Robbery"
0 48 96 310 207 156 0 0 1 "Robbery"
0 48 95 310 207 157 0 0 1 "Robbery"
0 49 95 310 207 158 0 0 1 "Robbery"
0 49 94 310 206 159 0 0 1 "Robbery"
0 50 94 310 206 160 0 0 1 "Robbery"
0 50 93 310 206 161 0 0 1 "Robbery"
0 50 93 310 206 162 0 0 1 "Robbery"
0 51 92 310 206 163 0 0 1 "Robbery"
0 51 92 310 206 164 0 0 1 "Robbery"
0 52 91 310 205 165 0 0 1 "Robbery"
0 52 91 310 205 166 0 0 1 "Robbery"
0 52 90 310 205 167 0 0 1 "Robbery"
0 53 90 310 205 168 0 0 1 "Robbery"
0 53 89 310 205 169 0 0 1 "Robbery"
0 54 89 310 205 170 0 0 0 "Robbery"
0 53 88 309 205 171 0 0 1 "Robbery"
0 53 88 309 205 172 0 0 1 "Robbery"
0 53 88 308 205 173 0 0 1 "Robbery"
0 53 87 308 205 174 0 0 1 "Robbery"
0 53 87 307 205 175 0 0 1 "Robbery"
0 53 87 307 205 176 0 0 1 "Robbery"
0 53 87 306 206 177 0 0 1 "Robbery"
0 53 86 306 206 178 0 0 1 "Robbery"
0 53 86 306 206 179 0 0 1 "Robbery"
0 53 86 305 206 180 0 0 1 "Robbery"
0 53 86 305 206 181 0 0 1 "Robbery"
0 53 85 304 206 182 0 0 1 "Robbery"
0 53 85 304 206 183 0 0 1 "Robbery"
0 53 85 303 207 184 0 0 1 "Robbery"
0 53 85 303 207 185 0 0 1 "Robbery"
0 53 84 302 207 186 0 0 1 "Robbery"
0 53 84 302 207 187 0 0 1 "Robbery"
0 53 84 302 207 188 0 0 1 "Robbery"
0 53 84 301 207 189 0 0 1 "Robbery"
0 53 83 301 207 190 0 0 1 "Robbery"
0 53 83 300 208 191 0 0 1 "Robbery"
0 53 83 300 208 192 0 0 1 "Robbery"
0 53 83 299 208 193 0 0 1 "Robbery"
0 53 82 299 208 194 0 0 1 "Robbery"
0 53 82 298 208 195 0 0 1 "Robbery"
0 53 82 298 208 196 0 0 1 "Robbery"
0 53 82 298 209 197 0 0 0 "Robbery"
0 54 81 289 209 198 0 0 1 "Robbery"
0 55 81 280 209 199 0 0 1 "Robbery"
0 57 80 271 209 200 0 0 1 "Robbery"
0 58 80 262 210 201 0 0 1 "Robbery"
0 59 80 253 210 202 0 0 1 "Robbery"
0 61 79 244 210 203 0 0 1 "Robbery"
0 62 79 235 210 204 0 0 1 "Robbery"
0 64 79 227 211 205 0 0 0 "Robbery"
0 67 79 227 210 206 0 0 1 "Robbery"
0 70 79 227 210 207 0 0 1 "Robbery"
0 73 79 227 210 208 0 0 1 "Robbery"
0 76 79 228 210 209 0 0 1 "Robbery"
0 79 79 228 210 210 0 0 1 "Robbery"
0 82 79 228 210 211 0 0 1 "Robbery"
0 86 79 229 210 212 0 0 1 "Robbery"
0 89 79 229 210 213 0 0 1 "Robbery"
0 92 79 229 210 214 0 0 1 "Robbery"
0 95 79 229 210 215 0 0 1 "Robbery"
0 98 79 230 210 216 0 0 1 "Robbery"
0 101 79 230 210 217 0 0 1 "Robbery"
0 104 79 230 210 218 0 0 1 "Robbery"
0 108 79 231 210 219 0 0 0 "Robbery"
0 108 79 232 210 220 0 0 1 "Robbery"
0 108 79 234 210 221 0 0 1 "Robbery"
0 108 79 235 210 222 0 0 1 "Robbery"
0 108 79 237 210 223 0 0 1 "Robbery"
0 108 79 238 210 224 0 0 1 "Robbery"
0 108 79 240 210 225 0 0 1 "Robbery"
0 108 79 242 210 226 0 0 1 "Robbery"
0 108 79 243 210 227 0 0 1 "Robbery"
0 108 79 245 210 228 0 0 1 "Robbery"
0 108 79 246 210 229 0 0 1 "Robbery"
0 108 79 248 210 230 0 0 1 "Robbery"
0 108 79 250 210 231 0 0 0 "Robbery"
0 107 77 247 210 232 0 0 1 "Robbery"
0 107 75 244 210 233 0 0 1 "Robbery"
0 106 73 241 210 234 0 0 1 "Robbery"
0 106 71 238 210 235 0 0 1 "Robbery"
0 105 69 235 210 236 0 0 1 "Robbery"
0 105 67 232 210 237 0 0 1 "Robbery"
0 104 65 229 210 238 0 0 1 "Robbery"
0 104 63 226 210 239 0 0 1 "Robbery"
0 103 61 223 210 240 0 0 1 "Robbery"
0 103 59 220 210 241 0 0 1 "Robbery"
0 102 57 217 210 242 0 0 1 "Robbery"
0 102 55 214 210 243 0 0 0 "Robbery"
0 102 58 216 209 244 0 0 1 "Robbery"
0 102 62 218 209 245 0 0 1 "Robbery"
0 102 66 220 209 246 0 0 1 "Robbery"
0 102 70 222 209 247 0 0 1 "Robbery"
0 102 74 224 209 248 0 0 1 "Robbery"
0 102 78 226 209 249 0 0 1 "Robbery"
0 102 82 229 209 250 0 0 0 "Robbery"
0 100 82 228 208 251 0 0 1 "Robbery"
0 99 83 228 208 252 0 0 1 "Robbery"
0 98 84 228 208 253 0 0 1 "Robbery"
0 97 84 228 208 254 0 0 1 "Robbery"
0 96 85 227 208 255 0 0 1 "Robbery"
0 95 86 227 208 256 0 0 1 "Robbery"
0 94 86 227 208 257 0 0 1 "Robbery"
0 93 87 227 208 258 0 0 1 "Robbery"
0 92 88 227 208 259 0 0 0 "Robbery"
0 90 87 226 208 260 0 0 1 "Robbery"
0 89 86 226 208 261 0 0 1 "Robbery"
0 88 85 226 208 262 0 0 1 "Robbery"
0 87 84 226 208 263 0 0 1 "Robbery"
0 86 84 226 208 264 0 0 0 "Robbery"
0 85 92 226 208 265 0 0 1 "Robbery"
0 84 100 226 208 266 0 0 1 "Robbery"
0 83 108 227 208 267 0 0 1 "Robbery"
0 82 116 227 208 268 0 0 1 "Robbery"
0 81 124 228 208 269 0 0 0 "Robbery"
0 81 123 228 207 270 0 0 1 "Robbery"
0 82 123 229 207 271 0 0 1 "Robbery"
0 83 123 230 207 272 0 0 1 "Robbery"
0 84 123 231 207 273 0 0 1 "Robbery"
0 85 123 232 207 274 0 0 1 "Robbery"
0 85 123 232 207 275 0 0 1 "Robbery"
0 86 123 233 207 276 0 0 1 "Robbery"
0 87 123 234 207 277 0 0 1 "Robbery"
0 88 123 235 207 278 0 0 1 "Robbery"
0 89 123 236 207 279 0 0 1 "Robbery"
0 89 123 236 207 280 0 0 1 "Robbery"
0 90 123 237 207 281 0 0 1 "Robbery"
0 91 123 238 207 282 0 0 1 "Robbery"
0 92 123 239 207 283 0 0 1 "Robbery"
0 93 123 240 207 284 0 0 0 "Robbery"
0 93 121 239 207 285 0 0 1 "Robbery"
0 93 120 239 207 286 0 0 1 "Robbery"
0 93 118 239 207 287 0 0 1 "Robbery"
0 93 117 239 207 288 0 0 1 "Robbery"
0 93 115 239 207 289 0 0 1 "Robbery"
0 93 114 239 208 290 0 0 0 "Robbery"
0 93 115 239 208 291 0 0 1 "Robbery"
0 93 117 239 208 292 0 0 1 "Robbery"
0 93 119 239 208 293 0 0 1 "Robbery"
0 93 121 239 208 294 0 0 1 "Robbery"
0 93 123 239 208 295 0 0 1 "Robbery"
0 93 125 240 209 296 0 0 0 "Robbery"
0 93 124 239 209 297 0 0 1 "Robbery"
0 93 123 239 209 298 0 0 1 "Robbery"
0 93 123 239 209 299 0 0 1 "Robbery"
0 93 122 239 209 300 0 0 1 "Robbery"
0 93 122 239 209 301 0 0 1 "Robbery"
0 93 121 239 209 302 0 0 1 "Robbery"
0 93 120 239 209 303 0 0 1 "Robbery"
0 93 120 239 209 304 0 0 1 "Robbery"
0 93 119 239 209 305 0 0 1 "Robbery"
0 93 119 239 209 306 0 0 1 "Robbery"
0 93 118 239 209 307 0 0 1 "Robbery"
0 93 117 239 209 308 0 0 1 "Robbery"
0 93 117 239 209 309 0 0 1 "Robbery"
0 93 116 239 209 310 0 0 1 "Robbery"
0 93 116 239 209 311 0 0 1 "Robbery"
0 93 115 239 209 312 0 0 1 "Robbery"
0 93 114 239 209 313 0 0 1 "Robbery"
0 93 114 239 209 314 0 0 1 "Robbery"
0 93 113 239 209 315 0 0 1 "Robbery"
0 93 113 239 209 316 0 0 1 "Robbery"
0 93 112 239 209 317 0 0 1 "Robbery"
0 93 111 239 209 318 0 0 1 "Robbery"
0 93 111 239 209 319 0 0 1 "Robbery"
0 93 110 239 209 320 0 0 1 "Robbery"
0 93 110 239 209 321 0 0 1 "Robbery"
0 93 109 239 209 322 0 0 1 "Robbery"
0 93 108 239 209 323 0 0 1 "Robbery"
0 93 108 239 209 324 0 0 1 "Robbery"
0 93 107 239 209 325 0 0 1 "Robbery"
0 93 107 239 209 326 0 0 0 "Robbery"
0 92 107 238 209 327 0 0 1 "Robbery"
0 92 107 238 209 328 0 0 1 "Robbery"
0 92 107 238 209 329 0 0 1 "Robbery"
0 91 107 237 209 330 0 0 1 "Robbery"
0 91 107 237 209 331 0 0 1 "Robbery"
0 91 107 237 209 332 0 0 1 "Robbery"
0 91 107 237 209 333 0 0 1 "Robbery"
0 90 108 236 210 334 0 0 1 "Robbery"
0 90 108 236 210 335 0 0 1 "Robbery"
0 90 108 236 210 336 0 0 1 "Robbery"
0 90 108 236 210 337 0 0 1 "Robbery"
0 89 108 235 210 338 0 0 1 "Robbery"
0 89 108 235 210 339 0 0 1 "Robbery"
0 89 108 235 210 340 0 0 1 "Robbery"
0 89 109 235 211 341 0 0 0 "Robbery"
0 91 107 237 211 342 0 0 1 "Robbery"
0 94 106 240 211 343 0 0 1 "Robbery"
0 97 105 243 211 344 0 0 1 "Robbery"
0 100 104 245 211 345 0 0 1 "Robbery"
0 102 103 248 211 346 0 0 1 "Robbery"
0 105 102 251 211 347 0 0 1 "Robbery"
0 108 101 254 211 348 0 0 1 "Robbery"
0 111 99 256 211 349 0 0 1 "Robbery"
0 114 98 259 211 350 0 0 1 "Robbery"
0 116 97 262 211 351 0 0 1 "Robbery"
0 119 96 264 211 352 0 0 1 "Robbery"
0 122 95 267 211 353 0 0 1 "Robbery"
0 125 94 270 211 354 0 0 1 "Robbery"
0 128 93 273 211 355 0 0 0 "Robbery"
0 130 93 273 210 356 0 0 1 "Robbery"
0 133 93 273 210 357 0 0 1 "Robbery"
0 136 93 273 210 358 0 0 1 "Robbery"
0 138 93 273 210 359 0 0 1 "Robbery"
0 141 93 273 210 360 0 0 1 "Robbery"
0 144 93 273 210 361 0 0 1 "Robbery"
0 146 93 273 210 362 0 0 1 "Robbery"
0 149 93 273 210 363 0 0 1 "Robbery"
0 152 93 273 210 364 0 0 1 "Robbery"
0 154 93 273 210 365 0 0 1 "Robbery"
0 157 93 273 210 366 0 0 1 "Robbery"
0 160 93 273 210 367 0 0 0 "Robbery"
0 162 97 275 210 368 0 0 1 "Robbery"
0 164 102 277 210 369 0 0 1 "Robbery"
0 167 106 279 210 370 0 0 1 "Robbery"
0 169 111 282 210 371 0 0 1 "Robbery"
0 171 115 284 210 372 0 0 1 "Robbery"
0 174 120 286 210 373 0 0 1 "Robbery"
0 176 124 288 210 374 0 0 1 "Robbery"
0 178 129 291 210 375 0 0 1 "Robbery"
0 181 133 293 210 376 0 0 1 "Robbery"
0 183 138 295 210 377 0 0 1 "Robbery"
0 186 143 298 211 378 1 0 0 "Robbery"
0 186 143 298 211 379 1 0 1 "Robbery"
0 186 143 298 211 380 1 0 1 "Robbery"
0 186 143 298 211 381 1 0 1 "Robbery"
0 186 143 298 211 382 1 0 1 "Robbery"
0 186 143 298 211 383 1 0 1 "Robbery"
0 186 143 298 211 384 1 0 1 "Robbery"
0 186 143 298 211 385 1 0 0 "Robbery"
0 184 143 298 210 386 1 0 1 "Robbery"
0 183 143 298 210 387 1 0 1 "Robbery"
0 181 143 298 210 388 1 0 1 "Robbery"
0 180 143 298 210 389 1 0 1 "Robbery"
0 178 143 298 210 390 1 0 1 "Robbery"
0 177 143 298 210 391 1 0 1 "Robbery"
0 175 143 298 210 392 1 0 1 "Robbery"
0 174 143 298 210 393 1 0 1 "Robbery"
0 172 143 298 210 394 1 0 1 "Robbery"
0 171 143 298 210 395 1 0 1 "Robbery"
0 169 143 298 210 396 1 0 1 "Robbery"
0 168 143 298 210 397 1 0 1 "Robbery"
0 166 143 298 210 398 1 0 1 "Robbery"
0 165 143 299 210 399 1 0 1 "Robbery"
0 163 143 299 210 400 1 0 1 "Robbery"
0 162 143 299 210 401 1 0 1 "Robbery"
0 160 143 299 210 402 1 0 1 "Robbery"
0 159 143 299 210 403 1 0 1 "Robbery"
0 157 143 299 210 404 1 0 1 "Robbery"
0 156 143 299 210 405 1 0 1 "Robbery"
0 154 143 299 210 406 1 0 1 "Robbery"
0 153 143 299 210 407 1 0 1 "Robbery"
0 151 143 299 210 408 1 0 1 "Robbery"
0 150 143 299 210 409 1 0 1 "Robbery"
0 148 143 299 210 410 1 0 1 "Robbery"
0 147 143 299 210 411 1 0 1 "Robbery"
0 145 143 300 210 412 1 0 1 "Robbery"
0 144 143 300 210 413 1 0 1 "Robbery"
0 142 143 300 210 414 1 0 1 "Robbery"
0 141 143 300 210 415 1 0 1 "Robbery"
0 139 143 300 210 416 1 0 1 "Robbery"
0 138 143 300 210 417 1 0 1 "Robbery"
0 136 143 300 210 418 1 0 1 "Robbery"
0 135 143 300 210 419 1 0 1 "Robbery"
0 133 143 300 210 420 1 0 1 "Robbery"
0 132 143 300 210 421 1 0 1 "Robbery"
0 130 143 300 210 422 1 0 1 "Robbery"
0 129 143 300 210 423 1 0 1 "Robbery"
0 127 143 300 210 424 1 0 1 "Robbery"
0 126 143 301 210 425 1 0 1 "Robbery"
0 124 143 301 210 426 1 0 1 "Robbery"
0 123 143 301 210 427 1 0 1 "Robbery"
0 121 143 301 210 428 1 0 1 "Robbery"
0 120 143 301 210 429 1 0 1 "Robbery"
0 118 143 301 210 430 1 0 1 "Robbery"
0 117 143 301 210 431 1 0 1 "Robbery"
0 115 143 301 210 432 1 0 1 "Robbery"
0 114 143 301 210 433 1 0 1 "Robbery"
0 112 143 301 210 434 1 0 1 "Robbery"
0 111 143 301 210 435 1 0 1 "Robbery"
0 109 143 301 210 436 1 0 1 "Robbery"
0 108 143 301 210 437 1 0 1 "Robbery"
0 107 143 302 210 438 0 0 0 "Robbery"
0 108 137 301 209 439 0 0 1 "Robbery"
0 110 132 301 209 440 0 0 1 "Robbery"
0 112 126 301 209 441 0 0 1 "Robbery"
0 114 121 301 209 442 0 0 0 "Robbery"
0 114 121 289 208 443 0 0 1 "Robbery"
0 114 121 278 208 444 0 0 1 "Robbery"
0 114 121 267 208 445 0 0 1 "Robbery"
0 114 121 256 208 446 0 0 1 "Robbery"
0 114 121 245 208 447 0 0 0 "Robbery"
0 115 121 246 208 448 0 0 1 "Robbery"
0 116 121 247 208 449 0 0 1 "Robbery"
0 117 121 248 208 450 0 0 1 "Robbery"
0 118 121 249 208 451 0 0 1 "Robbery"
0 120 121 251 208 452 0 0 1 "Robbery"
0 121 121 252 208 453 0 0 1 "Robbery"
0 122 121 253 208 454 0 0 1 "Robbery"
0 123 122 254 209 455 0 0 1 "Robbery"
0 124 122 255 209 456 0 0 1 "Robbery"
0 126 122 257 209 457 0 0 1 "Robbery"
0 127 122 258 209 458 0 0 1 "Robbery"
0 128 122 259 209 459 0 0 1 "Robbery"
0 129 122 260 209 460 0 0 1 "Robbery"
0 130 122 261 209 461 0 0 1 "Robbery"
0 132 123 263 210 462 1 0 0 "Robbery"
0 132 123 263 210 463 1 0 1 "Robbery"
0 132 123 263 210 464 1 0 1 "Robbery"
0 132 123 263 210 465 1 0 1 "Robbery"
0 132 123 263 210 466 1 0 0 "Robbery"
0 132 123 262 210 467 1 0 1 "Robbery"
0 132 123 262 210 468 1 0 1 "Robbery"
0 132 124 262 210 469 1 0 1 "Robbery"
0 132 124 262 210 470 1 0 1 "Robbery"
0 132 125 262 210 471 1 0 1 "Robbery"
0 132 125 262 210 472 1 0 1 "Robbery"
0 132 126 262 210 473 1 0 1 "Robbery"
0 132 126 262 210 474 1 0 1 "Robbery"
0 132 127 262 210 475 1 0 1 "Robbery"
0 132 127 262 210 476 1 0 1 "Robbery"
0 132 127 262 210 477 1 0 1 "Robbery"
0 132 128 262 210 478 1 0 1 "Robbery"
0 132 128 262 210 479 1 0 1 "Robbery"
0 132 129 262 210 480 1 0 1 "Robbery"
0 132 129 262 210 481 1 0 1 "Robbery"
0 132 130 262 210 482 1 0 1 "Robbery"
0 132 130 262 210 483 1 0 1 "Robbery"
0 132 131 262 210 484 1 0 1 "Robbery"
0 132 131 262 210 485 1 0 1 "Robbery"
0 132 132 262 210 486 1 0 1 "Robbery"
0 132 132 262 210 487 1 0 1 "Robbery"
0 132 132 262 210 488 1 0 1 "Robbery"
0 132 133 262 210 489 1 0 1 "Robbery"
0 132 133 262 210 490 1 0 1 "Robbery"
0 132 134 262 210 491 1 0 1 "Robbery"
0 132 134 262 210 492 1 0 1 "Robbery"
0 132 135 262 210 493 1 0 1 "Robbery"
0 132 135 262 210 494 1 0 1 "Robbery"
0 132 136 262 210 495 1 0 1 "Robbery"
0 132 136 262 210 496 1 0 1 "Robbery"
0 132 137 262 210 497 1 0 1 "Robbery"
0 132 137 262 210 498 1 0 1 "Robbery"
0 132 137 262 210 499 1 0 1 "Robbery"
0 132 138 262 210 500 1 0 1 "Robbery"
0 132 138 262 210 501 1 0 1 "Robbery"
0 132 139 262 210 502 1 0 1 "Robbery"
0 132 139 262 210 503 1 0 1 "Robbery"
0 132 140 262 210 504 1 0 1 "Robbery"
0 132 140 262 210 505 1 0 1 "Robbery"
0 132 141 262 210 506 1 0 1 "Robbery"
0 132 141 262 210 507 1 0 1 "Robbery"
0 132 142 262 210 508 0 0 0 "Robbery"
0 132 138 264 209 509 0 0 1 "Robbery"
0 132 134 267 209 510 0 0 1 "Robbery"
0 132 130 269 209 511 0 0 1 "Robbery"
0 132 126 272 209 512 0 0 1 "Robbery"
0 132 123 274 209 513 0 0 1 "Robbery"
0 132 119 277 209 514 0 0 1 "Robbery"
0 132 115 279 208 515 0 0 1 "Robbery"
0 132 111 282 208 516 0 0 1 "Robbery"
0 132 108 284 208 517 0 0 1 "Robbery"
0 132 104 287 208 518 0 0 1 "Robbery"
0 132 100 289 208 519 0 0 1 "Robbery"
0 132 96 292 208 520 0 0 1 "Robbery"
0 132 93 295 208 521 0 0 0 "Robbery"
0 132 106 298 208 522 0 0 1 "Robbery"
0 132 119 301 208 523 0 0 1 "Robbery"
0 132 132 304 209 524 0 0 0 "Robbery"
0 132 128 303 209 525 0 0 1 "Robbery"
0 132 125 303 209 526 0 0 1 "Robbery"
0 132 122 303 209 527 0 0 1 "Robbery"
0 132 119 303 209 528 0 0 1 "Robbery"
0 132 116 303 209 529 0 0 1 "Robbery"
0 132 113 303 209 530 0 0 1 "Robbery"
0 132 110 302 209 531 0 0 1 "Robbery"
0 132 107 302 209 532 0 0 1 "Robbery"
0 132 104 302 209 533 0 0 1 "Robbery"
0 132 101 302 209 534 0 0 1 "Robbery"
0 132 98 302 209 535 0 0 1 "Robbery"
0 132 95 302 209 536 0 0 1 "Robbery"
0 132 92 302 209 537 0 0 0 "Robbery"
0 134 97 301 208 538 0 0 1 "Robbery"
0 136 102 301 208 539 0 0 1 "Robbery"
0 139 108 301 208 540 0 0 1 "Robbery"
0 141 113 301 208 541 0 0 1 "Robbery"
0 143 118 301 208 542 0 0 1 "Robbery"
0 146 124 301 208 543 0 0 1 "Robbery"
0 148 129 301 208 544 0 0 1 "Robbery"
0 151 135 301 208 545 0 0 0 "Robbery"
0 155 135 302 208 546 0 0 1 "Robbery"
0 159 135 304 208 547 0 0 1 "Robbery"
0 164 136 305 209 548 0 0 1 "Robbery"
0 168 136 307 209 549 0 0 1 "Robbery"
0 172 136 309 209 550 0 0 1 "Robbery"
0 177 137 310 210 551 0 0 1 "Robbery"
0 181 137 312 210 552 0 0 1 "Robbery"
0 185 137 314 210 553 0 0 1 "Robbery"
0 190 138 315 211 554 0 0 1 "Robbery"
0 194 138 317 211 555 0 0 1 "Robbery"
0 199 139 319 212 556 0 0 0 "Robbery"
0 188 139 319 211 557 0 0 1 "Robbery"
0 178 139 319 211 558 0 0 1 "Robbery"
0 168 139 319 211 559 0 0 1 "Robbery"
0 158 139 319 211 560 0 0 1 "Robbery"
0 147 139 319 211 561 0 0 1 "Robbery"
0 137 139 319 211 562 0 0 1 "Robbery"
0 127 139 319 211 563 0 0 1 "Robbery"
0 117 139 319 211 564 0 0 1 "Robbery"
0 107 139 319 211 565 0 0 0 "Robbery"
0 106 136 317 210 566 0 0 1 "Robbery"
0 106 134 316 210 567 0 0 1 "Robbery"
0 106 131 314 210 568 0 0 1 "Robbery"
0 106 129 313 210 569 0 0 1 "Robbery"
0 106 126 311 210 570 0 0 1 "Robbery"
0 106 124 310 210 571 0 0 1 "Robbery"
0 105 121 309 210 572 0 0 1 "Robbery"
0 105 119 307 210 573 0 0 1 "Robbery"
0 105 116 306 210 574 0 0 1 "Robbery"
0 105 114 304 210 575 0 0 1 "Robbery"
0 105 111 303 210 576 0 0 1 "Robbery"
0 105 109 302 210 577 0 0 0 "Robbery"
0 105 109 298 209 578 0 0 1 "Robbery"
0 105 109 295 209 579 0 0 1 "Robbery"
0 105 109 291 209 580 0 0 1 "Robbery"
0 105 109 288 209 581 0 0 1 "Robbery"
0 105 109 285 209 582 0 0 1 "Robbery"
0 105 109 281 209 583 0 0 1 "Robbery"
0 105 109 278 209 584 0 0 1 "Robbery"
0 105 109 275 209 585 0 0 1 "Robbery"
0 105 109 271 209 586 0 0 1 "Robbery"
0 105 109 268 209 587 0 0 1 "Robbery"
0 105 109 265 209 588 0 0 0 "Robbery"
0 102 109 262 209 589 0 0 1 "Robbery"
0 99 109 259 209 590 0 0 1 "Robbery"
0 97 109 257 209 591 0 0 1 "Robbery"
0 94 109 254 209 592 0 0 1 "Robbery"
0 91 109 251 209 593 0 0 1 "Robbery"
0 89 109 249 209 594 0 0 1 "Robbery"
0 86 109 246 209 595 0 0 1 "Robbery"
0 83 109 243 209 596 0 0 1 "Robbery"
0 81 109 241 209 597 0 0 1 "Robbery"
0 78 109 238 209 598 0 0 1 "Robbery"
0 75 109 235 209 599 0 0 1 "Robbery"
0 73 109 233 209 600 0 0 1 "Robbery"
0 70 109 230 209 601 0 0 1 "Robbery"
0 68 110 228 210 602 0 0 0 "Robbery"
0 68 108 227 210 603 0 0 1 "Robbery"
0 68 107 227 210 604 0 0 1 "Robbery"
0 68 106 227 210 605 0 0 1 "Robbery"
0 68 104 227 210 606 0 0 1 "Robbery"
0 68 103 227 210 607 0 0 1 "Robbery"
0 68 102 227 210 608 0 0 1 "Robbery"
0 68 100 227 210 609 0 0 1 "Robbery"
0 68 99 227 210 610 0 0 1 "Robbery"
0 68 98 227 210 611 0 0 1 "Robbery"
0 68 96 227 210 612 0 0 1 "Robbery"
0 68 95 227 210 613 0 0 1 "Robbery"
0 68 94 227 210 614 0 0 1 "Robbery"
0 68 92 227 210 615 0 0 1 "Robbery"
0 68 91 227 210 616 0 0 1 "Robbery"
0 68 90 227 210 617 0 0 0 "Robbery"
0 68 88 229 209 618 0 0 1 "Robbery"
0 68 86 231 209 619 0 0 1 "Robbery"
0 68 84 233 209 620 0 0 1 "Robbery"
0 68 82 235 209 621 0 0 1 "Robbery"
0 68 80 237 209 622 0 0 1 "Robbery"
0 68 79 239 209 623 0 0 1 "Robbery"
0 68 77 241 209 624 0 0 1 "Robbery"
0 68 75 243 209 625 0 0 1 "Robbery"
0 68 73 245 209 626 0 0 1 "Robbery"
0 68 71 247 209 627 0 0 1 "Robbery"
0 68 70 249 209 628 0 0 0 "Robbery"
0 68 68 248 209 629 0 0 1 "Robbery"
0 68 67 248 209 630 0 0 1 "Robbery"
0 68 65 248 209 631 0 0 1 "Robbery"
0 68 64 248 209 632 0 0 1 "Robbery"
0 68 62 248 209 633 0 0 1 "Robbery"
0 68 61 248 209 634 0 0 1 "Robbery"
0 68 60 248 209 635 0 0 1 "Robbery"
0 68 58 248 209 636 0 0 1 "Robbery"
0 68 57 248 209 637 0 0 1 "Robbery"
0 68 55 248 209 638 0 0 1 "Robbery"
0 68 54 248 209 639 0 0 1 "Robbery"
0 68 52 248 209 640 0 0 1 "Robbery"
0 68 51 248 209 641 0 0 1 "Robbery"
0 68 50 248 209 642 0 0 0 "Robbery"
0 65 48 245 209 643 0 0 1 "Robbery"
0 63 46 243 209 644 0 0 1 "Robbery"
0 61 45 240 209 645 0 0 1 "Robbery"
0 58 43 238 209 646 0 0 1 "Robbery"
0 56 42 236 210 647 0 0 1 "Robbery"
0 54 40 233 210 648 0 0 1 "Robbery"
0 51 38 231 210 649 0 0 1 "Robbery"
0 49 37 228 210 650 0 0 1 "Robbery"
0 47 35 226 210 651 0 0 1 "Robbery"
0 45 34 224 211 652 0 0 0 "Robbery"
0 40 33 222 210 653 0 0 1 "Robbery"
0 35 33 221 210 654 0 0 1 "Robbery"
0 30 33 220 210 655 0 0 1 "Robbery"
0 25 33 219 209 656 0 0 1 "Robbery"
0 20 32 217 209 657 0 0 1 "Robbery"
0 15 32 216 209 658 0 0 1 "Robbery"
0 10 32 215 208 659 0 0 1 "Robbery"
0 5 32 214 208 660 0 0 1 "Robbery"
0 0 32 213 208 661 0 0 0 "Robbery"
0 0 32 212 207 662 0 0 1 "Robbery"
0 0 32 211 207 663 0 0 1 "Robbery"
0 0 32 211 207 664 0 0 1 "Robbery"
0 0 32 210 207 665 0 0 1 "Robbery"
0 0 32 209 207 666 0 0 1 "Robbery"
0 0 32 209 207 667 0 0 1 "Robbery"
0 0 32 208 207 668 0 0 1 "Robbery"
0 0 32 207 207 669 0 0 1 "Robbery"
0 0 32 207 207 670 0 0 1 "Robbery"
0 0 32 206 207 671 0 0 1 "Robbery"
0 0 32 205 207 672 0 0 1 "Robbery"
0 0 32 205 207 673 0 0 1 "Robbery"
0 0 32 204 207 674 0 0 1 "Robbery"
0 0 32 203 207 675 0 0 1 "Robbery"
0 0 32 203 207 676 0 0 1 "Robbery"
0 0 32 202 207 677 0 0 1 "Robbery"
0 0 32 201 207 678 0 0 1 "Robbery"
0 0 32 201 207 679 0 0 1 "Robbery"
0 0 32 200 207 680 0 0 1 "Robbery"
0 0 32 199 207 681 0 0 1 "Robbery"
0 0 32 199 207 682 0 0 1 "Robbery"
0 0 32 198 207 683 0 0 1 "Robbery"
0 0 32 197 207 684 0 0 1 "Robbery"
0 0 32 197 207 685 0 0 1 "Robbery"
0 0 32 196 207 686 0 0 1 "Robbery"
0 0 32 195 207 687 0 0 1 "Robbery"
0 0 32 195 207 688 0 0 1 "Robbery"
0 0 32 194 207 689 0 0 1 "Robbery"
0 0 32 193 207 690 0 0 1 "Robbery"
0 0 32 193 207 691 0 0 1 "Robbery"
0 0 32 192 207 692 0 0 1 "Robbery"
0 0 32 192 207 693 0 0 0 "Robbery"
0 0 32 194 207 694 0 0 1 "Robbery"
0 0 33 196 207 695 0 0 1 "Robbery"
0 0 33 199 208 696 0 0 1 "Robbery"
0 0 34 201 208 697 0 0 1 "Robbery"
0 0 34 204 209 698 0 0 1 "Robbery"
0 0 35 206 209 699 0 0 1 "Robbery"
0 0 35 208 209 700 0 0 1 "Robbery"
0 0 36 211 210 701 0 0 1 "Robbery"
0 0 36 213 210 702 0 0 1 "Robbery"
0 0 37 216 211 703 0 0 0 "Robbery"
0 0 38 215 211 704 0 0 1 "Robbery"
0 0 40 215 211 705 0 0 1 "Robbery"
0 0 42 215 211 706 0 0 1 "Robbery"
0 0 44 215 211 707 0 0 1 "Robbery"
0 0 46 215 211 708 0 0 1 "Robbery"
0 0 48 215 211 709 0 0 1 "Robbery"
0 0 50 215 211 710 0 0 1 "Robbery"
0 0 52 215 211 711 0 0 1 "Robbery"
0 0 53 215 211 712 0 0 1 "Robbery"
0 0 55 215 211 713 0 0 1 "Robbery"
0 0 57 215 211 714 0 0 1 "Robbery"
0 0 59 215 211 715 0 0 1 "Robbery"
0 0 61 215 211 716 0 0 1 "Robbery"
0 0 63 215 211 717 0 0 1 "Robbery"
0 0 65 215 211 718 0 0 1 "Robbery"
0 0 67 215 211 719 0 0 0 "Robbery"
0 3 73 218 210 720 0 0 1 "Robbery"
0 6 80 221 210 721 0 0 1 "Robbery"
0 9 87 224 210 722 0 0 1 "Robbery"
0 12 94 227 209 723 0 0 1 "Robbery"
0 15 101 230 209 724 0 0 1 "Robbery"
0 18 108 233 209 725 0 0 1 "Robbery"
0 21 115 236 208 726 0 0 1 "Robbery"
0 24 122 239 208 727 0 0 1 "Robbery"
0 28 129 242 208 728 0 0 0 "Robbery"
0 49 134 250 208 729 0 0 1 "Robbery"
0 70 139 258 209 730 0 0 1 "Robbery"
0 91 144 266 210 731 0 0 1 "Robbery"
0 112 150 274 211 732 1 0 0 "Robbery"
0 112 150 274 211 733 1 0 1 "Robbery"
0 112 150 274 211 734 1 0 1 "Robbery"
0 112 150 274 211 735 1 0 0 "Robbery"
0 112 150 274 211 736 1 0 1 "Robbery"
0 112 150 274 211 737 1 0 1 "Robbery"
0 112 150 274 211 738 1 0 1 "Robbery"
0 112 150 274 211 739 1 0 1 "Robbery"
0 112 150 274 211 740 1 0 1 "Robbery"
0 112 150 274 211 741 1 0 1 "Robbery"
0 112 150 274 211 742 1 0 1 "Robbery"
0 112 150 274 211 743 1 0 1 "Robbery"
0 112 150 274 211 744 1 0 1 "Robbery"
0 112 150 274 211 745 1 0 1 "Robbery"
0 112 150 274 211 746 1 0 1 "Robbery"
0 112 150 274 211 747 1 0 1 "Robbery"
0 112 150 274 211 748 1 0 1 "Robbery"
0 112 150 274 211 749 1 0 1 "Robbery"
0 112 150 274 211 750 1 0 1 "Robbery"
0 112 150 274 211 751 1 0 1 "Robbery"
0 112 150 274 211 752 1 0 1 "Robbery"
0 112 150 274 211 753 1 0 1 "Robbery"
0 112 150 274 211 754 1 0 1 "Robbery"
0 112 150 274 211 755 1 0 1 "Robbery"
0 112 150 274 211 756 1 0 1 "Robbery"
0 112 150 274 211 757 1 0 1 "Robbery"
0 112 150 274 211 758 1 0 1 "Robbery"
0 112 150 274 211 759 1 0 1 "Robbery"
0 112 150 274 211 760 1 0 1 "Robbery"
0 112 150 274 211 761 1 0 1 "Robbery"
0 112 150 274 211 762 1 0 1 "Robbery"
0 112 150 274 211 763 1 0 1 "Robbery"
0 112 150 274 211 764 1 0 1 "Robbery"
0 112 150 274 211 765 1 0 1 "Robbery"
0 112 150 274 211 766 1 0 1 "Robbery"
0 112 150 274 211 767 1 0 1 "Robbery"
0 112 150 274 211 768 1 0 1 "Robbery"
0 112 150 274 211 769 1 0 1 "Robbery"
0 112 150 274 211 770 1 0 1 "Robbery"
0 112 150 274 211 771 1 0 1 "Robbery"
0 112 150 274 211 772 1 0 1 "Robbery"
0 112 150 274 211 773 1 0 1 "Robbery"
0 112 150 274 211 774 1 0 1 "Robbery"
0 112 150 274 211 775 1 0 1 "Robbery"
0 112 150 274 211 776 1 0 1 "Robbery"
0 112 150 274 211 777 1 0 1 "Robbery"
0 112 150 274 211 778 1 0 1 "Robbery"
0 112 150 274 211 779 1 0 1 "Robbery"
0 112 150 274 211 780 1 0 1 "Robbery"
0 112 150 274 211 781 1 0 1 "Robbery"
0 112 150 274 211 782 1 0 1 "Robbery"
0 112 150 274 211 783 1 0 1 "Robbery"
0 112 150 274 211 784 1 0 1 "Robbery"
0 112 150 274 211 785 1 0 1 "Robbery"
0 112 150 274 211 786 1 0 1 "Robbery"
0 112 150 274 211 787 1 0 1 "Robbery"
0 112 150 274 211 788 1 0 1 "Robbery"
0 112 150 274 211 789 1 0 1 "Robbery"
0 112 150 274 211 790 1 0 1 "Robbery"
0 112 150 274 211 791 1 0 1 "Robbery"
0 112 150 274 211 792 1 0 1 "Robbery"
0 112 150 274 211 793 1 0 1 "Robbery"
0 112 150 274 211 794 1 0 1 "Robbery"
0 112 150 274 211 795 1 0 1 "Robbery"
0 112 150 274 211 796 1 0 1 "Robbery"
0 112 150 274 211 797 1 0 1 "Robbery"
0 112 150 274 211 798 1 0 1 "Robbery"
0 112 150 274 211 799 1 0 1 "Robbery"
0 112 150 274 211 800 1 0 1 "Robbery"
0 112 150 274 211 801 1 0 1 "Robbery"
0 112 150 274 211 802 1 0 1 "Robbery"
0 112 150 274 211 803 1 0 1 "Robbery"
0 112 150 274 211 804 1 0 1 "Robbery"
0 112 150 274 211 805 1 0 1 "Robbery"
0 112 150 274 211 806 1 0 1 "Robbery"
0 112 150 274 211 807 1 0 1 "Robbery"
0 112 150 274 211 808 1 0 1 "Robbery"
0 112 150 274 211 809 1 0 1 "Robbery"
0 112 150 274 211 810 1 0 1 "Robbery"
0 112 150 274 211 811 1 0 1 "Robbery"
0 112 150 274 211 812 1 0 1 "Robbery"
0 112 150 274 211 813 1 0 1 "Robbery"
0 112 150 274 211 814 1 0 1 "Robbery"
0 112 150 274 211 815 1 0 1 "Robbery"
0 112 150 274 211 816 1 0 1 "Robbery"
0 112 150 274 211 817 1 0 1 "Robbery"
0 112 150 274 211 818 1 0 1 "Robbery"
0 112 150 274 211 819 1 0 1 "Robbery"
0 112 150 274 211 820 1 0 1 "Robbery"
0 112 150 274 211 821 1 0 1 "Robbery"
0 112 150 274 211 822 1 0 1 "Robbery"
0 112 150 274 211 823 1 0 1 "Robbery"
0 112 150 274 211 824 1 0 1 "Robbery"
0 112 150 274 211 825 1 0 1 "Robbery"
0 112 150 274 211 826 1 0 1 "Robbery"
0 112 150 274 211 827 1 0 1 "Robbery"
0 112 150 274 211 828 1 0 1 "Robbery"
0 112 150 274 211 829 1 0 1 "Robbery"
0 112 150 274 211 830 1 0 1 "Robbery"
0 112 150 274 211 831 1 0 1 "Robbery"
0 112 150 274 211 832 1 0 1 "Robbery"
0 112 150 274 211 833 1 0 1 "Robbery"
0 112 150 274 211 834 1 0 1 "Robbery"
0 112 150 274 211 835 1 0 1 "Robbery"
0 112 150 274 211 836 1 0 1 "Robbery"
0 112 150 274 211 837 1 0 1 "Robbery"
0 112 150 274 211 838 1 0 1 "Robbery"
0 112 150 274 211 839 1 0 1 "Robbery"
0 112 150 274 211 840 1 0 1 "Robbery"
0 112 150 274 211 841 1 0 1 "Robbery"
0 112 150 274 211 842 1 0 1 "Robbery"
0 112 150 274 211 843 1 0 1 "Robbery"
0 112 150 274 211 844 1 0 1 "Robbery"
0 112 150 274 211 845 1 0 1 "Robbery"
0 112 150 274 211 846 1 0 1 "Robbery"
0 112 150 274 211 847 1 0 1 "Robbery"
0 112 150 274 211 848 1 0 1 "Robbery"
0 112 150 274 211 849 1 0 1 "Robbery"
0 112 150 274 211 850 1 0 1 "Robbery"
0 112 150 274 211 851 1 0 1 "Robbery"
0 112 150 274 211 852 1 0 1 "Robbery"
0 112 150 274 211 853 1 0 1 "Robbery"
0 112 150 274 211 854 1 0 1 "Robbery"
0 112 150 274 211 855 1 0 1 "Robbery"
0 112 150 274 211 856 1 0 1 "Robbery"
0 112 150 274 211 857 1 0 1 "Robbery"
0 112 150 274 211 858 1 0 1 "Robbery"
0 112 150 274 211 859 1 0 1 "Robbery"
0 112 150 274 211 860 1 0 1 "Robbery"
0 112 150 274 211 861 1 0 1 "Robbery"
0 112 150 274 211 862 1 0 1 "Robbery"
0 112 150 274 211 863 1 0 1 "Robbery"
0 112 150 274 211 864 1 0 1 "Robbery"
0 112 150 274 211 865 1 0 1 "Robbery"
0 112 150 274 211 866 1 0 1 "Robbery"
0 112 150 274 211 867 1 0 1 "Robbery"
0 112 150 274 211 868 1 0 1 "Robbery"
0 112 150 274 211 869 1 0 1 "Robbery"
0 112 150 274 211 870 1 0 1 "Robbery"
0 112 150 274 211 871 1 0 1 "Robbery"
0 112 150 274 211 872 1 0 1 "Robbery"
0 112 150 274 211 873 1 0 1 "Robbery"
0 112 150 274 211 874 1 0 1 "Robbery"
0 112 150 274 211 875 1 0 1 "Robbery"
0 112 150 274 211 876 1 0 1 "Robbery"
0 112 150 274 211 877 1 0 1 "Robbery"
0 112 150 274 211 878 1 0 1 "Robbery"
0 112 150 274 211 879 1 0 1 "Robbery"
0 112 150 274 211 880 1 0 1 "Robbery"
0 112 150 274 211 881 1 0 1 "Robbery"
0 112 150 274 211 882 1 0 1 "Robbery"
0 112 150 274 211 883 1 0 1 "Robbery"
0 112 150 274 211 884 1 0 1 "Robbery"
0 112 150 274 211 885 1 0 1 "Robbery"
0 112 150 274 211 886 1 0 1 "Robbery"
0 112 150 274 211 887 1 0 1 "Robbery"
0 112 150 274 211 888 1 0 1 "Robbery"
0 112 150 274 211 889 1 0 1 "Robbery"
0 112 150 274 211 890 1 0 1 "Robbery"
0 112 150 274 211 891 1 0 1 "Robbery"
0 112 150 274 211 892 1 0 1 "Robbery"
0 112 150 274 211 893 1 0 1 "Robbery"
0 112 150 274 211 894 1 0 1 "Robbery"
0 112 150 274 211 895 1 0 1 "Robbery"
0 112 150 274 211 896 1 0 1 "Robbery"
0 112 150 274 211 897 1 0 1 "Robbery"
0 112 150 274 211 898 1 0 1 "Robbery"
0 112 150 274 211 899 1 0 1 "Robbery"
0 112 150 274 211 900 1 0 1 "Robbery"
0 112 150 274 211 901 1 0 1 "Robbery"
0 112 150 274 211 902 1 0 1 "Robbery"
0 112 150 274 211 903 1 0 1 "Robbery"
0 112 150 274 211 904 1 0 1 "Robbery"
0 112 150 274 211 905 1 0 1 "Robbery"
0 112 150 274 211 906 1 0 1 "Robbery"
0 112 150 274 211 907 1 0 1 "Robbery"
0 112 150 274 211 908 1 0 1 "Robbery"
0 112 150 274 211 909 1 0 1 "Robbery"
0 112 150 274 211 910 1 0 1 "Robbery"
0 112 150 274 211 911 1 0 1 "Robbery"
0 112 150 274 211 912 1 0 1 "Robbery"
0 112 150 274 211 913 1 0 1 "Robbery"
0 112 150 274 211 914 1 0 1 "Robbery"
0 112 150 274 211 915 1 0 1 "Robbery"
0 112 150 274 211 916 1 0 1 "Robbery"
0 112 150 274 211 917 1 0 1 "Robbery"
0 112 150 274 211 918 1 0 1 "Robbery"
0 112 150 274 211 919 1 0 1 "Robbery"
0 112 150 274 211 920 1 0 1 "Robbery"
0 112 150 274 211 921 1 0 1 "Robbery"
0 112 150 274 211 922 1 0 1 "Robbery"
0 112 150 274 211 923 1 0 1 "Robbery"
0 112 150 274 211 924 1 0 1 "Robbery"
0 112 150 274 211 925 1 0 1 "Robbery"
0 112 150 274 211 926 1 0 1 "Robbery"
0 112 150 274 211 927 1 0 1 "Robbery"
0 112 150 274 211 928 1 0 1 "Robbery"
0 112 150 274 211 929 1 0 1 "Robbery"
0 112 150 274 211 930 1 0 1 "Robbery"
0 112 150 274 211 931 1 0 1 "Robbery"
0 112 150 274 211 932 1 0 1 "Robbery"
0 112 150 274 211 933 1 0 1 "Robbery"
0 112 150 274 211 934 1 0 1 "Robbery"
0 112 150 274 211 935 1 0 1 "Robbery"
0 112 150 274 211 936 1 0 1 "Robbery"
0 112 150 274 211 937 1 0 1 "Robbery"
0 112 150 274 211 938 1 0 1 "Robbery"
0 112 150 274 211 939 1 0 1 "Robbery"
0 112 150 274 211 940 1 0 1 "Robbery"
0 112 150 274 211 941 1 0 1 "Robbery"
0 112 150 274 211 942 1 0 1 "Robbery"
0 112 150 274 211 943 1 0 1 "Robbery"
0 112 150 274 211 944 1 0 1 "Robbery"
0 112 150 274 211 945 1 0 1 "Robbery"
0 112 150 274 211 946 1 0 1 "Robbery"
0 112 150 274 211 947 1 0 1 "Robbery"
0 112 150 274 211 948 1 0 1 "Robbery"
0 112 150 274 211 949 1 0 1 "Robbery"
0 112 150 274 211 950 1 0 1 "Robbery"
0 112 150 274 211 951 1 0 1 "Robbery"
0 112 150 274 211 952 1 0 1 "Robbery"
0 112 150 274 211 953 1 0 1 "Robbery"
0 112 150 274 211 954 1 0 1 "Robbery"
0 112 150 274 211 955 1 0 1 "Robbery"
0 112 150 274 211 956 1 0 1 "Robbery"
0 112 150 274 211 957 1 0 1 "Robbery"
0 112 150 274 211 958 1 0 1 "Robbery"
0 112 150 274 211 959 1 0 1 "Robbery"
0 112 150 274 211 960 1 0 1 "Robbery"
0 112 150 274 211 961 1 0 1 "Robbery"
0 112 150 274 211 962 1 0 1 "Robbery"
0 112 150 274 211 963 1 0 1 "Robbery"
0 112 150 274 211 964 1 0 1 "Robbery"
0 112 150 274 211 965 1 0 1 "Robbery"
0 112 150 274 211 966 1 0 1 "Robbery"
0 112 150 274 211 967 1 0 1 "Robbery"
0 112 150 274 211 968 1 0 1 "Robbery"
0 112 150 274 211 969 1 0 1 "Robbery"
0 112 150 274 211 970 1 0 1 "Robbery"
0 112 150 274 211 971 1 0 1 "Robbery"
0 112 150 274 211 972 1 0 1 "Robbery"
0 112 150 274 211 973 1 0 1 "Robbery"
0 112 150 274 211 974 1 0 1 "Robbery"
0 112 150 274 211 975 1 0 1 "Robbery"
0 112 150 274 211 976 1 0 1 "Robbery"
0 112 150 274 211 977 1 0 1 "Robbery"
0 112 150 274 211 978 1 0 1 "Robbery"
0 112 150 274 211 979 1 0 1 "Robbery"
0 112 150 274 211 980 1 0 1 "Robbery"
0 112 150 274 211 981 1 0 1 "Robbery"
0 112 150 274 211 982 1 0 1 "Robbery"
0 112 150 274 211 983 1 0 1 "Robbery"
0 112 150 274 211 984 1 0 1 "Robbery"
0 112 150 274 211 985 1 0 1 "Robbery"
0 112 150 274 211 986 1 0 1 "Robbery"
0 112 150 274 211 987 1 0 1 "Robbery"
0 112 150 274 211 988 1 0 1 "Robbery"
0 112 150 274 211 989 1 0 1 "Robbery"
0 112 150 274 211 990 1 0 1 "Robbery"
0 112 150 274 211 991 1 0 1 "Robbery"
0 112 150 274 211 992 1 0 1 "Robbery"
0 112 150 274 211 993 1 0 1 "Robbery"
0 112 150 274 211 994 1 0 1 "Robbery"
0 112 150 274 211 995 1 0 1 "Robbery"
0 112 150 274 211 996 1 0 1 "Robbery"
0 112 150 274 211 997 1 0 1 "Robbery"
0 112 150 274 211 998 1 0 1 "Robbery"
0 112 150 274 211 999 1 0 1 "Robbery"
0 112 150 274 211 1000 1 0 1 "Robbery"
0 112 150 274 211 1001 1 0 1 "Robbery"
0 112 150 274 211 1002 1 0 1 "Robbery"
0 112 150 274 211 1003 1 0 1 "Robbery"
0 112 150 274 211 1004 1 0 1 "Robbery"
0 112 150 274 211 1005 1 0 1 "Robbery"
0 112 150 274 211 1006 1 0 1 "Robbery"
0 112 150 274 211 1007 1 0 1 "Robbery"
0 112 150 274 211 1008 1 0 1 "Robbery"
0 112 150 274 211 1009 1 0 1 "Robbery"
0 112 150 274 211 1010 1 0 1 "Robbery"
0 112 150 274 211 1011 1 0 1 "Robbery"
0 112 150 274 211 1012 1 0 1 "Robbery"
0 112 150 274 211 1013 1 0 1 "Robbery"
0 112 150 274 211 1014 1 0 1 "Robbery"
0 112 150 274 211 1015 1 0 1 "Robbery"
0 112 150 274 211 1016 1 0 1 "Robbery"
0 112 150 274 211 1017 1 0 1 "Robbery"
0 112 150 274 211 1018 1 0 1 "Robbery"
0 112 150 274 211 1019 1 0 1 "Robbery"
0 112 150 274 211 1020 1 0 1 "Robbery"
0 112 150 274 211 1021 1 0 1 "Robbery"
0 112 150 274 211 1022 1 0 1 "Robbery"
0 112 150 274 211 1023 1 0 1 "Robbery"
0 112 150 274 211 1024 1 0 1 "Robbery"
0 112 150 274 211 1025 1 0 1 "Robbery"
0 112 150 274 211 1026 1 0 1 "Robbery"
0 112 150 274 211 1027 1 0 1 "Robbery"
0 112 150 274 211 1028 1 0 1 "Robbery"
0 112 150 274 211 1029 1 0 1 "Robbery"
0 112 150 274 211 1030 1 0 1 "Robbery"
0 112 150 274 211 1031 1 0 1 "Robbery"
0 112 150 274 211 1032 1 0 1 "Robbery"
0 112 150 274 211 1033 1 0 1 "Robbery"
0 112 150 274 211 1034 1 0 1 "Robbery"
0 112 150 274 211 1035 1 0 1 "Robbery"
0 112 150 274 211 1036 1 0 1 "Robbery"
0 112 150 274 211 1037 1 0 1 "Robbery"
0 112 150 274 211 1038 1 0 1 "Robbery"
0 112 150 274 211 1039 1 0 1 "Robbery"
0 112 150 274 211 1040 1 0 1 "Robbery"
0 112 150 274 211 1041 1 0 1 "Robbery"
0 112 150 274 211 1042 1 0 1 "Robbery"
0 112 150 274 211 1043 1 0 1 "Robbery"
0 112 150 274 211 1044 1 0 1 "Robbery"
0 112 150 274 211 1045 1 0 1 "Robbery"
0 112 150 274 211 1046 1 0 1 "Robbery"
0 112 150 274 211 1047 1 0 1 "Robbery"
0 112 150 274 211 1048 1 0 1 "Robbery"
0 112 150 274 211 1049 1 0 1 "Robbery"
0 112 150 274 211 1050 1 0 1 "Robbery"
0 112 150 274 211 1051 1 0 1 "Robbery"
0 112 150 274 211 1052 1 0 1 "Robbery"
0 112 150 274 211 1053 1 0 1 "Robbery"
0 112 150 274 211 1054 1 0 1 "Robbery"
0 112 150 274 211 1055 1 0 1 "Robbery"
0 112 150 274 211 1056 1 0 1 "Robbery"
0 112 150 274 211 1057 1 0 1 "Robbery"
0 112 150 274 211 1058 1 0 1 "Robbery"
0 112 150 274 211 1059 1 0 1 "Robbery"
0 112 150 274 211 1060 1 0 1 "Robbery"
0 112 150 274 211 1061 1 0 1 "Robbery"
0 112 150 274 211 1062 1 0 1 "Robbery"
0 112 150 274 211 1063 1 0 1 "Robbery"
0 112 150 274 211 1064 1 0 1 "Robbery"
0 112 150 274 211 1065 1 0 1 "Robbery"
0 112 150 274 211 1066 1 0 1 "Robbery"
0 112 150 274 211 1067 1 0 1 "Robbery"
0 112 150 274 211 1068 1 0 1 "Robbery"
0 112 150 274 211 1069 1 0 1 "Robbery"
0 112 150 274 211 1070 1 0 1 "Robbery"
0 112 150 274 211 1071 1 0 1 "Robbery"
0 112 150 274 211 1072 1 0 1 "Robbery"
0 112 150 274 211 1073 1 0 1 "Robbery"
0 112 150 274 211 1074 1 0 1 "Robbery"
0 112 150 274 211 1075 1 0 1 "Robbery"
0 112 150 274 211 1076 1 0 1 "Robbery"
0 112 150 274 211 1077 1 0 1 "Robbery"
0 112 150 274 211 1078 1 0 1 "Robbery"
0 112 150 274 211 1079 1 0 1 "Robbery"
0 112 150 274 211 1080 1 0 1 "Robbery"
0 112 150 274 211 1081 1 0 1 "Robbery"
0 112 150 274 211 1082 1 0 1 "Robbery"
0 112 150 274 211 1083 1 0 1 "Robbery"
0 112 150 274 211 1084 1 0 1 "Robbery"
0 112 150 274 211 1085 1 0 1 "Robbery"
0 112 150 274 211 1086 1 0 1 "Robbery"
0 112 150 274 211 1087 1 0 1 "Robbery"
0 112 150 274 211 1088 1 0 1 "Robbery"
0 112 150 274 211 1089 1 0 1 "Robbery"
0 112 150 274 211 1090 1 0 1 "Robbery"
0 112 150 274 211 1091 1 0 1 "Robbery"
0 112 150 274 211 1092 1 0 1 "Robbery"
0 112 150 274 211 1093 1 0 1 "Robbery"
0 112 150 274 211 1094 1 0 1 "Robbery"
0 112 150 274 211 1095 1 0 1 "Robbery"
0 112 150 274 211 1096 1 0 1 "Robbery"
0 112 150 274 211 1097 1 0 1 "Robbery"
0 112 150 274 211 1098 1 0 1 "Robbery"
0 112 150 274 211 1099 1 0 1 "Robbery"
0 112 150 274 211 1100 1 0 1 "Robbery"
0 112 150 274 211 1101 1 0 1 "Robbery"
0 112 150 274 211 1102 1 0 1 "Robbery"
0 112 150 274 211 1103 1 0 1 "Robbery"
0 112 150 274 211 1104 1 0 1 "Robbery"
0 112 150 274 211 1105 1 0 1 "Robbery"
0 112 150 274 211 1106 1 0 1 "Robbery"
0 112 150 274 211 1107 1 0 1 "Robbery"
0 112 150 274 211 1108 1 0 1 "Robbery"
0 112 150 274 211 1109 1 0 1 "Robbery"
0 112 150 274 211 1110 1 0 1 "Robbery"
0 112 150 274 211 1111 1 0 1 "Robbery"
0 112 150 274 211 1112 1 0 1 "Robbery"
0 112 150 274 211 1113 1 0 1 "Robbery"
0 112 150 274 211 1114 1 0 1 "Robbery"
0 112 150 274 211 1115 1 0 1 "Robbery"
0 112 150 274 211 1116 1 0 1 "Robbery"
0 112 150 274 211 1117 1 0 1 "Robbery"
0 112 150 274 211 1118 1 0 1 "Robbery"
0 112 150 274 211 1119 1 0 1 "Robbery"
0 112 150 274 211 1120 1 0 1 "Robbery"
0 112 150 274 211 1121 1 0 1 "Robbery"
0 112 150 274 211 1122 1 0 1 "Robbery"
0 112 150 274 211 1123 1 0 1 "Robbery"
0 112 150 274 211 1124 1 0 1 "Robbery"
0 112 150 274 211 1125 1 0 1 "Robbery"
0 112 150 274 211 1126 1 0 1 "Robbery"
0 112 150 274 211 1127 1 0 1 "Robbery"
0 112 150 274 211 1128 1 0 1 "Robbery"
0 112 150 274 211 1129 1 0 1 "Robbery"
0 112 150 274 211 1130 1 0 1 "Robbery"
0 112 150 274 211 1131 1 0 1 "Robbery"
0 112 150 274 211 1132 1 0 1 "Robbery"
0 112 150 274 211 1133 1 0 1 "Robbery"
0 112 150 274 211 1134 1 0 1 "Robbery"
0 112 150 274 211 1135 1 0 1 "Robbery"
0 112 150 274 211 1136 1 0 1 "Robbery"
0 112 150 274 211 1137 1 0 1 "Robbery"
0 112 150 274 211 1138 1 0 1 "Robbery"
0 112 150 274 211 1139 1 0 1 "Robbery"
0 112 150 274 211 1140 1 0 1 "Robbery"
0 112 150 274 211 1141 1 0 1 "Robbery"
0 112 150 274 211 1142 1 0 1 "Robbery"
0 112 150 274 211 1143 1 0 1 "Robbery"
0 112 150 274 211 1144 1 0 1 "Robbery"
0 112 150 274 211 1145 1 0 1 "Robbery"
0 112 150 274 211 1146 1 0 1 "Robbery"
0 112 150 274 211 1147 1 0 1 "Robbery"
0 112 150 274 211 1148 1 0 1 "Robbery"
0 112 150 274 211 1149 1 0 1 "Robbery"
0 112 150 274 211 1150 1 0 1 "Robbery"
0 112 150 274 211 1151 1 0 1 "Robbery"
0 112 150 274 211 1152 1 0 1 "Robbery"
0 112 150 274 211 1153 1 0 1 "Robbery"
0 112 150 274 211 1154 1 0 1 "Robbery"
0 112 150 274 211 1155 1 0 1 "Robbery"
0 112 150 274 211 1156 1 0 1 "Robbery"
0 112 150 274 211 1157 1 0 1 "Robbery"
0 112 150 274 211 1158 1 0 1 "Robbery"
0 112 150 274 211 1159 1 0 1 "Robbery"
0 112 150 274 211 1160 1 0 1 "Robbery"
0 112 150 274 211 1161 1 0 1 "Robbery"
0 112 150 274 211 1162 1 0 1 "Robbery"
0 112 150 274 211 1163 1 0 1 "Robbery"
0 112 150 274 211 1164 1 0 1 "Robbery"
0 112 150 274 211 1165 1 0 1 "Robbery"
0 112 150 274 211 1166 1 0 1 "Robbery"
0 112 150 274 211 1167 1 0 1 "Robbery"
0 112 150 274 211 1168 1 0 1 "Robbery"
0 112 150 274 211 1169 1 0 1 "Robbery"
0 112 150 274 211 1170 1 0 1 "Robbery"
0 112 150 274 211 1171 1 0 1 "Robbery"
0 112 150 274 211 1172 1 0 1 "Robbery"
0 112 150 274 211 1173 1 0 1 "Robbery"
0 112 150 274 211 1174 1 0 1 "Robbery"
0 112 150 274 211 1175 1 0 1 "Robbery"
0 112 150 274 211 1176 1 0 1 "Robbery"
0 112 150 274 211 1177 1 0 1 "Robbery"
0 112 150 274 211 1178 1 0 1 "Robbery"
0 112 150 274 211 1179 1 0 1 "Robbery"
0 112 150 274 211 1180 1 0 1 "Robbery"
0 112 150 274 211 1181 1 0 1 "Robbery"
0 112 150 274 211 1182 1 0 1 "Robbery"
0 112 150 274 211 1183 1 0 1 "Robbery"
0 112 150 274 211 1184 1 0 1 "Robbery"
0 112 150 274 211 1185 1 0 1 "Robbery"
0 112 150 274 211 1186 1 0 1 "Robbery"
0 112 150 274 211 1187 1 0 1 "Robbery"
0 112 150 274 211 1188 1 0 1 "Robbery"
0 112 150 274 211 1189 1 0 1 "Robbery"
0 112 150 274 211 1190 1 0 1 "Robbery"
0 112 150 274 211 1191 1 0 1 "Robbery"
0 112 150 274 211 1192 1 0 1 "Robbery"
0 112 150 274 211 1193 1 0 1 "Robbery"
0 112 150 274 211 1194 1 0 1 "Robbery"
0 112 150 274 211 1195 1 0 1 "Robbery"
0 112 150 274 211 1196 1 0 1 "Robbery"
0 112 150 274 211 1197 1 0 1 "Robbery"
0 112 150 274 211 1198 1 0 1 "Robbery"
0 112 150 274 211 1199 1 0 1 "Robbery"
0 112 150 274 211 1200 1 0 1 "Robbery"
0 112 150 274 211 1201 1 0 1 "Robbery"
0 112 150 274 211 1202 1 0 1 "Robbery"
0 112 150 274 211 1203 1 0 1 "Robbery"
0 112 150 274 211 1204 1 0 1 "Robbery"
0 112 150 274 211 1205 1 0 1 "Robbery"
0 112 150 274 211 1206 1 0 1 "Robbery"
0 112 150 274 211 1207 1 0 1 "Robbery"
0 112 150 274 211 1208 1 0 1 "Robbery"
0 112 150 274 211 1209 1 0 1 "Robbery"
0 112 150 274 211 1210 1 0 1 "Robbery"
0 112 150 274 211 1211 1 0 1 "Robbery"
0 112 150 274 211 1212 1 0 1 "Robbery"
0 112 150 274 211 1213 1 0 1 "Robbery"
0 112 150 274 211 1214 1 0 1 "Robbery"
0 112 150 274 211 1215 1 0 1 "Robbery"
0 112 150 274 211 1216 1 0 1 "Robbery"
0 112 150 274 211 1217 1 0 1 "Robbery"
0 112 150 274 211 1218 1 0 1 "Robbery"
0 112 150 274 211 1219 1 0 1 "Robbery"
0 112 150 274 211 1220 1 0 1 "Robbery"
0 112 150 274 211 1221 1 0 1 "Robbery"
0 112 150 274 211 1222 1 0 1 "Robbery"
0 112 150 274 211 1223 1 0 1 "Robbery"
0 112 150 274 211 1224 1 0 1 "Robbery"
0 112 150 274 211 1225 1 0 1 "Robbery"
0 112 150 274 211 1226 1 0 1 "Robbery"
0 112 150 274 211 1227 1 0 1 "Robbery"
0 112 150 274 211 1228 1 0 1 "Robbery"
0 112 150 274 211 1229 1 0 1 "Robbery"
0 112 150 274 211 1230 1 0 1 "Robbery"
0 112 150 274 211 1231 1 0 1 "Robbery"
0 112 150 274 211 1232 1 0 1 "Robbery"
0 112 150 274 211 1233 1 0 1 "Robbery"
0 112 150 274 211 1234 1 0 1 "Robbery"
0 112 150 274 211 1235 1 0 1 "Robbery"
0 112 150 274 211 1236 1 0 1 "Robbery"
0 112 150 274 211 1237 1 0 1 "Robbery"
0 112 150 274 211 1238 1 0 1 "Robbery"
0 112 150 274 211 1239 1 0 1 "Robbery"
0 112 150 274 211 1240 1 0 1 "Robbery"
0 112 150 274 211 1241 1 0 1 "Robbery"
0 112 150 274 211 1242 1 0 1 "Robbery"
0 112 150 274 211 1243 1 0 1 "Robbery"
0 112 150 274 211 1244 1 0 1 "Robbery"
0 112 150 274 211 1245 1 0 1 "Robbery"
0 112 150 274 211 1246 1 0 1 "Robbery"
0 112 150 274 211 1247 1 0 1 "Robbery"
0 112 150 274 211 1248 1 0 1 "Robbery"
0 112 150 274 211 1249 1 0 1 "Robbery"
0 112 150 274 211 1250 1 0 1 "Robbery"
0 112 150 274 211 1251 1 0 1 "Robbery"
0 112 150 274 211 1252 1 0 1 "Robbery"
0 112 150 274 211 1253 1 0 1 "Robbery"
0 112 150 274 211 1254 1 0 1 "Robbery"
0 112 150 274 211 1255 1 0 0 "Robbery"
