0 68 41 111 141 0 1 0 0 "Robbery"
0 68 41 111 141 1 1 0 1 "Robbery"
0 68 41 111 141 2 1 0 1 "Robbery"
0 68 41 111 141 3 1 0 1 "Robbery"
0 68 41 111 141 4 1 0 1 "Robbery"
0 68 41 111 141 5 1 0 1 "Robbery"
0 68 41 111 141 6 1 0 1 "Robbery"
0 68 41 111 141 7 1 0 1 "Robbery"
0 68 41 111 141 8 1 0 1 "Robbery"
0 68 41 111 141 9 1 0 1 "Robbery"
0 68 41 111 141 10 1 0 1 "Robbery"
0 68 41 111 141 11 1 0 1 "Robbery"
0 68 41 111 141 12 1 0 1 "Robbery"
0 68 41 111 141 13 1 0 1 "Robbery"
0 68 41 111 141 14 1 0 1 "Robbery"
0 68 41 111 141 15 1 0 1 "Robbery"
0 68 41 111 141 16 1 0 1 "Robbery"
0 68 41 111 141 17 1 0 1 "Robbery"
0 68 41 111 141 18 1 0 1 "Robbery"
0 68 41 111 141 19 1 0 1 "Robbery"
0 68 41 111 141 20 1 0 1 "Robbery"
0 68 41 111 141 21 1 0 1 "Robbery"
0 68 41 111 141 22 1 0 1 "Robbery"
0 68 41 111 141 23 1 0 1 "Robbery"
0 68 41 111 141 24 1 0 1 "Robbery"
0 68 41 111 141 25 1 0 1 "Robbery"
0 68 41 111 141 26 1 0 1 "Robbery"
0 68 41 111 141 27 1 0 1 "Robbery"
0 68 41 111 141 28 1 0 1 "Robbery"
0 68 41 111 141 29 1 0 1 "Robbery"
0 68 41 111 141 30 1 0 1 "Robbery"
0 68 41 111 141 31 1 0 1 "Robbery"
0 68 41 111 141 32 1 0 1 "Robbery"
0 68 41 111 141 33 1 0 1 "Robbery"
0 68 41 111 141 34 1 0 1 "Robbery"
0 68 41 111 141 35 1 0 1 "Robbery"
0 68 41 111 141 36 1 0 1 "Robbery"
0 68 41 111 141 37 1 0 1 "Robbery"
0 68 41 111 141 38 1 0 1 "Robbery"
0 68 41 111 141 39 1 0 1 "Robbery"
0 68 41 111 141 40 1 0 1 "Robbery"
0 68 41 111 141 41 1 0 1 "Robbery"
0 68 41 111 141 42 1 0 1 "Robbery"
0 68 41 111 141 43 1 0 1 "Robbery"
0 68 41 111 141 44 1 0 1 "Robbery"
0 68 41 111 141 45 1 0 1 "Robbery"
0 68 41 111 141 46 1 0 1 "Robbery"
0 68 41 111 141 47 1 0 1 "Robbery"
0 68 41 111 141 48 1 0 1 "Robbery"
0 68 41 111 141 49 1 0 1 "Robbery"
0 68 41 111 141 50 1 0 1 "Robbery"
0 68 41 111 141 51 1 0 1 "Robbery"
0 68 41 111 141 52 1 0 1 "Robbery"
0 68 41 111 141 53 1 0 1 "Robbery"
0 68 41 111 141 54 1 0 1 "Robbery"
0 68 41 111 141 55 1 0 1 "Robbery"
0 68 41 111 141 56 1 0 1 "Robbery"
0 68 41 111 141 57 1 0 1 "Robbery"
0 68 41 111 141 58 1 0 1 "Robbery"
0 68 41 111 141 59 1 0 1 "Robbery"
0 68 41 111 141 60 1 0 1 "Robbery"
0 68 41 111 141 61 1 0 1 "Robbery"
0 68 41 111 141 62 1 0 1 "Robbery"
0 68 41 111 141 63 1 0 1 "Robbery"
0 68 41 111 141 64 1 0 1 "Robbery"
0 68 41 111 141 65 1 0 1 "Robbery"
0 68 41 111 141 66 1 0 1 "Robbery"
0 68 41 111 141 67 1 0 1 "Robbery"
0 68 41 111 141 68 1 0 1 "Robbery"
0 68 41 111 141 69 1 0 1 "Robbery"
0 68 41 111 141 70 1 0 1 "Robbery"
0 68 41 111 141 71 1 0 1 "Robbery"
0 68 41 111 141 72 1 0 1 "Robbery"
0 68 41 111 141 73 1 0 1 "Robbery"
0 68 41 111 141 74 1 0 1 "Robbery"
0 68 41 111 141 75 1 0 1 "Robbery"
0 68 41 111 141 76 1 0 1 "Robbery"
0 68 41 111 141 77 1 0 1 "Robbery"
0 68 41 111 141 78 1 0 1 "Robbery"
0 68 41 111 141 79 1 0 1 "Robbery"
0 68 41 111 141 80 1 0 1 "Robbery"
0 68 41 111 141 81 1 0 1 "Robbery"
0 68 41 111 141 82 1 0 1 "Robbery"
0 68 41 111 141 83 1 0 1 "Robbery"
0 68 41 111 141 84 1 0 1 "Robbery"
0 68 41 111 141 85 1 0 1 "Robbery"
0 68 41 111 141 86 1 0 1 "Robbery"
0 68 41 111 141 87 1 0 1 "Robbery"
0 68 41 111 141 88 1 0 1 "Robbery"
0 68 41 111 141 89 1 0 1 "Robbery"
0 68 41 111 141 90 1 0 1 "Robbery"
0 68 41 111 141 91 1 0 1 "Robbery"
0 68 41 111 141 92 1 0 1 "Robbery"
0 68 41 111 141 93 1 0 1 "Robbery"
0 68 41 111 141 94 1 0 1 "Robbery"
0 68 41 111 141 95 1 0 1 "Robbery"
0 68 41 111 141 96 1 0 1 "Robbery"
0 68 41 111 141 97 1 0 1 "Robbery"
0 68 41 111 141 98 1 0 1 "Robbery"
0 68 41 111 141 99 1 0 1 "Robbery"
0 68 41 111 141 100 1 0 1 "Robbery"
0 68 41 111 141 101 1 0 1 "Robbery"
0 68 41 111 141 102 1 0 1 "Robbery"
0 68 41 111 141 103 1 0 1 "Robbery"
0 68 41 111 141 104 1 0 1 "Robbery"
0 68 41 111 141 105 1 0 1 "Robbery"
0 68 41 111 141 106 1 0 1 "Robbery"
0 68 41 111 141 107 1 0 1 "Robbery"
0 68 41 111 141 108 1 0 1 "Robbery"
0 68 41 111 141 109 1 0 1 "Robbery"
0 68 41 111 141 110 1 0 1 "Robbery"
0 68 41 111 141 111 1 0 1 "Robbery"
0 68 41 111 141 112 1 0 1 "Robbery"
0 68 41 111 141 113 1 0 1 "Robbery"
0 68 41 111 141 114 1 0 1 "Robbery"
0 68 41 111 141 115 1 0 1 "Robbery"
0 68 41 111 141 116 1 0 1 "Robbery"
0 68 41 111 141 117 1 0 1 "Robbery"
0 68 41 111 141 118 1 0 1 "Robbery"
0 68 41 111 141 119 1 0 1 "Robbery"
0 68 41 111 141 120 1 0 1 "Robbery"
0 68 41 111 141 121 1 0 1 "Robbery"
0 68 41 111 141 122 1 0 1 "Robbery"
0 68 41 111 141 123 1 0 1 "Robbery"
0 68 41 111 141 124 1 0 1 "Robbery"
0 68 41 111 141 125 1 0 1 "Robbery"
0 68 41 111 141 126 1 0 1 "Robbery"
0 68 41 111 141 127 1 0 1 "Robbery"
0 68 41 111 141 128 1 0 1 "Robbery"
0 68 41 111 141 129 1 0 1 "Robbery"
0 68 41 111 141 130 1 0 1 "Robbery"
0 68 41 111 141 131 1 0 1 "Robbery"
0 68 41 111 141 132 1 0 1 "Robbery"
0 68 41 111 141 133 1 0 1 "Robbery"
0 68 41 111 141 134 1 0 1 "Robbery"
0 68 41 111 141 135 1 0 1 "Robbery"
0 68 41 111 141 136 1 0 1 "Robbery"
0 68 41 111 141 137 1 0 1 "Robbery"
0 68 41 111 141 138 1 0 1 "Robbery"
0 68 41 111 141 139 1 0 1 "Robbery"
0 68 41 111 141 140 1 0 1 "Robbery"
0 68 41 111 141 141 1 0 1 "Robbery"
0 68 41 111 141 142 1 0 1 "Robbery"
0 68 41 111 141 143 1 0 1 "Robbery"
0 68 41 111 141 144 1 0 1 "Robbery"
0 68 41 111 141 145 1 0 1 "Robbery"
0 68 41 111 141 146 1 0 1 "Robbery"
0 68 41 111 141 147 1 0 1 "Robbery"
0 68 41 111 141 148 1 0 1 "Robbery"
0 68 41 111 141 149 1 0 1 "Robbery"
0 68 41 111 141 150 1 0 1 "Robbery"
0 68 41 111 141 151 1 0 1 "Robbery"
0 68 41 111 141 152 1 0 1 "Robbery"
0 68 41 111 141 153 1 0 1 "Robbery"
0 68 41 111 141 154 1 0 1 "Robbery"
0 68 41 111 141 155 1 0 1 "Robbery"
0 68 41 111 141 156 1 0 1 "Robbery"
0 68 41 111 141 157 1 0 1 "Robbery"
0 68 41 111 141 158 1 0 1 "Robbery"
0 68 41 111 141 159 1 0 1 "Robbery"
0 68 41 111 141 160 1 0 1 "Robbery"
0 68 41 111 141 161 1 0 1 "Robbery"
0 68 41 111 141 162 1 0 1 "Robbery"
0 68 41 111 141 163 1 0 1 "Robbery"
0 68 41 111 141 164 1 0 1 "Robbery"
0 68 41 111 141 165 1 0 1 "Robbery"
0 68 41 111 141 166 1 0 1 "Robbery"
0 68 41 111 141 167 1 0 1 "Robbery"
0 68 41 111 141 168 1 0 1 "Robbery"
0 68 41 111 141 169 1 0 1 "Robbery"
0 68 41 111 141 170 1 0 1 "Robbery"
0 68 41 111 141 171 1 0 1 "Robbery"
0 68 41 111 141 172 1 0 1 "Robbery"
0 68 41 111 141 173 1 0 1 "Robbery"
0 68 41 111 141 174 1 0 1 "Robbery"
0 68 41 111 141 175 1 0 1 "Robbery"
0 68 41 111 141 176 1 0 1 "Robbery"
0 68 41 111 141 177 1 0 1 "Robbery"
0 68 41 111 141 178 1 0 1 "Robbery"
0 68 41 111 141 179 1 0 1 "Robbery"
0 68 41 111 141 180 1 0 1 "Robbery"
0 68 41 111 141 181 1 0 1 "Robbery"
0 68 41 111 141 182 1 0 1 "Robbery"
0 68 41 111 141 183 1 0 1 "Robbery"
0 68 41 111 141 184 1 0 1 "Robbery"
0 68 41 111 141 185 1 0 1 "Robbery"
0 68 41 111 141 186 1 0 1 "Robbery"
0 68 41 111 141 187 1 0 1 "Robbery"
0 68 41 111 141 188 1 0 1 "Robbery"
0 68 41 111 141 189 1 0 1 "Robbery"
0 68 41 111 141 190 1 0 1 "Robbery"
0 68 41 111 141 191 1 0 1 "Robbery"
0 68 41 111 141 192 1 0 1 "Robbery"
0 68 41 111 141 193 1 0 1 "Robbery"
0 68 41 111 141 194 1 0 1 "Robbery"
0 68 41 111 141 195 1 0 1 "Robbery"
0 68 41 111 141 196 1 0 1 "Robbery"
0 68 41 111 141 197 1 0 1 "Robbery"
0 68 41 111 141 198 1 0 1 "Robbery"
0 68 41 111 141 199 1 0 1 "Robbery"
0 68 41 111 141 200 1 0 1 "Robbery"
0 68 41 111 141 201 1 0 1 "Robbery"
0 68 41 111 141 202 1 0 1 "Robbery"
0 68 41 111 141 203 1 0 1 "Robbery"
0 68 41 111 141 204 1 0 1 "Robbery"
0 68 41 111 141 205 1 0 1 "Robbery"
0 68 41 111 141 206 1 0 1 "Robbery"
0 68 41 111 141 207 1 0 1 "Robbery"
0 68 41 111 141 208 1 0 1 "Robbery"
0 68 41 111 141 209 1 0 1 "Robbery"
0 68 41 111 141 210 1 0 1 "Robbery"
0 68 41 111 141 211 1 0 1 "Robbery"
0 68 41 111 141 212 1 0 1 "Robbery"
0 68 41 111 141 213 1 0 1 "Robbery"
0 68 41 111 141 214 1 0 1 "Robbery"
0 68 41 111 141 215 1 0 1 "Robbery"
0 68 41 111 141 216 1 0 1 "Robbery"
0 68 41 111 141 217 1 0 1 "Robbery"
0 68 41 111 141 218 1 0 1 "Robbery"
0 68 41 111 141 219 1 0 1 "Robbery"
0 68 41 111 141 220 1 0 1 "Robbery"
0 68 41 111 141 221 1 0 1 "Robbery"
0 68 41 111 141 222 1 0 1 "Robbery"
0 68 41 111 141 223 1 0 1 "Robbery"
0 68 41 111 141 224 1 0 1 "Robbery"
0 68 41 111 141 225 1 0 1 "Robbery"
0 68 41 111 141 226 1 0 1 "Robbery"
0 68 41 111 141 227 1 0 1 "Robbery"
0 68 41 111 141 228 1 0 1 "Robbery"
0 68 41 111 141 229 1 0 1 "Robbery"
0 68 41 111 141 230 1 0 1 "Robbery"
0 68 41 111 141 231 1 0 1 "Robbery"
0 68 41 111 141 232 1 0 1 "Robbery"
0 68 41 111 141 233 1 0 1 "Robbery"
0 68 41 111 141 234 1 0 1 "Robbery"
0 68 41 111 141 235 1 0 1 "Robbery"
0 68 41 111 141 236 1 0 1 "Robbery"
0 68 41 111 141 237 1 0 1 "Robbery"
0 68 41 111 141 238 1 0 1 "Robbery"
0 68 41 111 141 239 1 0 1 "Robbery"
0 68 41 111 141 240 1 0 1 "Robbery"
0 68 41 111 141 241 1 0 1 "Robbery"
0 68 41 111 141 242 1 0 1 "Robbery"
0 68 41 111 141 243 1 0 1 "Robbery"
0 68 41 111 141 244 1 0 1 "Robbery"
0 68 41 111 141 245 1 0 1 "Robbery"
0 68 41 111 141 246 1 0 1 "Robbery"
0 68 41 111 141 247 1 0 1 "Robbery"
0 68 41 111 141 248 1 0 1 "Robbery"
0 68 41 111 141 249 1 0 1 "Robbery"
0 68 41 111 141 250 1 0 1 "Robbery"
0 68 41 111 141 251 1 0 1 "Robbery"
0 68 41 111 141 252 1 0 1 "Robbery"
0 68 41 111 141 253 1 0 1 "Robbery"
0 68 41 111 141 254 1 0 1 "Robbery"
0 68 41 111 141 255 1 0 1 "Robbery"
0 68 41 111 141 256 1 0 1 "Robbery"
0 68 41 111 141 257 1 0 1 "Robbery"
0 68 41 111 141 258 1 0 1 "Robbery"
0 68 41 111 141 259 1 0 1 "Robbery"
0 68 41 111 141 260 1 0 1 "Robbery"
0 68 41 111 141 261 1 0 1 "Robbery"
0 68 41 111 141 262 1 0 1 "Robbery"
0 68 41 111 141 263 1 0 1 "Robbery"
0 68 41 111 141 264 1 0 1 "Robbery"
0 68 41 111 141 265 1 0 1 "Robbery"
0 68 41 111 141 266 1 0 1 "Robbery"
0 68 41 111 141 267 1 0 1 "Robbery"
0 68 41 111 141 268 1 0 1 "Robbery"
0 68 41 111 141 269 1 0 1 "Robbery"
0 68 41 111 141 270 1 0 1 "Robbery"
0 68 41 111 141 271 1 0 1 "Robbery"
0 68 41 111 141 272 1 0 1 "Robbery"
0 68 41 111 141 273 1 0 1 "Robbery"
0 68 41 111 141 274 1 0 1 "Robbery"
0 68 41 111 141 275 1 0 1 "Robbery"
0 68 41 111 141 276 1 0 1 "Robbery"
0 68 41 111 141 277 1 0 1 "Robbery"
0 68 41 111 141 278 1 0 1 "Robbery"
0 68 41 111 141 279 1 0 1 "Robbery"
0 68 41 111 141 280 1 0 1 "Robbery"
0 68 41 111 141 281 1 0 1 "Robbery"
0 68 41 111 141 282 1 0 1 "Robbery"
0 68 41 111 141 283 1 0 1 "Robbery"
0 68 41 111 141 284 1 0 1 "Robbery"
0 68 41 111 141 285 1 0 1 "Robbery"
0 68 41 111 141 286 1 0 1 "Robbery"
0 68 41 111 141 287 1 0 1 "Robbery"
0 68 41 111 141 288 1 0 1 "Robbery"
0 68 41 111 141 289 1 0 1 "Robbery"
0 68 41 111 141 290 1 0 1 "Robbery"
0 68 41 111 141 291 1 0 1 "Robbery"
0 68 41 111 141 292 1 0 1 "Robbery"
0 68 41 111 141 293 1 0 1 "Robbery"
0 68 41 111 141 294 1 0 1 "Robbery"
0 68 41 111 141 295 1 0 1 "Robbery"
0 68 41 111 141 296 1 0 1 "Robbery"
0 68 41 111 141 297 1 0 1 "Robbery"
0 68 41 111 141 298 1 0 1 "Robbery"
0 68 41 111 141 299 1 0 1 "Robbery"
0 68 41 111 141 300 1 0 1 "Robbery"
0 68 41 111 141 301 1 0 1 "Robbery"
0 68 41 111 141 302 1 0 1 "Robbery"
0 68 41 111 141 303 1 0 1 "Robbery"
0 68 41 111 141 304 1 0 1 "Robbery"
0 68 41 111 141 305 1 0 1 "Robbery"
0 68 41 111 141 306 1 0 1 "Robbery"
0 68 41 111 141 307 1 0 1 "Robbery"
0 68 41 111 141 308 1 0 1 "Robbery"
0 68 41 111 141 309 1 0 1 "Robbery"
0 68 41 111 141 310 1 0 1 "Robbery"
0 68 41 111 141 311 1 0 1 "Robbery"
0 68 41 111 141 312 1 0 1 "Robbery"
0 68 41 111 141 313 1 0 1 "Robbery"
0 68 41 111 141 314 1 0 1 "Robbery"
0 68 41 111 141 315 1 0 1 "Robbery"
0 68 41 111 141 316 1 0 1 "Robbery"
0 68 41 111 141 317 1 0 1 "Robbery"
0 68 41 111 141 318 1 0 1 "Robbery"
0 68 41 111 141 319 1 0 1 "Robbery"
0 68 41 111 141 320 1 0 1 "Robbery"
0 68 41 111 141 321 1 0 1 "Robbery"
0 68 41 111 141 322 1 0 1 "Robbery"
0 68 41 111 141 323 1 0 1 "Robbery"
0 68 41 111 141 324 1 0 1 "Robbery"
0 68 41 111 141 325 1 0 1 "Robbery"
0 68 41 111 141 326 1 0 1 "Robbery"
0 68 41 111 141 327 1 0 1 "Robbery"
0 68 41 111 141 328 1 0 1 "Robbery"
0 68 41 111 141 329 1 0 1 "Robbery"
0 68 41 111 141 330 1 0 1 "Robbery"
0 68 41 111 141 331 1 0 1 "Robbery"
0 68 41 111 141 332 1 0 1 "Robbery"
0 68 41 111 141 333 1 0 1 "Robbery"
0 68 41 111 141 334 1 0 1 "Robbery"
0 68 41 111 141 335 1 0 1 "Robbery"
0 68 41 111 141 336 1 0 1 "Robbery"
0 68 41 111 141 337 1 0 1 "Robbery"
0 68 41 111 141 338 1 0 1 "Robbery"
0 68 41 111 141 339 1 0 1 "Robbery"
0 68 41 111 141 340 1 0 1 "Robbery"
0 68 41 111 141 341 1 0 1 "Robbery"
0 68 41 111 141 342 1 0 1 "Robbery"
0 68 41 111 141 343 1 0 1 "Robbery"
0 68 41 111 141 344 1 0 1 "Robbery"
0 68 41 111 141 345 1 0 1 "Robbery"
0 68 41 111 141 346 1 0 1 "Robbery"
0 68 41 111 141 347 1 0 1 "Robbery"
0 68 41 111 141 348 1 0 1 "Robbery"
0 68 41 111 141 349 1 0 1 "Robbery"
0 68 41 111 141 350 0 0 0 "Robbery"
0 68 41 111 141 351 0 0 1 "Robbery"
0 68 41 111 141 352 0 0 1 "Robbery"
0 68 41 112 141 353 0 0 1 "Robbery"
0 68 41 112 141 354 0 0 1 "Robbery"
0 68 41 112 141 355 0 0 1 "Robbery"
0 68 41 113 141 356 0 0 1 "Robbery"
0 68 41 113 141 357 0 0 1 "Robbery"
0 68 41 113 142 358 0 0 1 "Robbery"
0 68 41 114 142 359 0 0 1 "Robbery"
0 68 41 114 142 360 0 0 1 "Robbery"
0 68 41 114 142 361 0 0 1 "Robbery"
0 68 41 115 142 362 0 0 1 "Robbery"
0 68 41 115 142 363 0 0 1 "Robbery"
0 68 41 116 142 364 0 0 1 "Robbery"
0 68 41 116 143 365 0 0 1 "Robbery"
0 68 41 116 143 366 0 0 1 "Robbery"
0 68 41 117 143 367 0 0 1 "Robbery"
0 68 41 117 143 368 0 0 1 "Robbery"
0 68 41 117 143 369 0 0 1 "Robbery"
0 68 41 118 143 370 0 0 1 "Robbery"
0 68 41 118 143 371 0 0 1 "Robbery"
0 68 41 118 144 372 0 0 1 "Robbery"
0 68 41 119 144 373 0 0 1 "Robbery"
0 68 41 119 144 374 0 0 1 "Robbery"
0 68 41 120 144 375 0 0 1 "Robbery"
0 68 41 120 144 376 0 0 1 "Robbery"
0 68 41 120 144 377 0 0 1 "Robbery"
0 68 41 121 144 378 0 0 1 "Robbery"
0 68 41 121 145 379 0 0 1 "Robbery"
0 68 41 121 145 380 0 0 1 "Robbery"
0 68 41 122 145 381 0 0 1 "Robbery"
0 68 41 122 145 382 0 0 1 "Robbery"
0 68 41 122 145 383 0 0 1 "Robbery"
0 68 41 123 145 384 0 0 1 "Robbery"
0 68 41 123 145 385 0 0 1 "Robbery"
0 68 41 124 146 386 0 0 0 "Robbery"
0 68 41 124 145 387 0 0 1 "Robbery"
0 68 41 124 145 388 0 0 1 "Robbery"
0 68 41 124 145 389 0 0 1 "Robbery"
0 68 42 125 145 390 0 0 1 "Robbery"
0 68 42 125 145 391 0 0 1 "Robbery"
0 68 42 125 145 392 0 0 1 "Robbery"
0 68 43 126 145 393 0 0 1 "Robbery"
0 68 43 126 145 394 0 0 1 "Robbery"
0 68 43 126 145 395 0 0 1 "Robbery"
0 68 44 127 145 396 0 0 0 "Robbery"
0 68 44 128 145 397 0 0 1 "Robbery"
0 68 45 129 145 398 0 0 1 "Robbery"
0 68 45 130 145 399 0 0 1 "Robbery"
0 68 46 131 145 400 0 0 1 "Robbery"
0 68 46 132 145 401 0 0 1 "Robbery"
0 68 47 133 145 402 0 0 1 "Robbery"
0 68 47 134 145 403 0 0 1 "Robbery"
0 68 48 135 145 404 0 0 1 "Robbery"
0 68 48 136 145 405 0 0 1 "Robbery"
0 68 49 137 146 406 0 0 0 "Robbery"
0 68 48 136 146 407 0 0 1 "Robbery"
0 68 48 136 146 408 0 0 1 "Robbery"
0 68 48 136 146 409 0 0 1 "Robbery"
0 68 48 136 146 410 0 0 1 "Robbery"
0 68 48 136 146 411 0 0 1 "Robbery"
0 68 48 136 146 412 0 0 1 "Robbery"
0 68 47 136 146 413 0 0 1 "Robbery"
0 68 47 136 146 414 0 0 1 "Robbery"
0 68 47 136 146 415 0 0 1 "Robbery"
0 68 47 136 146 416 0 0 1 "Robbery"
0 68 47 136 146 417 0 0 1 "Robbery"
0 68 47 136 146 418 0 0 1 "Robbery"
0 68 46 136 146 419 0 0 1 "Robbery"
0 68 46 136 146 420 0 0 1 "Robbery"
0 68 46 136 146 421 0 0 1 "Robbery"
0 68 46 136 146 422 0 0 1 "Robbery"
0 68 46 136 146 423 0 0 1 "Robbery"
0 68 46 136 146 424 0 0 1 "Robbery"
0 68 45 136 146 425 0 0 1 "Robbery"
0 68 45 136 146 426 0 0 1 "Robbery"
0 68 45 136 146 427 0 0 1 "Robbery"
0 68 45 136 146 428 0 0 1 "Robbery"
0 68 45 136 146 429 0 0 1 "Robbery"
0 68 45 136 146 430 0 0 1 "Robbery"
0 68 44 136 146 431 0 0 1 "Robbery"
0 68 44 136 146 432 0 0 1 "Robbery"
0 68 44 136 146 433 0 0 1 "Robbery"
0 68 44 136 146 434 0 0 1 "Robbery"
0 68 44 136 146 435 0 0 1 "Robbery"
0 68 44 136 146 436 0 0 0 "Robbery"
0 68 44 136 145 437 0 0 1 "Robbery"
0 68 44 136 145 438 0 0 1 "Robbery"
0 68 44 137 145 439 0 0 1 "Robbery"
0 68 44 137 145 440 0 0 1 "Robbery"
0 68 44 138 145 441 0 0 1 "Robbery"
0 68 44 138 145 442 0 0 1 "Robbery"
0 68 44 139 145 443 0 0 1 "Robbery"
0 68 44 139 145 444 0 0 1 "Robbery"
0 68 44 140 145 445 0 0 1 "Robbery"
0 68 44 140 145 446 0 0 1 "Robbery"
0 68 44 141 145 447 0 0 1 "Robbery"
0 68 44 141 145 448 0 0 1 "Robbery"
0 68 44 142 145 449 0 0 1 "Robbery"
0 68 44 142 145 450 0 0 1 "Robbery"
0 68 44 143 145 451 0 0 1 "Robbery"
0 68 44 143 145 452 0 0 1 "Robbery"
0 68 44 144 145 453 0 0 1 "Robbery"
0 68 44 144 145 454 0 0 1 "Robbery"
0 68 44 145 145 455 0 0 1 "Robbery"
0 68 44 145 145 456 0 0 1 "Robbery"
0 68 44 146 145 457 0 0 1 "Robbery"
0 68 44 146 145 458 0 0 1 "Robbery"
0 68 44 147 145 459 0 0 1 "Robbery"
0 68 44 147 145 460 0 0 1 "Robbery"
0 68 44 148 145 461 0 0 1 "Robbery"
0 68 44 148 145 462 0 0 1 "Robbery"
0 68 44 148 145 463 0 0 1 "Robbery"
0 68 44 149 145 464 0 0 1 "Robbery"
0 68 44 149 145 465 0 0 1 "Robbery"
0 68 44 150 145 466 0 0 1 "Robbery"
0 68 44 150 145 467 0 0 1 "Robbery"
0 68 44 151 145 468 0 0 1 "Robbery"
0 68 44 151 145 469 0 0 1 "Robbery"
0 68 44 152 145 470 0 0 1 "Robbery"
0 68 44 152 145 471 0 0 1 "Robbery"
0 68 44 153 145 472 0 0 1 "Robbery"
0 68 44 153 145 473 0 0 1 "Robbery"
0 68 44 154 145 474 0 0 1 "Robbery"
0 68 44 154 145 475 0 0 1 "Robbery"
0 68 44 155 145 476 0 0 1 "Robbery"
0 68 44 155 145 477 0 0 1 "Robbery"
0 68 44 156 145 478 0 0 1 "Robbery"
0 68 44 156 145 479 0 0 1 "Robbery"
0 68 44 157 145 480 0 0 1 "Robbery"
0 68 44 157 145 481 0 0 1 "Robbery"
0 68 44 158 145 482 0 0 1 "Robbery"
0 68 44 158 145 483 0 0 1 "Robbery"
0 68 44 159 145 484 0 0 1 "Robbery"
0 68 44 159 145 485 0 0 1 "Robbery"
0 68 44 160 145 486 0 0 0 "Robbery"
0 68 44 160 144 487 0 0 1 "Robbery"
0 68 44 160 144 488 0 0 1 "Robbery"
0 68 44 160 144 489 0 0 1 "Robbery"
0 68 44 160 144 490 0 0 1 "Robbery"
0 68 44 160 144 491 0 0 1 "Robbery"
0 68 44 160 144 492 0 0 1 "Robbery"
0 68 44 160 144 493 0 0 1 "Robbery"
0 68 44 160 144 494 0 0 1 "Robbery"
0 68 44 160 144 495 0 0 1 "Robbery"
0 68 44 161 144 496 0 0 1 "Robbery"
0 68 44 161 144 497 0 0 1 "Robbery"
0 68 44 161 144 498 0 0 1 "Robbery"
0 68 44 161 144 499 0 0 1 "Robbery"
0 68 44 161 144 500 0 0 1 "Robbery"
0 68 44 161 144 501 0 0 1 "Robbery"
0 68 44 161 144 502 0 0 1 "Robbery"
0 68 44 161 144 503 0 0 1 "Robbery"
0 68 44 161 144 504 0 0 1 "Robbery"
0 68 44 161 144 505 0 0 1 "Robbery"
0 68 44 162 144 506 0 0 1 "Robbery"
0 68 44 162 144 507 0 0 1 "Robbery"
0 68 44 162 144 508 0 0 1 "Robbery"
0 68 44 162 144 509 0 0 1 "Robbery"
0 68 44 162 144 510 0 0 1 "Robbery"
0 68 44 162 144 511 0 0 1 "Robbery"
0 68 44 162 144 512 0 0 1 "Robbery"
0 68 44 162 144 513 0 0 1 "Robbery"
0 68 44 162 144 514 0 0 1 "Robbery"
0 68 44 162 144 515 0 0 1 "Robbery"
0 68 44 163 144 516 0 0 1 "Robbery"
0 68 44 163 144 517 0 0 1 "Robbery"
0 68 44 163 144 518 0 0 1 "Robbery"
0 68 44 163 144 519 0 0 1 "Robbery"
0 68 44 163 144 520 0 0 1 "Robbery"
0 68 44 163 144 521 0 0 1 "Robbery"
0 68 44 163 144 522 0 0 1 "Robbery"
0 68 44 163 144 523 0 0 1 "Robbery"
0 68 44 163 144 524 0 0 1 "Robbery"
0 68 44 163 144 525 0 0 1 "Robbery"
0 68 44 164 144 526 0 0 1 "Robbery"
0 68 44 164 144 527 0 0 1 "Robbery"
0 68 44 164 144 528 0 0 1 "Robbery"
0 68 44 164 144 529 0 0 1 "Robbery"
0 68 44 164 144 530 0 0 1 "Robbery"
0 68 44 164 144 531 0 0 1 "Robbery"
0 68 44 164 144 532 0 0 1 "Robbery"
0 68 44 164 144 533 0 0 1 "Robbery"
0 68 44 164 144 534 0 0 1 "Robbery"
0 68 44 164 144 535 0 0 1 "Robbery"
0 68 44 165 144 536 0 0 0 "Robbery"
0 68 43 164 143 537 0 0 1 "Robbery"
0 68 43 164 143 538 0 0 1 "Robbery"
0 68 43 163 143 539 0 0 1 "Robbery"
0 68 43 163 143 540 0 0 1 "Robbery"
0 68 43 163 143 541 0 0 1 "Robbery"
0 68 43 162 143 542 0 0 1 "Robbery"
0 68 43 162 143 543 0 0 1 "Robbery"
0 68 43 161 143 544 0 0 1 "Robbery"
0 68 43 161 143 545 0 0 1 "Robbery"
0 68 43 161 143 546 0 0 1 "Robbery"
0 68 43 160 143 547 0 0 1 "Robbery"
0 68 43 160 143 548 0 0 1 "Robbery"
0 68 43 160 143 549 0 0 1 "Robbery"
0 68 43 159 143 550 0 0 1 "Robbery"
0 68 43 159 143 551 0 0 1 "Robbery"
0 68 43 158 143 552 0 0 1 "Robbery"
0 68 43 158 142 553 0 0 1 "Robbery"
0 68 43 158 142 554 0 0 1 "Robbery"
0 68 43 157 142 555 0 0 1 "Robbery"
0 68 43 157 142 556 0 0 1 "Robbery"
0 68 43 157 142 557 0 0 1 "Robbery"
0 68 43 156 142 558 0 0 1 "Robbery"
0 68 43 156 142 559 0 0 1 "Robbery"
0 68 43 155 142 560 0 0 1 "Robbery"
0 68 43 155 142 561 0 0 1 "Robbery"
0 68 42 155 142 562 0 0 1 "Robbery"
0 68 42 154 142 563 0 0 1 "Robbery"
0 68 42 154 142 564 0 0 1 "Robbery"
0 68 42 153 142 565 0 0 1 "Robbery"
0 68 42 153 142 566 0 0 1 "Robbery"
0 68 42 153 142 567 0 0 1 "Robbery"
0 68 42 152 142 568 0 0 1 "Robbery"
0 68 42 152 142 569 0 0 1 "Robbery"
0 68 42 152 141 570 0 0 1 "Robbery"
0 68 42 151 141 571 0 0 1 "Robbery"
0 68 42 151 141 572 0 0 1 "Robbery"
0 68 42 150 141 573 0 0 1 "Robbery"
0 68 42 150 141 574 0 0 1 "Robbery"
0 68 42 150 141 575 0 0 1 "Robbery"
0 68 42 149 141 576 0 0 1 "Robbery"
0 68 42 149 141 577 0 0 1 "Robbery"
0 68 42 149 141 578 0 0 1 "Robbery"
0 68 42 148 141 579 0 0 1 "Robbery"
0 68 42 148 141 580 0 0 1 "Robbery"
0 68 42 147 141 581 0 0 1 "Robbery"
0 68 42 147 141 582 0 0 1 "Robbery"
0 68 42 147 141 583 0 0 1 "Robbery"
0 68 42 146 141 584 0 0 1 "Robbery"
0 68 42 146 141 585 0 0 1 "Robbery"
0 68 42 146 141 586 0 0 0 "Robbery"
0 67 41 142 140 587 0 0 1 "Robbery"
0 67 41 139 140 588 0 0 1 "Robbery"
0 67 41 135 139 589 0 0 1 "Robbery"
0 67 40 132 139 590 0 0 1 "Robbery"
0 67 40 129 138 591 0 0 1 "Robbery"
0 67 40 125 138 592 0 0 1 "Robbery"
0 67 39 122 137 593 0 0 1 "Robbery"
0 67 39 118 137 594 0 0 1 "Robbery"
0 67 39 115 136 595 0 0 1 "Robbery"
0 67 39 112 136 596 0 0 0 "Robbery"
0 66 38 111 135 597 0 0 1 "Robbery"
0 66 38 111 135 598 0 0 1 "Robbery"
0 66 37 111 134 599 0 0 1 "Robbery"
0 66 37 111 134 600 0 0 1 "Robbery"
0 66 37 111 134 601 0 0 1 "Robbery"
0 66 36 111 133 602 0 0 1 "Robbery"
0 66 36 111 133 603 0 0 1 "Robbery"
0 66 35 111 132 604 0 0 1 "Robbery"
0 66 35 111 132 605 0 0 1 "Robbery"
0 66 35 111 132 606 0 0 0 "Robbery"
0 66 35 110 131 607 0 0 1 "Robbery"
0 66 35 109 131 608 0 0 1 "Robbery"
0 66 35 109 131 609 0 0 1 "Robbery"
0 66 35 108 131 610 0 0 1 "Robbery"
0 66 35 108 131 611 0 0 1 "Robbery"
0 66 35 107 131 612 0 0 1 "Robbery"
0 66 35 106 131 613 0 0 1 "Robbery"
0 66 35 106 131 614 0 0 1 "Robbery"
0 66 35 105 131 615 0 0 1 "Robbery"
0 66 35 105 131 616 0 0 0 "Robbery"
0 66 35 106 130 617 0 0 1 "Robbery"
0 66 35 107 130 618 0 0 1 "Robbery"
0 66 35 108 130 619 0 0 1 "Robbery"
0 66 35 110 130 620 0 0 1 "Robbery"
0 66 35 111 130 621 0 0 1 "Robbery"
0 66 35 112 129 622 0 0 1 "Robbery"
0 66 35 114 129 623 0 0 1 "Robbery"
0 66 35 115 129 624 0 0 1 "Robbery"
0 66 35 116 129 625 0 0 1 "Robbery"
0 66 35 118 129 626 0 0 0 "Robbery"
0 66 34 118 128 627 0 0 1 "Robbery"
0 67 34 119 128 628 0 0 1 "Robbery"
0 68 34 120 128 629 0 0 1 "Robbery"
0 68 34 120 128 630 0 0 1 "Robbery"
0 69 34 121 128 631 0 0 1 "Robbery"
0 70 34 122 128 632 0 0 1 "Robbery"
0 70 34 122 128 633 0 0 1 "Robbery"
0 71 34 123 128 634 0 0 1 "Robbery"
0 72 34 124 128 635 0 0 1 "Robbery"
0 73 34 125 128 636 1 0 0 "Robbery"
0 73 34 125 128 637 1 0 1 "Robbery"
0 73 34 125 128 638 1 0 1 "Robbery"
0 73 34 125 128 639 1 0 1 "Robbery"
0 73 34 125 128 640 1 0 1 "Robbery"
0 73 34 125 128 641 1 0 1 "Robbery"
0 73 34 125 128 642 1 0 1 "Robbery"
0 73 34 125 128 643 1 0 1 "Robbery"
0 73 34 125 128 644 1 0 1 "Robbery"
0 73 34 125 128 645 1 0 1 "Robbery"
0 73 34 125 128 646 1 0 0 "Robbery"
0 73 34 125 128 647 1 0 1 "Robbery"
0 73 34 125 128 648 1 0 1 "Robbery"
0 73 34 125 128 649 1 0 1 "Robbery"
0 73 34 125 128 650 1 0 1 "Robbery"
0 73 34 125 128 651 1 0 1 "Robbery"
0 73 34 125 128 652 1 0 1 "Robbery"
0 73 34 125 128 653 1 0 1 "Robbery"
0 73 34 125 128 654 1 0 1 "Robbery"
0 73 34 125 128 655 1 0 1 "Robbery"
0 73 34 125 128 656 1 0 1 "Robbery"
0 73 34 125 128 657 1 0 1 "Robbery"
0 73 34 125 128 658 1 0 1 "Robbery"
0 73 34 125 128 659 1 0 1 "Robbery"
0 73 34 125 128 660 1 0 1 "Robbery"
0 73 34 125 128 661 1 0 1 "Robbery"
0 73 34 125 128 662 1 0 1 "Robbery"
0 73 34 125 128 663 1 0 1 "Robbery"
0 73 34 125 128 664 1 0 1 "Robbery"
0 73 34 125 128 665 1 0 1 "Robbery"
0 73 34 125 128 666 1 0 1 "Robbery"
0 73 34 125 128 667 1 0 1 "Robbery"
0 73 34 125 128 668 1 0 1 "Robbery"
0 73 34 125 128 669 1 0 1 "Robbery"
0 73 34 125 128 670 1 0 1 "Robbery"
0 73 34 125 128 671 1 0 1 "Robbery"
0 73 34 125 128 672 1 0 1 "Robbery"
0 73 34 125 128 673 1 0 1 "Robbery"
0 73 34 125 128 674 1 0 1 "Robbery"
0 73 34 125 128 675 1 0 1 "Robbery"
0 73 34 125 128 676 1 0 1 "Robbery"
0 73 34 125 128 677 1 0 1 "Robbery"
0 73 34 125 128 678 1 0 1 "Robbery"
0 73 34 125 128 679 1 0 1 "Robbery"
0 73 34 125 128 680 1 0 1 "Robbery"
0 73 34 125 128 681 1 0 1 "Robbery"
0 73 34 125 128 682 1 0 1 "Robbery"
0 73 34 125 128 683 1 0 1 "Robbery"
0 73 34 125 128 684 1 0 1 "Robbery"
0 73 34 125 128 685 1 0 1 "Robbery"
0 73 34 125 128 686 1 0 1 "Robbery"
0 73 34 125 128 687 1 0 1 "Robbery"
0 73 34 125 128 688 1 0 1 "Robbery"
0 73 34 125 128 689 1 0 1 "Robbery"
0 73 34 125 128 690 1 0 1 "Robbery"
0 73 34 125 128 691 1 0 1 "Robbery"
0 73 34 125 128 692 1 0 1 "Robbery"
0 73 34 125 128 693 1 0 1 "Robbery"
0 73 34 125 128 694 1 0 1 "Robbery"
0 73 34 125 128 695 1 0 1 "Robbery"
0 73 34 125 128 696 1 0 1 "Robbery"
0 73 34 125 128 697 1 0 1 "Robbery"
0 73 34 125 128 698 1 0 1 "Robbery"
0 73 34 125 128 699 1 0 1 "Robbery"
0 73 34 125 128 700 1 0 1 "Robbery"
0 73 34 125 128 701 1 0 1 "Robbery"
0 73 34 125 128 702 1 0 1 "Robbery"
0 73 34 125 128 703 1 0 1 "Robbery"
0 73 34 125 128 704 1 0 1 "Robbery"
0 73 34 125 128 705 1 0 1 "Robbery"
0 73 34 125 128 706 1 0 1 "Robbery"
0 73 34 125 128 707 1 0 1 "Robbery"
0 73 34 125 128 708 1 0 1 "Robbery"
0 73 34 125 128 709 1 0 1 "Robbery"
0 73 34 125 128 710 1 0 1 "Robbery"
0 73 34 125 128 711 1 0 1 "Robbery"
0 73 34 125 128 712 1 0 1 "Robbery"
0 73 34 125 128 713 1 0 1 "Robbery"
0 73 34 125 128 714 1 0 1 "Robbery"
0 73 34 125 128 715 1 0 1 "Robbery"
0 73 34 125 128 716 1 0 1 "Robbery"
0 73 34 125 128 717 1 0 1 "Robbery"
0 73 34 125 128 718 1 0 1 "Robbery"
0 73 34 125 128 719 1 0 1 "Robbery"
0 73 34 125 128 720 1 0 1 "Robbery"
0 73 34 125 128 721 1 0 1 "Robbery"
0 73 34 125 128 722 1 0 1 "Robbery"
0 73 34 125 128 723 1 0 1 "Robbery"
0 73 34 125 128 724 1 0 1 "Robbery"
0 73 34 125 128 725 1 0 1 "Robbery"
0 73 34 125 128 726 1 0 1 "Robbery"
0 73 34 125 128 727 1 0 1 "Robbery"
0 73 34 125 128 728 1 0 1 "Robbery"
0 73 34 125 128 729 1 0 1 "Robbery"
0 73 34 125 128 730 1 0 1 "Robbery"
0 73 34 125 128 731 1 0 1 "Robbery"
0 73 34 125 128 732 1 0 1 "Robbery"
0 73 34 125 128 733 1 0 1 "Robbery"
0 73 34 125 128 734 1 0 1 "Robbery"
0 73 34 125 128 735 1 0 1 "Robbery"
0 73 34 125 128 736 1 0 1 "Robbery"
0 73 34 125 128 737 1 0 1 "Robbery"
0 73 34 125 128 738 1 0 1 "Robbery"
0 73 34 125 128 739 1 0 1 "Robbery"
0 73 34 125 128 740 1 0 1 "Robbery"
0 73 34 125 128 741 1 0 1 "Robbery"
0 73 34 125 128 742 1 0 1 "Robbery"
0 73 34 125 128 743 1 0 1 "Robbery"
0 73 34 125 128 744 1 0 1 "Robbery"
0 73 34 125 128 745 1 0 1 "Robbery"
0 73 34 125 128 746 1 0 1 "Robbery"
0 73 34 125 128 747 1 0 1 "Robbery"
0 73 34 125 128 748 1 0 0 "Robbery"
