0 45 21 102 122 0 1 0 0 "Robbery"
0 45 21 102 122 1 1 0 1 "Robbery"
0 45 21 102 122 2 1 0 1 "Robbery"
0 45 21 102 122 3 1 0 1 "Robbery"
0 45 21 102 122 4 1 0 1 "Robbery"
0 45 21 102 122 5 1 0 1 "Robbery"
0 45 21 102 122 6 1 0 1 "Robbery"
0 45 21 102 122 7 1 0 1 "Robbery"
0 45 21 102 122 8 1 0 1 "Robbery"
0 45 21 102 122 9 1 0 1 "Robbery"
0 45 21 102 122 10 1 0 1 "Robbery"
0 45 21 102 122 11 1 0 1 "Robbery"
0 45 21 102 122 12 1 0 1 "Robbery"
0 45 21 102 122 13 1 0 1 "Robbery"
0 45 21 102 122 14 1 0 1 "Robbery"
0 45 21 102 122 15 1 0 1 "Robbery"
0 45 21 102 122 16 1 0 1 "Robbery"
0 45 21 102 122 17 1 0 1 "Robbery"
0 45 21 102 122 18 1 0 1 "Robbery"
0 45 21 102 122 19 1 0 1 "Robbery"
0 45 21 102 122 20 1 0 1 "Robbery"
0 45 21 102 122 21 1 0 1 "Robbery"
0 45 21 102 122 22 1 0 1 "Robbery"
0 45 21 102 122 23 1 0 1 "Robbery"
0 45 21 102 122 24 1 0 1 "Robbery"
0 45 21 102 122 25 1 0 1 "Robbery"
0 45 21 102 122 26 1 0 1 "Robbery"
0 45 21 102 122 27 1 0 1 "Robbery"
0 45 21 102 122 28 1 0 1 "Robbery"
0 45 21 102 122 29 1 0 1 "Robbery"
0 45 21 102 122 30 1 0 1 "Robbery"
0 45 21 102 122 31 1 0 1 "Robbery"
0 45 21 102 122 32 1 0 1 "Robbery"
0 45 21 102 122 33 1 0 1 "Robbery"
0 45 21 102 122 34 1 0 1 "Robbery"
0 45 21 102 122 35 1 0 1 "Robbery"
0 45 21 102 122 36 1 0 1 "Robbery"
0 45 21 102 122 37 1 0 1 "Robbery"
0 45 21 102 122 38 1 0 1 "Robbery"
0 45 21 102 122 39 1 0 1 "Robbery"
0 45 21 102 122 40 1 0 1 "Robbery"
0 45 21 102 122 41 1 0 1 "Robbery"
0 45 21 102 122 42 1 0 1 "Robbery"
0 45 21 102 122 43 1 0 1 "Robbery"
0 45 21 102 122 44 1 0 1 "Robbery"
0 45 21 102 122 45 1 0 1 "Robbery"
0 45 21 102 122 46 1 0 1 "Robbery"
0 45 21 102 122 47 1 0 1 "Robbery"
0 45 21 102 122 48 1 0 1 "Robbery"
0 45 21 102 122 49 1 0 1 "Robbery"
0 45 21 102 122 50 1 0 1 "Robbery"
0 45 21 102 122 51 1 0 1 "Robbery"
0 45 21 102 122 52 1 0 1 "Robbery"
0 45 21 102 122 53 1 0 1 "Robbery"
0 45 21 102 122 54 1 0 1 "Robbery"
0 45 21 102 122 55 1 0 1 "Robbery"
0 45 21 102 122 56 1 0 1 "Robbery"
0 45 21 102 122 57 1 0 1 "Robbery"
0 45 21 102 122 58 1 0 1 "Robbery"
0 45 21 102 122 59 1 0 1 "Robbery"
0 45 21 102 122 60 1 0 1 "Robbery"
0 45 21 102 122 61 1 0 1 "Robbery"
0 45 21 102 122 62 1 0 1 "Robbery"
0 45 21 102 122 63 1 0 1 "Robbery"
0 45 21 102 122 64 1 0 1 "Robbery"
0 45 21 102 122 65 1 0 1 "Robbery"
0 45 21 102 122 66 1 0 1 "Robbery"
0 45 21 102 122 67 1 0 1 "Robbery"
0 45 21 102 122 68 1 0 1 "Robbery"
0 45 21 102 122 69 1 0 1 "Robbery"
0 45 21 102 122 70 1 0 1 "Robbery"
0 45 21 102 122 71 1 0 1 "Robbery"
0 45 21 102 122 72 1 0 1 "Robbery"
0 45 21 102 122 73 1 0 1 "Robbery"
0 45 21 102 122 74 1 0 1 "Robbery"
0 45 21 102 122 75 1 0 1 "Robbery"
0 45 21 102 122 76 1 0 1 "Robbery"
0 45 21 102 122 77 1 0 1 "Robbery"
0 45 21 102 122 78 1 0 1 "Robbery"
0 45 21 102 122 79 1 0 1 "Robbery"
0 45 21 102 122 80 1 0 1 "Robbery"
0 45 21 102 122 81 1 0 1 "Robbery"
0 45 21 102 122 82 1 0 1 "Robbery"
0 45 21 102 122 83 1 0 1 "Robbery"
0 45 21 102 122 84 1 0 1 "Robbery"
0 45 21 102 122 85 1 0 1 "Robbery"
0 45 21 102 122 86 1 0 1 "Robbery"
0 45 21 102 122 87 1 0 1 "Robbery"
0 45 21 102 122 88 1 0 1 "Robbery"
0 45 21 102 122 89 1 0 1 "Robbery"
0 45 21 102 122 90 1 0 1 "Robbery"
0 45 21 102 122 91 1 0 1 "Robbery"
0 45 21 102 122 92 1 0 1 "Robbery"
0 45 21 102 122 93 1 0 1 "Robbery"
0 45 21 102 122 94 1 0 1 "Robbery"
0 45 21 102 122 95 1 0 1 "Robbery"
0 45 21 102 122 96 1 0 1 "Robbery"
0 45 21 102 122 97 1 0 1 "Robbery"
0 45 21 102 122 98 1 0 1 "Robbery"
0 45 21 102 122 99 1 0 1 "Robbery"
0 45 21 102 122 100 1 0 1 "Robbery"
0 45 21 102 122 101 1 0 1 "Robbery"
0 45 21 102 122 102 1 0 1 "Robbery"
0 45 21 102 122 103 1 0 1 "Robbery"
0 45 21 102 122 104 1 0 1 "Robbery"
0 45 21 102 122 105 1 0 1 "Robbery"
0 45 21 102 122 106 1 0 1 "Robbery"
0 45 21 102 122 107 1 0 1 "Robbery"
0 45 21 102 122 108 1 0 1 "Robbery"
0 45 21 102 122 109 1 0 1 "Robbery"
0 45 21 102 122 110 1 0 1 "Robbery"
0 45 21 102 122 111 1 0 1 "Robbery"
0 45 21 102 122 112 1 0 1 "Robbery"
0 45 21 102 122 113 1 0 1 "Robbery"
0 45 21 102 122 114 1 0 1 "Robbery"
0 45 21 102 122 115 1 0 1 "Robbery"
0 45 21 102 122 116 1 0 1 "Robbery"
0 45 21 102 122 117 1 0 1 "Robbery"
0 45 21 102 122 118 1 0 1 "Robbery"
0 45 21 102 122 119 1 0 1 "Robbery"
0 45 21 102 122 120 1 0 1 "Robbery"
0 45 21 102 122 121 1 0 1 "Robbery"
0 45 21 102 122 122 1 0 1 "Robbery"
0 45 21 102 122 123 1 0 1 "Robbery"
0 45 21 102 122 124 1 0 1 "Robbery"
0 45 21 102 122 125 1 0 1 "Robbery"
0 45 21 102 122 126 1 0 1 "Robbery"
0 45 21 102 122 127 1 0 1 "Robbery"
0 45 21 102 122 128 1 0 1 "Robbery"
0 45 21 102 122 129 1 0 1 "Robbery"
0 45 21 102 122 130 1 0 1 "Robbery"
0 45 21 102 122 131 1 0 1 "Robbery"
0 45 21 102 122 132 1 0 1 "Robbery"
0 45 21 102 122 133 1 0 1 "Robbery"
0 45 21 102 122 134 1 0 1 "Robbery"
0 45 21 102 122 135 1 0 1 "Robbery"
0 45 21 102 122 136 1 0 1 "Robbery"
0 45 21 102 122 137 1 0 1 "Robbery"
0 45 21 102 122 138 1 0 1 "Robbery"
0 45 21 102 122 139 1 0 1 "Robbery"
0 45 21 102 122 140 1 0 1 "Robbery"
0 45 21 102 122 141 1 0 1 "Robbery"
0 45 21 102 122 142 1 0 1 "Robbery"
0 45 21 102 122 143 1 0 1 "Robbery"
0 45 21 102 122 144 1 0 1 "Robbery"
0 45 21 102 122 145 1 0 1 "Robbery"
0 45 21 102 122 146 1 0 1 "Robbery"
0 45 21 102 122 147 1 0 1 "Robbery"
0 45 21 102 122 148 1 0 1 "Robbery"
0 45 21 102 122 149 1 0 1 "Robbery"
0 45 21 102 122 150 1 0 1 "Robbery"
0 45 21 102 122 151 1 0 1 "Robbery"
0 45 21 102 122 152 1 0 1 "Robbery"
0 45 21 102 122 153 1 0 1 "Robbery"
0 45 21 102 122 154 1 0 1 "Robbery"
0 45 21 102 122 155 1 0 1 "Robbery"
0 45 21 102 122 156 1 0 1 "Robbery"
0 45 21 102 122 157 1 0 1 "Robbery"
0 45 21 102 122 158 1 0 1 "Robbery"
0 45 21 102 122 159 1 0 1 "Robbery"
0 45 21 102 122 160 1 0 1 "Robbery"
0 45 21 102 122 161 1 0 1 "Robbery"
0 45 21 102 122 162 1 0 1 "Robbery"
0 45 21 102 122 163 1 0 1 "Robbery"
0 45 21 102 122 164 1 0 1 "Robbery"
0 45 21 102 122 165 1 0 1 "Robbery"
0 45 21 102 122 166 1 0 1 "Robbery"
0 45 21 102 122 167 1 0 1 "Robbery"
0 45 21 102 122 168 1 0 1 "Robbery"
0 45 21 102 122 169 1 0 1 "Robbery"
0 45 21 102 122 170 1 0 1 "Robbery"
0 45 21 102 122 171 1 0 1 "Robbery"
0 45 21 102 122 172 1 0 1 "Robbery"
0 45 21 102 122 173 1 0 1 "Robbery"
0 45 21 102 122 174 1 0 1 "Robbery"
0 45 21 102 122 175 1 0 1 "Robbery"
0 45 21 102 122 176 1 0 1 "Robbery"
0 45 21 102 122 177 1 0 1 "Robbery"
0 45 21 102 122 178 1 0 1 "Robbery"
0 45 21 102 122 179 1 0 1 "Robbery"
0 45 21 102 122 180 1 0 1 "Robbery"
0 45 21 102 122 181 1 0 1 "Robbery"
0 45 21 102 122 182 1 0 1 "Robbery"
0 45 21 102 122 183 1 0 1 "Robbery"
0 45 21 102 122 184 1 0 1 "Robbery"
0 45 21 102 122 185 1 0 1 "Robbery"
0 45 21 102 122 186 1 0 1 "Robbery"
0 45 21 102 122 187 1 0 1 "Robbery"
0 45 21 102 122 188 1 0 1 "Robbery"
0 45 21 102 122 189 1 0 1 "Robbery"
0 45 21 102 122 190 1 0 1 "Robbery"
0 45 21 102 122 191 1 0 1 "Robbery"
0 45 21 102 122 192 1 0 1 "Robbery"
0 45 21 102 122 193 1 0 1 "Robbery"
0 45 21 102 122 194 1 0 1 "Robbery"
0 45 21 102 122 195 1 0 1 "Robbery"
0 45 21 102 122 196 1 0 1 "Robbery"
0 45 21 102 122 197 1 0 1 "Robbery"
0 45 21 102 122 198 1 0 1 "Robbery"
0 45 21 102 122 199 1 0 1 "Robbery"
0 45 21 102 122 200 1 0 1 "Robbery"
0 45 21 102 122 201 1 0 1 "Robbery"
0 45 21 102 122 202 1 0 1 "Robbery"
0 45 21 102 122 203 1 0 1 "Robbery"
0 45 21 102 122 204 1 0 1 "Robbery"
0 45 21 102 122 205 1 0 1 "Robbery"
0 45 21 102 122 206 1 0 1 "Robbery"
0 45 21 102 122 207 1 0 1 "Robbery"
0 45 21 102 122 208 1 0 1 "Robbery"
0 45 21 102 122 209 1 0 1 "Robbery"
0 45 21 102 122 210 1 0 1 "Robbery"
0 45 21 102 122 211 1 0 1 "Robbery"
0 45 21 102 122 212 1 0 1 "Robbery"
0 45 21 102 122 213 1 0 1 "Robbery"
0 45 21 102 122 214 1 0 1 "Robbery"
0 45 21 102 122 215 1 0 1 "Robbery"
0 45 21 102 122 216 1 0 1 "Robbery"
0 45 21 102 122 217 1 0 1 "Robbery"
0 45 21 102 122 218 1 0 1 "Robbery"
0 45 21 102 122 219 1 0 1 "Robbery"
0 45 21 102 122 220 1 0 1 "Robbery"
0 45 21 102 122 221 0 0 0 "Robbery"
0 44 21 101 122 222 0 0 1 "Robbery"
0 43 21 100 122 223 0 0 1 "Robbery"
0 42 22 99 123 224 0 0 1 "Robbery"
0 42 22 99 123 225 0 0 1 "Robbery"
0 41 23 98 124 226 0 0 1 "Robbery"
0 40 23 97 124 227 0 0 1 "Robbery"
0 40 23 97 124 228 0 0 1 "Robbery"
0 39 24 96 125 229 0 0 1 "Robbery"
0 38 24 95 125 230 0 0 1 "Robbery"
0 38 25 95 126 231 0 0 0 "Robbery"
0 37 26 95 126 232 0 0 1 "Robbery"
0 37 27 95 127 233 0 0 1 "Robbery"
0 36 28 96 128 234 0 0 1 "Robbery"
0 36 29 96 129 235 0 0 1 "Robbery"
0 35 30 97 130 236 0 0 1 "Robbery"
0 35 31 97 131 237 0 0 1 "Robbery"
0 34 32 97 132 238 0 0 1 "Robbery"
0 34 33 98 133 239 0 0 1 "Robbery"
0 33 34 98 134 240 0 0 1 "Robbery"
0 33 35 99 135 241 0 0 0 "Robbery"
0 33 36 101 134 242 0 0 1 "Robbery"
0 33 37 103 134 243 0 0 1 "Robbery"
0 33 38 105 134 244 0 0 1 "Robbery"
0 33 39 108 134 245 0 0 1 "Robbery"
0 33 41 110 134 246 0 0 1 "Robbery"
0 33 42 112 133 247 0 0 1 "Robbery"
0 33 43 115 133 248 0 0 1 "Robbery"
0 33 44 117 133 249 0 0 1 "Robbery"
0 33 45 119 133 250 0 0 1 "Robbery"
0 33 47 122 133 251 0 0 0 "Robbery"
0 32 47 121 133 252 0 0 1 "Robbery"
0 32 47 121 133 253 0 0 1 "Robbery"
0 32 47 121 133 254 0 0 1 "Robbery"
0 32 47 121 133 255 0 0 1 "Robbery"
0 32 47 121 133 256 0 0 1 "Robbery"
0 32 47 121 133 257 0 0 1 "Robbery"
0 32 47 121 133 258 0 0 1 "Robbery"
0 31 47 120 133 259 0 0 1 "Robbery"
0 31 47 120 133 260 0 0 1 "Robbery"
0 31 47 120 133 261 0 0 1 "Robbery"
0 31 47 120 133 262 0 0 1 "Robbery"
0 31 47 120 133 263 0 0 1 "Robbery"
0 31 47 120 133 264 0 0 1 "Robbery"
0 31 47 120 133 265 0 0 1 "Robbery"
0 31 47 120 133 266 0 0 1 "Robbery"
0 30 47 119 133 267 0 0 1 "Robbery"
0 30 47 119 133 268 0 0 1 "Robbery"
0 30 47 119 133 269 0 0 1 "Robbery"
0 30 47 119 133 270 0 0 1 "Robbery"
0 30 47 119 133 271 0 0 1 "Robbery"
0 30 47 119 133 272 0 0 1 "Robbery"
0 30 47 119 133 273 0 0 1 "Robbery"
0 30 47 119 133 274 0 0 1 "Robbery"
0 29 47 118 133 275 0 0 1 "Robbery"
0 29 47 118 133 276 0 0 1 "Robbery"
0 29 47 118 133 277 0 0 1 "Robbery"
0 29 47 118 133 278 0 0 1 "Robbery"
0 29 47 118 133 279 0 0 1 "Robbery"
0 29 47 118 133 280 0 0 1 "Robbery"
0 29 47 118 133 281 0 0 1 "Robbery"
0 29 47 118 133 282 0 0 1 "Robbery"
0 28 47 117 133 283 0 0 1 "Robbery"
0 28 47 117 133 284 0 0 1 "Robbery"
0 28 47 117 133 285 0 0 1 "Robbery"
0 28 47 117 133 286 0 0 1 "Robbery"
0 28 47 117 133 287 0 0 1 "Robbery"
0 28 47 117 133 288 0 0 1 "Robbery"
0 28 47 117 133 289 0 0 1 "Robbery"
0 27 47 116 133 290 0 0 1 "Robbery"
0 27 47 116 133 291 0 0 1 "Robbery"
0 27 47 116 133 292 0 0 1 "Robbery"
0 27 47 116 133 293 0 0 1 "Robbery"
0 27 47 116 133 294 0 0 1 "Robbery"
0 27 47 116 133 295 0 0 1 "Robbery"
0 27 47 116 133 296 0 0 1 "Robbery"
0 27 47 116 133 297 0 0 1 "Robbery"
0 26 47 115 133 298 0 0 1 "Robbery"
0 26 47 115 133 299 0 0 1 "Robbery"
0 26 47 115 133 300 0 0 1 "Robbery"
0 26 47 115 133 301 0 0 1 "Robbery"
0 26 47 115 133 302 0 0 1 "Robbery"
0 26 47 115 133 303 0 0 1 "Robbery"
0 26 47 115 133 304 0 0 1 "Robbery"
0 26 47 115 133 305 0 0 1 "Robbery"
0 25 47 114 133 306 0 0 1 "Robbery"
0 25 47 114 133 307 0 0 1 "Robbery"
0 25 47 114 133 308 0 0 1 "Robbery"
0 25 47 114 133 309 0 0 1 "Robbery"
0 25 47 114 133 310 0 0 1 "Robbery"
0 25 47 114 133 311 0 0 1 "Robbery"
0 25 47 114 133 312 0 0 1 "Robbery"
0 25 47 114 133 313 0 0 1 "Robbery"
0 24 47 113 133 314 0 0 1 "Robbery"
0 24 47 113 133 315 0 0 1 "Robbery"
0 24 47 113 133 316 0 0 1 "Robbery"
0 24 47 113 133 317 0 0 1 "Robbery"
0 24 47 113 133 318 0 0 1 "Robbery"
0 24 47 113 133 319 0 0 1 "Robbery"
0 24 47 113 133 320 0 0 1 "Robbery"
0 24 48 113 134 321 0 0 0 "Robbery"
0 23 47 112 133 322 0 0 1 "Robbery"
0 23 47 112 133 323 0 0 1 "Robbery"
0 22 47 111 133 324 0 0 1 "Robbery"
0 22 47 111 133 325 0 0 1 "Robbery"
0 21 47 110 133 326 0 0 1 "Robbery"
0 21 47 110 133 327 0 0 1 "Robbery"
0 20 47 109 133 328 0 0 1 "Robbery"
0 20 47 109 133 329 0 0 1 "Robbery"
0 19 47 108 133 330 0 0 1 "Robbery"
0 19 47 108 133 331 0 0 0 "Robbery"
0 19 46 107 133 332 0 0 1 "Robbery"
0 19 46 107 133 333 0 0 1 "Robbery"
0 19 45 107 133 334 0 0 1 "Robbery"
0 19 45 107 133 335 0 0 1 "Robbery"
0 19 44 107 133 336 0 0 1 "Robbery"
0 19 44 107 133 337 0 0 1 "Robbery"
0 19 43 107 133 338 0 0 1 "Robbery"
0 19 43 107 133 339 0 0 1 "Robbery"
0 19 42 107 133 340 0 0 1 "Robbery"
0 19 42 107 133 341 0 0 1 "Robbery"
0 19 42 107 133 342 0 0 1 "Robbery"
0 19 41 107 133 343 0 0 1 "Robbery"
0 19 41 107 133 344 0 0 1 "Robbery"
0 19 40 107 133 345 0 0 1 "Robbery"
0 19 40 107 133 346 0 0 1 "Robbery"
0 19 39 107 133 347 0 0 1 "Robbery"
0 19 39 107 133 348 0 0 1 "Robbery"
0 19 38 107 133 349 0 0 1 "Robbery"
0 19 38 107 133 350 0 0 1 "Robbery"
0 19 38 107 133 351 0 0 0 "Robbery"
0 18 38 105 132 352 0 0 1 "Robbery"
0 18 38 103 132 353 0 0 1 "Robbery"
0 18 38 101 132 354 0 0 1 "Robbery"
0 18 38 100 132 355 0 0 1 "Robbery"
0 17 38 98 132 356 0 0 1 "Robbery"
0 17 38 96 132 357 0 0 1 "Robbery"
0 17 38 95 132 358 0 0 1 "Robbery"
0 17 38 93 132 359 0 0 1 "Robbery"
0 16 38 91 132 360 0 0 1 "Robbery"
0 16 38 90 132 361 0 0 1 "Robbery"
0 16 38 88 132 362 0 0 1 "Robbery"
0 16 38 86 132 363 0 0 1 "Robbery"
0 15 38 84 132 364 0 0 1 "Robbery"
0 15 38 83 132 365 0 0 1 "Robbery"
0 15 38 81 132 366 0 0 1 "Robbery"
0 15 38 79 132 367 0 0 1 "Robbery"
0 14 38 78 132 368 0 0 1 "Robbery"
0 14 38 76 132 369 0 0 1 "Robbery"
0 14 38 74 132 370 0 0 1 "Robbery"
0 14 38 73 132 371 0 0 0 "Robbery"
0 14 38 74 131 372 0 0 1 "Robbery"
0 14 38 75 131 373 0 0 1 "Robbery"
0 14 38 76 131 374 0 0 1 "Robbery"
0 14 38 77 131 375 0 0 1 "Robbery"
0 14 38 79 131 376 0 0 1 "Robbery"
0 14 38 80 131 377 0 0 1 "Robbery"
0 14 38 81 131 378 0 0 1 "Robbery"
0 14 38 82 131 379 0 0 1 "Robbery"
0 14 38 83 131 380 0 0 1 "Robbery"
0 14 38 85 131 381 0 0 1 "Robbery"
0 14 38 86 131 382 0 0 1 "Robbery"
0 14 38 87 131 383 0 0 1 "Robbery"
0 14 38 88 131 384 0 0 1 "Robbery"
0 14 38 89 131 385 0 0 1 "Robbery"
0 14 38 91 131 386 0 0 1 "Robbery"
0 14 38 92 131 387 0 0 1 "Robbery"
0 14 38 93 131 388 0 0 1 "Robbery"
0 14 38 94 131 389 0 0 1 "Robbery"
0 14 38 95 131 390 0 0 1 "Robbery"
0 14 38 97 131 391 0 0 0 "Robbery"
0 15 37 98 130 392 0 0 1 "Robbery"
0 16 37 99 130 393 0 0 1 "Robbery"
0 17 37 100 130 394 0 0 1 "Robbery"
0 18 37 101 130 395 0 0 1 "Robbery"
0 19 37 102 130 396 0 0 1 "Robbery"
0 20 37 103 130 397 0 0 1 "Robbery"
0 21 37 104 130 398 0 0 1 "Robbery"
0 22 37 105 130 399 0 0 1 "Robbery"
0 23 37 106 130 400 0 0 1 "Robbery"
0 24 37 107 130 401 0 0 0 "Robbery"
0 24 37 107 130 402 0 0 1 "Robbery"
0 25 38 108 131 403 0 0 1 "Robbery"
0 25 38 108 131 404 0 0 1 "Robbery"
0 26 39 109 132 405 0 0 1 "Robbery"
0 26 39 109 132 406 0 0 1 "Robbery"
0 27 40 110 133 407 0 0 1 "Robbery"
0 27 40 110 133 408 0 0 1 "Robbery"
0 28 41 111 134 409 0 0 1 "Robbery"
0 28 41 111 134 410 0 0 1 "Robbery"
0 29 42 112 135 411 0 0 0 "Robbery"
0 28 42 111 135 412 0 0 1 "Robbery"
0 28 42 111 135 413 0 0 1 "Robbery"
0 28 43 111 136 414 0 0 1 "Robbery"
0 28 43 111 136 415 0 0 1 "Robbery"
0 27 43 110 136 416 0 0 1 "Robbery"
0 27 44 110 137 417 0 0 1 "Robbery"
0 27 44 110 137 418 0 0 1 "Robbery"
0 27 44 110 137 419 0 0 1 "Robbery"
0 26 45 109 138 420 0 0 1 "Robbery"
0 26 45 109 138 421 0 0 1 "Robbery"
0 26 45 109 138 422 0 0 1 "Robbery"
0 26 46 109 139 423 0 0 0 "Robbery"
0 25 46 108 139 424 0 0 1 "Robbery"
0 25 46 108 139 425 0 0 1 "Robbery"
0 24 46 107 139 426 0 0 1 "Robbery"
0 24 46 107 139 427 0 0 1 "Robbery"
0 23 46 106 139 428 0 0 1 "Robbery"
0 23 46 106 139 429 0 0 1 "Robbery"
0 23 47 106 140 430 0 0 0 "Robbery"
0 23 47 106 140 431 0 0 1 "Robbery"
0 24 48 107 141 432 0 0 1 "Robbery"
0 25 49 108 142 433 0 0 1 "Robbery"
0 26 50 109 143 434 0 0 1 "Robbery"
0 27 50 110 143 435 0 0 1 "Robbery"
0 28 51 111 144 436 0 0 1 "Robbery"
0 29 52 112 145 437 0 0 1 "Robbery"
0 30 53 113 146 438 0 0 1 "Robbery"
0 31 54 114 147 439 0 0 0 "Robbery"
0 31 54 114 146 440 0 0 1 "Robbery"
0 31 54 115 146 441 0 0 1 "Robbery"
0 31 54 115 146 442 0 0 1 "Robbery"
0 31 54 116 146 443 0 0 1 "Robbery"
0 31 54 117 146 444 0 0 1 "Robbery"
0 31 54 117 146 445 0 0 1 "Robbery"
0 31 54 118 146 446 0 0 1 "Robbery"
0 31 54 118 146 447 0 0 1 "Robbery"
0 31 54 119 146 448 0 0 1 "Robbery"
0 31 54 120 146 449 0 0 0 "Robbery"
0 31 54 120 146 450 0 0 1 "Robbery"
0 31 54 120 146 451 0 0 1 "Robbery"
0 31 54 120 146 452 0 0 1 "Robbery"
0 31 54 120 146 453 0 0 1 "Robbery"
0 31 54 120 146 454 0 0 1 "Robbery"
0 31 54 120 146 455 0 0 1 "Robbery"
0 31 54 120 146 456 0 0 1 "Robbery"
0 31 54 120 146 457 0 0 1 "Robbery"
0 31 54 120 146 458 0 0 1 "Robbery"
0 31 54 120 146 459 0 0 1 "Robbery"
0 31 54 120 146 460 0 0 1 "Robbery"
0 31 54 120 146 461 0 0 1 "Robbery"
0 31 54 120 146 462 0 0 0 "Robbery"
0 31 54 120 145 463 0 0 1 "Robbery"
0 31 54 120 144 464 0 0 1 "Robbery"
0 31 54 120 144 465 0 0 1 "Robbery"
0 31 54 121 143 466 0 0 1 "Robbery"
0 31 54 121 143 467 0 0 1 "Robbery"
0 31 54 121 142 468 0 0 1 "Robbery"
0 31 54 121 142 469 0 0 1 "Robbery"
0 31 54 122 141 470 0 0 1 "Robbery"
0 31 54 122 141 471 0 0 1 "Robbery"
0 31 54 122 140 472 0 0 1 "Robbery"
0 31 54 123 140 473 0 0 1 "Robbery"
0 31 54 123 139 474 0 0 1 "Robbery"
0 31 54 123 139 475 0 0 1 "Robbery"
0 31 54 123 138 476 0 0 1 "Robbery"
0 31 54 124 138 477 0 0 1 "Robbery"
0 31 54 124 137 478 0 0 1 "Robbery"
0 31 54 124 137 479 0 0 1 "Robbery"
0 31 54 125 136 480 0 0 1 "Robbery"
0 31 54 125 136 481 0 0 1 "Robbery"
0 31 54 125 135 482 0 0 1 "Robbery"
0 31 54 125 135 483 0 0 1 "Robbery"
0 31 54 126 134 484 0 0 1 "Robbery"
0 31 54 126 134 485 0 0 1 "Robbery"
0 31 54 126 133 486 0 0 1 "Robbery"
0 31 54 127 133 487 0 0 0 "Robbery"
0 31 53 126 133 488 0 0 1 "Robbery"
0 31 52 126 133 489 0 0 1 "Robbery"
0 31 52 126 133 490 0 0 1 "Robbery"
0 31 51 126 133 491 0 0 1 "Robbery"
0 31 51 126 133 492 0 0 1 "Robbery"
0 31 50 126 133 493 0 0 1 "Robbery"
0 31 50 126 133 494 0 0 1 "Robbery"
0 31 49 126 133 495 0 0 1 "Robbery"
0 31 49 126 133 496 0 0 1 "Robbery"
0 31 48 126 133 497 0 0 1 "Robbery"
0 31 48 126 133 498 0 0 1 "Robbery"
0 31 47 126 133 499 0 0 1 "Robbery"
0 31 47 126 133 500 0 0 1 "Robbery"
0 31 46 126 133 501 0 0 1 "Robbery"
0 31 46 126 134 502 0 0 1 "Robbery"
0 31 45 126 134 503 0 0 1 "Robbery"
0 31 44 126 134 504 0 0 1 "Robbery"
0 31 44 126 134 505 0 0 1 "Robbery"
0 31 43 126 134 506 0 0 1 "Robbery"
0 31 43 126 134 507 0 0 1 "Robbery"
0 31 42 126 134 508 0 0 1 "Robbery"
0 31 42 126 134 509 0 0 1 "Robbery"
0 31 41 126 134 510 0 0 1 "Robbery"
0 31 41 126 134 511 0 0 1 "Robbery"
0 31 40 126 134 512 0 0 1 "Robbery"
0 31 40 126 134 513 0 0 1 "Robbery"
0 31 39 126 134 514 0 0 1 "Robbery"
0 31 39 126 134 515 0 0 1 "Robbery"
0 31 38 126 134 516 0 0 1 "Robbery"
0 31 38 126 135 517 0 0 0 "Robbery"
0 30 38 126 134 518 0 0 1 "Robbery"
0 30 38 127 134 519 0 0 1 "Robbery"
0 30 38 127 134 520 0 0 1 "Robbery"
0 30 38 128 134 521 0 0 1 "Robbery"
0 30 38 128 134 522 0 0 1 "Robbery"
0 30 38 129 134 523 0 0 1 "Robbery"
0 30 38 129 134 524 0 0 1 "Robbery"
0 30 38 130 134 525 0 0 1 "Robbery"
0 30 38 130 134 526 0 0 1 "Robbery"
0 30 38 131 134 527 0 0 1 "Robbery"
0 29 38 131 134 528 0 0 1 "Robbery"
0 29 38 132 134 529 0 0 1 "Robbery"
0 29 38 132 134 530 0 0 1 "Robbery"
0 29 38 133 134 531 0 0 1 "Robbery"
0 29 38 133 134 532 0 0 1 "Robbery"
0 29 38 134 134 533 0 0 1 "Robbery"
0 29 38 134 134 534 0 0 1 "Robbery"
0 29 38 135 134 535 0 0 1 "Robbery"
0 29 38 135 134 536 0 0 1 "Robbery"
0 29 38 136 134 537 0 0 1 "Robbery"
0 29 38 136 134 538 0 0 1 "Robbery"
0 28 38 137 134 539 0 0 1 "Robbery"
0 28 38 137 134 540 0 0 1 "Robbery"
0 28 38 138 134 541 0 0 1 "Robbery"
0 28 38 138 134 542 0 0 1 "Robbery"
0 28 38 139 134 543 0 0 1 "Robbery"
0 28 38 139 133 544 0 0 1 "Robbery"
0 28 38 140 133 545 0 0 1 "Robbery"
0 28 38 140 133 546 0 0 1 "Robbery"
0 28 38 141 133 547 0 0 1 "Robbery"
0 28 38 141 133 548 0 0 1 "Robbery"
0 27 38 142 133 549 0 0 1 "Robbery"
0 27 38 142 133 550 0 0 1 "Robbery"
0 27 38 143 133 551 0 0 1 "Robbery"
0 27 38 143 133 552 0 0 1 "Robbery"
0 27 38 144 133 553 0 0 1 "Robbery"
0 27 38 144 133 554 0 0 1 "Robbery"
0 27 38 145 133 555 0 0 1 "Robbery"
0 27 38 145 133 556 0 0 1 "Robbery"
0 27 38 146 133 557 0 0 1 "Robbery"
0 27 38 146 133 558 0 0 1 "Robbery"
0 27 38 147 133 559 0 0 1 "Robbery"
0 26 38 147 133 560 0 0 1 "Robbery"
0 26 38 148 133 561 0 0 1 "Robbery"
0 26 38 148 133 562 0 0 1 "Robbery"
0 26 38 149 133 563 0 0 1 "Robbery"
0 26 38 149 133 564 0 0 1 "Robbery"
0 26 38 150 133 565 0 0 1 "Robbery"
0 26 38 150 133 566 0 0 1 "Robbery"
0 26 38 151 133 567 0 0 1 "Robbery"
0 26 38 151 133 568 0 0 1 "Robbery"
0 26 38 152 133 569 0 0 1 "Robbery"
0 26 38 153 133 570 0 0 0 "Robbery"
0 25 37 152 132 571 0 0 1 "Robbery"
0 25 36 152 132 572 0 0 1 "Robbery"
0 24 35 151 132 573 0 0 1 "Robbery"
0 24 35 151 132 574 0 0 1 "Robbery"
0 24 34 150 132 575 0 0 1 "Robbery"
0 23 33 150 132 576 0 0 1 "Robbery"
0 23 32 149 132 577 0 0 1 "Robbery"
0 22 32 149 132 578 0 0 1 "Robbery"
0 22 31 148 132 579 0 0 1 "Robbery"
0 22 30 148 132 580 0 0 1 "Robbery"
0 21 29 148 131 581 0 0 1 "Robbery"
0 21 29 147 131 582 0 0 1 "Robbery"
0 20 28 147 131 583 0 0 1 "Robbery"
0 20 27 146 131 584 0 0 1 "Robbery"
0 20 26 146 131 585 0 0 1 "Robbery"
0 19 26 145 131 586 0 0 1 "Robbery"
0 19 25 145 131 587 0 0 1 "Robbery"
0 18 24 144 131 588 0 0 1 "Robbery"
0 18 23 144 131 589 0 0 1 "Robbery"
0 18 23 144 131 590 0 0 0 "Robbery"
0 17 23 143 131 591 0 0 1 "Robbery"
0 16 23 142 131 592 0 0 1 "Robbery"
0 15 23 141 131 593 0 0 1 "Robbery"
0 14 23 140 131 594 0 0 1 "Robbery"
0 13 23 139 131 595 0 0 1 "Robbery"
0 13 23 139 131 596 0 0 1 "Robbery"
0 12 23 138 131 597 0 0 1 "Robbery"
0 11 23 137 131 598 0 0 1 "Robbery"
0 10 23 136 131 599 0 0 1 "Robbery"
0 9 23 135 131 600 0 0 1 "Robbery"
0 8 23 134 131 601 0 0 1 "Robbery"
0 8 23 134 131 602 0 0 0 "Robbery"
0 8 23 133 130 603 0 0 1 "Robbery"
0 8 23 133 130 604 0 0 1 "Robbery"
0 8 23 133 129 605 0 0 1 "Robbery"
0 8 23 133 129 606 0 0 1 "Robbery"
0 8 23 133 128 607 0 0 1 "Robbery"
0 8 23 133 128 608 0 0 1 "Robbery"
0 8 23 133 127 609 0 0 1 "Robbery"
0 8 23 133 127 610 0 0 1 "Robbery"
0 8 23 133 126 611 0 0 1 "Robbery"
0 8 23 133 126 612 0 0 1 "Robbery"
0 8 23 133 125 613 0 0 1 "Robbery"
0 8 23 133 125 614 0 0 1 "Robbery"
0 8 23 133 124 615 0 0 1 "Robbery"
0 8 23 133 124 616 0 0 1 "Robbery"
0 8 23 133 123 617 0 0 1 "Robbery"
0 8 23 133 123 618 0 0 1 "Robbery"
0 8 23 133 122 619 0 0 1 "Robbery"
0 8 23 133 122 620 0 0 1 "Robbery"
0 8 23 133 121 621 0 0 1 "Robbery"
0 8 23 133 121 622 0 0 1 "Robbery"
0 8 23 133 120 623 0 0 1 "Robbery"
0 8 23 133 120 624 0 0 1 "Robbery"
0 8 23 133 119 625 0 0 1 "Robbery"
0 8 23 133 119 626 0 0 1 "Robbery"
0 8 23 133 118 627 0 0 1 "Robbery"
0 8 23 133 118 628 0 0 1 "Robbery"
0 8 23 133 118 629 0 0 0 "Robbery"
0 9 22 134 117 630 0 0 1 "Robbery"
0 10 22 135 117 631 0 0 1 "Robbery"
0 12 22 137 117 632 0 0 1 "Robbery"
0 13 21 138 116 633 0 0 1 "Robbery"
0 14 21 139 116 634 0 0 1 "Robbery"
0 16 21 141 116 635 0 0 1 "Robbery"
0 17 21 142 116 636 0 0 1 "Robbery"
0 18 20 143 115 637 0 0 1 "Robbery"
0 20 20 145 115 638 0 0 1 "Robbery"
0 21 20 146 115 639 0 0 1 "Robbery"
0 23 20 148 115 640 1 0 0 "Robbery"
0 23 20 148 115 641 1 0 1 "Robbery"
0 23 20 148 115 642 1 0 1 "Robbery"
0 23 20 148 115 643 1 0 1 "Robbery"
0 23 20 148 115 644 1 0 1 "Robbery"
0 23 20 148 115 645 1 0 1 "Robbery"
0 23 20 148 115 646 1 0 1 "Robbery"
0 23 20 148 115 647 1 0 1 "Robbery"
0 23 20 148 115 648 1 0 1 "Robbery"
0 23 20 148 115 649 1 0 1 "Robbery"
0 23 20 148 115 650 1 0 0 "Robbery"
0 23 20 148 115 651 1 0 1 "Robbery"
0 23 20 148 115 652 1 0 1 "Robbery"
0 23 20 148 115 653 1 0 1 "Robbery"
0 23 20 148 115 654 1 0 1 "Robbery"
0 23 20 148 115 655 1 0 1 "Robbery"
0 23 20 148 115 656 1 0 1 "Robbery"
0 23 20 148 115 657 1 0 1 "Robbery"
0 23 20 148 115 658 1 0 1 "Robbery"
0 23 20 148 115 659 1 0 1 "Robbery"
0 23 20 148 115 660 1 0 1 "Robbery"
0 23 20 148 115 661 1 0 1 "Robbery"
0 23 20 148 115 662 1 0 0 "Robbery"
