0 94 31 195 126 0 1 0 0 "Robbery"
0 94 31 195 126 1 1 0 1 "Robbery"
0 94 31 195 126 2 1 0 1 "Robbery"
0 94 31 195 126 3 1 0 1 "Robbery"
0 94 31 195 126 4 1 0 1 "Robbery"
0 94 31 195 126 5 1 0 1 "Robbery"
0 94 31 195 126 6 1 0 1 "Robbery"
0 94 31 195 126 7 1 0 1 "Robbery"
0 94 31 195 126 8 1 0 1 "Robbery"
0 94 31 195 126 9 1 0 1 "Robbery"
0 94 31 195 126 10 1 0 1 "Robbery"
0 94 31 195 126 11 1 0 1 "Robbery"
0 94 31 195 126 12 1 0 1 "Robbery"
0 94 31 195 126 13 1 0 1 "Robbery"
0 94 31 195 126 14 1 0 1 "Robbery"
0 94 31 195 126 15 1 0 1 "Robbery"
0 94 31 195 126 16 1 0 1 "Robbery"
0 94 31 195 126 17 1 0 1 "Robbery"
0 94 31 195 126 18 1 0 1 "Robbery"
0 94 31 195 126 19 1 0 1 "Robbery"
0 94 31 195 126 20 1 0 1 "Robbery"
0 94 31 195 126 21 1 0 1 "Robbery"
0 94 31 195 126 22 1 0 1 "Robbery"
0 94 31 195 126 23 1 0 1 "Robbery"
0 94 31 195 126 24 1 0 1 "Robbery"
0 94 31 195 126 25 1 0 1 "Robbery"
0 94 31 195 126 26 1 0 1 "Robbery"
0 94 31 195 126 27 1 0 1 "Robbery"
0 94 31 195 126 28 1 0 1 "Robbery"
0 94 31 195 126 29 1 0 1 "Robbery"
0 94 31 195 126 30 1 0 1 "Robbery"
0 94 31 195 126 31 1 0 1 "Robbery"
0 94 31 195 126 32 1 0 1 "Robbery"
0 94 31 195 126 33 1 0 1 "Robbery"
0 94 31 195 126 34 1 0 1 "Robbery"
0 94 31 195 126 35 1 0 1 "Robbery"
0 94 31 195 126 36 1 0 1 "Robbery"
0 94 31 195 126 37 1 0 1 "Robbery"
0 94 31 195 126 38 1 0 1 "Robbery"
0 94 31 195 126 39 1 0 1 "Robbery"
0 94 31 195 126 40 1 0 1 "Robbery"
0 94 31 195 126 41 1 0 1 "Robbery"
0 94 31 195 126 42 1 0 1 "Robbery"
0 94 31 195 126 43 1 0 1 "Robbery"
0 94 31 195 126 44 1 0 1 "Robbery"
0 94 31 195 126 45 1 0 1 "Robbery"
0 94 31 195 126 46 1 0 1 "Robbery"
0 94 31 195 126 47 1 0 1 "Robbery"
0 94 31 195 126 48 1 0 1 "Robbery"
0 94 31 195 126 49 1 0 1 "Robbery"
0 94 31 195 126 50 1 0 1 "Robbery"
0 94 31 195 126 51 1 0 1 "Robbery"
0 94 31 195 126 52 1 0 1 "Robbery"
0 94 31 195 126 53 1 0 1 "Robbery"
0 94 31 195 126 54 1 0 1 "Robbery"
0 94 31 195 126 55 1 0 1 "Robbery"
0 94 31 195 126 56 1 0 1 "Robbery"
0 94 31 195 126 57 1 0 1 "Robbery"
0 94 31 195 126 58 1 0 1 "Robbery"
0 94 31 195 126 59 1 0 1 "Robbery"
0 94 31 195 126 60 1 0 1 "Robbery"
0 94 31 195 126 61 1 0 1 "Robbery"
0 94 31 195 126 62 1 0 1 "Robbery"
0 94 31 195 126 63 1 0 1 "Robbery"
0 94 31 195 126 64 1 0 1 "Robbery"
0 94 31 195 126 65 1 0 1 "Robbery"
0 94 31 195 126 66 1 0 1 "Robbery"
0 94 31 195 126 67 1 0 1 "Robbery"
0 94 31 195 126 68 1 0 1 "Robbery"
0 94 31 195 126 69 1 0 1 "Robbery"
0 94 31 195 126 70 1 0 1 "Robbery"
0 94 31 195 126 71 1 0 1 "Robbery"
0 94 31 195 126 72 1 0 1 "Robbery"
0 94 31 195 126 73 1 0 1 "Robbery"
0 94 31 195 126 74 1 0 1 "Robbery"
0 94 31 195 126 75 1 0 1 "Robbery"
0 94 31 195 126 76 1 0 1 "Robbery"
0 94 31 195 126 77 1 0 1 "Robbery"
0 94 31 195 126 78 1 0 1 "Robbery"
0 94 31 195 126 79 1 0 1 "Robbery"
0 94 31 195 126 80 1 0 1 "Robbery"
0 94 31 195 126 81 1 0 1 "Robbery"
0 94 31 195 126 82 1 0 1 "Robbery"
0 94 31 195 126 83 1 0 1 "Robbery"
0 94 31 195 126 84 1 0 1 "Robbery"
0 94 31 195 126 85 1 0 1 "Robbery"
0 94 31 195 126 86 1 0 1 "Robbery"
0 94 31 195 126 87 1 0 1 "Robbery"
0 94 31 195 126 88 1 0 1 "Robbery"
0 94 31 195 126 89 1 0 1 "Robbery"
0 94 31 195 126 90 1 0 1 "Robbery"
0 94 31 195 126 91 1 0 1 "Robbery"
0 94 31 195 126 92 1 0 1 "Robbery"
0 94 31 195 126 93 1 0 1 "Robbery"
0 94 31 195 126 94 1 0 1 "Robbery"
0 94 31 195 126 95 1 0 1 "Robbery"
0 94 31 195 126 96 1 0 1 "Robbery"
0 94 31 195 126 97 1 0 1 "Robbery"
0 94 31 195 126 98 1 0 1 "Robbery"
0 94 31 195 126 99 1 0 1 "Robbery"
0 94 31 195 126 100 1 0 1 "Robbery"
0 94 31 195 126 101 1 0 1 "Robbery"
0 94 31 195 126 102 1 0 1 "Robbery"
0 94 31 195 126 103 1 0 1 "Robbery"
0 94 31 195 126 104 1 0 1 "Robbery"
0 94 31 195 126 105 1 0 1 "Robbery"
0 94 31 195 126 106 1 0 1 "Robbery"
0 94 31 195 126 107 1 0 1 "Robbery"
0 94 31 195 126 108 1 0 1 "Robbery"
0 94 31 195 126 109 1 0 1 "Robbery"
0 94 31 195 126 110 1 0 1 "Robbery"
0 94 31 195 126 111 1 0 1 "Robbery"
0 94 31 195 126 112 1 0 1 "Robbery"
0 94 31 195 126 113 1 0 1 "Robbery"
0 94 31 195 126 114 1 0 1 "Robbery"
0 94 31 195 126 115 1 0 1 "Robbery"
0 94 31 195 126 116 1 0 1 "Robbery"
0 94 31 195 126 117 1 0 1 "Robbery"
0 94 31 195 126 118 1 0 1 "Robbery"
0 94 31 195 126 119 1 0 1 "Robbery"
0 94 31 195 126 120 1 0 1 "Robbery"
0 94 31 195 126 121 1 0 1 "Robbery"
0 94 31 195 126 122 1 0 1 "Robbery"
0 94 31 195 126 123 1 0 1 "Robbery"
0 94 31 195 126 124 1 0 1 "Robbery"
0 94 31 195 126 125 1 0 1 "Robbery"
0 94 31 195 126 126 1 0 1 "Robbery"
0 94 31 195 126 127 1 0 1 "Robbery"
0 94 31 195 126 128 1 0 1 "Robbery"
0 94 31 195 126 129 1 0 1 "Robbery"
0 94 31 195 126 130 1 0 1 "Robbery"
0 94 31 195 126 131 1 0 1 "Robbery"
0 94 31 195 126 132 1 0 1 "Robbery"
0 94 31 195 126 133 1 0 1 "Robbery"
0 94 31 195 126 134 1 0 1 "Robbery"
0 94 31 195 126 135 1 0 1 "Robbery"
0 94 31 195 126 136 1 0 1 "Robbery"
0 94 31 195 126 137 1 0 1 "Robbery"
0 94 31 195 126 138 1 0 1 "Robbery"
0 94 31 195 126 139 1 0 1 "Robbery"
0 94 31 195 126 140 1 0 1 "Robbery"
0 94 31 195 126 141 1 0 1 "Robbery"
0 94 31 195 126 142 1 0 1 "Robbery"
0 94 31 195 126 143 1 0 1 "Robbery"
0 94 31 195 126 144 1 0 1 "Robbery"
0 94 31 195 126 145 1 0 1 "Robbery"
0 94 31 195 126 146 1 0 1 "Robbery"
0 94 31 195 126 147 1 0 1 "Robbery"
0 94 31 195 126 148 1 0 1 "Robbery"
0 94 31 195 126 149 1 0 1 "Robbery"
0 94 31 195 126 150 1 0 1 "Robbery"
0 94 31 195 126 151 1 0 1 "Robbery"
0 94 31 195 126 152 1 0 1 "Robbery"
0 94 31 195 126 153 1 0 1 "Robbery"
0 94 31 195 126 154 1 0 1 "Robbery"
0 94 31 195 126 155 1 0 1 "Robbery"
0 94 31 195 126 156 1 0 1 "Robbery"
0 94 31 195 126 157 1 0 1 "Robbery"
0 94 31 195 126 158 1 0 1 "Robbery"
0 94 31 195 126 159 1 0 1 "Robbery"
0 94 31 195 126 160 1 0 1 "Robbery"
0 94 31 195 126 161 1 0 1 "Robbery"
0 94 31 195 126 162 1 0 1 "Robbery"
0 94 31 195 126 163 1 0 1 "Robbery"
0 94 31 195 126 164 1 0 1 "Robbery"
0 94 31 195 126 165 1 0 1 "Robbery"
0 94 31 195 126 166 1 0 1 "Robbery"
0 94 31 195 126 167 1 0 1 "Robbery"
0 94 31 195 126 168 1 0 1 "Robbery"
0 94 31 195 126 169 1 0 1 "Robbery"
0 94 31 195 126 170 1 0 1 "Robbery"
0 94 31 195 126 171 1 0 1 "Robbery"
0 94 31 195 126 172 1 0 1 "Robbery"
0 94 31 195 126 173 1 0 1 "Robbery"
0 94 31 195 126 174 1 0 1 "Robbery"
0 94 31 195 126 175 1 0 1 "Robbery"
0 94 31 195 126 176 1 0 1 "Robbery"
0 94 31 195 126 177 1 0 1 "Robbery"
0 94 31 195 126 178 1 0 1 "Robbery"
0 94 31 195 126 179 1 0 1 "Robbery"
0 94 31 195 126 180 1 0 1 "Robbery"
0 94 31 195 126 181 1 0 1 "Robbery"
0 94 31 195 126 182 1 0 1 "Robbery"
0 94 31 195 126 183 1 0 1 "Robbery"
0 94 31 195 126 184 1 0 1 "Robbery"
0 94 31 195 126 185 1 0 1 "Robbery"
0 94 31 195 126 186 1 0 1 "Robbery"
0 94 31 195 126 187 1 0 1 "Robbery"
0 94 31 195 126 188 1 0 1 "Robbery"
0 94 31 195 126 189 1 0 1 "Robbery"
0 94 31 195 126 190 1 0 1 "Robbery"
0 94 31 195 126 191 1 0 1 "Robbery"
0 94 31 195 126 192 1 0 1 "Robbery"
0 94 31 195 126 193 1 0 1 "Robbery"
0 94 31 195 126 194 1 0 1 "Robbery"
0 94 31 195 126 195 1 0 1 "Robbery"
0 94 31 195 126 196 1 0 1 "Robbery"
0 94 31 195 126 197 1 0 1 "Robbery"
0 94 31 195 126 198 1 0 1 "Robbery"
0 94 31 195 126 199 1 0 1 "Robbery"
0 94 31 195 126 200 1 0 1 "Robbery"
0 94 31 195 126 201 1 0 1 "Robbery"
0 94 31 195 126 202 1 0 1 "Robbery"
0 94 31 195 126 203 1 0 1 "Robbery"
0 94 31 195 126 204 1 0 1 "Robbery"
0 94 31 195 126 205 1 0 1 "Robbery"
0 94 31 195 126 206 1 0 1 "Robbery"
0 94 31 195 126 207 1 0 1 "Robbery"
0 94 31 195 126 208 1 0 1 "Robbery"
0 94 31 195 126 209 1 0 1 "Robbery"
0 94 31 195 126 210 1 0 1 "Robbery"
0 94 31 195 126 211 1 0 1 "Robbery"
0 94 31 195 126 212 1 0 1 "Robbery"
0 94 31 195 126 213 1 0 1 "Robbery"
0 94 31 195 126 214 1 0 1 "Robbery"
0 94 31 195 126 215 1 0 1 "Robbery"
0 94 31 195 126 216 1 0 1 "Robbery"
0 94 31 195 126 217 1 0 1 "Robbery"
0 94 31 195 126 218 1 0 1 "Robbery"
0 94 31 195 126 219 1 0 1 "Robbery"
0 94 31 195 126 220 1 0 1 "Robbery"
0 94 31 195 126 221 1 0 1 "Robbery"
0 94 31 195 126 222 1 0 1 "Robbery"
0 94 31 195 126 223 1 0 1 "Robbery"
0 94 31 195 126 224 1 0 1 "Robbery"
0 94 31 195 126 225 1 0 1 "Robbery"
0 94 31 195 126 226 1 0 1 "Robbery"
0 94 31 195 126 227 1 0 1 "Robbery"
0 94 31 195 126 228 1 0 1 "Robbery"
0 94 31 195 126 229 1 0 1 "Robbery"
0 94 31 195 126 230 1 0 1 "Robbery"
0 94 31 195 126 231 1 0 1 "Robbery"
0 94 31 195 126 232 1 0 1 "Robbery"
0 94 31 195 126 233 1 0 1 "Robbery"
0 94 31 195 126 234 1 0 1 "Robbery"
0 94 31 195 126 235 1 0 1 "Robbery"
0 94 31 195 126 236 1 0 1 "Robbery"
0 94 31 195 126 237 1 0 1 "Robbery"
0 94 31 195 126 238 1 0 1 "Robbery"
0 94 31 195 126 239 1 0 1 "Robbery"
0 94 31 195 126 240 1 0 1 "Robbery"
0 94 31 195 126 241 1 0 1 "Robbery"
0 94 31 195 126 242 1 0 1 "Robbery"
0 94 31 195 126 243 1 0 1 "Robbery"
0 94 31 195 126 244 1 0 1 "Robbery"
0 94 31 195 126 245 1 0 1 "Robbery"
0 94 31 195 126 246 1 0 1 "Robbery"
0 94 31 195 126 247 1 0 1 "Robbery"
0 94 31 195 126 248 1 0 1 "Robbery"
0 94 31 195 126 249 1 0 1 "Robbery"
0 94 31 195 126 250 1 0 1 "Robbery"
0 94 31 195 126 251 1 0 1 "Robbery"
0 94 31 195 126 252 1 0 1 "Robbery"
0 94 31 195 126 253 1 0 1 "Robbery"
0 94 31 195 126 254 1 0 1 "Robbery"
0 94 31 195 126 255 1 0 1 "Robbery"
0 94 31 195 126 256 1 0 1 "Robbery"
0 94 31 195 126 257 1 0 1 "Robbery"
0 94 31 195 126 258 1 0 1 "Robbery"
0 94 31 195 126 259 1 0 1 "Robbery"
0 94 31 195 126 260 1 0 1 "Robbery"
0 94 31 195 126 261 1 0 1 "Robbery"
0 94 31 195 126 262 1 0 1 "Robbery"
0 94 31 195 126 263 1 0 1 "Robbery"
0 94 31 195 126 264 1 0 1 "Robbery"
0 94 31 195 126 265 1 0 1 "Robbery"
0 94 31 195 126 266 1 0 1 "Robbery"
0 94 31 195 126 267 1 0 1 "Robbery"
0 94 31 195 126 268 1 0 1 "Robbery"
0 94 31 195 126 269 1 0 1 "Robbery"
0 94 31 195 126 270 1 0 1 "Robbery"
0 94 31 195 126 271 1 0 1 "Robbery"
0 94 31 195 126 272 1 0 1 "Robbery"
0 94 31 195 126 273 1 0 1 "Robbery"
0 94 31 195 126 274 1 0 1 "Robbery"
0 94 31 195 126 275 1 0 1 "Robbery"
0 94 31 195 126 276 1 0 1 "Robbery"
0 94 31 195 126 277 1 0 1 "Robbery"
0 94 31 195 126 278 1 0 1 "Robbery"
0 94 31 195 126 279 1 0 1 "Robbery"
0 94 31 195 126 280 1 0 1 "Robbery"
0 94 31 195 126 281 1 0 1 "Robbery"
0 94 31 195 126 282 1 0 1 "Robbery"
0 94 31 195 126 283 1 0 1 "Robbery"
0 94 31 195 126 284 1 0 1 "Robbery"
0 94 31 195 126 285 1 0 1 "Robbery"
0 94 31 195 126 286 1 0 1 "Robbery"
0 94 31 195 126 287 1 0 1 "Robbery"
0 94 31 195 126 288 1 0 1 "Robbery"
0 94 31 195 126 289 1 0 1 "Robbery"
0 94 31 195 126 290 1 0 1 "Robbery"
0 94 31 195 126 291 1 0 1 "Robbery"
0 94 31 195 126 292 1 0 1 "Robbery"
0 94 31 195 126 293 1 0 1 "Robbery"
0 94 31 195 126 294 1 0 1 "Robbery"
0 94 31 195 126 295 1 0 1 "Robbery"
0 94 31 195 126 296 1 0 1 "Robbery"
0 94 31 195 126 297 1 0 1 "Robbery"
0 94 31 195 126 298 1 0 1 "Robbery"
0 94 31 195 126 299 1 0 1 "Robbery"
0 94 31 195 126 300 1 0 1 "Robbery"
0 94 31 195 126 301 1 0 1 "Robbery"
0 94 31 195 126 302 1 0 1 "Robbery"
0 94 31 195 126 303 0 0 0 "Robbery"
0 94 31 194 127 304 0 0 1 "Robbery"
0 94 31 194 128 305 0 0 1 "Robbery"
0 94 31 194 129 306 0 0 1 "Robbery"
0 94 31 194 130 307 0 0 1 "Robbery"
0 94 31 194 131 308 0 0 1 "Robbery"
0 94 31 194 132 309 0 0 1 "Robbery"
0 94 31 194 133 310 0 0 1 "Robbery"
0 94 31 194 134 311 0 0 1 "Robbery"
0 94 31 194 135 312 0 0 1 "Robbery"
0 94 31 194 136 313 0 0 1 "Robbery"
0 94 31 194 137 314 0 0 1 "Robbery"
0 94 31 194 138 315 0 0 0 "Robbery"
0 94 31 193 138 316 0 0 1 "Robbery"
0 94 31 193 139 317 0 0 1 "Robbery"
0 94 31 193 140 318 0 0 1 "Robbery"
0 94 31 193 141 319 0 0 1 "Robbery"
0 94 31 193 142 320 0 0 0 "Robbery"
0 94 31 192 144 321 0 0 1 "Robbery"
0 94 31 192 146 322 0 0 1 "Robbery"
0 94 31 192 148 323 0 0 0 "Robbery"
0 93 31 191 148 324 0 0 1 "Robbery"
0 93 31 191 148 325 0 0 1 "Robbery"
0 93 31 191 148 326 0 0 1 "Robbery"
0 93 31 191 148 327 0 0 1 "Robbery"
0 93 31 191 148 328 0 0 1 "Robbery"
0 93 31 191 148 329 0 0 0 "Robbery"
0 92 31 190 148 330 0 0 1 "Robbery"
0 91 31 189 148 331 0 0 1 "Robbery"
0 90 31 188 148 332 0 0 0 "Robbery"
0 89 31 187 148 333 0 0 1 "Robbery"
0 89 31 187 148 334 0 0 1 "Robbery"
0 89 31 187 148 335 0 0 1 "Robbery"
0 88 31 186 148 336 0 0 1 "Robbery"
0 88 31 186 148 337 0 0 1 "Robbery"
0 88 31 186 148 338 0 0 1 "Robbery"
0 88 31 186 148 339 0 0 1 "Robbery"
0 87 31 185 148 340 0 0 1 "Robbery"
0 87 31 185 148 341 0 0 1 "Robbery"
0 87 31 185 148 342 0 0 1 "Robbery"
0 86 31 184 148 343 0 0 1 "Robbery"
0 86 31 184 148 344 0 0 1 "Robbery"
0 86 31 184 148 345 0 0 1 "Robbery"
0 86 31 184 148 346 0 0 1 "Robbery"
0 85 31 183 148 347 0 0 1 "Robbery"
0 85 31 183 148 348 0 0 1 "Robbery"
0 85 31 183 148 349 0 0 1 "Robbery"
0 85 31 183 148 350 0 0 1 "Robbery"
0 84 31 182 148 351 0 0 1 "Robbery"
0 84 31 182 148 352 0 0 1 "Robbery"
0 84 31 182 148 353 0 0 1 "Robbery"
0 83 31 181 148 354 0 0 1 "Robbery"
0 83 31 181 148 355 0 0 1 "Robbery"
0 83 31 181 148 356 0 0 1 "Robbery"
0 83 31 181 148 357 0 0 1 "Robbery"
0 82 31 180 148 358 0 0 1 "Robbery"
0 82 31 180 148 359 0 0 1 "Robbery"
0 82 31 180 148 360 0 0 1 "Robbery"
0 81 31 179 148 361 0 0 1 "Robbery"
0 81 31 179 148 362 0 0 1 "Robbery"
0 81 31 179 148 363 0 0 1 "Robbery"
0 81 31 179 148 364 0 0 1 "Robbery"
0 80 31 178 148 365 0 0 1 "Robbery"
0 80 31 178 148 366 0 0 1 "Robbery"
0 80 31 178 148 367 0 0 1 "Robbery"
0 80 31 178 148 368 0 0 0 "Robbery"
0 79 31 177 148 369 0 0 1 "Robbery"
0 79 31 177 148 370 0 0 1 "Robbery"
0 79 31 177 148 371 0 0 1 "Robbery"
0 78 31 176 148 372 0 0 1 "Robbery"
0 78 31 176 148 373 0 0 1 "Robbery"
0 78 31 176 148 374 0 0 1 "Robbery"
0 77 31 175 148 375 0 0 1 "Robbery"
0 77 31 175 148 376 0 0 1 "Robbery"
0 77 31 175 148 377 0 0 1 "Robbery"
0 77 31 175 148 378 0 0 0 "Robbery"
0 77 31 174 148 379 0 0 1 "Robbery"
0 77 31 174 148 380 0 0 1 "Robbery"
0 77 31 174 148 381 0 0 1 "Robbery"
0 77 31 174 148 382 0 0 1 "Robbery"
0 77 31 174 149 383 0 0 1 "Robbery"
0 77 31 174 149 384 0 0 1 "Robbery"
0 77 31 174 149 385 0 0 1 "Robbery"
0 77 31 174 149 386 0 0 1 "Robbery"
0 77 31 174 149 387 0 0 1 "Robbery"
0 77 31 174 150 388 0 0 1 "Robbery"
0 77 31 174 150 389 0 0 1 "Robbery"
0 77 31 174 150 390 0 0 1 "Robbery"
0 77 31 174 150 391 0 0 1 "Robbery"
0 77 31 174 150 392 0 0 1 "Robbery"
0 77 31 174 151 393 0 0 1 "Robbery"
0 77 31 174 151 394 0 0 1 "Robbery"
0 77 31 174 151 395 0 0 1 "Robbery"
0 77 31 174 151 396 0 0 1 "Robbery"
0 77 31 174 151 397 0 0 1 "Robbery"
0 77 31 174 152 398 0 0 1 "Robbery"
0 77 31 174 152 399 0 0 1 "Robbery"
0 77 31 174 152 400 0 0 1 "Robbery"
0 77 31 174 152 401 0 0 1 "Robbery"
0 77 31 174 152 402 0 0 1 "Robbery"
0 77 31 174 153 403 0 0 1 "Robbery"
0 77 31 174 153 404 0 0 1 "Robbery"
0 77 31 174 153 405 0 0 1 "Robbery"
0 77 31 174 153 406 0 0 1 "Robbery"
0 77 31 174 153 407 0 0 1 "Robbery"
0 77 31 174 154 408 0 0 1 "Robbery"
0 77 31 174 154 409 0 0 1 "Robbery"
0 77 31 174 154 410 0 0 1 "Robbery"
0 77 31 174 154 411 0 0 1 "Robbery"
0 77 31 174 154 412 0 0 1 "Robbery"
0 77 31 174 155 413 0 0 1 "Robbery"
0 77 31 174 155 414 0 0 1 "Robbery"
0 77 31 174 155 415 0 0 1 "Robbery"
0 77 31 174 155 416 0 0 1 "Robbery"
0 77 31 174 155 417 0 0 1 "Robbery"
0 77 31 174 156 418 0 0 1 "Robbery"
0 77 31 174 156 419 0 0 1 "Robbery"
0 77 31 174 156 420 0 0 1 "Robbery"
0 77 31 174 156 421 0 0 1 "Robbery"
0 77 31 174 156 422 0 0 1 "Robbery"
0 77 31 174 157 423 0 0 1 "Robbery"
0 77 31 174 157 424 0 0 1 "Robbery"
0 77 31 174 157 425 0 0 1 "Robbery"
0 77 31 174 157 426 0 0 1 "Robbery"
0 77 31 174 157 427 0 0 1 "Robbery"
0 77 31 174 158 428 0 0 1 "Robbery"
0 77 31 174 158 429 0 0 1 "Robbery"
0 77 31 174 158 430 0 0 1 "Robbery"
0 77 31 174 158 431 0 0 1 "Robbery"
0 77 31 174 158 432 0 0 1 "Robbery"
0 77 31 174 159 433 0 0 1 "Robbery"
0 77 31 174 159 434 0 0 1 "Robbery"
0 77 31 174 159 435 0 0 1 "Robbery"
0 77 31 174 159 436 0 0 1 "Robbery"
0 77 31 174 159 437 0 0 1 "Robbery"
0 77 31 174 160 438 0 0 1 "Robbery"
0 77 31 174 160 439 0 0 1 "Robbery"
0 77 31 174 160 440 0 0 1 "Robbery"
0 77 31 174 160 441 0 0 1 "Robbery"
0 77 31 174 160 442 0 0 1 "Robbery"
0 77 31 174 161 443 0 0 1 "Robbery"
0 77 31 174 161 444 0 0 1 "Robbery"
0 77 31 174 161 445 0 0 1 "Robbery"
0 77 31 174 161 446 0 0 1 "Robbery"
0 77 31 174 161 447 0 0 1 "Robbery"
0 77 31 174 162 448 0 0 1 "Robbery"
0 77 31 174 162 449 0 0 1 "Robbery"
0 77 31 174 162 450 0 0 1 "Robbery"
0 77 31 174 162 451 0 0 1 "Robbery"
0 77 31 174 162 452 0 0 1 "Robbery"
0 77 31 174 163 453 0 0 1 "Robbery"
0 77 31 174 163 454 0 0 1 "Robbery"
0 77 31 174 163 455 0 0 1 "Robbery"
0 77 31 174 163 456 0 0 1 "Robbery"
0 77 31 174 163 457 0 0 1 "Robbery"
0 77 31 174 164 458 0 0 1 "Robbery"
0 77 31 174 164 459 0 0 1 "Robbery"
0 77 31 174 164 460 0 0 1 "Robbery"
0 77 31 174 164 461 0 0 1 "Robbery"
0 77 31 174 164 462 0 0 1 "Robbery"
0 77 31 174 165 463 0 0 1 "Robbery"
0 77 31 174 165 464 0 0 1 "Robbery"
0 77 31 174 165 465 0 0 1 "Robbery"
0 77 31 174 165 466 0 0 1 "Robbery"
0 77 31 174 165 467 0 0 1 "Robbery"
0 77 31 174 166 468 0 0 0 "Robbery"
0 77 31 173 166 469 0 0 1 "Robbery"
0 77 31 173 166 470 0 0 1 "Robbery"
0 77 31 173 167 471 0 0 1 "Robbery"
0 77 31 173 167 472 0 0 1 "Robbery"
0 77 31 173 168 473 0 0 1 "Robbery"
0 77 31 173 168 474 0 0 1 "Robbery"
0 77 31 173 168 475 0 0 1 "Robbery"
0 77 31 173 169 476 0 0 1 "Robbery"
0 77 31 173 169 477 0 0 1 "Robbery"
0 77 31 173 170 478 0 0 1 "Robbery"
0 77 31 173 170 479 0 0 1 "Robbery"
0 77 31 173 170 480 0 0 1 "Robbery"
0 77 31 173 171 481 0 0 1 "Robbery"
0 77 31 173 171 482 0 0 1 "Robbery"
0 77 31 173 172 483 0 0 1 "Robbery"
0 77 31 173 172 484 0 0 1 "Robbery"
0 77 31 173 172 485 0 0 1 "Robbery"
0 77 31 173 173 486 0 0 1 "Robbery"
0 77 31 173 173 487 0 0 1 "Robbery"
0 77 31 173 174 488 0 0 0 "Robbery"
0 77 31 172 174 489 0 0 1 "Robbery"
0 77 31 172 174 490 0 0 1 "Robbery"
0 77 31 172 174 491 0 0 1 "Robbery"
0 77 31 172 174 492 0 0 1 "Robbery"
0 77 31 172 174 493 0 0 1 "Robbery"
0 77 31 172 174 494 0 0 1 "Robbery"
0 77 31 172 174 495 0 0 1 "Robbery"
0 77 31 172 174 496 0 0 0 "Robbery"
0 77 31 171 173 497 0 0 1 "Robbery"
0 77 31 171 173 498 0 0 1 "Robbery"
0 77 31 171 172 499 0 0 1 "Robbery"
0 77 31 171 172 500 0 0 1 "Robbery"
0 77 31 171 172 501 0 0 1 "Robbery"
0 77 31 171 171 502 0 0 1 "Robbery"
0 77 31 171 171 503 0 0 1 "Robbery"
0 77 31 171 171 504 0 0 1 "Robbery"
0 77 31 171 170 505 0 0 1 "Robbery"
0 77 31 171 170 506 0 0 1 "Robbery"
0 77 31 171 170 507 0 0 1 "Robbery"
0 77 31 171 169 508 0 0 1 "Robbery"
0 77 31 171 169 509 0 0 1 "Robbery"
0 77 31 171 169 510 0 0 1 "Robbery"
0 77 31 171 168 511 0 0 1 "Robbery"
0 77 31 171 168 512 0 0 1 "Robbery"
0 77 31 171 168 513 0 0 1 "Robbery"
0 77 31 171 167 514 0 0 1 "Robbery"
0 77 31 171 167 515 0 0 1 "Robbery"
0 77 31 171 167 516 0 0 1 "Robbery"
0 77 31 171 166 517 0 0 1 "Robbery"
0 77 31 171 166 518 0 0 1 "Robbery"
0 77 31 171 166 519 0 0 0 "Robbery"
0 77 31 170 166 520 0 0 1 "Robbery"
0 77 31 170 166 521 0 0 1 "Robbery"
0 77 31 170 166 522 0 0 1 "Robbery"
0 77 31 170 166 523 0 0 1 "Robbery"
0 77 31 170 166 524 0 0 1 "Robbery"
0 77 31 170 166 525 0 0 1 "Robbery"
0 77 31 170 167 526 0 0 0 "Robbery"
0 77 31 170 163 527 0 0 1 "Robbery"
0 77 31 170 160 528 0 0 1 "Robbery"
0 77 31 170 157 529 0 0 1 "Robbery"
0 77 31 170 154 530 0 0 1 "Robbery"
0 77 31 170 151 531 0 0 1 "Robbery"
0 77 31 171 148 532 0 0 1 "Robbery"
0 77 31 171 144 533 0 0 1 "Robbery"
0 77 31 171 141 534 0 0 1 "Robbery"
0 77 31 171 138 535 0 0 1 "Robbery"
0 77 31 171 135 536 0 0 1 "Robbery"
0 77 31 171 132 537 0 0 1 "Robbery"
0 77 31 172 129 538 0 0 0 "Robbery"
0 75 31 170 128 539 0 0 1 "Robbery"
0 74 31 169 127 540 0 0 1 "Robbery"
0 73 31 167 126 541 0 0 1 "Robbery"
0 71 31 166 125 542 0 0 1 "Robbery"
0 70 31 165 125 543 0 0 1 "Robbery"
0 69 31 163 124 544 0 0 1 "Robbery"
0 67 31 162 123 545 0 0 1 "Robbery"
0 66 31 160 122 546 0 0 1 "Robbery"
0 65 31 159 121 547 0 0 1 "Robbery"
0 64 31 158 121 548 1 0 0 "Robbery"
0 64 31 158 121 549 1 0 1 "Robbery"
0 64 31 158 121 550 1 0 1 "Robbery"
0 64 31 158 121 551 1 0 1 "Robbery"
0 64 31 158 121 552 1 0 1 "Robbery"
0 64 31 158 121 553 1 0 1 "Robbery"
0 64 31 158 121 554 1 0 1 "Robbery"
0 64 31 158 121 555 1 0 1 "Robbery"
0 64 31 158 121 556 1 0 1 "Robbery"
0 64 31 158 121 557 1 0 1 "Robbery"
0 64 31 158 121 558 1 0 1 "Robbery"
0 64 31 158 121 559 1 0 1 "Robbery"
0 64 31 158 121 560 1 0 1 "Robbery"
0 64 31 158 121 561 1 0 1 "Robbery"
0 64 31 158 121 562 1 0 1 "Robbery"
0 64 31 158 121 563 1 0 1 "Robbery"
0 64 31 158 121 564 1 0 1 "Robbery"
0 64 31 158 121 565 1 0 1 "Robbery"
0 64 31 158 121 566 1 0 1 "Robbery"
0 64 31 158 121 567 1 0 1 "Robbery"
0 64 31 158 121 568 1 0 1 "Robbery"
0 64 31 158 121 569 1 0 1 "Robbery"
0 64 31 158 121 570 1 0 1 "Robbery"
0 64 31 158 121 571 1 0 1 "Robbery"
0 64 31 158 121 572 1 0 1 "Robbery"
0 64 31 158 121 573 1 0 1 "Robbery"
0 64 31 158 121 574 1 0 1 "Robbery"
0 64 31 158 121 575 1 0 1 "Robbery"
0 64 31 158 121 576 1 0 1 "Robbery"
0 64 31 158 121 577 1 0 1 "Robbery"
0 64 31 158 121 578 1 0 1 "Robbery"
0 64 31 158 121 579 1 0 1 "Robbery"
0 64 31 158 121 580 1 0 1 "Robbery"
0 64 31 158 121 581 1 0 1 "Robbery"
0 64 31 158 121 582 1 0 1 "Robbery"
0 64 31 158 121 583 1 0 1 "Robbery"
0 64 31 158 121 584 1 0 1 "Robbery"
0 64 31 158 121 585 1 0 1 "Robbery"
0 64 31 158 121 586 1 0 1 "Robbery"
0 64 31 158 121 587 1 0 1 "Robbery"
0 64 31 158 121 588 1 0 1 "Robbery"
0 64 31 158 121 589 1 0 1 "Robbery"
0 64 31 158 121 590 1 0 1 "Robbery"
0 64 31 158 121 591 1 0 1 "Robbery"
0 64 31 158 121 592 1 0 1 "Robbery"
0 64 31 158 121 593 1 0 1 "Robbery"
0 64 31 158 121 594 1 0 1 "Robbery"
0 64 31 158 121 595 1 0 1 "Robbery"
0 64 31 158 121 596 1 0 1 "Robbery"
0 64 31 158 121 597 1 0 1 "Robbery"
0 64 31 158 121 598 1 0 1 "Robbery"
0 64 31 158 121 599 1 0 1 "Robbery"
0 64 31 158 121 600 1 0 1 "Robbery"
0 64 31 158 121 601 1 0 1 "Robbery"
0 64 31 158 121 602 1 0 1 "Robbery"
0 64 31 158 121 603 1 0 1 "Robbery"
0 64 31 158 121 604 1 0 1 "Robbery"
0 64 31 158 121 605 1 0 1 "Robbery"
0 64 31 158 121 606 1 0 1 "Robbery"
0 64 31 158 121 607 1 0 1 "Robbery"
0 64 31 158 121 608 1 0 1 "Robbery"
0 64 31 158 121 609 1 0 1 "Robbery"
0 64 31 158 121 610 1 0 1 "Robbery"
0 64 31 158 121 611 1 0 1 "Robbery"
0 64 31 158 121 612 1 0 1 "Robbery"
0 64 31 158 121 613 1 0 1 "Robbery"
0 64 31 158 121 614 1 0 1 "Robbery"
0 64 31 158 121 615 1 0 1 "Robbery"
0 64 31 158 121 616 1 0 1 "Robbery"
0 64 31 158 121 617 1 0 1 "Robbery"
0 64 31 158 121 618 1 0 0 "Robbery"
0 64 31 158 121 619 1 0 1 "Robbery"
0 64 31 158 121 620 1 0 1 "Robbery"
0 64 31 158 121 621 1 0 1 "Robbery"
0 64 31 158 121 622 1 0 1 "Robbery"
0 64 31 158 121 623 1 0 1 "Robbery"
0 64 31 158 121 624 1 0 1 "Robbery"
0 64 31 158 121 625 1 0 1 "Robbery"
0 64 31 158 121 626 1 0 1 "Robbery"
0 64 31 158 121 627 1 0 1 "Robbery"
0 64 31 158 121 628 1 0 1 "Robbery"
0 64 31 158 121 629 1 0 1 "Robbery"
0 64 31 158 121 630 1 0 1 "Robbery"
0 64 31 158 121 631 1 0 1 "Robbery"
0 64 31 158 121 632 1 0 1 "Robbery"
0 64 31 158 121 633 1 0 1 "Robbery"
0 64 31 158 121 634 1 0 1 "Robbery"
0 64 31 158 121 635 1 0 1 "Robbery"
0 64 31 158 121 636 1 0 1 "Robbery"
0 64 31 158 121 637 1 0 1 "Robbery"
0 64 31 158 121 638 1 0 1 "Robbery"
0 64 31 158 121 639 1 0 1 "Robbery"
0 64 31 158 121 640 1 0 1 "Robbery"
0 64 31 158 121 641 1 0 1 "Robbery"
0 64 31 158 121 642 1 0 1 "Robbery"
0 64 31 158 121 643 1 0 1 "Robbery"
0 64 31 158 121 644 1 0 1 "Robbery"
0 64 31 158 121 645 1 0 1 "Robbery"
0 64 31 158 121 646 1 0 1 "Robbery"
0 64 31 158 121 647 1 0 1 "Robbery"
0 64 31 158 121 648 1 0 1 "Robbery"
0 64 31 158 121 649 1 0 1 "Robbery"
0 64 31 158 121 650 1 0 1 "Robbery"
0 64 31 158 121 651 1 0 1 "Robbery"
0 64 31 158 121 652 1 0 1 "Robbery"
0 64 31 158 121 653 1 0 1 "Robbery"
0 64 31 158 121 654 1 0 1 "Robbery"
0 64 31 158 121 655 1 0 1 "Robbery"
0 64 31 158 121 656 1 0 1 "Robbery"
0 64 31 158 121 657 1 0 1 "Robbery"
0 64 31 158 121 658 1 0 1 "Robbery"
0 64 31 158 121 659 1 0 1 "Robbery"
0 64 31 158 121 660 1 0 1 "Robbery"
0 64 31 158 121 661 1 0 1 "Robbery"
0 64 31 158 121 662 1 0 1 "Robbery"
0 64 31 158 121 663 1 0 1 "Robbery"
0 64 31 158 121 664 1 0 1 "Robbery"
0 64 31 158 121 665 1 0 1 "Robbery"
0 64 31 158 121 666 1 0 1 "Robbery"
0 64 31 158 121 667 1 0 1 "Robbery"
0 64 31 158 121 668 1 0 1 "Robbery"
0 64 31 158 121 669 1 0 1 "Robbery"
0 64 31 158 121 670 1 0 1 "Robbery"
0 64 31 158 121 671 1 0 1 "Robbery"
0 64 31 158 121 672 1 0 1 "Robbery"
0 64 31 158 121 673 1 0 1 "Robbery"
0 64 31 158 121 674 1 0 1 "Robbery"
0 64 31 158 121 675 1 0 1 "Robbery"
0 64 31 158 121 676 1 0 1 "Robbery"
0 64 31 158 121 677 1 0 1 "Robbery"
0 64 31 158 121 678 1 0 1 "Robbery"
0 64 31 158 121 679 1 0 1 "Robbery"
0 64 31 158 121 680 1 0 1 "Robbery"
0 64 31 158 121 681 1 0 1 "Robbery"
0 64 31 158 121 682 1 0 1 "Robbery"
0 64 31 158 121 683 1 0 1 "Robbery"
0 64 31 158 121 684 1 0 1 "Robbery"
0 64 31 158 121 685 1 0 1 "Robbery"
0 64 31 158 121 686 1 0 1 "Robbery"
0 64 31 158 121 687 1 0 1 "Robbery"
0 64 31 158 121 688 1 0 1 "Robbery"
0 64 31 158 121 689 1 0 1 "Robbery"
0 64 31 158 121 690 1 0 1 "Robbery"
0 64 31 158 121 691 1 0 1 "Robbery"
0 64 31 158 121 692 1 0 1 "Robbery"
0 64 31 158 121 693 1 0 1 "Robbery"
0 64 31 158 121 694 1 0 1 "Robbery"
0 64 31 158 121 695 1 0 1 "Robbery"
0 64 31 158 121 696 1 0 1 "Robbery"
0 64 31 158 121 697 1 0 1 "Robbery"
0 64 31 158 121 698 1 0 1 "Robbery"
0 64 31 158 121 699 1 0 1 "Robbery"
0 64 31 158 121 700 1 0 1 "Robbery"
0 64 31 158 121 701 1 0 1 "Robbery"
0 64 31 158 121 702 1 0 1 "Robbery"
0 64 31 158 121 703 1 0 1 "Robbery"
0 64 31 158 121 704 1 0 1 "Robbery"
0 64 31 158 121 705 1 0 1 "Robbery"
0 64 31 158 121 706 1 0 1 "Robbery"
0 64 31 158 121 707 1 0 1 "Robbery"
0 64 31 158 121 708 1 0 1 "Robbery"
0 64 31 158 121 709 1 0 1 "Robbery"
0 64 31 158 121 710 1 0 1 "Robbery"
0 64 31 158 121 711 1 0 1 "Robbery"
0 64 31 158 121 712 1 0 1 "Robbery"
0 64 31 158 121 713 1 0 1 "Robbery"
0 64 31 158 121 714 1 0 1 "Robbery"
0 64 31 158 121 715 1 0 1 "Robbery"
0 64 31 158 121 716 1 0 1 "Robbery"
0 64 31 158 121 717 1 0 1 "Robbery"
0 64 31 158 121 718 1 0 1 "Robbery"
0 64 31 158 121 719 1 0 1 "Robbery"
0 64 31 158 121 720 1 0 1 "Robbery"
0 64 31 158 121 721 1 0 1 "Robbery"
0 64 31 158 121 722 1 0 1 "Robbery"
0 64 31 158 121 723 1 0 1 "Robbery"
0 64 31 158 121 724 1 0 1 "Robbery"
0 64 31 158 121 725 1 0 1 "Robbery"
0 64 31 158 121 726 1 0 1 "Robbery"
0 64 31 158 121 727 1 0 1 "Robbery"
0 64 31 158 121 728 1 0 1 "Robbery"
0 64 31 158 121 729 1 0 1 "Robbery"
0 64 31 158 121 730 1 0 1 "Robbery"
0 64 31 158 121 731 1 0 1 "Robbery"
0 64 31 158 121 732 1 0 1 "Robbery"
0 64 31 158 121 733 1 0 1 "Robbery"
0 64 31 158 121 734 1 0 1 "Robbery"
0 64 31 158 121 735 1 0 1 "Robbery"
0 64 31 158 121 736 1 0 1 "Robbery"
0 64 31 158 121 737 1 0 1 "Robbery"
0 64 31 158 121 738 1 0 1 "Robbery"
0 64 31 158 121 739 1 0 1 "Robbery"
0 64 31 158 121 740 1 0 1 "Robbery"
0 64 31 158 121 741 1 0 1 "Robbery"
0 64 31 158 121 742 1 0 1 "Robbery"
0 64 31 158 121 743 1 0 1 "Robbery"
0 64 31 158 121 744 1 0 1 "Robbery"
0 64 31 158 121 745 1 0 1 "Robbery"
0 64 31 158 121 746 1 0 1 "Robbery"
0 64 31 158 121 747 1 0 1 "Robbery"
0 64 31 158 121 748 1 0 1 "Robbery"
0 64 31 158 121 749 1 0 1 "Robbery"
0 64 31 158 121 750 1 0 1 "Robbery"
0 64 31 158 121 751 1 0 1 "Robbery"
0 64 31 158 121 752 1 0 1 "Robbery"
0 64 31 158 121 753 1 0 1 "Robbery"
0 64 31 158 121 754 1 0 1 "Robbery"
0 64 31 158 121 755 1 0 1 "Robbery"
0 64 31 158 121 756 1 0 1 "Robbery"
0 64 31 158 121 757 1 0 1 "Robbery"
0 64 31 158 121 758 1 0 1 "Robbery"
0 64 31 158 121 759 1 0 1 "Robbery"
0 64 31 158 121 760 1 0 1 "Robbery"
0 64 31 158 121 761 1 0 1 "Robbery"
0 64 31 158 121 762 1 0 1 "Robbery"
0 64 31 158 121 763 1 0 1 "Robbery"
0 64 31 158 121 764 1 0 1 "Robbery"
0 64 31 158 121 765 1 0 1 "Robbery"
0 64 31 158 121 766 1 0 1 "Robbery"
0 64 31 158 121 767 1 0 1 "Robbery"
0 64 31 158 121 768 1 0 1 "Robbery"
0 64 31 158 121 769 1 0 1 "Robbery"
0 64 31 158 121 770 1 0 1 "Robbery"
0 64 31 158 121 771 1 0 1 "Robbery"
0 64 31 158 121 772 1 0 1 "Robbery"
0 64 31 158 121 773 1 0 1 "Robbery"
0 64 31 158 121 774 1 0 1 "Robbery"
0 64 31 158 121 775 1 0 1 "Robbery"
0 64 31 158 121 776 1 0 1 "Robbery"
0 64 31 158 121 777 1 0 1 "Robbery"
0 64 31 158 121 778 1 0 1 "Robbery"
0 64 31 158 121 779 1 0 1 "Robbery"
0 64 31 158 121 780 1 0 1 "Robbery"
0 64 31 158 121 781 1 0 1 "Robbery"
0 64 31 158 121 782 1 0 1 "Robbery"
0 64 31 158 121 783 1 0 1 "Robbery"
0 64 31 158 121 784 1 0 1 "Robbery"
0 64 31 158 121 785 1 0 1 "Robbery"
0 64 31 158 121 786 1 0 1 "Robbery"
0 64 31 158 121 787 1 0 1 "Robbery"
0 64 31 158 121 788 1 0 1 "Robbery"
0 64 31 158 121 789 1 0 1 "Robbery"
0 64 31 158 121 790 1 0 1 "Robbery"
0 64 31 158 121 791 1 0 1 "Robbery"
0 64 31 158 121 792 1 0 1 "Robbery"
0 64 31 158 121 793 1 0 1 "Robbery"
0 64 31 158 121 794 1 0 1 "Robbery"
0 64 31 158 121 795 1 0 1 "Robbery"
0 64 31 158 121 796 1 0 1 "Robbery"
0 64 31 158 121 797 1 0 1 "Robbery"
0 64 31 158 121 798 1 0 1 "Robbery"
0 64 31 158 121 799 1 0 1 "Robbery"
0 64 31 158 121 800 1 0 1 "Robbery"
0 64 31 158 121 801 1 0 1 "Robbery"
0 64 31 158 121 802 1 0 1 "Robbery"
0 64 31 158 121 803 1 0 1 "Robbery"
0 64 31 158 121 804 1 0 1 "Robbery"
0 64 31 158 121 805 1 0 1 "Robbery"
0 64 31 158 121 806 1 0 1 "Robbery"
0 64 31 158 121 807 1 0 1 "Robbery"
0 64 31 158 121 808 1 0 1 "Robbery"
0 64 31 158 121 809 1 0 1 "Robbery"
0 64 31 158 121 810 1 0 1 "Robbery"
0 64 31 158 121 811 1 0 1 "Robbery"
0 64 31 158 121 812 1 0 1 "Robbery"
0 64 31 158 121 813 1 0 1 "Robbery"
0 64 31 158 121 814 1 0 1 "Robbery"
0 64 31 158 121 815 1 0 1 "Robbery"
0 64 31 158 121 816 1 0 1 "Robbery"
0 64 31 158 121 817 1 0 1 "Robbery"
0 64 31 158 121 818 1 0 1 "Robbery"
0 64 31 158 121 819 1 0 1 "Robbery"
0 64 31 158 121 820 1 0 1 "Robbery"
0 64 31 158 121 821 1 0 1 "Robbery"
0 64 31 158 121 822 1 0 1 "Robbery"
0 64 31 158 121 823 1 0 1 "Robbery"
0 64 31 158 121 824 1 0 1 "Robbery"
0 64 31 158 121 825 1 0 1 "Robbery"
0 64 31 158 121 826 1 0 1 "Robbery"
0 64 31 158 121 827 1 0 1 "Robbery"
0 64 31 158 121 828 1 0 1 "Robbery"
0 64 31 158 121 829 1 0 1 "Robbery"
0 64 31 158 121 830 1 0 1 "Robbery"
0 64 31 158 121 831 1 0 1 "Robbery"
0 64 31 158 121 832 1 0 1 "Robbery"
0 64 31 158 121 833 1 0 1 "Robbery"
0 64 31 158 121 834 1 0 1 "Robbery"
0 64 31 158 121 835 1 0 1 "Robbery"
0 64 31 158 121 836 1 0 1 "Robbery"
0 64 31 158 121 837 1 0 1 "Robbery"
0 64 31 158 121 838 1 0 1 "Robbery"
0 64 31 158 121 839 1 0 1 "Robbery"
0 64 31 158 121 840 1 0 1 "Robbery"
0 64 31 158 121 841 1 0 1 "Robbery"
0 64 31 158 121 842 1 0 1 "Robbery"
0 64 31 158 121 843 1 0 1 "Robbery"
0 64 31 158 121 844 1 0 1 "Robbery"
0 64 31 158 121 845 1 0 1 "Robbery"
0 64 31 158 121 846 1 0 1 "Robbery"
0 64 31 158 121 847 1 0 1 "Robbery"
0 64 31 158 121 848 1 0 1 "Robbery"
0 64 31 158 121 849 1 0 1 "Robbery"
0 64 31 158 121 850 1 0 1 "Robbery"
0 64 31 158 121 851 1 0 1 "Robbery"
0 64 31 158 121 852 1 0 1 "Robbery"
0 64 31 158 121 853 1 0 1 "Robbery"
0 64 31 158 121 854 1 0 1 "Robbery"
0 64 31 158 121 855 1 0 1 "Robbery"
0 64 31 158 121 856 1 0 1 "Robbery"
0 64 31 158 121 857 1 0 1 "Robbery"
0 64 31 158 121 858 1 0 1 "Robbery"
0 64 31 158 121 859 1 0 1 "Robbery"
0 64 31 158 121 860 1 0 1 "Robbery"
0 64 31 158 121 861 1 0 1 "Robbery"
0 64 31 158 121 862 1 0 1 "Robbery"
0 64 31 158 121 863 1 0 1 "Robbery"
0 64 31 158 121 864 1 0 1 "Robbery"
0 64 31 158 121 865 1 0 1 "Robbery"
0 64 31 158 121 866 1 0 1 "Robbery"
0 64 31 158 121 867 1 0 1 "Robbery"
0 64 31 158 121 868 1 0 1 "Robbery"
0 64 31 158 121 869 1 0 1 "Robbery"
0 64 31 158 121 870 1 0 1 "Robbery"
0 64 31 158 121 871 1 0 1 "Robbery"
0 64 31 158 121 872 1 0 1 "Robbery"
0 64 31 158 121 873 1 0 1 "Robbery"
0 64 31 158 121 874 1 0 1 "Robbery"
0 64 31 158 121 875 1 0 1 "Robbery"
0 64 31 158 121 876 1 0 1 "Robbery"
0 64 31 158 121 877 1 0 1 "Robbery"
0 64 31 158 121 878 1 0 1 "Robbery"
0 64 31 158 121 879 1 0 1 "Robbery"
0 64 31 158 121 880 1 0 1 "Robbery"
0 64 31 158 121 881 1 0 1 "Robbery"
0 64 31 158 121 882 1 0 1 "Robbery"
0 64 31 158 121 883 1 0 1 "Robbery"
0 64 31 158 121 884 1 0 1 "Robbery"
0 64 31 158 121 885 1 0 1 "Robbery"
0 64 31 158 121 886 1 0 1 "Robbery"
0 64 31 158 121 887 1 0 1 "Robbery"
0 64 31 158 121 888 1 0 1 "Robbery"
0 64 31 158 121 889 1 0 1 "Robbery"
0 64 31 158 121 890 1 0 1 "Robbery"
0 64 31 158 121 891 1 0 1 "Robbery"
0 64 31 158 121 892 1 0 1 "Robbery"
0 64 31 158 121 893 1 0 1 "Robbery"
0 64 31 158 121 894 1 0 1 "Robbery"
0 64 31 158 121 895 1 0 1 "Robbery"
0 64 31 158 121 896 1 0 1 "Robbery"
0 64 31 158 121 897 1 0 1 "Robbery"
0 64 31 158 121 898 1 0 1 "Robbery"
0 64 31 158 121 899 1 0 1 "Robbery"
0 64 31 158 121 900 1 0 1 "Robbery"
0 64 31 158 121 901 1 0 1 "Robbery"
0 64 31 158 121 902 1 0 1 "Robbery"
0 64 31 158 121 903 1 0 1 "Robbery"
0 64 31 158 121 904 1 0 1 "Robbery"
0 64 31 158 121 905 1 0 1 "Robbery"
0 64 31 158 121 906 1 0 1 "Robbery"
0 64 31 158 121 907 1 0 1 "Robbery"
0 64 31 158 121 908 1 0 1 "Robbery"
0 64 31 158 121 909 1 0 1 "Robbery"
0 64 31 158 121 910 1 0 1 "Robbery"
0 64 31 158 121 911 1 0 1 "Robbery"
0 64 31 158 121 912 1 0 1 "Robbery"
0 64 31 158 121 913 1 0 1 "Robbery"
0 64 31 158 121 914 1 0 1 "Robbery"
0 64 31 158 121 915 1 0 1 "Robbery"
0 64 31 158 121 916 1 0 1 "Robbery"
0 64 31 158 121 917 1 0 1 "Robbery"
0 64 31 158 121 918 1 0 1 "Robbery"
0 64 31 158 121 919 1 0 1 "Robbery"
0 64 31 158 121 920 1 0 1 "Robbery"
0 64 31 158 121 921 1 0 1 "Robbery"
0 64 31 158 121 922 1 0 1 "Robbery"
0 64 31 158 121 923 1 0 1 "Robbery"
0 64 31 158 121 924 1 0 1 "Robbery"
0 64 31 158 121 925 1 0 1 "Robbery"
0 64 31 158 121 926 1 0 1 "Robbery"
0 64 31 158 121 927 1 0 1 "Robbery"
0 64 31 158 121 928 1 0 1 "Robbery"
0 64 31 158 121 929 1 0 1 "Robbery"
0 64 31 158 121 930 1 0 1 "Robbery"
0 64 31 158 121 931 1 0 1 "Robbery"
0 64 31 158 121 932 1 0 1 "Robbery"
0 64 31 158 121 933 1 0 1 "Robbery"
0 64 31 158 121 934 1 0 1 "Robbery"
0 64 31 158 121 935 1 0 1 "Robbery"
0 64 31 158 121 936 1 0 1 "Robbery"
0 64 31 158 121 937 1 0 1 "Robbery"
0 64 31 158 121 938 1 0 1 "Robbery"
0 64 31 158 121 939 1 0 1 "Robbery"
0 64 31 158 121 940 1 0 1 "Robbery"
0 64 31 158 121 941 1 0 1 "Robbery"
0 64 31 158 121 942 1 0 1 "Robbery"
0 64 31 158 121 943 1 0 1 "Robbery"
0 64 31 158 121 944 1 0 1 "Robbery"
0 64 31 158 121 945 1 0 1 "Robbery"
0 64 31 158 121 946 1 0 1 "Robbery"
0 64 31 158 121 947 1 0 1 "Robbery"
0 64 31 158 121 948 1 0 1 "Robbery"
0 64 31 158 121 949 1 0 1 "Robbery"
0 64 31 158 121 950 1 0 1 "Robbery"
0 64 31 158 121 951 1 0 1 "Robbery"
0 64 31 158 121 952 1 0 1 "Robbery"
0 64 31 158 121 953 1 0 1 "Robbery"
0 64 31 158 121 954 1 0 1 "Robbery"
0 64 31 158 121 955 1 0 1 "Robbery"
0 64 31 158 121 956 1 0 1 "Robbery"
0 64 31 158 121 957 1 0 1 "Robbery"
0 64 31 158 121 958 1 0 1 "Robbery"
0 64 31 158 121 959 1 0 1 "Robbery"
0 64 31 158 121 960 1 0 1 "Robbery"
0 64 31 158 121 961 1 0 1 "Robbery"
0 64 31 158 121 962 1 0 1 "Robbery"
0 64 31 158 121 963 1 0 1 "Robbery"
0 64 31 158 121 964 1 0 1 "Robbery"
0 64 31 158 121 965 1 0 1 "Robbery"
0 64 31 158 121 966 1 0 1 "Robbery"
0 64 31 158 121 967 1 0 1 "Robbery"
0 64 31 158 121 968 1 0 1 "Robbery"
0 64 31 158 121 969 1 0 1 "Robbery"
0 64 31 158 121 970 1 0 1 "Robbery"
0 64 31 158 121 971 1 0 1 "Robbery"
0 64 31 158 121 972 1 0 1 "Robbery"
0 64 31 158 121 973 1 0 1 "Robbery"
0 64 31 158 121 974 1 0 1 "Robbery"
0 64 31 158 121 975 1 0 1 "Robbery"
0 64 31 158 121 976 1 0 1 "Robbery"
0 64 31 158 121 977 1 0 1 "Robbery"
0 64 31 158 121 978 1 0 1 "Robbery"
0 64 31 158 121 979 1 0 1 "Robbery"
0 64 31 158 121 980 1 0 1 "Robbery"
0 64 31 158 121 981 1 0 1 "Robbery"
0 64 31 158 121 982 1 0 1 "Robbery"
0 64 31 158 121 983 1 0 0 "Robbery"
