0 172 90 224 145 0 1 0 0 "Robbery"
0 172 90 224 145 1 1 0 1 "Robbery"
0 172 90 224 145 2 1 0 1 "Robbery"
0 172 90 224 145 3 1 0 1 "Robbery"
0 172 90 224 145 4 1 0 1 "Robbery"
0 172 90 224 145 5 1 0 1 "Robbery"
0 172 90 224 145 6 1 0 1 "Robbery"
0 172 90 224 145 7 1 0 1 "Robbery"
0 172 90 224 145 8 1 0 1 "Robbery"
0 172 90 224 145 9 1 0 1 "Robbery"
0 172 90 224 145 10 1 0 1 "Robbery"
0 172 90 224 145 11 1 0 1 "Robbery"
0 172 90 224 145 12 1 0 1 "Robbery"
0 172 90 224 145 13 1 0 1 "Robbery"
0 172 90 224 145 14 1 0 1 "Robbery"
0 172 90 224 145 15 1 0 1 "Robbery"
0 172 90 224 145 16 1 0 1 "Robbery"
0 172 90 224 145 17 1 0 1 "Robbery"
0 172 90 224 145 18 1 0 1 "Robbery"
0 172 90 224 145 19 1 0 1 "Robbery"
0 172 90 224 145 20 1 0 1 "Robbery"
0 172 90 224 145 21 1 0 1 "Robbery"
0 172 90 224 145 22 1 0 1 "Robbery"
0 172 90 224 145 23 1 0 1 "Robbery"
0 172 90 224 145 24 1 0 1 "Robbery"
0 172 90 224 145 25 1 0 1 "Robbery"
0 172 90 224 145 26 1 0 1 "Robbery"
0 172 90 224 145 27 1 0 1 "Robbery"
0 172 90 224 145 28 1 0 1 "Robbery"
0 172 90 224 145 29 1 0 1 "Robbery"
0 172 90 224 145 30 1 0 1 "Robbery"
0 172 90 224 145 31 1 0 1 "Robbery"
0 172 90 224 145 32 1 0 1 "Robbery"
0 172 90 224 145 33 1 0 1 "Robbery"
0 172 90 224 145 34 1 0 1 "Robbery"
0 172 90 224 145 35 1 0 1 "Robbery"
0 172 90 224 145 36 1 0 1 "Robbery"
0 172 90 224 145 37 1 0 1 "Robbery"
0 172 90 224 145 38 1 0 1 "Robbery"
0 172 90 224 145 39 1 0 1 "Robbery"
0 172 90 224 145 40 1 0 1 "Robbery"
0 172 90 224 145 41 1 0 1 "Robbery"
0 172 90 224 145 42 1 0 1 "Robbery"
0 172 90 224 145 43 1 0 1 "Robbery"
0 172 90 224 145 44 1 0 1 "Robbery"
0 172 90 224 145 45 1 0 1 "Robbery"
0 172 90 224 145 46 1 0 1 "Robbery"
0 172 90 224 145 47 1 0 1 "Robbery"
0 172 90 224 145 48 1 0 1 "Robbery"
0 172 90 224 145 49 1 0 1 "Robbery"
0 172 90 224 145 50 1 0 1 "Robbery"
0 172 90 224 145 51 1 0 1 "Robbery"
0 172 90 224 145 52 1 0 1 "Robbery"
0 172 90 224 145 53 1 0 1 "Robbery"
0 172 90 224 145 54 1 0 1 "Robbery"
0 172 90 224 145 55 1 0 1 "Robbery"
0 172 90 224 145 56 1 0 1 "Robbery"
0 172 90 224 145 57 1 0 1 "Robbery"
0 172 90 224 145 58 1 0 1 "Robbery"
0 172 90 224 145 59 1 0 1 "Robbery"
0 172 90 224 145 60 1 0 1 "Robbery"
0 172 90 224 145 61 1 0 1 "Robbery"
0 172 90 224 145 62 1 0 1 "Robbery"
0 172 90 224 145 63 1 0 1 "Robbery"
0 172 90 224 145 64 1 0 1 "Robbery"
0 172 90 224 145 65 1 0 1 "Robbery"
0 172 90 224 145 66 1 0 1 "Robbery"
0 172 90 224 145 67 1 0 1 "Robbery"
0 172 90 224 145 68 1 0 1 "Robbery"
0 172 90 224 145 69 1 0 1 "Robbery"
0 172 90 224 145 70 1 0 1 "Robbery"
0 172 90 224 145 71 1 0 1 "Robbery"
0 172 90 224 145 72 1 0 1 "Robbery"
0 172 90 224 145 73 1 0 1 "Robbery"
0 172 90 224 145 74 1 0 1 "Robbery"
0 172 90 224 145 75 1 0 1 "Robbery"
0 172 90 224 145 76 1 0 1 "Robbery"
0 172 90 224 145 77 1 0 1 "Robbery"
0 172 90 224 145 78 1 0 1 "Robbery"
0 172 90 224 145 79 1 0 1 "Robbery"
0 172 90 224 145 80 1 0 1 "Robbery"
0 172 90 224 145 81 1 0 1 "Robbery"
0 172 90 224 145 82 1 0 1 "Robbery"
0 172 90 224 145 83 1 0 1 "Robbery"
0 172 90 224 145 84 1 0 1 "Robbery"
0 172 90 224 145 85 1 0 1 "Robbery"
0 172 90 224 145 86 1 0 1 "Robbery"
0 172 90 224 145 87 1 0 1 "Robbery"
0 172 90 224 145 88 1 0 1 "Robbery"
0 172 90 224 145 89 1 0 1 "Robbery"
0 172 90 224 145 90 1 0 1 "Robbery"
0 172 90 224 145 91 1 0 1 "Robbery"
0 172 90 224 145 92 1 0 1 "Robbery"
0 172 90 224 145 93 1 0 1 "Robbery"
0 172 90 224 145 94 1 0 1 "Robbery"
0 172 90 224 145 95 1 0 1 "Robbery"
0 172 90 224 145 96 1 0 1 "Robbery"
0 172 90 224 145 97 1 0 1 "Robbery"
0 172 90 224 145 98 1 0 1 "Robbery"
0 172 90 224 145 99 1 0 1 "Robbery"
0 172 90 224 145 100 1 0 1 "Robbery"
0 172 90 224 145 101 1 0 1 "Robbery"
0 172 90 224 145 102 1 0 1 "Robbery"
0 172 90 224 145 103 1 0 1 "Robbery"
0 172 90 224 145 104 1 0 1 "Robbery"
0 172 90 224 145 105 1 0 1 "Robbery"
0 172 90 224 145 106 1 0 1 "Robbery"
0 172 90 224 145 107 1 0 1 "Robbery"
0 172 90 224 145 108 1 0 1 "Robbery"
0 172 90 224 145 109 1 0 1 "Robbery"
0 172 90 224 145 110 1 0 1 "Robbery"
0 172 90 224 145 111 1 0 1 "Robbery"
0 172 90 224 145 112 1 0 1 "Robbery"
0 172 90 224 145 113 1 0 1 "Robbery"
0 172 90 224 145 114 1 0 1 "Robbery"
0 172 90 224 145 115 1 0 1 "Robbery"
0 172 90 224 145 116 1 0 1 "Robbery"
0 172 90 224 145 117 1 0 1 "Robbery"
0 172 90 224 145 118 1 0 1 "Robbery"
0 172 90 224 145 119 1 0 1 "Robbery"
0 172 90 224 145 120 1 0 1 "Robbery"
0 172 90 224 145 121 1 0 1 "Robbery"
0 172 90 224 145 122 1 0 1 "Robbery"
0 172 90 224 145 123 1 0 1 "Robbery"
0 172 90 224 145 124 1 0 1 "Robbery"
0 172 90 224 145 125 1 0 1 "Robbery"
0 172 90 224 145 126 1 0 1 "Robbery"
0 172 90 224 145 127 1 0 1 "Robbery"
0 172 90 224 145 128 1 0 1 "Robbery"
0 172 90 224 145 129 1 0 1 "Robbery"
0 172 90 224 145 130 1 0 1 "Robbery"
0 172 90 224 145 131 1 0 1 "Robbery"
0 172 90 224 145 132 1 0 1 "Robbery"
0 172 90 224 145 133 1 0 1 "Robbery"
0 172 90 224 145 134 1 0 1 "Robbery"
0 172 90 224 145 135 1 0 1 "Robbery"
0 172 90 224 145 136 1 0 1 "Robbery"
0 172 90 224 145 137 1 0 1 "Robbery"
0 172 90 224 145 138 1 0 1 "Robbery"
0 172 90 224 145 139 1 0 1 "Robbery"
0 172 90 224 145 140 1 0 1 "Robbery"
0 172 90 224 145 141 1 0 1 "Robbery"
0 172 90 224 145 142 1 0 1 "Robbery"
0 172 90 224 145 143 1 0 1 "Robbery"
0 172 90 224 145 144 1 0 1 "Robbery"
0 172 90 224 145 145 1 0 1 "Robbery"
0 172 90 224 145 146 1 0 1 "Robbery"
0 172 90 224 145 147 1 0 1 "Robbery"
0 172 90 224 145 148 1 0 1 "Robbery"
0 172 90 224 145 149 1 0 1 "Robbery"
0 172 90 224 145 150 1 0 1 "Robbery"
0 172 90 224 145 151 1 0 1 "Robbery"
0 172 90 224 145 152 1 0 1 "Robbery"
0 172 90 224 145 153 1 0 1 "Robbery"
0 172 90 224 145 154 1 0 1 "Robbery"
0 172 90 224 145 155 1 0 1 "Robbery"
0 172 90 224 145 156 1 0 1 "Robbery"
0 172 90 224 145 157 1 0 1 "Robbery"
0 172 90 224 145 158 1 0 1 "Robbery"
0 172 90 224 145 159 1 0 1 "Robbery"
0 172 90 224 145 160 1 0 1 "Robbery"
0 172 90 224 145 161 1 0 1 "Robbery"
0 172 90 224 145 162 1 0 1 "Robbery"
0 172 90 224 145 163 1 0 1 "Robbery"
0 172 90 224 145 164 1 0 1 "Robbery"
0 172 90 224 145 165 1 0 1 "Robbery"
0 172 90 224 145 166 1 0 1 "Robbery"
0 172 90 224 145 167 1 0 1 "Robbery"
0 172 90 224 145 168 1 0 1 "Robbery"
0 172 90 224 145 169 1 0 1 "Robbery"
0 172 90 224 145 170 1 0 1 "Robbery"
0 172 90 224 145 171 1 0 1 "Robbery"
0 172 90 224 145 172 1 0 1 "Robbery"
0 172 90 224 145 173 1 0 1 "Robbery"
0 172 90 224 145 174 1 0 1 "Robbery"
0 172 90 224 145 175 1 0 1 "Robbery"
0 172 90 224 145 176 1 0 1 "Robbery"
0 172 90 224 145 177 1 0 1 "Robbery"
0 172 90 224 145 178 1 0 1 "Robbery"
0 172 90 224 145 179 1 0 1 "Robbery"
0 172 90 224 145 180 1 0 1 "Robbery"
0 172 90 224 145 181 1 0 1 "Robbery"
0 172 90 224 145 182 1 0 1 "Robbery"
0 172 90 224 145 183 1 0 1 "Robbery"
0 172 90 224 145 184 1 0 1 "Robbery"
0 172 90 224 145 185 1 0 1 "Robbery"
0 172 90 224 145 186 1 0 1 "Robbery"
0 172 90 224 145 187 1 0 1 "Robbery"
0 172 90 224 145 188 1 0 1 "Robbery"
0 172 90 224 145 189 1 0 1 "Robbery"
0 172 90 224 145 190 1 0 1 "Robbery"
0 172 90 224 145 191 1 0 1 "Robbery"
0 172 90 224 145 192 1 0 1 "Robbery"
0 172 90 224 145 193 1 0 1 "Robbery"
0 172 90 224 145 194 1 0 1 "Robbery"
0 172 90 224 145 195 1 0 1 "Robbery"
0 172 90 224 145 196 1 0 1 "Robbery"
0 172 90 224 145 197 1 0 1 "Robbery"
0 172 90 224 145 198 1 0 1 "Robbery"
0 172 90 224 145 199 1 0 1 "Robbery"
0 172 90 224 145 200 1 0 1 "Robbery"
0 172 90 224 145 201 1 0 1 "Robbery"
0 172 90 224 145 202 1 0 1 "Robbery"
0 172 90 224 145 203 1 0 1 "Robbery"
0 172 90 224 145 204 1 0 1 "Robbery"
0 172 90 224 145 205 1 0 1 "Robbery"
0 172 90 224 145 206 1 0 1 "Robbery"
0 172 90 224 145 207 1 0 1 "Robbery"
0 172 90 224 145 208 1 0 1 "Robbery"
0 172 90 224 145 209 1 0 1 "Robbery"
0 172 90 224 145 210 1 0 1 "Robbery"
0 172 90 224 145 211 1 0 1 "Robbery"
0 172 90 224 145 212 1 0 1 "Robbery"
0 172 90 224 145 213 1 0 1 "Robbery"
0 172 90 224 145 214 1 0 1 "Robbery"
0 172 90 224 145 215 1 0 1 "Robbery"
0 172 90 224 145 216 1 0 1 "Robbery"
0 172 90 224 145 217 1 0 1 "Robbery"
0 172 90 224 145 218 1 0 1 "Robbery"
0 172 90 224 145 219 1 0 1 "Robbery"
0 172 90 224 145 220 1 0 1 "Robbery"
0 172 90 224 145 221 1 0 1 "Robbery"
0 172 90 224 145 222 1 0 1 "Robbery"
0 172 90 224 145 223 1 0 1 "Robbery"
0 172 90 224 145 224 1 0 1 "Robbery"
0 172 90 224 145 225 1 0 1 "Robbery"
0 172 90 224 145 226 1 0 1 "Robbery"
0 172 90 224 145 227 1 0 1 "Robbery"
0 172 90 224 145 228 1 0 1 "Robbery"
0 172 90 224 145 229 1 0 1 "Robbery"
0 172 90 224 145 230 1 0 1 "Robbery"
0 172 90 224 145 231 1 0 1 "Robbery"
0 172 90 224 145 232 1 0 1 "Robbery"
0 172 90 224 145 233 1 0 1 "Robbery"
0 172 90 224 145 234 1 0 1 "Robbery"
0 172 90 224 145 235 1 0 1 "Robbery"
0 172 90 224 145 236 1 0 1 "Robbery"
0 172 90 224 145 237 1 0 1 "Robbery"
0 172 90 224 145 238 1 0 1 "Robbery"
0 172 90 224 145 239 1 0 1 "Robbery"
0 172 90 224 145 240 1 0 1 "Robbery"
0 172 90 224 145 241 1 0 1 "Robbery"
0 172 90 224 145 242 1 0 1 "Robbery"
0 172 90 224 145 243 1 0 1 "Robbery"
0 172 90 224 145 244 1 0 1 "Robbery"
0 172 90 224 145 245 1 0 1 "Robbery"
0 172 90 224 145 246 1 0 1 "Robbery"
0 172 90 224 145 247 1 0 1 "Robbery"
0 172 90 224 145 248 1 0 1 "Robbery"
0 172 90 224 145 249 1 0 1 "Robbery"
0 172 90 224 145 250 1 0 1 "Robbery"
0 172 90 224 145 251 1 0 1 "Robbery"
0 172 90 224 145 252 1 0 1 "Robbery"
0 172 90 224 145 253 1 0 1 "Robbery"
0 172 90 224 145 254 1 0 1 "Robbery"
0 172 90 224 145 255 1 0 1 "Robbery"
0 172 90 224 145 256 1 0 1 "Robbery"
0 172 90 224 145 257 1 0 1 "Robbery"
0 172 90 224 145 258 1 0 1 "Robbery"
0 172 90 224 145 259 1 0 1 "Robbery"
0 172 90 224 145 260 1 0 1 "Robbery"
0 172 90 224 145 261 1 0 1 "Robbery"
0 172 90 224 145 262 1 0 1 "Robbery"
0 172 90 224 145 263 1 0 1 "Robbery"
0 172 90 224 145 264 1 0 1 "Robbery"
0 172 90 224 145 265 1 0 1 "Robbery"
0 172 90 224 145 266 1 0 1 "Robbery"
0 172 90 224 145 267 1 0 1 "Robbery"
0 172 90 224 145 268 1 0 1 "Robbery"
0 172 90 224 145 269 1 0 1 "Robbery"
0 172 90 224 145 270 1 0 1 "Robbery"
0 172 90 224 145 271 1 0 1 "Robbery"
0 172 90 224 145 272 1 0 1 "Robbery"
0 172 90 224 145 273 1 0 1 "Robbery"
0 172 90 224 145 274 1 0 1 "Robbery"
0 172 90 224 145 275 1 0 1 "Robbery"
0 172 90 224 145 276 1 0 1 "Robbery"
0 172 90 224 145 277 1 0 1 "Robbery"
0 172 90 224 145 278 1 0 1 "Robbery"
0 172 90 224 145 279 1 0 1 "Robbery"
0 172 90 224 145 280 1 0 1 "Robbery"
0 172 90 224 145 281 1 0 1 "Robbery"
0 172 90 224 145 282 1 0 1 "Robbery"
0 172 90 224 145 283 1 0 1 "Robbery"
0 172 90 224 145 284 1 0 1 "Robbery"
0 172 90 224 145 285 1 0 1 "Robbery"
0 172 90 224 145 286 1 0 1 "Robbery"
0 172 90 224 145 287 1 0 1 "Robbery"
0 172 90 224 145 288 1 0 1 "Robbery"
0 172 90 224 145 289 1 0 1 "Robbery"
0 172 90 224 145 290 1 0 1 "Robbery"
0 172 90 224 145 291 1 0 1 "Robbery"
0 172 90 224 145 292 1 0 1 "Robbery"
0 172 90 224 145 293 1 0 1 "Robbery"
0 172 90 224 145 294 1 0 1 "Robbery"
0 172 90 224 145 295 1 0 1 "Robbery"
0 172 90 224 145 296 0 0 0 "Robbery"
0 171 90 223 145 297 0 0 1 "Robbery"
0 171 90 223 145 298 0 0 1 "Robbery"
0 171 90 223 145 299 0 0 1 "Robbery"
0 171 90 223 145 300 0 0 1 "Robbery"
0 171 90 223 145 301 0 0 1 "Robbery"
0 170 90 223 145 302 0 0 1 "Robbery"
0 170 90 223 145 303 0 0 1 "Robbery"
0 170 90 223 145 304 0 0 1 "Robbery"
0 170 90 222 145 305 0 0 1 "Robbery"
0 170 90 222 145 306 0 0 1 "Robbery"
0 169 90 222 145 307 0 0 1 "Robbery"
0 169 90 222 145 308 0 0 1 "Robbery"
0 169 90 222 145 309 0 0 1 "Robbery"
0 169 90 222 145 310 0 0 1 "Robbery"
0 169 90 222 145 311 0 0 1 "Robbery"
0 168 90 222 145 312 0 0 1 "Robbery"
0 168 90 221 145 313 0 0 1 "Robbery"
0 168 90 221 145 314 0 0 1 "Robbery"
0 168 90 221 145 315 0 0 1 "Robbery"
0 168 90 221 145 316 0 0 1 "Robbery"
0 167 90 221 145 317 0 0 1 "Robbery"
0 167 90 221 145 318 0 0 1 "Robbery"
0 167 90 221 145 319 0 0 1 "Robbery"
0 167 90 221 145 320 0 0 1 "Robbery"
0 167 91 221 145 321 0 0 1 "Robbery"
0 166 91 220 145 322 0 0 1 "Robbery"
0 166 91 220 145 323 0 0 1 "Robbery"
0 166 91 220 145 324 0 0 1 "Robbery"
0 166 91 220 145 325 0 0 1 "Robbery"
0 166 91 220 145 326 0 0 1 "Robbery"
0 165 91 220 145 327 0 0 1 "Robbery"
0 165 91 220 145 328 0 0 1 "Robbery"
0 165 91 220 145 329 0 0 1 "Robbery"
0 165 91 219 145 330 0 0 1 "Robbery"
0 165 91 219 145 331 0 0 1 "Robbery"
0 164 91 219 145 332 0 0 1 "Robbery"
0 164 91 219 145 333 0 0 1 "Robbery"
0 164 91 219 145 334 0 0 1 "Robbery"
0 164 91 219 145 335 0 0 1 "Robbery"
0 164 91 219 145 336 0 0 1 "Robbery"
0 163 91 219 145 337 0 0 1 "Robbery"
0 163 91 218 145 338 0 0 1 "Robbery"
0 163 91 218 145 339 0 0 1 "Robbery"
0 163 91 218 145 340 0 0 1 "Robbery"
0 163 91 218 145 341 0 0 1 "Robbery"
0 162 91 218 145 342 0 0 1 "Robbery"
0 162 91 218 145 343 0 0 1 "Robbery"
0 162 91 218 145 344 0 0 1 "Robbery"
0 162 91 218 145 345 0 0 1 "Robbery"
0 162 92 218 146 346 0 0 0 "Robbery"
0 162 92 218 148 347 0 0 1 "Robbery"
0 162 92 218 151 348 0 0 1 "Robbery"
0 163 93 218 154 349 0 0 1 "Robbery"
0 163 93 218 157 350 0 0 1 "Robbery"
0 164 94 219 160 351 0 0 1 "Robbery"
0 164 94 219 162 352 0 0 1 "Robbery"
0 164 94 219 165 353 0 0 1 "Robbery"
0 165 95 219 168 354 0 0 1 "Robbery"
0 165 95 219 171 355 0 0 1 "Robbery"
0 166 96 220 174 356 0 0 0 "Robbery"
0 166 96 220 173 357 0 0 1 "Robbery"
0 166 96 220 173 358 0 0 1 "Robbery"
0 166 96 220 173 359 0 0 1 "Robbery"
0 166 96 220 173 360 0 0 1 "Robbery"
0 166 96 220 173 361 0 0 1 "Robbery"
0 166 96 220 173 362 0 0 1 "Robbery"
0 166 96 220 173 363 0 0 1 "Robbery"
0 166 96 220 173 364 0 0 1 "Robbery"
0 166 96 221 173 365 0 0 1 "Robbery"
0 166 96 221 173 366 0 0 1 "Robbery"
0 166 96 221 173 367 0 0 1 "Robbery"
0 166 96 221 173 368 0 0 1 "Robbery"
0 166 96 221 173 369 0 0 1 "Robbery"
0 166 96 221 173 370 0 0 1 "Robbery"
0 166 96 221 173 371 0 0 1 "Robbery"
0 166 96 221 173 372 0 0 1 "Robbery"
0 166 96 221 173 373 0 0 1 "Robbery"
0 166 96 222 173 374 0 0 1 "Robbery"
0 166 96 222 173 375 0 0 1 "Robbery"
0 166 96 222 173 376 0 0 1 "Robbery"
0 166 96 222 173 377 0 0 1 "Robbery"
0 166 96 222 173 378 0 0 1 "Robbery"
0 166 96 222 173 379 0 0 1 "Robbery"
0 166 96 222 173 380 0 0 1 "Robbery"
0 166 96 222 173 381 0 0 1 "Robbery"
0 166 96 223 173 382 0 0 1 "Robbery"
0 166 96 223 173 383 0 0 1 "Robbery"
0 166 96 223 173 384 0 0 1 "Robbery"
0 166 96 223 173 385 0 0 1 "Robbery"
0 166 96 223 173 386 0 0 1 "Robbery"
0 166 96 223 173 387 0 0 1 "Robbery"
0 166 96 223 173 388 0 0 1 "Robbery"
0 166 96 223 173 389 0 0 1 "Robbery"
0 166 96 223 173 390 0 0 1 "Robbery"
0 166 96 224 173 391 0 0 1 "Robbery"
0 166 96 224 173 392 0 0 1 "Robbery"
0 166 96 224 173 393 0 0 1 "Robbery"
0 166 96 224 173 394 0 0 1 "Robbery"
0 166 96 224 173 395 0 0 1 "Robbery"
0 166 96 224 173 396 0 0 1 "Robbery"
0 166 96 224 173 397 0 0 1 "Robbery"
0 166 96 224 173 398 0 0 1 "Robbery"
0 166 96 225 173 399 0 0 1 "Robbery"
0 166 96 225 173 400 0 0 1 "Robbery"
0 166 96 225 173 401 0 0 1 "Robbery"
0 166 96 225 173 402 0 0 1 "Robbery"
0 166 96 225 173 403 0 0 1 "Robbery"
0 166 96 225 173 404 0 0 1 "Robbery"
0 166 96 225 173 405 0 0 1 "Robbery"
0 166 96 225 173 406 0 0 1 "Robbery"
0 166 96 225 173 407 0 0 1 "Robbery"
0 166 96 226 173 408 0 0 1 "Robbery"
0 166 96 226 173 409 0 0 1 "Robbery"
0 166 96 226 173 410 0 0 1 "Robbery"
0 166 96 226 173 411 0 0 1 "Robbery"
0 166 96 226 173 412 0 0 1 "Robbery"
0 166 96 226 173 413 0 0 1 "Robbery"
0 166 96 226 173 414 0 0 1 "Robbery"
0 166 96 226 173 415 0 0 1 "Robbery"
0 166 96 227 173 416 0 0 0 "Robbery"
0 165 95 226 172 417 0 0 1 "Robbery"
0 165 95 226 172 418 0 0 1 "Robbery"
0 164 95 225 172 419 0 0 1 "Robbery"
0 164 95 225 172 420 0 0 1 "Robbery"
0 163 95 224 172 421 0 0 1 "Robbery"
0 163 95 224 172 422 0 0 1 "Robbery"
0 162 95 223 172 423 0 0 1 "Robbery"
0 162 95 223 172 424 0 0 1 "Robbery"
0 161 95 222 172 425 0 0 1 "Robbery"
0 161 95 222 172 426 0 0 1 "Robbery"
0 160 95 221 172 427 0 0 1 "Robbery"
0 160 95 221 172 428 0 0 1 "Robbery"
0 159 95 220 172 429 0 0 1 "Robbery"
0 159 95 220 172 430 0 0 1 "Robbery"
0 159 95 220 172 431 0 0 1 "Robbery"
0 158 95 219 172 432 0 0 1 "Robbery"
0 158 95 219 172 433 0 0 1 "Robbery"
0 157 95 218 172 434 0 0 1 "Robbery"
0 157 95 218 172 435 0 0 1 "Robbery"
0 156 95 217 172 436 0 0 1 "Robbery"
0 156 95 217 172 437 0 0 1 "Robbery"
0 155 95 216 172 438 0 0 1 "Robbery"
0 155 95 216 172 439 0 0 1 "Robbery"
0 154 95 215 172 440 0 0 1 "Robbery"
0 154 95 215 172 441 0 0 1 "Robbery"
0 153 95 214 172 442 0 0 1 "Robbery"
0 153 95 214 172 443 0 0 1 "Robbery"
0 152 95 213 172 444 0 0 1 "Robbery"
0 152 95 213 172 445 0 0 1 "Robbery"
0 152 95 213 172 446 0 0 0 "Robbery"
0 151 95 212 172 447 0 0 1 "Robbery"
0 151 95 212 172 448 0 0 1 "Robbery"
0 151 96 212 173 449 0 0 1 "Robbery"
0 150 96 211 173 450 0 0 1 "Robbery"
0 150 97 211 174 451 0 0 1 "Robbery"
0 150 97 211 174 452 0 0 1 "Robbery"
0 149 97 210 174 453 0 0 1 "Robbery"
0 149 98 210 175 454 0 0 1 "Robbery"
0 149 98 210 175 455 0 0 1 "Robbery"
0 149 99 210 176 456 0 0 0 "Robbery"
0 149 98 210 175 457 0 0 1 "Robbery"
0 149 98 210 175 458 0 0 1 "Robbery"
0 150 98 211 175 459 0 0 1 "Robbery"
0 150 98 211 175 460 0 0 1 "Robbery"
0 150 97 211 174 461 0 0 1 "Robbery"
0 151 97 212 174 462 0 0 1 "Robbery"
0 151 97 212 174 463 0 0 1 "Robbery"
0 151 97 212 174 464 0 0 1 "Robbery"
0 152 96 213 173 465 0 0 1 "Robbery"
0 152 96 213 173 466 0 0 1 "Robbery"
0 153 96 214 173 467 0 0 1 "Robbery"
0 153 96 214 173 468 0 0 1 "Robbery"
0 153 95 214 172 469 0 0 1 "Robbery"
0 154 95 215 172 470 0 0 1 "Robbery"
0 154 95 215 172 471 0 0 1 "Robbery"
0 154 95 215 172 472 0 0 1 "Robbery"
0 155 95 216 172 473 0 0 1 "Robbery"
0 155 94 216 171 474 0 0 1 "Robbery"
0 155 94 216 171 475 0 0 1 "Robbery"
0 156 94 217 171 476 0 0 1 "Robbery"
0 156 94 217 171 477 0 0 1 "Robbery"
0 157 93 218 170 478 0 0 1 "Robbery"
0 157 93 218 170 479 0 0 1 "Robbery"
0 157 93 218 170 480 0 0 1 "Robbery"
0 158 93 219 170 481 0 0 1 "Robbery"
0 158 92 219 169 482 0 0 1 "Robbery"
0 158 92 219 169 483 0 0 1 "Robbery"
0 159 92 220 169 484 0 0 1 "Robbery"
0 159 92 220 169 485 0 0 1 "Robbery"
0 160 92 221 169 486 0 0 0 "Robbery"
0 159 92 220 169 487 0 0 1 "Robbery"
0 159 92 220 169 488 0 0 1 "Robbery"
0 158 92 219 169 489 0 0 1 "Robbery"
0 158 92 219 169 490 0 0 1 "Robbery"
0 157 92 218 169 491 0 0 1 "Robbery"
0 157 92 218 169 492 0 0 1 "Robbery"
0 156 92 217 169 493 0 0 1 "Robbery"
0 156 92 217 169 494 0 0 1 "Robbery"
0 155 92 216 169 495 0 0 1 "Robbery"
0 155 92 216 169 496 0 0 1 "Robbery"
0 154 92 215 169 497 0 0 1 "Robbery"
0 154 92 215 169 498 0 0 1 "Robbery"
0 153 92 214 169 499 0 0 1 "Robbery"
0 153 92 214 169 500 0 0 1 "Robbery"
0 152 93 213 170 501 0 0 1 "Robbery"
0 152 93 213 170 502 0 0 1 "Robbery"
0 151 93 212 170 503 0 0 1 "Robbery"
0 151 93 212 170 504 0 0 1 "Robbery"
0 150 93 211 170 505 0 0 1 "Robbery"
0 150 93 211 170 506 0 0 1 "Robbery"
0 149 93 210 170 507 0 0 1 "Robbery"
0 149 93 210 170 508 0 0 1 "Robbery"
0 148 93 209 170 509 0 0 1 "Robbery"
0 148 93 209 170 510 0 0 1 "Robbery"
0 147 93 208 170 511 0 0 1 "Robbery"
0 147 93 208 170 512 0 0 1 "Robbery"
0 146 93 207 170 513 0 0 1 "Robbery"
0 146 93 207 170 514 0 0 1 "Robbery"
0 145 93 206 170 515 0 0 1 "Robbery"
0 145 94 206 171 516 0 0 0 "Robbery"
0 144 94 205 171 517 0 0 1 "Robbery"
0 144 94 205 171 518 0 0 1 "Robbery"
0 143 94 204 171 519 0 0 1 "Robbery"
0 143 94 204 171 520 0 0 1 "Robbery"
0 143 94 204 171 521 0 0 1 "Robbery"
0 142 94 203 171 522 0 0 1 "Robbery"
0 142 94 203 171 523 0 0 1 "Robbery"
0 142 94 203 171 524 0 0 1 "Robbery"
0 141 94 202 171 525 0 0 1 "Robbery"
0 141 94 202 171 526 0 0 1 "Robbery"
0 140 94 201 171 527 0 0 1 "Robbery"
0 140 94 201 171 528 0 0 1 "Robbery"
0 140 94 201 171 529 0 0 1 "Robbery"
0 139 94 200 171 530 0 0 1 "Robbery"
0 139 95 200 172 531 0 0 1 "Robbery"
0 139 95 200 172 532 0 0 1 "Robbery"
0 138 95 199 172 533 0 0 1 "Robbery"
0 138 95 199 172 534 0 0 1 "Robbery"
0 138 95 199 172 535 0 0 1 "Robbery"
0 137 95 198 172 536 0 0 1 "Robbery"
0 137 95 198 172 537 0 0 1 "Robbery"
0 136 95 197 172 538 0 0 1 "Robbery"
0 136 95 197 172 539 0 0 1 "Robbery"
0 136 95 197 172 540 0 0 1 "Robbery"
0 135 95 196 172 541 0 0 1 "Robbery"
0 135 95 196 172 542 0 0 1 "Robbery"
0 135 95 196 172 543 0 0 1 "Robbery"
0 134 95 195 172 544 0 0 1 "Robbery"
0 134 95 195 172 545 0 0 1 "Robbery"
0 134 96 195 173 546 0 0 0 "Robbery"
0 132 96 193 173 547 0 0 1 "Robbery"
0 130 96 191 173 548 0 0 1 "Robbery"
0 128 97 189 174 549 0 0 1 "Robbery"
0 126 97 187 174 550 0 0 1 "Robbery"
0 124 98 185 175 551 0 0 1 "Robbery"
0 122 98 183 175 552 0 0 1 "Robbery"
0 120 98 181 175 553 0 0 1 "Robbery"
0 118 99 179 176 554 0 0 1 "Robbery"
0 116 99 177 176 555 0 0 1 "Robbery"
0 114 100 175 177 556 0 0 0 "Robbery"
0 113 100 174 177 557 0 0 1 "Robbery"
0 113 100 174 177 558 0 0 1 "Robbery"
0 113 100 174 177 559 0 0 1 "Robbery"
0 113 100 174 177 560 0 0 1 "Robbery"
0 113 100 174 177 561 0 0 1 "Robbery"
0 113 100 174 177 562 0 0 1 "Robbery"
0 112 100 173 177 563 0 0 1 "Robbery"
0 112 100 173 177 564 0 0 1 "Robbery"
0 112 100 173 177 565 0 0 1 "Robbery"
0 112 100 173 177 566 0 0 1 "Robbery"
0 112 100 173 177 567 0 0 1 "Robbery"
0 112 100 173 177 568 0 0 1 "Robbery"
0 111 100 172 177 569 0 0 1 "Robbery"
0 111 100 172 177 570 0 0 1 "Robbery"
0 111 100 172 177 571 0 0 1 "Robbery"
0 111 100 172 177 572 0 0 1 "Robbery"
0 111 100 172 177 573 0 0 1 "Robbery"
0 111 100 172 177 574 0 0 1 "Robbery"
0 111 100 172 177 575 0 0 1 "Robbery"
0 110 100 171 177 576 0 0 1 "Robbery"
0 110 100 171 177 577 0 0 1 "Robbery"
0 110 100 171 177 578 0 0 1 "Robbery"
0 110 100 171 177 579 0 0 1 "Robbery"
0 110 100 171 177 580 0 0 1 "Robbery"
0 110 100 171 177 581 0 0 1 "Robbery"
0 109 100 170 177 582 0 0 1 "Robbery"
0 109 100 170 177 583 0 0 1 "Robbery"
0 109 100 170 177 584 0 0 1 "Robbery"
0 109 100 170 177 585 0 0 1 "Robbery"
0 109 100 170 177 586 0 0 1 "Robbery"
0 109 100 170 177 587 0 0 1 "Robbery"
0 108 100 169 177 588 0 0 1 "Robbery"
0 108 100 169 177 589 0 0 1 "Robbery"
0 108 100 169 177 590 0 0 1 "Robbery"
0 108 100 169 177 591 0 0 1 "Robbery"
0 108 100 169 177 592 0 0 1 "Robbery"
0 108 100 169 177 593 0 0 1 "Robbery"
0 108 100 169 177 594 0 0 1 "Robbery"
0 107 100 168 177 595 0 0 1 "Robbery"
0 107 100 168 177 596 0 0 1 "Robbery"
0 107 100 168 177 597 0 0 1 "Robbery"
0 107 100 168 177 598 0 0 1 "Robbery"
0 107 100 168 177 599 0 0 1 "Robbery"
0 107 100 168 177 600 0 0 1 "Robbery"
0 106 100 167 177 601 0 0 1 "Robbery"
0 106 100 167 177 602 0 0 1 "Robbery"
0 106 100 167 177 603 0 0 1 "Robbery"
0 106 100 167 177 604 0 0 1 "Robbery"
0 106 100 167 177 605 0 0 1 "Robbery"
0 106 100 167 177 606 0 0 1 "Robbery"
0 105 100 166 177 607 0 0 1 "Robbery"
0 105 100 166 177 608 0 0 1 "Robbery"
0 105 100 166 177 609 0 0 1 "Robbery"
0 105 100 166 177 610 0 0 1 "Robbery"
0 105 100 166 177 611 0 0 1 "Robbery"
0 105 100 166 177 612 0 0 1 "Robbery"
0 105 100 166 177 613 0 0 1 "Robbery"
0 104 100 165 177 614 0 0 1 "Robbery"
0 104 100 165 177 615 0 0 1 "Robbery"
0 104 100 165 177 616 0 0 1 "Robbery"
0 104 100 165 177 617 0 0 1 "Robbery"
0 104 100 165 177 618 0 0 1 "Robbery"
0 104 100 165 177 619 0 0 1 "Robbery"
0 103 100 164 177 620 0 0 1 "Robbery"
0 103 100 164 177 621 0 0 1 "Robbery"
0 103 100 164 177 622 0 0 1 "Robbery"
0 103 100 164 177 623 0 0 1 "Robbery"
0 103 100 164 177 624 0 0 1 "Robbery"
0 103 100 164 177 625 0 0 1 "Robbery"
0 103 101 164 178 626 0 0 1 "Robbery"
0 102 101 163 178 627 0 0 1 "Robbery"
0 102 101 163 178 628 0 0 1 "Robbery"
0 102 101 163 178 629 0 0 1 "Robbery"
0 102 101 163 178 630 0 0 1 "Robbery"
0 102 101 163 178 631 0 0 1 "Robbery"
0 102 101 163 178 632 0 0 1 "Robbery"
0 101 101 162 178 633 0 0 1 "Robbery"
0 101 101 162 178 634 0 0 1 "Robbery"
0 101 101 162 178 635 0 0 1 "Robbery"
0 101 101 162 178 636 0 0 1 "Robbery"
0 101 101 162 178 637 0 0 1 "Robbery"
0 101 101 162 178 638 0 0 1 "Robbery"
0 100 101 161 178 639 0 0 1 "Robbery"
0 100 101 161 178 640 0 0 1 "Robbery"
0 100 101 161 178 641 0 0 1 "Robbery"
0 100 101 161 178 642 0 0 1 "Robbery"
0 100 101 161 178 643 0 0 1 "Robbery"
0 100 101 161 178 644 0 0 1 "Robbery"
0 100 101 161 178 645 0 0 1 "Robbery"
0 99 101 160 178 646 0 0 1 "Robbery"
0 99 101 160 178 647 0 0 1 "Robbery"
0 99 101 160 178 648 0 0 1 "Robbery"
0 99 101 160 178 649 0 0 1 "Robbery"
0 99 101 160 178 650 0 0 1 "Robbery"
0 99 101 160 178 651 0 0 1 "Robbery"
0 98 101 159 178 652 0 0 1 "Robbery"
0 98 101 159 178 653 0 0 1 "Robbery"
0 98 101 159 178 654 0 0 1 "Robbery"
0 98 101 159 178 655 0 0 1 "Robbery"
0 98 101 159 178 656 0 0 1 "Robbery"
0 98 101 159 178 657 0 0 1 "Robbery"
0 97 101 158 178 658 0 0 1 "Robbery"
0 97 101 158 178 659 0 0 1 "Robbery"
0 97 101 158 178 660 0 0 1 "Robbery"
0 97 101 158 178 661 0 0 1 "Robbery"
0 97 101 158 178 662 0 0 1 "Robbery"
0 97 101 158 178 663 0 0 1 "Robbery"
0 97 101 158 178 664 0 0 1 "Robbery"
0 96 101 157 178 665 0 0 1 "Robbery"
0 96 101 157 178 666 0 0 1 "Robbery"
0 96 101 157 178 667 0 0 1 "Robbery"
0 96 101 157 178 668 0 0 1 "Robbery"
0 96 101 157 178 669 0 0 1 "Robbery"
0 96 101 157 178 670 0 0 1 "Robbery"
0 95 101 156 178 671 0 0 1 "Robbery"
0 95 101 156 178 672 0 0 1 "Robbery"
0 95 101 156 178 673 0 0 1 "Robbery"
0 95 101 156 178 674 0 0 1 "Robbery"
0 95 101 156 178 675 0 0 1 "Robbery"
0 95 101 156 178 676 0 0 1 "Robbery"
0 94 101 155 178 677 0 0 1 "Robbery"
0 94 101 155 178 678 0 0 1 "Robbery"
0 94 101 155 178 679 0 0 1 "Robbery"
0 94 101 155 178 680 0 0 1 "Robbery"
0 94 101 155 178 681 0 0 1 "Robbery"
0 94 101 155 178 682 0 0 1 "Robbery"
0 94 101 155 178 683 0 0 1 "Robbery"
0 93 101 154 178 684 0 0 1 "Robbery"
0 93 101 154 178 685 0 0 1 "Robbery"
0 93 101 154 178 686 0 0 1 "Robbery"
0 93 101 154 178 687 0 0 1 "Robbery"
0 93 101 154 178 688 0 0 1 "Robbery"
0 93 101 154 178 689 0 0 1 "Robbery"
0 92 101 153 178 690 0 0 1 "Robbery"
0 92 101 153 178 691 0 0 1 "Robbery"
0 92 101 153 178 692 0 0 1 "Robbery"
0 92 101 153 178 693 0 0 1 "Robbery"
0 92 101 153 178 694 0 0 1 "Robbery"
0 92 101 153 178 695 0 0 1 "Robbery"
0 92 102 153 179 696 0 0 0 "Robbery"
0 92 101 153 178 697 0 0 1 "Robbery"
0 93 101 154 178 698 0 0 1 "Robbery"
0 93 101 154 178 699 0 0 1 "Robbery"
0 94 101 155 178 700 0 0 1 "Robbery"
0 94 101 155 178 701 0 0 1 "Robbery"
0 95 101 156 178 702 0 0 1 "Robbery"
0 95 101 156 178 703 0 0 1 "Robbery"
0 96 101 157 178 704 0 0 1 "Robbery"
0 96 101 157 178 705 0 0 1 "Robbery"
0 97 101 158 178 706 0 0 1 "Robbery"
0 97 100 158 177 707 0 0 1 "Robbery"
0 98 100 159 177 708 0 0 1 "Robbery"
0 98 100 159 177 709 0 0 1 "Robbery"
0 99 100 160 177 710 0 0 1 "Robbery"
0 99 100 160 177 711 0 0 1 "Robbery"
0 100 100 161 177 712 0 0 1 "Robbery"
0 100 100 161 177 713 0 0 1 "Robbery"
0 101 100 162 177 714 0 0 1 "Robbery"
0 101 100 162 177 715 0 0 1 "Robbery"
0 102 100 163 177 716 0 0 1 "Robbery"
0 102 99 163 176 717 0 0 1 "Robbery"
0 103 99 164 176 718 0 0 1 "Robbery"
0 103 99 164 176 719 0 0 1 "Robbery"
0 104 99 165 176 720 0 0 1 "Robbery"
0 104 99 165 176 721 0 0 1 "Robbery"
0 105 99 166 176 722 0 0 1 "Robbery"
0 105 99 166 176 723 0 0 1 "Robbery"
0 106 99 167 176 724 0 0 1 "Robbery"
0 106 99 167 176 725 0 0 1 "Robbery"
0 107 99 168 176 726 0 0 0 "Robbery"
0 108 98 169 175 727 0 0 1 "Robbery"
0 110 98 171 175 728 0 0 1 "Robbery"
0 112 97 173 174 729 0 0 1 "Robbery"
0 113 97 174 174 730 0 0 1 "Robbery"
0 115 96 176 173 731 0 0 1 "Robbery"
0 117 96 178 173 732 0 0 1 "Robbery"
0 118 95 179 172 733 0 0 1 "Robbery"
0 120 95 181 172 734 0 0 1 "Robbery"
0 122 94 183 171 735 0 0 1 "Robbery"
0 124 94 185 171 736 0 0 0 "Robbery"
0 124 93 185 170 737 0 0 1 "Robbery"
0 125 92 186 169 738 0 0 1 "Robbery"
0 126 92 187 169 739 0 0 1 "Robbery"
0 127 91 188 168 740 0 0 1 "Robbery"
0 128 91 189 168 741 0 0 1 "Robbery"
0 129 90 190 167 742 0 0 1 "Robbery"
0 130 89 191 166 743 0 0 1 "Robbery"
0 131 89 192 166 744 0 0 1 "Robbery"
0 132 88 193 165 745 0 0 1 "Robbery"
0 133 88 194 165 746 0 0 0 "Robbery"
0 133 88 194 165 747 0 0 1 "Robbery"
0 134 88 195 165 748 0 0 1 "Robbery"
0 135 88 196 165 749 0 0 1 "Robbery"
0 135 88 196 165 750 0 0 1 "Robbery"
0 136 88 197 165 751 0 0 1 "Robbery"
0 137 88 198 165 752 0 0 1 "Robbery"
0 137 88 198 165 753 0 0 1 "Robbery"
0 138 88 199 165 754 0 0 1 "Robbery"
0 139 88 200 165 755 0 0 1 "Robbery"
0 140 89 201 166 756 0 0 0 "Robbery"
0 141 88 202 165 757 0 0 1 "Robbery"
0 143 87 204 164 758 0 0 1 "Robbery"
0 145 87 206 164 759 0 0 1 "Robbery"
0 147 86 208 163 760 0 0 1 "Robbery"
0 149 86 210 163 761 0 0 1 "Robbery"
0 151 85 212 162 762 0 0 1 "Robbery"
0 153 84 214 161 763 0 0 1 "Robbery"
0 155 84 216 161 764 0 0 1 "Robbery"
0 157 83 218 160 765 0 0 1 "Robbery"
0 159 83 220 160 766 0 0 0 "Robbery"
0 159 83 220 160 767 0 0 1 "Robbery"
0 160 83 221 160 768 0 0 1 "Robbery"
0 161 83 222 160 769 0 0 1 "Robbery"
0 162 83 223 160 770 0 0 1 "Robbery"
0 163 83 224 160 771 0 0 1 "Robbery"
0 164 83 225 160 772 0 0 1 "Robbery"
0 165 83 226 160 773 0 0 1 "Robbery"
0 166 83 227 160 774 0 0 1 "Robbery"
0 167 83 228 160 775 0 0 1 "Robbery"
0 168 83 229 160 776 0 0 0 "Robbery"
0 167 83 228 160 777 0 0 1 "Robbery"
0 167 83 228 160 778 0 0 1 "Robbery"
0 167 83 228 160 779 0 0 1 "Robbery"
0 167 83 228 160 780 0 0 1 "Robbery"
0 167 83 228 160 781 0 0 1 "Robbery"
0 167 83 228 160 782 0 0 1 "Robbery"
0 167 83 228 160 783 0 0 1 "Robbery"
0 167 83 228 160 784 0 0 1 "Robbery"
0 167 83 228 160 785 0 0 1 "Robbery"
0 167 83 228 160 786 0 0 1 "Robbery"
0 167 83 228 160 787 0 0 1 "Robbery"
0 167 83 228 160 788 0 0 1 "Robbery"
0 167 83 228 160 789 0 0 1 "Robbery"
0 167 83 228 160 790 0 0 1 "Robbery"
0 167 83 228 160 791 0 0 1 "Robbery"
0 167 83 228 160 792 0 0 1 "Robbery"
0 167 83 228 160 793 0 0 1 "Robbery"
0 167 83 228 160 794 0 0 1 "Robbery"
0 167 83 228 160 795 0 0 1 "Robbery"
0 167 83 228 160 796 0 0 1 "Robbery"
0 166 83 227 160 797 0 0 1 "Robbery"
0 166 83 227 160 798 0 0 1 "Robbery"
0 166 83 227 160 799 0 0 1 "Robbery"
0 166 83 227 160 800 0 0 1 "Robbery"
0 166 83 227 160 801 0 0 1 "Robbery"
0 166 83 227 160 802 0 0 1 "Robbery"
0 166 83 227 160 803 0 0 1 "Robbery"
0 166 83 227 160 804 0 0 1 "Robbery"
0 166 83 227 160 805 0 0 1 "Robbery"
0 166 83 227 160 806 0 0 1 "Robbery"
0 166 83 227 160 807 0 0 1 "Robbery"
0 166 83 227 160 808 0 0 1 "Robbery"
0 166 83 227 160 809 0 0 1 "Robbery"
0 166 83 227 160 810 0 0 1 "Robbery"
0 166 83 227 160 811 0 0 1 "Robbery"
0 166 83 227 160 812 0 0 1 "Robbery"
0 166 83 227 160 813 0 0 1 "Robbery"
0 166 83 227 160 814 0 0 1 "Robbery"
0 166 83 227 160 815 0 0 1 "Robbery"
0 166 83 227 160 816 0 0 1 "Robbery"
0 165 83 226 160 817 0 0 1 "Robbery"
0 165 83 226 160 818 0 0 1 "Robbery"
0 165 83 226 160 819 0 0 1 "Robbery"
0 165 83 226 160 820 0 0 1 "Robbery"
0 165 83 226 160 821 0 0 1 "Robbery"
0 165 83 226 160 822 0 0 1 "Robbery"
0 165 83 226 160 823 0 0 1 "Robbery"
0 165 83 226 160 824 0 0 1 "Robbery"
0 165 83 226 160 825 0 0 1 "Robbery"
0 165 83 226 160 826 0 0 1 "Robbery"
0 165 83 226 160 827 0 0 1 "Robbery"
0 165 83 226 160 828 0 0 1 "Robbery"
0 165 83 226 160 829 0 0 1 "Robbery"
0 165 83 226 160 830 0 0 1 "Robbery"
0 165 83 226 160 831 0 0 1 "Robbery"
0 165 83 226 160 832 0 0 1 "Robbery"
0 165 83 226 160 833 0 0 1 "Robbery"
0 165 83 226 160 834 0 0 1 "Robbery"
0 165 83 226 160 835 0 0 1 "Robbery"
0 165 83 226 160 836 0 0 0 "Robbery"
0 163 83 224 160 837 0 0 1 "Robbery"
0 161 83 222 160 838 0 0 1 "Robbery"
0 159 83 220 160 839 0 0 1 "Robbery"
0 158 83 219 160 840 0 0 1 "Robbery"
0 156 83 217 160 841 0 0 1 "Robbery"
0 154 83 215 160 842 0 0 1 "Robbery"
0 153 83 214 160 843 0 0 1 "Robbery"
0 151 83 212 160 844 0 0 1 "Robbery"
0 149 83 210 160 845 0 0 1 "Robbery"
0 148 83 209 160 846 0 0 0 "Robbery"
0 147 82 208 159 847 0 0 1 "Robbery"
0 147 82 208 159 848 0 0 1 "Robbery"
0 146 82 207 159 849 0 0 1 "Robbery"
0 146 82 207 159 850 0 0 1 "Robbery"
0 145 82 206 159 851 0 0 1 "Robbery"
0 145 82 206 159 852 0 0 1 "Robbery"
0 144 82 205 159 853 0 0 1 "Robbery"
0 144 82 205 159 854 0 0 1 "Robbery"
0 143 82 204 159 855 0 0 1 "Robbery"
0 143 82 204 159 856 0 0 0 "Robbery"
0 142 81 203 158 857 0 0 1 "Robbery"
0 141 80 202 157 858 0 0 1 "Robbery"
0 141 79 202 156 859 0 0 1 "Robbery"
0 140 78 201 155 860 0 0 1 "Robbery"
0 140 78 201 155 861 0 0 1 "Robbery"
0 139 77 200 154 862 0 0 1 "Robbery"
0 138 76 199 153 863 0 0 1 "Robbery"
0 138 75 199 152 864 0 0 1 "Robbery"
0 137 74 198 151 865 0 0 1 "Robbery"
0 137 74 198 151 866 0 0 0 "Robbery"
0 137 75 197 150 867 0 0 1 "Robbery"
0 138 76 197 150 868 0 0 1 "Robbery"
0 139 77 197 150 869 0 0 1 "Robbery"
0 139 78 197 150 870 0 0 1 "Robbery"
0 140 80 197 150 871 0 0 1 "Robbery"
0 141 81 197 150 872 0 0 1 "Robbery"
0 141 82 197 150 873 0 0 1 "Robbery"
0 142 83 197 150 874 0 0 1 "Robbery"
0 143 84 197 150 875 0 0 1 "Robbery"
0 144 86 197 150 876 0 0 0 "Robbery"
0 145 85 198 149 877 0 0 1 "Robbery"
0 146 85 199 149 878 0 0 1 "Robbery"
0 147 85 200 149 879 0 0 1 "Robbery"
0 148 84 201 148 880 0 0 1 "Robbery"
0 149 84 202 148 881 0 0 1 "Robbery"
0 150 84 203 148 882 0 0 1 "Robbery"
0 151 83 204 147 883 0 0 1 "Robbery"
0 152 83 205 147 884 0 0 1 "Robbery"
0 153 83 206 147 885 0 0 1 "Robbery"
0 154 83 207 147 886 0 0 0 "Robbery"
0 156 81 209 145 887 0 0 1 "Robbery"
0 158 80 211 144 888 0 0 1 "Robbery"
0 160 79 213 143 889 0 0 1 "Robbery"
0 163 77 216 141 890 0 0 1 "Robbery"
0 165 76 218 140 891 0 0 1 "Robbery"
0 167 75 220 139 892 0 0 1 "Robbery"
0 170 73 223 137 893 0 0 1 "Robbery"
0 172 72 225 136 894 0 0 1 "Robbery"
0 174 71 227 135 895 0 0 1 "Robbery"
0 177 70 230 134 896 0 0 0 "Robbery"
0 177 69 230 133 897 0 0 1 "Robbery"
0 177 69 230 133 898 0 0 1 "Robbery"
0 178 69 231 133 899 0 0 1 "Robbery"
0 178 69 231 133 900 0 0 1 "Robbery"
0 178 69 231 133 901 0 0 1 "Robbery"
0 179 68 232 132 902 0 0 1 "Robbery"
0 179 68 232 132 903 0 0 1 "Robbery"
0 179 68 232 132 904 0 0 1 "Robbery"
0 180 68 233 132 905 0 0 1 "Robbery"
0 180 68 233 132 906 0 0 1 "Robbery"
0 180 67 233 131 907 0 0 1 "Robbery"
0 181 67 234 131 908 0 0 1 "Robbery"
0 181 67 234 131 909 0 0 1 "Robbery"
0 181 67 234 131 910 0 0 1 "Robbery"
0 182 67 235 131 911 0 0 1 "Robbery"
0 182 66 235 130 912 0 0 1 "Robbery"
0 182 66 235 130 913 0 0 1 "Robbery"
0 183 66 236 130 914 0 0 1 "Robbery"
0 183 66 236 130 915 0 0 1 "Robbery"
0 184 66 237 130 916 1 0 0 "Robbery"
0 186 65 239 129 917 1 0 1 "Robbery"
0 188 64 241 128 918 1 0 1 "Robbery"
0 190 63 243 127 919 1 0 1 "Robbery"
0 192 62 245 126 920 1 0 1 "Robbery"
0 195 62 248 126 921 1 0 1 "Robbery"
0 197 61 250 125 922 1 0 1 "Robbery"
0 199 60 252 124 923 1 0 1 "Robbery"
0 201 59 254 123 924 1 0 1 "Robbery"
0 203 58 256 122 925 1 0 1 "Robbery"
0 206 58 259 122 926 1 0 0 "Robbery"
0 206 58 259 122 927 1 0 1 "Robbery"
0 206 58 259 122 928 1 0 1 "Robbery"
0 206 58 259 122 929 1 0 1 "Robbery"
0 206 58 259 122 930 1 0 1 "Robbery"
0 206 58 259 122 931 1 0 1 "Robbery"
0 206 58 259 122 932 1 0 1 "Robbery"
0 206 58 259 122 933 1 0 1 "Robbery"
0 206 58 259 122 934 1 0 1 "Robbery"
0 206 58 259 122 935 1 0 1 "Robbery"
0 206 58 259 122 936 1 0 1 "Robbery"
0 206 58 259 122 937 1 0 1 "Robbery"
0 206 58 259 122 938 1 0 1 "Robbery"
0 206 58 259 122 939 1 0 1 "Robbery"
0 206 58 259 122 940 1 0 1 "Robbery"
0 206 58 259 122 941 1 0 1 "Robbery"
0 206 58 259 122 942 1 0 1 "Robbery"
0 206 58 259 122 943 1 0 1 "Robbery"
0 206 58 259 122 944 1 0 1 "Robbery"
0 206 58 259 122 945 1 0 1 "Robbery"
0 206 58 259 122 946 1 0 1 "Robbery"
0 206 58 259 122 947 1 0 1 "Robbery"
0 206 58 259 122 948 1 0 1 "Robbery"
0 206 58 259 122 949 1 0 1 "Robbery"
0 206 58 259 122 950 1 0 1 "Robbery"
0 206 58 259 122 951 1 0 1 "Robbery"
0 206 58 259 122 952 1 0 1 "Robbery"
0 206 58 259 122 953 1 0 1 "Robbery"
0 206 58 259 122 954 1 0 1 "Robbery"
0 206 58 259 122 955 1 0 1 "Robbery"
0 206 58 259 122 956 1 0 1 "Robbery"
0 206 58 259 122 957 1 0 1 "Robbery"
0 206 58 259 122 958 1 0 1 "Robbery"
0 206 58 259 122 959 1 0 1 "Robbery"
0 206 58 259 122 960 1 0 1 "Robbery"
0 206 58 259 122 961 1 0 1 "Robbery"
0 206 58 259 122 962 1 0 1 "Robbery"
0 206 58 259 122 963 1 0 1 "Robbery"
0 206 58 259 122 964 1 0 1 "Robbery"
0 206 58 259 122 965 1 0 1 "Robbery"
0 206 58 259 122 966 1 0 1 "Robbery"
0 206 58 259 122 967 1 0 1 "Robbery"
0 206 58 259 122 968 1 0 1 "Robbery"
0 206 58 259 122 969 1 0 1 "Robbery"
0 206 58 259 122 970 1 0 1 "Robbery"
0 206 58 259 122 971 1 0 1 "Robbery"
0 206 58 259 122 972 1 0 1 "Robbery"
0 206 58 259 122 973 1 0 1 "Robbery"
0 206 58 259 122 974 1 0 1 "Robbery"
0 206 58 259 122 975 1 0 1 "Robbery"
0 206 58 259 122 976 1 0 1 "Robbery"
0 206 58 259 122 977 1 0 1 "Robbery"
0 206 58 259 122 978 1 0 1 "Robbery"
0 206 58 259 122 979 1 0 1 "Robbery"
0 206 58 259 122 980 1 0 1 "Robbery"
0 206 58 259 122 981 1 0 1 "Robbery"
0 206 58 259 122 982 1 0 1 "Robbery"
0 206 58 259 122 983 1 0 1 "Robbery"
0 206 58 259 122 984 1 0 1 "Robbery"
0 206 58 259 122 985 1 0 1 "Robbery"
0 206 58 259 122 986 1 0 1 "Robbery"
0 206 58 259 122 987 1 0 1 "Robbery"
0 206 58 259 122 988 1 0 1 "Robbery"
0 206 58 259 122 989 1 0 1 "Robbery"
0 206 58 259 122 990 1 0 1 "Robbery"
0 206 58 259 122 991 1 0 1 "Robbery"
0 206 58 259 122 992 1 0 1 "Robbery"
0 206 58 259 122 993 1 0 1 "Robbery"
0 206 58 259 122 994 1 0 1 "Robbery"
0 206 58 259 122 995 1 0 1 "Robbery"
0 206 58 259 122 996 1 0 1 "Robbery"
0 206 58 259 122 997 1 0 1 "Robbery"
0 206 58 259 122 998 1 0 1 "Robbery"
0 206 58 259 122 999 1 0 1 "Robbery"
0 206 58 259 122 1000 1 0 1 "Robbery"
0 206 58 259 122 1001 1 0 1 "Robbery"
0 206 58 259 122 1002 1 0 1 "Robbery"
0 206 58 259 122 1003 1 0 1 "Robbery"
0 206 58 259 122 1004 1 0 1 "Robbery"
0 206 58 259 122 1005 1 0 1 "Robbery"
0 206 58 259 122 1006 1 0 1 "Robbery"
0 206 58 259 122 1007 1 0 1 "Robbery"
0 206 58 259 122 1008 1 0 1 "Robbery"
0 206 58 259 122 1009 1 0 1 "Robbery"
0 206 58 259 122 1010 1 0 1 "Robbery"
0 206 58 259 122 1011 1 0 1 "Robbery"
0 206 58 259 122 1012 1 0 1 "Robbery"
0 206 58 259 122 1013 1 0 1 "Robbery"
0 206 58 259 122 1014 1 0 1 "Robbery"
0 206 58 259 122 1015 1 0 1 "Robbery"
0 206 58 259 122 1016 1 0 1 "Robbery"
0 206 58 259 122 1017 1 0 1 "Robbery"
0 206 58 259 122 1018 1 0 1 "Robbery"
0 206 58 259 122 1019 1 0 1 "Robbery"
0 206 58 259 122 1020 1 0 1 "Robbery"
0 206 58 259 122 1021 1 0 1 "Robbery"
0 206 58 259 122 1022 1 0 1 "Robbery"
0 206 58 259 122 1023 1 0 1 "Robbery"
0 206 58 259 122 1024 1 0 1 "Robbery"
0 206 58 259 122 1025 1 0 1 "Robbery"
0 206 58 259 122 1026 1 0 1 "Robbery"
0 206 58 259 122 1027 1 0 1 "Robbery"
0 206 58 259 122 1028 1 0 0 "Robbery"
