0 21 10 96 122 0 1 0 0 "Robbery"
0 21 10 96 122 1 1 0 1 "Robbery"
0 21 10 96 122 2 1 0 1 "Robbery"
0 21 10 96 122 3 1 0 1 "Robbery"
0 21 10 96 122 4 1 0 1 "Robbery"
0 21 10 96 122 5 1 0 1 "Robbery"
0 21 10 96 122 6 1 0 1 "Robbery"
0 21 10 96 122 7 1 0 1 "Robbery"
0 21 10 96 122 8 1 0 1 "Robbery"
0 21 10 96 122 9 1 0 1 "Robbery"
0 21 10 96 122 10 1 0 1 "Robbery"
0 21 10 96 122 11 1 0 1 "Robbery"
0 21 10 96 122 12 1 0 1 "Robbery"
0 21 10 96 122 13 1 0 1 "Robbery"
0 21 10 96 122 14 1 0 1 "Robbery"
0 21 10 96 122 15 1 0 1 "Robbery"
0 21 10 96 122 16 1 0 1 "Robbery"
0 21 10 96 122 17 1 0 1 "Robbery"
0 21 10 96 122 18 1 0 1 "Robbery"
0 21 10 96 122 19 1 0 1 "Robbery"
0 21 10 96 122 20 1 0 1 "Robbery"
0 21 10 96 122 21 1 0 1 "Robbery"
0 21 10 96 122 22 1 0 1 "Robbery"
0 21 10 96 122 23 1 0 1 "Robbery"
0 21 10 96 122 24 1 0 1 "Robbery"
0 21 10 96 122 25 1 0 1 "Robbery"
0 21 10 96 122 26 1 0 1 "Robbery"
0 21 10 96 122 27 1 0 1 "Robbery"
0 21 10 96 122 28 1 0 1 "Robbery"
0 21 10 96 122 29 1 0 1 "Robbery"
0 21 10 96 122 30 1 0 1 "Robbery"
0 21 10 96 122 31 1 0 1 "Robbery"
0 21 10 96 122 32 1 0 1 "Robbery"
0 21 10 96 122 33 1 0 1 "Robbery"
0 21 10 96 122 34 1 0 1 "Robbery"
0 21 10 96 122 35 1 0 1 "Robbery"
0 21 10 96 122 36 1 0 1 "Robbery"
0 21 10 96 122 37 1 0 1 "Robbery"
0 21 10 96 122 38 1 0 1 "Robbery"
0 21 10 96 122 39 1 0 1 "Robbery"
0 21 10 96 122 40 1 0 1 "Robbery"
0 21 10 96 122 41 1 0 1 "Robbery"
0 21 10 96 122 42 1 0 1 "Robbery"
0 21 10 96 122 43 1 0 1 "Robbery"
0 21 10 96 122 44 1 0 1 "Robbery"
0 21 10 96 122 45 1 0 1 "Robbery"
0 21 10 96 122 46 1 0 1 "Robbery"
0 21 10 96 122 47 1 0 1 "Robbery"
0 21 10 96 122 48 0 0 0 "Robbery"
0 21 10 97 121 49 0 0 1 "Robbery"
0 21 10 98 121 50 0 0 1 "Robbery"
0 21 10 99 121 51 0 0 1 "Robbery"
0 21 10 100 121 52 0 0 1 "Robbery"
0 21 10 101 121 53 0 0 1 "Robbery"
0 21 10 102 121 54 0 0 1 "Robbery"
0 21 10 103 121 55 0 0 1 "Robbery"
0 21 10 104 121 56 0 0 1 "Robbery"
0 21 10 105 121 57 0 0 1 "Robbery"
0 21 10 106 121 58 0 0 0 "Robbery"
0 21 10 107 120 59 0 0 1 "Robbery"
0 21 10 108 120 60 0 0 1 "Robbery"
0 21 10 109 120 61 0 0 1 "Robbery"
0 21 10 110 120 62 0 0 1 "Robbery"
0 21 10 111 120 63 0 0 1 "Robbery"
0 21 10 112 120 64 0 0 1 "Robbery"
0 21 10 113 120 65 0 0 1 "Robbery"
0 21 10 114 120 66 0 0 1 "Robbery"
0 21 10 116 120 67 0 0 0 "Robbery"
0 21 10 120 119 68 0 0 1 "Robbery"
0 21 10 124 119 69 0 0 1 "Robbery"
0 21 10 128 119 70 0 0 1 "Robbery"
0 21 10 133 119 71 0 0 0 "Robbery"
0 21 10 133 118 72 0 0 1 "Robbery"
0 21 10 134 118 73 0 0 1 "Robbery"
0 21 10 134 118 74 0 0 1 "Robbery"
0 21 10 135 118 75 0 0 1 "Robbery"
0 21 10 136 118 76 0 0 1 "Robbery"
0 21 10 136 118 77 0 0 1 "Robbery"
0 21 10 137 118 78 0 0 1 "Robbery"
0 21 10 138 118 79 0 0 1 "Robbery"
0 21 10 138 118 80 0 0 1 "Robbery"
0 21 10 139 118 81 0 0 1 "Robbery"
0 21 10 140 118 82 0 0 0 "Robbery"
0 22 10 140 117 83 0 0 1 "Robbery"
0 24 10 140 117 84 0 0 1 "Robbery"
0 26 10 141 117 85 0 0 1 "Robbery"
0 28 10 141 117 86 0 0 1 "Robbery"
0 30 10 142 117 87 0 0 1 "Robbery"
0 31 10 142 116 88 0 0 1 "Robbery"
0 33 10 143 116 89 0 0 1 "Robbery"
0 35 10 143 116 90 0 0 1 "Robbery"
0 37 10 144 116 91 0 0 1 "Robbery"
0 39 10 144 116 92 0 0 1 "Robbery"
0 41 10 145 116 93 0 0 0 "Robbery"
0 41 9 145 115 94 0 0 1 "Robbery"
0 41 9 145 115 95 0 0 1 "Robbery"
0 41 9 145 115 96 0 0 1 "Robbery"
0 41 9 145 115 97 0 0 1 "Robbery"
0 41 8 145 114 98 0 0 1 "Robbery"
0 41 8 145 114 99 0 0 1 "Robbery"
0 41 8 145 114 100 0 0 1 "Robbery"
0 41 8 145 114 101 0 0 1 "Robbery"
0 41 7 145 113 102 0 0 1 "Robbery"
0 41 7 145 113 103 0 0 1 "Robbery"
0 41 7 145 113 104 0 0 1 "Robbery"
0 41 7 145 113 105 0 0 1 "Robbery"
0 41 6 145 112 106 0 0 1 "Robbery"
0 41 6 145 112 107 0 0 1 "Robbery"
0 41 6 145 112 108 0 0 1 "Robbery"
0 41 6 145 112 109 0 0 1 "Robbery"
0 41 5 145 111 110 0 0 1 "Robbery"
0 41 5 145 111 111 0 0 1 "Robbery"
0 41 5 145 111 112 0 0 1 "Robbery"
0 41 5 145 111 113 0 0 0 "Robbery"
0 40 5 144 111 114 0 0 1 "Robbery"
0 40 5 144 111 115 0 0 1 "Robbery"
0 40 5 144 111 116 0 0 1 "Robbery"
0 40 5 144 111 117 0 0 1 "Robbery"
0 40 5 144 111 118 0 0 1 "Robbery"
0 39 5 143 111 119 0 0 1 "Robbery"
0 39 5 143 111 120 0 0 1 "Robbery"
0 39 5 143 111 121 0 0 1 "Robbery"
0 39 5 143 111 122 0 0 1 "Robbery"
0 39 5 143 111 123 0 0 1 "Robbery"
0 38 5 142 111 124 0 0 1 "Robbery"
0 38 5 142 111 125 0 0 1 "Robbery"
0 38 5 142 111 126 0 0 1 "Robbery"
0 38 5 142 111 127 0 0 1 "Robbery"
0 38 5 142 111 128 0 0 1 "Robbery"
0 37 5 141 111 129 0 0 1 "Robbery"
0 37 5 141 111 130 0 0 1 "Robbery"
0 37 5 141 111 131 0 0 1 "Robbery"
0 37 5 141 111 132 0 0 1 "Robbery"
0 37 5 141 111 133 0 0 1 "Robbery"
0 36 5 140 111 134 0 0 1 "Robbery"
0 36 5 140 111 135 0 0 1 "Robbery"
0 36 5 140 111 136 0 0 1 "Robbery"
0 36 5 140 111 137 0 0 1 "Robbery"
0 36 5 140 111 138 0 0 1 "Robbery"
0 35 5 139 111 139 0 0 1 "Robbery"
0 35 5 139 111 140 0 0 1 "Robbery"
0 35 5 139 111 141 0 0 1 "Robbery"
0 35 5 139 111 142 0 0 1 "Robbery"
0 35 5 139 111 143 0 0 0 "Robbery"
0 34 4 139 111 144 0 0 1 "Robbery"
0 34 4 140 111 145 0 0 1 "Robbery"
0 34 4 141 111 146 0 0 1 "Robbery"
0 34 4 142 111 147 0 0 1 "Robbery"
0 34 4 143 111 148 0 0 1 "Robbery"
0 34 4 144 111 149 0 0 1 "Robbery"
0 33 4 145 111 150 0 0 1 "Robbery"
0 33 4 146 111 151 0 0 1 "Robbery"
0 33 4 147 111 152 0 0 1 "Robbery"
0 33 4 148 111 153 0 0 1 "Robbery"
0 33 4 149 111 154 0 0 1 "Robbery"
0 33 4 150 111 155 0 0 1 "Robbery"
0 32 4 151 111 156 0 0 1 "Robbery"
0 32 4 152 111 157 0 0 1 "Robbery"
0 32 4 153 111 158 0 0 1 "Robbery"
0 32 4 154 111 159 0 0 1 "Robbery"
0 32 4 155 111 160 0 0 1 "Robbery"
0 32 4 156 111 161 0 0 1 "Robbery"
0 31 4 157 111 162 0 0 1 "Robbery"
0 31 4 158 111 163 0 0 1 "Robbery"
0 31 4 159 111 164 0 0 1 "Robbery"
0 31 4 160 111 165 0 0 1 "Robbery"
0 31 4 161 111 166 0 0 1 "Robbery"
0 31 4 162 111 167 0 0 1 "Robbery"
0 30 4 163 111 168 0 0 1 "Robbery"
0 30 4 164 111 169 0 0 1 "Robbery"
0 30 4 165 111 170 0 0 1 "Robbery"
0 30 4 166 111 171 0 0 1 "Robbery"
0 30 4 167 111 172 0 0 1 "Robbery"
0 30 4 168 111 173 0 0 1 "Robbery"
0 29 3 169 111 174 0 0 1 "Robbery"
0 29 3 170 111 175 0 0 1 "Robbery"
0 29 3 171 111 176 0 0 1 "Robbery"
0 29 3 172 111 177 0 0 1 "Robbery"
0 29 3 173 111 178 0 0 1 "Robbery"
0 29 3 174 111 179 0 0 1 "Robbery"
0 28 3 175 111 180 0 0 1 "Robbery"
0 28 3 176 111 181 0 0 1 "Robbery"
0 28 3 177 111 182 0 0 1 "Robbery"
0 28 3 178 111 183 0 0 1 "Robbery"
0 28 3 179 111 184 0 0 1 "Robbery"
0 28 3 180 111 185 0 0 1 "Robbery"
0 27 3 181 111 186 0 0 1 "Robbery"
0 27 3 182 111 187 0 0 1 "Robbery"
0 27 3 183 111 188 0 0 1 "Robbery"
0 27 3 184 111 189 0 0 1 "Robbery"
0 27 3 185 111 190 0 0 1 "Robbery"
0 27 3 186 111 191 0 0 1 "Robbery"
0 26 3 187 111 192 0 0 1 "Robbery"
0 26 3 188 111 193 0 0 1 "Robbery"
0 26 3 189 111 194 0 0 1 "Robbery"
0 26 3 190 111 195 0 0 1 "Robbery"
0 26 3 191 111 196 0 0 1 "Robbery"
0 26 3 192 111 197 0 0 1 "Robbery"
0 25 3 193 111 198 0 0 1 "Robbery"
0 25 3 194 111 199 0 0 1 "Robbery"
0 25 3 195 111 200 0 0 1 "Robbery"
0 25 3 196 111 201 0 0 1 "Robbery"
0 25 3 197 111 202 0 0 1 "Robbery"
0 25 3 198 111 203 0 0 0 "Robbery"
0 25 3 195 110 204 0 0 1 "Robbery"
0 25 3 193 109 205 0 0 1 "Robbery"
0 25 3 191 109 206 0 0 1 "Robbery"
0 25 3 188 108 207 0 0 1 "Robbery"
0 25 3 186 108 208 0 0 1 "Robbery"
0 25 3 184 107 209 0 0 1 "Robbery"
0 25 3 181 106 210 0 0 1 "Robbery"
0 25 3 179 106 211 0 0 1 "Robbery"
0 25 3 177 105 212 0 0 1 "Robbery"
0 25 3 175 105 213 0 0 1 "Robbery"
0 25 3 172 104 214 0 0 1 "Robbery"
0 25 3 170 103 215 0 0 1 "Robbery"
0 25 3 168 103 216 0 0 1 "Robbery"
0 25 3 165 102 217 0 0 1 "Robbery"
0 25 3 163 102 218 0 0 1 "Robbery"
0 25 3 161 101 219 0 0 1 "Robbery"
0 25 3 158 100 220 0 0 1 "Robbery"
0 25 3 156 100 221 0 0 1 "Robbery"
0 25 3 154 99 222 0 0 1 "Robbery"
0 25 3 152 99 223 0 0 1 "Robbery"
0 25 3 149 98 224 0 0 1 "Robbery"
0 25 3 147 97 225 0 0 1 "Robbery"
0 25 3 145 97 226 0 0 1 "Robbery"
0 25 3 142 96 227 0 0 1 "Robbery"
0 25 3 140 96 228 0 0 1 "Robbery"
0 25 3 138 95 229 0 0 1 "Robbery"
0 25 3 135 94 230 0 0 1 "Robbery"
0 25 3 133 94 231 0 0 1 "Robbery"
0 25 3 131 93 232 0 0 1 "Robbery"
0 25 3 129 93 233 0 0 0 "Robbery"
0 25 3 129 93 234 0 0 1 "Robbery"
0 25 3 130 94 235 0 0 1 "Robbery"
0 25 3 130 95 236 0 0 1 "Robbery"
0 25 3 131 96 237 0 0 1 "Robbery"
0 26 3 132 97 238 0 0 1 "Robbery"
0 26 3 132 98 239 0 0 1 "Robbery"
0 26 3 133 99 240 0 0 1 "Robbery"
0 26 3 134 100 241 0 0 1 "Robbery"
0 26 3 134 101 242 0 0 1 "Robbery"
0 27 3 135 102 243 0 0 1 "Robbery"
0 27 3 136 103 244 0 0 1 "Robbery"
0 27 3 136 104 245 0 0 1 "Robbery"
0 27 3 137 105 246 0 0 1 "Robbery"
0 27 3 138 106 247 0 0 1 "Robbery"
0 28 3 138 107 248 0 0 1 "Robbery"
0 28 3 139 108 249 0 0 1 "Robbery"
0 28 3 140 109 250 0 0 1 "Robbery"
0 28 3 140 110 251 0 0 1 "Robbery"
0 28 3 141 111 252 0 0 1 "Robbery"
0 29 4 142 112 253 0 0 0 "Robbery"
0 29 4 143 112 254 0 0 1 "Robbery"
0 29 4 144 112 255 0 0 1 "Robbery"
0 30 4 145 113 256 0 0 1 "Robbery"
0 30 4 146 113 257 0 0 1 "Robbery"
0 30 4 147 114 258 0 0 1 "Robbery"
0 31 4 148 114 259 0 0 1 "Robbery"
0 31 4 149 114 260 0 0 1 "Robbery"
0 31 4 150 115 261 0 0 1 "Robbery"
0 32 4 151 115 262 0 0 1 "Robbery"
0 32 4 153 116 263 0 0 1 "Robbery"
0 32 4 154 116 264 0 0 1 "Robbery"
0 33 4 155 116 265 0 0 1 "Robbery"
0 33 4 156 117 266 0 0 1 "Robbery"
0 33 4 157 117 267 0 0 1 "Robbery"
0 34 5 158 118 268 0 0 1 "Robbery"
0 34 5 159 118 269 0 0 1 "Robbery"
0 34 5 160 118 270 0 0 1 "Robbery"
0 35 5 161 119 271 0 0 1 "Robbery"
0 35 5 162 119 272 0 0 1 "Robbery"
0 35 5 164 120 273 0 0 1 "Robbery"
0 36 5 165 120 274 0 0 1 "Robbery"
0 36 5 166 120 275 0 0 1 "Robbery"
0 36 5 167 121 276 0 0 1 "Robbery"
0 37 5 168 121 277 0 0 1 "Robbery"
0 37 5 169 122 278 0 0 1 "Robbery"
0 37 5 170 122 279 0 0 1 "Robbery"
0 38 5 171 122 280 0 0 1 "Robbery"
0 38 5 172 123 281 0 0 1 "Robbery"
0 38 5 173 123 282 0 0 1 "Robbery"
0 39 6 175 124 283 0 0 0 "Robbery"
0 40 6 176 124 284 0 0 1 "Robbery"
0 42 6 178 124 285 0 0 1 "Robbery"
0 43 6 179 124 286 0 0 1 "Robbery"
0 45 6 181 124 287 0 0 1 "Robbery"
0 47 6 183 124 288 0 0 1 "Robbery"
0 48 6 184 124 289 0 0 1 "Robbery"
0 50 6 186 124 290 0 0 1 "Robbery"
0 51 6 187 124 291 0 0 1 "Robbery"
0 53 6 189 124 292 0 0 1 "Robbery"
0 55 7 191 125 293 0 0 0 "Robbery"
0 56 7 191 124 294 0 0 1 "Robbery"
0 57 7 191 124 295 0 0 1 "Robbery"
0 58 7 191 124 296 0 0 1 "Robbery"
0 60 7 191 124 297 0 0 1 "Robbery"
0 61 7 191 124 298 0 0 1 "Robbery"
0 62 7 191 124 299 0 0 1 "Robbery"
0 64 7 191 124 300 0 0 1 "Robbery"
0 65 7 191 124 301 0 0 1 "Robbery"
0 66 7 191 124 302 0 0 1 "Robbery"
0 68 7 191 124 303 0 0 0 "Robbery"
0 67 6 190 123 304 0 0 1 "Robbery"
0 67 5 190 122 305 0 0 1 "Robbery"
0 67 4 190 121 306 0 0 1 "Robbery"
0 67 4 190 120 307 0 0 1 "Robbery"
0 67 3 190 120 308 0 0 1 "Robbery"
0 66 2 189 119 309 0 0 1 "Robbery"
0 66 2 189 118 310 0 0 1 "Robbery"
0 66 1 189 117 311 0 0 1 "Robbery"
0 66 0 189 116 312 0 0 1 "Robbery"
0 66 0 189 116 313 0 0 0 "Robbery"
0 66 0 187 115 314 0 0 1 "Robbery"
0 67 0 185 115 315 0 0 1 "Robbery"
0 68 0 183 115 316 0 0 1 "Robbery"
0 68 0 181 115 317 0 0 1 "Robbery"
0 69 0 180 115 318 0 0 1 "Robbery"
0 70 0 178 114 319 0 0 1 "Robbery"
0 70 0 176 114 320 0 0 1 "Robbery"
0 71 0 174 114 321 0 0 1 "Robbery"
0 72 0 172 114 322 0 0 1 "Robbery"
0 73 0 171 114 323 0 0 0 "Robbery"
0 72 1 171 124 324 0 0 1 "Robbery"
0 72 2 172 134 325 0 0 1 "Robbery"
0 72 3 173 145 326 0 0 1 "Robbery"
0 72 4 174 155 327 0 0 1 "Robbery"
0 72 6 175 166 328 0 0 1 "Robbery"
0 72 7 175 176 329 0 0 1 "Robbery"
0 72 8 176 186 330 0 0 1 "Robbery"
0 72 9 177 197 331 0 0 1 "Robbery"
0 72 10 178 207 332 0 0 1 "Robbery"
0 72 12 179 218 333 0 0 0 "Robbery"
0 73 12 180 218 334 0 0 1 "Robbery"
0 74 12 181 218 335 0 0 1 "Robbery"
0 75 12 182 218 336 0 0 1 "Robbery"
0 76 12 183 218 337 0 0 1 "Robbery"
0 78 12 185 218 338 0 0 1 "Robbery"
0 79 12 186 218 339 0 0 1 "Robbery"
0 80 12 187 218 340 0 0 1 "Robbery"
0 81 12 188 218 341 0 0 1 "Robbery"
0 82 12 189 218 342 0 0 1 "Robbery"
0 84 12 191 218 343 0 0 0 "Robbery"
0 83 11 190 217 344 0 0 1 "Robbery"
0 83 11 190 217 345 0 0 1 "Robbery"
0 83 11 190 217 346 0 0 1 "Robbery"
0 83 11 190 217 347 0 0 1 "Robbery"
0 83 11 190 217 348 0 0 1 "Robbery"
0 83 11 190 217 349 0 0 1 "Robbery"
0 82 11 189 217 350 0 0 1 "Robbery"
0 82 11 189 217 351 0 0 1 "Robbery"
0 82 11 189 217 352 0 0 1 "Robbery"
0 82 11 189 217 353 0 0 1 "Robbery"
0 82 11 189 217 354 0 0 1 "Robbery"
0 82 11 189 217 355 0 0 1 "Robbery"
0 82 11 189 217 356 0 0 1 "Robbery"
0 81 11 188 217 357 0 0 1 "Robbery"
0 81 11 188 217 358 0 0 1 "Robbery"
0 81 11 188 217 359 0 0 1 "Robbery"
0 81 11 188 217 360 0 0 1 "Robbery"
0 81 11 188 217 361 0 0 1 "Robbery"
0 81 11 188 217 362 0 0 1 "Robbery"
0 81 11 188 217 363 0 0 1 "Robbery"
0 80 11 187 217 364 0 0 1 "Robbery"
0 80 11 187 217 365 0 0 1 "Robbery"
0 80 11 187 217 366 0 0 1 "Robbery"
0 80 11 187 217 367 0 0 1 "Robbery"
0 80 11 187 217 368 0 0 1 "Robbery"
0 80 11 187 217 369 0 0 1 "Robbery"
0 79 11 186 217 370 0 0 1 "Robbery"
0 79 11 186 217 371 0 0 1 "Robbery"
0 79 11 186 217 372 0 0 1 "Robbery"
0 79 11 186 217 373 0 0 1 "Robbery"
0 79 11 186 217 374 0 0 1 "Robbery"
0 79 11 186 217 375 0 0 1 "Robbery"
0 79 11 186 217 376 0 0 1 "Robbery"
0 78 11 185 217 377 0 0 1 "Robbery"
0 78 11 185 217 378 0 0 1 "Robbery"
0 78 11 185 217 379 0 0 1 "Robbery"
0 78 11 185 217 380 0 0 1 "Robbery"
0 78 11 185 217 381 0 0 1 "Robbery"
0 78 11 185 217 382 0 0 1 "Robbery"
0 78 11 185 217 383 0 0 0 "Robbery"
0 77 11 185 217 384 0 0 1 "Robbery"
0 77 11 186 217 385 0 0 1 "Robbery"
0 77 11 187 217 386 0 0 1 "Robbery"
0 77 11 188 217 387 0 0 1 "Robbery"
0 77 11 189 217 388 0 0 1 "Robbery"
0 77 11 190 218 389 0 0 1 "Robbery"
0 77 11 191 218 390 0 0 1 "Robbery"
0 77 11 192 218 391 0 0 1 "Robbery"
0 77 11 193 218 392 0 0 1 "Robbery"
0 77 11 194 218 393 0 0 1 "Robbery"
0 77 11 195 219 394 0 0 1 "Robbery"
0 77 11 196 219 395 0 0 1 "Robbery"
0 77 11 197 219 396 0 0 1 "Robbery"
0 77 11 198 219 397 0 0 1 "Robbery"
0 77 11 199 219 398 0 0 1 "Robbery"
0 77 11 200 219 399 0 0 1 "Robbery"
0 77 11 201 220 400 0 0 1 "Robbery"
0 77 11 202 220 401 0 0 1 "Robbery"
0 77 11 203 220 402 0 0 1 "Robbery"
0 77 12 204 220 403 0 0 1 "Robbery"
0 77 12 204 220 404 0 0 1 "Robbery"
0 77 12 205 221 405 0 0 1 "Robbery"
0 77 12 206 221 406 0 0 1 "Robbery"
0 77 12 207 221 407 0 0 1 "Robbery"
0 76 12 208 221 408 0 0 1 "Robbery"
0 76 12 209 221 409 0 0 1 "Robbery"
0 76 12 210 221 410 0 0 1 "Robbery"
0 76 12 211 222 411 0 0 1 "Robbery"
0 76 12 212 222 412 0 0 1 "Robbery"
0 76 12 213 222 413 0 0 1 "Robbery"
0 76 12 214 222 414 0 0 1 "Robbery"
0 76 12 215 222 415 0 0 1 "Robbery"
0 76 12 216 223 416 0 0 1 "Robbery"
0 76 12 217 223 417 0 0 1 "Robbery"
0 76 12 218 223 418 0 0 1 "Robbery"
0 76 12 219 223 419 0 0 1 "Robbery"
0 76 12 220 223 420 0 0 1 "Robbery"
0 76 12 221 223 421 0 0 1 "Robbery"
0 76 12 222 224 422 0 0 1 "Robbery"
0 76 13 223 224 423 0 0 1 "Robbery"
0 76 13 223 224 424 0 0 1 "Robbery"
0 76 13 224 224 425 0 0 1 "Robbery"
0 76 13 225 224 426 0 0 1 "Robbery"
0 76 13 226 225 427 0 0 1 "Robbery"
0 76 13 227 225 428 0 0 1 "Robbery"
0 76 13 228 225 429 0 0 1 "Robbery"
0 76 13 229 225 430 0 0 1 "Robbery"
0 76 13 230 225 431 0 0 1 "Robbery"
0 75 13 231 225 432 0 0 1 "Robbery"
0 75 13 232 226 433 0 0 1 "Robbery"
0 75 13 233 226 434 0 0 1 "Robbery"
0 75 13 234 226 435 0 0 1 "Robbery"
0 75 13 235 226 436 0 0 1 "Robbery"
0 75 13 236 226 437 0 0 1 "Robbery"
0 75 13 237 227 438 0 0 1 "Robbery"
0 75 13 238 227 439 0 0 1 "Robbery"
0 75 13 239 227 440 0 0 1 "Robbery"
0 75 13 240 227 441 0 0 1 "Robbery"
0 75 13 241 227 442 0 0 1 "Robbery"
0 75 14 242 228 443 0 0 1 "Robbery"
0 75 14 242 228 444 0 0 1 "Robbery"
0 75 14 243 228 445 0 0 1 "Robbery"
0 75 14 244 228 446 0 0 1 "Robbery"
0 75 14 245 228 447 0 0 1 "Robbery"
0 75 14 246 228 448 0 0 1 "Robbery"
0 75 14 247 229 449 0 0 1 "Robbery"
0 75 14 248 229 450 0 0 1 "Robbery"
0 75 14 249 229 451 0 0 1 "Robbery"
0 75 14 250 229 452 0 0 1 "Robbery"
0 75 14 251 229 453 0 0 1 "Robbery"
0 75 14 252 230 454 0 0 1 "Robbery"
0 75 14 253 230 455 0 0 1 "Robbery"
0 74 14 254 230 456 0 0 1 "Robbery"
0 74 14 255 230 457 0 0 1 "Robbery"
0 74 14 256 230 458 0 0 1 "Robbery"
0 74 14 257 230 459 0 0 1 "Robbery"
0 74 14 258 231 460 0 0 1 "Robbery"
0 74 14 259 231 461 0 0 1 "Robbery"
0 74 14 260 231 462 0 0 1 "Robbery"
0 74 15 261 231 463 0 0 1 "Robbery"
0 74 15 261 231 464 0 0 1 "Robbery"
0 74 15 262 232 465 0 0 1 "Robbery"
0 74 15 263 232 466 0 0 1 "Robbery"
0 74 15 264 232 467 0 0 1 "Robbery"
0 74 15 265 232 468 0 0 1 "Robbery"
0 74 15 266 232 469 0 0 1 "Robbery"
0 74 15 267 232 470 0 0 1 "Robbery"
0 74 15 268 233 471 0 0 1 "Robbery"
0 74 15 269 233 472 0 0 1 "Robbery"
0 74 15 270 233 473 0 0 1 "Robbery"
0 74 15 271 233 474 0 0 1 "Robbery"
0 74 15 272 233 475 0 0 1 "Robbery"
0 74 15 273 234 476 0 0 1 "Robbery"
0 74 15 274 234 477 0 0 1 "Robbery"
0 74 15 275 234 478 0 0 1 "Robbery"
0 74 15 276 234 479 0 0 1 "Robbery"
0 73 15 277 234 480 0 0 1 "Robbery"
0 73 15 278 234 481 0 0 1 "Robbery"
0 73 15 279 235 482 0 0 1 "Robbery"
0 73 16 280 235 483 0 0 1 "Robbery"
0 73 16 280 235 484 0 0 1 "Robbery"
0 73 16 281 235 485 0 0 1 "Robbery"
0 73 16 282 235 486 0 0 1 "Robbery"
0 73 16 283 236 487 0 0 1 "Robbery"
0 73 16 284 236 488 0 0 1 "Robbery"
0 73 16 285 236 489 0 0 1 "Robbery"
0 73 16 286 236 490 0 0 1 "Robbery"
0 73 16 287 236 491 0 0 1 "Robbery"
0 73 16 288 236 492 0 0 1 "Robbery"
0 73 16 289 237 493 0 0 1 "Robbery"
0 73 16 290 237 494 0 0 1 "Robbery"
0 73 16 291 237 495 0 0 1 "Robbery"
0 73 16 292 237 496 0 0 1 "Robbery"
0 73 16 293 237 497 0 0 1 "Robbery"
0 73 16 294 238 498 0 0 1 "Robbery"
0 73 16 295 238 499 0 0 1 "Robbery"
0 73 16 296 238 500 0 0 1 "Robbery"
0 73 16 297 238 501 0 0 1 "Robbery"
0 73 16 298 238 502 0 0 1 "Robbery"
0 73 17 299 239 503 0 0 0 "Robbery"
0 73 17 297 238 504 0 0 1 "Robbery"
0 73 17 296 238 505 0 0 1 "Robbery"
0 73 17 294 238 506 0 0 1 "Robbery"
0 73 17 293 238 507 0 0 1 "Robbery"
0 73 17 292 238 508 0 0 1 "Robbery"
0 73 17 290 238 509 0 0 1 "Robbery"
0 73 17 289 238 510 0 0 1 "Robbery"
0 73 17 288 238 511 0 0 1 "Robbery"
0 73 17 286 238 512 0 0 1 "Robbery"
0 73 17 285 238 513 0 0 1 "Robbery"
0 73 17 284 238 514 0 0 1 "Robbery"
0 73 17 282 238 515 0 0 1 "Robbery"
0 73 17 281 238 516 0 0 1 "Robbery"
0 73 17 280 238 517 0 0 1 "Robbery"
0 73 17 278 238 518 0 0 1 "Robbery"
0 73 17 277 238 519 0 0 1 "Robbery"
0 73 17 276 238 520 0 0 1 "Robbery"
0 73 17 274 238 521 0 0 1 "Robbery"
0 73 17 273 238 522 0 0 1 "Robbery"
0 73 17 272 238 523 0 0 0 "Robbery"
0 72 17 271 238 524 0 0 1 "Robbery"
0 72 17 271 238 525 0 0 1 "Robbery"
0 71 17 270 238 526 0 0 1 "Robbery"
0 71 17 270 238 527 0 0 1 "Robbery"
0 71 17 270 238 528 0 0 1 "Robbery"
0 70 17 269 238 529 0 0 1 "Robbery"
0 70 17 269 238 530 0 0 1 "Robbery"
0 69 17 268 238 531 0 0 1 "Robbery"
0 69 17 268 238 532 0 0 1 "Robbery"
0 69 17 268 238 533 0 0 0 "Robbery"
0 69 17 268 238 534 0 0 1 "Robbery"
0 69 17 268 238 535 0 0 1 "Robbery"
0 70 17 269 238 536 0 0 1 "Robbery"
0 70 17 269 238 537 0 0 1 "Robbery"
0 71 17 270 238 538 0 0 1 "Robbery"
0 71 17 270 238 539 0 0 1 "Robbery"
0 71 17 270 238 540 0 0 1 "Robbery"
0 72 17 271 238 541 0 0 1 "Robbery"
0 72 17 271 238 542 0 0 1 "Robbery"
0 73 17 272 238 543 0 0 1 "Robbery"
0 73 17 272 238 544 0 0 1 "Robbery"
0 73 17 272 238 545 0 0 1 "Robbery"
0 74 17 273 238 546 0 0 1 "Robbery"
0 74 17 273 238 547 0 0 1 "Robbery"
0 75 17 274 238 548 0 0 1 "Robbery"
0 75 17 274 238 549 0 0 1 "Robbery"
0 75 17 274 238 550 0 0 1 "Robbery"
0 76 17 275 238 551 0 0 1 "Robbery"
0 76 17 275 238 552 0 0 1 "Robbery"
0 77 17 276 238 553 0 0 0 "Robbery"
0 77 17 276 238 554 0 0 1 "Robbery"
0 77 17 276 238 555 0 0 1 "Robbery"
0 77 17 276 238 556 0 0 1 "Robbery"
0 77 17 276 238 557 0 0 1 "Robbery"
0 78 17 276 238 558 0 0 1 "Robbery"
0 78 17 276 238 559 0 0 1 "Robbery"
0 78 18 276 238 560 0 0 1 "Robbery"
0 78 18 277 238 561 0 0 1 "Robbery"
0 78 18 277 238 562 0 0 1 "Robbery"
0 79 18 277 238 563 0 0 1 "Robbery"
0 79 18 277 238 564 0 0 1 "Robbery"
0 79 18 277 238 565 0 0 1 "Robbery"
0 79 18 277 238 566 0 0 1 "Robbery"
0 79 19 277 238 567 0 0 1 "Robbery"
0 80 19 277 238 568 0 0 1 "Robbery"
0 80 19 278 238 569 0 0 1 "Robbery"
0 80 19 278 238 570 0 0 1 "Robbery"
0 80 19 278 238 571 0 0 1 "Robbery"
0 80 19 278 238 572 0 0 1 "Robbery"
0 81 20 278 238 573 0 0 1 "Robbery"
0 81 20 278 238 574 0 0 1 "Robbery"
0 81 20 278 238 575 0 0 1 "Robbery"
0 81 20 278 238 576 0 0 1 "Robbery"
0 81 20 279 238 577 0 0 1 "Robbery"
0 82 20 279 238 578 0 0 1 "Robbery"
0 82 20 279 238 579 0 0 1 "Robbery"
0 82 21 279 238 580 0 0 1 "Robbery"
0 82 21 279 238 581 0 0 1 "Robbery"
0 82 21 279 238 582 0 0 1 "Robbery"
0 83 21 279 238 583 0 0 1 "Robbery"
0 83 21 279 238 584 0 0 1 "Robbery"
0 83 21 280 238 585 0 0 1 "Robbery"
0 83 21 280 238 586 0 0 1 "Robbery"
0 83 22 280 238 587 0 0 1 "Robbery"
0 84 22 280 238 588 0 0 1 "Robbery"
0 84 22 280 238 589 0 0 1 "Robbery"
0 84 22 280 238 590 0 0 1 "Robbery"
0 84 22 280 238 591 0 0 1 "Robbery"
0 84 22 280 238 592 0 0 1 "Robbery"
0 85 23 281 239 593 0 0 0 "Robbery"
0 86 23 280 239 594 0 0 1 "Robbery"
0 87 23 280 239 595 0 0 1 "Robbery"
0 88 23 280 239 596 0 0 1 "Robbery"
0 90 23 280 239 597 0 0 1 "Robbery"
0 91 24 280 239 598 0 0 1 "Robbery"
0 92 24 279 239 599 0 0 1 "Robbery"
0 94 24 279 239 600 0 0 1 "Robbery"
0 95 24 279 239 601 0 0 1 "Robbery"
0 96 24 279 239 602 0 0 1 "Robbery"
0 98 25 279 239 603 1 0 0 "Robbery"
0 97 25 278 239 604 1 0 1 "Robbery"
0 97 25 278 239 605 1 0 1 "Robbery"
0 97 25 278 239 606 1 0 1 "Robbery"
0 97 25 278 239 607 1 0 1 "Robbery"
0 97 25 277 239 608 1 0 1 "Robbery"
0 96 25 277 239 609 1 0 1 "Robbery"
0 96 26 277 239 610 1 0 1 "Robbery"
0 96 26 277 239 611 1 0 1 "Robbery"
0 96 26 277 239 612 1 0 1 "Robbery"
0 96 26 276 239 613 1 0 1 "Robbery"
0 95 26 276 239 614 1 0 1 "Robbery"
0 95 26 276 239 615 1 0 1 "Robbery"
0 95 26 276 239 616 1 0 1 "Robbery"
0 95 27 275 239 617 1 0 1 "Robbery"
0 95 27 275 239 618 1 0 1 "Robbery"
0 94 27 275 239 619 1 0 1 "Robbery"
0 94 27 275 239 620 1 0 1 "Robbery"
0 94 27 275 239 621 1 0 1 "Robbery"
0 94 27 274 239 622 1 0 1 "Robbery"
0 94 28 274 239 623 1 0 1 "Robbery"
0 93 28 274 239 624 1 0 1 "Robbery"
0 93 28 274 239 625 1 0 1 "Robbery"
0 93 28 274 239 626 1 0 1 "Robbery"
0 93 28 273 239 627 1 0 1 "Robbery"
0 93 28 273 239 628 1 0 1 "Robbery"
0 92 28 273 239 629 1 0 1 "Robbery"
0 92 29 273 239 630 1 0 1 "Robbery"
0 92 29 272 239 631 1 0 1 "Robbery"
0 92 29 272 239 632 1 0 1 "Robbery"
0 92 29 272 239 633 1 0 1 "Robbery"
0 91 29 272 239 634 1 0 1 "Robbery"
0 91 29 272 239 635 1 0 1 "Robbery"
0 91 29 271 239 636 1 0 1 "Robbery"
0 91 30 271 239 637 1 0 1 "Robbery"
0 91 30 271 239 638 1 0 1 "Robbery"
0 90 30 271 239 639 1 0 1 "Robbery"
0 90 30 270 239 640 1 0 1 "Robbery"
0 90 30 270 239 641 1 0 1 "Robbery"
0 90 30 270 239 642 1 0 1 "Robbery"
0 90 31 270 239 643 1 0 1 "Robbery"
0 89 31 270 239 644 1 0 1 "Robbery"
0 89 31 269 239 645 1 0 1 "Robbery"
0 89 31 269 239 646 1 0 1 "Robbery"
0 89 31 269 239 647 1 0 1 "Robbery"
0 89 31 269 239 648 1 0 1 "Robbery"
0 88 31 269 239 649 1 0 1 "Robbery"
0 88 32 268 239 650 1 0 1 "Robbery"
0 88 32 268 239 651 1 0 1 "Robbery"
0 88 32 268 239 652 1 0 1 "Robbery"
0 88 32 268 239 653 1 0 1 "Robbery"
0 87 32 267 239 654 1 0 1 "Robbery"
0 87 32 267 239 655 1 0 1 "Robbery"
0 87 32 267 239 656 1 0 1 "Robbery"
0 87 33 267 239 657 1 0 1 "Robbery"
0 87 33 267 239 658 1 0 1 "Robbery"
0 86 33 266 239 659 1 0 1 "Robbery"
0 86 33 266 239 660 1 0 1 "Robbery"
0 86 33 266 239 661 1 0 1 "Robbery"
0 86 33 266 239 662 1 0 1 "Robbery"
0 86 34 266 239 663 1 0 0 "Robbery"
0 86 34 267 239 664 1 0 1 "Robbery"
0 86 34 268 239 665 1 0 1 "Robbery"
0 86 34 269 239 666 1 0 1 "Robbery"
0 87 35 271 239 667 1 0 1 "Robbery"
0 87 35 272 239 668 1 0 1 "Robbery"
0 87 35 273 239 669 1 0 1 "Robbery"
0 88 36 275 239 670 1 0 1 "Robbery"
0 88 36 276 239 671 1 0 1 "Robbery"
0 88 36 277 239 672 1 0 1 "Robbery"
0 89 37 279 239 673 1 0 0 "Robbery"
0 88 37 278 239 674 1 0 1 "Robbery"
0 88 37 278 239 675 1 0 1 "Robbery"
0 88 37 278 239 676 1 0 1 "Robbery"
0 88 37 278 239 677 1 0 1 "Robbery"
0 88 37 278 239 678 1 0 1 "Robbery"
0 88 37 278 239 679 1 0 1 "Robbery"
0 88 37 278 239 680 1 0 1 "Robbery"
0 88 37 278 239 681 1 0 1 "Robbery"
0 88 37 278 239 682 1 0 1 "Robbery"
0 88 37 278 239 683 1 0 0 "Robbery"
0 87 37 277 239 684 1 0 1 "Robbery"
0 87 37 277 239 685 1 0 1 "Robbery"
0 87 37 277 239 686 1 0 1 "Robbery"
0 87 37 277 239 687 1 0 1 "Robbery"
0 87 37 277 239 688 1 0 1 "Robbery"
0 87 37 277 239 689 1 0 1 "Robbery"
0 87 37 277 239 690 1 0 1 "Robbery"
0 86 37 276 239 691 1 0 1 "Robbery"
0 86 37 276 239 692 1 0 1 "Robbery"
0 86 37 276 239 693 1 0 1 "Robbery"
0 86 37 276 239 694 1 0 1 "Robbery"
0 86 37 276 239 695 1 0 1 "Robbery"
0 86 37 276 239 696 1 0 1 "Robbery"
0 86 37 276 239 697 1 0 1 "Robbery"
0 86 37 276 239 698 1 0 1 "Robbery"
0 85 37 275 239 699 1 0 1 "Robbery"
0 85 37 275 239 700 1 0 1 "Robbery"
0 85 37 275 239 701 1 0 1 "Robbery"
0 85 37 275 239 702 1 0 1 "Robbery"
0 85 37 275 239 703 1 0 1 "Robbery"
0 85 37 275 239 704 1 0 1 "Robbery"
0 85 37 275 239 705 1 0 1 "Robbery"
0 84 37 274 239 706 1 0 1 "Robbery"
0 84 37 274 239 707 1 0 1 "Robbery"
0 84 37 274 239 708 1 0 1 "Robbery"
0 84 37 274 239 709 1 0 1 "Robbery"
0 84 37 274 239 710 1 0 1 "Robbery"
0 84 37 274 239 711 1 0 1 "Robbery"
0 84 37 274 239 712 1 0 1 "Robbery"
0 84 37 274 239 713 1 0 0 "Robbery"
0 84 37 274 239 714 1 0 1 "Robbery"
0 84 37 274 239 715 1 0 1 "Robbery"
0 84 37 274 239 716 1 0 1 "Robbery"
0 84 37 274 239 717 1 0 1 "Robbery"
0 84 37 274 239 718 1 0 1 "Robbery"
0 84 37 274 239 719 1 0 1 "Robbery"
0 84 37 274 239 720 1 0 1 "Robbery"
0 84 37 274 239 721 1 0 1 "Robbery"
0 84 37 274 239 722 1 0 1 "Robbery"
0 84 37 274 239 723 1 0 0 "Robbery"
0 83 36 273 239 724 1 0 1 "Robbery"
0 83 36 273 239 725 1 0 1 "Robbery"
0 83 36 273 239 726 1 0 1 "Robbery"
0 83 36 273 239 727 1 0 1 "Robbery"
0 83 36 273 239 728 1 0 1 "Robbery"
0 83 36 273 239 729 1 0 1 "Robbery"
0 83 36 273 239 730 1 0 1 "Robbery"
0 83 36 273 239 731 1 0 1 "Robbery"
0 83 36 273 239 732 1 0 1 "Robbery"
0 83 36 273 239 733 1 0 1 "Robbery"
0 83 36 273 239 734 1 0 1 "Robbery"
0 83 36 273 239 735 1 0 1 "Robbery"
0 83 36 273 239 736 1 0 1 "Robbery"
0 83 36 273 239 737 1 0 1 "Robbery"
0 83 36 273 239 738 1 0 1 "Robbery"
0 83 36 273 239 739 1 0 1 "Robbery"
0 83 36 273 239 740 1 0 1 "Robbery"
0 83 36 273 239 741 1 0 1 "Robbery"
0 83 36 273 239 742 1 0 1 "Robbery"
0 83 36 273 239 743 1 0 1 "Robbery"
0 83 36 273 239 744 1 0 1 "Robbery"
0 83 36 273 239 745 1 0 1 "Robbery"
0 83 36 273 239 746 1 0 1 "Robbery"
0 83 36 273 239 747 1 0 1 "Robbery"
0 83 36 273 239 748 1 0 1 "Robbery"
0 83 36 273 239 749 1 0 1 "Robbery"
0 83 36 273 239 750 1 0 1 "Robbery"
0 83 36 273 239 751 1 0 1 "Robbery"
0 83 36 273 239 752 1 0 1 "Robbery"
0 83 36 273 239 753 1 0 1 "Robbery"
0 83 36 273 239 754 1 0 1 "Robbery"
0 83 35 273 239 755 1 0 1 "Robbery"
0 83 35 273 239 756 1 0 1 "Robbery"
0 83 35 273 239 757 1 0 1 "Robbery"
0 83 35 273 239 758 1 0 1 "Robbery"
0 83 35 272 239 759 1 0 1 "Robbery"
0 83 35 272 239 760 1 0 1 "Robbery"
0 83 35 272 239 761 1 0 1 "Robbery"
0 83 35 272 239 762 1 0 1 "Robbery"
0 83 35 272 239 763 1 0 1 "Robbery"
0 83 35 272 239 764 1 0 1 "Robbery"
0 82 35 272 239 765 1 0 1 "Robbery"
0 82 35 272 239 766 1 0 1 "Robbery"
0 82 35 272 239 767 1 0 1 "Robbery"
0 82 35 272 239 768 1 0 1 "Robbery"
0 82 35 272 239 769 1 0 1 "Robbery"
0 82 35 272 239 770 1 0 1 "Robbery"
0 82 35 272 239 771 1 0 1 "Robbery"
0 82 35 272 239 772 1 0 1 "Robbery"
0 82 35 272 239 773 1 0 1 "Robbery"
0 82 35 272 239 774 1 0 1 "Robbery"
0 82 35 272 239 775 1 0 1 "Robbery"
0 82 35 272 239 776 1 0 1 "Robbery"
0 82 35 272 239 777 1 0 1 "Robbery"
0 82 35 272 239 778 1 0 1 "Robbery"
0 82 35 272 239 779 1 0 1 "Robbery"
0 82 35 272 239 780 1 0 1 "Robbery"
0 82 35 272 239 781 1 0 1 "Robbery"
0 82 35 272 239 782 1 0 1 "Robbery"
0 82 35 272 239 783 1 0 1 "Robbery"
0 82 35 272 239 784 1 0 1 "Robbery"
0 82 35 272 239 785 1 0 1 "Robbery"
0 82 34 272 239 786 1 0 1 "Robbery"
0 82 34 272 239 787 1 0 1 "Robbery"
0 82 34 272 239 788 1 0 1 "Robbery"
0 82 34 272 239 789 1 0 1 "Robbery"
0 82 34 272 239 790 1 0 1 "Robbery"
0 82 34 272 239 791 1 0 1 "Robbery"
0 82 34 272 239 792 1 0 1 "Robbery"
0 82 34 272 239 793 1 0 1 "Robbery"
0 82 34 272 239 794 1 0 1 "Robbery"
0 82 34 271 239 795 1 0 1 "Robbery"
0 82 34 271 239 796 1 0 1 "Robbery"
0 82 34 271 239 797 1 0 1 "Robbery"
0 82 34 271 239 798 1 0 1 "Robbery"
0 82 34 271 239 799 1 0 1 "Robbery"
0 82 34 271 239 800 1 0 1 "Robbery"
0 82 34 271 239 801 1 0 1 "Robbery"
0 82 34 271 239 802 1 0 1 "Robbery"
0 82 34 271 239 803 1 0 1 "Robbery"
0 82 34 271 239 804 1 0 1 "Robbery"
0 82 34 271 239 805 1 0 1 "Robbery"
0 82 34 271 239 806 1 0 1 "Robbery"
0 81 34 271 239 807 1 0 1 "Robbery"
0 81 34 271 239 808 1 0 1 "Robbery"
0 81 34 271 239 809 1 0 1 "Robbery"
0 81 34 271 239 810 1 0 1 "Robbery"
0 81 34 271 239 811 1 0 1 "Robbery"
0 81 34 271 239 812 1 0 1 "Robbery"
0 81 34 271 239 813 1 0 1 "Robbery"
0 81 34 271 239 814 1 0 1 "Robbery"
0 81 34 271 239 815 1 0 1 "Robbery"
0 81 34 271 239 816 1 0 1 "Robbery"
0 81 33 271 239 817 1 0 1 "Robbery"
0 81 33 271 239 818 1 0 1 "Robbery"
0 81 33 271 239 819 1 0 1 "Robbery"
0 81 33 271 239 820 1 0 1 "Robbery"
0 81 33 271 239 821 1 0 1 "Robbery"
0 81 33 271 239 822 1 0 1 "Robbery"
0 81 33 271 239 823 1 0 1 "Robbery"
0 81 33 271 239 824 1 0 1 "Robbery"
0 81 33 271 239 825 1 0 1 "Robbery"
0 81 33 271 239 826 1 0 1 "Robbery"
0 81 33 271 239 827 1 0 1 "Robbery"
0 81 33 271 239 828 1 0 1 "Robbery"
0 81 33 271 239 829 1 0 1 "Robbery"
0 81 33 271 239 830 1 0 1 "Robbery"
0 81 33 270 239 831 1 0 1 "Robbery"
0 81 33 270 239 832 1 0 1 "Robbery"
0 81 33 270 239 833 1 0 1 "Robbery"
0 81 33 270 239 834 1 0 1 "Robbery"
0 81 33 270 239 835 1 0 1 "Robbery"
0 81 33 270 239 836 1 0 1 "Robbery"
0 81 33 270 239 837 1 0 1 "Robbery"
0 81 33 270 239 838 1 0 1 "Robbery"
0 81 33 270 239 839 1 0 1 "Robbery"
0 81 33 270 239 840 1 0 1 "Robbery"
0 81 33 270 239 841 1 0 1 "Robbery"
0 81 33 270 239 842 1 0 1 "Robbery"
0 81 33 270 239 843 1 0 1 "Robbery"
0 81 33 270 239 844 1 0 1 "Robbery"
0 81 33 270 239 845 1 0 1 "Robbery"
0 81 33 270 239 846 1 0 1 "Robbery"
0 81 33 270 239 847 1 0 1 "Robbery"
0 81 33 270 239 848 1 0 1 "Robbery"
0 80 32 270 239 849 1 0 1 "Robbery"
0 80 32 270 239 850 1 0 1 "Robbery"
0 80 32 270 239 851 1 0 1 "Robbery"
0 80 32 270 239 852 1 0 1 "Robbery"
0 80 32 270 239 853 1 0 1 "Robbery"
0 80 32 270 239 854 1 0 1 "Robbery"
0 80 32 270 239 855 1 0 1 "Robbery"
0 80 32 270 239 856 1 0 1 "Robbery"
0 80 32 270 239 857 1 0 1 "Robbery"
0 80 32 270 239 858 1 0 1 "Robbery"
0 80 32 270 239 859 1 0 1 "Robbery"
0 80 32 270 239 860 1 0 1 "Robbery"
0 80 32 270 239 861 1 0 1 "Robbery"
0 80 32 270 239 862 1 0 1 "Robbery"
0 80 32 270 239 863 1 0 1 "Robbery"
0 80 32 270 239 864 1 0 1 "Robbery"
0 80 32 270 239 865 1 0 1 "Robbery"
0 80 32 269 239 866 1 0 1 "Robbery"
0 80 32 269 239 867 1 0 1 "Robbery"
0 80 32 269 239 868 1 0 1 "Robbery"
0 80 32 269 239 869 1 0 1 "Robbery"
0 80 32 269 239 870 1 0 1 "Robbery"
0 80 32 269 239 871 1 0 1 "Robbery"
0 80 32 269 239 872 1 0 1 "Robbery"
0 80 32 269 239 873 1 0 1 "Robbery"
0 80 32 269 239 874 1 0 1 "Robbery"
0 80 32 269 239 875 1 0 1 "Robbery"
0 80 32 269 239 876 1 0 1 "Robbery"
0 80 32 269 239 877 1 0 1 "Robbery"
0 80 32 269 239 878 1 0 1 "Robbery"
0 80 32 269 239 879 1 0 1 "Robbery"
0 80 31 269 239 880 1 0 1 "Robbery"
0 80 31 269 239 881 1 0 1 "Robbery"
0 80 31 269 239 882 1 0 1 "Robbery"
0 80 31 269 239 883 1 0 1 "Robbery"
0 80 31 269 239 884 1 0 1 "Robbery"
0 80 31 269 239 885 1 0 1 "Robbery"
0 80 31 269 239 886 1 0 1 "Robbery"
0 80 31 269 239 887 1 0 1 "Robbery"
0 80 31 269 239 888 1 0 1 "Robbery"
0 80 31 269 239 889 1 0 1 "Robbery"
0 79 31 269 239 890 1 0 1 "Robbery"
0 79 31 269 239 891 1 0 1 "Robbery"
0 79 31 269 239 892 1 0 1 "Robbery"
0 79 31 269 239 893 1 0 1 "Robbery"
0 79 31 269 239 894 1 0 1 "Robbery"
0 79 31 269 239 895 1 0 1 "Robbery"
0 79 31 269 239 896 1 0 1 "Robbery"
0 79 31 269 239 897 1 0 1 "Robbery"
0 79 31 269 239 898 1 0 1 "Robbery"
0 79 31 269 239 899 1 0 1 "Robbery"
0 79 31 269 239 900 1 0 1 "Robbery"
0 79 31 269 239 901 1 0 1 "Robbery"
0 79 31 268 239 902 1 0 1 "Robbery"
0 79 31 268 239 903 1 0 1 "Robbery"
0 79 31 268 239 904 1 0 1 "Robbery"
0 79 31 268 239 905 1 0 1 "Robbery"
0 79 31 268 239 906 1 0 1 "Robbery"
0 79 31 268 239 907 1 0 1 "Robbery"
0 79 31 268 239 908 1 0 1 "Robbery"
0 79 31 268 239 909 1 0 1 "Robbery"
0 79 31 268 239 910 1 0 1 "Robbery"
0 79 30 268 239 911 1 0 1 "Robbery"
0 79 30 268 239 912 1 0 1 "Robbery"
0 79 30 268 239 913 1 0 1 "Robbery"
0 79 30 268 239 914 1 0 1 "Robbery"
0 79 30 268 239 915 1 0 1 "Robbery"
0 79 30 268 239 916 1 0 1 "Robbery"
0 79 30 268 239 917 1 0 1 "Robbery"
0 79 30 268 239 918 1 0 1 "Robbery"
0 79 30 268 239 919 1 0 1 "Robbery"
0 79 30 268 239 920 1 0 1 "Robbery"
0 79 30 268 239 921 1 0 1 "Robbery"
0 79 30 268 239 922 1 0 1 "Robbery"
0 79 30 268 239 923 1 0 1 "Robbery"
0 79 30 268 239 924 1 0 1 "Robbery"
0 79 30 268 239 925 1 0 1 "Robbery"
0 79 30 268 239 926 1 0 1 "Robbery"
0 79 30 268 239 927 1 0 1 "Robbery"
0 79 30 268 239 928 1 0 1 "Robbery"
0 79 30 268 239 929 1 0 1 "Robbery"
0 79 30 268 239 930 1 0 1 "Robbery"
0 79 30 268 239 931 1 0 1 "Robbery"
0 78 30 268 239 932 1 0 1 "Robbery"
0 78 30 268 239 933 1 0 1 "Robbery"
0 78 30 268 239 934 1 0 1 "Robbery"
0 78 30 268 239 935 1 0 1 "Robbery"
0 78 30 268 239 936 1 0 1 "Robbery"
0 78 30 268 239 937 1 0 1 "Robbery"
0 78 30 267 239 938 1 0 1 "Robbery"
0 78 30 267 239 939 1 0 1 "Robbery"
0 78 30 267 239 940 1 0 1 "Robbery"
0 78 30 267 239 941 1 0 1 "Robbery"
0 78 29 267 239 942 1 0 1 "Robbery"
0 78 29 267 239 943 1 0 1 "Robbery"
0 78 29 267 239 944 1 0 1 "Robbery"
0 78 29 267 239 945 1 0 1 "Robbery"
0 78 29 267 239 946 1 0 1 "Robbery"
0 78 29 267 239 947 1 0 1 "Robbery"
0 78 29 267 239 948 1 0 1 "Robbery"
0 78 29 267 239 949 1 0 1 "Robbery"
0 78 29 267 239 950 1 0 1 "Robbery"
0 78 29 267 239 951 1 0 1 "Robbery"
0 78 29 267 239 952 1 0 1 "Robbery"
0 78 29 267 239 953 1 0 1 "Robbery"
0 78 29 267 239 954 1 0 1 "Robbery"
0 78 29 267 239 955 1 0 1 "Robbery"
0 78 29 267 239 956 1 0 1 "Robbery"
0 78 29 267 239 957 1 0 1 "Robbery"
0 78 29 267 239 958 1 0 1 "Robbery"
0 78 29 267 239 959 1 0 1 "Robbery"
0 78 29 267 239 960 1 0 1 "Robbery"
0 78 29 267 239 961 1 0 1 "Robbery"
0 78 29 267 239 962 1 0 1 "Robbery"
0 78 29 267 239 963 1 0 1 "Robbery"
0 78 29 267 239 964 1 0 1 "Robbery"
0 78 29 267 239 965 1 0 1 "Robbery"
0 78 29 267 239 966 1 0 1 "Robbery"
0 78 29 267 239 967 1 0 1 "Robbery"
0 78 29 267 239 968 1 0 1 "Robbery"
0 78 29 267 239 969 1 0 1 "Robbery"
0 78 29 267 239 970 1 0 1 "Robbery"
0 78 29 267 239 971 1 0 1 "Robbery"
0 78 29 267 239 972 1 0 1 "Robbery"
0 78 29 267 239 973 1 0 0 "Robbery"
0 78 29 267 239 974 1 0 1 "Robbery"
0 78 29 267 239 975 1 0 1 "Robbery"
0 79 29 268 239 976 1 0 1 "Robbery"
0 79 29 268 239 977 1 0 1 "Robbery"
0 80 29 269 239 978 1 0 1 "Robbery"
0 80 29 269 239 979 1 0 1 "Robbery"
0 80 29 269 239 980 1 0 1 "Robbery"
0 81 29 270 239 981 1 0 1 "Robbery"
0 81 29 270 239 982 1 0 1 "Robbery"
0 82 29 271 239 983 1 0 1 "Robbery"
0 82 29 271 239 984 1 0 1 "Robbery"
0 82 29 271 239 985 1 0 1 "Robbery"
0 83 29 272 239 986 1 0 1 "Robbery"
0 83 29 272 239 987 1 0 1 "Robbery"
0 84 29 273 239 988 1 0 1 "Robbery"
0 84 29 273 239 989 1 0 1 "Robbery"
0 84 29 273 239 990 1 0 1 "Robbery"
0 85 29 274 239 991 1 0 1 "Robbery"
0 85 29 274 239 992 1 0 1 "Robbery"
0 86 29 275 239 993 1 0 1 "Robbery"
0 86 29 275 239 994 1 0 1 "Robbery"
0 86 29 275 239 995 1 0 1 "Robbery"
0 87 29 276 239 996 1 0 1 "Robbery"
0 87 29 276 239 997 1 0 1 "Robbery"
0 88 29 277 239 998 1 0 1 "Robbery"
0 88 29 277 239 999 1 0 1 "Robbery"
0 88 29 277 239 1000 1 0 1 "Robbery"
0 89 29 278 239 1001 1 0 1 "Robbery"
0 89 29 278 239 1002 1 0 1 "Robbery"
0 90 30 279 239 1003 1 0 0 "Robbery"
0 89 30 278 239 1004 1 0 1 "Robbery"
0 89 30 278 239 1005 1 0 1 "Robbery"
0 89 30 278 239 1006 1 0 1 "Robbery"
0 89 30 278 239 1007 1 0 1 "Robbery"
0 89 30 278 239 1008 1 0 1 "Robbery"
0 89 30 277 239 1009 1 0 1 "Robbery"
0 89 30 277 239 1010 1 0 1 "Robbery"
0 89 30 277 239 1011 1 0 1 "Robbery"
0 89 30 277 239 1012 1 0 1 "Robbery"
0 89 30 277 239 1013 1 0 1 "Robbery"
0 89 30 276 239 1014 1 0 1 "Robbery"
0 89 30 276 239 1015 1 0 1 "Robbery"
0 89 30 276 239 1016 1 0 1 "Robbery"
0 89 30 276 239 1017 1 0 1 "Robbery"
0 89 30 276 239 1018 1 0 1 "Robbery"
0 89 30 275 239 1019 1 0 1 "Robbery"
0 89 30 275 239 1020 1 0 1 "Robbery"
0 89 30 275 239 1021 1 0 1 "Robbery"
0 89 30 275 239 1022 1 0 1 "Robbery"
0 89 30 275 239 1023 1 0 1 "Robbery"
0 89 30 274 239 1024 1 0 1 "Robbery"
0 89 30 274 239 1025 1 0 1 "Robbery"
0 89 30 274 239 1026 1 0 1 "Robbery"
0 89 30 274 239 1027 1 0 1 "Robbery"
0 89 30 274 239 1028 1 0 1 "Robbery"
0 89 30 273 239 1029 1 0 1 "Robbery"
0 89 30 273 239 1030 1 0 1 "Robbery"
0 89 31 273 239 1031 1 0 1 "Robbery"
0 89 31 273 239 1032 1 0 1 "Robbery"
0 89 31 273 239 1033 1 0 1 "Robbery"
0 89 31 272 239 1034 1 0 1 "Robbery"
0 89 31 272 239 1035 1 0 1 "Robbery"
0 89 31 272 239 1036 1 0 1 "Robbery"
0 89 31 272 239 1037 1 0 1 "Robbery"
0 89 31 272 239 1038 1 0 1 "Robbery"
0 89 31 271 239 1039 1 0 1 "Robbery"
0 89 31 271 239 1040 1 0 1 "Robbery"
0 89 31 271 239 1041 1 0 1 "Robbery"
0 89 31 271 239 1042 1 0 1 "Robbery"
0 89 31 271 239 1043 1 0 1 "Robbery"
0 89 31 270 239 1044 1 0 1 "Robbery"
0 89 31 270 239 1045 1 0 1 "Robbery"
0 89 31 270 239 1046 1 0 1 "Robbery"
0 89 31 270 239 1047 1 0 1 "Robbery"
0 89 31 270 239 1048 1 0 1 "Robbery"
0 89 31 269 239 1049 1 0 1 "Robbery"
0 89 31 269 239 1050 1 0 1 "Robbery"
0 89 31 269 239 1051 1 0 1 "Robbery"
0 89 31 269 239 1052 1 0 1 "Robbery"
0 89 31 269 239 1053 1 0 1 "Robbery"
0 89 31 268 239 1054 1 0 1 "Robbery"
0 89 31 268 239 1055 1 0 1 "Robbery"
0 89 31 268 239 1056 1 0 1 "Robbery"
0 89 31 268 239 1057 1 0 1 "Robbery"
0 89 32 268 239 1058 1 0 1 "Robbery"
0 88 32 267 239 1059 1 0 1 "Robbery"
0 88 32 267 239 1060 1 0 1 "Robbery"
0 88 32 267 239 1061 1 0 1 "Robbery"
0 88 32 267 239 1062 1 0 1 "Robbery"
0 88 32 267 239 1063 1 0 1 "Robbery"
0 88 32 266 239 1064 1 0 1 "Robbery"
0 88 32 266 239 1065 1 0 1 "Robbery"
0 88 32 266 239 1066 1 0 1 "Robbery"
0 88 32 266 239 1067 1 0 1 "Robbery"
0 88 32 266 239 1068 1 0 1 "Robbery"
0 88 32 265 239 1069 1 0 1 "Robbery"
0 88 32 265 239 1070 1 0 1 "Robbery"
0 88 32 265 239 1071 1 0 1 "Robbery"
0 88 32 265 239 1072 1 0 1 "Robbery"
0 88 32 265 239 1073 1 0 1 "Robbery"
0 88 32 264 239 1074 1 0 1 "Robbery"
0 88 32 264 239 1075 1 0 1 "Robbery"
0 88 32 264 239 1076 1 0 1 "Robbery"
0 88 32 264 239 1077 1 0 1 "Robbery"
0 88 32 264 239 1078 1 0 1 "Robbery"
0 88 32 263 239 1079 1 0 1 "Robbery"
0 88 32 263 239 1080 1 0 1 "Robbery"
0 88 32 263 239 1081 1 0 1 "Robbery"
0 88 32 263 239 1082 1 0 1 "Robbery"
0 88 32 263 239 1083 1 0 1 "Robbery"
0 88 32 262 239 1084 1 0 1 "Robbery"
0 88 32 262 239 1085 1 0 1 "Robbery"
0 88 33 262 239 1086 1 0 1 "Robbery"
0 88 33 262 239 1087 1 0 1 "Robbery"
0 88 33 262 239 1088 1 0 1 "Robbery"
0 88 33 261 239 1089 1 0 1 "Robbery"
0 88 33 261 239 1090 1 0 1 "Robbery"
0 88 33 261 239 1091 1 0 1 "Robbery"
0 88 33 261 239 1092 1 0 1 "Robbery"
0 88 33 261 239 1093 1 0 1 "Robbery"
0 88 33 260 239 1094 1 0 1 "Robbery"
0 88 33 260 239 1095 1 0 1 "Robbery"
0 88 33 260 239 1096 1 0 1 "Robbery"
0 88 33 260 239 1097 1 0 1 "Robbery"
0 88 33 260 239 1098 1 0 1 "Robbery"
0 88 33 259 239 1099 1 0 1 "Robbery"
0 88 33 259 239 1100 1 0 1 "Robbery"
0 88 33 259 239 1101 1 0 1 "Robbery"
0 88 33 259 239 1102 1 0 1 "Robbery"
0 88 33 259 239 1103 1 0 1 "Robbery"
0 88 33 258 239 1104 1 0 1 "Robbery"
0 88 33 258 239 1105 1 0 1 "Robbery"
0 88 33 258 239 1106 1 0 1 "Robbery"
0 88 33 258 239 1107 1 0 1 "Robbery"
0 88 33 258 239 1108 1 0 1 "Robbery"
0 88 33 257 239 1109 1 0 1 "Robbery"
0 88 33 257 239 1110 1 0 1 "Robbery"
0 88 33 257 239 1111 1 0 1 "Robbery"
0 88 33 257 239 1112 1 0 1 "Robbery"
0 88 34 257 239 1113 1 0 1 "Robbery"
0 87 34 256 239 1114 1 0 1 "Robbery"
0 87 34 256 239 1115 1 0 1 "Robbery"
0 87 34 256 239 1116 1 0 1 "Robbery"
0 87 34 256 239 1117 1 0 1 "Robbery"
0 87 34 256 239 1118 1 0 1 "Robbery"
0 87 34 255 239 1119 1 0 1 "Robbery"
0 87 34 255 239 1120 1 0 1 "Robbery"
0 87 34 255 239 1121 1 0 1 "Robbery"
0 87 34 255 239 1122 1 0 1 "Robbery"
0 87 34 255 239 1123 1 0 1 "Robbery"
0 87 34 254 239 1124 1 0 1 "Robbery"
0 87 34 254 239 1125 1 0 1 "Robbery"
0 87 34 254 239 1126 1 0 1 "Robbery"
0 87 34 254 239 1127 1 0 1 "Robbery"
0 87 34 254 239 1128 1 0 1 "Robbery"
0 87 34 253 239 1129 1 0 1 "Robbery"
0 87 34 253 239 1130 1 0 1 "Robbery"
0 87 34 253 239 1131 1 0 1 "Robbery"
0 87 34 253 239 1132 1 0 1 "Robbery"
0 87 34 253 239 1133 1 0 1 "Robbery"
0 87 34 252 239 1134 1 0 1 "Robbery"
0 87 34 252 239 1135 1 0 1 "Robbery"
0 87 34 252 239 1136 1 0 1 "Robbery"
0 87 34 252 239 1137 1 0 1 "Robbery"
0 87 34 252 239 1138 1 0 1 "Robbery"
0 87 34 251 239 1139 1 0 1 "Robbery"
0 87 34 251 239 1140 1 0 1 "Robbery"
0 87 35 251 239 1141 1 0 1 "Robbery"
0 87 35 251 239 1142 1 0 1 "Robbery"
0 87 35 251 239 1143 1 0 1 "Robbery"
0 87 35 250 239 1144 1 0 1 "Robbery"
0 87 35 250 239 1145 1 0 1 "Robbery"
0 87 35 250 239 1146 1 0 1 "Robbery"
0 87 35 250 239 1147 1 0 1 "Robbery"
0 87 35 250 239 1148 1 0 1 "Robbery"
0 87 35 249 239 1149 1 0 1 "Robbery"
0 87 35 249 239 1150 1 0 1 "Robbery"
0 87 35 249 239 1151 1 0 1 "Robbery"
0 87 35 249 239 1152 1 0 1 "Robbery"
0 87 35 249 239 1153 1 0 1 "Robbery"
0 87 35 248 239 1154 1 0 1 "Robbery"
0 87 35 248 239 1155 1 0 1 "Robbery"
0 87 35 248 239 1156 1 0 1 "Robbery"
0 87 35 248 239 1157 1 0 1 "Robbery"
0 87 35 248 239 1158 1 0 1 "Robbery"
0 87 35 247 239 1159 1 0 1 "Robbery"
0 87 35 247 239 1160 1 0 1 "Robbery"
0 87 35 247 239 1161 1 0 1 "Robbery"
0 87 35 247 239 1162 1 0 1 "Robbery"
0 87 35 247 239 1163 1 0 1 "Robbery"
0 87 35 246 239 1164 1 0 1 "Robbery"
0 87 35 246 239 1165 1 0 1 "Robbery"
0 87 35 246 239 1166 1 0 1 "Robbery"
0 87 35 246 239 1167 1 0 1 "Robbery"
0 87 36 246 239 1168 1 0 1 "Robbery"
0 86 36 245 239 1169 1 0 1 "Robbery"
0 86 36 245 239 1170 1 0 1 "Robbery"
0 86 36 245 239 1171 1 0 1 "Robbery"
0 86 36 245 239 1172 1 0 1 "Robbery"
0 86 36 245 239 1173 1 0 1 "Robbery"
0 86 36 244 239 1174 1 0 1 "Robbery"
0 86 36 244 239 1175 1 0 1 "Robbery"
0 86 36 244 239 1176 1 0 1 "Robbery"
0 86 36 244 239 1177 1 0 1 "Robbery"
0 86 36 244 239 1178 1 0 1 "Robbery"
0 86 36 243 239 1179 1 0 1 "Robbery"
0 86 36 243 239 1180 1 0 1 "Robbery"
0 86 36 243 239 1181 1 0 1 "Robbery"
0 86 36 243 239 1182 1 0 1 "Robbery"
0 86 36 243 239 1183 1 0 1 "Robbery"
0 86 36 242 239 1184 1 0 1 "Robbery"
0 86 36 242 239 1185 1 0 1 "Robbery"
0 86 36 242 239 1186 1 0 1 "Robbery"
0 86 36 242 239 1187 1 0 1 "Robbery"
0 86 36 242 239 1188 1 0 1 "Robbery"
0 86 36 241 239 1189 1 0 1 "Robbery"
0 86 36 241 239 1190 1 0 1 "Robbery"
0 86 36 241 239 1191 1 0 1 "Robbery"
0 86 36 241 239 1192 1 0 1 "Robbery"
0 86 36 241 239 1193 1 0 1 "Robbery"
0 86 36 240 239 1194 1 0 1 "Robbery"
0 86 36 240 239 1195 1 0 1 "Robbery"
0 86 37 240 239 1196 1 0 1 "Robbery"
0 86 37 240 239 1197 1 0 1 "Robbery"
0 86 37 240 239 1198 1 0 1 "Robbery"
0 86 37 239 239 1199 1 0 1 "Robbery"
0 86 37 239 239 1200 1 0 1 "Robbery"
0 86 37 239 239 1201 1 0 1 "Robbery"
0 86 37 239 239 1202 1 0 1 "Robbery"
0 86 37 239 239 1203 1 0 1 "Robbery"
0 86 37 238 239 1204 1 0 1 "Robbery"
0 86 37 238 239 1205 1 0 1 "Robbery"
0 86 37 238 239 1206 1 0 1 "Robbery"
0 86 37 238 239 1207 1 0 1 "Robbery"
0 86 37 238 239 1208 1 0 1 "Robbery"
0 86 37 237 239 1209 1 0 1 "Robbery"
0 86 37 237 239 1210 1 0 1 "Robbery"
0 86 37 237 239 1211 1 0 1 "Robbery"
0 86 37 237 239 1212 1 0 1 "Robbery"
0 86 37 237 239 1213 1 0 1 "Robbery"
0 86 37 236 239 1214 1 0 1 "Robbery"
0 86 37 236 239 1215 1 0 1 "Robbery"
0 86 37 236 239 1216 1 0 1 "Robbery"
0 86 37 236 239 1217 1 0 1 "Robbery"
0 86 37 236 239 1218 1 0 1 "Robbery"
0 86 37 235 239 1219 1 0 1 "Robbery"
0 86 37 235 239 1220 1 0 1 "Robbery"
0 86 37 235 239 1221 1 0 1 "Robbery"
0 86 37 235 239 1222 1 0 1 "Robbery"
0 86 38 235 239 1223 0 0 0 "Robbery"
0 85 37 234 238 1224 0 0 1 "Robbery"
0 85 36 234 237 1225 0 0 1 "Robbery"
0 85 36 234 237 1226 0 0 1 "Robbery"
0 84 35 233 236 1227 0 0 1 "Robbery"
0 84 35 233 236 1228 0 0 1 "Robbery"
0 84 34 233 235 1229 0 0 1 "Robbery"
0 83 33 232 234 1230 0 0 1 "Robbery"
0 83 33 232 234 1231 0 0 1 "Robbery"
0 83 32 232 233 1232 0 0 1 "Robbery"
0 83 32 232 233 1233 0 0 0 "Robbery"
0 82 31 231 232 1234 0 0 1 "Robbery"
0 82 31 231 232 1235 0 0 1 "Robbery"
0 82 31 231 232 1236 0 0 1 "Robbery"
0 81 31 230 232 1237 0 0 1 "Robbery"
0 81 31 230 232 1238 0 0 1 "Robbery"
0 81 30 230 231 1239 0 0 1 "Robbery"
0 80 30 229 231 1240 0 0 1 "Robbery"
0 80 30 229 231 1241 0 0 1 "Robbery"
0 80 30 229 231 1242 0 0 1 "Robbery"
0 80 30 229 231 1243 0 0 0 "Robbery"
0 81 29 229 230 1244 0 0 1 "Robbery"
0 82 28 229 229 1245 0 0 1 "Robbery"
0 83 27 229 228 1246 0 0 1 "Robbery"
0 84 27 229 227 1247 0 0 1 "Robbery"
0 86 26 229 227 1248 0 0 1 "Robbery"
0 87 25 229 226 1249 0 0 1 "Robbery"
0 88 25 229 225 1250 0 0 1 "Robbery"
0 89 24 229 224 1251 0 0 1 "Robbery"
0 90 23 229 223 1252 0 0 1 "Robbery"
0 92 23 229 223 1253 0 0 0 "Robbery"
0 91 22 228 222 1254 0 0 1 "Robbery"
0 91 21 228 221 1255 0 0 1 "Robbery"
0 91 21 228 221 1256 0 0 1 "Robbery"
0 91 20 228 220 1257 0 0 1 "Robbery"
0 91 20 228 220 1258 0 0 1 "Robbery"
0 91 19 228 219 1259 0 0 1 "Robbery"
0 91 18 228 218 1260 0 0 1 "Robbery"
0 91 18 228 218 1261 0 0 1 "Robbery"
0 91 17 228 217 1262 0 0 1 "Robbery"
0 91 17 228 217 1263 0 0 0 "Robbery"
0 88 16 225 216 1264 0 0 1 "Robbery"
0 86 16 223 216 1265 0 0 1 "Robbery"
0 83 16 220 216 1266 0 0 1 "Robbery"
0 81 15 218 215 1267 0 0 1 "Robbery"
0 79 15 216 215 1268 0 0 1 "Robbery"
0 76 15 213 215 1269 0 0 1 "Robbery"
0 74 14 211 214 1270 0 0 1 "Robbery"
0 71 14 208 214 1271 0 0 1 "Robbery"
0 69 14 206 214 1272 0 0 1 "Robbery"
0 67 14 204 214 1273 0 0 0 "Robbery"
0 65 13 202 212 1274 0 0 1 "Robbery"
0 64 13 201 211 1275 0 0 1 "Robbery"
0 63 13 199 210 1276 0 0 1 "Robbery"
0 61 13 198 209 1277 0 0 1 "Robbery"
0 60 13 197 208 1278 0 0 1 "Robbery"
0 59 12 195 206 1279 0 0 1 "Robbery"
0 57 12 194 205 1280 0 0 1 "Robbery"
0 56 12 193 204 1281 0 0 1 "Robbery"
0 55 12 191 203 1282 0 0 1 "Robbery"
0 54 12 190 202 1283 0 0 1 "Robbery"
0 52 11 189 200 1284 0 0 1 "Robbery"
0 51 11 187 199 1285 0 0 1 "Robbery"
0 50 11 186 198 1286 0 0 1 "Robbery"
0 48 11 185 197 1287 0 0 1 "Robbery"
0 47 11 183 196 1288 0 0 1 "Robbery"
0 46 10 182 194 1289 0 0 1 "Robbery"
0 44 10 181 193 1290 0 0 1 "Robbery"
0 43 10 179 192 1291 0 0 1 "Robbery"
0 42 10 178 191 1292 0 0 1 "Robbery"
0 41 10 177 190 1293 0 0 0 "Robbery"
0 40 10 174 188 1294 0 0 1 "Robbery"
0 40 10 171 186 1295 0 0 1 "Robbery"
0 40 10 168 184 1296 0 0 1 "Robbery"
0 39 10 165 182 1297 0 0 1 "Robbery"
0 39 10 162 181 1298 0 0 1 "Robbery"
0 39 10 159 179 1299 0 0 1 "Robbery"
0 38 10 156 177 1300 0 0 1 "Robbery"
0 38 10 153 175 1301 0 0 1 "Robbery"
0 38 10 150 173 1302 0 0 1 "Robbery"
0 38 11 147 172 1303 1 0 0 "Robbery"
0 38 11 147 172 1304 1 0 1 "Robbery"
0 38 11 147 172 1305 1 0 1 "Robbery"
0 38 11 147 172 1306 1 0 1 "Robbery"
0 38 11 147 172 1307 1 0 1 "Robbery"
0 38 11 147 172 1308 1 0 1 "Robbery"
0 38 11 147 172 1309 1 0 1 "Robbery"
0 38 11 147 172 1310 1 0 1 "Robbery"
0 38 11 147 172 1311 1 0 1 "Robbery"
0 38 11 147 172 1312 1 0 1 "Robbery"
0 38 11 147 172 1313 1 0 0 "Robbery"
0 38 11 149 173 1314 1 0 1 "Robbery"
0 39 11 151 174 1315 1 0 1 "Robbery"
0 40 12 153 175 1316 1 0 1 "Robbery"
0 41 12 156 177 1317 1 0 1 "Robbery"
0 41 12 158 178 1318 1 0 1 "Robbery"
0 42 13 160 179 1319 1 0 1 "Robbery"
0 43 13 162 180 1320 1 0 1 "Robbery"
0 44 13 165 182 1321 1 0 1 "Robbery"
0 44 14 167 183 1322 1 0 1 "Robbery"
0 45 14 169 184 1323 1 0 1 "Robbery"
0 46 14 171 185 1324 1 0 1 "Robbery"
0 47 15 174 187 1325 1 0 1 "Robbery"
0 47 15 176 188 1326 1 0 1 "Robbery"
0 48 15 178 189 1327 1 0 1 "Robbery"
0 49 16 180 190 1328 1 0 1 "Robbery"
0 50 16 183 192 1329 1 0 1 "Robbery"
0 50 16 185 193 1330 1 0 1 "Robbery"
0 51 17 187 194 1331 1 0 1 "Robbery"
0 52 17 190 196 1332 1 0 1 "Robbery"
0 53 17 192 197 1333 1 0 1 "Robbery"
0 53 18 194 198 1334 1 0 1 "Robbery"
0 54 18 196 199 1335 1 0 1 "Robbery"
0 55 18 199 201 1336 1 0 1 "Robbery"
0 56 19 201 202 1337 1 0 1 "Robbery"
0 56 19 203 203 1338 1 0 1 "Robbery"
0 57 19 205 204 1339 1 0 1 "Robbery"
0 58 20 208 206 1340 1 0 1 "Robbery"
0 59 20 210 207 1341 1 0 1 "Robbery"
0 59 20 212 208 1342 1 0 1 "Robbery"
0 60 21 214 209 1343 1 0 1 "Robbery"
0 61 21 217 211 1344 1 0 1 "Robbery"
0 62 21 219 212 1345 1 0 1 "Robbery"
0 62 22 221 213 1346 1 0 1 "Robbery"
0 63 22 223 214 1347 1 0 1 "Robbery"
0 64 22 226 216 1348 1 0 1 "Robbery"
0 65 23 228 217 1349 1 0 1 "Robbery"
0 65 23 230 218 1350 1 0 1 "Robbery"
0 66 23 233 220 1351 1 0 1 "Robbery"
0 67 24 235 221 1352 1 0 1 "Robbery"
0 68 24 237 222 1353 1 0 1 "Robbery"
0 68 24 239 223 1354 1 0 1 "Robbery"
0 69 25 242 225 1355 1 0 1 "Robbery"
0 70 25 244 226 1356 1 0 1 "Robbery"
0 71 25 246 227 1357 1 0 1 "Robbery"
0 71 26 248 228 1358 1 0 1 "Robbery"
0 72 26 251 230 1359 1 0 1 "Robbery"
0 73 26 253 231 1360 1 0 1 "Robbery"
0 74 27 255 232 1361 1 0 1 "Robbery"
0 74 27 257 233 1362 1 0 1 "Robbery"
0 75 27 260 235 1363 1 0 1 "Robbery"
0 76 28 262 236 1364 1 0 1 "Robbery"
0 77 28 264 237 1365 1 0 1 "Robbery"
0 78 29 267 239 1366 1 0 0 "Robbery"
