0 222 59 293 121 0 1 0 0 "Robbery"
0 222 58 293 120 1 1 0 1 "Robbery"
0 222 58 293 120 2 1 0 1 "Robbery"
0 222 58 293 120 3 1 0 1 "Robbery"
0 222 58 293 120 4 1 0 1 "Robbery"
0 222 58 293 120 5 1 0 1 "Robbery"
0 222 58 293 120 6 1 0 1 "Robbery"
0 222 58 293 120 7 1 0 1 "Robbery"
0 223 58 293 120 8 1 0 1 "Robbery"
0 223 58 293 120 9 1 0 1 "Robbery"
0 223 58 293 120 10 1 0 1 "Robbery"
0 223 58 293 120 11 1 0 1 "Robbery"
0 223 58 293 120 12 1 0 1 "Robbery"
0 223 58 293 120 13 1 0 1 "Robbery"
0 223 58 293 120 14 1 0 1 "Robbery"
0 223 58 293 120 15 1 0 1 "Robbery"
0 224 58 293 120 16 1 0 1 "Robbery"
0 224 58 293 120 17 1 0 1 "Robbery"
0 224 58 293 120 18 1 0 1 "Robbery"
0 224 58 293 120 19 1 0 1 "Robbery"
0 224 58 293 120 20 1 0 1 "Robbery"
0 224 58 293 120 21 1 0 1 "Robbery"
0 224 58 293 120 22 1 0 1 "Robbery"
0 224 58 293 120 23 1 0 1 "Robbery"
0 225 58 293 120 24 1 0 1 "Robbery"
0 225 58 293 120 25 1 0 1 "Robbery"
0 225 58 293 120 26 1 0 1 "Robbery"
0 225 58 293 120 27 1 0 1 "Robbery"
0 225 58 293 120 28 1 0 1 "Robbery"
0 225 58 293 120 29 1 0 1 "Robbery"
0 225 58 293 120 30 1 0 1 "Robbery"
0 225 58 293 120 31 1 0 1 "Robbery"
0 226 58 293 120 32 1 0 1 "Robbery"
0 226 58 293 120 33 1 0 1 "Robbery"
0 226 58 293 120 34 1 0 1 "Robbery"
0 226 58 293 120 35 1 0 1 "Robbery"
0 226 58 293 120 36 1 0 1 "Robbery"
0 226 58 293 120 37 1 0 1 "Robbery"
0 226 58 293 120 38 1 0 1 "Robbery"
0 226 58 293 120 39 1 0 1 "Robbery"
0 227 58 293 120 40 1 0 1 "Robbery"
0 227 58 293 120 41 1 0 1 "Robbery"
0 227 58 293 120 42 1 0 1 "Robbery"
0 227 58 293 120 43 1 0 1 "Robbery"
0 227 58 293 120 44 1 0 1 "Robbery"
0 227 58 293 120 45 1 0 1 "Robbery"
0 227 58 293 120 46 1 0 1 "Robbery"
0 227 58 293 120 47 1 0 1 "Robbery"
0 228 58 293 120 48 1 0 1 "Robbery"
0 228 58 293 120 49 1 0 1 "Robbery"
0 228 58 293 120 50 1 0 1 "Robbery"
0 228 58 293 120 51 1 0 1 "Robbery"
0 228 58 293 120 52 1 0 1 "Robbery"
0 228 58 293 120 53 1 0 1 "Robbery"
0 228 58 293 120 54 1 0 1 "Robbery"
0 228 58 293 120 55 1 0 1 "Robbery"
0 229 58 293 120 56 1 0 1 "Robbery"
0 229 58 293 120 57 1 0 1 "Robbery"
0 229 58 293 120 58 1 0 1 "Robbery"
0 229 58 294 120 59 1 0 1 "Robbery"
0 229 58 294 120 60 1 0 1 "Robbery"
0 229 58 294 120 61 1 0 1 "Robbery"
0 229 58 294 120 62 1 0 1 "Robbery"
0 229 58 294 120 63 1 0 1 "Robbery"
0 230 58 294 120 64 1 0 1 "Robbery"
0 230 58 294 120 65 1 0 1 "Robbery"
0 230 58 294 120 66 1 0 1 "Robbery"
0 230 58 294 120 67 1 0 1 "Robbery"
0 230 58 294 120 68 1 0 1 "Robbery"
0 230 58 294 120 69 1 0 1 "Robbery"
0 230 58 294 120 70 1 0 1 "Robbery"
0 230 58 294 120 71 1 0 1 "Robbery"
0 231 58 294 120 72 1 0 1 "Robbery"
0 231 58 294 120 73 1 0 1 "Robbery"
0 231 58 294 120 74 1 0 1 "Robbery"
0 231 58 294 120 75 1 0 1 "Robbery"
0 231 58 294 120 76 1 0 1 "Robbery"
0 231 58 294 120 77 1 0 1 "Robbery"
0 231 58 294 120 78 1 0 1 "Robbery"
0 231 58 294 120 79 1 0 1 "Robbery"
0 232 58 294 120 80 1 0 1 "Robbery"
0 232 58 294 120 81 1 0 1 "Robbery"
0 232 58 294 120 82 1 0 1 "Robbery"
0 232 58 294 120 83 1 0 1 "Robbery"
0 232 58 294 120 84 1 0 1 "Robbery"
0 232 58 294 120 85 1 0 1 "Robbery"
0 232 58 294 120 86 1 0 1 "Robbery"
0 232 58 294 120 87 1 0 1 "Robbery"
0 233 58 294 120 88 1 0 1 "Robbery"
0 233 58 294 119 89 1 0 1 "Robbery"
0 233 58 294 119 90 1 0 1 "Robbery"
0 233 58 294 119 91 1 0 1 "Robbery"
0 233 58 294 119 92 1 0 1 "Robbery"
0 233 58 294 119 93 1 0 1 "Robbery"
0 233 58 294 119 94 1 0 1 "Robbery"
0 233 58 294 119 95 1 0 1 "Robbery"
0 234 58 294 119 96 1 0 1 "Robbery"
0 234 58 294 119 97 1 0 1 "Robbery"
0 234 58 294 119 98 1 0 1 "Robbery"
0 234 58 294 119 99 1 0 1 "Robbery"
0 234 58 294 119 100 1 0 1 "Robbery"
0 234 58 294 119 101 1 0 1 "Robbery"
0 234 58 294 119 102 1 0 1 "Robbery"
0 234 58 294 119 103 1 0 1 "Robbery"
0 235 58 294 119 104 1 0 1 "Robbery"
0 235 58 294 119 105 1 0 1 "Robbery"
0 235 58 294 119 106 1 0 1 "Robbery"
0 235 58 294 119 107 1 0 1 "Robbery"
0 235 58 294 119 108 1 0 1 "Robbery"
0 235 58 294 119 109 1 0 1 "Robbery"
0 235 58 294 119 110 1 0 1 "Robbery"
0 235 58 294 119 111 1 0 1 "Robbery"
0 236 58 294 119 112 1 0 1 "Robbery"
0 236 58 294 119 113 1 0 1 "Robbery"
0 236 58 294 119 114 1 0 1 "Robbery"
0 236 58 294 119 115 1 0 1 "Robbery"
0 236 58 294 119 116 1 0 1 "Robbery"
0 236 58 294 119 117 1 0 1 "Robbery"
0 236 58 295 119 118 1 0 1 "Robbery"
0 236 58 295 119 119 1 0 1 "Robbery"
0 237 58 295 119 120 1 0 1 "Robbery"
0 237 58 295 119 121 1 0 1 "Robbery"
0 237 58 295 119 122 1 0 1 "Robbery"
0 237 58 295 119 123 1 0 1 "Robbery"
0 237 58 295 119 124 1 0 1 "Robbery"
0 237 58 295 119 125 1 0 1 "Robbery"
0 237 58 295 119 126 1 0 1 "Robbery"
0 237 58 295 119 127 1 0 1 "Robbery"
0 238 58 295 119 128 1 0 1 "Robbery"
0 238 58 295 119 129 1 0 1 "Robbery"
0 238 58 295 119 130 1 0 1 "Robbery"
0 238 58 295 119 131 1 0 1 "Robbery"
0 238 58 295 119 132 1 0 1 "Robbery"
0 238 58 295 119 133 1 0 1 "Robbery"
0 238 58 295 119 134 1 0 1 "Robbery"
0 238 58 295 119 135 1 0 1 "Robbery"
0 239 58 295 119 136 1 0 1 "Robbery"
0 239 58 295 119 137 1 0 1 "Robbery"
0 239 58 295 119 138 1 0 1 "Robbery"
0 239 58 295 119 139 1 0 1 "Robbery"
0 239 58 295 119 140 1 0 1 "Robbery"
0 239 58 295 119 141 1 0 1 "Robbery"
0 239 58 295 119 142 1 0 1 "Robbery"
0 239 58 295 119 143 1 0 1 "Robbery"
0 240 58 295 119 144 1 0 1 "Robbery"
0 240 58 295 119 145 1 0 1 "Robbery"
0 240 58 295 119 146 1 0 1 "Robbery"
0 240 58 295 119 147 1 0 1 "Robbery"
0 240 58 295 119 148 1 0 1 "Robbery"
0 240 58 295 119 149 1 0 1 "Robbery"
0 240 58 295 119 150 1 0 1 "Robbery"
0 240 58 295 119 151 1 0 1 "Robbery"
0 241 58 295 119 152 1 0 1 "Robbery"
0 241 58 295 119 153 1 0 1 "Robbery"
0 241 58 295 119 154 1 0 1 "Robbery"
0 241 58 295 119 155 1 0 1 "Robbery"
0 241 58 295 119 156 1 0 1 "Robbery"
0 241 58 295 119 157 1 0 1 "Robbery"
0 241 58 295 119 158 1 0 1 "Robbery"
0 241 58 295 119 159 1 0 1 "Robbery"
0 242 58 295 119 160 1 0 1 "Robbery"
0 242 58 295 119 161 1 0 1 "Robbery"
0 242 58 295 119 162 1 0 1 "Robbery"
0 242 58 295 119 163 1 0 1 "Robbery"
0 242 58 295 119 164 1 0 1 "Robbery"
0 242 58 295 119 165 1 0 1 "Robbery"
0 242 58 295 119 166 1 0 1 "Robbery"
0 242 58 295 119 167 1 0 1 "Robbery"
0 243 58 295 119 168 1 0 1 "Robbery"
0 243 58 295 119 169 1 0 1 "Robbery"
0 243 58 295 119 170 1 0 1 "Robbery"
0 243 58 295 119 171 1 0 1 "Robbery"
0 243 58 295 119 172 1 0 1 "Robbery"
0 243 58 295 119 173 1 0 1 "Robbery"
0 243 58 295 119 174 1 0 1 "Robbery"
0 243 58 295 119 175 1 0 1 "Robbery"
0 244 58 296 119 176 0 0 0 "Robbery"
0 243 58 295 119 177 0 0 1 "Robbery"
0 242 58 295 119 178 0 0 1 "Robbery"
0 241 58 295 119 179 0 0 1 "Robbery"
0 240 58 295 119 180 0 0 1 "Robbery"
0 239 58 295 119 181 0 0 1 "Robbery"
0 238 58 295 119 182 0 0 1 "Robbery"
0 237 58 295 119 183 0 0 1 "Robbery"
0 236 58 294 119 184 0 0 1 "Robbery"
0 235 58 294 119 185 0 0 1 "Robbery"
0 234 58 294 119 186 0 0 1 "Robbery"
0 234 58 294 119 187 0 0 1 "Robbery"
0 233 58 294 119 188 0 0 1 "Robbery"
0 232 58 294 119 189 0 0 1 "Robbery"
0 231 58 294 119 190 0 0 1 "Robbery"
0 230 58 293 119 191 0 0 1 "Robbery"
0 229 58 293 119 192 0 0 1 "Robbery"
0 228 58 293 119 193 0 0 1 "Robbery"
0 227 58 293 119 194 0 0 1 "Robbery"
0 226 58 293 119 195 0 0 1 "Robbery"
0 225 58 293 119 196 0 0 1 "Robbery"
0 224 58 293 119 197 0 0 1 "Robbery"
0 224 59 293 119 198 0 0 0 "Robbery"
0 223 58 292 118 199 0 0 1 "Robbery"
0 223 58 292 118 200 0 0 1 "Robbery"
0 223 58 292 118 201 0 0 1 "Robbery"
0 223 58 292 118 202 0 0 1 "Robbery"
0 223 58 292 118 203 0 0 1 "Robbery"
0 223 58 292 118 204 0 0 1 "Robbery"
0 223 58 292 118 205 0 0 1 "Robbery"
0 223 58 292 118 206 0 0 1 "Robbery"
0 223 58 292 118 207 0 0 1 "Robbery"
0 223 58 292 118 208 0 0 1 "Robbery"
0 222 58 291 118 209 0 0 1 "Robbery"
0 222 58 291 118 210 0 0 1 "Robbery"
0 222 58 291 118 211 0 0 1 "Robbery"
0 222 58 291 118 212 0 0 1 "Robbery"
0 222 58 291 118 213 0 0 1 "Robbery"
0 222 58 291 118 214 0 0 1 "Robbery"
0 222 58 291 118 215 0 0 1 "Robbery"
0 222 58 291 118 216 0 0 1 "Robbery"
0 222 58 291 118 217 0 0 1 "Robbery"
0 222 58 291 118 218 0 0 1 "Robbery"
0 222 58 291 118 219 0 0 1 "Robbery"
0 221 57 290 117 220 0 0 1 "Robbery"
0 221 57 290 117 221 0 0 1 "Robbery"
0 221 57 290 117 222 0 0 1 "Robbery"
0 221 57 290 117 223 0 0 1 "Robbery"
0 221 57 290 117 224 0 0 1 "Robbery"
0 221 57 290 117 225 0 0 1 "Robbery"
0 221 57 290 117 226 0 0 1 "Robbery"
0 221 57 290 117 227 0 0 1 "Robbery"
0 221 57 290 117 228 0 0 1 "Robbery"
0 221 57 290 117 229 0 0 1 "Robbery"
0 221 57 290 117 230 0 0 1 "Robbery"
0 220 57 289 117 231 0 0 1 "Robbery"
0 220 57 289 117 232 0 0 1 "Robbery"
0 220 57 289 117 233 0 0 1 "Robbery"
0 220 57 289 117 234 0 0 1 "Robbery"
0 220 57 289 117 235 0 0 1 "Robbery"
0 220 57 289 117 236 0 0 1 "Robbery"
0 220 57 289 117 237 0 0 1 "Robbery"
0 220 57 289 117 238 0 0 1 "Robbery"
0 220 57 289 117 239 0 0 1 "Robbery"
0 220 57 289 117 240 0 0 1 "Robbery"
0 219 56 288 116 241 0 0 1 "Robbery"
0 219 56 288 116 242 0 0 1 "Robbery"
0 219 56 288 116 243 0 0 1 "Robbery"
0 219 56 288 116 244 0 0 1 "Robbery"
0 219 56 288 116 245 0 0 1 "Robbery"
0 219 56 288 116 246 0 0 1 "Robbery"
0 219 56 288 116 247 0 0 1 "Robbery"
0 219 56 288 116 248 0 0 1 "Robbery"
0 219 56 288 116 249 0 0 1 "Robbery"
0 219 56 288 116 250 0 0 1 "Robbery"
0 219 56 288 116 251 0 0 1 "Robbery"
0 218 56 287 116 252 0 0 1 "Robbery"
0 218 56 287 116 253 0 0 1 "Robbery"
0 218 56 287 116 254 0 0 1 "Robbery"
0 218 56 287 116 255 0 0 1 "Robbery"
0 218 56 287 116 256 0 0 1 "Robbery"
0 218 56 287 116 257 0 0 1 "Robbery"
0 218 56 287 116 258 0 0 1 "Robbery"
0 218 56 287 116 259 0 0 1 "Robbery"
0 218 56 287 116 260 0 0 1 "Robbery"
0 218 56 287 116 261 0 0 1 "Robbery"
0 218 56 287 116 262 0 0 0 "Robbery"
0 217 56 286 116 263 0 0 1 "Robbery"
0 217 56 286 116 264 0 0 1 "Robbery"
0 216 56 285 116 265 0 0 1 "Robbery"
0 216 56 285 116 266 0 0 1 "Robbery"
0 216 56 285 116 267 0 0 1 "Robbery"
0 215 56 284 116 268 0 0 1 "Robbery"
0 215 56 284 116 269 0 0 1 "Robbery"
0 215 56 284 116 270 0 0 1 "Robbery"
0 214 56 283 116 271 0 0 1 "Robbery"
0 214 56 283 116 272 0 0 1 "Robbery"
0 214 56 283 116 273 0 0 0 "Robbery"
0 213 56 283 115 274 0 0 1 "Robbery"
0 213 56 283 115 275 0 0 1 "Robbery"
0 213 56 283 115 276 0 0 1 "Robbery"
0 213 56 283 115 277 0 0 1 "Robbery"
0 212 56 283 115 278 0 0 1 "Robbery"
0 212 56 283 115 279 0 0 1 "Robbery"
0 212 56 283 115 280 0 0 1 "Robbery"
0 212 56 283 115 281 0 0 1 "Robbery"
0 212 56 283 115 282 0 0 1 "Robbery"
0 211 56 283 115 283 0 0 1 "Robbery"
0 211 56 283 115 284 0 0 1 "Robbery"
0 211 56 283 115 285 0 0 1 "Robbery"
0 211 56 283 115 286 0 0 1 "Robbery"
0 211 56 283 115 287 0 0 1 "Robbery"
0 210 56 283 115 288 0 0 1 "Robbery"
0 210 56 283 115 289 0 0 1 "Robbery"
0 210 56 283 115 290 0 0 1 "Robbery"
0 210 56 283 115 291 0 0 1 "Robbery"
0 210 56 283 115 292 0 0 1 "Robbery"
0 209 56 283 115 293 0 0 1 "Robbery"
0 209 56 283 115 294 0 0 1 "Robbery"
0 209 56 283 115 295 0 0 1 "Robbery"
0 209 56 283 115 296 0 0 1 "Robbery"
0 208 56 283 115 297 0 0 1 "Robbery"
0 208 56 283 115 298 0 0 1 "Robbery"
0 208 56 283 115 299 0 0 1 "Robbery"
0 208 56 283 115 300 0 0 1 "Robbery"
0 208 56 283 115 301 0 0 1 "Robbery"
0 207 56 283 115 302 0 0 1 "Robbery"
0 207 56 283 115 303 0 0 1 "Robbery"
0 207 56 283 115 304 0 0 1 "Robbery"
0 207 56 283 115 305 0 0 1 "Robbery"
0 207 56 283 115 306 0 0 1 "Robbery"
0 206 56 283 115 307 0 0 1 "Robbery"
0 206 56 283 115 308 0 0 1 "Robbery"
0 206 56 283 115 309 0 0 1 "Robbery"
0 206 56 283 115 310 0 0 1 "Robbery"
0 206 56 283 115 311 0 0 1 "Robbery"
0 205 56 283 115 312 0 0 1 "Robbery"
0 205 56 283 115 313 0 0 1 "Robbery"
0 205 56 283 115 314 0 0 1 "Robbery"
0 205 56 283 115 315 0 0 1 "Robbery"
0 204 56 283 115 316 0 0 1 "Robbery"
0 204 56 283 115 317 0 0 1 "Robbery"
0 204 56 283 115 318 0 0 1 "Robbery"
0 204 56 283 115 319 0 0 1 "Robbery"
0 204 56 283 115 320 0 0 1 "Robbery"
0 203 56 283 115 321 0 0 1 "Robbery"
0 203 56 283 115 322 0 0 1 "Robbery"
0 203 56 283 115 323 0 0 1 "Robbery"
0 203 56 283 115 324 0 0 1 "Robbery"
0 203 56 283 115 325 0 0 1 "Robbery"
0 202 56 283 115 326 0 0 1 "Robbery"
0 202 56 283 115 327 0 0 1 "Robbery"
0 202 56 283 115 328 0 0 1 "Robbery"
0 202 56 283 115 329 0 0 1 "Robbery"
0 202 56 283 115 330 0 0 1 "Robbery"
0 201 56 283 115 331 0 0 1 "Robbery"
0 201 56 283 115 332 0 0 1 "Robbery"
0 201 56 283 115 333 0 0 1 "Robbery"
0 201 56 283 115 334 0 0 1 "Robbery"
0 201 56 283 115 335 0 0 0 "Robbery"
0 197 56 282 117 336 0 0 1 "Robbery"
0 194 56 281 119 337 0 0 1 "Robbery"
0 190 56 281 121 338 0 0 1 "Robbery"
0 187 56 280 123 339 0 0 1 "Robbery"
0 184 56 279 125 340 0 0 1 "Robbery"
0 180 56 279 127 341 0 0 1 "Robbery"
0 177 56 278 129 342 0 0 1 "Robbery"
0 174 57 278 132 343 0 0 0 "Robbery"
0 174 56 278 131 344 0 0 1 "Robbery"
0 175 56 278 131 345 0 0 1 "Robbery"
0 176 56 278 131 346 0 0 1 "Robbery"
0 177 56 278 130 347 0 0 1 "Robbery"
0 178 56 278 130 348 0 0 1 "Robbery"
0 179 56 278 130 349 0 0 1 "Robbery"
0 180 56 278 129 350 0 0 1 "Robbery"
0 180 55 279 129 351 0 0 1 "Robbery"
0 181 55 279 129 352 0 0 1 "Robbery"
0 182 55 279 129 353 0 0 1 "Robbery"
0 183 55 279 128 354 0 0 1 "Robbery"
0 184 55 279 128 355 0 0 1 "Robbery"
0 185 55 279 128 356 0 0 1 "Robbery"
0 186 55 279 127 357 0 0 1 "Robbery"
0 187 55 279 127 358 0 0 1 "Robbery"
0 187 54 280 127 359 0 0 1 "Robbery"
0 188 54 280 127 360 0 0 1 "Robbery"
0 189 54 280 126 361 0 0 1 "Robbery"
0 190 54 280 126 362 0 0 1 "Robbery"
0 191 54 280 126 363 0 0 1 "Robbery"
0 192 54 280 125 364 0 0 1 "Robbery"
0 193 54 280 125 365 0 0 1 "Robbery"
0 194 54 280 125 366 0 0 1 "Robbery"
0 194 53 281 125 367 0 0 1 "Robbery"
0 195 53 281 124 368 0 0 1 "Robbery"
0 196 53 281 124 369 0 0 1 "Robbery"
0 197 53 281 124 370 0 0 1 "Robbery"
0 198 53 281 123 371 0 0 1 "Robbery"
0 199 53 281 123 372 0 0 1 "Robbery"
0 200 53 281 123 373 0 0 1 "Robbery"
0 201 53 282 123 374 0 0 0 "Robbery"
0 201 53 282 123 375 0 0 1 "Robbery"
0 202 53 283 123 376 0 0 1 "Robbery"
0 203 53 284 123 377 0 0 1 "Robbery"
0 203 53 284 123 378 0 0 1 "Robbery"
0 204 53 285 123 379 0 0 1 "Robbery"
0 205 53 286 123 380 0 0 1 "Robbery"
0 205 53 286 123 381 0 0 1 "Robbery"
0 206 53 287 123 382 0 0 1 "Robbery"
0 207 53 288 123 383 0 0 1 "Robbery"
0 208 53 289 123 384 0 0 0 "Robbery"
0 208 53 289 123 385 0 0 1 "Robbery"
0 209 53 289 123 386 0 0 1 "Robbery"
0 210 53 289 123 387 0 0 1 "Robbery"
0 210 53 289 123 388 0 0 1 "Robbery"
0 211 53 289 123 389 0 0 1 "Robbery"
0 212 53 289 123 390 0 0 1 "Robbery"
0 212 53 289 123 391 0 0 1 "Robbery"
0 213 53 289 123 392 0 0 1 "Robbery"
0 214 53 289 123 393 0 0 1 "Robbery"
0 215 54 290 123 394 0 0 1 "Robbery"
0 215 54 290 123 395 0 0 1 "Robbery"
0 216 54 290 123 396 0 0 1 "Robbery"
0 217 54 290 123 397 0 0 1 "Robbery"
0 217 54 290 124 398 0 0 1 "Robbery"
0 218 54 290 124 399 0 0 1 "Robbery"
0 219 54 290 124 400 0 0 1 "Robbery"
0 219 54 290 124 401 0 0 1 "Robbery"
0 220 54 290 124 402 0 0 1 "Robbery"
0 221 54 290 124 403 0 0 1 "Robbery"
0 222 55 291 124 404 0 0 1 "Robbery"
0 222 55 291 124 405 0 0 1 "Robbery"
0 223 55 291 124 406 0 0 1 "Robbery"
0 224 55 291 124 407 0 0 1 "Robbery"
0 224 55 291 124 408 0 0 1 "Robbery"
0 225 55 291 124 409 0 0 1 "Robbery"
0 226 55 291 124 410 0 0 1 "Robbery"
0 226 55 291 125 411 0 0 1 "Robbery"
0 227 55 291 125 412 0 0 1 "Robbery"
0 228 55 291 125 413 0 0 1 "Robbery"
0 229 56 292 125 414 0 0 1 "Robbery"
0 229 56 292 125 415 0 0 1 "Robbery"
0 230 56 292 125 416 0 0 1 "Robbery"
0 231 56 292 125 417 0 0 1 "Robbery"
0 231 56 292 125 418 0 0 1 "Robbery"
0 232 56 292 125 419 0 0 1 "Robbery"
0 233 56 292 125 420 0 0 1 "Robbery"
0 233 56 292 125 421 0 0 1 "Robbery"
0 234 56 292 125 422 0 0 1 "Robbery"
0 235 56 292 125 423 0 0 1 "Robbery"
0 236 57 293 126 424 0 0 0 "Robbery"
0 233 57 293 125 425 0 0 1 "Robbery"
0 231 57 293 125 426 0 0 1 "Robbery"
0 229 57 293 125 427 0 0 1 "Robbery"
0 226 57 293 125 428 0 0 1 "Robbery"
0 224 57 293 125 429 0 0 1 "Robbery"
0 222 57 293 125 430 0 0 1 "Robbery"
0 219 57 293 125 431 0 0 1 "Robbery"
0 217 57 293 125 432 0 0 1 "Robbery"
0 215 57 293 125 433 0 0 0 "Robbery"
0 213 57 293 124 434 0 0 1 "Robbery"
0 211 57 293 124 435 0 0 1 "Robbery"
0 209 57 293 124 436 0 0 1 "Robbery"
0 208 57 293 124 437 0 0 1 "Robbery"
0 206 57 293 124 438 0 0 1 "Robbery"
0 204 57 293 124 439 0 0 1 "Robbery"
0 203 57 293 124 440 0 0 0 "Robbery"
0 203 53 292 124 441 0 0 1 "Robbery"
0 203 50 292 124 442 0 0 1 "Robbery"
0 203 46 292 124 443 0 0 1 "Robbery"
0 203 43 292 124 444 0 0 0 "Robbery"
0 201 42 290 123 445 0 0 1 "Robbery"
0 200 42 289 123 446 0 0 1 "Robbery"
0 199 41 288 122 447 0 0 1 "Robbery"
0 198 41 287 122 448 0 0 1 "Robbery"
0 197 40 286 121 449 0 0 1 "Robbery"
0 196 40 285 121 450 0 0 1 "Robbery"
0 195 39 284 120 451 0 0 1 "Robbery"
0 194 39 283 120 452 0 0 1 "Robbery"
0 193 38 282 119 453 0 0 1 "Robbery"
0 192 38 281 119 454 0 0 1 "Robbery"
0 191 37 280 118 455 0 0 1 "Robbery"
0 190 37 279 118 456 0 0 1 "Robbery"
0 189 36 278 117 457 0 0 1 "Robbery"
0 188 36 277 117 458 0 0 0 "Robbery"
0 188 36 276 116 459 0 0 1 "Robbery"
0 188 36 276 116 460 0 0 1 "Robbery"
0 188 36 276 116 461 0 0 1 "Robbery"
0 189 36 276 116 462 0 0 1 "Robbery"
0 189 36 276 116 463 0 0 1 "Robbery"
0 189 36 276 116 464 0 0 1 "Robbery"
0 189 36 276 116 465 0 0 1 "Robbery"
0 190 36 276 116 466 0 0 1 "Robbery"
0 190 36 276 116 467 0 0 1 "Robbery"
0 190 36 276 116 468 0 0 1 "Robbery"
0 191 36 276 116 469 0 0 1 "Robbery"
0 191 36 276 116 470 0 0 1 "Robbery"
0 191 36 276 116 471 0 0 1 "Robbery"
0 191 36 276 116 472 0 0 1 "Robbery"
0 192 36 276 115 473 0 0 1 "Robbery"
0 192 36 276 115 474 0 0 1 "Robbery"
0 192 36 276 115 475 0 0 1 "Robbery"
0 193 36 276 115 476 0 0 1 "Robbery"
0 193 37 276 115 477 0 0 1 "Robbery"
0 193 37 276 115 478 0 0 1 "Robbery"
0 193 37 276 115 479 0 0 1 "Robbery"
0 194 37 276 115 480 0 0 1 "Robbery"
0 194 37 276 115 481 0 0 1 "Robbery"
0 194 37 276 115 482 0 0 1 "Robbery"
0 195 37 276 115 483 0 0 1 "Robbery"
0 195 37 276 115 484 0 0 1 "Robbery"
0 195 37 276 115 485 0 0 1 "Robbery"
0 195 37 276 115 486 0 0 1 "Robbery"
0 196 37 276 115 487 0 0 1 "Robbery"
0 196 37 276 114 488 0 0 1 "Robbery"
0 196 37 276 114 489 0 0 1 "Robbery"
0 197 37 276 114 490 0 0 1 "Robbery"
0 197 37 276 114 491 0 0 1 "Robbery"
0 197 37 276 114 492 0 0 1 "Robbery"
0 197 37 276 114 493 0 0 1 "Robbery"
0 198 37 276 114 494 0 0 1 "Robbery"
0 198 38 276 114 495 0 0 1 "Robbery"
0 198 38 275 114 496 0 0 1 "Robbery"
0 199 38 275 114 497 0 0 1 "Robbery"
0 199 38 275 114 498 0 0 1 "Robbery"
0 199 38 275 114 499 0 0 1 "Robbery"
0 199 38 275 114 500 0 0 1 "Robbery"
0 200 38 275 114 501 0 0 1 "Robbery"
0 200 38 275 114 502 0 0 1 "Robbery"
0 200 38 275 113 503 0 0 1 "Robbery"
0 201 38 275 113 504 0 0 1 "Robbery"
0 201 38 275 113 505 0 0 1 "Robbery"
0 201 38 275 113 506 0 0 1 "Robbery"
0 201 38 275 113 507 0 0 1 "Robbery"
0 202 38 275 113 508 0 0 1 "Robbery"
0 202 38 275 113 509 0 0 1 "Robbery"
0 202 38 275 113 510 0 0 1 "Robbery"
0 203 38 275 113 511 0 0 1 "Robbery"
0 203 38 275 113 512 0 0 1 "Robbery"
0 203 38 275 113 513 0 0 1 "Robbery"
0 203 39 275 113 514 0 0 1 "Robbery"
0 204 39 275 113 515 0 0 1 "Robbery"
0 204 39 275 113 516 0 0 1 "Robbery"
0 204 39 275 113 517 0 0 1 "Robbery"
0 205 39 275 112 518 0 0 1 "Robbery"
0 205 39 275 112 519 0 0 1 "Robbery"
0 205 39 275 112 520 0 0 1 "Robbery"
0 205 39 275 112 521 0 0 1 "Robbery"
0 206 39 275 112 522 0 0 1 "Robbery"
0 206 39 275 112 523 0 0 1 "Robbery"
0 206 39 275 112 524 0 0 1 "Robbery"
0 207 39 275 112 525 0 0 1 "Robbery"
0 207 39 275 112 526 0 0 1 "Robbery"
0 207 39 275 112 527 0 0 1 "Robbery"
0 207 39 275 112 528 0 0 1 "Robbery"
0 208 39 275 112 529 0 0 1 "Robbery"
0 208 39 275 112 530 0 0 1 "Robbery"
0 208 39 275 112 531 0 0 1 "Robbery"
0 209 40 275 112 532 0 0 0 "Robbery"
0 207 39 274 111 533 0 0 1 "Robbery"
0 206 39 273 111 534 0 0 1 "Robbery"
0 204 39 273 111 535 0 0 1 "Robbery"
0 203 39 272 111 536 0 0 1 "Robbery"
0 202 39 271 111 537 0 0 1 "Robbery"
0 200 39 271 111 538 0 0 1 "Robbery"
0 199 39 270 111 539 0 0 1 "Robbery"
0 198 39 269 110 540 0 0 1 "Robbery"
0 196 39 269 110 541 0 0 1 "Robbery"
0 195 39 268 110 542 0 0 1 "Robbery"
0 194 39 268 110 543 0 0 1 "Robbery"
0 192 38 267 110 544 0 0 1 "Robbery"
0 191 38 266 110 545 0 0 1 "Robbery"
0 189 38 266 110 546 0 0 1 "Robbery"
0 188 38 265 109 547 0 0 1 "Robbery"
0 187 38 264 109 548 0 0 1 "Robbery"
0 185 38 264 109 549 0 0 1 "Robbery"
0 184 38 263 109 550 0 0 1 "Robbery"
0 183 38 262 109 551 0 0 1 "Robbery"
0 181 38 262 109 552 0 0 1 "Robbery"
0 180 38 261 109 553 0 0 1 "Robbery"
0 179 38 261 109 554 0 0 0 "Robbery"
0 176 38 258 109 555 0 0 1 "Robbery"
0 174 38 256 109 556 0 0 1 "Robbery"
0 171 39 253 110 557 0 0 1 "Robbery"
0 169 39 251 110 558 0 0 1 "Robbery"
0 167 40 249 111 559 0 0 1 "Robbery"
0 164 40 246 111 560 0 0 1 "Robbery"
0 162 40 244 111 561 0 0 1 "Robbery"
0 159 41 241 112 562 0 0 1 "Robbery"
0 157 41 239 112 563 0 0 1 "Robbery"
0 155 42 237 113 564 0 0 0 "Robbery"
0 153 42 236 112 565 0 0 1 "Robbery"
0 151 42 236 112 566 0 0 1 "Robbery"
0 149 42 235 112 567 0 0 1 "Robbery"
0 148 42 235 112 568 0 0 1 "Robbery"
0 146 42 234 112 569 0 0 1 "Robbery"
0 144 42 234 112 570 0 0 1 "Robbery"
0 142 42 233 112 571 0 0 1 "Robbery"
0 141 42 233 112 572 0 0 1 "Robbery"
0 139 42 232 112 573 0 0 1 "Robbery"
0 137 42 232 112 574 0 0 1 "Robbery"
0 135 42 231 112 575 0 0 1 "Robbery"
0 134 42 231 112 576 0 0 0 "Robbery"
0 135 42 231 111 577 0 0 1 "Robbery"
0 136 42 231 111 578 0 0 1 "Robbery"
0 137 42 231 111 579 0 0 1 "Robbery"
0 138 42 231 111 580 0 0 1 "Robbery"
0 139 42 231 111 581 0 0 1 "Robbery"
0 140 42 231 111 582 0 0 1 "Robbery"
0 141 42 231 111 583 0 0 1 "Robbery"
0 142 42 231 111 584 0 0 1 "Robbery"
0 143 42 231 111 585 0 0 1 "Robbery"
0 144 42 231 111 586 0 0 1 "Robbery"
0 145 42 231 111 587 0 0 1 "Robbery"
0 147 42 231 111 588 0 0 1 "Robbery"
0 148 42 231 111 589 0 0 1 "Robbery"
0 149 42 231 111 590 0 0 1 "Robbery"
0 150 42 231 111 591 0 0 1 "Robbery"
0 151 42 231 111 592 0 0 1 "Robbery"
0 152 42 231 111 593 0 0 1 "Robbery"
0 153 42 231 111 594 0 0 1 "Robbery"
0 154 42 231 111 595 0 0 1 "Robbery"
0 155 42 231 111 596 0 0 1 "Robbery"
0 156 42 231 111 597 0 0 1 "Robbery"
0 157 42 231 111 598 0 0 1 "Robbery"
0 158 42 231 111 599 0 0 1 "Robbery"
0 160 42 231 111 600 0 0 0 "Robbery"
0 159 42 231 110 601 0 0 1 "Robbery"
0 159 42 231 110 602 0 0 1 "Robbery"
0 159 42 231 110 603 0 0 1 "Robbery"
0 158 42 231 110 604 0 0 1 "Robbery"
0 158 42 231 110 605 0 0 1 "Robbery"
0 158 42 231 110 606 0 0 1 "Robbery"
0 158 42 231 110 607 0 0 1 "Robbery"
0 157 42 231 110 608 0 0 1 "Robbery"
0 157 42 231 110 609 0 0 1 "Robbery"
0 157 42 231 110 610 0 0 1 "Robbery"
0 156 42 231 110 611 0 0 1 "Robbery"
0 156 42 231 110 612 0 0 1 "Robbery"
0 156 42 231 110 613 0 0 1 "Robbery"
0 156 42 231 110 614 0 0 1 "Robbery"
0 155 42 231 110 615 0 0 1 "Robbery"
0 155 42 231 110 616 0 0 1 "Robbery"
0 155 42 231 110 617 0 0 1 "Robbery"
0 154 42 231 110 618 0 0 1 "Robbery"
0 154 42 231 110 619 0 0 1 "Robbery"
0 154 42 231 110 620 0 0 1 "Robbery"
0 154 42 231 110 621 0 0 1 "Robbery"
0 153 42 231 110 622 0 0 1 "Robbery"
0 153 42 231 110 623 0 0 1 "Robbery"
0 153 42 231 110 624 0 0 1 "Robbery"
0 152 42 231 110 625 0 0 1 "Robbery"
0 152 42 231 110 626 0 0 1 "Robbery"
0 152 42 231 110 627 0 0 1 "Robbery"
0 152 42 231 110 628 0 0 1 "Robbery"
0 151 42 231 110 629 0 0 1 "Robbery"
0 151 42 231 110 630 0 0 1 "Robbery"
0 151 42 231 110 631 0 0 1 "Robbery"
0 150 42 231 110 632 0 0 1 "Robbery"
0 150 42 231 110 633 0 0 1 "Robbery"
0 150 42 231 110 634 0 0 1 "Robbery"
0 150 42 231 110 635 0 0 0 "Robbery"
0 149 42 230 110 636 0 0 1 "Robbery"
0 149 42 230 110 637 0 0 1 "Robbery"
0 149 42 230 110 638 0 0 1 "Robbery"
0 149 42 230 110 639 0 0 1 "Robbery"
0 149 42 230 110 640 0 0 1 "Robbery"
0 148 42 229 110 641 0 0 1 "Robbery"
0 148 42 229 110 642 0 0 1 "Robbery"
0 148 42 229 110 643 0 0 1 "Robbery"
0 148 42 229 110 644 0 0 1 "Robbery"
0 148 42 229 110 645 0 0 1 "Robbery"
0 148 42 229 110 646 0 0 1 "Robbery"
0 147 42 228 110 647 0 0 1 "Robbery"
0 147 42 228 110 648 0 0 1 "Robbery"
0 147 42 228 110 649 0 0 1 "Robbery"
0 147 42 228 110 650 0 0 1 "Robbery"
0 147 42 228 110 651 0 0 1 "Robbery"
0 147 43 228 111 652 0 0 1 "Robbery"
0 146 43 227 111 653 0 0 1 "Robbery"
0 146 43 227 111 654 0 0 1 "Robbery"
0 146 43 227 111 655 0 0 1 "Robbery"
0 146 43 227 111 656 0 0 1 "Robbery"
0 146 43 227 111 657 0 0 1 "Robbery"
0 145 43 226 111 658 0 0 1 "Robbery"
0 145 43 226 111 659 0 0 1 "Robbery"
0 145 43 226 111 660 0 0 1 "Robbery"
0 145 43 226 111 661 0 0 1 "Robbery"
0 145 43 226 111 662 0 0 1 "Robbery"
0 145 43 226 111 663 0 0 1 "Robbery"
0 144 43 225 111 664 0 0 1 "Robbery"
0 144 43 225 111 665 0 0 1 "Robbery"
0 144 43 225 111 666 0 0 1 "Robbery"
0 144 43 225 111 667 0 0 1 "Robbery"
0 144 43 225 111 668 0 0 1 "Robbery"
0 144 44 225 112 669 0 0 0 "Robbery"
0 142 44 224 112 670 0 0 1 "Robbery"
0 140 44 224 112 671 0 0 1 "Robbery"
0 138 44 224 112 672 0 0 1 "Robbery"
0 136 44 223 112 673 0 0 1 "Robbery"
0 134 45 223 112 674 0 0 1 "Robbery"
0 132 45 223 112 675 0 0 1 "Robbery"
0 130 45 222 112 676 0 0 1 "Robbery"
0 128 45 222 113 677 0 0 1 "Robbery"
0 126 45 222 113 678 0 0 1 "Robbery"
0 124 46 221 113 679 0 0 1 "Robbery"
0 122 46 221 113 680 0 0 1 "Robbery"
0 120 46 221 113 681 0 0 1 "Robbery"
0 118 46 220 113 682 0 0 1 "Robbery"
0 116 46 220 113 683 0 0 1 "Robbery"
0 114 47 220 114 684 0 0 0 "Robbery"
0 112 47 220 113 685 0 0 1 "Robbery"
0 111 47 220 113 686 0 0 1 "Robbery"
0 110 47 220 113 687 0 0 1 "Robbery"
0 109 47 220 113 688 0 0 1 "Robbery"
0 107 47 220 113 689 0 0 1 "Robbery"
0 106 47 220 113 690 0 0 1 "Robbery"
0 105 47 220 113 691 0 0 1 "Robbery"
0 104 47 220 113 692 0 0 0 "Robbery"
0 105 47 220 113 693 0 0 1 "Robbery"
0 107 47 220 113 694 0 0 1 "Robbery"
0 109 47 220 113 695 0 0 1 "Robbery"
0 110 47 220 113 696 0 0 1 "Robbery"
0 112 47 221 113 697 0 0 1 "Robbery"
0 114 47 221 113 698 0 0 1 "Robbery"
0 115 47 221 113 699 0 0 1 "Robbery"
0 117 47 221 113 700 0 0 1 "Robbery"
0 119 47 221 113 701 0 0 1 "Robbery"
0 120 47 222 113 702 0 0 1 "Robbery"
0 122 47 222 113 703 0 0 1 "Robbery"
0 124 47 222 113 704 0 0 1 "Robbery"
0 125 47 222 113 705 0 0 1 "Robbery"
0 127 47 222 113 706 0 0 1 "Robbery"
0 129 47 223 113 707 0 0 1 "Robbery"
0 130 47 223 113 708 0 0 1 "Robbery"
0 132 47 223 113 709 0 0 1 "Robbery"
0 134 47 223 113 710 0 0 1 "Robbery"
0 136 47 223 113 711 0 0 1 "Robbery"
0 137 47 224 113 712 0 0 1 "Robbery"
0 139 47 224 113 713 0 0 1 "Robbery"
0 141 47 224 113 714 0 0 1 "Robbery"
0 142 47 224 113 715 0 0 1 "Robbery"
0 144 47 224 113 716 0 0 1 "Robbery"
0 146 47 225 113 717 0 0 1 "Robbery"
0 147 47 225 113 718 0 0 1 "Robbery"
0 149 47 225 113 719 0 0 1 "Robbery"
0 151 47 225 113 720 0 0 1 "Robbery"
0 152 47 225 113 721 0 0 1 "Robbery"
0 154 47 226 113 722 0 0 1 "Robbery"
0 156 47 226 113 723 0 0 1 "Robbery"
0 157 47 226 113 724 0 0 1 "Robbery"
0 159 47 226 113 725 0 0 1 "Robbery"
0 161 47 226 113 726 0 0 1 "Robbery"
0 163 48 227 113 727 0 0 0 "Robbery"
0 164 48 229 113 728 0 0 1 "Robbery"
0 166 48 232 113 729 0 0 1 "Robbery"
0 168 48 235 113 730 0 0 1 "Robbery"
0 169 48 238 113 731 0 0 1 "Robbery"
0 171 48 241 113 732 0 0 1 "Robbery"
0 173 48 244 113 733 0 0 1 "Robbery"
0 174 48 247 113 734 0 0 1 "Robbery"
0 176 48 250 113 735 0 0 1 "Robbery"
0 178 49 253 113 736 0 0 0 "Robbery"
0 181 49 256 113 737 0 0 1 "Robbery"
0 184 49 259 113 738 0 0 1 "Robbery"
0 187 49 262 113 739 0 0 1 "Robbery"
0 190 50 265 114 740 0 0 1 "Robbery"
0 193 50 268 114 741 0 0 1 "Robbery"
0 196 50 271 114 742 0 0 1 "Robbery"
0 199 50 274 114 743 0 0 1 "Robbery"
0 203 51 278 115 744 0 0 0 "Robbery"
0 205 51 280 115 745 0 0 1 "Robbery"
0 208 52 283 116 746 0 0 1 "Robbery"
0 211 52 286 116 747 0 0 1 "Robbery"
0 214 53 289 117 748 0 0 0 "Robbery"
0 215 53 290 117 749 0 0 1 "Robbery"
0 216 54 291 118 750 0 0 1 "Robbery"
0 218 54 293 118 751 0 0 1 "Robbery"
0 219 55 294 119 752 0 0 1 "Robbery"
0 221 56 296 120 753 1 0 0 "Robbery"
0 231 56 296 119 754 1 0 1 "Robbery"
0 241 56 296 119 755 1 0 1 "Robbery"
0 251 56 296 119 756 1 0 1 "Robbery"
0 261 56 296 119 757 1 0 0 "Robbery"
0 261 56 296 119 758 1 0 1 "Robbery"
0 261 56 296 119 759 1 0 1 "Robbery"
0 261 56 296 119 760 1 0 1 "Robbery"
0 261 56 296 119 761 1 0 1 "Robbery"
0 261 56 296 119 762 1 0 1 "Robbery"
0 261 56 296 119 763 1 0 1 "Robbery"
0 261 56 296 119 764 1 0 1 "Robbery"
0 261 56 296 119 765 1 0 1 "Robbery"
0 261 56 296 119 766 1 0 1 "Robbery"
0 261 56 296 119 767 1 0 1 "Robbery"
0 261 56 296 119 768 1 0 1 "Robbery"
0 261 56 296 119 769 1 0 1 "Robbery"
0 261 56 296 119 770 1 0 1 "Robbery"
0 261 56 296 119 771 1 0 1 "Robbery"
0 261 56 296 119 772 1 0 1 "Robbery"
0 261 56 296 119 773 1 0 1 "Robbery"
0 261 56 296 119 774 1 0 1 "Robbery"
0 261 56 296 119 775 1 0 1 "Robbery"
0 261 56 296 119 776 1 0 1 "Robbery"
0 261 56 296 119 777 1 0 1 "Robbery"
0 261 56 296 119 778 1 0 1 "Robbery"
0 261 56 296 119 779 1 0 1 "Robbery"
0 261 56 296 119 780 1 0 1 "Robbery"
0 261 56 296 119 781 1 0 1 "Robbery"
0 261 56 296 119 782 1 0 1 "Robbery"
0 261 56 296 119 783 1 0 1 "Robbery"
0 261 56 296 119 784 1 0 1 "Robbery"
0 261 56 296 119 785 1 0 1 "Robbery"
0 261 56 296 119 786 1 0 1 "Robbery"
0 261 56 296 119 787 1 0 1 "Robbery"
0 261 56 296 119 788 1 0 1 "Robbery"
0 261 56 296 119 789 1 0 1 "Robbery"
0 261 56 296 119 790 1 0 1 "Robbery"
0 261 56 296 119 791 1 0 1 "Robbery"
0 261 56 296 119 792 1 0 1 "Robbery"
0 261 56 296 119 793 1 0 1 "Robbery"
0 261 56 296 119 794 1 0 1 "Robbery"
0 261 56 296 119 795 1 0 1 "Robbery"
0 261 56 296 119 796 1 0 1 "Robbery"
0 261 56 296 119 797 1 0 1 "Robbery"
0 261 56 296 119 798 1 0 1 "Robbery"
0 261 56 296 119 799 1 0 1 "Robbery"
0 261 56 296 119 800 1 0 1 "Robbery"
0 261 56 296 119 801 1 0 1 "Robbery"
0 261 56 296 119 802 1 0 1 "Robbery"
0 261 56 296 119 803 1 0 1 "Robbery"
0 261 56 296 119 804 1 0 1 "Robbery"
0 261 56 296 119 805 1 0 1 "Robbery"
0 261 56 296 119 806 1 0 1 "Robbery"
0 261 56 296 119 807 1 0 1 "Robbery"
0 261 56 296 119 808 1 0 1 "Robbery"
0 261 56 296 119 809 1 0 1 "Robbery"
0 261 56 296 119 810 1 0 1 "Robbery"
0 261 56 296 119 811 1 0 1 "Robbery"
0 261 56 296 119 812 1 0 1 "Robbery"
0 261 56 296 119 813 1 0 1 "Robbery"
0 261 56 296 119 814 1 0 1 "Robbery"
0 261 56 296 119 815 1 0 1 "Robbery"
0 261 56 296 119 816 1 0 1 "Robbery"
0 261 56 296 119 817 1 0 1 "Robbery"
0 261 56 296 119 818 1 0 1 "Robbery"
0 261 56 296 119 819 1 0 1 "Robbery"
0 261 56 296 119 820 1 0 1 "Robbery"
0 261 56 296 119 821 1 0 1 "Robbery"
0 261 56 296 119 822 1 0 1 "Robbery"
0 261 56 296 119 823 1 0 1 "Robbery"
0 261 56 296 119 824 1 0 1 "Robbery"
0 261 56 296 119 825 1 0 1 "Robbery"
0 261 56 296 119 826 1 0 1 "Robbery"
0 261 56 296 119 827 1 0 1 "Robbery"
0 261 56 296 119 828 1 0 1 "Robbery"
0 261 56 296 119 829 1 0 1 "Robbery"
0 261 56 296 119 830 1 0 1 "Robbery"
0 261 56 296 119 831 1 0 1 "Robbery"
0 261 56 296 119 832 1 0 1 "Robbery"
0 261 56 296 119 833 1 0 1 "Robbery"
0 261 56 296 119 834 1 0 1 "Robbery"
0 261 56 296 119 835 1 0 1 "Robbery"
0 261 56 296 119 836 1 0 1 "Robbery"
0 261 56 296 119 837 1 0 1 "Robbery"
0 261 56 296 119 838 1 0 1 "Robbery"
0 261 56 296 119 839 1 0 1 "Robbery"
0 261 56 296 119 840 1 0 1 "Robbery"
0 261 56 296 119 841 1 0 1 "Robbery"
0 261 56 296 119 842 1 0 1 "Robbery"
0 261 56 296 119 843 1 0 1 "Robbery"
0 261 56 296 119 844 1 0 1 "Robbery"
0 261 56 296 119 845 1 0 1 "Robbery"
0 261 56 296 119 846 1 0 1 "Robbery"
0 261 56 296 119 847 1 0 1 "Robbery"
0 261 56 296 119 848 1 0 1 "Robbery"
0 261 56 296 119 849 1 0 1 "Robbery"
0 261 56 296 119 850 1 0 1 "Robbery"
0 261 56 296 119 851 1 0 1 "Robbery"
0 261 56 296 119 852 1 0 1 "Robbery"
0 261 56 296 119 853 1 0 1 "Robbery"
0 261 56 296 119 854 1 0 1 "Robbery"
0 261 56 296 119 855 1 0 1 "Robbery"
0 261 56 296 119 856 1 0 1 "Robbery"
0 261 56 296 119 857 1 0 1 "Robbery"
0 261 56 296 119 858 1 0 1 "Robbery"
0 261 56 296 119 859 1 0 1 "Robbery"
0 261 56 296 119 860 1 0 1 "Robbery"
0 261 56 296 119 861 1 0 1 "Robbery"
0 261 56 296 119 862 1 0 1 "Robbery"
0 261 56 296 119 863 1 0 1 "Robbery"
0 261 56 296 119 864 1 0 1 "Robbery"
0 261 56 296 119 865 1 0 1 "Robbery"
0 261 56 296 119 866 1 0 1 "Robbery"
0 261 56 296 119 867 1 0 1 "Robbery"
0 261 56 296 119 868 1 0 1 "Robbery"
0 261 56 296 119 869 1 0 1 "Robbery"
0 261 56 296 119 870 1 0 1 "Robbery"
0 261 56 296 119 871 1 0 1 "Robbery"
0 261 56 296 119 872 1 0 1 "Robbery"
0 261 56 296 119 873 1 0 1 "Robbery"
0 261 56 296 119 874 1 0 1 "Robbery"
0 261 56 296 119 875 1 0 1 "Robbery"
0 261 56 296 119 876 1 0 1 "Robbery"
0 261 56 296 119 877 1 0 1 "Robbery"
0 261 56 296 119 878 1 0 1 "Robbery"
0 261 56 296 119 879 1 0 1 "Robbery"
0 261 56 296 119 880 1 0 1 "Robbery"
0 261 56 296 119 881 1 0 1 "Robbery"
0 261 56 296 119 882 1 0 1 "Robbery"
0 261 56 296 119 883 1 0 1 "Robbery"
0 261 56 296 119 884 1 0 1 "Robbery"
0 261 56 296 119 885 1 0 1 "Robbery"
0 261 56 296 119 886 1 0 1 "Robbery"
0 261 56 296 119 887 1 0 1 "Robbery"
0 261 56 296 119 888 1 0 1 "Robbery"
0 261 56 296 119 889 1 0 1 "Robbery"
0 261 56 296 119 890 1 0 1 "Robbery"
0 261 56 296 119 891 1 0 1 "Robbery"
0 261 56 296 119 892 1 0 1 "Robbery"
0 261 56 296 119 893 1 0 1 "Robbery"
0 261 56 296 119 894 1 0 1 "Robbery"
0 261 56 296 119 895 1 0 1 "Robbery"
0 261 56 296 119 896 1 0 1 "Robbery"
0 261 56 296 119 897 1 0 1 "Robbery"
0 261 56 296 119 898 1 0 1 "Robbery"
0 261 56 296 119 899 1 0 1 "Robbery"
0 261 56 296 119 900 1 0 1 "Robbery"
0 261 56 296 119 901 1 0 1 "Robbery"
0 261 56 296 119 902 1 0 1 "Robbery"
0 261 56 296 119 903 1 0 1 "Robbery"
0 261 56 296 119 904 1 0 1 "Robbery"
0 261 56 296 119 905 1 0 1 "Robbery"
0 261 56 296 119 906 1 0 1 "Robbery"
0 261 56 296 119 907 1 0 1 "Robbery"
0 261 56 296 119 908 1 0 1 "Robbery"
0 261 56 296 119 909 1 0 1 "Robbery"
0 261 56 296 119 910 1 0 1 "Robbery"
0 261 56 296 119 911 1 0 1 "Robbery"
0 261 56 296 119 912 1 0 1 "Robbery"
0 261 56 296 119 913 1 0 1 "Robbery"
0 261 56 296 119 914 1 0 1 "Robbery"
0 261 56 296 119 915 1 0 1 "Robbery"
0 261 56 296 119 916 1 0 1 "Robbery"
0 261 56 296 119 917 1 0 1 "Robbery"
0 261 56 296 119 918 1 0 1 "Robbery"
0 261 56 296 119 919 1 0 1 "Robbery"
0 261 56 296 119 920 1 0 1 "Robbery"
0 261 56 296 119 921 1 0 1 "Robbery"
0 261 56 296 119 922 1 0 1 "Robbery"
0 261 56 296 119 923 1 0 1 "Robbery"
0 261 56 296 119 924 1 0 1 "Robbery"
0 261 56 296 119 925 1 0 1 "Robbery"
0 261 56 296 119 926 1 0 1 "Robbery"
0 261 56 296 119 927 1 0 1 "Robbery"
0 261 56 296 119 928 1 0 1 "Robbery"
0 261 56 296 119 929 1 0 1 "Robbery"
0 261 56 296 119 930 1 0 1 "Robbery"
0 261 56 296 119 931 1 0 1 "Robbery"
0 261 56 296 119 932 1 0 1 "Robbery"
0 261 56 296 119 933 1 0 1 "Robbery"
0 261 56 296 119 934 1 0 1 "Robbery"
0 261 56 296 119 935 1 0 1 "Robbery"
0 261 56 296 119 936 1 0 1 "Robbery"
0 261 56 296 119 937 1 0 1 "Robbery"
0 261 56 296 119 938 1 0 1 "Robbery"
0 261 56 296 119 939 1 0 1 "Robbery"
0 261 56 296 119 940 1 0 1 "Robbery"
0 261 56 296 119 941 1 0 1 "Robbery"
0 261 56 296 119 942 1 0 1 "Robbery"
0 261 56 296 119 943 1 0 1 "Robbery"
0 261 56 296 119 944 1 0 1 "Robbery"
0 261 56 296 119 945 1 0 1 "Robbery"
0 261 56 296 119 946 1 0 1 "Robbery"
0 261 56 296 119 947 1 0 1 "Robbery"
0 261 56 296 119 948 1 0 1 "Robbery"
0 261 56 296 119 949 1 0 1 "Robbery"
0 261 56 296 119 950 1 0 1 "Robbery"
0 261 56 296 119 951 1 0 1 "Robbery"
0 261 56 296 119 952 1 0 1 "Robbery"
0 261 56 296 119 953 1 0 1 "Robbery"
0 261 56 296 119 954 1 0 1 "Robbery"
0 261 56 296 119 955 1 0 1 "Robbery"
0 261 56 296 119 956 1 0 1 "Robbery"
0 261 56 296 119 957 1 0 1 "Robbery"
0 261 56 296 119 958 1 0 1 "Robbery"
0 261 56 296 119 959 1 0 1 "Robbery"
0 261 56 296 119 960 1 0 1 "Robbery"
0 261 56 296 119 961 1 0 1 "Robbery"
0 261 56 296 119 962 1 0 1 "Robbery"
0 261 56 296 119 963 1 0 1 "Robbery"
0 261 56 296 119 964 1 0 1 "Robbery"
0 261 56 296 119 965 1 0 1 "Robbery"
0 261 56 296 119 966 1 0 1 "Robbery"
0 261 56 296 119 967 1 0 1 "Robbery"
0 261 56 296 119 968 1 0 1 "Robbery"
0 261 56 296 119 969 1 0 1 "Robbery"
0 261 56 296 119 970 1 0 1 "Robbery"
0 261 56 296 119 971 1 0 1 "Robbery"
0 261 56 296 119 972 1 0 1 "Robbery"
0 261 56 296 119 973 1 0 1 "Robbery"
0 261 56 296 119 974 1 0 1 "Robbery"
0 261 56 296 119 975 1 0 1 "Robbery"
0 261 56 296 119 976 1 0 1 "Robbery"
0 261 56 296 119 977 1 0 1 "Robbery"
0 261 56 296 119 978 1 0 1 "Robbery"
0 261 56 296 119 979 1 0 1 "Robbery"
0 261 56 296 119 980 1 0 1 "Robbery"
0 261 56 296 119 981 1 0 1 "Robbery"
0 261 56 296 119 982 1 0 1 "Robbery"
0 261 56 296 119 983 1 0 1 "Robbery"
0 261 56 296 119 984 1 0 1 "Robbery"
0 261 56 296 119 985 1 0 1 "Robbery"
0 261 56 296 119 986 1 0 1 "Robbery"
0 261 56 296 119 987 1 0 1 "Robbery"
0 261 56 296 119 988 1 0 1 "Robbery"
0 261 56 296 119 989 1 0 1 "Robbery"
0 261 56 296 119 990 1 0 1 "Robbery"
0 261 56 296 119 991 1 0 1 "Robbery"
0 261 56 296 119 992 1 0 1 "Robbery"
0 261 56 296 119 993 1 0 1 "Robbery"
0 261 56 296 119 994 1 0 1 "Robbery"
0 261 56 296 119 995 1 0 1 "Robbery"
0 261 56 296 119 996 1 0 1 "Robbery"
0 261 56 296 119 997 1 0 1 "Robbery"
0 261 56 296 119 998 1 0 1 "Robbery"
0 261 56 296 119 999 1 0 1 "Robbery"
0 261 56 296 119 1000 1 0 1 "Robbery"
0 261 56 296 119 1001 1 0 1 "Robbery"
0 261 56 296 119 1002 1 0 1 "Robbery"
0 261 56 296 119 1003 1 0 1 "Robbery"
0 261 56 296 119 1004 1 0 1 "Robbery"
0 261 56 296 119 1005 1 0 1 "Robbery"
0 261 56 296 119 1006 1 0 1 "Robbery"
0 261 56 296 119 1007 1 0 1 "Robbery"
0 261 56 296 119 1008 1 0 1 "Robbery"
0 261 56 296 119 1009 1 0 1 "Robbery"
0 261 56 296 119 1010 1 0 1 "Robbery"
0 261 56 296 119 1011 1 0 1 "Robbery"
0 261 56 296 119 1012 1 0 1 "Robbery"
0 261 56 296 119 1013 1 0 1 "Robbery"
0 261 56 296 119 1014 1 0 1 "Robbery"
0 261 56 296 119 1015 1 0 1 "Robbery"
0 261 56 296 119 1016 1 0 1 "Robbery"
0 261 56 296 119 1017 1 0 1 "Robbery"
0 261 56 296 119 1018 1 0 1 "Robbery"
0 261 56 296 119 1019 1 0 1 "Robbery"
0 261 56 296 119 1020 1 0 1 "Robbery"
0 261 56 296 119 1021 1 0 1 "Robbery"
0 261 56 296 119 1022 1 0 1 "Robbery"
0 261 56 296 119 1023 1 0 1 "Robbery"
0 261 56 296 119 1024 1 0 1 "Robbery"
0 261 56 296 119 1025 1 0 1 "Robbery"
0 261 56 296 119 1026 1 0 1 "Robbery"
0 261 56 296 119 1027 1 0 1 "Robbery"
0 261 56 296 119 1028 1 0 1 "Robbery"
0 261 56 296 119 1029 1 0 1 "Robbery"
0 261 56 296 119 1030 1 0 1 "Robbery"
0 261 56 296 119 1031 1 0 1 "Robbery"
0 261 56 296 119 1032 1 0 1 "Robbery"
0 261 56 296 119 1033 1 0 1 "Robbery"
0 261 56 296 119 1034 1 0 1 "Robbery"
0 261 56 296 119 1035 1 0 1 "Robbery"
0 261 56 296 119 1036 1 0 1 "Robbery"
0 261 56 296 119 1037 1 0 1 "Robbery"
0 261 56 296 119 1038 1 0 1 "Robbery"
0 261 56 296 119 1039 1 0 1 "Robbery"
0 261 56 296 119 1040 1 0 1 "Robbery"
0 261 56 296 119 1041 1 0 1 "Robbery"
0 261 56 296 119 1042 1 0 1 "Robbery"
0 261 56 296 119 1043 1 0 1 "Robbery"
0 261 56 296 119 1044 1 0 1 "Robbery"
0 261 56 296 119 1045 1 0 1 "Robbery"
0 261 56 296 119 1046 1 0 1 "Robbery"
0 261 56 296 119 1047 1 0 1 "Robbery"
0 261 56 296 119 1048 1 0 1 "Robbery"
0 261 56 296 119 1049 1 0 1 "Robbery"
0 261 56 296 119 1050 1 0 1 "Robbery"
0 261 56 296 119 1051 1 0 1 "Robbery"
0 261 56 296 119 1052 1 0 1 "Robbery"
0 261 56 296 119 1053 1 0 1 "Robbery"
0 261 56 296 119 1054 1 0 1 "Robbery"
0 261 56 296 119 1055 1 0 1 "Robbery"
0 261 56 296 119 1056 1 0 1 "Robbery"
0 261 56 296 119 1057 1 0 1 "Robbery"
0 261 56 296 119 1058 1 0 1 "Robbery"
0 261 56 296 119 1059 1 0 1 "Robbery"
0 261 56 296 119 1060 1 0 1 "Robbery"
0 261 56 296 119 1061 1 0 1 "Robbery"
0 261 56 296 119 1062 1 0 1 "Robbery"
0 261 56 296 119 1063 1 0 1 "Robbery"
0 261 56 296 119 1064 1 0 1 "Robbery"
0 261 56 296 119 1065 1 0 1 "Robbery"
0 261 56 296 119 1066 1 0 1 "Robbery"
0 261 56 296 119 1067 1 0 1 "Robbery"
0 261 56 296 119 1068 1 0 1 "Robbery"
0 261 56 296 119 1069 1 0 1 "Robbery"
0 261 56 296 119 1070 1 0 1 "Robbery"
0 261 56 296 119 1071 1 0 1 "Robbery"
0 261 56 296 119 1072 1 0 1 "Robbery"
0 261 56 296 119 1073 1 0 1 "Robbery"
0 261 56 296 119 1074 1 0 1 "Robbery"
0 261 56 296 119 1075 1 0 1 "Robbery"
0 261 56 296 119 1076 1 0 1 "Robbery"
0 261 56 296 119 1077 1 0 1 "Robbery"
0 261 56 296 119 1078 1 0 1 "Robbery"
0 261 56 296 119 1079 1 0 1 "Robbery"
0 261 56 296 119 1080 1 0 1 "Robbery"
0 261 56 296 119 1081 1 0 1 "Robbery"
0 261 56 296 119 1082 1 0 1 "Robbery"
0 261 56 296 119 1083 1 0 0 "Robbery"
