0 129 31 176 161 0 1 0 0 "Robbery"
0 129 31 176 161 1 1 0 1 "Robbery"
0 129 31 176 161 2 1 0 1 "Robbery"
0 129 31 176 161 3 1 0 1 "Robbery"
0 129 31 176 161 4 1 0 1 "Robbery"
0 129 31 176 161 5 1 0 1 "Robbery"
0 129 31 176 161 6 1 0 1 "Robbery"
0 129 31 176 161 7 1 0 1 "Robbery"
0 129 31 176 161 8 1 0 1 "Robbery"
0 129 31 176 161 9 1 0 1 "Robbery"
0 129 31 176 161 10 1 0 1 "Robbery"
0 129 31 176 161 11 1 0 1 "Robbery"
0 129 31 176 161 12 1 0 1 "Robbery"
0 129 31 176 161 13 1 0 1 "Robbery"
0 129 31 176 161 14 1 0 1 "Robbery"
0 129 31 176 161 15 1 0 1 "Robbery"
0 129 31 176 161 16 1 0 1 "Robbery"
0 129 31 176 161 17 1 0 1 "Robbery"
0 129 31 176 161 18 1 0 1 "Robbery"
0 129 31 176 161 19 1 0 1 "Robbery"
0 129 31 176 161 20 1 0 1 "Robbery"
0 129 31 176 161 21 1 0 1 "Robbery"
0 129 31 176 161 22 1 0 1 "Robbery"
0 129 31 176 161 23 1 0 1 "Robbery"
0 129 31 176 161 24 1 0 1 "Robbery"
0 129 31 176 161 25 1 0 1 "Robbery"
0 129 31 176 161 26 1 0 1 "Robbery"
0 129 31 176 161 27 1 0 1 "Robbery"
0 129 31 176 161 28 1 0 1 "Robbery"
0 129 31 176 161 29 1 0 1 "Robbery"
0 129 31 176 161 30 1 0 1 "Robbery"
0 129 31 176 161 31 1 0 1 "Robbery"
0 129 31 176 161 32 1 0 1 "Robbery"
0 129 31 176 161 33 1 0 1 "Robbery"
0 129 31 176 161 34 1 0 1 "Robbery"
0 129 31 176 161 35 1 0 1 "Robbery"
0 129 31 176 161 36 1 0 1 "Robbery"
0 129 31 176 161 37 1 0 1 "Robbery"
0 129 31 176 161 38 1 0 1 "Robbery"
0 129 31 176 161 39 1 0 1 "Robbery"
0 129 31 176 161 40 1 0 1 "Robbery"
0 129 31 176 161 41 1 0 1 "Robbery"
0 129 31 176 161 42 1 0 1 "Robbery"
0 129 31 176 161 43 1 0 1 "Robbery"
0 129 31 176 161 44 1 0 1 "Robbery"
0 129 31 176 161 45 1 0 1 "Robbery"
0 129 31 176 161 46 1 0 1 "Robbery"
0 129 31 176 161 47 0 0 0 "Robbery"
0 129 31 175 158 48 0 0 1 "Robbery"
0 129 31 175 156 49 0 0 1 "Robbery"
0 129 31 175 154 50 0 0 1 "Robbery"
0 129 31 175 152 51 0 0 1 "Robbery"
0 129 31 175 150 52 0 0 0 "Robbery"
0 129 31 174 144 53 0 0 1 "Robbery"
0 129 31 174 138 54 0 0 1 "Robbery"
0 129 31 174 132 55 0 0 1 "Robbery"
0 129 31 174 126 56 0 0 1 "Robbery"
0 129 31 174 120 57 0 0 1 "Robbery"
0 129 31 174 114 58 0 0 0 "Robbery"
0 128 30 173 113 59 0 0 1 "Robbery"
0 128 30 173 113 60 0 0 1 "Robbery"
0 127 30 172 113 61 0 0 1 "Robbery"
0 127 30 172 113 62 0 0 1 "Robbery"
0 127 30 172 113 63 0 0 0 "Robbery"
0 127 30 171 112 64 0 0 1 "Robbery"
0 127 30 171 111 65 0 0 1 "Robbery"
0 127 30 171 110 66 0 0 1 "Robbery"
0 127 30 171 109 67 0 0 1 "Robbery"
0 127 30 171 108 68 0 0 1 "Robbery"
0 127 30 171 107 69 0 0 1 "Robbery"
0 127 30 171 106 70 0 0 1 "Robbery"
0 127 30 171 105 71 0 0 1 "Robbery"
0 127 30 171 104 72 0 0 1 "Robbery"
0 127 30 171 103 73 0 0 1 "Robbery"
0 127 30 171 102 74 0 0 0 "Robbery"
0 126 30 171 101 75 0 0 1 "Robbery"
0 126 30 171 101 76 0 0 1 "Robbery"
0 126 30 171 101 77 0 0 1 "Robbery"
0 125 30 171 101 78 0 0 1 "Robbery"
0 125 30 171 101 79 0 0 1 "Robbery"
0 125 30 171 101 80 0 0 1 "Robbery"
0 125 30 171 101 81 0 0 1 "Robbery"
0 124 30 171 101 82 0 0 1 "Robbery"
0 124 30 171 101 83 0 0 1 "Robbery"
0 124 30 171 101 84 0 0 1 "Robbery"
0 123 30 171 101 85 0 0 1 "Robbery"
0 123 30 171 101 86 0 0 1 "Robbery"
0 123 30 171 101 87 0 0 1 "Robbery"
0 123 30 171 101 88 0 0 1 "Robbery"
0 122 30 171 101 89 0 0 1 "Robbery"
0 122 30 171 101 90 0 0 1 "Robbery"
0 122 30 171 101 91 0 0 1 "Robbery"
0 121 30 171 101 92 0 0 1 "Robbery"
0 121 30 171 101 93 0 0 1 "Robbery"
0 121 30 171 101 94 0 0 1 "Robbery"
0 121 30 171 101 95 0 0 1 "Robbery"
0 120 30 171 101 96 0 0 1 "Robbery"
0 120 30 171 101 97 0 0 1 "Robbery"
0 120 30 171 101 98 0 0 1 "Robbery"
0 119 30 171 101 99 0 0 1 "Robbery"
0 119 30 171 101 100 0 0 1 "Robbery"
0 119 30 171 101 101 0 0 1 "Robbery"
0 119 30 171 101 102 0 0 1 "Robbery"
0 118 30 171 101 103 0 0 1 "Robbery"
0 118 30 171 101 104 0 0 1 "Robbery"
0 118 30 171 101 105 0 0 1 "Robbery"
0 118 30 171 101 106 0 0 0 "Robbery"
0 117 30 171 100 107 0 0 1 "Robbery"
0 117 30 171 100 108 0 0 1 "Robbery"
0 116 30 171 100 109 0 0 1 "Robbery"
0 116 30 171 100 110 0 0 1 "Robbery"
0 115 30 171 100 111 0 0 1 "Robbery"
0 115 30 171 100 112 0 0 1 "Robbery"
0 115 30 171 100 113 0 0 0 "Robbery"
0 115 30 170 100 114 0 0 1 "Robbery"
0 115 30 170 100 115 0 0 1 "Robbery"
0 115 30 170 100 116 0 0 1 "Robbery"
0 115 30 170 101 117 0 0 1 "Robbery"
0 115 30 170 101 118 0 0 1 "Robbery"
0 115 30 170 101 119 0 0 1 "Robbery"
0 115 30 170 101 120 0 0 1 "Robbery"
0 115 30 170 102 121 0 0 1 "Robbery"
0 115 30 170 102 122 0 0 1 "Robbery"
0 115 30 170 102 123 0 0 1 "Robbery"
0 115 30 170 103 124 0 0 1 "Robbery"
0 115 30 170 103 125 0 0 1 "Robbery"
0 115 30 170 103 126 0 0 1 "Robbery"
0 115 30 170 103 127 0 0 1 "Robbery"
0 115 30 170 104 128 0 0 1 "Robbery"
0 115 30 170 104 129 0 0 1 "Robbery"
0 115 30 170 104 130 0 0 1 "Robbery"
0 115 30 170 105 131 0 0 1 "Robbery"
0 115 30 170 105 132 0 0 1 "Robbery"
0 115 30 170 105 133 0 0 1 "Robbery"
0 115 30 170 105 134 0 0 1 "Robbery"
0 115 30 170 106 135 0 0 1 "Robbery"
0 115 30 170 106 136 0 0 1 "Robbery"
0 115 30 170 106 137 0 0 1 "Robbery"
0 115 30 170 107 138 0 0 0 "Robbery"
0 114 29 170 109 139 0 0 1 "Robbery"
0 113 29 171 112 140 0 0 1 "Robbery"
0 112 29 171 115 141 0 0 1 "Robbery"
0 111 29 172 117 142 0 0 1 "Robbery"
0 110 29 172 120 143 0 0 1 "Robbery"
0 110 28 173 123 144 0 0 1 "Robbery"
0 109 28 173 126 145 0 0 1 "Robbery"
0 108 28 174 128 146 0 0 1 "Robbery"
0 107 28 174 131 147 0 0 1 "Robbery"
0 106 28 175 134 148 0 0 1 "Robbery"
0 106 28 176 137 149 0 0 0 "Robbery"
0 106 28 176 137 150 0 0 1 "Robbery"
0 107 29 177 138 151 0 0 1 "Robbery"
0 107 30 177 139 152 0 0 1 "Robbery"
0 108 31 178 140 153 0 0 1 "Robbery"
0 109 32 179 141 154 0 0 0 "Robbery"
0 108 32 178 141 155 0 0 1 "Robbery"
0 108 33 178 142 156 0 0 1 "Robbery"
0 107 34 177 143 157 0 0 1 "Robbery"
0 107 34 177 143 158 0 0 1 "Robbery"
0 107 35 177 144 159 0 0 1 "Robbery"
0 106 36 176 145 160 0 0 1 "Robbery"
0 106 37 176 146 161 0 0 1 "Robbery"
0 105 37 175 146 162 0 0 1 "Robbery"
0 105 38 175 147 163 0 0 1 "Robbery"
0 105 39 175 148 164 0 0 1 "Robbery"
0 104 40 174 149 165 0 0 1 "Robbery"
0 104 40 174 149 166 0 0 1 "Robbery"
0 103 41 173 150 167 0 0 1 "Robbery"
0 103 42 173 151 168 0 0 1 "Robbery"
0 103 43 173 152 169 0 0 0 "Robbery"
0 103 43 173 152 170 0 0 1 "Robbery"
0 103 43 173 152 171 0 0 1 "Robbery"
0 103 43 173 152 172 0 0 1 "Robbery"
0 103 43 173 152 173 0 0 1 "Robbery"
0 103 43 173 152 174 0 0 1 "Robbery"
0 103 43 173 152 175 0 0 1 "Robbery"
0 103 43 173 152 176 0 0 1 "Robbery"
0 103 43 173 152 177 0 0 0 "Robbery"
0 102 42 172 151 178 0 0 1 "Robbery"
0 101 41 171 150 179 0 0 1 "Robbery"
0 100 40 170 149 180 0 0 1 "Robbery"
0 100 40 170 149 181 0 0 1 "Robbery"
0 99 39 169 148 182 0 0 1 "Robbery"
0 98 38 168 147 183 0 0 1 "Robbery"
0 98 38 168 147 184 0 0 0 "Robbery"
0 98 38 168 147 185 0 0 1 "Robbery"
0 99 38 169 147 186 0 0 1 "Robbery"
0 100 39 170 148 187 0 0 1 "Robbery"
0 100 39 170 148 188 0 0 1 "Robbery"
0 101 40 171 149 189 0 0 1 "Robbery"
0 102 40 172 149 190 0 0 1 "Robbery"
0 102 41 172 150 191 0 0 1 "Robbery"
0 103 41 173 150 192 0 0 1 "Robbery"
0 104 42 174 151 193 0 0 0 "Robbery"
0 104 41 174 150 194 0 0 1 "Robbery"
0 104 40 174 149 195 0 0 1 "Robbery"
0 104 40 174 149 196 0 0 1 "Robbery"
0 104 39 174 148 197 0 0 1 "Robbery"
0 104 38 174 147 198 0 0 1 "Robbery"
0 104 38 174 147 199 0 0 1 "Robbery"
0 104 37 174 146 200 0 0 1 "Robbery"
0 105 36 175 145 201 0 0 1 "Robbery"
0 105 36 175 145 202 0 0 1 "Robbery"
0 105 35 175 144 203 0 0 1 "Robbery"
0 105 35 175 144 204 0 0 1 "Robbery"
0 105 34 175 143 205 0 0 1 "Robbery"
0 105 33 175 142 206 0 0 1 "Robbery"
0 105 33 175 142 207 0 0 1 "Robbery"
0 106 32 176 141 208 0 0 1 "Robbery"
0 106 31 176 140 209 0 0 1 "Robbery"
0 106 31 176 140 210 0 0 1 "Robbery"
0 106 30 176 139 211 0 0 1 "Robbery"
0 106 29 176 138 212 0 0 1 "Robbery"
0 106 29 176 138 213 0 0 1 "Robbery"
0 106 28 176 137 214 0 0 1 "Robbery"
0 107 28 177 137 215 0 0 0 "Robbery"
0 107 28 177 137 216 0 0 1 "Robbery"
0 108 28 178 137 217 0 0 1 "Robbery"
0 109 28 179 137 218 0 0 1 "Robbery"
0 110 28 180 137 219 0 0 1 "Robbery"
0 111 28 181 137 220 0 0 1 "Robbery"
0 112 28 182 137 221 0 0 1 "Robbery"
0 113 28 183 137 222 0 0 1 "Robbery"
0 114 28 184 137 223 0 0 1 "Robbery"
0 114 28 184 137 224 0 0 1 "Robbery"
0 115 28 185 137 225 0 0 1 "Robbery"
0 116 28 186 137 226 0 0 1 "Robbery"
0 117 28 187 137 227 0 0 1 "Robbery"
0 118 28 188 137 228 0 0 1 "Robbery"
0 119 28 189 137 229 0 0 1 "Robbery"
0 120 28 190 137 230 0 0 1 "Robbery"
0 121 28 191 137 231 0 0 0 "Robbery"
0 120 28 190 137 232 0 0 1 "Robbery"
0 120 28 190 137 233 0 0 1 "Robbery"
0 119 28 189 137 234 0 0 1 "Robbery"
0 119 28 189 137 235 0 0 1 "Robbery"
0 118 28 188 137 236 0 0 1 "Robbery"
0 118 28 188 137 237 0 0 1 "Robbery"
0 117 28 187 137 238 0 0 1 "Robbery"
0 117 29 187 138 239 0 0 1 "Robbery"
0 116 29 186 138 240 0 0 1 "Robbery"
0 116 29 186 138 241 0 0 1 "Robbery"
0 115 29 185 138 242 0 0 1 "Robbery"
0 115 29 185 138 243 0 0 1 "Robbery"
0 114 29 184 138 244 0 0 1 "Robbery"
0 114 29 184 138 245 0 0 1 "Robbery"
0 114 30 184 139 246 0 0 0 "Robbery"
0 112 30 182 139 247 0 0 1 "Robbery"
0 111 30 181 139 248 0 0 1 "Robbery"
0 110 30 180 139 249 0 0 1 "Robbery"
0 109 30 179 139 250 0 0 1 "Robbery"
0 108 31 178 140 251 0 0 1 "Robbery"
0 107 31 177 140 252 0 0 1 "Robbery"
0 106 31 176 140 253 0 0 1 "Robbery"
0 105 31 175 140 254 0 0 1 "Robbery"
0 104 32 174 141 255 0 0 0 "Robbery"
0 103 32 173 143 256 0 0 1 "Robbery"
0 102 32 173 146 257 0 0 1 "Robbery"
0 101 32 173 148 258 0 0 1 "Robbery"
0 100 32 172 151 259 0 0 1 "Robbery"
0 99 32 172 153 260 0 0 1 "Robbery"
0 98 32 172 156 261 0 0 1 "Robbery"
0 97 32 172 159 262 0 0 0 "Robbery"
0 97 33 172 160 263 0 0 1 "Robbery"
0 97 34 172 161 264 0 0 1 "Robbery"
0 97 36 172 163 265 0 0 1 "Robbery"
0 97 37 172 164 266 0 0 1 "Robbery"
0 97 39 172 166 267 0 0 0 "Robbery"
0 96 39 171 166 268 0 0 1 "Robbery"
0 96 40 171 167 269 0 0 1 "Robbery"
0 96 40 171 167 270 0 0 1 "Robbery"
0 96 41 171 168 271 0 0 1 "Robbery"
0 96 41 171 168 272 0 0 1 "Robbery"
0 96 42 171 169 273 0 0 1 "Robbery"
0 96 42 171 169 274 0 0 1 "Robbery"
0 96 43 171 170 275 0 0 0 "Robbery"
0 96 41 170 170 276 0 0 1 "Robbery"
0 96 39 170 170 277 0 0 1 "Robbery"
0 96 38 170 170 278 0 0 1 "Robbery"
0 96 36 170 170 279 0 0 1 "Robbery"
0 96 34 170 170 280 0 0 1 "Robbery"
0 96 33 170 170 281 0 0 1 "Robbery"
0 96 31 170 170 282 0 0 1 "Robbery"
0 96 29 170 170 283 0 0 1 "Robbery"
0 96 28 170 170 284 0 0 0 "Robbery"
0 96 28 169 169 285 0 0 1 "Robbery"
0 96 28 169 169 286 0 0 1 "Robbery"
0 96 28 168 169 287 0 0 1 "Robbery"
0 96 28 168 169 288 0 0 1 "Robbery"
0 96 28 168 169 289 0 0 1 "Robbery"
0 96 28 167 169 290 0 0 1 "Robbery"
0 96 28 167 169 291 0 0 1 "Robbery"
0 96 28 166 169 292 0 0 1 "Robbery"
0 96 28 166 169 293 0 0 1 "Robbery"
0 96 28 166 169 294 0 0 1 "Robbery"
0 96 28 165 169 295 0 0 1 "Robbery"
0 96 28 165 169 296 0 0 1 "Robbery"
0 96 28 165 169 297 0 0 1 "Robbery"
0 96 28 164 169 298 0 0 1 "Robbery"
0 96 28 164 169 299 0 0 1 "Robbery"
0 96 28 163 169 300 0 0 1 "Robbery"
0 96 28 163 169 301 0 0 1 "Robbery"
0 96 28 163 169 302 0 0 1 "Robbery"
0 96 28 162 169 303 0 0 1 "Robbery"
0 96 28 162 169 304 0 0 1 "Robbery"
0 96 28 162 169 305 0 0 0 "Robbery"
0 95 29 161 170 306 0 0 1 "Robbery"
0 94 30 160 171 307 0 0 1 "Robbery"
0 94 32 160 173 308 0 0 1 "Robbery"
0 93 33 159 174 309 0 0 1 "Robbery"
0 93 35 159 176 310 0 0 1 "Robbery"
0 92 36 158 177 311 0 0 1 "Robbery"
0 92 38 158 179 312 0 0 1 "Robbery"
0 91 39 157 180 313 0 0 1 "Robbery"
0 91 41 157 182 314 0 0 0 "Robbery"
0 89 41 157 181 315 0 0 1 "Robbery"
0 88 41 157 181 316 0 0 1 "Robbery"
0 87 41 157 181 317 0 0 1 "Robbery"
0 85 41 157 181 318 0 0 1 "Robbery"
0 84 41 157 181 319 0 0 1 "Robbery"
0 83 41 157 181 320 0 0 1 "Robbery"
0 81 41 157 181 321 0 0 1 "Robbery"
0 80 41 157 181 322 0 0 1 "Robbery"
0 79 41 157 181 323 0 0 1 "Robbery"
0 77 41 157 181 324 0 0 1 "Robbery"
0 76 41 157 181 325 0 0 1 "Robbery"
0 75 41 157 181 326 0 0 0 "Robbery"
0 74 40 156 180 327 0 0 1 "Robbery"
0 74 39 156 179 328 0 0 1 "Robbery"
0 74 39 156 179 329 0 0 1 "Robbery"
0 74 38 156 178 330 0 0 1 "Robbery"
0 74 38 156 178 331 0 0 1 "Robbery"
0 73 37 155 177 332 0 0 1 "Robbery"
0 73 37 155 177 333 0 0 1 "Robbery"
0 73 36 155 176 334 0 0 1 "Robbery"
0 73 36 155 176 335 0 0 1 "Robbery"
0 73 35 155 175 336 0 0 1 "Robbery"
0 72 35 154 175 337 0 0 1 "Robbery"
0 72 34 154 174 338 0 0 1 "Robbery"
0 72 34 154 174 339 0 0 1 "Robbery"
0 72 33 154 173 340 0 0 1 "Robbery"
0 72 33 154 173 341 0 0 0 "Robbery"
0 71 32 153 172 342 0 0 1 "Robbery"
0 71 31 153 171 343 0 0 1 "Robbery"
0 71 30 153 170 344 0 0 1 "Robbery"
0 70 29 152 169 345 0 0 1 "Robbery"
0 70 28 152 168 346 0 0 1 "Robbery"
0 70 28 152 168 347 0 0 0 "Robbery"
0 70 28 152 169 348 0 0 1 "Robbery"
0 70 28 152 171 349 0 0 1 "Robbery"
0 70 28 153 172 350 0 0 1 "Robbery"
0 70 28 153 174 351 0 0 1 "Robbery"
0 70 28 154 176 352 0 0 1 "Robbery"
0 70 28 154 177 353 0 0 1 "Robbery"
0 70 28 155 179 354 0 0 1 "Robbery"
0 70 28 155 181 355 0 0 1 "Robbery"
0 71 28 156 182 356 0 0 1 "Robbery"
0 71 28 156 184 357 0 0 1 "Robbery"
0 71 28 157 186 358 0 0 1 "Robbery"
0 71 28 157 187 359 0 0 1 "Robbery"
0 71 29 158 189 360 0 0 1 "Robbery"
0 71 29 158 190 361 0 0 1 "Robbery"
0 71 29 159 192 362 0 0 1 "Robbery"
0 71 29 159 194 363 0 0 1 "Robbery"
0 72 29 160 195 364 0 0 1 "Robbery"
0 72 29 160 197 365 0 0 1 "Robbery"
0 72 29 161 199 366 0 0 1 "Robbery"
0 72 29 161 200 367 0 0 1 "Robbery"
0 72 29 162 202 368 0 0 1 "Robbery"
0 72 29 162 204 369 0 0 1 "Robbery"
0 72 29 163 205 370 0 0 1 "Robbery"
0 72 29 163 207 371 0 0 1 "Robbery"
0 73 30 164 209 372 0 0 0 "Robbery"
0 73 30 164 208 373 0 0 1 "Robbery"
0 73 30 164 208 374 0 0 1 "Robbery"
0 73 30 164 208 375 0 0 1 "Robbery"
0 73 30 165 208 376 0 0 1 "Robbery"
0 73 30 165 208 377 0 0 1 "Robbery"
0 73 30 165 208 378 0 0 1 "Robbery"
0 73 30 166 208 379 0 0 1 "Robbery"
0 73 30 166 208 380 0 0 1 "Robbery"
0 73 30 166 208 381 0 0 1 "Robbery"
0 73 30 166 208 382 0 0 1 "Robbery"
0 73 30 167 208 383 0 0 1 "Robbery"
0 73 30 167 208 384 0 0 1 "Robbery"
0 73 30 167 208 385 0 0 1 "Robbery"
0 73 30 168 208 386 0 0 1 "Robbery"
0 73 30 168 208 387 0 0 1 "Robbery"
0 73 30 168 208 388 0 0 1 "Robbery"
0 73 30 168 208 389 0 0 1 "Robbery"
0 73 30 169 208 390 0 0 1 "Robbery"
0 73 30 169 208 391 0 0 1 "Robbery"
0 73 30 169 208 392 0 0 1 "Robbery"
0 73 30 170 208 393 0 0 1 "Robbery"
0 73 30 170 208 394 0 0 1 "Robbery"
0 73 30 170 208 395 0 0 1 "Robbery"
0 73 30 171 208 396 0 0 1 "Robbery"
0 73 30 171 208 397 0 0 1 "Robbery"
0 73 30 171 208 398 0 0 1 "Robbery"
0 73 30 171 208 399 0 0 1 "Robbery"
0 73 30 172 208 400 0 0 1 "Robbery"
0 73 30 172 208 401 0 0 1 "Robbery"
0 73 30 172 208 402 0 0 1 "Robbery"
0 73 30 173 208 403 0 0 1 "Robbery"
0 73 30 173 208 404 0 0 1 "Robbery"
0 73 30 173 208 405 0 0 1 "Robbery"
0 73 30 173 208 406 0 0 1 "Robbery"
0 73 30 174 208 407 0 0 1 "Robbery"
0 73 30 174 208 408 0 0 1 "Robbery"
0 73 30 174 208 409 0 0 1 "Robbery"
0 73 30 175 208 410 0 0 1 "Robbery"
0 73 30 175 208 411 0 0 1 "Robbery"
0 73 30 175 208 412 0 0 1 "Robbery"
0 73 30 175 208 413 0 0 1 "Robbery"
0 73 30 176 208 414 0 0 1 "Robbery"
0 73 30 176 208 415 0 0 1 "Robbery"
0 73 30 176 208 416 0 0 1 "Robbery"
0 73 30 177 208 417 0 0 1 "Robbery"
0 73 30 177 208 418 0 0 1 "Robbery"
0 73 30 177 208 419 0 0 1 "Robbery"
0 73 30 178 208 420 1 0 0 "Robbery"
0 73 30 178 208 421 1 0 1 "Robbery"
0 73 30 178 208 422 1 0 1 "Robbery"
0 73 30 178 208 423 1 0 1 "Robbery"
0 73 30 178 208 424 1 0 1 "Robbery"
0 73 30 178 208 425 1 0 1 "Robbery"
0 73 30 178 208 426 1 0 1 "Robbery"
0 73 30 178 208 427 1 0 1 "Robbery"
0 73 30 178 208 428 1 0 1 "Robbery"
0 73 30 178 208 429 1 0 0 "Robbery"
0 73 30 177 207 430 1 0 1 "Robbery"
0 73 30 177 207 431 1 0 1 "Robbery"
0 73 30 177 207 432 1 0 1 "Robbery"
0 73 30 177 206 433 1 0 1 "Robbery"
0 73 30 177 206 434 1 0 1 "Robbery"
0 73 30 177 206 435 1 0 1 "Robbery"
0 74 30 177 205 436 1 0 1 "Robbery"
0 74 30 177 205 437 1 0 1 "Robbery"
0 74 30 177 205 438 1 0 1 "Robbery"
0 74 30 177 205 439 1 0 1 "Robbery"
0 74 30 177 204 440 1 0 1 "Robbery"
0 74 30 177 204 441 1 0 1 "Robbery"
0 74 30 177 204 442 1 0 1 "Robbery"
0 75 30 177 203 443 1 0 1 "Robbery"
0 75 30 177 203 444 1 0 1 "Robbery"
0 75 30 177 203 445 1 0 1 "Robbery"
0 75 30 177 202 446 1 0 1 "Robbery"
0 75 30 177 202 447 1 0 1 "Robbery"
0 75 30 177 202 448 1 0 1 "Robbery"
0 76 30 177 202 449 1 0 1 "Robbery"
0 76 30 177 201 450 1 0 1 "Robbery"
0 76 30 177 201 451 1 0 1 "Robbery"
0 76 30 177 201 452 1 0 1 "Robbery"
0 76 30 177 200 453 1 0 1 "Robbery"
0 76 30 177 200 454 1 0 1 "Robbery"
0 76 30 177 200 455 1 0 1 "Robbery"
0 77 30 177 199 456 1 0 1 "Robbery"
0 77 30 177 199 457 1 0 1 "Robbery"
0 77 30 177 199 458 1 0 1 "Robbery"
0 77 30 177 199 459 1 0 1 "Robbery"
0 77 30 177 198 460 1 0 1 "Robbery"
0 77 30 177 198 461 1 0 1 "Robbery"
0 78 30 177 198 462 1 0 1 "Robbery"
0 78 30 177 197 463 1 0 1 "Robbery"
0 78 30 177 197 464 1 0 1 "Robbery"
0 78 30 177 197 465 1 0 1 "Robbery"
0 78 30 177 196 466 1 0 1 "Robbery"
0 78 30 177 196 467 1 0 1 "Robbery"
0 78 30 177 196 468 1 0 1 "Robbery"
0 79 30 177 196 469 1 0 1 "Robbery"
0 79 30 177 195 470 1 0 1 "Robbery"
0 79 30 177 195 471 1 0 1 "Robbery"
0 79 30 177 195 472 1 0 1 "Robbery"
0 79 30 177 194 473 1 0 1 "Robbery"
0 79 30 177 194 474 1 0 1 "Robbery"
0 80 30 177 194 475 1 0 1 "Robbery"
0 80 30 177 193 476 1 0 1 "Robbery"
0 80 30 177 193 477 1 0 1 "Robbery"
0 80 30 177 193 478 1 0 1 "Robbery"
0 80 30 177 193 479 1 0 1 "Robbery"
0 80 30 176 192 480 1 0 1 "Robbery"
0 80 30 176 192 481 1 0 1 "Robbery"
0 81 30 176 192 482 1 0 1 "Robbery"
0 81 30 176 191 483 1 0 1 "Robbery"
0 81 30 176 191 484 1 0 1 "Robbery"
0 81 30 176 191 485 1 0 1 "Robbery"
0 81 30 176 190 486 1 0 1 "Robbery"
0 81 30 176 190 487 1 0 1 "Robbery"
0 82 30 176 190 488 1 0 1 "Robbery"
0 82 30 176 190 489 1 0 1 "Robbery"
0 82 30 176 189 490 1 0 1 "Robbery"
0 82 30 176 189 491 1 0 1 "Robbery"
0 82 30 176 189 492 1 0 1 "Robbery"
0 82 30 176 188 493 1 0 1 "Robbery"
0 82 30 176 188 494 1 0 1 "Robbery"
0 83 30 176 188 495 1 0 1 "Robbery"
0 83 30 176 187 496 1 0 1 "Robbery"
0 83 30 176 187 497 1 0 1 "Robbery"
0 83 30 176 187 498 1 0 1 "Robbery"
0 83 30 176 187 499 1 0 1 "Robbery"
0 83 30 176 186 500 1 0 1 "Robbery"
0 83 30 176 186 501 1 0 1 "Robbery"
0 84 30 176 186 502 1 0 1 "Robbery"
0 84 30 176 185 503 1 0 1 "Robbery"
0 84 30 176 185 504 1 0 1 "Robbery"
0 84 30 176 185 505 1 0 1 "Robbery"
0 84 30 176 184 506 1 0 1 "Robbery"
0 84 30 176 184 507 1 0 1 "Robbery"
0 85 30 176 184 508 1 0 1 "Robbery"
0 85 30 176 184 509 1 0 1 "Robbery"
0 85 30 176 183 510 1 0 1 "Robbery"
0 85 30 176 183 511 1 0 1 "Robbery"
0 85 30 176 183 512 1 0 1 "Robbery"
0 85 30 176 182 513 1 0 1 "Robbery"
0 85 30 176 182 514 1 0 1 "Robbery"
0 86 30 176 182 515 1 0 1 "Robbery"
0 86 30 176 181 516 1 0 1 "Robbery"
0 86 30 176 181 517 1 0 1 "Robbery"
0 86 30 176 181 518 1 0 1 "Robbery"
0 86 30 176 181 519 1 0 1 "Robbery"
0 86 30 176 180 520 1 0 1 "Robbery"
0 87 30 176 180 521 1 0 1 "Robbery"
0 87 30 176 180 522 1 0 1 "Robbery"
0 87 30 176 179 523 1 0 1 "Robbery"
0 87 30 176 179 524 1 0 1 "Robbery"
0 87 30 176 179 525 1 0 1 "Robbery"
0 87 30 176 178 526 1 0 1 "Robbery"
0 87 30 176 178 527 1 0 1 "Robbery"
0 88 30 176 178 528 1 0 1 "Robbery"
0 88 30 176 178 529 1 0 1 "Robbery"
0 88 30 176 177 530 1 0 1 "Robbery"
0 88 30 175 177 531 1 0 1 "Robbery"
0 88 30 175 177 532 1 0 1 "Robbery"
0 88 30 175 176 533 1 0 1 "Robbery"
0 89 30 175 176 534 1 0 1 "Robbery"
0 89 30 175 176 535 1 0 1 "Robbery"
0 89 30 175 175 536 1 0 1 "Robbery"
0 89 30 175 175 537 1 0 1 "Robbery"
0 89 30 175 175 538 1 0 1 "Robbery"
0 89 30 175 175 539 1 0 1 "Robbery"
0 89 30 175 174 540 1 0 1 "Robbery"
0 90 30 175 174 541 1 0 1 "Robbery"
0 90 30 175 174 542 1 0 1 "Robbery"
0 90 30 175 173 543 1 0 1 "Robbery"
0 90 30 175 173 544 1 0 1 "Robbery"
0 90 30 175 173 545 1 0 1 "Robbery"
0 90 30 175 172 546 1 0 1 "Robbery"
0 91 30 175 172 547 1 0 1 "Robbery"
0 91 30 175 172 548 1 0 1 "Robbery"
0 91 30 175 172 549 1 0 1 "Robbery"
0 91 30 175 171 550 1 0 1 "Robbery"
0 91 30 175 171 551 1 0 1 "Robbery"
0 91 30 175 171 552 1 0 1 "Robbery"
0 91 30 175 170 553 1 0 1 "Robbery"
0 92 30 175 170 554 1 0 1 "Robbery"
0 92 30 175 170 555 1 0 1 "Robbery"
0 92 30 175 169 556 1 0 1 "Robbery"
0 92 30 175 169 557 1 0 1 "Robbery"
0 92 30 175 169 558 1 0 1 "Robbery"
0 92 30 175 169 559 1 0 1 "Robbery"
0 92 30 175 168 560 1 0 1 "Robbery"
0 93 30 175 168 561 1 0 1 "Robbery"
0 93 30 175 168 562 1 0 1 "Robbery"
0 93 30 175 167 563 1 0 1 "Robbery"
0 93 30 175 167 564 1 0 1 "Robbery"
0 93 30 175 167 565 1 0 1 "Robbery"
0 93 30 175 166 566 1 0 1 "Robbery"
0 94 30 175 166 567 1 0 1 "Robbery"
0 94 30 175 166 568 1 0 1 "Robbery"
0 94 30 175 166 569 1 0 1 "Robbery"
0 94 30 175 165 570 1 0 1 "Robbery"
0 94 30 175 165 571 1 0 1 "Robbery"
0 94 30 175 165 572 1 0 1 "Robbery"
0 94 30 175 164 573 1 0 1 "Robbery"
0 95 30 175 164 574 1 0 1 "Robbery"
0 95 30 175 164 575 1 0 1 "Robbery"
0 95 30 175 163 576 1 0 1 "Robbery"
0 95 30 175 163 577 1 0 1 "Robbery"
0 95 30 175 163 578 1 0 1 "Robbery"
0 95 30 175 163 579 1 0 1 "Robbery"
0 96 30 175 162 580 1 0 1 "Robbery"
0 96 30 174 162 581 1 0 1 "Robbery"
0 96 30 174 162 582 1 0 1 "Robbery"
0 96 30 174 161 583 1 0 1 "Robbery"
0 96 30 174 161 584 1 0 1 "Robbery"
0 96 30 174 161 585 1 0 1 "Robbery"
0 96 30 174 160 586 1 0 1 "Robbery"
0 97 30 174 160 587 1 0 1 "Robbery"
0 97 30 174 160 588 1 0 1 "Robbery"
0 97 30 174 160 589 1 0 1 "Robbery"
0 97 30 174 159 590 1 0 1 "Robbery"
0 97 30 174 159 591 1 0 1 "Robbery"
0 97 30 174 159 592 1 0 1 "Robbery"
0 98 30 174 158 593 1 0 1 "Robbery"
0 98 30 174 158 594 1 0 1 "Robbery"
0 98 30 174 158 595 1 0 1 "Robbery"
0 98 30 174 157 596 1 0 1 "Robbery"
0 98 30 174 157 597 1 0 1 "Robbery"
0 98 30 174 157 598 1 0 1 "Robbery"
0 98 30 174 157 599 1 0 1 "Robbery"
0 99 30 174 156 600 1 0 1 "Robbery"
0 99 30 174 156 601 1 0 1 "Robbery"
0 99 30 174 156 602 1 0 1 "Robbery"
0 99 30 174 155 603 1 0 1 "Robbery"
0 99 30 174 155 604 1 0 1 "Robbery"
0 99 30 174 155 605 1 0 1 "Robbery"
0 100 30 174 155 606 1 0 1 "Robbery"
0 100 30 174 154 607 1 0 1 "Robbery"
0 100 30 174 154 608 1 0 1 "Robbery"
0 100 30 174 154 609 1 0 1 "Robbery"
0 100 30 174 153 610 1 0 1 "Robbery"
0 100 30 174 153 611 1 0 1 "Robbery"
0 100 30 174 153 612 1 0 1 "Robbery"
0 101 30 174 152 613 1 0 1 "Robbery"
0 101 30 174 152 614 1 0 1 "Robbery"
0 101 30 174 152 615 1 0 1 "Robbery"
0 101 30 174 152 616 1 0 1 "Robbery"
0 101 30 174 151 617 1 0 1 "Robbery"
0 101 30 174 151 618 1 0 1 "Robbery"
0 101 30 174 151 619 1 0 1 "Robbery"
0 102 30 174 150 620 1 0 1 "Robbery"
0 102 30 174 150 621 1 0 1 "Robbery"
0 102 30 174 150 622 1 0 1 "Robbery"
0 102 30 174 149 623 1 0 1 "Robbery"
0 102 30 174 149 624 1 0 1 "Robbery"
0 102 30 174 149 625 1 0 1 "Robbery"
0 103 30 174 149 626 1 0 1 "Robbery"
0 103 30 174 148 627 1 0 1 "Robbery"
0 103 30 174 148 628 1 0 1 "Robbery"
0 103 30 174 148 629 1 0 1 "Robbery"
0 103 30 174 147 630 1 0 1 "Robbery"
0 103 30 174 147 631 1 0 1 "Robbery"
0 103 30 173 147 632 1 0 1 "Robbery"
0 104 30 173 146 633 1 0 1 "Robbery"
0 104 30 173 146 634 1 0 1 "Robbery"
0 104 30 173 146 635 1 0 1 "Robbery"
0 104 30 173 146 636 1 0 1 "Robbery"
0 104 30 173 145 637 1 0 1 "Robbery"
0 104 30 173 145 638 1 0 1 "Robbery"
0 105 30 173 145 639 1 0 1 "Robbery"
0 105 30 173 144 640 1 0 1 "Robbery"
0 105 30 173 144 641 1 0 1 "Robbery"
0 105 30 173 144 642 1 0 1 "Robbery"
0 105 30 173 143 643 1 0 1 "Robbery"
0 105 30 173 143 644 1 0 1 "Robbery"
0 105 30 173 143 645 1 0 1 "Robbery"
0 106 30 173 143 646 1 0 1 "Robbery"
0 106 30 173 142 647 1 0 1 "Robbery"
0 106 30 173 142 648 1 0 1 "Robbery"
0 106 30 173 142 649 1 0 1 "Robbery"
0 106 30 173 141 650 1 0 1 "Robbery"
0 106 30 173 141 651 1 0 1 "Robbery"
0 107 30 173 141 652 1 0 1 "Robbery"
0 107 30 173 140 653 1 0 1 "Robbery"
0 107 30 173 140 654 1 0 1 "Robbery"
0 107 30 173 140 655 1 0 1 "Robbery"
0 107 30 173 140 656 1 0 1 "Robbery"
0 107 30 173 139 657 1 0 1 "Robbery"
0 107 30 173 139 658 1 0 1 "Robbery"
0 108 30 173 139 659 1 0 1 "Robbery"
0 108 30 173 138 660 1 0 1 "Robbery"
0 108 30 173 138 661 1 0 1 "Robbery"
0 108 30 173 138 662 1 0 1 "Robbery"
0 108 30 173 137 663 1 0 1 "Robbery"
0 108 30 173 137 664 1 0 1 "Robbery"
0 109 30 173 137 665 1 0 1 "Robbery"
0 109 30 173 137 666 1 0 1 "Robbery"
0 109 30 173 136 667 1 0 1 "Robbery"
0 109 30 173 136 668 1 0 1 "Robbery"
0 109 30 173 136 669 1 0 1 "Robbery"
0 109 30 173 135 670 1 0 1 "Robbery"
0 109 30 173 135 671 1 0 1 "Robbery"
0 110 30 173 135 672 1 0 1 "Robbery"
0 110 30 173 134 673 1 0 1 "Robbery"
0 110 30 173 134 674 1 0 1 "Robbery"
0 110 30 173 134 675 1 0 1 "Robbery"
0 110 30 173 134 676 1 0 1 "Robbery"
0 110 30 173 133 677 1 0 1 "Robbery"
0 110 30 173 133 678 1 0 1 "Robbery"
0 111 30 173 133 679 1 0 1 "Robbery"
0 111 30 173 132 680 1 0 1 "Robbery"
0 111 30 173 132 681 1 0 1 "Robbery"
0 111 30 172 132 682 1 0 1 "Robbery"
0 111 30 172 131 683 1 0 1 "Robbery"
0 111 30 172 131 684 1 0 1 "Robbery"
0 112 30 172 131 685 1 0 1 "Robbery"
0 112 30 172 131 686 1 0 1 "Robbery"
0 112 30 172 130 687 1 0 1 "Robbery"
0 112 30 172 130 688 1 0 1 "Robbery"
0 112 30 172 130 689 1 0 1 "Robbery"
0 112 30 172 129 690 1 0 1 "Robbery"
0 112 30 172 129 691 1 0 1 "Robbery"
0 113 30 172 129 692 1 0 1 "Robbery"
0 113 30 172 128 693 1 0 1 "Robbery"
0 113 30 172 128 694 1 0 1 "Robbery"
0 113 30 172 128 695 1 0 1 "Robbery"
0 113 30 172 128 696 1 0 1 "Robbery"
0 113 30 172 127 697 1 0 1 "Robbery"
0 114 30 172 127 698 1 0 1 "Robbery"
0 114 30 172 127 699 1 0 1 "Robbery"
0 114 30 172 126 700 1 0 1 "Robbery"
0 114 30 172 126 701 1 0 1 "Robbery"
0 114 30 172 126 702 1 0 1 "Robbery"
0 114 30 172 125 703 1 0 1 "Robbery"
0 114 30 172 125 704 1 0 1 "Robbery"
0 115 30 172 125 705 1 0 1 "Robbery"
0 115 30 172 125 706 1 0 1 "Robbery"
0 115 30 172 124 707 1 0 1 "Robbery"
0 115 30 172 124 708 1 0 1 "Robbery"
0 115 30 172 124 709 1 0 1 "Robbery"
0 115 30 172 123 710 1 0 1 "Robbery"
0 116 30 172 123 711 1 0 1 "Robbery"
0 116 30 172 123 712 1 0 1 "Robbery"
0 116 30 172 122 713 1 0 1 "Robbery"
0 116 30 172 122 714 1 0 1 "Robbery"
0 116 30 172 122 715 1 0 1 "Robbery"
0 116 30 172 122 716 1 0 1 "Robbery"
0 116 30 172 121 717 1 0 1 "Robbery"
0 117 30 172 121 718 1 0 1 "Robbery"
0 117 30 172 121 719 1 0 1 "Robbery"
0 117 30 172 120 720 1 0 1 "Robbery"
0 117 30 172 120 721 1 0 1 "Robbery"
0 117 30 172 120 722 1 0 1 "Robbery"
0 117 30 172 119 723 1 0 1 "Robbery"
0 118 30 172 119 724 1 0 1 "Robbery"
0 118 30 172 119 725 1 0 1 "Robbery"
0 118 30 172 119 726 1 0 1 "Robbery"
0 118 30 172 118 727 1 0 1 "Robbery"
0 118 30 172 118 728 1 0 1 "Robbery"
0 118 30 172 118 729 1 0 1 "Robbery"
0 118 30 172 117 730 1 0 1 "Robbery"
0 119 30 172 117 731 1 0 1 "Robbery"
0 119 30 172 117 732 1 0 1 "Robbery"
0 119 30 171 116 733 1 0 1 "Robbery"
0 119 30 171 116 734 1 0 1 "Robbery"
0 119 30 171 116 735 1 0 1 "Robbery"
0 119 30 171 116 736 1 0 1 "Robbery"
0 119 30 171 115 737 1 0 1 "Robbery"
0 120 30 171 115 738 1 0 1 "Robbery"
0 120 30 171 115 739 1 0 1 "Robbery"
0 120 30 171 114 740 1 0 1 "Robbery"
0 120 30 171 114 741 1 0 1 "Robbery"
0 120 30 171 114 742 1 0 1 "Robbery"
0 120 30 171 113 743 1 0 1 "Robbery"
0 121 30 171 113 744 1 0 1 "Robbery"
0 121 30 171 113 745 1 0 1 "Robbery"
0 121 30 171 113 746 1 0 1 "Robbery"
0 121 30 171 112 747 1 0 1 "Robbery"
0 121 30 171 112 748 1 0 1 "Robbery"
0 121 30 171 112 749 1 0 1 "Robbery"
0 121 30 171 111 750 1 0 1 "Robbery"
0 122 30 171 111 751 1 0 1 "Robbery"
0 122 30 171 111 752 1 0 1 "Robbery"
0 122 30 171 110 753 1 0 1 "Robbery"
0 122 30 171 110 754 1 0 1 "Robbery"
0 122 30 171 110 755 1 0 1 "Robbery"
0 122 30 171 110 756 1 0 1 "Robbery"
0 123 30 171 109 757 1 0 1 "Robbery"
0 123 30 171 109 758 1 0 1 "Robbery"
0 123 30 171 109 759 1 0 1 "Robbery"
0 123 30 171 108 760 1 0 1 "Robbery"
0 123 30 171 108 761 1 0 1 "Robbery"
0 123 30 171 108 762 1 0 1 "Robbery"
0 123 30 171 107 763 1 0 1 "Robbery"
0 124 30 171 107 764 1 0 1 "Robbery"
0 124 30 171 107 765 1 0 1 "Robbery"
0 124 30 171 107 766 1 0 1 "Robbery"
0 124 30 171 106 767 1 0 1 "Robbery"
0 124 30 171 106 768 1 0 1 "Robbery"
0 124 30 171 106 769 1 0 1 "Robbery"
0 125 30 171 105 770 1 0 1 "Robbery"
0 125 30 171 105 771 1 0 1 "Robbery"
0 125 30 171 105 772 1 0 1 "Robbery"
0 125 30 171 104 773 1 0 1 "Robbery"
0 125 30 171 104 774 1 0 1 "Robbery"
0 125 30 171 104 775 1 0 1 "Robbery"
0 125 30 171 104 776 1 0 1 "Robbery"
0 126 30 171 103 777 1 0 1 "Robbery"
0 126 30 171 103 778 1 0 1 "Robbery"
0 126 30 171 103 779 1 0 1 "Robbery"
0 126 30 171 102 780 1 0 1 "Robbery"
0 126 30 171 102 781 1 0 1 "Robbery"
0 126 30 171 102 782 1 0 1 "Robbery"
0 127 30 171 102 783 1 0 0 "Robbery"
