0 20 46 63 144 0 1 0 0 "Robbery"
0 19 46 64 144 1 1 0 1 "Robbery"
0 19 46 65 144 2 1 0 1 "Robbery"
0 19 47 66 145 3 1 0 1 "Robbery"
0 19 47 67 145 4 1 0 1 "Robbery"
0 19 48 68 145 5 1 0 1 "Robbery"
0 19 48 69 146 6 1 0 1 "Robbery"
0 19 49 71 146 7 1 0 1 "Robbery"
0 18 49 72 147 8 1 0 1 "Robbery"
0 18 49 73 147 9 1 0 1 "Robbery"
0 18 50 74 147 10 1 0 1 "Robbery"
0 18 50 75 148 11 1 0 1 "Robbery"
0 18 51 76 148 12 1 0 1 "Robbery"
0 18 51 78 149 13 1 0 1 "Robbery"
0 18 52 79 149 14 1 0 1 "Robbery"
0 17 52 80 149 15 1 0 1 "Robbery"
0 17 52 81 150 16 1 0 1 "Robbery"
0 17 53 82 150 17 1 0 1 "Robbery"
0 17 53 83 150 18 1 0 1 "Robbery"
0 17 54 85 151 19 1 0 1 "Robbery"
0 17 54 86 151 20 1 0 1 "Robbery"
0 17 55 87 152 21 1 0 1 "Robbery"
0 16 55 88 152 22 1 0 1 "Robbery"
0 16 55 89 152 23 1 0 1 "Robbery"
0 16 56 90 153 24 1 0 1 "Robbery"
0 16 56 92 153 25 1 0 1 "Robbery"
0 16 57 93 154 26 1 0 1 "Robbery"
0 16 57 94 154 27 1 0 1 "Robbery"
0 16 58 95 154 28 1 0 1 "Robbery"
0 15 58 96 155 29 1 0 1 "Robbery"
0 15 58 97 155 30 1 0 1 "Robbery"
0 15 59 99 156 31 1 0 1 "Robbery"
0 15 59 100 156 32 1 0 1 "Robbery"
0 15 60 101 156 33 1 0 1 "Robbery"
0 15 60 102 157 34 1 0 1 "Robbery"
0 15 61 103 157 35 1 0 1 "Robbery"
0 14 61 104 157 36 1 0 1 "Robbery"
0 14 61 106 158 37 1 0 1 "Robbery"
0 14 62 107 158 38 1 0 1 "Robbery"
0 14 62 108 159 39 1 0 1 "Robbery"
0 14 63 109 159 40 1 0 1 "Robbery"
0 14 63 110 159 41 1 0 1 "Robbery"
0 14 64 111 160 42 1 0 1 "Robbery"
0 13 64 113 160 43 1 0 1 "Robbery"
0 13 64 114 161 44 1 0 1 "Robbery"
0 13 65 115 161 45 1 0 1 "Robbery"
0 13 65 116 161 46 1 0 1 "Robbery"
0 13 66 117 162 47 1 0 1 "Robbery"
0 13 66 118 162 48 1 0 1 "Robbery"
0 13 67 120 163 49 0 0 0 "Robbery"
0 13 67 123 162 50 0 0 1 "Robbery"
0 13 67 126 162 51 0 0 1 "Robbery"
0 13 67 129 162 52 0 0 1 "Robbery"
0 13 67 133 162 53 0 0 0 "Robbery"
0 13 67 132 175 54 0 0 1 "Robbery"
0 13 67 132 189 55 0 0 1 "Robbery"
0 13 67 132 203 56 0 0 0 "Robbery"
0 13 66 134 203 57 0 0 1 "Robbery"
0 14 66 137 204 58 0 0 1 "Robbery"
0 14 65 139 204 59 0 0 1 "Robbery"
0 15 65 142 205 60 0 0 1 "Robbery"
0 15 64 144 205 61 0 0 1 "Robbery"
0 16 64 147 206 62 0 0 0 "Robbery"
0 18 63 147 205 63 0 0 1 "Robbery"
0 20 63 147 204 64 0 0 1 "Robbery"
0 23 62 147 204 65 0 0 1 "Robbery"
0 25 62 147 203 66 0 0 1 "Robbery"
0 28 61 147 203 67 0 0 1 "Robbery"
0 30 61 147 202 68 0 0 1 "Robbery"
0 33 61 148 202 69 0 0 0 "Robbery"
0 33 59 149 201 70 0 0 1 "Robbery"
0 33 57 150 201 71 0 0 1 "Robbery"
0 33 56 151 201 72 0 0 1 "Robbery"
0 33 54 152 201 73 0 0 1 "Robbery"
0 33 52 153 201 74 0 0 1 "Robbery"
0 33 51 155 201 75 0 0 0 "Robbery"
0 34 50 156 200 76 0 0 1 "Robbery"
0 36 50 158 200 77 0 0 1 "Robbery"
0 38 50 160 200 78 0 0 1 "Robbery"
0 40 50 162 200 79 0 0 1 "Robbery"
0 42 50 164 200 80 0 0 1 "Robbery"
0 44 50 166 200 81 0 0 0 "Robbery"
0 43 51 165 200 82 0 0 1 "Robbery"
0 43 53 165 200 83 0 0 1 "Robbery"
0 43 55 165 200 84 0 0 1 "Robbery"
0 43 56 164 200 85 0 0 1 "Robbery"
0 43 58 164 200 86 0 0 1 "Robbery"
0 43 60 164 200 87 0 0 1 "Robbery"
0 43 61 163 200 88 0 0 1 "Robbery"
0 43 63 163 200 89 0 0 1 "Robbery"
0 43 65 163 200 90 0 0 1 "Robbery"
0 43 67 163 201 91 0 0 0 "Robbery"
0 42 65 162 201 92 0 0 1 "Robbery"
0 41 64 161 201 93 0 0 1 "Robbery"
0 40 63 160 201 94 0 0 1 "Robbery"
0 40 62 159 201 95 0 0 1 "Robbery"
0 39 60 158 201 96 0 0 1 "Robbery"
0 38 59 157 201 97 0 0 1 "Robbery"
0 37 58 156 201 98 0 0 1 "Robbery"
0 37 57 156 202 99 0 0 0 "Robbery"
0 36 57 156 206 100 0 0 1 "Robbery"
0 35 57 157 211 101 0 0 1 "Robbery"
0 34 57 158 215 102 0 0 1 "Robbery"
0 33 57 159 220 103 0 0 1 "Robbery"
0 32 57 159 225 104 0 0 1 "Robbery"
0 31 57 160 229 105 0 0 1 "Robbery"
0 30 57 161 234 106 0 0 1 "Robbery"
0 30 58 162 239 107 0 0 0 "Robbery"
0 29 58 161 239 108 0 0 1 "Robbery"
0 29 58 161 239 109 0 0 1 "Robbery"
0 29 58 161 239 110 0 0 1 "Robbery"
0 29 58 161 239 111 0 0 1 "Robbery"
0 29 58 161 239 112 0 0 1 "Robbery"
0 29 58 161 239 113 0 0 1 "Robbery"
0 29 58 161 239 114 0 0 1 "Robbery"
0 29 58 161 239 115 0 0 1 "Robbery"
0 29 58 161 239 116 0 0 0 "Robbery"
0 29 58 161 239 117 0 0 1 "Robbery"
0 30 58 162 239 118 0 0 1 "Robbery"
0 30 58 162 239 119 0 0 1 "Robbery"
0 31 58 163 239 120 0 0 1 "Robbery"
0 32 58 164 239 121 0 0 1 "Robbery"
0 32 58 164 239 122 0 0 1 "Robbery"
0 33 58 165 239 123 0 0 1 "Robbery"
0 33 58 165 239 124 0 0 1 "Robbery"
0 34 58 166 239 125 0 0 1 "Robbery"
0 35 58 167 239 126 0 0 1 "Robbery"
0 35 58 167 239 127 0 0 1 "Robbery"
0 36 58 168 239 128 0 0 1 "Robbery"
0 37 58 169 239 129 0 0 0 "Robbery"
0 37 58 169 238 130 0 0 1 "Robbery"
0 37 58 170 238 131 0 0 1 "Robbery"
0 37 58 171 238 132 0 0 1 "Robbery"
0 37 59 172 238 133 0 0 1 "Robbery"
0 37 59 172 238 134 0 0 1 "Robbery"
0 37 59 173 238 135 0 0 1 "Robbery"
0 37 60 174 238 136 0 0 1 "Robbery"
0 37 60 175 238 137 0 0 1 "Robbery"
0 37 60 176 238 138 0 0 1 "Robbery"
0 37 61 176 238 139 0 0 1 "Robbery"
0 37 61 177 238 140 0 0 1 "Robbery"
0 37 61 178 238 141 0 0 1 "Robbery"
0 37 61 179 238 142 0 0 1 "Robbery"
0 37 62 179 238 143 0 0 1 "Robbery"
0 37 62 180 238 144 0 0 1 "Robbery"
0 37 62 181 238 145 0 0 1 "Robbery"
0 37 63 182 238 146 0 0 1 "Robbery"
0 37 63 183 238 147 0 0 1 "Robbery"
0 37 63 183 238 148 0 0 1 "Robbery"
0 37 64 184 238 149 0 0 1 "Robbery"
0 37 64 185 238 150 0 0 1 "Robbery"
0 37 64 186 238 151 0 0 1 "Robbery"
0 37 65 187 238 152 0 0 0 "Robbery"
0 41 67 194 238 153 0 0 1 "Robbery"
0 46 69 201 238 154 0 0 1 "Robbery"
0 50 71 208 238 155 0 0 1 "Robbery"
0 55 73 215 238 156 0 0 1 "Robbery"
0 60 76 223 238 157 1 0 0 "Robbery"
0 60 76 223 238 158 1 0 1 "Robbery"
0 60 76 223 238 159 1 0 1 "Robbery"
0 60 76 223 238 160 1 0 1 "Robbery"
0 60 76 223 238 161 1 0 1 "Robbery"
0 60 76 223 238 162 1 0 1 "Robbery"
0 60 76 223 238 163 1 0 1 "Robbery"
0 60 76 223 238 164 1 0 0 "Robbery"
0 59 76 222 238 165 1 0 1 "Robbery"
0 59 76 221 238 166 1 0 1 "Robbery"
0 59 76 220 238 167 1 0 1 "Robbery"
0 59 77 219 238 168 1 0 1 "Robbery"
0 59 77 218 238 169 1 0 1 "Robbery"
0 59 77 218 238 170 1 0 1 "Robbery"
0 59 77 217 238 171 1 0 1 "Robbery"
0 59 78 216 238 172 1 0 1 "Robbery"
0 59 78 215 238 173 1 0 1 "Robbery"
0 59 78 214 238 174 1 0 1 "Robbery"
0 59 78 213 238 175 1 0 1 "Robbery"
0 58 79 213 238 176 1 0 1 "Robbery"
0 58 79 212 238 177 1 0 1 "Robbery"
0 58 79 211 238 178 1 0 1 "Robbery"
0 58 80 210 238 179 1 0 1 "Robbery"
0 58 80 209 238 180 1 0 1 "Robbery"
0 58 80 209 238 181 1 0 1 "Robbery"
0 58 80 208 238 182 1 0 1 "Robbery"
0 58 81 207 238 183 1 0 1 "Robbery"
0 58 81 206 238 184 1 0 1 "Robbery"
0 58 81 205 238 185 1 0 1 "Robbery"
0 58 81 204 238 186 1 0 1 "Robbery"
0 57 82 204 238 187 1 0 1 "Robbery"
0 57 82 203 238 188 1 0 1 "Robbery"
0 57 82 202 238 189 1 0 1 "Robbery"
0 57 82 201 238 190 1 0 1 "Robbery"
0 57 83 200 238 191 1 0 1 "Robbery"
0 57 83 200 238 192 1 0 1 "Robbery"
0 57 83 199 238 193 1 0 1 "Robbery"
0 57 84 198 238 194 1 0 1 "Robbery"
0 57 84 197 238 195 1 0 1 "Robbery"
0 57 84 196 238 196 1 0 1 "Robbery"
0 57 84 195 238 197 1 0 1 "Robbery"
0 56 85 195 238 198 1 0 1 "Robbery"
0 56 85 194 238 199 1 0 1 "Robbery"
0 56 85 193 238 200 1 0 1 "Robbery"
0 56 85 192 238 201 1 0 1 "Robbery"
0 56 86 191 238 202 1 0 1 "Robbery"
0 56 86 190 238 203 1 0 1 "Robbery"
0 56 86 190 238 204 1 0 1 "Robbery"
0 56 87 189 238 205 1 0 1 "Robbery"
0 56 87 188 238 206 1 0 1 "Robbery"
0 56 87 187 238 207 1 0 1 "Robbery"
0 56 87 186 238 208 1 0 1 "Robbery"
0 55 88 186 238 209 1 0 1 "Robbery"
0 55 88 185 238 210 1 0 1 "Robbery"
0 55 88 184 238 211 1 0 1 "Robbery"
0 55 88 183 238 212 1 0 1 "Robbery"
0 55 89 182 238 213 1 0 1 "Robbery"
0 55 89 181 238 214 1 0 1 "Robbery"
0 55 89 181 238 215 1 0 1 "Robbery"
0 55 89 180 238 216 1 0 1 "Robbery"
0 55 90 179 238 217 1 0 1 "Robbery"
0 55 90 178 238 218 1 0 1 "Robbery"
0 55 90 177 238 219 1 0 1 "Robbery"
0 54 91 177 238 220 1 0 1 "Robbery"
0 54 91 176 238 221 1 0 1 "Robbery"
0 54 91 175 238 222 1 0 1 "Robbery"
0 54 91 174 238 223 1 0 1 "Robbery"
0 54 92 173 238 224 1 0 1 "Robbery"
0 54 92 172 238 225 1 0 1 "Robbery"
0 54 92 172 238 226 1 0 1 "Robbery"
0 54 92 171 238 227 1 0 1 "Robbery"
0 54 93 170 238 228 1 0 1 "Robbery"
0 54 93 169 238 229 1 0 1 "Robbery"
0 54 93 168 238 230 1 0 1 "Robbery"
0 54 94 168 239 231 0 0 0 "Robbery"
0 53 93 169 239 232 0 0 1 "Robbery"
0 52 92 170 239 233 0 0 1 "Robbery"
0 51 91 171 239 234 0 0 1 "Robbery"
0 50 90 172 239 235 0 0 1 "Robbery"
0 49 89 173 239 236 0 0 1 "Robbery"
0 49 89 175 239 237 0 0 1 "Robbery"
0 48 88 176 239 238 0 0 1 "Robbery"
0 47 87 177 239 239 0 0 1 "Robbery"
0 46 86 178 239 240 0 0 1 "Robbery"
0 45 85 179 239 241 0 0 1 "Robbery"
0 44 84 180 239 242 0 0 1 "Robbery"
0 44 84 182 239 243 0 0 0 "Robbery"
0 44 81 181 239 244 0 0 1 "Robbery"
0 44 78 181 239 245 0 0 1 "Robbery"
0 44 75 181 239 246 0 0 1 "Robbery"
0 44 72 181 239 247 0 0 0 "Robbery"
0 41 70 180 239 248 0 0 1 "Robbery"
0 38 68 180 239 249 0 0 1 "Robbery"
0 35 66 180 239 250 0 0 1 "Robbery"
0 32 64 180 239 251 0 0 0 "Robbery"
0 32 62 176 239 252 0 0 1 "Robbery"
0 32 60 173 239 253 0 0 1 "Robbery"
0 32 59 169 239 254 0 0 1 "Robbery"
0 32 57 166 239 255 0 0 1 "Robbery"
0 32 55 162 239 256 0 0 1 "Robbery"
0 32 54 159 239 257 0 0 1 "Robbery"
0 32 52 155 239 258 0 0 1 "Robbery"
0 32 51 152 239 259 0 0 0 "Robbery"
0 33 51 153 239 260 0 0 1 "Robbery"
0 34 51 154 239 261 0 0 1 "Robbery"
0 35 51 155 239 262 0 0 1 "Robbery"
0 36 51 156 239 263 0 0 1 "Robbery"
0 38 51 158 239 264 0 0 1 "Robbery"
0 39 51 159 239 265 0 0 1 "Robbery"
0 40 51 160 239 266 0 0 1 "Robbery"
0 41 51 161 239 267 0 0 1 "Robbery"
0 43 52 163 239 268 0 0 0 "Robbery"
0 44 51 165 238 269 0 0 1 "Robbery"
0 45 51 168 238 270 0 0 1 "Robbery"
0 46 51 171 238 271 0 0 1 "Robbery"
0 48 51 173 237 272 0 0 1 "Robbery"
0 49 51 176 237 273 0 0 1 "Robbery"
0 50 51 179 237 274 0 0 1 "Robbery"
0 52 51 182 237 275 0 0 0 "Robbery"
0 53 50 183 236 276 0 0 1 "Robbery"
0 54 50 184 236 277 0 0 1 "Robbery"
0 55 50 185 236 278 0 0 1 "Robbery"
0 56 50 186 236 279 0 0 1 "Robbery"
0 57 50 187 236 280 0 0 1 "Robbery"
0 58 50 188 236 281 0 0 1 "Robbery"
0 59 50 189 236 282 0 0 1 "Robbery"
0 60 50 190 236 283 0 0 0 "Robbery"
0 60 49 190 235 284 0 0 1 "Robbery"
0 60 48 190 235 285 0 0 1 "Robbery"
0 60 47 191 235 286 0 0 1 "Robbery"
0 60 46 191 235 287 0 0 1 "Robbery"
0 60 45 192 235 288 0 0 1 "Robbery"
0 60 44 192 235 289 0 0 1 "Robbery"
0 60 43 192 235 290 0 0 1 "Robbery"
0 60 42 193 235 291 0 0 1 "Robbery"
0 60 41 193 235 292 0 0 1 "Robbery"
0 60 40 194 235 293 0 0 1 "Robbery"
0 60 39 194 235 294 0 0 1 "Robbery"
0 60 38 194 235 295 0 0 1 "Robbery"
0 60 37 195 235 296 0 0 1 "Robbery"
0 60 36 195 235 297 0 0 1 "Robbery"
0 60 35 196 235 298 0 0 1 "Robbery"
0 60 35 196 235 299 0 0 1 "Robbery"
0 60 34 196 235 300 0 0 1 "Robbery"
0 60 33 197 235 301 0 0 1 "Robbery"
0 60 32 197 235 302 0 0 1 "Robbery"
0 60 31 198 235 303 0 0 1 "Robbery"
0 60 30 198 235 304 0 0 1 "Robbery"
0 60 29 198 235 305 0 0 1 "Robbery"
0 60 28 199 235 306 0 0 1 "Robbery"
0 60 27 199 235 307 0 0 1 "Robbery"
0 60 26 200 235 308 0 0 1 "Robbery"
0 60 25 200 235 309 0 0 1 "Robbery"
0 60 24 200 235 310 0 0 1 "Robbery"
0 60 23 201 235 311 0 0 1 "Robbery"
0 60 22 201 235 312 0 0 1 "Robbery"
0 60 21 202 235 313 0 0 1 "Robbery"
0 60 20 202 235 314 0 0 1 "Robbery"
0 60 20 203 235 315 0 0 0 "Robbery"
0 60 20 200 234 316 0 0 1 "Robbery"
0 60 20 198 234 317 0 0 1 "Robbery"
0 60 20 196 234 318 0 0 1 "Robbery"
0 60 20 194 234 319 0 0 1 "Robbery"
0 60 20 192 234 320 0 0 1 "Robbery"
0 60 20 190 234 321 0 0 1 "Robbery"
0 60 20 188 234 322 0 0 1 "Robbery"
0 60 20 186 234 323 0 0 1 "Robbery"
0 60 20 184 234 324 0 0 1 "Robbery"
0 60 20 182 234 325 0 0 1 "Robbery"
0 60 20 180 234 326 0 0 1 "Robbery"
0 60 20 178 234 327 0 0 1 "Robbery"
0 60 20 176 234 328 0 0 1 "Robbery"
0 60 20 174 234 329 0 0 1 "Robbery"
0 60 20 172 234 330 0 0 0 "Robbery"
0 59 20 171 234 331 0 0 1 "Robbery"
0 59 20 171 234 332 0 0 1 "Robbery"
0 59 21 171 235 333 0 0 1 "Robbery"
0 58 21 170 235 334 0 0 1 "Robbery"
0 58 22 170 236 335 0 0 1 "Robbery"
0 58 22 170 236 336 0 0 1 "Robbery"
0 58 23 170 237 337 0 0 0 "Robbery"
0 58 23 172 236 338 0 0 1 "Robbery"
0 58 23 174 236 339 0 0 1 "Robbery"
0 58 23 177 236 340 0 0 1 "Robbery"
0 58 23 179 236 341 0 0 1 "Robbery"
0 58 23 181 236 342 0 0 1 "Robbery"
0 58 23 184 236 343 0 0 1 "Robbery"
0 58 23 186 236 344 0 0 1 "Robbery"
0 58 23 188 236 345 0 0 1 "Robbery"
0 58 23 191 236 346 0 0 0 "Robbery"
0 56 23 189 236 347 0 0 1 "Robbery"
0 55 23 188 236 348 0 0 1 "Robbery"
0 54 24 187 237 349 0 0 1 "Robbery"
0 52 24 185 237 350 0 0 1 "Robbery"
0 51 24 184 237 351 0 0 1 "Robbery"
0 50 25 183 238 352 0 0 0 "Robbery"
0 48 25 181 238 353 0 0 1 "Robbery"
0 46 26 179 238 354 0 0 1 "Robbery"
0 44 26 177 238 355 0 0 1 "Robbery"
0 42 27 175 239 356 0 0 0 "Robbery"
0 41 29 169 238 357 0 0 1 "Robbery"
0 40 32 163 238 358 0 0 1 "Robbery"
0 39 35 157 238 359 0 0 1 "Robbery"
0 38 38 151 238 360 0 0 1 "Robbery"
0 37 41 145 238 361 0 0 1 "Robbery"
0 36 44 139 238 362 0 0 0 "Robbery"
0 36 44 143 237 363 0 0 1 "Robbery"
0 36 44 148 237 364 0 0 1 "Robbery"
0 36 44 152 237 365 0 0 1 "Robbery"
0 36 44 157 237 366 0 0 0 "Robbery"
0 36 44 163 236 367 0 0 1 "Robbery"
0 36 44 169 236 368 0 0 1 "Robbery"
0 36 44 175 236 369 0 0 1 "Robbery"
0 36 44 182 236 370 0 0 0 "Robbery"
0 36 46 184 236 371 0 0 1 "Robbery"
0 37 49 187 236 372 0 0 1 "Robbery"
0 37 52 190 236 373 0 0 1 "Robbery"
0 38 54 192 236 374 0 0 1 "Robbery"
0 38 57 195 236 375 0 0 1 "Robbery"
0 39 60 198 236 376 0 0 1 "Robbery"
0 40 63 201 237 377 0 0 1 "Robbery"
0 40 65 203 237 378 0 0 1 "Robbery"
0 41 68 206 237 379 0 0 1 "Robbery"
0 41 71 209 237 380 0 0 1 "Robbery"
0 42 73 211 237 381 0 0 1 "Robbery"
0 42 76 214 237 382 0 0 1 "Robbery"
0 43 79 217 237 383 0 0 1 "Robbery"
0 44 82 220 238 384 0 0 0 "Robbery"
0 45 85 221 238 385 0 0 1 "Robbery"
0 46 89 222 238 386 0 0 1 "Robbery"
0 47 92 223 238 387 0 0 1 "Robbery"
0 48 96 224 238 388 0 0 1 "Robbery"
0 49 99 225 238 389 0 0 1 "Robbery"
0 50 103 226 239 390 0 0 0 "Robbery"
0 50 106 226 239 391 0 0 1 "Robbery"
0 50 109 226 239 392 0 0 1 "Robbery"
0 51 113 227 239 393 0 0 1 "Robbery"
0 51 116 227 239 394 0 0 1 "Robbery"
0 51 120 227 239 395 0 0 1 "Robbery"
0 52 123 228 239 396 0 0 1 "Robbery"
0 52 127 228 239 397 0 0 1 "Robbery"
0 52 130 228 239 398 0 0 1 "Robbery"
0 53 134 229 239 399 0 0 0 "Robbery"
0 53 132 228 239 400 0 0 1 "Robbery"
0 53 130 228 239 401 0 0 1 "Robbery"
0 53 128 228 239 402 0 0 1 "Robbery"
0 53 127 228 239 403 0 0 1 "Robbery"
0 53 125 228 239 404 0 0 1 "Robbery"
0 53 123 228 239 405 0 0 1 "Robbery"
0 53 122 228 239 406 0 0 1 "Robbery"
0 53 120 228 239 407 0 0 1 "Robbery"
0 53 118 228 239 408 0 0 1 "Robbery"
0 53 117 228 239 409 0 0 1 "Robbery"
0 53 115 228 239 410 0 0 1 "Robbery"
0 53 113 228 239 411 0 0 1 "Robbery"
0 53 112 228 239 412 0 0 1 "Robbery"
0 53 110 228 239 413 0 0 1 "Robbery"
0 53 108 228 239 414 0 0 1 "Robbery"
0 53 107 228 239 415 0 0 0 "Robbery"
0 49 100 224 239 416 0 0 1 "Robbery"
0 45 93 220 239 417 0 0 1 "Robbery"
0 41 87 216 239 418 0 0 1 "Robbery"
0 37 80 212 239 419 0 0 1 "Robbery"
0 33 74 208 239 420 0 0 1 "Robbery"
0 29 67 204 239 421 0 0 1 "Robbery"
0 26 61 200 239 422 0 0 0 "Robbery"
0 26 61 197 238 423 0 0 1 "Robbery"
0 26 61 195 238 424 0 0 1 "Robbery"
0 26 61 193 238 425 0 0 1 "Robbery"
0 26 61 191 238 426 0 0 1 "Robbery"
0 26 61 189 238 427 0 0 1 "Robbery"
0 26 61 187 238 428 0 0 1 "Robbery"
0 26 61 185 238 429 0 0 1 "Robbery"
0 26 61 183 238 430 0 0 1 "Robbery"
0 26 61 181 238 431 0 0 1 "Robbery"
0 26 61 179 238 432 0 0 1 "Robbery"
0 26 61 177 238 433 0 0 1 "Robbery"
0 26 61 175 238 434 0 0 1 "Robbery"
0 26 61 173 238 435 0 0 1 "Robbery"
0 26 61 171 238 436 0 0 1 "Robbery"
0 26 61 169 238 437 0 0 1 "Robbery"
0 26 61 167 238 438 0 0 1 "Robbery"
0 26 61 165 238 439 0 0 1 "Robbery"
0 26 61 163 238 440 0 0 0 "Robbery"
0 26 60 163 237 441 0 0 1 "Robbery"
0 27 60 164 237 442 0 0 1 "Robbery"
0 27 60 164 237 443 0 0 1 "Robbery"
0 28 60 165 237 444 0 0 1 "Robbery"
0 28 60 165 237 445 0 0 1 "Robbery"
0 29 60 166 237 446 0 0 1 "Robbery"
0 29 60 166 237 447 0 0 1 "Robbery"
0 30 60 167 237 448 0 0 1 "Robbery"
0 30 60 167 237 449 0 0 1 "Robbery"
0 31 60 168 237 450 0 0 1 "Robbery"
0 31 60 168 237 451 0 0 1 "Robbery"
0 32 60 169 237 452 0 0 1 "Robbery"
0 33 60 170 237 453 0 0 1 "Robbery"
0 33 60 170 237 454 0 0 1 "Robbery"
0 34 60 171 237 455 0 0 1 "Robbery"
0 34 60 171 237 456 0 0 1 "Robbery"
0 35 60 172 237 457 0 0 1 "Robbery"
0 35 60 172 237 458 0 0 1 "Robbery"
0 36 60 173 237 459 0 0 1 "Robbery"
0 36 60 173 237 460 0 0 1 "Robbery"
0 37 60 174 237 461 0 0 1 "Robbery"
0 37 60 174 237 462 0 0 1 "Robbery"
0 38 60 175 237 463 0 0 1 "Robbery"
0 39 60 176 237 464 0 0 0 "Robbery"
0 39 58 176 235 465 0 0 1 "Robbery"
0 39 56 176 233 466 0 0 1 "Robbery"
0 39 54 176 231 467 0 0 1 "Robbery"
0 40 53 177 230 468 0 0 1 "Robbery"
0 40 51 177 228 469 0 0 1 "Robbery"
0 40 49 177 226 470 0 0 1 "Robbery"
0 40 47 177 224 471 0 0 1 "Robbery"
0 41 46 178 223 472 0 0 0 "Robbery"
0 41 43 178 220 473 0 0 1 "Robbery"
0 42 41 179 218 474 0 0 1 "Robbery"
0 43 38 180 215 475 0 0 1 "Robbery"
0 44 36 181 213 476 0 0 1 "Robbery"
0 44 33 181 210 477 0 0 1 "Robbery"
0 45 31 182 208 478 0 0 1 "Robbery"
0 46 28 183 205 479 0 0 1 "Robbery"
0 47 26 184 203 480 0 0 0 "Robbery"
0 47 26 184 203 481 0 0 1 "Robbery"
0 47 27 184 204 482 0 0 1 "Robbery"
0 47 28 184 205 483 0 0 1 "Robbery"
0 48 29 185 206 484 0 0 1 "Robbery"
0 48 30 185 207 485 0 0 1 "Robbery"
0 48 31 185 208 486 0 0 1 "Robbery"
0 49 31 186 208 487 0 0 1 "Robbery"
0 49 32 186 209 488 0 0 1 "Robbery"
0 49 33 186 210 489 0 0 1 "Robbery"
0 50 34 187 211 490 0 0 1 "Robbery"
0 50 35 187 212 491 0 0 1 "Robbery"
0 50 36 187 213 492 0 0 1 "Robbery"
0 51 37 188 214 493 0 0 0 "Robbery"
0 50 37 184 214 494 0 0 1 "Robbery"
0 50 37 181 214 495 0 0 1 "Robbery"
0 50 37 178 214 496 0 0 1 "Robbery"
0 50 37 174 214 497 0 0 1 "Robbery"
0 50 37 171 214 498 0 0 1 "Robbery"
0 50 37 168 214 499 0 0 1 "Robbery"
0 49 37 164 214 500 0 0 1 "Robbery"
0 49 37 161 214 501 0 0 1 "Robbery"
0 49 37 158 214 502 0 0 1 "Robbery"
0 49 37 154 214 503 0 0 1 "Robbery"
0 49 37 151 214 504 0 0 1 "Robbery"
0 49 37 148 214 505 0 0 1 "Robbery"
0 48 37 144 214 506 0 0 1 "Robbery"
0 48 37 141 214 507 0 0 1 "Robbery"
0 48 37 138 214 508 0 0 1 "Robbery"
0 48 37 134 214 509 0 0 1 "Robbery"
0 48 37 131 214 510 0 0 1 "Robbery"
0 48 38 128 214 511 0 0 0 "Robbery"
0 47 38 128 213 512 0 0 1 "Robbery"
0 46 38 128 213 513 0 0 1 "Robbery"
0 46 38 128 213 514 0 0 1 "Robbery"
0 45 38 128 213 515 0 0 1 "Robbery"
0 45 38 128 213 516 0 0 1 "Robbery"
0 44 38 128 213 517 0 0 1 "Robbery"
0 44 38 128 213 518 0 0 1 "Robbery"
0 43 38 128 213 519 0 0 1 "Robbery"
0 43 38 128 213 520 0 0 1 "Robbery"
0 42 38 128 213 521 0 0 1 "Robbery"
0 42 38 128 213 522 0 0 0 "Robbery"
0 41 39 127 214 523 0 0 1 "Robbery"
0 41 41 127 216 524 0 0 1 "Robbery"
0 40 43 126 218 525 0 0 1 "Robbery"
0 40 44 126 219 526 0 0 1 "Robbery"
0 40 46 126 221 527 0 0 1 "Robbery"
0 39 48 125 223 528 0 0 1 "Robbery"
0 39 49 125 224 529 0 0 1 "Robbery"
0 38 51 124 226 530 0 0 1 "Robbery"
0 38 53 124 228 531 0 0 1 "Robbery"
0 38 55 124 230 532 0 0 0 "Robbery"
0 38 55 127 229 533 0 0 1 "Robbery"
0 38 55 131 229 534 0 0 1 "Robbery"
0 38 55 135 229 535 0 0 1 "Robbery"
0 38 55 138 229 536 0 0 1 "Robbery"
0 38 55 142 229 537 0 0 1 "Robbery"
0 38 55 146 229 538 0 0 0 "Robbery"
0 40 54 148 228 539 0 0 1 "Robbery"
0 42 53 150 227 540 0 0 1 "Robbery"
0 44 52 152 226 541 0 0 1 "Robbery"
0 46 51 154 225 542 0 0 1 "Robbery"
0 48 50 156 224 543 0 0 1 "Robbery"
0 50 49 158 223 544 0 0 1 "Robbery"
0 52 48 160 222 545 0 0 1 "Robbery"
0 55 47 163 221 546 0 0 0 "Robbery"
0 55 45 163 221 547 0 0 1 "Robbery"
0 55 43 163 221 548 0 0 1 "Robbery"
0 56 42 164 221 549 0 0 1 "Robbery"
0 56 40 164 221 550 0 0 1 "Robbery"
0 57 38 164 221 551 0 0 1 "Robbery"
0 57 37 165 221 552 0 0 1 "Robbery"
0 58 35 165 221 553 0 0 1 "Robbery"
0 58 34 166 221 554 0 0 1 "Robbery"
0 59 32 166 221 555 0 0 1 "Robbery"
0 59 30 166 221 556 0 0 1 "Robbery"
0 60 29 167 221 557 0 0 1 "Robbery"
0 60 27 167 221 558 0 0 1 "Robbery"
0 61 26 168 221 559 0 0 0 "Robbery"
0 61 25 168 220 560 0 0 1 "Robbery"
0 62 25 169 220 561 0 0 1 "Robbery"
0 62 25 169 220 562 0 0 1 "Robbery"
0 63 25 170 220 563 0 0 1 "Robbery"
0 64 25 171 220 564 0 0 1 "Robbery"
0 64 25 171 220 565 0 0 1 "Robbery"
0 65 25 172 220 566 0 0 1 "Robbery"
0 66 25 173 220 567 0 0 1 "Robbery"
0 66 25 173 220 568 0 0 1 "Robbery"
0 67 25 174 220 569 0 0 1 "Robbery"
0 67 25 174 220 570 0 0 1 "Robbery"
0 68 25 175 220 571 0 0 1 "Robbery"
0 69 25 176 220 572 0 0 1 "Robbery"
0 69 25 176 220 573 0 0 1 "Robbery"
0 70 25 177 220 574 0 0 1 "Robbery"
0 71 25 178 220 575 0 0 0 "Robbery"
0 71 25 179 219 576 0 0 1 "Robbery"
0 71 25 180 219 577 0 0 1 "Robbery"
0 71 25 182 219 578 0 0 1 "Robbery"
0 71 25 183 219 579 0 0 1 "Robbery"
0 71 25 184 219 580 0 0 1 "Robbery"
0 71 25 186 219 581 0 0 1 "Robbery"
0 71 25 187 219 582 0 0 1 "Robbery"
0 71 25 188 219 583 0 0 1 "Robbery"
0 71 25 190 219 584 0 0 1 "Robbery"
0 71 25 191 219 585 0 0 1 "Robbery"
0 71 25 192 219 586 0 0 1 "Robbery"
0 71 25 194 219 587 0 0 1 "Robbery"
0 71 25 195 219 588 0 0 1 "Robbery"
0 71 25 196 219 589 0 0 1 "Robbery"
0 71 25 198 219 590 0 0 0 "Robbery"
0 72 25 199 219 591 0 0 1 "Robbery"
0 73 26 200 220 592 0 0 1 "Robbery"
0 74 27 201 221 593 0 0 1 "Robbery"
0 75 27 202 221 594 0 0 1 "Robbery"
0 76 28 203 222 595 0 0 1 "Robbery"
0 77 29 204 223 596 0 0 1 "Robbery"
0 78 30 205 224 597 0 0 1 "Robbery"
0 79 30 206 224 598 0 0 1 "Robbery"
0 80 31 207 225 599 0 0 1 "Robbery"
0 81 32 208 226 600 0 0 1 "Robbery"
0 82 33 209 227 601 0 0 0 "Robbery"
0 81 33 208 226 602 0 0 1 "Robbery"
0 81 33 208 226 603 0 0 1 "Robbery"
0 81 33 207 226 604 0 0 1 "Robbery"
0 81 33 207 226 605 0 0 1 "Robbery"
0 81 33 207 226 606 0 0 1 "Robbery"
0 81 33 206 226 607 0 0 1 "Robbery"
0 81 33 206 226 608 0 0 1 "Robbery"
0 81 33 206 226 609 0 0 1 "Robbery"
0 80 33 205 226 610 0 0 1 "Robbery"
0 80 33 205 226 611 0 0 1 "Robbery"
0 80 33 205 226 612 0 0 1 "Robbery"
0 80 33 204 226 613 0 0 1 "Robbery"
0 80 33 204 226 614 0 0 1 "Robbery"
0 80 33 204 226 615 0 0 1 "Robbery"
0 80 33 203 226 616 0 0 1 "Robbery"
0 80 33 203 226 617 0 0 1 "Robbery"
0 79 33 202 226 618 0 0 1 "Robbery"
0 79 33 202 226 619 0 0 1 "Robbery"
0 79 33 202 226 620 0 0 1 "Robbery"
0 79 33 201 226 621 0 0 1 "Robbery"
0 79 33 201 226 622 0 0 1 "Robbery"
0 79 33 201 226 623 0 0 1 "Robbery"
0 79 33 200 226 624 0 0 1 "Robbery"
0 79 33 200 226 625 0 0 1 "Robbery"
0 79 33 200 226 626 0 0 1 "Robbery"
0 78 33 199 226 627 0 0 1 "Robbery"
0 78 33 199 226 628 0 0 1 "Robbery"
0 78 33 199 226 629 0 0 1 "Robbery"
0 78 33 198 226 630 0 0 1 "Robbery"
0 78 33 198 226 631 0 0 1 "Robbery"
0 78 33 197 226 632 0 0 1 "Robbery"
0 78 33 197 226 633 0 0 1 "Robbery"
0 78 33 197 226 634 0 0 1 "Robbery"
0 77 33 196 226 635 0 0 1 "Robbery"
0 77 33 196 226 636 0 0 1 "Robbery"
0 77 33 196 226 637 0 0 1 "Robbery"
0 77 33 195 226 638 0 0 1 "Robbery"
0 77 33 195 226 639 0 0 1 "Robbery"
0 77 33 195 226 640 0 0 1 "Robbery"
0 77 33 194 226 641 0 0 1 "Robbery"
0 77 33 194 226 642 0 0 1 "Robbery"
0 77 33 194 226 643 0 0 1 "Robbery"
0 76 33 193 226 644 0 0 1 "Robbery"
0 76 33 193 226 645 0 0 1 "Robbery"
0 76 33 192 226 646 0 0 1 "Robbery"
0 76 33 192 226 647 0 0 1 "Robbery"
0 76 33 192 226 648 0 0 1 "Robbery"
0 76 33 191 226 649 0 0 1 "Robbery"
0 76 33 191 226 650 0 0 1 "Robbery"
0 76 33 191 226 651 0 0 1 "Robbery"
0 75 33 190 226 652 0 0 1 "Robbery"
0 75 33 190 226 653 0 0 1 "Robbery"
0 75 33 190 226 654 0 0 1 "Robbery"
0 75 33 189 226 655 0 0 1 "Robbery"
0 75 33 189 226 656 0 0 1 "Robbery"
0 75 33 189 226 657 0 0 1 "Robbery"
0 75 33 188 226 658 0 0 1 "Robbery"
0 75 33 188 226 659 0 0 1 "Robbery"
0 75 33 188 226 660 0 0 0 "Robbery"
0 74 33 186 226 661 0 0 1 "Robbery"
0 73 33 184 227 662 0 0 1 "Robbery"
0 72 33 182 228 663 0 0 1 "Robbery"
0 72 34 180 229 664 1 0 0 "Robbery"
0 72 33 180 228 665 1 0 1 "Robbery"
0 73 33 181 227 666 1 0 1 "Robbery"
0 74 32 182 226 667 1 0 1 "Robbery"
0 75 32 183 226 668 1 0 1 "Robbery"
0 76 32 184 225 669 1 0 1 "Robbery"
0 77 31 184 224 670 1 0 1 "Robbery"
0 78 31 185 223 671 1 0 1 "Robbery"
0 79 31 186 223 672 1 0 1 "Robbery"
0 80 30 187 222 673 1 0 1 "Robbery"
0 81 30 188 221 674 1 0 1 "Robbery"
0 82 30 189 221 675 1 0 0 "Robbery"
0 89 28 195 218 676 1 0 1 "Robbery"
0 96 27 201 216 677 1 0 1 "Robbery"
0 104 25 207 214 678 1 0 1 "Robbery"
0 111 24 213 211 679 1 0 1 "Robbery"
0 119 22 219 209 680 1 0 1 "Robbery"
0 126 21 226 207 681 1 0 1 "Robbery"
0 134 20 232 205 682 1 0 1 "Robbery"
0 141 18 238 202 683 1 0 1 "Robbery"
0 148 17 244 200 684 1 0 1 "Robbery"
0 156 15 250 198 685 1 0 1 "Robbery"
0 163 14 257 195 686 1 0 1 "Robbery"
0 171 12 263 193 687 1 0 1 "Robbery"
0 178 11 269 191 688 1 0 1 "Robbery"
0 186 10 275 189 689 1 0 1 "Robbery"
0 193 8 281 186 690 1 0 1 "Robbery"
0 200 7 288 184 691 1 0 1 "Robbery"
0 208 5 294 182 692 1 0 1 "Robbery"
0 215 4 300 179 693 1 0 1 "Robbery"
0 223 2 306 177 694 1 0 1 "Robbery"
0 230 1 312 175 695 1 0 1 "Robbery"
0 238 0 319 173 696 0 0 0 "Robbery"
0 237 0 317 163 697 0 0 1 "Robbery"
0 236 0 315 153 698 0 0 1 "Robbery"
0 235 0 313 144 699 0 0 1 "Robbery"
0 234 0 311 134 700 0 0 1 "Robbery"
0 233 0 310 125 701 0 0 1 "Robbery"
0 232 0 308 115 702 0 0 1 "Robbery"
0 231 0 306 106 703 0 0 1 "Robbery"
0 230 0 304 96 704 0 0 1 "Robbery"
0 230 0 303 87 705 0 0 0 "Robbery"
0 228 0 304 91 706 0 0 1 "Robbery"
0 227 0 305 96 707 0 0 1 "Robbery"
0 225 0 306 100 708 0 0 1 "Robbery"
0 224 0 307 105 709 0 0 1 "Robbery"
0 222 0 308 109 710 0 0 1 "Robbery"
0 221 0 309 114 711 0 0 1 "Robbery"
0 219 0 310 118 712 0 0 1 "Robbery"
0 218 0 311 123 713 0 0 1 "Robbery"
0 216 0 312 127 714 0 0 1 "Robbery"
0 215 0 313 132 715 0 0 1 "Robbery"
0 213 0 314 136 716 0 0 1 "Robbery"
0 212 0 315 141 717 0 0 1 "Robbery"
0 210 0 316 145 718 0 0 1 "Robbery"
0 209 0 318 150 719 0 0 0 "Robbery"
0 209 0 318 149 720 0 0 1 "Robbery"
0 209 0 318 149 721 0 0 1 "Robbery"
0 210 0 318 149 722 0 0 1 "Robbery"
0 210 0 318 149 723 0 0 1 "Robbery"
0 210 0 318 149 724 0 0 1 "Robbery"
0 211 0 318 149 725 0 0 1 "Robbery"
0 211 0 318 148 726 0 0 1 "Robbery"
0 211 0 318 148 727 0 0 1 "Robbery"
0 212 0 318 148 728 0 0 1 "Robbery"
0 212 0 318 148 729 0 0 1 "Robbery"
0 212 0 318 148 730 0 0 1 "Robbery"
0 213 0 318 148 731 0 0 0 "Robbery"
0 211 0 318 150 732 0 0 1 "Robbery"
0 209 0 318 153 733 0 0 1 "Robbery"
0 207 0 318 155 734 0 0 1 "Robbery"
0 205 0 319 158 735 0 0 0 "Robbery"
0 207 0 318 155 736 0 0 1 "Robbery"
0 210 0 318 152 737 0 0 1 "Robbery"
0 213 0 318 149 738 0 0 0 "Robbery"
0 213 0 318 149 739 0 0 1 "Robbery"
0 214 0 318 149 740 0 0 1 "Robbery"
0 214 0 318 149 741 0 0 1 "Robbery"
0 215 0 318 149 742 0 0 1 "Robbery"
0 216 0 319 149 743 0 0 0 "Robbery"
0 214 0 319 150 744 0 0 1 "Robbery"
0 212 0 319 151 745 0 0 1 "Robbery"
0 211 0 319 152 746 0 0 1 "Robbery"
0 209 0 319 154 747 0 0 1 "Robbery"
0 208 0 319 155 748 0 0 1 "Robbery"
0 206 0 319 156 749 0 0 1 "Robbery"
0 205 0 319 158 750 0 0 0 "Robbery"
0 206 0 319 157 751 0 0 1 "Robbery"
0 208 0 319 157 752 0 0 1 "Robbery"
0 210 0 319 157 753 0 0 1 "Robbery"
0 212 0 319 157 754 0 0 0 "Robbery"
0 211 0 319 157 755 0 0 1 "Robbery"
0 210 0 319 157 756 0 0 1 "Robbery"
0 210 0 319 157 757 0 0 1 "Robbery"
0 209 0 319 157 758 0 0 1 "Robbery"
0 208 0 319 157 759 0 0 1 "Robbery"
0 208 0 319 158 760 1 0 0 "Robbery"
0 207 0 319 158 761 1 0 1 "Robbery"
0 207 0 319 158 762 1 0 1 "Robbery"
0 206 0 319 158 763 1 0 1 "Robbery"
0 206 0 319 158 764 1 0 1 "Robbery"
0 205 0 319 158 765 1 0 1 "Robbery"
0 205 0 319 158 766 1 0 0 "Robbery"
0 204 0 318 158 767 1 0 1 "Robbery"
0 204 0 318 158 768 1 0 1 "Robbery"
0 203 0 317 158 769 1 0 1 "Robbery"
0 203 0 317 158 770 1 0 1 "Robbery"
0 202 0 316 158 771 1 0 1 "Robbery"
0 202 0 316 158 772 1 0 1 "Robbery"
0 201 1 315 158 773 1 0 1 "Robbery"
0 201 1 315 158 774 1 0 1 "Robbery"
0 200 1 315 159 775 1 0 1 "Robbery"
0 200 1 314 159 776 1 0 1 "Robbery"
0 200 1 314 159 777 1 0 1 "Robbery"
0 199 1 313 159 778 1 0 1 "Robbery"
0 199 1 313 159 779 1 0 1 "Robbery"
0 198 2 312 159 780 1 0 1 "Robbery"
0 198 2 312 159 781 1 0 1 "Robbery"
0 197 2 312 159 782 1 0 1 "Robbery"
0 197 2 311 160 783 1 0 1 "Robbery"
0 196 2 311 160 784 1 0 1 "Robbery"
0 196 2 310 160 785 1 0 1 "Robbery"
0 195 3 310 160 786 1 0 1 "Robbery"
0 195 3 309 160 787 1 0 1 "Robbery"
0 195 3 309 160 788 1 0 1 "Robbery"
0 194 3 308 160 789 1 0 1 "Robbery"
0 194 3 308 160 790 1 0 1 "Robbery"
0 193 3 308 160 791 1 0 1 "Robbery"
0 193 3 307 161 792 1 0 1 "Robbery"
0 192 4 307 161 793 1 0 1 "Robbery"
0 192 4 306 161 794 1 0 1 "Robbery"
0 191 4 306 161 795 1 0 1 "Robbery"
0 191 4 305 161 796 1 0 1 "Robbery"
0 191 4 305 161 797 1 0 1 "Robbery"
0 190 4 305 161 798 1 0 1 "Robbery"
0 190 5 304 161 799 1 0 1 "Robbery"
0 189 5 304 162 800 1 0 1 "Robbery"
0 189 5 303 162 801 1 0 1 "Robbery"
0 188 5 303 162 802 1 0 1 "Robbery"
0 188 5 302 162 803 1 0 1 "Robbery"
0 187 5 302 162 804 1 0 1 "Robbery"
0 187 5 301 162 805 1 0 1 "Robbery"
0 186 6 301 162 806 1 0 1 "Robbery"
0 186 6 301 162 807 1 0 1 "Robbery"
0 186 6 300 162 808 1 0 1 "Robbery"
0 185 6 300 163 809 1 0 1 "Robbery"
0 185 6 299 163 810 1 0 1 "Robbery"
0 184 6 299 163 811 1 0 1 "Robbery"
0 184 7 298 163 812 1 0 1 "Robbery"
0 183 7 298 163 813 1 0 1 "Robbery"
0 183 7 298 163 814 1 0 1 "Robbery"
0 182 7 297 163 815 1 0 1 "Robbery"
0 182 7 297 163 816 1 0 1 "Robbery"
0 182 7 296 164 817 1 0 1 "Robbery"
0 181 7 296 164 818 1 0 1 "Robbery"
0 181 8 295 164 819 1 0 1 "Robbery"
0 180 8 295 164 820 1 0 1 "Robbery"
0 180 8 294 164 821 1 0 1 "Robbery"
0 179 8 294 164 822 1 0 1 "Robbery"
0 179 8 294 164 823 1 0 1 "Robbery"
0 178 8 293 164 824 1 0 1 "Robbery"
0 178 9 293 164 825 1 0 1 "Robbery"
0 177 9 292 165 826 1 0 1 "Robbery"
0 177 9 292 165 827 1 0 1 "Robbery"
0 177 9 291 165 828 1 0 1 "Robbery"
0 176 9 291 165 829 1 0 1 "Robbery"
0 176 9 291 165 830 1 0 1 "Robbery"
0 175 9 290 165 831 1 0 1 "Robbery"
0 175 10 290 165 832 1 0 1 "Robbery"
0 174 10 289 165 833 1 0 1 "Robbery"
0 174 10 289 166 834 1 0 1 "Robbery"
0 173 10 288 166 835 1 0 1 "Robbery"
0 173 10 288 166 836 1 0 1 "Robbery"
0 173 10 287 166 837 1 0 1 "Robbery"
0 172 11 287 166 838 1 0 1 "Robbery"
0 172 11 287 166 839 1 0 1 "Robbery"
0 171 11 286 166 840 1 0 1 "Robbery"
0 171 11 286 166 841 1 0 1 "Robbery"
0 170 11 285 166 842 1 0 1 "Robbery"
0 170 11 285 167 843 1 0 1 "Robbery"
0 169 11 284 167 844 1 0 1 "Robbery"
0 169 12 284 167 845 1 0 1 "Robbery"
0 168 12 284 167 846 1 0 1 "Robbery"
0 168 12 283 167 847 1 0 1 "Robbery"
0 168 12 283 167 848 1 0 1 "Robbery"
0 167 12 282 167 849 1 0 1 "Robbery"
0 167 12 282 167 850 1 0 1 "Robbery"
0 166 12 281 168 851 1 0 1 "Robbery"
0 166 13 281 168 852 1 0 1 "Robbery"
0 165 13 280 168 853 1 0 1 "Robbery"
0 165 13 280 168 854 1 0 1 "Robbery"
0 164 13 280 168 855 1 0 1 "Robbery"
0 164 13 279 168 856 1 0 1 "Robbery"
0 164 13 279 168 857 1 0 1 "Robbery"
0 163 14 278 168 858 1 0 1 "Robbery"
0 163 14 278 168 859 1 0 1 "Robbery"
0 162 14 277 169 860 1 0 1 "Robbery"
0 162 14 277 169 861 1 0 1 "Robbery"
0 161 14 277 169 862 1 0 1 "Robbery"
0 161 14 276 169 863 1 0 1 "Robbery"
0 160 14 276 169 864 1 0 1 "Robbery"
0 160 15 275 169 865 1 0 1 "Robbery"
0 159 15 275 169 866 1 0 1 "Robbery"
0 159 15 274 169 867 1 0 1 "Robbery"
0 159 15 274 170 868 1 0 1 "Robbery"
0 158 15 273 170 869 1 0 1 "Robbery"
0 158 15 273 170 870 1 0 1 "Robbery"
0 157 16 273 170 871 1 0 1 "Robbery"
0 157 16 272 170 872 1 0 1 "Robbery"
0 156 16 272 170 873 1 0 1 "Robbery"
0 156 16 271 170 874 1 0 1 "Robbery"
0 155 16 271 170 875 1 0 1 "Robbery"
0 155 16 270 170 876 1 0 1 "Robbery"
0 155 16 270 171 877 1 0 1 "Robbery"
0 154 17 270 171 878 1 0 1 "Robbery"
0 154 17 269 171 879 1 0 1 "Robbery"
0 153 17 269 171 880 1 0 1 "Robbery"
0 153 17 268 171 881 1 0 1 "Robbery"
0 152 17 268 171 882 1 0 1 "Robbery"
0 152 17 267 171 883 1 0 1 "Robbery"
0 151 18 267 171 884 1 0 1 "Robbery"
0 151 18 266 172 885 1 0 1 "Robbery"
0 150 18 266 172 886 1 0 1 "Robbery"
0 150 18 266 172 887 1 0 1 "Robbery"
0 150 18 265 172 888 1 0 1 "Robbery"
0 149 18 265 172 889 1 0 1 "Robbery"
0 149 18 264 172 890 1 0 1 "Robbery"
0 148 19 264 172 891 1 0 1 "Robbery"
0 148 19 263 172 892 1 0 1 "Robbery"
0 147 19 263 172 893 1 0 1 "Robbery"
0 147 19 263 173 894 1 0 1 "Robbery"
0 146 19 262 173 895 1 0 1 "Robbery"
0 146 19 262 173 896 1 0 1 "Robbery"
0 145 20 261 173 897 1 0 1 "Robbery"
0 145 20 261 173 898 1 0 1 "Robbery"
0 145 20 260 173 899 1 0 1 "Robbery"
0 144 20 260 173 900 1 0 1 "Robbery"
0 144 20 260 173 901 1 0 1 "Robbery"
0 143 20 259 174 902 1 0 1 "Robbery"
0 143 20 259 174 903 1 0 1 "Robbery"
0 142 21 258 174 904 1 0 1 "Robbery"
0 142 21 258 174 905 1 0 1 "Robbery"
0 141 21 257 174 906 1 0 1 "Robbery"
0 141 21 257 174 907 1 0 1 "Robbery"
0 141 21 256 174 908 1 0 1 "Robbery"
0 140 21 256 174 909 1 0 1 "Robbery"
0 140 22 256 174 910 1 0 1 "Robbery"
0 139 22 255 175 911 1 0 1 "Robbery"
0 139 22 255 175 912 1 0 1 "Robbery"
0 138 22 254 175 913 1 0 1 "Robbery"
0 138 22 254 175 914 1 0 1 "Robbery"
0 137 22 253 175 915 1 0 1 "Robbery"
0 137 22 253 175 916 1 0 1 "Robbery"
0 136 23 253 175 917 1 0 1 "Robbery"
0 136 23 252 175 918 1 0 1 "Robbery"
0 136 23 252 176 919 1 0 1 "Robbery"
0 135 23 251 176 920 1 0 1 "Robbery"
0 135 23 251 176 921 1 0 1 "Robbery"
0 134 23 250 176 922 1 0 1 "Robbery"
0 134 23 250 176 923 1 0 1 "Robbery"
0 133 24 249 176 924 1 0 1 "Robbery"
0 133 24 249 176 925 1 0 1 "Robbery"
0 132 24 249 176 926 1 0 1 "Robbery"
0 132 24 248 176 927 1 0 1 "Robbery"
0 132 24 248 177 928 1 0 1 "Robbery"
0 131 24 247 177 929 1 0 1 "Robbery"
0 131 25 247 177 930 1 0 1 "Robbery"
0 130 25 246 177 931 1 0 1 "Robbery"
0 130 25 246 177 932 1 0 1 "Robbery"
0 129 25 246 177 933 1 0 1 "Robbery"
0 129 25 245 177 934 1 0 1 "Robbery"
0 128 25 245 177 935 1 0 1 "Robbery"
0 128 25 244 178 936 1 0 1 "Robbery"
0 127 26 244 178 937 1 0 1 "Robbery"
0 127 26 243 178 938 1 0 1 "Robbery"
0 127 26 243 178 939 1 0 1 "Robbery"
0 126 26 242 178 940 1 0 1 "Robbery"
0 126 26 242 178 941 1 0 1 "Robbery"
0 125 26 242 178 942 1 0 1 "Robbery"
0 125 27 241 178 943 1 0 1 "Robbery"
0 124 27 241 178 944 1 0 1 "Robbery"
0 124 27 240 179 945 1 0 1 "Robbery"
0 123 27 240 179 946 1 0 1 "Robbery"
0 123 27 239 179 947 1 0 1 "Robbery"
0 123 27 239 179 948 1 0 1 "Robbery"
0 122 27 239 179 949 1 0 1 "Robbery"
0 122 28 238 179 950 1 0 1 "Robbery"
0 121 28 238 179 951 1 0 1 "Robbery"
0 121 28 237 179 952 1 0 1 "Robbery"
0 120 28 237 180 953 1 0 1 "Robbery"
0 120 28 236 180 954 1 0 1 "Robbery"
0 119 28 236 180 955 1 0 1 "Robbery"
0 119 29 235 180 956 1 0 1 "Robbery"
0 118 29 235 180 957 1 0 1 "Robbery"
0 118 29 235 180 958 1 0 1 "Robbery"
0 118 29 234 180 959 1 0 1 "Robbery"
0 117 29 234 180 960 1 0 1 "Robbery"
0 117 29 233 181 961 1 0 1 "Robbery"
0 116 29 233 181 962 1 0 1 "Robbery"
0 116 30 232 181 963 1 0 1 "Robbery"
0 115 30 232 181 964 1 0 1 "Robbery"
0 115 30 232 181 965 1 0 1 "Robbery"
0 114 30 231 181 966 1 0 1 "Robbery"
0 114 30 231 181 967 1 0 1 "Robbery"
0 114 30 230 181 968 1 0 1 "Robbery"
0 113 31 230 181 969 1 0 1 "Robbery"
0 113 31 229 182 970 1 0 1 "Robbery"
0 112 31 229 182 971 1 0 1 "Robbery"
0 112 31 228 182 972 1 0 1 "Robbery"
0 111 31 228 182 973 1 0 1 "Robbery"
0 111 31 228 182 974 1 0 1 "Robbery"
0 110 31 227 182 975 1 0 1 "Robbery"
0 110 32 227 182 976 1 0 1 "Robbery"
0 109 32 226 182 977 1 0 1 "Robbery"
0 109 32 226 183 978 1 0 1 "Robbery"
0 109 32 225 183 979 1 0 1 "Robbery"
0 108 32 225 183 980 1 0 1 "Robbery"
0 108 32 225 183 981 1 0 1 "Robbery"
0 107 33 224 183 982 1 0 1 "Robbery"
0 107 33 224 183 983 1 0 1 "Robbery"
0 106 33 223 183 984 1 0 1 "Robbery"
0 106 33 223 183 985 1 0 1 "Robbery"
0 105 33 222 183 986 1 0 1 "Robbery"
0 105 33 222 184 987 1 0 1 "Robbery"
0 105 33 221 184 988 1 0 1 "Robbery"
0 104 34 221 184 989 1 0 1 "Robbery"
0 104 34 221 184 990 1 0 1 "Robbery"
0 103 34 220 184 991 1 0 1 "Robbery"
0 103 34 220 184 992 1 0 1 "Robbery"
0 102 34 219 184 993 1 0 1 "Robbery"
0 102 34 219 184 994 1 0 1 "Robbery"
0 101 34 218 185 995 1 0 1 "Robbery"
0 101 35 218 185 996 1 0 1 "Robbery"
0 100 35 218 185 997 1 0 1 "Robbery"
0 100 35 217 185 998 1 0 1 "Robbery"
0 100 35 217 185 999 1 0 1 "Robbery"
0 99 35 216 185 1000 1 0 1 "Robbery"
0 99 35 216 185 1001 1 0 1 "Robbery"
0 98 36 215 185 1002 1 0 1 "Robbery"
0 98 36 215 185 1003 1 0 1 "Robbery"
0 97 36 214 186 1004 1 0 1 "Robbery"
0 97 36 214 186 1005 1 0 1 "Robbery"
0 96 36 214 186 1006 1 0 1 "Robbery"
0 96 36 213 186 1007 1 0 1 "Robbery"
0 96 36 213 186 1008 1 0 1 "Robbery"
0 95 37 212 186 1009 1 0 1 "Robbery"
0 95 37 212 186 1010 1 0 1 "Robbery"
0 94 37 211 186 1011 1 0 1 "Robbery"
0 94 37 211 187 1012 1 0 1 "Robbery"
0 93 37 211 187 1013 1 0 1 "Robbery"
0 93 37 210 187 1014 1 0 1 "Robbery"
0 92 38 210 187 1015 1 0 1 "Robbery"
0 92 38 209 187 1016 1 0 1 "Robbery"
0 91 38 209 187 1017 1 0 1 "Robbery"
0 91 38 208 187 1018 1 0 1 "Robbery"
0 91 38 208 187 1019 1 0 1 "Robbery"
0 90 38 208 187 1020 1 0 1 "Robbery"
0 90 38 207 188 1021 1 0 1 "Robbery"
0 89 39 207 188 1022 1 0 1 "Robbery"
0 89 39 206 188 1023 1 0 1 "Robbery"
0 88 39 206 188 1024 1 0 1 "Robbery"
0 88 39 205 188 1025 1 0 1 "Robbery"
0 87 39 205 188 1026 1 0 1 "Robbery"
0 87 39 204 188 1027 1 0 1 "Robbery"
0 86 40 204 188 1028 1 0 1 "Robbery"
0 86 40 204 189 1029 1 0 1 "Robbery"
0 86 40 203 189 1030 1 0 1 "Robbery"
0 85 40 203 189 1031 1 0 1 "Robbery"
0 85 40 202 189 1032 1 0 1 "Robbery"
0 84 40 202 189 1033 1 0 1 "Robbery"
0 84 40 201 189 1034 1 0 1 "Robbery"
0 83 41 201 189 1035 1 0 1 "Robbery"
0 83 41 201 189 1036 1 0 1 "Robbery"
0 82 41 200 189 1037 1 0 1 "Robbery"
0 82 41 200 190 1038 1 0 1 "Robbery"
0 82 41 199 190 1039 1 0 1 "Robbery"
0 81 41 199 190 1040 1 0 1 "Robbery"
0 81 42 198 190 1041 1 0 1 "Robbery"
0 80 42 198 190 1042 1 0 1 "Robbery"
0 80 42 197 190 1043 1 0 1 "Robbery"
0 79 42 197 190 1044 1 0 1 "Robbery"
0 79 42 197 190 1045 1 0 1 "Robbery"
0 78 42 196 191 1046 1 0 1 "Robbery"
0 78 42 196 191 1047 1 0 1 "Robbery"
0 77 43 195 191 1048 1 0 1 "Robbery"
0 77 43 195 191 1049 1 0 1 "Robbery"
0 77 43 194 191 1050 1 0 1 "Robbery"
0 76 43 194 191 1051 1 0 1 "Robbery"
0 76 43 194 191 1052 1 0 1 "Robbery"
0 75 43 193 191 1053 1 0 1 "Robbery"
0 75 44 193 191 1054 1 0 1 "Robbery"
0 74 44 192 192 1055 1 0 1 "Robbery"
0 74 44 192 192 1056 1 0 1 "Robbery"
0 73 44 191 192 1057 1 0 1 "Robbery"
0 73 44 191 192 1058 1 0 1 "Robbery"
0 73 44 190 192 1059 1 0 1 "Robbery"
0 72 44 190 192 1060 1 0 1 "Robbery"
0 72 45 190 192 1061 1 0 1 "Robbery"
0 71 45 189 192 1062 1 0 1 "Robbery"
0 71 45 189 193 1063 1 0 1 "Robbery"
0 70 45 188 193 1064 1 0 1 "Robbery"
0 70 45 188 193 1065 1 0 1 "Robbery"
0 69 45 187 193 1066 1 0 1 "Robbery"
0 69 45 187 193 1067 1 0 1 "Robbery"
0 68 46 187 193 1068 1 0 1 "Robbery"
0 68 46 186 193 1069 1 0 1 "Robbery"
0 68 46 186 193 1070 1 0 1 "Robbery"
0 67 46 185 193 1071 1 0 1 "Robbery"
0 67 46 185 194 1072 1 0 1 "Robbery"
0 66 46 184 194 1073 1 0 1 "Robbery"
0 66 47 184 194 1074 1 0 1 "Robbery"
0 65 47 183 194 1075 1 0 1 "Robbery"
0 65 47 183 194 1076 1 0 1 "Robbery"
0 64 47 183 194 1077 1 0 1 "Robbery"
0 64 47 182 194 1078 1 0 1 "Robbery"
0 64 47 182 194 1079 1 0 1 "Robbery"
0 63 47 181 195 1080 1 0 1 "Robbery"
0 63 48 181 195 1081 1 0 1 "Robbery"
0 62 48 180 195 1082 1 0 1 "Robbery"
0 62 48 180 195 1083 1 0 1 "Robbery"
0 61 48 180 195 1084 1 0 1 "Robbery"
0 61 48 179 195 1085 1 0 1 "Robbery"
0 60 48 179 195 1086 1 0 1 "Robbery"
0 60 49 178 195 1087 1 0 1 "Robbery"
0 59 49 178 195 1088 1 0 1 "Robbery"
0 59 49 177 196 1089 1 0 1 "Robbery"
0 59 49 177 196 1090 1 0 1 "Robbery"
0 58 49 176 196 1091 1 0 1 "Robbery"
0 58 49 176 196 1092 1 0 1 "Robbery"
0 57 49 176 196 1093 1 0 1 "Robbery"
0 57 50 175 196 1094 1 0 1 "Robbery"
0 56 50 175 196 1095 1 0 1 "Robbery"
0 56 50 174 196 1096 1 0 1 "Robbery"
0 55 50 174 197 1097 1 0 1 "Robbery"
0 55 50 173 197 1098 1 0 1 "Robbery"
0 55 50 173 197 1099 1 0 1 "Robbery"
0 54 51 173 197 1100 1 0 1 "Robbery"
0 54 51 172 197 1101 1 0 1 "Robbery"
0 53 51 172 197 1102 1 0 1 "Robbery"
0 53 51 171 197 1103 1 0 1 "Robbery"
0 52 51 171 197 1104 1 0 1 "Robbery"
0 52 51 170 197 1105 1 0 1 "Robbery"
0 51 51 170 198 1106 1 0 1 "Robbery"
0 51 52 169 198 1107 1 0 1 "Robbery"
0 50 52 169 198 1108 1 0 1 "Robbery"
0 50 52 169 198 1109 1 0 1 "Robbery"
0 50 52 168 198 1110 1 0 1 "Robbery"
0 49 52 168 198 1111 1 0 1 "Robbery"
0 49 52 167 198 1112 1 0 1 "Robbery"
0 48 53 167 198 1113 1 0 1 "Robbery"
0 48 53 166 199 1114 1 0 1 "Robbery"
0 47 53 166 199 1115 1 0 1 "Robbery"
0 47 53 166 199 1116 1 0 1 "Robbery"
0 46 53 165 199 1117 1 0 1 "Robbery"
0 46 53 165 199 1118 1 0 1 "Robbery"
0 46 53 164 199 1119 1 0 1 "Robbery"
0 45 54 164 199 1120 1 0 1 "Robbery"
0 45 54 163 199 1121 1 0 1 "Robbery"
0 44 54 163 199 1122 1 0 1 "Robbery"
0 44 54 162 200 1123 1 0 1 "Robbery"
0 43 54 162 200 1124 1 0 1 "Robbery"
0 43 54 162 200 1125 1 0 1 "Robbery"
0 42 55 161 200 1126 1 0 1 "Robbery"
0 42 55 161 200 1127 1 0 1 "Robbery"
0 41 55 160 200 1128 1 0 1 "Robbery"
0 41 55 160 200 1129 1 0 1 "Robbery"
0 41 55 159 200 1130 1 0 1 "Robbery"
0 40 55 159 201 1131 1 0 1 "Robbery"
0 40 55 159 201 1132 1 0 1 "Robbery"
0 39 56 158 201 1133 1 0 1 "Robbery"
0 39 56 158 201 1134 1 0 1 "Robbery"
0 38 56 157 201 1135 1 0 1 "Robbery"
0 38 56 157 201 1136 1 0 1 "Robbery"
0 37 56 156 201 1137 1 0 1 "Robbery"
0 37 56 156 201 1138 1 0 1 "Robbery"
0 37 57 156 202 1139 1 0 0 "Robbery"
