0 9 58 35 111 0 1 0 0 "Robbery"
0 8 57 35 111 1 1 0 1 "Robbery"
0 8 57 35 111 2 1 0 1 "Robbery"
0 8 57 35 111 3 1 0 1 "Robbery"
0 8 57 35 111 4 1 0 1 "Robbery"
0 8 57 35 111 5 1 0 1 "Robbery"
0 8 57 35 111 6 1 0 1 "Robbery"
0 8 57 35 111 7 1 0 1 "Robbery"
0 8 57 35 111 8 1 0 1 "Robbery"
0 8 57 35 111 9 1 0 1 "Robbery"
0 8 57 35 111 10 1 0 1 "Robbery"
0 8 57 35 111 11 1 0 1 "Robbery"
0 8 57 35 111 12 1 0 1 "Robbery"
0 8 57 35 111 13 1 0 1 "Robbery"
0 8 57 35 111 14 1 0 1 "Robbery"
0 8 57 35 111 15 1 0 1 "Robbery"
0 8 57 35 111 16 1 0 1 "Robbery"
0 8 57 35 111 17 1 0 1 "Robbery"
0 8 57 35 111 18 1 0 1 "Robbery"
0 8 57 35 111 19 1 0 1 "Robbery"
0 8 57 35 111 20 1 0 1 "Robbery"
0 8 57 35 111 21 1 0 1 "Robbery"
0 8 57 35 111 22 1 0 1 "Robbery"
0 8 57 35 111 23 1 0 1 "Robbery"
0 8 57 35 111 24 1 0 1 "Robbery"
0 8 57 35 111 25 1 0 1 "Robbery"
0 8 57 35 111 26 1 0 1 "Robbery"
0 8 57 35 111 27 1 0 1 "Robbery"
0 8 57 35 111 28 1 0 1 "Robbery"
0 8 57 35 111 29 1 0 1 "Robbery"
0 8 57 35 111 30 1 0 1 "Robbery"
0 8 57 35 111 31 1 0 1 "Robbery"
0 8 57 35 111 32 1 0 1 "Robbery"
0 8 57 35 111 33 1 0 1 "Robbery"
0 8 57 35 111 34 1 0 1 "Robbery"
0 8 57 35 112 35 1 0 1 "Robbery"
0 8 57 35 112 36 1 0 1 "Robbery"
0 8 56 35 112 37 1 0 1 "Robbery"
0 8 56 35 112 38 1 0 1 "Robbery"
0 8 56 36 112 39 1 0 1 "Robbery"
0 8 56 36 112 40 1 0 1 "Robbery"
0 8 56 36 112 41 1 0 1 "Robbery"
0 8 56 36 112 42 1 0 1 "Robbery"
0 8 56 36 112 43 1 0 1 "Robbery"
0 8 56 36 112 44 1 0 1 "Robbery"
0 8 56 36 112 45 1 0 1 "Robbery"
0 8 56 36 112 46 1 0 1 "Robbery"
0 8 56 36 112 47 1 0 1 "Robbery"
0 8 56 36 112 48 1 0 1 "Robbery"
0 8 56 36 112 49 1 0 1 "Robbery"
0 8 56 36 112 50 1 0 1 "Robbery"
0 8 56 36 112 51 1 0 1 "Robbery"
0 8 56 36 112 52 1 0 1 "Robbery"
0 8 56 36 112 53 1 0 1 "Robbery"
0 8 56 36 112 54 1 0 1 "Robbery"
0 8 56 36 112 55 1 0 1 "Robbery"
0 8 56 36 112 56 1 0 1 "Robbery"
0 8 56 36 112 57 1 0 1 "Robbery"
0 8 56 36 112 58 1 0 1 "Robbery"
0 8 56 36 112 59 1 0 1 "Robbery"
0 8 56 36 112 60 1 0 1 "Robbery"
0 8 56 36 112 61 1 0 1 "Robbery"
0 8 56 36 112 62 1 0 1 "Robbery"
0 8 56 36 112 63 1 0 1 "Robbery"
0 8 56 36 112 64 1 0 1 "Robbery"
0 8 56 36 112 65 1 0 1 "Robbery"
0 8 56 36 112 66 1 0 1 "Robbery"
0 8 56 36 112 67 1 0 1 "Robbery"
0 8 56 36 112 68 1 0 1 "Robbery"
0 8 56 36 113 69 1 0 1 "Robbery"
0 8 56 36 113 70 1 0 1 "Robbery"
0 8 56 36 113 71 1 0 1 "Robbery"
0 8 56 36 113 72 1 0 1 "Robbery"
0 7 55 36 113 73 1 0 1 "Robbery"
0 7 55 36 113 74 1 0 1 "Robbery"
0 7 55 36 113 75 1 0 1 "Robbery"
0 7 55 36 113 76 1 0 1 "Robbery"
0 7 55 37 113 77 1 0 1 "Robbery"
0 7 55 37 113 78 1 0 1 "Robbery"
0 7 55 37 113 79 1 0 1 "Robbery"
0 7 55 37 113 80 1 0 1 "Robbery"
0 7 55 37 113 81 1 0 1 "Robbery"
0 7 55 37 113 82 1 0 1 "Robbery"
0 7 55 37 113 83 1 0 1 "Robbery"
0 7 55 37 113 84 1 0 1 "Robbery"
0 7 55 37 113 85 1 0 1 "Robbery"
0 7 55 37 113 86 1 0 1 "Robbery"
0 7 55 37 113 87 1 0 1 "Robbery"
0 7 55 37 113 88 1 0 1 "Robbery"
0 7 55 37 113 89 1 0 1 "Robbery"
0 7 55 37 113 90 1 0 1 "Robbery"
0 7 55 37 113 91 1 0 1 "Robbery"
0 7 55 37 113 92 1 0 1 "Robbery"
0 7 55 37 113 93 1 0 1 "Robbery"
0 7 55 37 113 94 1 0 1 "Robbery"
0 7 55 37 113 95 1 0 1 "Robbery"
0 7 55 37 113 96 1 0 1 "Robbery"
0 7 55 37 113 97 1 0 1 "Robbery"
0 7 55 37 113 98 1 0 1 "Robbery"
0 7 55 37 113 99 1 0 1 "Robbery"
0 7 55 37 113 100 1 0 1 "Robbery"
0 7 55 37 113 101 1 0 1 "Robbery"
0 7 55 37 113 102 1 0 1 "Robbery"
0 7 55 37 113 103 1 0 1 "Robbery"
0 7 55 37 114 104 1 0 1 "Robbery"
0 7 55 37 114 105 1 0 1 "Robbery"
0 7 55 37 114 106 1 0 1 "Robbery"
0 7 55 37 114 107 1 0 1 "Robbery"
0 7 55 37 114 108 1 0 1 "Robbery"
0 7 55 37 114 109 1 0 1 "Robbery"
0 7 54 37 114 110 1 0 1 "Robbery"
0 7 54 37 114 111 1 0 1 "Robbery"
0 7 54 37 114 112 1 0 1 "Robbery"
0 7 54 37 114 113 1 0 1 "Robbery"
0 7 54 37 114 114 1 0 1 "Robbery"
0 7 54 37 114 115 1 0 1 "Robbery"
0 7 54 38 114 116 1 0 1 "Robbery"
0 7 54 38 114 117 1 0 1 "Robbery"
0 7 54 38 114 118 1 0 1 "Robbery"
0 7 54 38 114 119 1 0 1 "Robbery"
0 7 54 38 114 120 1 0 1 "Robbery"
0 7 54 38 114 121 1 0 1 "Robbery"
0 7 54 38 114 122 1 0 1 "Robbery"
0 7 54 38 114 123 1 0 1 "Robbery"
0 7 54 38 114 124 1 0 1 "Robbery"
0 7 54 38 114 125 1 0 1 "Robbery"
0 7 54 38 114 126 1 0 1 "Robbery"
0 7 54 38 114 127 1 0 1 "Robbery"
0 7 54 38 114 128 1 0 1 "Robbery"
0 7 54 38 114 129 1 0 1 "Robbery"
0 7 54 38 114 130 1 0 1 "Robbery"
0 7 54 38 114 131 1 0 1 "Robbery"
0 7 54 38 114 132 1 0 1 "Robbery"
0 7 54 38 114 133 1 0 1 "Robbery"
0 7 54 38 114 134 1 0 1 "Robbery"
0 7 54 38 114 135 1 0 1 "Robbery"
0 7 54 38 114 136 1 0 1 "Robbery"
0 7 54 38 114 137 1 0 1 "Robbery"
0 7 54 38 115 138 1 0 1 "Robbery"
0 7 54 38 115 139 1 0 1 "Robbery"
0 7 54 38 115 140 1 0 1 "Robbery"
0 7 54 38 115 141 1 0 1 "Robbery"
0 7 54 38 115 142 1 0 1 "Robbery"
0 7 54 38 115 143 1 0 1 "Robbery"
0 7 54 38 115 144 1 0 1 "Robbery"
0 7 54 38 115 145 1 0 1 "Robbery"
0 6 53 38 115 146 1 0 1 "Robbery"
0 6 53 38 115 147 1 0 1 "Robbery"
0 6 53 38 115 148 1 0 1 "Robbery"
0 6 53 38 115 149 1 0 1 "Robbery"
0 6 53 38 115 150 1 0 1 "Robbery"
0 6 53 38 115 151 1 0 1 "Robbery"
0 6 53 38 115 152 1 0 1 "Robbery"
0 6 53 38 115 153 1 0 1 "Robbery"
0 6 53 39 115 154 1 0 1 "Robbery"
0 6 53 39 115 155 1 0 1 "Robbery"
0 6 53 39 115 156 1 0 1 "Robbery"
0 6 53 39 115 157 1 0 1 "Robbery"
0 6 53 39 115 158 1 0 1 "Robbery"
0 6 53 39 115 159 1 0 1 "Robbery"
0 6 53 39 115 160 1 0 1 "Robbery"
0 6 53 39 115 161 1 0 1 "Robbery"
0 6 53 39 115 162 1 0 1 "Robbery"
0 6 53 39 115 163 1 0 1 "Robbery"
0 6 53 39 115 164 1 0 1 "Robbery"
0 6 53 39 115 165 1 0 1 "Robbery"
0 6 53 39 115 166 1 0 1 "Robbery"
0 6 53 39 115 167 1 0 1 "Robbery"
0 6 53 39 115 168 1 0 1 "Robbery"
0 6 53 39 115 169 1 0 1 "Robbery"
0 6 53 39 115 170 1 0 1 "Robbery"
0 6 53 39 115 171 1 0 1 "Robbery"
0 6 53 39 115 172 1 0 1 "Robbery"
0 6 53 39 116 173 1 0 1 "Robbery"
0 6 53 39 116 174 1 0 1 "Robbery"
0 6 53 39 116 175 1 0 1 "Robbery"
0 6 53 39 116 176 1 0 1 "Robbery"
0 6 53 39 116 177 1 0 1 "Robbery"
0 6 53 39 116 178 1 0 1 "Robbery"
0 6 53 39 116 179 1 0 1 "Robbery"
0 6 53 39 116 180 1 0 1 "Robbery"
0 6 53 39 116 181 1 0 1 "Robbery"
0 6 52 39 116 182 1 0 1 "Robbery"
0 6 52 39 116 183 1 0 1 "Robbery"
0 6 52 39 116 184 1 0 1 "Robbery"
0 6 52 39 116 185 1 0 1 "Robbery"
0 6 52 39 116 186 1 0 1 "Robbery"
0 6 52 39 116 187 1 0 1 "Robbery"
0 6 52 39 116 188 1 0 1 "Robbery"
0 6 52 39 116 189 1 0 1 "Robbery"
0 6 52 39 116 190 1 0 1 "Robbery"
0 6 52 39 116 191 1 0 1 "Robbery"
0 6 52 39 116 192 1 0 1 "Robbery"
0 6 52 40 116 193 1 0 1 "Robbery"
0 6 52 40 116 194 1 0 1 "Robbery"
0 6 52 40 116 195 1 0 1 "Robbery"
0 6 52 40 116 196 1 0 1 "Robbery"
0 6 52 40 116 197 1 0 1 "Robbery"
0 6 52 40 116 198 1 0 1 "Robbery"
0 6 52 40 116 199 1 0 1 "Robbery"
0 6 52 40 116 200 1 0 1 "Robbery"
0 6 52 40 116 201 1 0 1 "Robbery"
0 6 52 40 116 202 1 0 1 "Robbery"
0 6 52 40 116 203 1 0 1 "Robbery"
0 6 52 40 116 204 1 0 1 "Robbery"
0 6 52 40 116 205 1 0 1 "Robbery"
0 6 52 40 116 206 1 0 1 "Robbery"
0 6 52 40 117 207 1 0 1 "Robbery"
0 6 52 40 117 208 1 0 1 "Robbery"
0 6 52 40 117 209 1 0 1 "Robbery"
0 6 52 40 117 210 1 0 1 "Robbery"
0 6 52 40 117 211 1 0 1 "Robbery"
0 6 52 40 117 212 1 0 1 "Robbery"
0 6 52 40 117 213 1 0 1 "Robbery"
0 6 52 40 117 214 1 0 1 "Robbery"
0 6 52 40 117 215 1 0 1 "Robbery"
0 6 52 40 117 216 1 0 1 "Robbery"
0 6 52 40 117 217 1 0 1 "Robbery"
0 6 52 40 117 218 1 0 1 "Robbery"
0 5 51 40 117 219 1 0 1 "Robbery"
0 5 51 40 117 220 1 0 1 "Robbery"
0 5 51 40 117 221 1 0 1 "Robbery"
0 5 51 40 117 222 1 0 1 "Robbery"
0 5 51 40 117 223 1 0 1 "Robbery"
0 5 51 40 117 224 1 0 1 "Robbery"
0 5 51 40 117 225 1 0 1 "Robbery"
0 5 51 40 117 226 1 0 1 "Robbery"
0 5 51 40 117 227 1 0 1 "Robbery"
0 5 51 40 117 228 1 0 1 "Robbery"
0 5 51 40 117 229 1 0 1 "Robbery"
0 5 51 40 117 230 1 0 1 "Robbery"
0 5 51 41 117 231 1 0 1 "Robbery"
0 5 51 41 117 232 1 0 1 "Robbery"
0 5 51 41 117 233 1 0 1 "Robbery"
0 5 51 41 117 234 1 0 1 "Robbery"
0 5 51 41 117 235 1 0 1 "Robbery"
0 5 51 41 117 236 1 0 1 "Robbery"
0 5 51 41 117 237 1 0 1 "Robbery"
0 5 51 41 117 238 1 0 1 "Robbery"
0 5 51 41 117 239 1 0 1 "Robbery"
0 5 51 41 117 240 1 0 1 "Robbery"
0 5 51 41 118 241 1 0 1 "Robbery"
0 5 51 41 118 242 1 0 1 "Robbery"
0 5 51 41 118 243 1 0 1 "Robbery"
0 5 51 41 118 244 1 0 1 "Robbery"
0 5 51 41 118 245 1 0 1 "Robbery"
0 5 51 41 118 246 1 0 1 "Robbery"
0 5 51 41 118 247 1 0 1 "Robbery"
0 5 51 41 118 248 1 0 1 "Robbery"
0 5 51 41 118 249 1 0 1 "Robbery"
0 5 51 41 118 250 1 0 1 "Robbery"
0 5 51 41 118 251 1 0 1 "Robbery"
0 5 51 41 118 252 1 0 1 "Robbery"
0 5 51 41 118 253 1 0 1 "Robbery"
0 5 51 41 118 254 1 0 1 "Robbery"
0 5 50 41 118 255 1 0 1 "Robbery"
0 5 50 41 118 256 1 0 1 "Robbery"
0 5 50 41 118 257 1 0 1 "Robbery"
0 5 50 41 118 258 1 0 1 "Robbery"
0 5 50 41 118 259 1 0 1 "Robbery"
0 5 50 41 118 260 1 0 1 "Robbery"
0 5 50 41 118 261 1 0 1 "Robbery"
0 5 50 41 118 262 1 0 1 "Robbery"
0 5 50 41 118 263 1 0 1 "Robbery"
0 5 50 41 118 264 1 0 1 "Robbery"
0 5 50 41 118 265 1 0 1 "Robbery"
0 5 50 41 118 266 1 0 1 "Robbery"
0 5 50 41 118 267 1 0 1 "Robbery"
0 5 50 41 118 268 1 0 1 "Robbery"
0 5 50 41 118 269 1 0 1 "Robbery"
0 5 50 42 118 270 1 0 1 "Robbery"
0 5 50 42 118 271 1 0 1 "Robbery"
0 5 50 42 118 272 1 0 1 "Robbery"
0 5 50 42 118 273 1 0 1 "Robbery"
0 5 50 42 118 274 1 0 1 "Robbery"
0 5 50 42 118 275 1 0 1 "Robbery"
0 5 50 42 119 276 1 0 1 "Robbery"
0 5 50 42 119 277 1 0 1 "Robbery"
0 5 50 42 119 278 1 0 1 "Robbery"
0 5 50 42 119 279 1 0 1 "Robbery"
0 5 50 42 119 280 1 0 1 "Robbery"
0 5 50 42 119 281 1 0 1 "Robbery"
0 5 50 42 119 282 1 0 1 "Robbery"
0 5 50 42 119 283 1 0 1 "Robbery"
0 5 50 42 119 284 1 0 1 "Robbery"
0 5 50 42 119 285 1 0 1 "Robbery"
0 5 50 42 119 286 1 0 1 "Robbery"
0 5 50 42 119 287 1 0 1 "Robbery"
0 5 50 42 119 288 1 0 1 "Robbery"
0 5 50 42 119 289 1 0 1 "Robbery"
0 5 50 42 119 290 1 0 1 "Robbery"
0 4 49 42 119 291 1 0 1 "Robbery"
0 4 49 42 119 292 1 0 1 "Robbery"
0 4 49 42 119 293 1 0 1 "Robbery"
0 4 49 42 119 294 1 0 1 "Robbery"
0 4 49 42 119 295 1 0 1 "Robbery"
0 4 49 42 119 296 1 0 1 "Robbery"
0 4 49 42 119 297 1 0 1 "Robbery"
0 4 49 42 119 298 1 0 1 "Robbery"
0 4 49 42 119 299 1 0 1 "Robbery"
0 4 49 42 119 300 1 0 1 "Robbery"
0 4 49 42 119 301 1 0 1 "Robbery"
0 4 49 42 119 302 1 0 1 "Robbery"
0 4 49 42 119 303 1 0 1 "Robbery"
0 4 49 42 119 304 1 0 1 "Robbery"
0 4 49 42 119 305 1 0 1 "Robbery"
0 4 49 42 119 306 1 0 1 "Robbery"
0 4 49 42 119 307 1 0 1 "Robbery"
0 4 49 43 119 308 1 0 1 "Robbery"
0 4 49 43 119 309 1 0 1 "Robbery"
0 4 49 43 120 310 1 0 1 "Robbery"
0 4 49 43 120 311 1 0 1 "Robbery"
0 4 49 43 120 312 1 0 1 "Robbery"
0 4 49 43 120 313 1 0 1 "Robbery"
0 4 49 43 120 314 1 0 1 "Robbery"
0 4 49 43 120 315 1 0 1 "Robbery"
0 4 49 43 120 316 1 0 1 "Robbery"
0 4 49 43 120 317 1 0 1 "Robbery"
0 4 49 43 120 318 1 0 1 "Robbery"
0 4 49 43 120 319 1 0 1 "Robbery"
0 4 49 43 120 320 1 0 1 "Robbery"
0 4 49 43 120 321 1 0 1 "Robbery"
0 4 49 43 120 322 1 0 1 "Robbery"
0 4 49 43 120 323 1 0 1 "Robbery"
0 4 49 43 120 324 1 0 1 "Robbery"
0 4 49 43 120 325 1 0 1 "Robbery"
0 4 49 43 120 326 1 0 1 "Robbery"
0 4 49 43 120 327 1 0 1 "Robbery"
0 4 48 43 120 328 1 0 1 "Robbery"
0 4 48 43 120 329 1 0 1 "Robbery"
0 4 48 43 120 330 1 0 1 "Robbery"
0 4 48 43 120 331 1 0 1 "Robbery"
0 4 48 43 120 332 1 0 1 "Robbery"
0 4 48 43 120 333 1 0 1 "Robbery"
0 4 48 43 120 334 1 0 1 "Robbery"
0 4 48 43 120 335 1 0 1 "Robbery"
0 4 48 43 120 336 1 0 1 "Robbery"
0 4 48 43 120 337 1 0 1 "Robbery"
0 4 48 43 120 338 1 0 1 "Robbery"
0 4 48 43 120 339 1 0 1 "Robbery"
0 4 48 43 120 340 1 0 1 "Robbery"
0 4 48 43 120 341 1 0 1 "Robbery"
0 4 48 43 120 342 1 0 1 "Robbery"
0 4 48 43 120 343 1 0 1 "Robbery"
0 4 48 43 120 344 1 0 1 "Robbery"
0 4 48 43 121 345 1 0 1 "Robbery"
0 4 48 43 121 346 1 0 1 "Robbery"
0 4 48 44 121 347 1 0 1 "Robbery"
0 4 48 44 121 348 1 0 1 "Robbery"
0 4 48 44 121 349 1 0 1 "Robbery"
0 4 48 44 121 350 1 0 1 "Robbery"
0 4 48 44 121 351 1 0 1 "Robbery"
0 4 48 44 121 352 1 0 1 "Robbery"
0 4 48 44 121 353 1 0 1 "Robbery"
0 4 48 44 121 354 1 0 1 "Robbery"
0 4 48 44 121 355 1 0 1 "Robbery"
0 4 48 44 121 356 1 0 1 "Robbery"
0 4 48 44 121 357 1 0 1 "Robbery"
0 4 48 44 121 358 1 0 1 "Robbery"
0 4 48 44 121 359 1 0 1 "Robbery"
0 4 48 44 121 360 1 0 1 "Robbery"
0 4 48 44 121 361 1 0 1 "Robbery"
0 4 48 44 121 362 1 0 1 "Robbery"
0 4 48 44 121 363 1 0 1 "Robbery"
0 3 47 44 121 364 1 0 1 "Robbery"
0 3 47 44 121 365 1 0 1 "Robbery"
0 3 47 44 121 366 1 0 1 "Robbery"
0 3 47 44 121 367 1 0 1 "Robbery"
0 3 47 44 121 368 1 0 1 "Robbery"
0 3 47 44 121 369 1 0 1 "Robbery"
0 3 47 44 121 370 1 0 1 "Robbery"
0 3 47 44 121 371 1 0 1 "Robbery"
0 3 47 44 121 372 1 0 1 "Robbery"
0 3 47 44 121 373 1 0 1 "Robbery"
0 3 47 44 121 374 1 0 1 "Robbery"
0 3 47 44 121 375 1 0 1 "Robbery"
0 3 47 44 121 376 1 0 1 "Robbery"
0 3 47 44 121 377 1 0 1 "Robbery"
0 3 47 44 121 378 1 0 1 "Robbery"
0 3 47 44 122 379 1 0 1 "Robbery"
0 3 47 44 122 380 1 0 1 "Robbery"
0 3 47 44 122 381 1 0 1 "Robbery"
0 3 47 44 122 382 1 0 1 "Robbery"
0 3 47 44 122 383 1 0 1 "Robbery"
0 3 47 44 122 384 1 0 1 "Robbery"
0 3 47 45 122 385 1 0 1 "Robbery"
0 3 47 45 122 386 1 0 1 "Robbery"
0 3 47 45 122 387 1 0 1 "Robbery"
0 3 47 45 122 388 1 0 1 "Robbery"
0 3 47 45 122 389 1 0 1 "Robbery"
0 3 47 45 122 390 1 0 1 "Robbery"
0 3 47 45 122 391 1 0 1 "Robbery"
0 3 47 45 122 392 1 0 1 "Robbery"
0 3 47 45 122 393 1 0 1 "Robbery"
0 3 47 45 122 394 1 0 1 "Robbery"
0 3 47 45 122 395 1 0 1 "Robbery"
0 3 47 45 122 396 1 0 1 "Robbery"
0 3 47 45 122 397 1 0 1 "Robbery"
0 3 47 45 122 398 1 0 1 "Robbery"
0 3 47 45 122 399 1 0 1 "Robbery"
0 3 46 45 122 400 1 0 1 "Robbery"
0 3 46 45 122 401 1 0 1 "Robbery"
0 3 46 45 122 402 1 0 1 "Robbery"
0 3 46 45 122 403 1 0 1 "Robbery"
0 3 46 45 122 404 1 0 1 "Robbery"
0 3 46 45 122 405 1 0 1 "Robbery"
0 3 46 45 122 406 1 0 1 "Robbery"
0 3 46 45 122 407 1 0 1 "Robbery"
0 3 46 45 122 408 1 0 1 "Robbery"
0 3 46 45 122 409 1 0 1 "Robbery"
0 3 46 45 122 410 1 0 1 "Robbery"
0 3 46 45 122 411 1 0 1 "Robbery"
0 3 46 45 122 412 1 0 1 "Robbery"
0 3 46 45 122 413 1 0 1 "Robbery"
0 3 46 45 123 414 1 0 1 "Robbery"
0 3 46 45 123 415 1 0 1 "Robbery"
0 3 46 45 123 416 1 0 1 "Robbery"
0 3 46 45 123 417 1 0 1 "Robbery"
0 3 46 45 123 418 1 0 1 "Robbery"
0 3 46 45 123 419 1 0 1 "Robbery"
0 3 46 45 123 420 1 0 1 "Robbery"
0 3 46 45 123 421 1 0 1 "Robbery"
0 3 46 45 123 422 1 0 1 "Robbery"
0 3 46 45 123 423 1 0 1 "Robbery"
0 3 46 46 123 424 1 0 1 "Robbery"
0 3 46 46 123 425 1 0 1 "Robbery"
0 3 46 46 123 426 1 0 1 "Robbery"
0 3 46 46 123 427 1 0 1 "Robbery"
0 3 46 46 123 428 1 0 1 "Robbery"
0 3 46 46 123 429 1 0 1 "Robbery"
0 3 46 46 123 430 1 0 1 "Robbery"
0 3 46 46 123 431 1 0 1 "Robbery"
0 3 46 46 123 432 1 0 1 "Robbery"
0 3 46 46 123 433 1 0 1 "Robbery"
0 3 46 46 123 434 1 0 1 "Robbery"
0 3 46 46 123 435 1 0 1 "Robbery"
0 3 46 46 123 436 1 0 1 "Robbery"
0 2 45 46 123 437 1 0 1 "Robbery"
0 2 45 46 123 438 1 0 1 "Robbery"
0 2 45 46 123 439 1 0 1 "Robbery"
0 2 45 46 123 440 1 0 1 "Robbery"
0 2 45 46 123 441 1 0 1 "Robbery"
0 2 45 46 123 442 1 0 1 "Robbery"
0 2 45 46 123 443 1 0 1 "Robbery"
0 2 45 46 123 444 1 0 1 "Robbery"
0 2 45 46 123 445 1 0 1 "Robbery"
0 2 45 46 123 446 1 0 1 "Robbery"
0 2 45 46 123 447 1 0 1 "Robbery"
0 2 45 46 124 448 1 0 1 "Robbery"
0 2 45 46 124 449 1 0 1 "Robbery"
0 2 45 46 124 450 1 0 1 "Robbery"
0 2 45 46 124 451 1 0 1 "Robbery"
0 2 45 46 124 452 1 0 1 "Robbery"
0 2 45 46 124 453 1 0 1 "Robbery"
0 2 45 46 124 454 1 0 1 "Robbery"
0 2 45 46 124 455 1 0 1 "Robbery"
0 2 45 46 124 456 1 0 1 "Robbery"
0 2 45 46 124 457 1 0 1 "Robbery"
0 2 45 46 124 458 1 0 1 "Robbery"
0 2 45 46 124 459 1 0 1 "Robbery"
0 2 45 46 124 460 1 0 1 "Robbery"
0 2 45 46 124 461 1 0 1 "Robbery"
0 2 45 47 124 462 1 0 1 "Robbery"
0 2 45 47 124 463 1 0 1 "Robbery"
0 2 45 47 124 464 1 0 1 "Robbery"
0 2 45 47 124 465 1 0 1 "Robbery"
0 2 45 47 124 466 1 0 1 "Robbery"
0 2 45 47 124 467 1 0 1 "Robbery"
0 2 45 47 124 468 1 0 1 "Robbery"
0 2 45 47 124 469 1 0 1 "Robbery"
0 2 45 47 124 470 1 0 1 "Robbery"
0 2 45 47 124 471 1 0 1 "Robbery"
0 2 45 47 124 472 1 0 1 "Robbery"
0 2 44 47 124 473 1 0 1 "Robbery"
0 2 44 47 124 474 1 0 1 "Robbery"
0 2 44 47 124 475 1 0 1 "Robbery"
0 2 44 47 124 476 1 0 1 "Robbery"
0 2 44 47 124 477 1 0 1 "Robbery"
0 2 44 47 124 478 1 0 1 "Robbery"
0 2 44 47 124 479 1 0 1 "Robbery"
0 2 44 47 124 480 1 0 1 "Robbery"
0 2 44 47 124 481 1 0 1 "Robbery"
0 2 44 47 125 482 1 0 1 "Robbery"
0 2 44 47 125 483 1 0 1 "Robbery"
0 2 44 47 125 484 1 0 1 "Robbery"
0 2 44 47 125 485 1 0 1 "Robbery"
0 2 44 47 125 486 1 0 1 "Robbery"
0 2 44 47 125 487 1 0 1 "Robbery"
0 2 44 47 125 488 1 0 1 "Robbery"
0 2 44 47 125 489 1 0 1 "Robbery"
0 2 44 47 125 490 1 0 1 "Robbery"
0 2 44 47 125 491 1 0 1 "Robbery"
0 2 44 47 125 492 1 0 1 "Robbery"
0 2 44 47 125 493 1 0 1 "Robbery"
0 2 44 47 125 494 1 0 1 "Robbery"
0 2 44 47 125 495 1 0 1 "Robbery"
0 2 44 47 125 496 1 0 1 "Robbery"
0 2 44 47 125 497 1 0 1 "Robbery"
0 2 44 47 125 498 1 0 1 "Robbery"
0 2 44 47 125 499 1 0 1 "Robbery"
0 2 44 47 125 500 1 0 1 "Robbery"
0 2 44 48 125 501 1 0 1 "Robbery"
0 2 44 48 125 502 1 0 1 "Robbery"
0 2 44 48 125 503 1 0 1 "Robbery"
0 2 44 48 125 504 1 0 1 "Robbery"
0 2 44 48 125 505 1 0 1 "Robbery"
0 2 44 48 125 506 1 0 1 "Robbery"
0 2 44 48 125 507 1 0 1 "Robbery"
0 2 44 48 125 508 1 0 1 "Robbery"
0 1 43 48 125 509 1 0 1 "Robbery"
0 1 43 48 125 510 1 0 1 "Robbery"
0 1 43 48 125 511 1 0 1 "Robbery"
0 1 43 48 125 512 1 0 1 "Robbery"
0 1 43 48 125 513 1 0 1 "Robbery"
0 1 43 48 125 514 1 0 1 "Robbery"
0 1 43 48 125 515 1 0 1 "Robbery"
0 1 43 48 125 516 1 0 1 "Robbery"
0 1 43 48 126 517 1 0 1 "Robbery"
0 1 43 48 126 518 1 0 1 "Robbery"
0 1 43 48 126 519 1 0 1 "Robbery"
0 1 43 48 126 520 1 0 1 "Robbery"
0 1 43 48 126 521 1 0 1 "Robbery"
0 1 43 48 126 522 1 0 1 "Robbery"
0 1 43 48 126 523 1 0 1 "Robbery"
0 1 43 48 126 524 1 0 1 "Robbery"
0 1 43 48 126 525 1 0 1 "Robbery"
0 1 43 48 126 526 1 0 1 "Robbery"
0 1 43 48 126 527 1 0 1 "Robbery"
0 1 43 48 126 528 1 0 1 "Robbery"
0 1 43 48 126 529 1 0 1 "Robbery"
0 1 43 48 126 530 1 0 1 "Robbery"
0 1 43 48 126 531 1 0 1 "Robbery"
0 1 43 48 126 532 1 0 1 "Robbery"
0 1 43 48 126 533 1 0 1 "Robbery"
0 1 43 48 126 534 1 0 1 "Robbery"
0 1 43 48 126 535 1 0 1 "Robbery"
0 1 43 48 126 536 1 0 1 "Robbery"
0 1 43 48 126 537 1 0 1 "Robbery"
0 1 43 48 126 538 1 0 1 "Robbery"
0 1 43 49 126 539 1 0 1 "Robbery"
0 1 43 49 126 540 1 0 1 "Robbery"
0 1 43 49 126 541 1 0 1 "Robbery"
0 1 43 49 126 542 1 0 1 "Robbery"
0 1 43 49 126 543 1 0 1 "Robbery"
0 1 43 49 126 544 1 0 1 "Robbery"
0 1 43 49 126 545 1 0 1 "Robbery"
0 1 42 49 126 546 1 0 1 "Robbery"
0 1 42 49 126 547 1 0 1 "Robbery"
0 1 42 49 126 548 1 0 1 "Robbery"
0 1 42 49 126 549 1 0 1 "Robbery"
0 1 42 49 126 550 1 0 1 "Robbery"
0 1 42 49 127 551 1 0 1 "Robbery"
0 1 42 49 127 552 1 0 1 "Robbery"
0 1 42 49 127 553 1 0 1 "Robbery"
0 1 42 49 127 554 1 0 1 "Robbery"
0 1 42 49 127 555 1 0 1 "Robbery"
0 1 42 49 127 556 1 0 1 "Robbery"
0 1 42 49 127 557 1 0 1 "Robbery"
0 1 42 49 127 558 1 0 1 "Robbery"
0 1 42 49 127 559 1 0 1 "Robbery"
0 1 42 49 127 560 1 0 1 "Robbery"
0 1 42 49 127 561 1 0 1 "Robbery"
0 1 42 49 127 562 1 0 1 "Robbery"
0 1 42 49 127 563 1 0 1 "Robbery"
0 1 42 49 127 564 1 0 1 "Robbery"
0 1 42 49 127 565 1 0 1 "Robbery"
0 1 42 49 127 566 1 0 1 "Robbery"
0 1 42 49 127 567 1 0 1 "Robbery"
0 1 42 49 127 568 1 0 1 "Robbery"
0 1 42 49 127 569 1 0 1 "Robbery"
0 1 42 49 127 570 1 0 1 "Robbery"
0 1 42 49 127 571 1 0 1 "Robbery"
0 1 42 49 127 572 1 0 1 "Robbery"
0 1 42 49 127 573 1 0 1 "Robbery"
0 1 42 49 127 574 1 0 1 "Robbery"
0 1 42 49 127 575 1 0 1 "Robbery"
0 1 42 49 127 576 1 0 1 "Robbery"
0 1 42 49 127 577 1 0 1 "Robbery"
0 1 42 50 127 578 1 0 1 "Robbery"
0 1 42 50 127 579 1 0 1 "Robbery"
0 1 42 50 127 580 1 0 1 "Robbery"
0 1 42 50 127 581 1 0 1 "Robbery"
0 0 41 50 127 582 1 0 1 "Robbery"
0 0 41 50 127 583 1 0 1 "Robbery"
0 0 41 50 127 584 1 0 1 "Robbery"
0 0 41 50 127 585 1 0 1 "Robbery"
0 0 41 50 128 586 1 0 1 "Robbery"
0 0 41 50 128 587 1 0 1 "Robbery"
0 0 41 50 128 588 1 0 1 "Robbery"
0 0 41 50 128 589 1 0 1 "Robbery"
0 0 41 50 128 590 1 0 1 "Robbery"
0 0 41 50 128 591 1 0 1 "Robbery"
0 0 41 50 128 592 1 0 1 "Robbery"
0 0 41 50 128 593 1 0 1 "Robbery"
0 0 41 50 128 594 1 0 1 "Robbery"
0 0 41 50 128 595 1 0 1 "Robbery"
0 0 41 50 128 596 1 0 1 "Robbery"
0 0 41 50 128 597 1 0 1 "Robbery"
0 0 41 50 128 598 1 0 1 "Robbery"
0 0 41 50 128 599 1 0 1 "Robbery"
0 0 41 50 128 600 1 0 1 "Robbery"
0 0 41 50 128 601 1 0 1 "Robbery"
0 0 41 50 128 602 1 0 1 "Robbery"
0 0 41 50 128 603 1 0 1 "Robbery"
0 0 41 50 128 604 1 0 1 "Robbery"
0 0 41 50 128 605 1 0 1 "Robbery"
0 0 41 50 128 606 1 0 1 "Robbery"
0 0 41 50 128 607 1 0 1 "Robbery"
0 0 41 50 128 608 1 0 1 "Robbery"
0 0 41 50 128 609 1 0 1 "Robbery"
0 0 41 50 128 610 1 0 1 "Robbery"
0 0 41 50 128 611 1 0 1 "Robbery"
0 0 41 50 128 612 1 0 1 "Robbery"
0 0 41 50 128 613 1 0 1 "Robbery"
0 0 41 50 128 614 1 0 1 "Robbery"
0 0 41 50 128 615 1 0 1 "Robbery"
0 0 41 51 128 616 1 0 1 "Robbery"
0 0 41 51 128 617 1 0 1 "Robbery"
0 0 40 51 128 618 1 0 1 "Robbery"
0 0 40 51 128 619 1 0 1 "Robbery"
0 0 40 51 129 620 1 0 1 "Robbery"
0 0 40 51 129 621 1 0 1 "Robbery"
0 0 40 51 129 622 1 0 1 "Robbery"
0 0 40 51 129 623 1 0 1 "Robbery"
0 0 40 51 129 624 1 0 1 "Robbery"
0 0 40 51 129 625 1 0 1 "Robbery"
0 0 40 51 129 626 1 0 1 "Robbery"
0 0 40 51 129 627 1 0 1 "Robbery"
0 0 40 51 129 628 1 0 1 "Robbery"
0 0 40 51 129 629 1 0 1 "Robbery"
0 0 40 51 129 630 1 0 1 "Robbery"
0 0 40 51 129 631 1 0 1 "Robbery"
0 0 40 51 129 632 1 0 1 "Robbery"
0 0 40 51 129 633 1 0 1 "Robbery"
0 0 40 51 129 634 1 0 1 "Robbery"
0 0 40 51 129 635 1 0 1 "Robbery"
0 0 40 51 129 636 1 0 1 "Robbery"
0 0 40 51 129 637 1 0 1 "Robbery"
0 0 40 51 129 638 1 0 1 "Robbery"
0 0 40 51 129 639 1 0 1 "Robbery"
0 0 40 51 129 640 1 0 1 "Robbery"
0 0 40 51 129 641 1 0 1 "Robbery"
0 0 40 51 129 642 1 0 1 "Robbery"
0 0 40 51 129 643 1 0 1 "Robbery"
0 0 40 51 129 644 1 0 1 "Robbery"
0 0 40 51 129 645 1 0 1 "Robbery"
0 0 40 51 129 646 1 0 1 "Robbery"
0 0 40 51 129 647 1 0 1 "Robbery"
0 0 40 51 129 648 1 0 1 "Robbery"
0 0 40 51 129 649 1 0 1 "Robbery"
0 0 40 51 129 650 1 0 1 "Robbery"
0 0 40 51 129 651 1 0 1 "Robbery"
0 0 40 51 129 652 1 0 1 "Robbery"
0 0 40 51 129 653 1 0 1 "Robbery"
0 0 40 52 130 654 0 0 0 "Robbery"
0 0 40 51 128 655 0 0 1 "Robbery"
0 0 40 51 126 656 0 0 1 "Robbery"
0 0 40 51 124 657 0 0 1 "Robbery"
0 0 40 51 122 658 0 0 1 "Robbery"
0 0 40 51 120 659 0 0 1 "Robbery"
0 0 40 51 118 660 0 0 0 "Robbery"
0 0 37 59 121 661 0 0 1 "Robbery"
0 0 34 67 125 662 0 0 1 "Robbery"
0 0 31 75 128 663 0 0 1 "Robbery"
0 0 28 83 132 664 0 0 1 "Robbery"
0 0 25 92 136 665 0 0 0 "Robbery"
0 0 26 91 132 666 0 0 1 "Robbery"
0 0 27 91 128 667 0 0 1 "Robbery"
0 0 28 90 125 668 0 0 1 "Robbery"
0 0 29 90 121 669 0 0 1 "Robbery"
0 0 30 90 118 670 0 0 0 "Robbery"
0 2 29 92 117 671 0 0 1 "Robbery"
0 5 28 95 116 672 0 0 1 "Robbery"
0 7 27 97 115 673 0 0 1 "Robbery"
0 10 26 100 114 674 0 0 1 "Robbery"
0 13 25 103 113 675 0 0 0 "Robbery"
0 15 20 107 108 676 0 0 1 "Robbery"
0 18 16 111 103 677 0 0 1 "Robbery"
0 21 12 116 99 678 0 0 1 "Robbery"
0 23 8 120 94 679 0 0 1 "Robbery"
0 26 4 124 89 680 0 0 1 "Robbery"
0 29 0 129 85 681 0 0 0 "Robbery"
0 32 0 129 84 682 0 0 1 "Robbery"
0 35 0 129 84 683 0 0 1 "Robbery"
0 38 0 129 84 684 0 0 1 "Robbery"
0 41 0 129 84 685 0 0 1 "Robbery"
0 45 0 129 84 686 0 0 0 "Robbery"
0 48 0 129 83 687 0 0 1 "Robbery"
0 51 0 130 83 688 0 0 1 "Robbery"
0 54 0 131 82 689 0 0 1 "Robbery"
0 57 0 132 82 690 0 0 1 "Robbery"
0 60 0 133 81 691 0 0 1 "Robbery"
0 63 0 134 81 692 0 0 1 "Robbery"
0 67 0 135 81 693 0 0 0 "Robbery"
0 68 0 136 79 694 0 0 1 "Robbery"
0 70 0 138 78 695 0 0 1 "Robbery"
0 72 0 140 77 696 0 0 1 "Robbery"
0 74 0 142 76 697 0 0 1 "Robbery"
0 75 0 143 75 698 0 0 1 "Robbery"
0 77 0 145 74 699 0 0 1 "Robbery"
0 79 0 147 73 700 0 0 1 "Robbery"
0 81 0 149 72 701 0 0 0 "Robbery"
0 84 0 152 70 702 0 0 1 "Robbery"
0 88 0 156 68 703 0 0 1 "Robbery"
0 91 0 159 67 704 0 0 1 "Robbery"
0 95 0 163 65 705 0 0 1 "Robbery"
0 99 0 167 64 706 0 0 0 "Robbery"
0 100 0 168 63 707 0 0 1 "Robbery"
0 102 0 170 63 708 0 0 1 "Robbery"
0 103 0 171 62 709 0 0 1 "Robbery"
0 105 0 173 62 710 0 0 1 "Robbery"
0 107 0 175 62 711 0 0 1 "Robbery"
0 108 0 176 61 712 0 0 1 "Robbery"
0 110 0 178 61 713 0 0 1 "Robbery"
0 112 0 180 61 714 0 0 1 "Robbery"
0 113 0 181 60 715 0 0 1 "Robbery"
0 115 0 183 60 716 0 0 1 "Robbery"
0 117 0 185 60 717 0 0 1 "Robbery"
0 118 0 186 59 718 0 0 1 "Robbery"
0 120 0 188 59 719 0 0 1 "Robbery"
0 122 0 190 59 720 0 0 0 "Robbery"
0 124 0 192 57 721 0 0 1 "Robbery"
0 126 0 194 55 722 0 0 1 "Robbery"
0 129 0 197 54 723 0 0 1 "Robbery"
0 131 0 199 52 724 0 0 1 "Robbery"
0 134 0 202 51 725 0 0 1 "Robbery"
0 136 0 204 49 726 0 0 1 "Robbery"
0 139 0 207 48 727 0 0 1 "Robbery"
0 141 0 209 46 728 0 0 1 "Robbery"
0 144 0 212 45 729 0 0 1 "Robbery"
0 146 0 214 43 730 0 0 1 "Robbery"
0 149 0 217 42 731 1 0 0 "Robbery"
0 149 0 217 42 732 1 0 1 "Robbery"
0 149 0 217 42 733 1 0 1 "Robbery"
0 149 0 217 42 734 1 0 1 "Robbery"
0 149 0 217 42 735 1 0 1 "Robbery"
0 149 0 217 42 736 1 0 1 "Robbery"
0 149 0 217 42 737 1 0 1 "Robbery"
0 149 0 217 42 738 1 0 1 "Robbery"
0 149 0 217 42 739 1 0 1 "Robbery"
0 149 0 217 42 740 1 0 1 "Robbery"
0 149 0 217 42 741 1 0 1 "Robbery"
0 149 0 217 42 742 1 0 1 "Robbery"
0 149 0 217 42 743 1 0 1 "Robbery"
0 149 0 217 42 744 1 0 1 "Robbery"
0 149 0 217 42 745 1 0 1 "Robbery"
0 149 0 217 42 746 1 0 1 "Robbery"
0 149 0 217 42 747 1 0 1 "Robbery"
0 149 0 217 42 748 1 0 1 "Robbery"
0 149 0 217 42 749 1 0 1 "Robbery"
0 149 0 217 42 750 1 0 1 "Robbery"
0 149 0 217 42 751 1 0 1 "Robbery"
0 149 0 217 42 752 1 0 1 "Robbery"
0 149 0 217 42 753 1 0 1 "Robbery"
0 149 0 217 42 754 1 0 1 "Robbery"
0 149 0 217 42 755 1 0 1 "Robbery"
0 149 0 217 42 756 1 0 1 "Robbery"
0 149 0 217 42 757 1 0 1 "Robbery"
0 149 0 217 42 758 1 0 1 "Robbery"
0 149 0 217 42 759 1 0 0 "Robbery"
0 149 0 217 42 760 1 0 1 "Robbery"
0 149 0 217 42 761 1 0 1 "Robbery"
0 149 0 217 42 762 1 0 1 "Robbery"
0 149 0 217 42 763 1 0 1 "Robbery"
0 149 0 217 42 764 1 0 1 "Robbery"
0 149 0 217 42 765 1 0 1 "Robbery"
0 149 0 217 42 766 1 0 1 "Robbery"
0 149 0 217 42 767 1 0 1 "Robbery"
0 149 0 217 42 768 1 0 1 "Robbery"
0 149 0 217 42 769 1 0 1 "Robbery"
0 149 0 217 42 770 1 0 1 "Robbery"
0 149 0 217 42 771 1 0 1 "Robbery"
0 149 0 217 42 772 1 0 1 "Robbery"
0 149 0 217 42 773 1 0 1 "Robbery"
0 149 0 217 42 774 1 0 1 "Robbery"
0 149 0 217 42 775 1 0 1 "Robbery"
0 149 0 217 42 776 1 0 1 "Robbery"
0 149 0 217 42 777 1 0 1 "Robbery"
0 149 0 217 42 778 1 0 1 "Robbery"
0 149 0 217 42 779 1 0 1 "Robbery"
0 149 0 217 42 780 1 0 1 "Robbery"
0 149 0 217 42 781 1 0 1 "Robbery"
0 149 0 217 42 782 1 0 1 "Robbery"
0 149 0 217 42 783 1 0 1 "Robbery"
0 149 0 217 42 784 1 0 1 "Robbery"
0 149 0 217 42 785 1 0 1 "Robbery"
0 149 0 217 42 786 1 0 1 "Robbery"
0 149 0 217 42 787 1 0 1 "Robbery"
0 149 0 217 42 788 1 0 1 "Robbery"
0 149 0 217 42 789 1 0 1 "Robbery"
0 149 0 217 42 790 1 0 1 "Robbery"
0 149 0 217 42 791 1 0 1 "Robbery"
0 149 0 217 42 792 1 0 1 "Robbery"
0 149 0 217 42 793 1 0 1 "Robbery"
0 149 0 217 42 794 1 0 1 "Robbery"
0 149 0 217 42 795 1 0 1 "Robbery"
0 149 0 217 42 796 1 0 1 "Robbery"
0 149 0 217 42 797 1 0 1 "Robbery"
0 149 0 217 42 798 1 0 1 "Robbery"
0 149 0 217 42 799 1 0 1 "Robbery"
0 149 0 217 42 800 1 0 1 "Robbery"
0 149 0 217 42 801 1 0 1 "Robbery"
0 149 0 217 42 802 1 0 1 "Robbery"
0 149 0 217 42 803 1 0 1 "Robbery"
0 149 0 217 42 804 1 0 1 "Robbery"
0 149 0 217 42 805 1 0 0 "Robbery"
