0 55 2 107 78 0 1 0 0 "Robbery"
0 55 2 107 78 1 1 0 1 "Robbery"
0 55 2 107 78 2 1 0 1 "Robbery"
0 55 2 107 78 3 1 0 1 "Robbery"
0 55 2 107 78 4 1 0 1 "Robbery"
0 55 2 107 78 5 1 0 1 "Robbery"
0 55 2 107 78 6 1 0 1 "Robbery"
0 55 2 107 78 7 1 0 1 "Robbery"
0 55 2 107 78 8 1 0 1 "Robbery"
0 55 2 107 78 9 1 0 1 "Robbery"
0 55 2 107 78 10 1 0 1 "Robbery"
0 55 2 107 78 11 1 0 1 "Robbery"
0 55 2 107 78 12 1 0 1 "Robbery"
0 55 2 107 78 13 1 0 1 "Robbery"
0 55 2 107 78 14 1 0 1 "Robbery"
0 55 2 107 78 15 1 0 1 "Robbery"
0 55 2 107 78 16 1 0 1 "Robbery"
0 55 2 107 78 17 1 0 1 "Robbery"
0 55 2 107 78 18 1 0 1 "Robbery"
0 55 2 107 78 19 1 0 1 "Robbery"
0 55 2 107 78 20 1 0 1 "Robbery"
0 55 2 107 78 21 1 0 1 "Robbery"
0 55 2 107 78 22 1 0 1 "Robbery"
0 55 2 107 78 23 1 0 1 "Robbery"
0 55 2 107 78 24 1 0 1 "Robbery"
0 55 2 107 78 25 1 0 1 "Robbery"
0 55 2 107 78 26 1 0 1 "Robbery"
0 55 2 107 78 27 1 0 1 "Robbery"
0 55 2 107 78 28 1 0 1 "Robbery"
0 55 2 107 78 29 1 0 1 "Robbery"
0 56 2 108 78 30 1 0 1 "Robbery"
0 56 2 108 78 31 1 0 1 "Robbery"
0 56 2 108 78 32 1 0 1 "Robbery"
0 56 2 108 78 33 1 0 1 "Robbery"
0 56 2 108 78 34 1 0 1 "Robbery"
0 56 2 108 78 35 1 0 1 "Robbery"
0 56 2 108 78 36 1 0 1 "Robbery"
0 56 2 108 78 37 1 0 1 "Robbery"
0 56 2 108 78 38 1 0 1 "Robbery"
0 56 2 108 78 39 1 0 1 "Robbery"
0 56 2 108 78 40 1 0 1 "Robbery"
0 56 2 108 78 41 1 0 1 "Robbery"
0 56 2 108 78 42 1 0 1 "Robbery"
0 56 2 108 78 43 1 0 1 "Robbery"
0 56 2 108 78 44 1 0 1 "Robbery"
0 56 3 108 79 45 1 0 1 "Robbery"
0 56 3 108 79 46 1 0 1 "Robbery"
0 56 3 108 79 47 1 0 1 "Robbery"
0 56 3 108 79 48 1 0 1 "Robbery"
0 56 3 108 79 49 1 0 1 "Robbery"
0 56 3 108 79 50 1 0 1 "Robbery"
0 56 3 108 79 51 1 0 1 "Robbery"
0 56 3 108 79 52 1 0 1 "Robbery"
0 56 3 108 79 53 1 0 1 "Robbery"
0 56 3 108 79 54 1 0 1 "Robbery"
0 56 3 108 79 55 1 0 1 "Robbery"
0 56 3 108 79 56 1 0 1 "Robbery"
0 56 3 108 79 57 1 0 1 "Robbery"
0 56 3 108 79 58 1 0 1 "Robbery"
0 56 3 108 79 59 1 0 1 "Robbery"
0 57 3 109 79 60 1 0 1 "Robbery"
0 57 3 109 79 61 1 0 1 "Robbery"
0 57 3 109 79 62 1 0 1 "Robbery"
0 57 3 109 79 63 1 0 1 "Robbery"
0 57 3 109 79 64 1 0 1 "Robbery"
0 57 3 109 79 65 1 0 1 "Robbery"
0 57 3 109 79 66 1 0 1 "Robbery"
0 57 3 109 79 67 1 0 1 "Robbery"
0 57 3 109 79 68 1 0 1 "Robbery"
0 57 3 109 79 69 1 0 1 "Robbery"
0 57 3 109 79 70 1 0 1 "Robbery"
0 57 3 109 79 71 1 0 1 "Robbery"
0 57 3 109 79 72 1 0 1 "Robbery"
0 57 3 109 79 73 1 0 1 "Robbery"
0 57 3 109 79 74 1 0 1 "Robbery"
0 57 3 109 79 75 1 0 1 "Robbery"
0 57 3 109 79 76 1 0 1 "Robbery"
0 57 3 109 79 77 1 0 1 "Robbery"
0 57 3 109 79 78 1 0 1 "Robbery"
0 57 3 109 79 79 1 0 1 "Robbery"
0 57 3 109 79 80 1 0 1 "Robbery"
0 57 3 109 79 81 1 0 1 "Robbery"
0 57 3 109 79 82 1 0 1 "Robbery"
0 57 3 109 79 83 1 0 1 "Robbery"
0 57 3 109 79 84 1 0 1 "Robbery"
0 57 3 109 79 85 1 0 1 "Robbery"
0 57 3 109 79 86 1 0 1 "Robbery"
0 57 3 109 79 87 1 0 1 "Robbery"
0 57 3 109 79 88 1 0 1 "Robbery"
0 58 4 110 80 89 0 0 0 "Robbery"
0 59 4 111 80 90 0 0 1 "Robbery"
0 60 5 112 81 91 0 0 1 "Robbery"
0 62 6 114 82 92 0 0 1 "Robbery"
0 63 7 115 83 93 0 0 1 "Robbery"
0 64 8 116 84 94 0 0 1 "Robbery"
0 66 8 118 84 95 0 0 1 "Robbery"
0 67 9 119 85 96 0 0 1 "Robbery"
0 68 10 120 86 97 0 0 1 "Robbery"
0 70 11 122 87 98 0 0 1 "Robbery"
0 71 12 123 88 99 0 0 1 "Robbery"
0 73 13 125 89 100 0 0 0 "Robbery"
0 73 13 126 91 101 0 0 1 "Robbery"
0 73 13 128 93 102 0 0 1 "Robbery"
0 73 13 129 95 103 0 0 1 "Robbery"
0 73 13 131 97 104 0 0 1 "Robbery"
0 73 13 132 99 105 0 0 1 "Robbery"
0 73 13 134 101 106 0 0 1 "Robbery"
0 73 13 135 103 107 0 0 1 "Robbery"
0 73 13 137 105 108 0 0 1 "Robbery"
0 73 13 138 107 109 0 0 1 "Robbery"
0 73 13 140 109 110 0 0 1 "Robbery"
0 73 13 141 111 111 0 0 1 "Robbery"
0 73 13 143 113 112 0 0 1 "Robbery"
0 73 13 144 115 113 0 0 1 "Robbery"
0 73 13 146 117 114 0 0 0 "Robbery"
0 73 13 148 117 115 0 0 1 "Robbery"
0 73 13 150 118 116 0 0 1 "Robbery"
0 73 13 153 118 117 0 0 1 "Robbery"
0 73 13 155 119 118 0 0 1 "Robbery"
0 73 13 158 119 119 0 0 1 "Robbery"
0 73 13 160 120 120 0 0 1 "Robbery"
0 73 13 162 120 121 0 0 1 "Robbery"
0 73 13 165 121 122 0 0 1 "Robbery"
0 73 13 167 121 123 0 0 1 "Robbery"
0 73 13 170 122 124 0 0 1 "Robbery"
0 73 13 172 122 125 0 0 1 "Robbery"
0 73 13 175 123 126 0 0 0 "Robbery"
0 73 13 180 122 127 0 0 1 "Robbery"
0 73 13 186 122 128 0 0 1 "Robbery"
0 73 13 191 122 129 0 0 1 "Robbery"
0 73 13 197 122 130 0 0 1 "Robbery"
0 73 13 202 122 131 0 0 1 "Robbery"
0 73 13 208 122 132 0 0 0 "Robbery"
0 74 12 209 121 133 0 0 1 "Robbery"
0 75 12 210 121 134 0 0 1 "Robbery"
0 76 12 211 121 135 0 0 1 "Robbery"
0 78 12 213 121 136 0 0 1 "Robbery"
0 79 12 214 121 137 0 0 1 "Robbery"
0 80 12 215 121 138 0 0 1 "Robbery"
0 81 12 216 121 139 0 0 1 "Robbery"
0 83 12 218 121 140 0 0 1 "Robbery"
0 84 12 219 121 141 0 0 1 "Robbery"
0 85 12 220 121 142 0 0 1 "Robbery"
0 87 12 222 121 143 0 0 0 "Robbery"
0 88 12 223 121 144 0 0 1 "Robbery"
0 89 12 224 121 145 0 0 1 "Robbery"
0 90 13 225 122 146 0 0 1 "Robbery"
0 91 13 226 122 147 0 0 1 "Robbery"
0 93 14 228 123 148 0 0 1 "Robbery"
0 94 14 229 123 149 0 0 1 "Robbery"
0 95 15 230 124 150 0 0 1 "Robbery"
0 96 15 231 124 151 0 0 1 "Robbery"
0 98 15 233 124 152 0 0 1 "Robbery"
0 99 16 234 125 153 0 0 1 "Robbery"
0 100 16 235 125 154 0 0 1 "Robbery"
0 101 17 236 126 155 0 0 1 "Robbery"
0 103 17 238 126 156 0 0 1 "Robbery"
0 104 18 239 127 157 0 0 1 "Robbery"
0 105 18 240 127 158 0 0 1 "Robbery"
0 106 18 241 127 159 0 0 1 "Robbery"
0 108 19 243 128 160 0 0 1 "Robbery"
0 109 19 244 128 161 0 0 1 "Robbery"
0 110 20 245 129 162 0 0 1 "Robbery"
0 111 20 246 129 163 0 0 1 "Robbery"
0 113 21 248 130 164 0 0 0 "Robbery"
0 113 21 248 130 165 0 0 1 "Robbery"
0 114 21 249 130 166 0 0 1 "Robbery"
0 115 21 250 130 167 0 0 1 "Robbery"
0 116 21 251 130 168 0 0 1 "Robbery"
0 116 22 251 131 169 0 0 1 "Robbery"
0 117 22 252 131 170 0 0 1 "Robbery"
0 118 22 253 131 171 0 0 1 "Robbery"
0 119 22 254 131 172 0 0 1 "Robbery"
0 120 22 255 131 173 0 0 1 "Robbery"
0 120 23 255 132 174 0 0 1 "Robbery"
0 121 23 256 132 175 0 0 1 "Robbery"
0 122 23 257 132 176 0 0 1 "Robbery"
0 123 23 258 132 177 0 0 1 "Robbery"
0 124 24 259 133 178 0 0 0 "Robbery"
0 124 24 259 133 179 0 0 1 "Robbery"
0 124 24 259 133 180 0 0 1 "Robbery"
0 125 24 260 133 181 0 0 1 "Robbery"
0 125 24 260 133 182 0 0 1 "Robbery"
0 126 24 261 133 183 0 0 1 "Robbery"
0 126 24 261 133 184 0 0 1 "Robbery"
0 127 24 262 133 185 0 0 1 "Robbery"
0 127 24 262 133 186 0 0 1 "Robbery"
0 127 24 262 133 187 0 0 1 "Robbery"
0 128 24 263 133 188 0 0 1 "Robbery"
0 128 24 263 133 189 0 0 1 "Robbery"
0 129 24 264 133 190 0 0 1 "Robbery"
0 129 24 264 133 191 0 0 1 "Robbery"
0 130 24 265 133 192 0 0 1 "Robbery"
0 130 24 265 133 193 0 0 1 "Robbery"
0 131 24 266 133 194 0 0 1 "Robbery"
0 131 24 266 133 195 0 0 1 "Robbery"
0 131 24 266 133 196 0 0 1 "Robbery"
0 132 24 267 133 197 0 0 1 "Robbery"
0 132 24 267 133 198 0 0 1 "Robbery"
0 133 24 268 133 199 0 0 1 "Robbery"
0 133 24 268 133 200 0 0 1 "Robbery"
0 134 24 269 133 201 0 0 1 "Robbery"
0 134 24 269 133 202 0 0 1 "Robbery"
0 135 24 270 133 203 0 0 0 "Robbery"
0 136 24 271 133 204 0 0 1 "Robbery"
0 137 25 272 134 205 0 0 1 "Robbery"
0 138 26 273 135 206 0 0 1 "Robbery"
0 139 26 274 135 207 0 0 1 "Robbery"
0 140 27 275 136 208 0 0 1 "Robbery"
0 141 28 276 137 209 0 0 1 "Robbery"
0 142 28 277 137 210 0 0 1 "Robbery"
0 143 29 278 138 211 0 0 1 "Robbery"
0 144 30 279 139 212 0 0 1 "Robbery"
0 145 30 280 139 213 0 0 1 "Robbery"
0 147 31 282 140 214 0 0 1 "Robbery"
0 148 32 283 141 215 0 0 1 "Robbery"
0 149 32 284 141 216 0 0 1 "Robbery"
0 150 33 285 142 217 0 0 1 "Robbery"
0 151 34 286 143 218 0 0 1 "Robbery"
0 152 34 287 143 219 0 0 1 "Robbery"
0 153 35 288 144 220 0 0 1 "Robbery"
0 154 36 289 145 221 0 0 1 "Robbery"
0 155 36 290 145 222 0 0 1 "Robbery"
0 156 37 291 146 223 0 0 1 "Robbery"
0 158 38 293 147 224 0 0 0 "Robbery"
0 158 38 293 147 225 0 0 1 "Robbery"
0 159 38 294 147 226 0 0 1 "Robbery"
0 160 38 295 147 227 0 0 1 "Robbery"
0 161 38 296 147 228 0 0 1 "Robbery"
0 162 38 297 147 229 0 0 1 "Robbery"
0 162 38 297 147 230 0 0 1 "Robbery"
0 163 38 298 147 231 0 0 1 "Robbery"
0 164 38 299 147 232 0 0 1 "Robbery"
0 165 38 300 147 233 0 0 1 "Robbery"
0 166 38 301 147 234 0 0 1 "Robbery"
0 167 38 302 147 235 0 0 1 "Robbery"
0 167 38 302 147 236 0 0 1 "Robbery"
0 168 38 303 147 237 0 0 1 "Robbery"
0 169 38 304 147 238 0 0 1 "Robbery"
0 170 38 305 147 239 0 0 1 "Robbery"
0 171 38 306 147 240 0 0 1 "Robbery"
0 172 39 307 148 241 0 0 0 "Robbery"
0 176 39 308 155 242 0 0 1 "Robbery"
0 181 39 310 162 243 0 0 1 "Robbery"
0 185 40 312 169 244 0 0 1 "Robbery"
0 190 40 314 176 245 0 0 1 "Robbery"
0 194 40 316 183 246 0 0 1 "Robbery"
0 199 41 318 191 247 0 0 0 "Robbery"
0 199 40 318 192 248 0 0 1 "Robbery"
0 199 39 318 194 249 0 0 1 "Robbery"
0 199 39 318 195 250 0 0 1 "Robbery"
0 199 38 318 197 251 0 0 1 "Robbery"
0 200 38 318 199 252 0 0 1 "Robbery"
0 200 37 318 200 253 0 0 1 "Robbery"
0 200 36 318 202 254 0 0 1 "Robbery"
0 200 36 318 203 255 0 0 1 "Robbery"
0 200 35 318 205 256 0 0 1 "Robbery"
0 201 35 318 207 257 0 0 0 "Robbery"
0 201 35 318 207 258 0 0 1 "Robbery"
0 201 35 318 208 259 0 0 1 "Robbery"
0 201 35 318 209 260 0 0 1 "Robbery"
0 201 35 318 209 261 0 0 1 "Robbery"
0 201 36 318 210 262 0 0 1 "Robbery"
0 201 36 318 211 263 0 0 1 "Robbery"
0 201 36 318 212 264 0 0 1 "Robbery"
0 201 36 318 212 265 0 0 1 "Robbery"
0 201 37 318 213 266 0 0 1 "Robbery"
0 201 37 318 214 267 0 0 1 "Robbery"
0 201 37 318 215 268 0 0 1 "Robbery"
0 201 37 318 215 269 0 0 1 "Robbery"
0 201 37 318 216 270 0 0 1 "Robbery"
0 201 38 318 217 271 0 0 1 "Robbery"
0 201 38 318 218 272 0 0 1 "Robbery"
0 202 38 318 218 273 0 0 1 "Robbery"
0 202 38 318 219 274 0 0 1 "Robbery"
0 202 39 318 220 275 0 0 1 "Robbery"
0 202 39 318 221 276 0 0 1 "Robbery"
0 202 39 318 221 277 0 0 1 "Robbery"
0 202 39 318 222 278 0 0 1 "Robbery"
0 202 39 318 223 279 0 0 1 "Robbery"
0 202 40 318 224 280 0 0 1 "Robbery"
0 202 40 318 224 281 0 0 1 "Robbery"
0 202 40 318 225 282 0 0 1 "Robbery"
0 202 40 318 226 283 0 0 1 "Robbery"
0 202 41 318 227 284 0 0 1 "Robbery"
0 202 41 318 227 285 0 0 1 "Robbery"
0 202 41 318 228 286 0 0 1 "Robbery"
0 202 41 318 229 287 0 0 1 "Robbery"
0 203 42 318 230 288 0 0 0 "Robbery"
0 203 42 318 229 289 0 0 1 "Robbery"
0 203 42 318 229 290 0 0 1 "Robbery"
0 203 42 318 229 291 0 0 1 "Robbery"
0 203 42 318 229 292 0 0 1 "Robbery"
0 203 42 318 229 293 0 0 1 "Robbery"
0 203 42 318 228 294 0 0 1 "Robbery"
0 203 42 318 228 295 0 0 1 "Robbery"
0 203 42 318 228 296 0 0 1 "Robbery"
0 203 42 318 228 297 0 0 1 "Robbery"
0 203 42 318 228 298 0 0 1 "Robbery"
0 203 42 318 228 299 0 0 1 "Robbery"
0 203 42 318 227 300 0 0 1 "Robbery"
0 203 42 318 227 301 0 0 1 "Robbery"
0 204 42 318 227 302 0 0 1 "Robbery"
0 204 42 318 227 303 0 0 1 "Robbery"
0 204 42 318 227 304 0 0 1 "Robbery"
0 204 42 318 226 305 0 0 1 "Robbery"
0 204 42 318 226 306 0 0 1 "Robbery"
0 204 42 318 226 307 0 0 1 "Robbery"
0 204 42 318 226 308 0 0 1 "Robbery"
0 204 42 318 226 309 0 0 1 "Robbery"
0 204 42 318 226 310 0 0 1 "Robbery"
0 204 42 318 225 311 0 0 1 "Robbery"
0 204 42 318 225 312 0 0 1 "Robbery"
0 204 42 318 225 313 0 0 1 "Robbery"
0 204 42 318 225 314 0 0 1 "Robbery"
0 204 42 318 225 315 0 0 1 "Robbery"
0 205 43 318 225 316 0 0 1 "Robbery"
0 205 43 318 224 317 0 0 1 "Robbery"
0 205 43 318 224 318 0 0 1 "Robbery"
0 205 43 318 224 319 0 0 1 "Robbery"
0 205 43 318 224 320 0 0 1 "Robbery"
0 205 43 318 224 321 0 0 1 "Robbery"
0 205 43 318 223 322 0 0 1 "Robbery"
0 205 43 318 223 323 0 0 1 "Robbery"
0 205 43 318 223 324 0 0 1 "Robbery"
0 205 43 318 223 325 0 0 1 "Robbery"
0 205 43 318 223 326 0 0 1 "Robbery"
0 205 43 318 223 327 0 0 1 "Robbery"
0 205 43 318 222 328 0 0 1 "Robbery"
0 205 43 318 222 329 0 0 1 "Robbery"
0 206 43 318 222 330 0 0 1 "Robbery"
0 206 43 318 222 331 0 0 1 "Robbery"
0 206 43 318 222 332 0 0 1 "Robbery"
0 206 43 318 221 333 0 0 1 "Robbery"
0 206 43 318 221 334 0 0 1 "Robbery"
0 206 43 318 221 335 0 0 1 "Robbery"
0 206 43 318 221 336 0 0 1 "Robbery"
0 206 43 318 221 337 0 0 1 "Robbery"
0 206 43 318 221 338 0 0 1 "Robbery"
0 206 43 318 220 339 0 0 1 "Robbery"
0 206 43 318 220 340 0 0 1 "Robbery"
0 206 43 318 220 341 0 0 1 "Robbery"
0 206 43 318 220 342 0 0 1 "Robbery"
0 206 43 318 220 343 0 0 1 "Robbery"
0 207 44 319 220 344 0 0 0 "Robbery"
0 207 44 319 220 345 0 0 1 "Robbery"
0 207 44 319 220 346 0 0 1 "Robbery"
0 207 45 319 220 347 0 0 1 "Robbery"
0 207 45 319 220 348 0 0 1 "Robbery"
0 207 46 319 220 349 0 0 1 "Robbery"
0 207 46 319 220 350 0 0 1 "Robbery"
0 207 46 319 220 351 0 0 1 "Robbery"
0 207 47 319 220 352 0 0 1 "Robbery"
0 207 47 319 220 353 0 0 1 "Robbery"
0 207 48 319 220 354 0 0 1 "Robbery"
0 207 48 319 220 355 0 0 1 "Robbery"
0 208 48 319 220 356 0 0 1 "Robbery"
0 208 49 319 220 357 0 0 1 "Robbery"
0 208 49 319 220 358 0 0 1 "Robbery"
0 208 50 319 220 359 0 0 1 "Robbery"
0 208 50 319 220 360 0 0 1 "Robbery"
0 208 50 319 220 361 0 0 1 "Robbery"
0 208 51 319 220 362 0 0 1 "Robbery"
0 208 51 319 220 363 0 0 1 "Robbery"
0 208 52 319 220 364 0 0 1 "Robbery"
0 208 52 319 220 365 0 0 1 "Robbery"
0 208 52 319 220 366 0 0 1 "Robbery"
0 208 53 319 220 367 0 0 1 "Robbery"
0 209 53 319 220 368 0 0 1 "Robbery"
0 209 54 319 220 369 0 0 1 "Robbery"
0 209 54 319 220 370 0 0 1 "Robbery"
0 209 54 319 220 371 0 0 1 "Robbery"
0 209 55 319 220 372 0 0 1 "Robbery"
0 209 55 319 220 373 0 0 1 "Robbery"
0 209 56 319 220 374 0 0 1 "Robbery"
0 209 56 319 220 375 0 0 1 "Robbery"
0 209 56 319 220 376 0 0 1 "Robbery"
0 209 57 319 220 377 0 0 1 "Robbery"
0 209 57 319 220 378 0 0 1 "Robbery"
0 210 58 319 220 379 0 0 0 "Robbery"
0 210 58 319 220 380 0 0 1 "Robbery"
0 210 58 319 220 381 0 0 1 "Robbery"
0 210 58 319 220 382 0 0 1 "Robbery"
0 210 58 319 220 383 0 0 1 "Robbery"
0 210 58 319 220 384 0 0 1 "Robbery"
0 210 58 319 220 385 0 0 1 "Robbery"
0 210 58 319 220 386 0 0 1 "Robbery"
0 211 58 319 220 387 0 0 1 "Robbery"
0 211 58 319 220 388 0 0 1 "Robbery"
0 211 58 319 220 389 0 0 1 "Robbery"
0 211 58 319 220 390 0 0 1 "Robbery"
0 211 58 319 220 391 0 0 1 "Robbery"
0 211 58 319 220 392 0 0 1 "Robbery"
0 211 58 319 220 393 0 0 1 "Robbery"
0 211 58 319 220 394 0 0 1 "Robbery"
0 212 58 319 220 395 0 0 1 "Robbery"
0 212 58 319 220 396 0 0 1 "Robbery"
0 212 58 319 220 397 0 0 1 "Robbery"
0 212 58 319 220 398 0 0 1 "Robbery"
0 212 58 319 220 399 0 0 1 "Robbery"
0 212 58 319 220 400 0 0 1 "Robbery"
0 212 58 319 220 401 0 0 1 "Robbery"
0 213 58 319 220 402 0 0 0 "Robbery"
0 213 57 318 220 403 0 0 1 "Robbery"
0 213 57 318 221 404 0 0 1 "Robbery"
0 213 57 318 222 405 0 0 1 "Robbery"
0 213 57 318 222 406 0 0 1 "Robbery"
0 214 57 318 223 407 0 0 1 "Robbery"
0 214 56 318 224 408 0 0 1 "Robbery"
0 214 56 318 225 409 0 0 1 "Robbery"
0 214 56 318 225 410 0 0 1 "Robbery"
0 215 56 318 226 411 0 0 1 "Robbery"
0 215 56 318 227 412 0 0 1 "Robbery"
0 215 55 318 228 413 0 0 1 "Robbery"
0 215 55 318 228 414 0 0 1 "Robbery"
0 216 55 318 229 415 0 0 1 "Robbery"
0 216 55 318 230 416 0 0 1 "Robbery"
0 216 55 318 230 417 0 0 1 "Robbery"
0 216 54 318 231 418 0 0 1 "Robbery"
0 216 54 318 232 419 0 0 1 "Robbery"
0 217 54 318 233 420 0 0 1 "Robbery"
0 217 54 318 233 421 0 0 1 "Robbery"
0 217 54 318 234 422 0 0 1 "Robbery"
0 217 53 318 235 423 0 0 1 "Robbery"
0 218 53 318 236 424 0 0 1 "Robbery"
0 218 53 318 236 425 0 0 1 "Robbery"
0 218 53 318 237 426 0 0 1 "Robbery"
0 218 53 318 238 427 0 0 1 "Robbery"
0 219 53 318 239 428 0 0 0 "Robbery"
0 218 52 318 239 429 0 0 1 "Robbery"
0 218 52 318 239 430 0 0 1 "Robbery"
0 218 51 318 239 431 0 0 1 "Robbery"
0 218 51 318 239 432 0 0 1 "Robbery"
0 218 51 318 239 433 0 0 1 "Robbery"
0 218 50 318 239 434 0 0 1 "Robbery"
0 218 50 318 239 435 0 0 1 "Robbery"
0 218 50 318 239 436 0 0 1 "Robbery"
0 218 49 318 239 437 0 0 1 "Robbery"
0 218 49 318 239 438 0 0 1 "Robbery"
0 218 48 318 239 439 0 0 1 "Robbery"
0 218 48 318 239 440 0 0 1 "Robbery"
0 218 48 318 239 441 0 0 1 "Robbery"
0 218 47 318 239 442 0 0 1 "Robbery"
0 218 47 318 239 443 0 0 1 "Robbery"
0 218 47 318 239 444 0 0 1 "Robbery"
0 218 46 318 239 445 0 0 1 "Robbery"
0 218 46 318 239 446 0 0 1 "Robbery"
0 218 46 318 239 447 0 0 1 "Robbery"
0 218 45 318 239 448 0 0 1 "Robbery"
0 217 45 318 239 449 0 0 1 "Robbery"
0 217 44 318 239 450 0 0 1 "Robbery"
0 217 44 318 239 451 0 0 1 "Robbery"
0 217 44 318 239 452 0 0 1 "Robbery"
0 217 43 318 239 453 0 0 1 "Robbery"
0 217 43 318 239 454 0 0 1 "Robbery"
0 217 43 318 239 455 0 0 1 "Robbery"
0 217 42 318 239 456 0 0 1 "Robbery"
0 217 42 318 239 457 0 0 1 "Robbery"
0 217 42 318 239 458 0 0 1 "Robbery"
0 217 41 318 239 459 0 0 1 "Robbery"
0 217 41 318 239 460 0 0 1 "Robbery"
0 217 40 318 239 461 0 0 1 "Robbery"
0 217 40 318 239 462 0 0 1 "Robbery"
0 217 40 318 239 463 0 0 1 "Robbery"
0 217 39 318 239 464 0 0 1 "Robbery"
0 217 39 318 239 465 0 0 1 "Robbery"
0 217 39 318 239 466 0 0 1 "Robbery"
0 217 38 318 239 467 0 0 1 "Robbery"
0 217 38 318 239 468 0 0 1 "Robbery"
0 217 38 319 239 469 0 0 0 "Robbery"
0 217 38 319 239 470 0 0 1 "Robbery"
0 217 39 319 239 471 0 0 1 "Robbery"
0 218 39 319 239 472 0 0 1 "Robbery"
0 218 40 319 239 473 0 0 1 "Robbery"
0 218 40 319 239 474 0 0 1 "Robbery"
0 219 41 319 239 475 0 0 1 "Robbery"
0 219 41 319 239 476 0 0 1 "Robbery"
0 219 42 319 239 477 0 0 1 "Robbery"
0 220 43 319 239 478 0 0 1 "Robbery"
0 220 43 319 239 479 0 0 1 "Robbery"
0 220 44 319 239 480 0 0 1 "Robbery"
0 221 44 319 239 481 0 0 1 "Robbery"
0 221 45 319 239 482 0 0 1 "Robbery"
0 221 45 319 239 483 0 0 1 "Robbery"
0 222 46 319 239 484 0 0 1 "Robbery"
0 222 46 319 239 485 0 0 1 "Robbery"
0 222 47 319 239 486 0 0 1 "Robbery"
0 223 48 319 239 487 0 0 1 "Robbery"
0 223 48 319 239 488 0 0 1 "Robbery"
0 223 49 319 239 489 0 0 1 "Robbery"
0 224 49 319 239 490 0 0 1 "Robbery"
0 224 50 319 239 491 0 0 1 "Robbery"
0 224 50 319 239 492 0 0 1 "Robbery"
0 225 51 319 239 493 0 0 1 "Robbery"
0 225 51 319 239 494 0 0 1 "Robbery"
0 225 52 319 239 495 0 0 1 "Robbery"
0 226 53 319 239 496 0 0 1 "Robbery"
0 226 53 319 239 497 0 0 1 "Robbery"
0 226 54 319 239 498 0 0 1 "Robbery"
0 227 54 319 239 499 0 0 1 "Robbery"
0 227 55 319 239 500 0 0 1 "Robbery"
0 227 55 319 239 501 0 0 1 "Robbery"
0 228 56 319 239 502 0 0 1 "Robbery"
0 228 56 319 239 503 0 0 1 "Robbery"
0 228 57 319 239 504 0 0 1 "Robbery"
0 229 58 319 239 505 0 0 1 "Robbery"
0 229 58 319 239 506 0 0 1 "Robbery"
0 229 59 319 239 507 0 0 1 "Robbery"
0 230 59 319 239 508 0 0 1 "Robbery"
0 230 60 319 239 509 0 0 1 "Robbery"
0 230 60 319 239 510 0 0 1 "Robbery"
0 231 61 319 239 511 0 0 1 "Robbery"
0 231 61 319 239 512 0 0 1 "Robbery"
0 231 62 319 239 513 0 0 1 "Robbery"
0 232 63 319 239 514 0 0 1 "Robbery"
0 232 63 319 239 515 0 0 1 "Robbery"
0 232 64 319 239 516 0 0 1 "Robbery"
0 233 64 319 239 517 0 0 1 "Robbery"
0 233 65 319 239 518 0 0 1 "Robbery"
0 233 65 319 239 519 0 0 1 "Robbery"
0 234 66 319 239 520 0 0 1 "Robbery"
0 234 66 319 239 521 0 0 1 "Robbery"
0 234 67 319 239 522 0 0 1 "Robbery"
0 235 68 319 239 523 0 0 1 "Robbery"
0 235 68 319 239 524 0 0 1 "Robbery"
0 235 69 319 239 525 0 0 1 "Robbery"
0 236 69 319 239 526 0 0 1 "Robbery"
0 236 70 319 239 527 0 0 1 "Robbery"
0 236 70 319 239 528 0 0 1 "Robbery"
0 237 71 319 239 529 0 0 1 "Robbery"
0 237 71 319 239 530 0 0 1 "Robbery"
0 237 72 319 239 531 0 0 1 "Robbery"
0 238 73 319 239 532 0 0 0 "Robbery"
0 237 73 319 238 533 0 0 1 "Robbery"
0 237 73 319 238 534 0 0 1 "Robbery"
0 237 73 319 238 535 0 0 1 "Robbery"
0 236 73 319 238 536 0 0 1 "Robbery"
0 236 73 319 238 537 0 0 1 "Robbery"
0 236 73 319 238 538 0 0 1 "Robbery"
0 236 73 319 238 539 0 0 1 "Robbery"
0 235 73 319 238 540 0 0 1 "Robbery"
0 235 73 319 238 541 0 0 1 "Robbery"
0 235 73 319 238 542 0 0 1 "Robbery"
0 235 73 319 238 543 0 0 1 "Robbery"
0 234 73 319 238 544 0 0 1 "Robbery"
0 234 73 319 238 545 0 0 1 "Robbery"
0 234 73 319 238 546 0 0 1 "Robbery"
0 234 73 319 238 547 0 0 1 "Robbery"
0 233 73 319 238 548 0 0 1 "Robbery"
0 233 73 319 238 549 0 0 1 "Robbery"
0 233 73 319 238 550 0 0 1 "Robbery"
0 232 73 319 238 551 0 0 1 "Robbery"
0 232 73 319 238 552 0 0 1 "Robbery"
0 232 73 319 238 553 0 0 1 "Robbery"
0 232 73 319 238 554 0 0 1 "Robbery"
0 231 73 319 238 555 0 0 1 "Robbery"
0 231 73 319 238 556 0 0 1 "Robbery"
0 231 73 319 238 557 0 0 1 "Robbery"
0 231 73 319 238 558 0 0 1 "Robbery"
0 230 73 319 238 559 0 0 1 "Robbery"
0 230 73 319 238 560 0 0 1 "Robbery"
0 230 73 319 238 561 0 0 1 "Robbery"
0 230 73 319 238 562 0 0 1 "Robbery"
0 229 73 319 238 563 0 0 1 "Robbery"
0 229 73 319 238 564 0 0 1 "Robbery"
0 229 73 319 238 565 0 0 1 "Robbery"
0 229 73 319 238 566 0 0 0 "Robbery"
0 228 73 319 238 567 0 0 1 "Robbery"
0 228 73 319 238 568 0 0 1 "Robbery"
0 228 73 319 238 569 0 0 1 "Robbery"
0 228 73 319 238 570 0 0 1 "Robbery"
0 227 73 319 238 571 0 0 1 "Robbery"
0 227 73 319 238 572 0 0 1 "Robbery"
0 227 74 319 238 573 0 0 1 "Robbery"
0 227 74 319 238 574 0 0 1 "Robbery"
0 226 74 319 238 575 0 0 1 "Robbery"
0 226 74 319 238 576 0 0 1 "Robbery"
0 226 74 319 238 577 0 0 1 "Robbery"
0 226 74 319 238 578 0 0 1 "Robbery"
0 226 74 319 238 579 0 0 1 "Robbery"
0 225 75 319 238 580 0 0 1 "Robbery"
0 225 75 319 238 581 0 0 1 "Robbery"
0 225 75 319 238 582 0 0 1 "Robbery"
0 225 75 319 238 583 0 0 1 "Robbery"
0 224 75 319 238 584 0 0 1 "Robbery"
0 224 75 319 238 585 0 0 1 "Robbery"
0 224 75 319 238 586 0 0 1 "Robbery"
0 224 76 319 238 587 0 0 1 "Robbery"
0 223 76 319 238 588 0 0 1 "Robbery"
0 223 76 319 238 589 0 0 1 "Robbery"
0 223 76 319 238 590 0 0 1 "Robbery"
0 223 76 319 238 591 0 0 1 "Robbery"
0 223 76 319 238 592 0 0 1 "Robbery"
0 222 76 319 238 593 0 0 1 "Robbery"
0 222 77 319 238 594 0 0 1 "Robbery"
0 222 77 319 238 595 0 0 1 "Robbery"
0 222 77 319 238 596 0 0 1 "Robbery"
0 221 77 319 238 597 0 0 1 "Robbery"
0 221 77 319 238 598 0 0 1 "Robbery"
0 221 77 319 238 599 0 0 1 "Robbery"
0 221 77 319 238 600 0 0 1 "Robbery"
0 221 78 319 238 601 0 0 0 "Robbery"
0 221 77 319 237 602 0 0 1 "Robbery"
0 222 77 319 237 603 0 0 1 "Robbery"
0 222 77 319 237 604 0 0 1 "Robbery"
0 223 77 319 237 605 0 0 1 "Robbery"
0 223 77 319 237 606 0 0 1 "Robbery"
0 224 76 319 236 607 0 0 1 "Robbery"
0 225 76 319 236 608 0 0 1 "Robbery"
0 225 76 319 236 609 0 0 1 "Robbery"
0 226 76 319 236 610 0 0 1 "Robbery"
0 226 76 319 236 611 0 0 1 "Robbery"
0 227 76 319 236 612 0 0 1 "Robbery"
0 228 75 319 235 613 0 0 1 "Robbery"
0 228 75 319 235 614 0 0 1 "Robbery"
0 229 75 319 235 615 0 0 1 "Robbery"
0 229 75 319 235 616 0 0 1 "Robbery"
0 230 75 319 235 617 0 0 1 "Robbery"
0 231 75 319 235 618 0 0 1 "Robbery"
0 231 74 319 234 619 0 0 1 "Robbery"
0 232 74 319 234 620 0 0 1 "Robbery"
0 232 74 319 234 621 0 0 1 "Robbery"
0 233 74 319 234 622 0 0 1 "Robbery"
0 233 74 319 234 623 0 0 1 "Robbery"
0 234 73 319 233 624 0 0 1 "Robbery"
0 235 73 319 233 625 0 0 1 "Robbery"
0 235 73 319 233 626 0 0 1 "Robbery"
0 236 73 319 233 627 0 0 1 "Robbery"
0 236 73 319 233 628 0 0 1 "Robbery"
0 237 73 319 233 629 0 0 1 "Robbery"
0 238 72 319 232 630 0 0 1 "Robbery"
0 238 72 319 232 631 0 0 1 "Robbery"
0 239 72 319 232 632 0 0 1 "Robbery"
0 239 72 319 232 633 0 0 1 "Robbery"
0 240 72 319 232 634 0 0 1 "Robbery"
0 241 72 319 232 635 0 0 0 "Robbery"
0 240 72 319 231 636 0 0 1 "Robbery"
0 239 72 319 231 637 0 0 1 "Robbery"
0 239 72 319 231 638 0 0 1 "Robbery"
0 238 72 319 231 639 0 0 1 "Robbery"
0 238 72 319 231 640 0 0 1 "Robbery"
0 237 72 319 231 641 0 0 1 "Robbery"
0 237 72 319 231 642 0 0 1 "Robbery"
0 236 72 319 231 643 0 0 1 "Robbery"
0 236 72 319 231 644 0 0 1 "Robbery"
0 235 72 319 231 645 0 0 1 "Robbery"
0 235 72 319 231 646 0 0 1 "Robbery"
0 234 72 319 231 647 0 0 1 "Robbery"
0 234 72 319 231 648 0 0 1 "Robbery"
0 233 72 319 231 649 0 0 1 "Robbery"
0 232 72 319 231 650 0 0 1 "Robbery"
0 232 72 319 231 651 0 0 1 "Robbery"
0 231 72 319 231 652 0 0 1 "Robbery"
0 231 72 319 231 653 0 0 1 "Robbery"
0 230 72 319 231 654 0 0 1 "Robbery"
0 230 72 319 231 655 0 0 1 "Robbery"
0 229 72 319 231 656 0 0 1 "Robbery"
0 229 72 319 231 657 0 0 1 "Robbery"
0 228 72 319 231 658 0 0 1 "Robbery"
0 228 72 319 231 659 0 0 1 "Robbery"
0 227 72 319 231 660 0 0 1 "Robbery"
0 227 72 319 231 661 0 0 1 "Robbery"
0 226 72 319 231 662 0 0 1 "Robbery"
0 226 72 319 231 663 0 0 0 "Robbery"
0 225 71 319 230 664 0 0 1 "Robbery"
0 224 70 319 230 665 0 0 1 "Robbery"
0 224 70 319 230 666 0 0 1 "Robbery"
0 223 69 319 230 667 0 0 1 "Robbery"
0 223 68 319 230 668 0 0 1 "Robbery"
0 222 68 319 230 669 0 0 1 "Robbery"
0 222 67 319 230 670 0 0 1 "Robbery"
0 221 66 319 230 671 0 0 1 "Robbery"
0 220 66 319 230 672 0 0 1 "Robbery"
0 220 65 319 230 673 0 0 1 "Robbery"
0 219 64 319 230 674 0 0 1 "Robbery"
0 219 64 319 230 675 0 0 1 "Robbery"
0 218 63 319 230 676 0 0 1 "Robbery"
0 218 62 319 230 677 0 0 1 "Robbery"
0 217 62 319 230 678 0 0 1 "Robbery"
0 216 61 319 230 679 0 0 1 "Robbery"
0 216 60 319 230 680 0 0 1 "Robbery"
0 215 60 319 230 681 0 0 1 "Robbery"
0 215 59 319 230 682 0 0 1 "Robbery"
0 214 58 319 230 683 0 0 1 "Robbery"
0 214 58 319 230 684 0 0 1 "Robbery"
0 213 57 319 230 685 0 0 1 "Robbery"
0 212 56 319 230 686 0 0 1 "Robbery"
0 212 56 319 230 687 0 0 1 "Robbery"
0 211 55 319 230 688 0 0 1 "Robbery"
0 211 54 319 230 689 0 0 1 "Robbery"
0 210 54 319 230 690 0 0 1 "Robbery"
0 210 53 319 230 691 0 0 1 "Robbery"
0 209 52 319 230 692 0 0 1 "Robbery"
0 208 52 319 230 693 0 0 1 "Robbery"
0 208 51 319 230 694 0 0 1 "Robbery"
0 207 50 319 230 695 0 0 1 "Robbery"
0 207 50 319 230 696 0 0 1 "Robbery"
0 206 49 319 230 697 0 0 1 "Robbery"
0 206 48 319 230 698 0 0 1 "Robbery"
0 205 48 319 230 699 0 0 1 "Robbery"
0 204 47 319 230 700 0 0 1 "Robbery"
0 204 46 319 230 701 0 0 1 "Robbery"
0 203 46 319 230 702 0 0 1 "Robbery"
0 203 45 319 230 703 0 0 1 "Robbery"
0 202 44 319 230 704 0 0 1 "Robbery"
0 202 44 319 230 705 0 0 1 "Robbery"
0 201 43 319 230 706 0 0 1 "Robbery"
0 201 43 319 230 707 0 0 0 "Robbery"
0 201 43 319 229 708 0 0 1 "Robbery"
0 201 43 319 229 709 0 0 1 "Robbery"
0 201 43 319 229 710 0 0 1 "Robbery"
0 201 43 319 229 711 0 0 1 "Robbery"
0 201 43 319 228 712 0 0 1 "Robbery"
0 201 43 319 228 713 0 0 1 "Robbery"
0 201 43 319 228 714 0 0 1 "Robbery"
0 201 43 319 228 715 0 0 1 "Robbery"
0 201 43 319 228 716 0 0 1 "Robbery"
0 201 43 319 227 717 0 0 1 "Robbery"
0 201 43 319 227 718 0 0 1 "Robbery"
0 201 43 319 227 719 0 0 1 "Robbery"
0 201 43 319 227 720 0 0 1 "Robbery"
0 201 43 319 227 721 0 0 1 "Robbery"
0 201 43 319 226 722 0 0 1 "Robbery"
0 201 43 319 226 723 0 0 1 "Robbery"
0 201 43 319 226 724 0 0 1 "Robbery"
0 201 43 319 226 725 0 0 1 "Robbery"
0 201 43 319 225 726 0 0 1 "Robbery"
0 201 43 319 225 727 0 0 1 "Robbery"
0 201 43 319 225 728 0 0 1 "Robbery"
0 201 43 319 225 729 0 0 1 "Robbery"
0 201 43 319 225 730 0 0 1 "Robbery"
0 201 43 319 224 731 0 0 1 "Robbery"
0 201 43 319 224 732 0 0 1 "Robbery"
0 201 43 319 224 733 0 0 1 "Robbery"
0 201 43 319 224 734 0 0 1 "Robbery"
0 201 43 319 224 735 0 0 1 "Robbery"
0 201 43 319 223 736 0 0 1 "Robbery"
0 201 43 319 223 737 0 0 1 "Robbery"
0 201 43 319 223 738 0 0 1 "Robbery"
0 201 43 319 223 739 0 0 1 "Robbery"
0 201 43 319 222 740 0 0 1 "Robbery"
0 201 43 319 222 741 0 0 1 "Robbery"
0 201 43 319 222 742 0 0 1 "Robbery"
0 201 43 319 222 743 0 0 1 "Robbery"
0 201 43 319 222 744 0 0 1 "Robbery"
0 201 43 319 221 745 0 0 1 "Robbery"
0 201 43 319 221 746 0 0 1 "Robbery"
0 201 43 319 221 747 0 0 1 "Robbery"
0 201 43 319 221 748 0 0 1 "Robbery"
0 201 43 319 221 749 0 0 1 "Robbery"
0 201 43 319 220 750 0 0 1 "Robbery"
0 201 43 319 220 751 0 0 1 "Robbery"
0 201 43 319 220 752 0 0 1 "Robbery"
0 201 43 319 220 753 0 0 1 "Robbery"
0 201 43 319 219 754 0 0 1 "Robbery"
0 201 43 319 219 755 0 0 1 "Robbery"
0 201 43 319 219 756 0 0 1 "Robbery"
0 201 43 319 219 757 0 0 1 "Robbery"
0 201 43 319 219 758 0 0 1 "Robbery"
0 201 43 319 218 759 0 0 1 "Robbery"
0 201 43 319 218 760 0 0 1 "Robbery"
0 201 43 319 218 761 0 0 1 "Robbery"
0 201 43 319 218 762 0 0 1 "Robbery"
0 201 43 319 218 763 0 0 1 "Robbery"
0 201 43 319 217 764 0 0 1 "Robbery"
0 201 43 319 217 765 0 0 1 "Robbery"
0 201 43 319 217 766 0 0 1 "Robbery"
0 201 43 319 217 767 0 0 1 "Robbery"
0 201 43 319 216 768 0 0 1 "Robbery"
0 201 43 319 216 769 0 0 1 "Robbery"
0 201 43 319 216 770 0 0 1 "Robbery"
0 201 43 319 216 771 0 0 1 "Robbery"
0 201 43 319 216 772 0 0 1 "Robbery"
0 201 43 319 215 773 0 0 1 "Robbery"
0 201 43 319 215 774 0 0 1 "Robbery"
0 201 43 319 215 775 0 0 1 "Robbery"
0 201 43 319 215 776 0 0 1 "Robbery"
0 201 43 319 215 777 0 0 1 "Robbery"
0 201 43 319 214 778 0 0 1 "Robbery"
0 201 43 319 214 779 0 0 1 "Robbery"
0 201 43 319 214 780 0 0 1 "Robbery"
0 201 43 319 214 781 0 0 1 "Robbery"
0 201 43 319 213 782 0 0 1 "Robbery"
0 201 43 319 213 783 0 0 1 "Robbery"
0 201 43 319 213 784 0 0 1 "Robbery"
0 201 43 319 213 785 0 0 1 "Robbery"
0 201 43 319 213 786 0 0 1 "Robbery"
0 201 43 319 212 787 0 0 1 "Robbery"
0 201 43 319 212 788 0 0 1 "Robbery"
0 201 43 319 212 789 0 0 1 "Robbery"
0 201 43 319 212 790 0 0 1 "Robbery"
0 202 44 319 212 791 0 0 0 "Robbery"
0 202 44 319 212 792 0 0 1 "Robbery"
0 202 44 319 212 793 0 0 1 "Robbery"
0 202 44 319 212 794 0 0 1 "Robbery"
0 202 45 319 212 795 0 0 1 "Robbery"
0 202 45 319 212 796 0 0 1 "Robbery"
0 202 45 319 212 797 0 0 1 "Robbery"
0 202 45 319 212 798 0 0 1 "Robbery"
0 202 46 319 212 799 0 0 1 "Robbery"
0 202 46 319 212 800 0 0 1 "Robbery"
0 202 46 319 212 801 0 0 1 "Robbery"
0 202 47 319 212 802 0 0 1 "Robbery"
0 202 47 319 212 803 0 0 1 "Robbery"
0 202 47 319 212 804 0 0 1 "Robbery"
0 202 47 319 212 805 0 0 1 "Robbery"
0 202 48 319 212 806 0 0 1 "Robbery"
0 202 48 319 212 807 0 0 1 "Robbery"
0 202 48 319 212 808 0 0 1 "Robbery"
0 202 49 319 212 809 0 0 1 "Robbery"
0 202 49 319 212 810 0 0 1 "Robbery"
0 202 49 319 212 811 0 0 1 "Robbery"
0 202 49 319 212 812 0 0 1 "Robbery"
0 202 50 319 212 813 0 0 1 "Robbery"
0 202 50 319 212 814 0 0 1 "Robbery"
0 202 50 319 212 815 0 0 1 "Robbery"
0 202 51 319 212 816 0 0 1 "Robbery"
0 202 51 319 212 817 0 0 1 "Robbery"
0 202 51 319 212 818 0 0 1 "Robbery"
0 202 51 319 212 819 0 0 1 "Robbery"
0 202 52 319 212 820 0 0 1 "Robbery"
0 202 52 319 212 821 0 0 1 "Robbery"
0 202 52 319 212 822 0 0 1 "Robbery"
0 202 52 319 212 823 0 0 1 "Robbery"
0 202 53 319 212 824 0 0 1 "Robbery"
0 202 53 319 212 825 0 0 1 "Robbery"
0 202 53 319 212 826 0 0 1 "Robbery"
0 202 54 319 212 827 0 0 1 "Robbery"
0 202 54 319 212 828 0 0 1 "Robbery"
0 202 54 319 212 829 0 0 1 "Robbery"
0 202 54 319 212 830 0 0 1 "Robbery"
0 202 55 319 212 831 0 0 1 "Robbery"
0 203 55 319 212 832 0 0 1 "Robbery"
0 203 55 319 212 833 0 0 1 "Robbery"
0 203 56 319 212 834 0 0 1 "Robbery"
0 203 56 319 212 835 0 0 1 "Robbery"
0 203 56 319 212 836 0 0 1 "Robbery"
0 203 56 319 212 837 0 0 1 "Robbery"
0 203 57 319 212 838 0 0 1 "Robbery"
0 203 57 319 212 839 0 0 1 "Robbery"
0 203 57 319 212 840 0 0 1 "Robbery"
0 203 58 319 212 841 0 0 1 "Robbery"
0 203 58 319 212 842 0 0 1 "Robbery"
0 203 58 319 212 843 0 0 1 "Robbery"
0 203 58 319 212 844 0 0 1 "Robbery"
0 203 59 319 212 845 0 0 1 "Robbery"
0 203 59 319 212 846 0 0 1 "Robbery"
0 203 59 319 212 847 0 0 1 "Robbery"
0 203 59 319 212 848 0 0 1 "Robbery"
0 203 60 319 212 849 0 0 1 "Robbery"
0 203 60 319 212 850 0 0 1 "Robbery"
0 203 60 319 212 851 0 0 1 "Robbery"
0 203 61 319 212 852 0 0 1 "Robbery"
0 203 61 319 212 853 0 0 1 "Robbery"
0 203 61 319 212 854 0 0 1 "Robbery"
0 203 61 319 212 855 0 0 1 "Robbery"
0 203 62 319 212 856 0 0 1 "Robbery"
0 203 62 319 212 857 0 0 1 "Robbery"
0 203 62 319 212 858 0 0 1 "Robbery"
0 203 63 319 212 859 0 0 1 "Robbery"
0 203 63 319 212 860 0 0 1 "Robbery"
0 203 63 319 212 861 0 0 1 "Robbery"
0 203 63 319 212 862 0 0 1 "Robbery"
0 203 64 319 212 863 0 0 1 "Robbery"
0 203 64 319 212 864 0 0 1 "Robbery"
0 203 64 319 212 865 0 0 1 "Robbery"
0 203 65 319 212 866 0 0 1 "Robbery"
0 203 65 319 212 867 0 0 1 "Robbery"
0 203 65 319 212 868 0 0 1 "Robbery"
0 203 65 319 212 869 0 0 1 "Robbery"
0 203 66 319 212 870 0 0 1 "Robbery"
0 203 66 319 212 871 0 0 1 "Robbery"
0 203 66 319 212 872 0 0 1 "Robbery"
0 204 67 319 212 873 0 0 0 "Robbery"
0 203 65 316 210 874 0 0 1 "Robbery"
0 203 64 314 209 875 0 0 1 "Robbery"
0 203 63 311 208 876 0 0 1 "Robbery"
0 203 62 309 207 877 0 0 1 "Robbery"
0 203 61 307 205 878 0 0 1 "Robbery"
0 203 60 304 204 879 0 0 1 "Robbery"
0 203 59 302 203 880 0 0 1 "Robbery"
0 203 58 300 202 881 0 0 1 "Robbery"
0 203 57 297 200 882 0 0 1 "Robbery"
0 203 56 295 199 883 0 0 1 "Robbery"
0 203 55 293 198 884 0 0 1 "Robbery"
0 203 54 290 197 885 0 0 1 "Robbery"
0 203 53 288 195 886 0 0 1 "Robbery"
0 203 52 286 194 887 0 0 1 "Robbery"
0 203 51 283 193 888 0 0 1 "Robbery"
0 203 50 281 192 889 0 0 1 "Robbery"
0 203 49 279 190 890 0 0 1 "Robbery"
0 203 48 276 189 891 0 0 1 "Robbery"
0 203 47 274 188 892 0 0 1 "Robbery"
0 203 46 272 187 893 0 0 0 "Robbery"
0 201 45 270 186 894 0 0 1 "Robbery"
0 199 44 268 185 895 0 0 1 "Robbery"
0 198 44 267 185 896 0 0 1 "Robbery"
0 196 43 265 184 897 0 0 1 "Robbery"
0 194 42 263 183 898 0 0 1 "Robbery"
0 193 42 262 183 899 0 0 1 "Robbery"
0 191 41 260 182 900 0 0 1 "Robbery"
0 189 40 258 181 901 0 0 1 "Robbery"
0 188 40 257 181 902 0 0 0 "Robbery"
0 187 40 256 180 903 0 0 1 "Robbery"
0 186 40 255 179 904 0 0 1 "Robbery"
0 185 40 254 179 905 0 0 1 "Robbery"
0 184 40 253 178 906 0 0 1 "Robbery"
0 183 40 252 178 907 0 0 1 "Robbery"
0 182 41 251 177 908 0 0 1 "Robbery"
0 181 41 250 177 909 0 0 1 "Robbery"
0 180 41 249 176 910 0 0 1 "Robbery"
0 179 41 248 176 911 0 0 1 "Robbery"
0 178 41 247 175 912 0 0 1 "Robbery"
0 178 42 246 175 913 0 0 0 "Robbery"
0 178 42 247 175 914 0 0 1 "Robbery"
0 178 42 248 175 915 0 0 1 "Robbery"
0 178 42 249 175 916 0 0 1 "Robbery"
0 178 42 250 175 917 0 0 1 "Robbery"
0 178 42 252 175 918 0 0 1 "Robbery"
0 179 43 253 175 919 0 0 1 "Robbery"
0 179 43 254 176 920 0 0 1 "Robbery"
0 179 43 255 176 921 0 0 1 "Robbery"
0 179 43 257 176 922 0 0 1 "Robbery"
0 179 43 258 176 923 0 0 1 "Robbery"
0 180 43 259 176 924 0 0 1 "Robbery"
0 180 44 260 176 925 0 0 1 "Robbery"
0 180 44 262 176 926 0 0 1 "Robbery"
0 180 44 263 177 927 0 0 1 "Robbery"
0 180 44 264 177 928 0 0 1 "Robbery"
0 180 44 265 177 929 0 0 1 "Robbery"
0 181 44 267 177 930 0 0 1 "Robbery"
0 181 45 268 177 931 0 0 1 "Robbery"
0 181 45 269 177 932 0 0 1 "Robbery"
0 181 45 270 178 933 0 0 1 "Robbery"
0 181 45 271 178 934 0 0 1 "Robbery"
0 182 45 273 178 935 0 0 1 "Robbery"
0 182 45 274 178 936 0 0 1 "Robbery"
0 182 46 275 178 937 0 0 1 "Robbery"
0 182 46 276 178 938 0 0 1 "Robbery"
0 182 46 278 178 939 0 0 1 "Robbery"
0 183 46 279 179 940 0 0 1 "Robbery"
0 183 46 280 179 941 0 0 1 "Robbery"
0 183 46 281 179 942 0 0 1 "Robbery"
0 183 47 283 179 943 0 0 1 "Robbery"
0 183 47 284 179 944 0 0 1 "Robbery"
0 183 47 285 179 945 0 0 1 "Robbery"
0 184 47 286 180 946 0 0 1 "Robbery"
0 184 47 288 180 947 0 0 1 "Robbery"
0 184 47 289 180 948 0 0 1 "Robbery"
0 184 48 290 180 949 0 0 1 "Robbery"
0 184 48 291 180 950 0 0 1 "Robbery"
0 185 48 293 180 951 0 0 1 "Robbery"
0 185 48 294 180 952 0 0 1 "Robbery"
0 185 48 295 181 953 0 0 1 "Robbery"
0 185 48 296 181 954 0 0 1 "Robbery"
0 185 49 297 181 955 0 0 1 "Robbery"
0 186 49 299 181 956 0 0 1 "Robbery"
0 186 49 300 181 957 0 0 1 "Robbery"
0 186 49 301 181 958 0 0 1 "Robbery"
0 186 49 302 182 959 0 0 1 "Robbery"
0 186 49 304 182 960 0 0 1 "Robbery"
0 186 50 305 182 961 0 0 1 "Robbery"
0 187 50 306 182 962 0 0 1 "Robbery"
0 187 50 307 182 963 0 0 1 "Robbery"
0 187 50 309 182 964 0 0 1 "Robbery"
0 187 50 310 182 965 0 0 1 "Robbery"
0 187 50 311 183 966 0 0 1 "Robbery"
0 188 51 312 183 967 0 0 1 "Robbery"
0 188 51 314 183 968 0 0 1 "Robbery"
0 188 51 315 183 969 0 0 1 "Robbery"
0 188 51 316 183 970 0 0 1 "Robbery"
0 188 51 317 183 971 0 0 1 "Robbery"
0 189 52 319 184 972 0 0 0 "Robbery"
0 190 52 319 184 973 0 0 1 "Robbery"
0 191 52 319 184 974 0 0 1 "Robbery"
0 192 52 319 184 975 0 0 1 "Robbery"
0 193 52 319 184 976 0 0 1 "Robbery"
0 194 52 319 184 977 0 0 1 "Robbery"
0 195 53 319 185 978 0 0 1 "Robbery"
0 196 53 319 185 979 0 0 1 "Robbery"
0 197 53 319 185 980 0 0 1 "Robbery"
0 199 53 319 185 981 0 0 1 "Robbery"
0 200 53 319 185 982 0 0 1 "Robbery"
0 201 53 319 185 983 0 0 1 "Robbery"
0 202 54 319 186 984 0 0 1 "Robbery"
0 203 54 319 186 985 0 0 1 "Robbery"
0 204 54 319 186 986 0 0 1 "Robbery"
0 205 54 319 186 987 0 0 1 "Robbery"
0 206 54 319 186 988 0 0 1 "Robbery"
0 208 55 319 187 989 0 0 0 "Robbery"
0 209 55 319 187 990 0 0 1 "Robbery"
0 210 55 319 187 991 0 0 1 "Robbery"
0 212 55 319 187 992 0 0 1 "Robbery"
0 213 55 319 187 993 0 0 1 "Robbery"
0 215 55 319 187 994 0 0 1 "Robbery"
0 216 55 319 187 995 0 0 1 "Robbery"
0 218 55 319 187 996 0 0 1 "Robbery"
0 219 55 319 187 997 0 0 1 "Robbery"
0 221 56 319 188 998 0 0 0 "Robbery"
0 222 56 319 200 999 0 0 1 "Robbery"
0 224 57 319 213 1000 0 0 1 "Robbery"
0 225 57 319 226 1001 0 0 1 "Robbery"
0 227 58 319 239 1002 0 0 0 "Robbery"
0 228 54 319 239 1003 0 0 1 "Robbery"
0 229 50 319 239 1004 0 0 1 "Robbery"
0 230 46 319 239 1005 0 0 1 "Robbery"
0 231 42 319 239 1006 0 0 1 "Robbery"
0 232 38 319 239 1007 0 0 1 "Robbery"
0 233 35 319 239 1008 0 0 0 "Robbery"
0 232 36 319 239 1009 0 0 1 "Robbery"
0 232 37 319 239 1010 0 0 1 "Robbery"
0 232 39 319 239 1011 0 0 1 "Robbery"
0 232 40 319 239 1012 0 0 1 "Robbery"
0 232 41 319 239 1013 0 0 1 "Robbery"
0 232 43 319 239 1014 0 0 1 "Robbery"
0 232 44 319 239 1015 0 0 1 "Robbery"
0 232 45 319 239 1016 0 0 1 "Robbery"
0 232 47 319 239 1017 0 0 1 "Robbery"
0 232 48 319 239 1018 0 0 1 "Robbery"
0 232 49 319 239 1019 0 0 1 "Robbery"
0 232 51 319 239 1020 0 0 1 "Robbery"
0 232 52 319 239 1021 0 0 1 "Robbery"
0 232 53 319 239 1022 0 0 1 "Robbery"
0 232 55 319 239 1023 0 0 1 "Robbery"
0 232 56 319 239 1024 0 0 1 "Robbery"
0 232 58 319 239 1025 0 0 1 "Robbery"
0 231 59 319 239 1026 0 0 1 "Robbery"
0 231 60 319 239 1027 0 0 1 "Robbery"
0 231 62 319 239 1028 0 0 1 "Robbery"
0 231 63 319 239 1029 0 0 1 "Robbery"
0 231 64 319 239 1030 0 0 1 "Robbery"
0 231 66 319 239 1031 0 0 1 "Robbery"
0 231 67 319 239 1032 0 0 1 "Robbery"
0 231 68 319 239 1033 0 0 1 "Robbery"
0 231 70 319 239 1034 0 0 1 "Robbery"
0 231 71 319 239 1035 0 0 1 "Robbery"
0 231 72 319 239 1036 0 0 1 "Robbery"
0 231 74 319 239 1037 0 0 1 "Robbery"
0 231 75 319 239 1038 0 0 1 "Robbery"
0 231 76 319 239 1039 0 0 1 "Robbery"
0 231 78 319 239 1040 0 0 1 "Robbery"
0 231 79 319 239 1041 0 0 1 "Robbery"
0 231 81 319 239 1042 0 0 0 "Robbery"
0 231 79 319 239 1043 0 0 1 "Robbery"
0 231 78 319 239 1044 0 0 1 "Robbery"
0 231 77 319 239 1045 0 0 1 "Robbery"
0 232 76 319 239 1046 0 0 1 "Robbery"
0 232 75 319 239 1047 0 0 1 "Robbery"
0 232 74 319 239 1048 0 0 1 "Robbery"
0 232 73 319 239 1049 0 0 1 "Robbery"
0 233 72 319 239 1050 0 0 1 "Robbery"
0 233 71 319 239 1051 0 0 1 "Robbery"
0 233 70 319 239 1052 0 0 1 "Robbery"
0 233 68 319 239 1053 0 0 1 "Robbery"
0 234 67 319 239 1054 0 0 1 "Robbery"
0 234 66 319 239 1055 0 0 1 "Robbery"
0 234 65 319 239 1056 0 0 1 "Robbery"
0 234 64 319 239 1057 0 0 1 "Robbery"
0 235 63 319 239 1058 0 0 1 "Robbery"
0 235 62 319 239 1059 0 0 1 "Robbery"
0 235 61 319 239 1060 0 0 1 "Robbery"
0 235 60 319 239 1061 0 0 1 "Robbery"
0 236 59 319 239 1062 0 0 0 "Robbery"
0 235 59 319 239 1063 0 0 1 "Robbery"
0 234 59 319 239 1064 0 0 1 "Robbery"
0 234 59 319 239 1065 0 0 1 "Robbery"
0 233 60 319 239 1066 0 0 1 "Robbery"
0 233 60 319 239 1067 0 0 1 "Robbery"
0 232 60 319 239 1068 0 0 1 "Robbery"
0 231 61 319 239 1069 0 0 1 "Robbery"
0 231 61 319 239 1070 0 0 1 "Robbery"
0 230 61 319 239 1071 0 0 1 "Robbery"
0 230 61 319 239 1072 0 0 1 "Robbery"
0 229 62 319 239 1073 0 0 1 "Robbery"
0 229 62 319 239 1074 0 0 1 "Robbery"
0 228 62 319 239 1075 0 0 1 "Robbery"
0 227 63 319 239 1076 0 0 1 "Robbery"
0 227 63 319 239 1077 0 0 1 "Robbery"
0 226 63 319 239 1078 0 0 1 "Robbery"
0 226 63 319 239 1079 0 0 1 "Robbery"
0 225 64 319 239 1080 0 0 1 "Robbery"
0 225 64 319 239 1081 0 0 1 "Robbery"
0 224 64 319 239 1082 0 0 1 "Robbery"
0 223 65 319 239 1083 0 0 1 "Robbery"
0 223 65 319 239 1084 0 0 1 "Robbery"
0 222 65 319 239 1085 0 0 1 "Robbery"
0 222 65 319 239 1086 0 0 1 "Robbery"
0 221 66 319 239 1087 0 0 1 "Robbery"
0 221 66 319 239 1088 0 0 1 "Robbery"
0 220 66 319 239 1089 0 0 1 "Robbery"
0 219 67 319 239 1090 0 0 1 "Robbery"
0 219 67 319 239 1091 0 0 1 "Robbery"
0 218 67 319 239 1092 0 0 1 "Robbery"
0 218 67 319 239 1093 0 0 1 "Robbery"
0 217 68 319 239 1094 0 0 1 "Robbery"
0 217 68 319 239 1095 0 0 1 "Robbery"
0 216 68 319 239 1096 0 0 1 "Robbery"
0 215 69 319 239 1097 0 0 1 "Robbery"
0 215 69 319 239 1098 0 0 1 "Robbery"
0 214 69 319 239 1099 0 0 1 "Robbery"
0 214 69 319 239 1100 0 0 1 "Robbery"
0 213 70 319 239 1101 0 0 1 "Robbery"
0 213 70 319 239 1102 0 0 1 "Robbery"
0 212 70 319 239 1103 0 0 1 "Robbery"
0 211 71 319 239 1104 0 0 1 "Robbery"
0 211 71 319 239 1105 0 0 1 "Robbery"
0 210 71 319 239 1106 0 0 1 "Robbery"
0 210 71 319 239 1107 0 0 1 "Robbery"
0 209 72 319 239 1108 0 0 1 "Robbery"
0 209 72 319 239 1109 0 0 1 "Robbery"
0 208 72 319 239 1110 0 0 1 "Robbery"
0 207 73 319 239 1111 0 0 1 "Robbery"
0 207 73 319 239 1112 0 0 1 "Robbery"
0 206 73 319 239 1113 0 0 1 "Robbery"
0 206 73 319 239 1114 0 0 1 "Robbery"
0 205 74 319 239 1115 0 0 1 "Robbery"
0 204 74 319 239 1116 0 0 1 "Robbery"
0 204 74 319 239 1117 0 0 1 "Robbery"
0 203 75 319 239 1118 0 0 1 "Robbery"
0 203 75 319 239 1119 0 0 1 "Robbery"
0 202 75 319 239 1120 0 0 1 "Robbery"
0 202 75 319 239 1121 0 0 1 "Robbery"
0 201 76 319 239 1122 0 0 1 "Robbery"
0 200 76 319 239 1123 0 0 1 "Robbery"
0 200 76 319 239 1124 0 0 1 "Robbery"
0 199 77 319 239 1125 0 0 1 "Robbery"
0 199 77 319 239 1126 0 0 1 "Robbery"
0 198 77 319 239 1127 0 0 1 "Robbery"
0 198 77 319 239 1128 0 0 1 "Robbery"
0 197 78 319 239 1129 0 0 1 "Robbery"
0 196 78 319 239 1130 0 0 1 "Robbery"
0 196 78 319 239 1131 0 0 1 "Robbery"
0 195 79 319 239 1132 0 0 1 "Robbery"
0 195 79 319 239 1133 0 0 1 "Robbery"
0 194 79 319 239 1134 0 0 1 "Robbery"
0 194 79 319 239 1135 0 0 1 "Robbery"
0 193 80 319 239 1136 0 0 1 "Robbery"
0 192 80 319 239 1137 0 0 1 "Robbery"
0 192 80 319 239 1138 0 0 1 "Robbery"
0 191 81 319 239 1139 0 0 1 "Robbery"
0 191 81 319 239 1140 0 0 1 "Robbery"
0 190 81 319 239 1141 0 0 1 "Robbery"
0 190 81 319 239 1142 0 0 1 "Robbery"
0 189 82 319 239 1143 0 0 1 "Robbery"
0 188 82 319 239 1144 0 0 1 "Robbery"
0 188 82 319 239 1145 0 0 1 "Robbery"
0 187 83 319 239 1146 0 0 1 "Robbery"
0 187 83 319 239 1147 0 0 1 "Robbery"
0 186 83 319 239 1148 0 0 1 "Robbery"
0 186 83 319 239 1149 0 0 1 "Robbery"
0 185 84 319 239 1150 0 0 1 "Robbery"
0 184 84 319 239 1151 0 0 1 "Robbery"
0 184 84 319 239 1152 0 0 1 "Robbery"
0 183 85 319 239 1153 0 0 1 "Robbery"
0 183 85 319 239 1154 0 0 1 "Robbery"
0 182 85 319 239 1155 0 0 1 "Robbery"
0 182 86 319 239 1156 0 0 0 "Robbery"
0 177 88 319 239 1157 0 0 1 "Robbery"
0 172 90 319 239 1158 0 0 1 "Robbery"
0 167 92 319 239 1159 0 0 1 "Robbery"
0 162 95 319 239 1160 0 0 1 "Robbery"
0 157 97 319 239 1161 0 0 1 "Robbery"
0 152 99 319 239 1162 0 0 1 "Robbery"
0 147 101 319 239 1163 0 0 1 "Robbery"
0 142 104 319 239 1164 0 0 1 "Robbery"
0 137 106 319 239 1165 0 0 1 "Robbery"
0 132 108 319 239 1166 0 0 1 "Robbery"
0 128 111 319 239 1167 0 0 0 "Robbery"
0 123 111 306 239 1168 0 0 1 "Robbery"
0 118 112 293 239 1169 0 0 1 "Robbery"
0 113 112 280 239 1170 0 0 1 "Robbery"
0 108 113 267 239 1171 0 0 1 "Robbery"
0 103 113 254 239 1172 0 0 1 "Robbery"
0 98 114 241 239 1173 0 0 1 "Robbery"
0 93 115 228 239 1174 0 0 0 "Robbery"
0 87 115 227 239 1175 0 0 1 "Robbery"
0 82 115 226 239 1176 0 0 1 "Robbery"
0 76 115 225 239 1177 0 0 1 "Robbery"
0 71 115 224 239 1178 0 0 1 "Robbery"
0 66 115 223 239 1179 0 0 0 "Robbery"
0 64 113 219 239 1180 0 0 1 "Robbery"
0 62 112 215 239 1181 0 0 1 "Robbery"
0 60 111 212 239 1182 0 0 1 "Robbery"
0 58 110 208 239 1183 0 0 1 "Robbery"
0 56 109 205 239 1184 0 0 1 "Robbery"
0 54 108 201 239 1185 0 0 1 "Robbery"
0 53 107 198 239 1186 0 0 1 "Robbery"
0 51 106 194 239 1187 0 0 1 "Robbery"
0 49 105 190 239 1188 0 0 1 "Robbery"
0 47 104 187 239 1189 0 0 1 "Robbery"
0 45 103 183 239 1190 0 0 1 "Robbery"
0 43 102 180 239 1191 0 0 1 "Robbery"
0 41 101 176 239 1192 0 0 1 "Robbery"
0 40 100 173 239 1193 0 0 0 "Robbery"
0 40 101 173 238 1194 0 0 1 "Robbery"
0 41 103 173 238 1195 0 0 1 "Robbery"
0 42 104 174 238 1196 0 0 1 "Robbery"
0 42 106 174 238 1197 0 0 1 "Robbery"
0 43 107 174 238 1198 0 0 1 "Robbery"
0 44 109 175 238 1199 0 0 1 "Robbery"
0 44 110 175 238 1200 0 0 1 "Robbery"
0 45 112 175 238 1201 0 0 1 "Robbery"
0 46 114 176 238 1202 0 0 0 "Robbery"
0 47 114 176 238 1203 0 0 1 "Robbery"
0 48 114 177 238 1204 0 0 1 "Robbery"
0 49 114 178 238 1205 0 0 1 "Robbery"
0 51 114 179 238 1206 0 0 1 "Robbery"
0 52 114 179 238 1207 0 0 1 "Robbery"
0 53 114 180 238 1208 0 0 1 "Robbery"
0 54 114 181 238 1209 0 0 1 "Robbery"
0 56 114 182 239 1210 0 0 0 "Robbery"
0 59 116 185 239 1211 0 0 1 "Robbery"
0 63 118 189 239 1212 0 0 1 "Robbery"
0 67 120 192 239 1213 0 0 1 "Robbery"
0 70 122 196 239 1214 0 0 1 "Robbery"
0 74 124 199 239 1215 0 0 1 "Robbery"
0 78 127 203 239 1216 0 0 0 "Robbery"
0 82 127 208 239 1217 0 0 1 "Robbery"
0 86 128 214 239 1218 0 0 1 "Robbery"
0 91 129 219 239 1219 0 0 1 "Robbery"
0 95 130 225 239 1220 0 0 1 "Robbery"
0 100 131 230 239 1221 0 0 1 "Robbery"
0 104 132 236 239 1222 0 0 1 "Robbery"
0 109 133 241 239 1223 0 0 1 "Robbery"
0 113 133 247 239 1224 0 0 1 "Robbery"
0 117 134 252 239 1225 0 0 1 "Robbery"
0 122 135 258 239 1226 0 0 1 "Robbery"
0 126 136 263 239 1227 0 0 1 "Robbery"
0 131 137 269 239 1228 0 0 1 "Robbery"
0 135 138 274 239 1229 0 0 1 "Robbery"
0 140 139 280 239 1230 0 0 0 "Robbery"
0 143 142 277 239 1231 0 0 1 "Robbery"
0 146 146 275 239 1232 0 0 1 "Robbery"
0 149 149 272 239 1233 0 0 1 "Robbery"
0 153 153 270 239 1234 1 0 0 "Robbery"
0 151 152 271 238 1235 1 0 1 "Robbery"
0 149 152 273 238 1236 1 0 1 "Robbery"
0 148 151 275 238 1237 1 0 1 "Robbery"
0 146 151 277 238 1238 1 0 1 "Robbery"
0 145 150 278 238 1239 1 0 1 "Robbery"
0 143 150 280 238 1240 1 0 1 "Robbery"
0 141 149 282 238 1241 1 0 1 "Robbery"
0 140 149 284 238 1242 1 0 1 "Robbery"
0 138 148 286 238 1243 1 0 1 "Robbery"
0 137 148 287 238 1244 1 0 1 "Robbery"
0 135 147 289 238 1245 1 0 1 "Robbery"
0 133 147 291 238 1246 1 0 1 "Robbery"
0 132 146 293 238 1247 1 0 1 "Robbery"
0 130 146 294 238 1248 1 0 1 "Robbery"
0 129 145 296 238 1249 1 0 1 "Robbery"
0 127 145 298 238 1250 1 0 1 "Robbery"
0 125 144 300 238 1251 1 0 1 "Robbery"
0 124 144 302 238 1252 1 0 1 "Robbery"
0 122 143 303 238 1253 1 0 1 "Robbery"
0 121 143 305 238 1254 1 0 1 "Robbery"
0 119 142 307 238 1255 1 0 1 "Robbery"
0 117 142 309 238 1256 1 0 1 "Robbery"
0 116 141 310 238 1257 1 0 1 "Robbery"
0 114 141 312 238 1258 1 0 1 "Robbery"
0 113 140 314 238 1259 1 0 1 "Robbery"
0 111 140 316 238 1260 1 0 1 "Robbery"
0 110 140 318 238 1261 1 0 0 "Robbery"
0 111 138 318 237 1262 1 0 1 "Robbery"
0 112 137 318 236 1263 1 0 1 "Robbery"
0 114 136 318 236 1264 1 0 1 "Robbery"
0 115 135 318 235 1265 1 0 1 "Robbery"
0 116 134 318 234 1266 1 0 1 "Robbery"
0 118 133 318 234 1267 1 0 1 "Robbery"
0 119 132 318 233 1268 1 0 1 "Robbery"
0 121 131 318 233 1269 1 0 1 "Robbery"
0 122 130 318 232 1270 1 0 1 "Robbery"
0 123 129 318 231 1271 1 0 1 "Robbery"
0 125 128 318 231 1272 1 0 1 "Robbery"
0 126 127 318 230 1273 1 0 1 "Robbery"
0 128 126 318 229 1274 1 0 1 "Robbery"
0 129 125 318 229 1275 1 0 1 "Robbery"
0 130 124 318 228 1276 1 0 1 "Robbery"
0 132 123 318 228 1277 1 0 1 "Robbery"
0 133 122 318 227 1278 1 0 1 "Robbery"
0 134 121 318 226 1279 1 0 1 "Robbery"
0 136 120 318 226 1280 1 0 1 "Robbery"
0 137 119 318 225 1281 1 0 1 "Robbery"
0 139 117 318 224 1282 1 0 1 "Robbery"
0 140 116 318 224 1283 1 0 1 "Robbery"
0 141 115 318 223 1284 1 0 1 "Robbery"
0 143 114 318 223 1285 1 0 1 "Robbery"
0 144 113 318 222 1286 1 0 1 "Robbery"
0 146 112 318 221 1287 1 0 1 "Robbery"
0 147 111 318 221 1288 1 0 1 "Robbery"
0 148 110 318 220 1289 1 0 1 "Robbery"
0 150 109 318 219 1290 1 0 1 "Robbery"
0 151 108 318 219 1291 1 0 1 "Robbery"
0 153 107 318 218 1292 1 0 1 "Robbery"
0 154 106 318 218 1293 1 0 1 "Robbery"
0 155 105 318 217 1294 1 0 1 "Robbery"
0 157 104 318 216 1295 1 0 1 "Robbery"
0 158 103 318 216 1296 1 0 1 "Robbery"
0 159 102 318 215 1297 1 0 1 "Robbery"
0 161 101 318 214 1298 1 0 1 "Robbery"
0 162 100 318 214 1299 1 0 1 "Robbery"
0 164 99 318 213 1300 1 0 1 "Robbery"
0 165 98 318 213 1301 1 0 1 "Robbery"
0 166 96 318 212 1302 1 0 1 "Robbery"
0 168 95 318 211 1303 1 0 1 "Robbery"
0 169 94 318 211 1304 1 0 1 "Robbery"
0 171 93 318 210 1305 1 0 1 "Robbery"
0 172 92 318 209 1306 1 0 1 "Robbery"
0 173 91 318 209 1307 1 0 1 "Robbery"
0 175 90 318 208 1308 1 0 1 "Robbery"
0 176 89 318 208 1309 1 0 1 "Robbery"
0 177 88 318 207 1310 1 0 1 "Robbery"
0 179 87 318 206 1311 1 0 1 "Robbery"
0 180 86 318 206 1312 1 0 1 "Robbery"
0 182 85 318 205 1313 1 0 1 "Robbery"
0 183 84 318 204 1314 1 0 1 "Robbery"
0 184 83 318 204 1315 1 0 1 "Robbery"
0 186 82 318 203 1316 1 0 1 "Robbery"
0 187 81 318 203 1317 1 0 1 "Robbery"
0 189 80 318 202 1318 1 0 1 "Robbery"
0 190 79 318 201 1319 1 0 1 "Robbery"
0 191 78 318 201 1320 1 0 1 "Robbery"
0 193 77 318 200 1321 1 0 1 "Robbery"
0 194 75 318 199 1322 1 0 1 "Robbery"
0 196 74 318 199 1323 1 0 1 "Robbery"
0 197 73 318 198 1324 1 0 1 "Robbery"
0 198 72 318 198 1325 1 0 1 "Robbery"
0 200 71 318 197 1326 1 0 1 "Robbery"
0 201 70 318 196 1327 1 0 1 "Robbery"
0 202 69 318 196 1328 1 0 1 "Robbery"
0 204 68 318 195 1329 1 0 1 "Robbery"
0 205 67 318 194 1330 1 0 1 "Robbery"
0 207 66 318 194 1331 1 0 1 "Robbery"
0 208 65 318 193 1332 1 0 1 "Robbery"
0 209 64 318 193 1333 1 0 1 "Robbery"
0 211 63 318 192 1334 1 0 1 "Robbery"
0 212 62 318 191 1335 1 0 1 "Robbery"
0 214 61 318 191 1336 1 0 1 "Robbery"
0 215 60 318 190 1337 1 0 1 "Robbery"
0 216 59 318 189 1338 1 0 1 "Robbery"
0 218 58 318 189 1339 1 0 1 "Robbery"
0 219 57 318 188 1340 1 0 1 "Robbery"
0 221 56 319 188 1341 1 0 0 "Robbery"
