0 57 76 154 205 0 1 0 0 "Robbery"
0 57 76 154 205 1 1 0 1 "Robbery"
0 57 76 154 205 2 1 0 1 "Robbery"
0 57 76 154 205 3 1 0 1 "Robbery"
0 57 76 154 205 4 1 0 1 "Robbery"
0 57 76 154 205 5 1 0 1 "Robbery"
0 57 76 154 205 6 1 0 1 "Robbery"
0 57 76 154 205 7 1 0 1 "Robbery"
0 57 76 154 205 8 1 0 1 "Robbery"
0 57 76 154 205 9 1 0 1 "Robbery"
0 57 76 154 205 10 1 0 1 "Robbery"
0 57 76 154 205 11 1 0 1 "Robbery"
0 57 76 154 205 12 1 0 1 "Robbery"
0 57 76 154 205 13 1 0 1 "Robbery"
0 57 76 154 205 14 1 0 1 "Robbery"
0 57 76 154 205 15 1 0 1 "Robbery"
0 57 76 154 205 16 1 0 1 "Robbery"
0 57 76 154 205 17 1 0 1 "Robbery"
0 57 76 154 205 18 1 0 1 "Robbery"
0 57 76 154 205 19 1 0 1 "Robbery"
0 57 76 154 205 20 1 0 1 "Robbery"
0 57 76 154 205 21 1 0 1 "Robbery"
0 57 76 154 205 22 1 0 1 "Robbery"
0 57 76 154 205 23 1 0 1 "Robbery"
0 57 76 154 205 24 1 0 1 "Robbery"
0 57 76 154 205 25 1 0 1 "Robbery"
0 57 76 154 205 26 1 0 1 "Robbery"
0 57 76 154 205 27 1 0 1 "Robbery"
0 57 76 154 205 28 1 0 1 "Robbery"
0 57 76 154 205 29 1 0 1 "Robbery"
0 57 76 154 205 30 1 0 1 "Robbery"
0 57 76 154 205 31 1 0 1 "Robbery"
0 57 76 154 205 32 1 0 1 "Robbery"
0 57 76 154 205 33 1 0 1 "Robbery"
0 57 76 154 205 34 1 0 1 "Robbery"
0 57 76 154 205 35 1 0 1 "Robbery"
0 57 76 154 205 36 1 0 1 "Robbery"
0 57 76 154 205 37 1 0 1 "Robbery"
0 57 76 154 205 38 1 0 1 "Robbery"
0 57 76 154 205 39 1 0 1 "Robbery"
0 57 76 154 205 40 1 0 1 "Robbery"
0 57 76 154 205 41 1 0 1 "Robbery"
0 57 76 154 205 42 1 0 1 "Robbery"
0 57 76 154 205 43 1 0 1 "Robbery"
0 57 76 154 205 44 1 0 1 "Robbery"
0 57 76 154 205 45 1 0 1 "Robbery"
0 57 76 154 205 46 1 0 1 "Robbery"
0 57 76 154 205 47 1 0 1 "Robbery"
0 57 76 154 205 48 1 0 1 "Robbery"
0 57 76 154 205 49 1 0 1 "Robbery"
0 57 76 154 205 50 1 0 1 "Robbery"
0 57 76 154 205 51 1 0 1 "Robbery"
0 57 76 154 205 52 1 0 1 "Robbery"
0 57 76 154 205 53 1 0 1 "Robbery"
0 57 76 154 205 54 1 0 1 "Robbery"
0 57 76 154 205 55 1 0 1 "Robbery"
0 57 76 154 205 56 1 0 1 "Robbery"
0 57 76 154 205 57 1 0 1 "Robbery"
0 57 76 154 205 58 1 0 1 "Robbery"
0 57 76 154 205 59 1 0 1 "Robbery"
0 57 76 154 205 60 1 0 1 "Robbery"
0 57 76 154 205 61 1 0 1 "Robbery"
0 57 76 154 205 62 1 0 1 "Robbery"
0 57 76 154 205 63 1 0 1 "Robbery"
0 57 76 154 205 64 1 0 1 "Robbery"
0 57 76 154 205 65 1 0 1 "Robbery"
0 57 76 154 205 66 1 0 1 "Robbery"
0 57 76 154 205 67 1 0 1 "Robbery"
0 57 76 154 205 68 1 0 1 "Robbery"
0 57 76 154 205 69 1 0 1 "Robbery"
0 57 76 154 205 70 1 0 1 "Robbery"
0 57 76 154 205 71 1 0 1 "Robbery"
0 57 76 154 205 72 1 0 1 "Robbery"
0 57 76 154 205 73 1 0 1 "Robbery"
0 57 76 154 205 74 1 0 1 "Robbery"
0 57 76 154 205 75 1 0 1 "Robbery"
0 57 76 154 205 76 1 0 1 "Robbery"
0 57 76 154 205 77 1 0 1 "Robbery"
0 57 76 154 205 78 1 0 1 "Robbery"
0 57 76 154 205 79 1 0 1 "Robbery"
0 57 76 154 205 80 1 0 1 "Robbery"
0 57 76 154 205 81 1 0 1 "Robbery"
0 57 76 154 205 82 1 0 1 "Robbery"
0 57 76 154 205 83 1 0 1 "Robbery"
0 57 76 154 205 84 1 0 1 "Robbery"
0 57 76 154 205 85 1 0 1 "Robbery"
0 57 76 154 205 86 1 0 1 "Robbery"
0 57 76 154 205 87 1 0 1 "Robbery"
0 57 76 154 205 88 1 0 1 "Robbery"
0 57 76 154 205 89 1 0 1 "Robbery"
0 57 76 154 205 90 1 0 1 "Robbery"
0 57 76 154 205 91 1 0 1 "Robbery"
0 57 76 154 205 92 1 0 1 "Robbery"
0 57 76 154 205 93 1 0 1 "Robbery"
0 57 76 154 205 94 1 0 1 "Robbery"
0 57 76 154 205 95 1 0 1 "Robbery"
0 57 76 154 205 96 1 0 1 "Robbery"
0 57 76 154 205 97 1 0 1 "Robbery"
0 57 76 154 205 98 1 0 1 "Robbery"
0 57 76 154 205 99 1 0 1 "Robbery"
0 57 76 154 205 100 1 0 1 "Robbery"
0 57 76 154 205 101 1 0 1 "Robbery"
0 57 76 154 205 102 1 0 1 "Robbery"
0 57 76 154 205 103 1 0 1 "Robbery"
0 57 76 154 205 104 1 0 1 "Robbery"
0 57 76 154 205 105 1 0 1 "Robbery"
0 57 76 154 205 106 1 0 1 "Robbery"
0 57 76 154 205 107 1 0 1 "Robbery"
0 57 76 154 205 108 1 0 1 "Robbery"
0 57 76 154 205 109 1 0 1 "Robbery"
0 57 76 154 205 110 1 0 1 "Robbery"
0 57 76 154 205 111 1 0 1 "Robbery"
0 57 76 154 205 112 1 0 1 "Robbery"
0 57 76 154 205 113 1 0 1 "Robbery"
0 57 76 154 205 114 1 0 1 "Robbery"
0 57 76 154 205 115 1 0 1 "Robbery"
0 57 76 154 205 116 1 0 1 "Robbery"
0 57 76 154 205 117 1 0 1 "Robbery"
0 57 76 154 205 118 1 0 1 "Robbery"
0 57 76 154 205 119 1 0 1 "Robbery"
0 57 76 154 205 120 1 0 1 "Robbery"
0 57 76 154 205 121 1 0 1 "Robbery"
0 57 76 154 205 122 1 0 1 "Robbery"
0 57 76 154 205 123 1 0 1 "Robbery"
0 57 76 154 205 124 1 0 1 "Robbery"
0 57 76 154 205 125 1 0 1 "Robbery"
0 57 76 154 205 126 1 0 1 "Robbery"
0 57 76 154 205 127 1 0 1 "Robbery"
0 57 76 154 205 128 1 0 1 "Robbery"
0 57 76 154 205 129 1 0 1 "Robbery"
0 57 76 154 205 130 1 0 1 "Robbery"
0 57 76 154 205 131 1 0 1 "Robbery"
0 57 76 154 205 132 1 0 1 "Robbery"
0 57 76 154 205 133 1 0 1 "Robbery"
0 57 76 154 205 134 1 0 1 "Robbery"
0 57 76 154 205 135 1 0 1 "Robbery"
0 57 76 154 205 136 1 0 1 "Robbery"
0 57 76 154 205 137 1 0 1 "Robbery"
0 57 76 154 205 138 1 0 1 "Robbery"
0 57 76 154 205 139 1 0 1 "Robbery"
0 57 76 154 205 140 1 0 1 "Robbery"
0 57 76 154 205 141 1 0 1 "Robbery"
0 57 76 154 205 142 1 0 1 "Robbery"
0 57 76 154 205 143 1 0 1 "Robbery"
0 57 76 154 205 144 1 0 1 "Robbery"
0 57 76 154 205 145 1 0 1 "Robbery"
0 57 76 154 205 146 1 0 1 "Robbery"
0 57 76 154 205 147 1 0 1 "Robbery"
0 57 76 154 205 148 1 0 1 "Robbery"
0 57 76 154 205 149 1 0 1 "Robbery"
0 57 76 154 205 150 1 0 1 "Robbery"
0 57 76 154 205 151 1 0 1 "Robbery"
0 57 76 154 205 152 1 0 1 "Robbery"
0 57 76 154 205 153 1 0 1 "Robbery"
0 57 76 154 205 154 1 0 1 "Robbery"
0 57 76 154 205 155 1 0 1 "Robbery"
0 57 76 154 205 156 1 0 1 "Robbery"
0 57 76 154 205 157 1 0 1 "Robbery"
0 57 76 154 205 158 1 0 1 "Robbery"
0 57 76 154 205 159 1 0 1 "Robbery"
0 57 76 154 205 160 1 0 1 "Robbery"
0 57 76 154 205 161 1 0 1 "Robbery"
0 57 76 154 205 162 1 0 1 "Robbery"
0 57 76 154 205 163 1 0 1 "Robbery"
0 57 76 154 205 164 1 0 1 "Robbery"
0 57 76 154 205 165 1 0 1 "Robbery"
0 57 76 154 205 166 1 0 1 "Robbery"
0 57 76 154 205 167 1 0 1 "Robbery"
0 57 76 154 205 168 1 0 1 "Robbery"
0 57 76 154 205 169 1 0 1 "Robbery"
0 57 76 154 205 170 1 0 1 "Robbery"
0 57 76 154 205 171 1 0 1 "Robbery"
0 57 76 154 205 172 1 0 1 "Robbery"
0 57 76 154 205 173 1 0 1 "Robbery"
0 57 76 154 205 174 1 0 1 "Robbery"
0 57 76 154 205 175 1 0 1 "Robbery"
0 57 76 154 205 176 1 0 1 "Robbery"
0 57 76 154 205 177 1 0 1 "Robbery"
0 57 76 154 205 178 1 0 1 "Robbery"
0 57 76 154 205 179 1 0 1 "Robbery"
0 57 76 154 205 180 1 0 1 "Robbery"
0 57 76 154 205 181 1 0 1 "Robbery"
0 57 76 154 205 182 1 0 1 "Robbery"
0 57 76 154 205 183 1 0 1 "Robbery"
0 57 76 154 205 184 1 0 1 "Robbery"
0 57 76 154 205 185 1 0 1 "Robbery"
0 57 76 154 205 186 1 0 1 "Robbery"
0 57 76 154 205 187 1 0 1 "Robbery"
0 57 76 154 205 188 1 0 1 "Robbery"
0 57 76 154 205 189 1 0 1 "Robbery"
0 57 76 154 205 190 1 0 1 "Robbery"
0 57 76 154 205 191 1 0 1 "Robbery"
0 57 76 154 205 192 1 0 1 "Robbery"
0 57 76 154 205 193 1 0 1 "Robbery"
0 57 76 154 205 194 1 0 1 "Robbery"
0 57 76 154 205 195 1 0 1 "Robbery"
0 57 76 154 205 196 1 0 1 "Robbery"
0 57 76 154 205 197 1 0 1 "Robbery"
0 57 76 154 205 198 1 0 1 "Robbery"
0 57 76 154 205 199 1 0 1 "Robbery"
0 57 76 154 205 200 1 0 1 "Robbery"
0 57 76 154 205 201 1 0 1 "Robbery"
0 57 76 154 205 202 1 0 1 "Robbery"
0 57 76 154 205 203 1 0 1 "Robbery"
0 57 76 154 205 204 1 0 1 "Robbery"
0 57 76 154 205 205 1 0 1 "Robbery"
0 57 76 154 205 206 1 0 1 "Robbery"
0 57 76 154 205 207 1 0 1 "Robbery"
0 57 76 154 205 208 1 0 1 "Robbery"
0 57 76 154 205 209 1 0 1 "Robbery"
0 57 76 154 205 210 1 0 1 "Robbery"
0 57 76 154 205 211 1 0 1 "Robbery"
0 57 76 154 205 212 1 0 1 "Robbery"
0 57 76 154 205 213 1 0 1 "Robbery"
0 57 76 154 205 214 1 0 1 "Robbery"
0 57 76 154 205 215 1 0 1 "Robbery"
0 57 76 154 205 216 1 0 1 "Robbery"
0 57 76 154 205 217 1 0 1 "Robbery"
0 57 76 154 205 218 1 0 1 "Robbery"
0 57 76 154 205 219 1 0 1 "Robbery"
0 57 76 154 205 220 1 0 1 "Robbery"
0 57 76 154 205 221 1 0 1 "Robbery"
0 57 76 154 205 222 1 0 1 "Robbery"
0 57 76 154 205 223 1 0 1 "Robbery"
0 57 76 154 205 224 1 0 1 "Robbery"
0 57 76 154 205 225 1 0 1 "Robbery"
0 57 76 154 205 226 1 0 1 "Robbery"
0 57 76 154 205 227 1 0 1 "Robbery"
0 57 76 154 205 228 1 0 1 "Robbery"
0 57 76 154 205 229 1 0 1 "Robbery"
0 57 76 154 205 230 1 0 1 "Robbery"
0 57 76 154 205 231 1 0 1 "Robbery"
0 57 76 154 205 232 1 0 1 "Robbery"
0 57 76 154 205 233 1 0 1 "Robbery"
0 57 76 154 205 234 1 0 1 "Robbery"
0 57 76 154 205 235 1 0 1 "Robbery"
0 57 76 154 205 236 1 0 1 "Robbery"
0 57 76 154 205 237 1 0 1 "Robbery"
0 57 76 154 205 238 1 0 1 "Robbery"
0 57 76 154 205 239 1 0 1 "Robbery"
0 57 76 154 205 240 1 0 1 "Robbery"
0 57 76 154 205 241 1 0 1 "Robbery"
0 57 76 154 205 242 1 0 1 "Robbery"
0 57 76 154 205 243 1 0 1 "Robbery"
0 57 76 154 205 244 1 0 1 "Robbery"
0 57 76 154 205 245 1 0 1 "Robbery"
0 57 76 154 205 246 1 0 1 "Robbery"
0 57 76 154 205 247 1 0 1 "Robbery"
0 57 76 154 205 248 1 0 1 "Robbery"
0 57 76 154 205 249 1 0 1 "Robbery"
0 57 76 154 205 250 1 0 1 "Robbery"
0 57 76 154 205 251 1 0 1 "Robbery"
0 57 76 154 205 252 1 0 1 "Robbery"
0 57 76 154 205 253 1 0 1 "Robbery"
0 57 76 154 205 254 1 0 1 "Robbery"
0 57 76 154 205 255 1 0 1 "Robbery"
0 57 76 154 205 256 1 0 1 "Robbery"
0 57 76 154 205 257 1 0 1 "Robbery"
0 57 76 154 205 258 1 0 1 "Robbery"
0 57 76 154 205 259 1 0 1 "Robbery"
0 57 76 154 205 260 1 0 1 "Robbery"
0 57 76 154 205 261 1 0 1 "Robbery"
0 57 76 154 205 262 1 0 1 "Robbery"
0 57 76 154 205 263 1 0 1 "Robbery"
0 57 76 154 205 264 1 0 1 "Robbery"
0 57 76 154 205 265 1 0 1 "Robbery"
0 57 76 154 205 266 1 0 1 "Robbery"
0 57 76 154 205 267 1 0 1 "Robbery"
0 57 76 154 205 268 1 0 1 "Robbery"
0 57 76 154 205 269 1 0 1 "Robbery"
0 57 76 154 205 270 1 0 1 "Robbery"
0 57 76 154 205 271 1 0 1 "Robbery"
0 57 76 154 205 272 1 0 1 "Robbery"
0 57 76 154 205 273 1 0 1 "Robbery"
0 57 76 154 205 274 1 0 1 "Robbery"
0 57 76 154 205 275 1 0 1 "Robbery"
0 57 76 154 205 276 1 0 1 "Robbery"
0 57 76 154 205 277 1 0 1 "Robbery"
0 57 76 154 205 278 1 0 1 "Robbery"
0 57 76 154 205 279 1 0 1 "Robbery"
0 57 76 154 205 280 1 0 1 "Robbery"
0 57 76 154 205 281 1 0 1 "Robbery"
0 57 76 154 205 282 1 0 1 "Robbery"
0 57 76 154 205 283 1 0 1 "Robbery"
0 57 76 154 205 284 1 0 1 "Robbery"
0 57 76 154 205 285 1 0 1 "Robbery"
0 57 76 154 205 286 1 0 1 "Robbery"
0 57 76 154 205 287 1 0 1 "Robbery"
0 57 76 154 205 288 1 0 1 "Robbery"
0 57 76 154 205 289 1 0 1 "Robbery"
0 57 76 154 205 290 1 0 1 "Robbery"
0 57 76 154 205 291 1 0 1 "Robbery"
0 57 76 154 205 292 1 0 1 "Robbery"
0 57 76 154 205 293 1 0 1 "Robbery"
0 57 76 154 205 294 1 0 1 "Robbery"
0 57 76 154 205 295 1 0 1 "Robbery"
0 57 76 154 205 296 1 0 1 "Robbery"
0 57 76 154 205 297 1 0 1 "Robbery"
0 57 76 154 205 298 1 0 1 "Robbery"
0 57 76 154 205 299 1 0 1 "Robbery"
0 57 76 154 205 300 1 0 1 "Robbery"
0 57 76 154 205 301 1 0 1 "Robbery"
0 57 76 154 205 302 1 0 1 "Robbery"
0 57 76 154 205 303 1 0 1 "Robbery"
0 57 76 154 205 304 1 0 1 "Robbery"
0 57 76 154 205 305 1 0 1 "Robbery"
0 57 76 154 205 306 1 0 1 "Robbery"
0 57 76 154 205 307 1 0 1 "Robbery"
0 57 76 154 205 308 1 0 1 "Robbery"
0 57 76 154 205 309 1 0 1 "Robbery"
0 57 76 154 205 310 1 0 1 "Robbery"
0 57 76 154 205 311 1 0 1 "Robbery"
0 57 76 154 205 312 1 0 1 "Robbery"
0 57 76 154 205 313 1 0 1 "Robbery"
0 57 76 154 205 314 1 0 1 "Robbery"
0 57 76 154 205 315 1 0 1 "Robbery"
0 57 76 154 205 316 1 0 1 "Robbery"
0 57 76 154 205 317 1 0 1 "Robbery"
0 57 76 154 205 318 1 0 1 "Robbery"
0 57 76 154 205 319 1 0 1 "Robbery"
0 57 76 154 205 320 1 0 1 "Robbery"
0 57 76 154 205 321 1 0 1 "Robbery"
0 57 76 154 205 322 1 0 1 "Robbery"
0 57 76 154 205 323 1 0 1 "Robbery"
0 57 76 154 205 324 1 0 1 "Robbery"
0 57 76 154 205 325 1 0 1 "Robbery"
0 57 76 154 205 326 1 0 1 "Robbery"
0 57 76 154 205 327 1 0 1 "Robbery"
0 57 76 154 205 328 1 0 1 "Robbery"
0 57 76 154 205 329 1 0 1 "Robbery"
0 57 76 154 205 330 1 0 1 "Robbery"
0 57 76 154 205 331 1 0 1 "Robbery"
0 57 76 154 205 332 1 0 1 "Robbery"
0 57 76 154 205 333 1 0 1 "Robbery"
0 57 76 154 205 334 1 0 1 "Robbery"
0 57 76 154 205 335 1 0 1 "Robbery"
0 57 76 154 205 336 1 0 1 "Robbery"
0 57 76 154 205 337 1 0 1 "Robbery"
0 57 76 154 205 338 1 0 1 "Robbery"
0 57 76 154 205 339 1 0 1 "Robbery"
0 57 76 154 205 340 1 0 1 "Robbery"
0 57 76 154 205 341 1 0 1 "Robbery"
0 57 76 154 205 342 1 0 1 "Robbery"
0 57 76 154 205 343 1 0 1 "Robbery"
0 57 76 154 205 344 1 0 1 "Robbery"
0 57 76 154 205 345 1 0 1 "Robbery"
0 57 76 154 205 346 1 0 1 "Robbery"
0 57 76 154 205 347 1 0 1 "Robbery"
0 57 76 154 205 348 1 0 1 "Robbery"
0 57 76 154 205 349 1 0 1 "Robbery"
0 57 76 154 205 350 1 0 1 "Robbery"
0 57 76 154 205 351 1 0 1 "Robbery"
0 57 76 154 205 352 1 0 1 "Robbery"
0 57 76 154 205 353 1 0 1 "Robbery"
0 57 76 154 205 354 1 0 1 "Robbery"
0 57 76 154 205 355 1 0 1 "Robbery"
0 57 76 154 205 356 1 0 1 "Robbery"
0 57 76 154 205 357 1 0 1 "Robbery"
0 57 76 154 205 358 1 0 1 "Robbery"
0 57 76 154 205 359 1 0 1 "Robbery"
0 57 76 154 205 360 1 0 1 "Robbery"
0 57 76 154 205 361 1 0 1 "Robbery"
0 57 76 154 205 362 1 0 1 "Robbery"
0 57 76 154 205 363 1 0 1 "Robbery"
0 57 76 154 205 364 1 0 1 "Robbery"
0 57 76 154 205 365 1 0 1 "Robbery"
0 57 76 154 205 366 1 0 1 "Robbery"
0 57 76 154 205 367 1 0 1 "Robbery"
0 57 76 154 205 368 1 0 1 "Robbery"
0 57 76 154 205 369 1 0 1 "Robbery"
0 57 76 154 205 370 1 0 1 "Robbery"
0 57 76 154 205 371 1 0 1 "Robbery"
0 57 76 154 205 372 1 0 1 "Robbery"
0 57 76 154 205 373 1 0 1 "Robbery"
0 57 76 154 205 374 1 0 1 "Robbery"
0 57 76 154 205 375 1 0 1 "Robbery"
0 57 76 154 205 376 1 0 1 "Robbery"
0 57 76 154 205 377 1 0 1 "Robbery"
0 57 76 154 205 378 1 0 1 "Robbery"
0 57 76 154 205 379 1 0 1 "Robbery"
0 57 76 154 205 380 1 0 1 "Robbery"
0 57 76 154 205 381 1 0 1 "Robbery"
0 57 76 154 205 382 1 0 1 "Robbery"
0 57 76 154 205 383 1 0 1 "Robbery"
0 57 76 154 205 384 1 0 1 "Robbery"
0 57 76 154 205 385 1 0 1 "Robbery"
0 57 76 154 205 386 1 0 1 "Robbery"
0 57 76 154 205 387 1 0 1 "Robbery"
0 57 76 154 205 388 1 0 1 "Robbery"
0 57 76 154 205 389 1 0 1 "Robbery"
0 57 76 154 205 390 1 0 1 "Robbery"
0 57 76 154 205 391 1 0 1 "Robbery"
0 57 76 154 205 392 1 0 1 "Robbery"
0 57 76 154 205 393 1 0 1 "Robbery"
0 57 76 154 205 394 1 0 1 "Robbery"
0 57 76 154 205 395 1 0 1 "Robbery"
0 57 76 154 205 396 1 0 1 "Robbery"
0 57 76 154 205 397 1 0 1 "Robbery"
0 57 76 154 205 398 1 0 1 "Robbery"
0 57 76 154 205 399 1 0 1 "Robbery"
0 57 76 154 205 400 1 0 1 "Robbery"
0 57 76 154 205 401 1 0 1 "Robbery"
0 57 76 154 205 402 1 0 1 "Robbery"
0 57 76 154 205 403 1 0 1 "Robbery"
0 57 76 154 205 404 1 0 1 "Robbery"
0 57 76 154 205 405 1 0 1 "Robbery"
0 57 76 154 205 406 1 0 1 "Robbery"
0 57 76 154 205 407 1 0 1 "Robbery"
0 57 76 154 205 408 1 0 1 "Robbery"
0 57 76 154 205 409 1 0 1 "Robbery"
0 57 76 154 205 410 1 0 1 "Robbery"
0 57 76 154 205 411 1 0 1 "Robbery"
0 57 76 154 205 412 1 0 1 "Robbery"
0 57 76 154 205 413 1 0 1 "Robbery"
0 57 76 154 205 414 1 0 1 "Robbery"
0 57 76 154 205 415 1 0 1 "Robbery"
0 57 76 154 205 416 1 0 1 "Robbery"
0 57 76 154 205 417 1 0 1 "Robbery"
0 57 76 154 205 418 1 0 1 "Robbery"
0 57 76 154 205 419 1 0 1 "Robbery"
0 57 76 154 205 420 1 0 1 "Robbery"
0 57 76 154 205 421 1 0 1 "Robbery"
0 57 76 154 205 422 1 0 1 "Robbery"
0 57 76 154 205 423 1 0 1 "Robbery"
0 57 76 154 205 424 1 0 1 "Robbery"
0 57 76 154 205 425 1 0 1 "Robbery"
0 57 76 154 205 426 1 0 1 "Robbery"
0 57 76 154 205 427 1 0 1 "Robbery"
0 57 76 154 205 428 1 0 1 "Robbery"
0 57 76 154 205 429 1 0 1 "Robbery"
0 57 76 154 205 430 1 0 1 "Robbery"
0 57 76 154 205 431 1 0 1 "Robbery"
0 57 76 154 205 432 1 0 1 "Robbery"
0 57 76 154 205 433 1 0 1 "Robbery"
0 57 76 154 205 434 1 0 1 "Robbery"
0 57 76 154 205 435 1 0 1 "Robbery"
0 57 76 154 205 436 1 0 1 "Robbery"
0 57 76 154 205 437 1 0 1 "Robbery"
0 57 76 154 205 438 1 0 1 "Robbery"
0 57 76 154 205 439 1 0 1 "Robbery"
0 57 76 154 205 440 1 0 1 "Robbery"
0 57 76 154 205 441 1 0 1 "Robbery"
0 57 76 154 205 442 1 0 1 "Robbery"
0 57 76 154 205 443 1 0 1 "Robbery"
0 57 76 154 205 444 1 0 1 "Robbery"
0 57 76 154 205 445 1 0 1 "Robbery"
0 57 76 154 205 446 1 0 1 "Robbery"
0 57 76 154 205 447 1 0 1 "Robbery"
0 57 76 154 205 448 1 0 1 "Robbery"
0 57 76 154 205 449 1 0 1 "Robbery"
0 57 76 154 205 450 1 0 1 "Robbery"
0 57 76 154 205 451 1 0 1 "Robbery"
0 57 76 154 205 452 1 0 1 "Robbery"
0 57 76 154 205 453 1 0 1 "Robbery"
0 57 76 154 205 454 1 0 1 "Robbery"
0 57 76 154 205 455 1 0 1 "Robbery"
0 57 76 154 205 456 1 0 1 "Robbery"
0 57 76 154 205 457 1 0 1 "Robbery"
0 57 76 154 205 458 1 0 1 "Robbery"
0 57 76 154 205 459 1 0 1 "Robbery"
0 57 76 154 205 460 1 0 1 "Robbery"
0 57 76 154 205 461 1 0 1 "Robbery"
0 57 76 154 205 462 1 0 1 "Robbery"
0 57 76 154 205 463 1 0 1 "Robbery"
0 57 76 154 205 464 1 0 1 "Robbery"
0 57 76 154 205 465 1 0 1 "Robbery"
0 57 76 154 205 466 1 0 1 "Robbery"
0 57 76 154 205 467 1 0 1 "Robbery"
0 57 76 154 205 468 1 0 1 "Robbery"
0 57 76 154 205 469 1 0 1 "Robbery"
0 57 76 154 205 470 1 0 1 "Robbery"
0 57 76 154 205 471 1 0 1 "Robbery"
0 57 76 154 205 472 1 0 1 "Robbery"
0 57 76 154 205 473 1 0 1 "Robbery"
0 57 76 154 205 474 1 0 1 "Robbery"
0 57 76 154 205 475 1 0 1 "Robbery"
0 57 76 154 205 476 1 0 1 "Robbery"
0 57 76 154 205 477 1 0 1 "Robbery"
0 57 76 154 205 478 1 0 1 "Robbery"
0 57 76 154 205 479 1 0 1 "Robbery"
0 57 76 154 205 480 1 0 1 "Robbery"
0 57 76 154 205 481 1 0 1 "Robbery"
0 57 76 154 205 482 1 0 1 "Robbery"
0 57 76 154 205 483 1 0 1 "Robbery"
0 57 76 154 205 484 1 0 1 "Robbery"
0 57 76 154 205 485 1 0 1 "Robbery"
0 57 76 154 205 486 1 0 1 "Robbery"
0 57 76 154 205 487 1 0 1 "Robbery"
0 57 76 154 205 488 1 0 1 "Robbery"
0 57 76 154 205 489 1 0 1 "Robbery"
0 57 76 154 205 490 1 0 1 "Robbery"
0 57 76 154 205 491 1 0 1 "Robbery"
0 57 76 154 205 492 1 0 1 "Robbery"
0 57 76 154 205 493 1 0 1 "Robbery"
0 57 76 154 205 494 1 0 1 "Robbery"
0 57 76 154 205 495 1 0 1 "Robbery"
0 57 76 154 205 496 1 0 1 "Robbery"
0 57 76 154 205 497 1 0 1 "Robbery"
0 57 76 154 205 498 1 0 1 "Robbery"
0 57 76 154 205 499 1 0 1 "Robbery"
0 57 76 154 205 500 1 0 1 "Robbery"
0 57 76 154 205 501 1 0 1 "Robbery"
0 57 76 154 205 502 1 0 1 "Robbery"
0 57 76 154 205 503 1 0 1 "Robbery"
0 57 76 154 205 504 1 0 1 "Robbery"
0 57 76 154 205 505 1 0 1 "Robbery"
0 57 76 154 205 506 1 0 1 "Robbery"
0 57 76 154 205 507 1 0 1 "Robbery"
0 57 76 154 205 508 1 0 1 "Robbery"
0 57 76 154 205 509 1 0 1 "Robbery"
0 57 76 154 205 510 1 0 1 "Robbery"
0 57 76 154 205 511 1 0 1 "Robbery"
0 57 76 154 205 512 1 0 1 "Robbery"
0 57 76 154 205 513 1 0 1 "Robbery"
0 57 76 154 205 514 1 0 1 "Robbery"
0 57 76 154 205 515 1 0 1 "Robbery"
0 57 76 154 205 516 1 0 1 "Robbery"
0 57 76 154 205 517 1 0 1 "Robbery"
0 57 76 154 205 518 1 0 1 "Robbery"
0 57 76 154 205 519 1 0 1 "Robbery"
0 57 76 154 205 520 1 0 1 "Robbery"
0 57 76 154 205 521 1 0 1 "Robbery"
0 57 76 154 205 522 1 0 1 "Robbery"
0 57 76 154 205 523 1 0 1 "Robbery"
0 57 76 154 205 524 1 0 1 "Robbery"
0 57 76 154 205 525 1 0 1 "Robbery"
0 57 76 154 205 526 1 0 1 "Robbery"
0 57 76 154 205 527 1 0 1 "Robbery"
0 57 76 154 205 528 1 0 1 "Robbery"
0 57 76 154 205 529 1 0 1 "Robbery"
0 57 76 154 205 530 1 0 1 "Robbery"
0 57 76 154 205 531 1 0 1 "Robbery"
0 57 76 154 205 532 1 0 1 "Robbery"
0 57 76 154 205 533 1 0 1 "Robbery"
0 57 76 154 205 534 1 0 1 "Robbery"
0 57 76 154 205 535 1 0 1 "Robbery"
0 57 76 154 205 536 1 0 1 "Robbery"
0 57 76 154 205 537 1 0 1 "Robbery"
0 57 76 154 205 538 1 0 1 "Robbery"
0 57 76 154 205 539 1 0 1 "Robbery"
0 57 76 154 205 540 1 0 1 "Robbery"
0 57 76 154 205 541 1 0 1 "Robbery"
0 57 76 154 205 542 1 0 1 "Robbery"
0 57 76 154 205 543 1 0 1 "Robbery"
0 57 76 154 205 544 1 0 1 "Robbery"
0 57 76 154 205 545 1 0 1 "Robbery"
0 57 76 154 205 546 1 0 1 "Robbery"
0 57 76 154 205 547 1 0 1 "Robbery"
0 57 76 154 205 548 1 0 1 "Robbery"
0 57 76 154 205 549 1 0 1 "Robbery"
0 57 76 154 205 550 1 0 1 "Robbery"
0 57 76 154 205 551 1 0 1 "Robbery"
0 57 76 154 205 552 1 0 1 "Robbery"
0 57 76 154 205 553 1 0 1 "Robbery"
0 57 76 154 205 554 1 0 1 "Robbery"
0 57 76 154 205 555 1 0 1 "Robbery"
0 57 76 154 205 556 1 0 1 "Robbery"
0 57 76 154 205 557 1 0 1 "Robbery"
0 57 76 154 205 558 1 0 1 "Robbery"
0 57 76 154 205 559 1 0 1 "Robbery"
0 57 76 154 205 560 1 0 1 "Robbery"
0 57 76 154 205 561 1 0 1 "Robbery"
0 57 76 154 205 562 1 0 1 "Robbery"
0 57 76 154 205 563 1 0 1 "Robbery"
0 57 76 154 205 564 1 0 1 "Robbery"
0 57 76 154 205 565 1 0 1 "Robbery"
0 57 76 154 205 566 1 0 1 "Robbery"
0 57 76 154 205 567 1 0 1 "Robbery"
0 57 76 154 205 568 1 0 1 "Robbery"
0 57 76 154 205 569 1 0 1 "Robbery"
0 57 76 154 205 570 1 0 1 "Robbery"
0 57 76 154 205 571 1 0 1 "Robbery"
0 57 76 154 205 572 1 0 1 "Robbery"
0 57 76 154 205 573 1 0 1 "Robbery"
0 57 76 154 205 574 1 0 1 "Robbery"
0 57 76 154 205 575 1 0 1 "Robbery"
0 57 76 154 205 576 1 0 1 "Robbery"
0 57 76 154 205 577 1 0 1 "Robbery"
0 57 76 154 205 578 1 0 1 "Robbery"
0 57 76 154 205 579 1 0 1 "Robbery"
0 57 76 154 205 580 1 0 1 "Robbery"
0 57 76 154 205 581 1 0 1 "Robbery"
0 57 76 154 205 582 1 0 1 "Robbery"
0 57 76 154 205 583 1 0 1 "Robbery"
0 57 76 154 205 584 1 0 1 "Robbery"
0 57 76 154 205 585 1 0 1 "Robbery"
0 57 76 154 205 586 1 0 1 "Robbery"
0 57 76 154 205 587 1 0 1 "Robbery"
0 57 76 154 205 588 1 0 1 "Robbery"
0 57 76 154 205 589 0 0 0 "Robbery"
0 57 76 153 204 590 0 0 1 "Robbery"
0 57 76 153 204 591 0 0 1 "Robbery"
0 57 76 152 204 592 0 0 1 "Robbery"
0 57 76 152 204 593 0 0 1 "Robbery"
0 57 76 152 204 594 0 0 1 "Robbery"
0 57 76 151 204 595 0 0 1 "Robbery"
0 57 76 151 204 596 0 0 1 "Robbery"
0 57 76 150 204 597 0 0 1 "Robbery"
0 57 76 150 204 598 0 0 1 "Robbery"
0 57 76 150 204 599 0 0 1 "Robbery"
0 57 76 149 204 600 0 0 1 "Robbery"
0 57 76 149 204 601 0 0 1 "Robbery"
0 57 76 148 204 602 0 0 1 "Robbery"
0 57 76 148 204 603 0 0 1 "Robbery"
0 57 76 148 204 604 0 0 0 "Robbery"
0 57 76 148 204 605 0 0 1 "Robbery"
0 58 76 149 204 606 0 0 1 "Robbery"
0 58 76 149 204 607 0 0 1 "Robbery"
0 59 76 150 204 608 0 0 1 "Robbery"
0 59 76 150 204 609 0 0 1 "Robbery"
0 60 76 151 204 610 0 0 1 "Robbery"
0 60 76 151 204 611 0 0 1 "Robbery"
0 61 76 152 204 612 0 0 1 "Robbery"
0 61 76 152 204 613 0 0 1 "Robbery"
0 62 76 153 204 614 0 0 1 "Robbery"
0 62 76 153 204 615 0 0 1 "Robbery"
0 63 76 154 204 616 0 0 1 "Robbery"
0 63 76 154 204 617 0 0 1 "Robbery"
0 64 76 155 204 618 0 0 1 "Robbery"
0 64 76 155 204 619 0 0 1 "Robbery"
0 65 76 156 204 620 0 0 1 "Robbery"
0 65 76 156 204 621 0 0 1 "Robbery"
0 66 76 157 204 622 0 0 1 "Robbery"
0 66 76 157 204 623 0 0 1 "Robbery"
0 67 76 158 204 624 0 0 0 "Robbery"
0 66 76 157 204 625 0 0 1 "Robbery"
0 66 76 157 204 626 0 0 1 "Robbery"
0 65 76 156 204 627 0 0 1 "Robbery"
0 65 76 156 204 628 0 0 1 "Robbery"
0 64 76 155 204 629 0 0 1 "Robbery"
0 64 76 155 204 630 0 0 1 "Robbery"
0 63 76 154 204 631 0 0 1 "Robbery"
0 63 76 154 204 632 0 0 1 "Robbery"
0 62 76 153 204 633 0 0 1 "Robbery"
0 62 76 153 204 634 0 0 1 "Robbery"
0 62 76 153 204 635 0 0 1 "Robbery"
0 61 76 152 204 636 0 0 1 "Robbery"
0 61 76 152 204 637 0 0 1 "Robbery"
0 60 76 151 204 638 0 0 1 "Robbery"
0 60 76 151 204 639 0 0 1 "Robbery"
0 59 76 150 204 640 0 0 1 "Robbery"
0 59 76 150 204 641 0 0 1 "Robbery"
0 58 76 149 204 642 0 0 1 "Robbery"
0 58 76 149 204 643 0 0 1 "Robbery"
0 58 76 149 204 644 0 0 0 "Robbery"
0 58 76 148 204 645 0 0 1 "Robbery"
0 58 76 148 204 646 0 0 1 "Robbery"
0 58 76 148 204 647 0 0 1 "Robbery"
0 58 77 148 204 648 0 0 1 "Robbery"
0 58 77 148 204 649 0 0 1 "Robbery"
0 58 77 148 204 650 0 0 1 "Robbery"
0 58 78 148 204 651 0 0 1 "Robbery"
0 58 78 148 204 652 0 0 1 "Robbery"
0 58 78 148 204 653 0 0 1 "Robbery"
0 58 79 148 204 654 0 0 0 "Robbery"
0 58 80 147 204 655 0 0 1 "Robbery"
0 58 81 147 204 656 0 0 1 "Robbery"
0 58 82 147 204 657 0 0 1 "Robbery"
0 58 83 147 204 658 0 0 1 "Robbery"
0 58 84 147 204 659 0 0 1 "Robbery"
0 58 85 147 204 660 0 0 1 "Robbery"
0 58 86 147 204 661 0 0 1 "Robbery"
0 58 87 147 204 662 0 0 1 "Robbery"
0 58 88 147 204 663 0 0 1 "Robbery"
0 58 89 147 204 664 0 0 0 "Robbery"
0 57 89 146 204 665 0 0 1 "Robbery"
0 56 89 145 204 666 0 0 1 "Robbery"
0 55 89 144 204 667 0 0 1 "Robbery"
0 54 89 143 204 668 0 0 1 "Robbery"
0 54 90 143 205 669 0 0 1 "Robbery"
0 53 90 142 205 670 0 0 1 "Robbery"
0 52 90 141 205 671 0 0 1 "Robbery"
0 51 90 140 205 672 0 0 1 "Robbery"
0 50 90 139 205 673 0 0 1 "Robbery"
0 50 91 139 206 674 0 0 0 "Robbery"
0 50 90 139 206 675 0 0 1 "Robbery"
0 50 90 139 206 676 0 0 1 "Robbery"
0 50 90 139 206 677 0 0 1 "Robbery"
0 51 89 139 206 678 0 0 1 "Robbery"
0 51 89 140 206 679 0 0 1 "Robbery"
0 51 89 140 206 680 0 0 1 "Robbery"
0 51 88 140 206 681 0 0 1 "Robbery"
0 52 88 140 206 682 0 0 1 "Robbery"
0 52 88 140 206 683 0 0 1 "Robbery"
0 52 88 141 206 684 0 0 1 "Robbery"
0 52 87 141 206 685 0 0 1 "Robbery"
0 53 87 141 206 686 0 0 1 "Robbery"
0 53 87 141 206 687 0 0 1 "Robbery"
0 53 86 141 206 688 0 0 1 "Robbery"
0 53 86 142 206 689 0 0 1 "Robbery"
0 54 86 142 206 690 0 0 1 "Robbery"
0 54 85 142 206 691 0 0 1 "Robbery"
0 54 85 142 206 692 0 0 1 "Robbery"
0 54 85 142 206 693 0 0 1 "Robbery"
0 55 85 143 206 694 0 0 0 "Robbery"
0 54 83 142 206 695 0 0 1 "Robbery"
0 53 82 141 206 696 0 0 1 "Robbery"
0 52 81 140 206 697 0 0 1 "Robbery"
0 51 80 139 206 698 0 0 1 "Robbery"
0 51 79 138 206 699 0 0 1 "Robbery"
0 50 77 137 206 700 0 0 1 "Robbery"
0 49 76 136 206 701 0 0 1 "Robbery"
0 48 75 135 206 702 0 0 1 "Robbery"
0 47 74 134 206 703 0 0 1 "Robbery"
0 47 73 134 206 704 0 0 0 "Robbery"
0 47 71 133 206 705 0 0 1 "Robbery"
0 47 69 133 206 706 0 0 1 "Robbery"
0 47 67 133 206 707 0 0 1 "Robbery"
0 47 65 133 206 708 0 0 1 "Robbery"
0 47 64 133 206 709 0 0 1 "Robbery"
0 47 62 133 206 710 0 0 1 "Robbery"
0 47 60 133 206 711 0 0 1 "Robbery"
0 47 58 133 206 712 0 0 1 "Robbery"
0 47 56 133 206 713 0 0 1 "Robbery"
0 47 55 133 206 714 0 0 0 "Robbery"
0 47 54 133 205 715 0 0 1 "Robbery"
0 47 53 133 204 716 0 0 1 "Robbery"
0 47 52 133 203 717 0 0 1 "Robbery"
0 47 51 133 202 718 0 0 1 "Robbery"
0 47 50 133 201 719 0 0 1 "Robbery"
0 47 49 133 200 720 0 0 1 "Robbery"
0 47 48 133 199 721 0 0 1 "Robbery"
0 47 47 133 198 722 0 0 1 "Robbery"
0 47 46 133 197 723 0 0 1 "Robbery"
0 47 46 133 197 724 0 0 0 "Robbery"
0 49 44 141 197 725 0 0 1 "Robbery"
0 52 43 150 198 726 0 0 1 "Robbery"
0 54 41 159 199 727 0 0 1 "Robbery"
0 57 40 168 200 728 0 0 1 "Robbery"
0 59 38 177 201 729 0 0 1 "Robbery"
0 62 37 186 201 730 0 0 1 "Robbery"
0 64 35 195 202 731 0 0 1 "Robbery"
0 67 34 204 203 732 0 0 1 "Robbery"
0 69 32 213 204 733 0 0 1 "Robbery"
0 72 31 222 205 734 0 0 0 "Robbery"
0 71 31 217 204 735 0 0 1 "Robbery"
0 71 31 212 204 736 0 0 1 "Robbery"
0 70 31 208 204 737 0 0 1 "Robbery"
0 70 31 203 204 738 0 0 1 "Robbery"
0 70 31 199 204 739 0 0 1 "Robbery"
0 69 31 194 204 740 0 0 1 "Robbery"
0 69 31 189 204 741 0 0 1 "Robbery"
0 68 31 185 204 742 0 0 1 "Robbery"
0 68 31 180 204 743 0 0 1 "Robbery"
0 68 31 176 204 744 0 0 0 "Robbery"
0 67 31 173 203 745 0 0 1 "Robbery"
0 67 31 171 203 746 0 0 1 "Robbery"
0 66 31 169 203 747 0 0 1 "Robbery"
0 66 31 166 203 748 0 0 1 "Robbery"
0 65 31 164 203 749 0 0 1 "Robbery"
0 65 31 162 203 750 0 0 1 "Robbery"
0 64 31 159 203 751 0 0 1 "Robbery"
0 64 31 157 203 752 0 0 1 "Robbery"
0 63 31 155 203 753 0 0 1 "Robbery"
0 63 31 153 203 754 0 0 0 "Robbery"
0 60 37 150 203 755 0 0 1 "Robbery"
0 57 43 147 203 756 0 0 1 "Robbery"
0 55 50 144 203 757 0 0 1 "Robbery"
0 52 56 142 203 758 0 0 1 "Robbery"
0 50 63 139 204 759 0 0 1 "Robbery"
0 47 69 136 204 760 0 0 1 "Robbery"
0 44 75 134 204 761 0 0 1 "Robbery"
0 42 82 131 204 762 0 0 1 "Robbery"
0 39 88 128 204 763 0 0 1 "Robbery"
0 37 95 126 205 764 1 0 0 "Robbery"
0 37 95 126 205 765 1 0 1 "Robbery"
0 37 95 126 205 766 1 0 1 "Robbery"
0 37 95 126 205 767 1 0 1 "Robbery"
0 37 95 126 205 768 1 0 1 "Robbery"
0 37 95 126 205 769 1 0 1 "Robbery"
0 37 95 126 205 770 1 0 1 "Robbery"
0 37 95 126 205 771 1 0 1 "Robbery"
0 37 95 126 205 772 1 0 1 "Robbery"
0 37 95 126 205 773 1 0 1 "Robbery"
0 37 95 126 205 774 1 0 0 "Robbery"
0 37 95 126 205 775 1 0 1 "Robbery"
0 37 95 126 205 776 1 0 1 "Robbery"
0 37 95 126 205 777 1 0 1 "Robbery"
0 37 95 126 205 778 1 0 1 "Robbery"
0 37 95 126 205 779 1 0 1 "Robbery"
0 37 95 126 205 780 1 0 1 "Robbery"
0 37 95 126 205 781 1 0 1 "Robbery"
0 37 95 126 205 782 1 0 1 "Robbery"
0 37 95 126 205 783 1 0 1 "Robbery"
0 37 95 126 205 784 1 0 1 "Robbery"
0 37 95 126 205 785 1 0 1 "Robbery"
0 37 95 126 205 786 1 0 1 "Robbery"
0 37 95 126 205 787 1 0 1 "Robbery"
0 37 95 126 205 788 1 0 1 "Robbery"
0 37 95 126 205 789 1 0 1 "Robbery"
0 37 95 126 205 790 1 0 1 "Robbery"
0 37 95 126 205 791 1 0 1 "Robbery"
0 37 95 126 205 792 1 0 1 "Robbery"
0 37 95 126 205 793 1 0 1 "Robbery"
0 37 95 126 205 794 1 0 1 "Robbery"
0 37 95 126 205 795 1 0 1 "Robbery"
0 37 95 126 205 796 1 0 1 "Robbery"
0 37 95 126 205 797 1 0 1 "Robbery"
0 37 95 126 205 798 1 0 1 "Robbery"
0 37 95 126 205 799 1 0 1 "Robbery"
0 37 95 126 205 800 1 0 1 "Robbery"
0 37 95 126 205 801 1 0 1 "Robbery"
0 37 95 126 205 802 1 0 1 "Robbery"
0 37 95 126 205 803 1 0 1 "Robbery"
0 37 95 126 205 804 1 0 1 "Robbery"
0 37 95 126 205 805 1 0 1 "Robbery"
0 37 95 126 205 806 1 0 1 "Robbery"
0 37 95 126 205 807 1 0 1 "Robbery"
0 37 95 126 205 808 1 0 1 "Robbery"
0 37 95 126 205 809 1 0 1 "Robbery"
0 37 95 126 205 810 1 0 1 "Robbery"
0 37 95 126 205 811 1 0 1 "Robbery"
0 37 95 126 205 812 1 0 1 "Robbery"
0 37 95 126 205 813 1 0 1 "Robbery"
0 37 95 126 205 814 1 0 1 "Robbery"
0 37 95 126 205 815 1 0 1 "Robbery"
0 37 95 126 205 816 1 0 1 "Robbery"
0 37 95 126 205 817 1 0 1 "Robbery"
0 37 95 126 205 818 1 0 1 "Robbery"
0 37 95 126 205 819 1 0 1 "Robbery"
0 37 95 126 205 820 1 0 1 "Robbery"
0 37 95 126 205 821 1 0 1 "Robbery"
0 37 95 126 205 822 1 0 1 "Robbery"
0 37 95 126 205 823 1 0 1 "Robbery"
0 37 95 126 205 824 1 0 1 "Robbery"
0 37 95 126 205 825 1 0 1 "Robbery"
0 37 95 126 205 826 1 0 1 "Robbery"
0 37 95 126 205 827 1 0 1 "Robbery"
0 37 95 126 205 828 1 0 1 "Robbery"
0 37 95 126 205 829 1 0 1 "Robbery"
0 37 95 126 205 830 1 0 1 "Robbery"
0 37 95 126 205 831 1 0 1 "Robbery"
0 37 95 126 205 832 1 0 1 "Robbery"
0 37 95 126 205 833 1 0 1 "Robbery"
0 37 95 126 205 834 1 0 1 "Robbery"
0 37 95 126 205 835 1 0 1 "Robbery"
0 37 95 126 205 836 1 0 1 "Robbery"
0 37 95 126 205 837 1 0 1 "Robbery"
0 37 95 126 205 838 1 0 1 "Robbery"
0 37 95 126 205 839 1 0 1 "Robbery"
0 37 95 126 205 840 1 0 1 "Robbery"
0 37 95 126 205 841 1 0 1 "Robbery"
0 37 95 126 205 842 1 0 1 "Robbery"
0 37 95 126 205 843 1 0 1 "Robbery"
0 37 95 126 205 844 1 0 1 "Robbery"
0 37 95 126 205 845 1 0 1 "Robbery"
0 37 95 126 205 846 1 0 1 "Robbery"
0 37 95 126 205 847 1 0 1 "Robbery"
0 37 95 126 205 848 1 0 1 "Robbery"
0 37 95 126 205 849 1 0 1 "Robbery"
0 37 95 126 205 850 1 0 1 "Robbery"
0 37 95 126 205 851 1 0 1 "Robbery"
0 37 95 126 205 852 1 0 1 "Robbery"
0 37 95 126 205 853 1 0 1 "Robbery"
0 37 95 126 205 854 1 0 1 "Robbery"
0 37 95 126 205 855 1 0 1 "Robbery"
0 37 95 126 205 856 1 0 1 "Robbery"
0 37 95 126 205 857 1 0 1 "Robbery"
0 37 95 126 205 858 1 0 1 "Robbery"
0 37 95 126 205 859 1 0 1 "Robbery"
0 37 95 126 205 860 1 0 1 "Robbery"
0 37 95 126 205 861 1 0 1 "Robbery"
0 37 95 126 205 862 1 0 1 "Robbery"
0 37 95 126 205 863 1 0 1 "Robbery"
0 37 95 126 205 864 1 0 1 "Robbery"
0 37 95 126 205 865 1 0 1 "Robbery"
0 37 95 126 205 866 1 0 1 "Robbery"
0 37 95 126 205 867 1 0 1 "Robbery"
0 37 95 126 205 868 1 0 1 "Robbery"
0 37 95 126 205 869 1 0 1 "Robbery"
0 37 95 126 205 870 1 0 1 "Robbery"
0 37 95 126 205 871 1 0 1 "Robbery"
0 37 95 126 205 872 1 0 1 "Robbery"
0 37 95 126 205 873 1 0 1 "Robbery"
0 37 95 126 205 874 1 0 1 "Robbery"
0 37 95 126 205 875 1 0 1 "Robbery"
0 37 95 126 205 876 1 0 1 "Robbery"
0 37 95 126 205 877 1 0 1 "Robbery"
0 37 95 126 205 878 1 0 1 "Robbery"
0 37 95 126 205 879 1 0 1 "Robbery"
0 37 95 126 205 880 1 0 1 "Robbery"
0 37 95 126 205 881 1 0 1 "Robbery"
0 37 95 126 205 882 1 0 1 "Robbery"
0 37 95 126 205 883 1 0 1 "Robbery"
0 37 95 126 205 884 1 0 1 "Robbery"
0 37 95 126 205 885 1 0 1 "Robbery"
0 37 95 126 205 886 1 0 1 "Robbery"
0 37 95 126 205 887 1 0 1 "Robbery"
0 37 95 126 205 888 1 0 1 "Robbery"
0 37 95 126 205 889 1 0 1 "Robbery"
0 37 95 126 205 890 1 0 1 "Robbery"
0 37 95 126 205 891 1 0 1 "Robbery"
0 37 95 126 205 892 1 0 1 "Robbery"
0 37 95 126 205 893 1 0 1 "Robbery"
0 37 95 126 205 894 1 0 1 "Robbery"
0 37 95 126 205 895 1 0 1 "Robbery"
0 37 95 126 205 896 1 0 1 "Robbery"
0 37 95 126 205 897 1 0 1 "Robbery"
0 37 95 126 205 898 1 0 1 "Robbery"
0 37 95 126 205 899 1 0 1 "Robbery"
0 37 95 126 205 900 1 0 1 "Robbery"
0 37 95 126 205 901 1 0 1 "Robbery"
0 37 95 126 205 902 1 0 1 "Robbery"
0 37 95 126 205 903 1 0 1 "Robbery"
0 37 95 126 205 904 1 0 1 "Robbery"
0 37 95 126 205 905 1 0 1 "Robbery"
0 37 95 126 205 906 1 0 1 "Robbery"
0 37 95 126 205 907 1 0 1 "Robbery"
0 37 95 126 205 908 1 0 1 "Robbery"
0 37 95 126 205 909 1 0 1 "Robbery"
0 37 95 126 205 910 1 0 1 "Robbery"
0 37 95 126 205 911 1 0 1 "Robbery"
0 37 95 126 205 912 1 0 1 "Robbery"
0 37 95 126 205 913 1 0 1 "Robbery"
0 37 95 126 205 914 1 0 1 "Robbery"
0 37 95 126 205 915 1 0 1 "Robbery"
0 37 95 126 205 916 1 0 1 "Robbery"
0 37 95 126 205 917 1 0 1 "Robbery"
0 37 95 126 205 918 1 0 1 "Robbery"
0 37 95 126 205 919 1 0 1 "Robbery"
0 37 95 126 205 920 1 0 1 "Robbery"
0 37 95 126 205 921 1 0 1 "Robbery"
0 37 95 126 205 922 1 0 1 "Robbery"
0 37 95 126 205 923 1 0 1 "Robbery"
0 37 95 126 205 924 1 0 1 "Robbery"
0 37 95 126 205 925 1 0 1 "Robbery"
0 37 95 126 205 926 1 0 1 "Robbery"
0 37 95 126 205 927 1 0 1 "Robbery"
0 37 95 126 205 928 1 0 1 "Robbery"
0 37 95 126 205 929 1 0 1 "Robbery"
0 37 95 126 205 930 1 0 1 "Robbery"
0 37 95 126 205 931 1 0 1 "Robbery"
0 37 95 126 205 932 1 0 1 "Robbery"
0 37 95 126 205 933 1 0 1 "Robbery"
0 37 95 126 205 934 1 0 1 "Robbery"
0 37 95 126 205 935 1 0 1 "Robbery"
0 37 95 126 205 936 1 0 1 "Robbery"
0 37 95 126 205 937 1 0 1 "Robbery"
0 37 95 126 205 938 1 0 1 "Robbery"
0 37 95 126 205 939 1 0 1 "Robbery"
0 37 95 126 205 940 1 0 1 "Robbery"
0 37 95 126 205 941 1 0 1 "Robbery"
0 37 95 126 205 942 1 0 1 "Robbery"
0 37 95 126 205 943 1 0 1 "Robbery"
0 37 95 126 205 944 1 0 1 "Robbery"
0 37 95 126 205 945 1 0 1 "Robbery"
0 37 95 126 205 946 1 0 1 "Robbery"
0 37 95 126 205 947 1 0 1 "Robbery"
0 37 95 126 205 948 1 0 1 "Robbery"
0 37 95 126 205 949 1 0 1 "Robbery"
0 37 95 126 205 950 1 0 1 "Robbery"
0 37 95 126 205 951 1 0 1 "Robbery"
0 37 95 126 205 952 1 0 1 "Robbery"
0 37 95 126 205 953 1 0 1 "Robbery"
0 37 95 126 205 954 1 0 1 "Robbery"
0 37 95 126 205 955 1 0 1 "Robbery"
0 37 95 126 205 956 1 0 1 "Robbery"
0 37 95 126 205 957 1 0 1 "Robbery"
0 37 95 126 205 958 1 0 1 "Robbery"
0 37 95 126 205 959 1 0 1 "Robbery"
0 37 95 126 205 960 1 0 1 "Robbery"
0 37 95 126 205 961 1 0 1 "Robbery"
0 37 95 126 205 962 1 0 1 "Robbery"
0 37 95 126 205 963 1 0 1 "Robbery"
0 37 95 126 205 964 1 0 1 "Robbery"
0 37 95 126 205 965 1 0 1 "Robbery"
0 37 95 126 205 966 1 0 1 "Robbery"
0 37 95 126 205 967 1 0 1 "Robbery"
0 37 95 126 205 968 1 0 1 "Robbery"
0 37 95 126 205 969 1 0 1 "Robbery"
0 37 95 126 205 970 1 0 1 "Robbery"
0 37 95 126 205 971 1 0 1 "Robbery"
0 37 95 126 205 972 1 0 1 "Robbery"
0 37 95 126 205 973 1 0 1 "Robbery"
0 37 95 126 205 974 1 0 1 "Robbery"
0 37 95 126 205 975 1 0 1 "Robbery"
0 37 95 126 205 976 1 0 1 "Robbery"
0 37 95 126 205 977 1 0 1 "Robbery"
0 37 95 126 205 978 1 0 1 "Robbery"
0 37 95 126 205 979 1 0 1 "Robbery"
0 37 95 126 205 980 1 0 1 "Robbery"
0 37 95 126 205 981 1 0 1 "Robbery"
0 37 95 126 205 982 1 0 1 "Robbery"
0 37 95 126 205 983 1 0 1 "Robbery"
0 37 95 126 205 984 1 0 1 "Robbery"
0 37 95 126 205 985 1 0 1 "Robbery"
0 37 95 126 205 986 1 0 0 "Robbery"
