0 163 100 213 199 0 1 0 0 "Robbery"
0 162 100 212 199 1 1 0 1 "Robbery"
0 162 100 212 199 2 1 0 1 "Robbery"
0 162 100 212 199 3 1 0 1 "Robbery"
0 162 100 212 199 4 1 0 1 "Robbery"
0 162 100 212 199 5 1 0 1 "Robbery"
0 162 100 212 199 6 1 0 1 "Robbery"
0 162 100 212 199 7 1 0 1 "Robbery"
0 162 100 212 199 8 1 0 1 "Robbery"
0 162 100 212 199 9 1 0 1 "Robbery"
0 162 100 212 199 10 1 0 1 "Robbery"
0 162 100 212 199 11 1 0 1 "Robbery"
0 161 100 212 199 12 1 0 1 "Robbery"
0 161 100 211 199 13 1 0 1 "Robbery"
0 161 100 211 199 14 1 0 1 "Robbery"
0 161 100 211 199 15 1 0 1 "Robbery"
0 161 100 211 199 16 1 0 1 "Robbery"
0 161 100 211 199 17 1 0 1 "Robbery"
0 161 100 211 199 18 1 0 1 "Robbery"
0 161 100 211 199 19 1 0 1 "Robbery"
0 161 100 211 199 20 1 0 1 "Robbery"
0 161 100 211 199 21 1 0 1 "Robbery"
0 161 100 211 199 22 1 0 1 "Robbery"
0 160 100 211 199 23 1 0 1 "Robbery"
0 160 100 211 199 24 1 0 1 "Robbery"
0 160 100 210 199 25 1 0 1 "Robbery"
0 160 100 210 200 26 1 0 1 "Robbery"
0 160 100 210 200 27 1 0 1 "Robbery"
0 160 100 210 200 28 1 0 1 "Robbery"
0 160 100 210 200 29 1 0 1 "Robbery"
0 160 100 210 200 30 1 0 1 "Robbery"
0 160 100 210 200 31 1 0 1 "Robbery"
0 160 100 210 200 32 1 0 1 "Robbery"
0 160 100 210 200 33 1 0 1 "Robbery"
0 159 100 210 200 34 1 0 1 "Robbery"
0 159 100 210 200 35 1 0 1 "Robbery"
0 159 100 210 200 36 1 0 1 "Robbery"
0 159 100 210 200 37 1 0 1 "Robbery"
0 159 100 209 200 38 1 0 1 "Robbery"
0 159 100 209 200 39 1 0 1 "Robbery"
0 159 100 209 200 40 1 0 1 "Robbery"
0 159 100 209 200 41 1 0 1 "Robbery"
0 159 100 209 200 42 1 0 1 "Robbery"
0 159 100 209 200 43 1 0 1 "Robbery"
0 159 100 209 200 44 1 0 1 "Robbery"
0 159 100 209 200 45 1 0 1 "Robbery"
0 158 100 209 200 46 1 0 1 "Robbery"
0 158 100 209 200 47 1 0 1 "Robbery"
0 158 100 209 200 48 1 0 1 "Robbery"
0 158 100 209 200 49 1 0 1 "Robbery"
0 158 100 208 200 50 1 0 1 "Robbery"
0 158 100 208 200 51 1 0 1 "Robbery"
0 158 100 208 201 52 1 0 1 "Robbery"
0 158 100 208 201 53 1 0 1 "Robbery"
0 158 100 208 201 54 1 0 1 "Robbery"
0 158 100 208 201 55 1 0 1 "Robbery"
0 158 100 208 201 56 1 0 1 "Robbery"
0 157 100 208 201 57 1 0 1 "Robbery"
0 157 100 208 201 58 1 0 1 "Robbery"
0 157 100 208 201 59 1 0 1 "Robbery"
0 157 100 208 201 60 1 0 1 "Robbery"
0 157 100 208 201 61 1 0 1 "Robbery"
0 157 100 208 201 62 1 0 1 "Robbery"
0 157 100 207 201 63 1 0 1 "Robbery"
0 157 100 207 201 64 1 0 1 "Robbery"
0 157 100 207 201 65 1 0 1 "Robbery"
0 157 100 207 201 66 1 0 1 "Robbery"
0 157 100 207 201 67 1 0 1 "Robbery"
0 156 100 207 201 68 1 0 1 "Robbery"
0 156 100 207 201 69 1 0 1 "Robbery"
0 156 100 207 201 70 1 0 1 "Robbery"
0 156 100 207 201 71 1 0 1 "Robbery"
0 156 100 207 201 72 1 0 1 "Robbery"
0 156 100 207 201 73 1 0 1 "Robbery"
0 156 100 207 201 74 1 0 1 "Robbery"
0 156 100 206 201 75 1 0 1 "Robbery"
0 156 100 206 201 76 1 0 1 "Robbery"
0 156 100 206 202 77 1 0 1 "Robbery"
0 156 100 206 202 78 1 0 1 "Robbery"
0 156 100 206 202 79 1 0 1 "Robbery"
0 155 100 206 202 80 1 0 1 "Robbery"
0 155 100 206 202 81 1 0 1 "Robbery"
0 155 100 206 202 82 1 0 1 "Robbery"
0 155 100 206 202 83 1 0 1 "Robbery"
0 155 100 206 202 84 1 0 1 "Robbery"
0 155 100 206 202 85 1 0 1 "Robbery"
0 155 100 206 202 86 1 0 1 "Robbery"
0 155 100 205 202 87 1 0 1 "Robbery"
0 155 100 205 202 88 1 0 1 "Robbery"
0 155 100 205 202 89 1 0 1 "Robbery"
0 155 100 205 202 90 1 0 1 "Robbery"
0 154 100 205 202 91 1 0 1 "Robbery"
0 154 100 205 202 92 1 0 1 "Robbery"
0 154 100 205 202 93 1 0 1 "Robbery"
0 154 100 205 202 94 1 0 1 "Robbery"
0 154 100 205 202 95 1 0 1 "Robbery"
0 154 100 205 202 96 1 0 1 "Robbery"
0 154 100 205 202 97 1 0 1 "Robbery"
0 154 100 205 202 98 1 0 1 "Robbery"
0 154 100 205 202 99 1 0 1 "Robbery"
0 154 100 204 202 100 1 0 1 "Robbery"
0 154 100 204 202 101 1 0 1 "Robbery"
0 153 100 204 202 102 1 0 1 "Robbery"
0 153 100 204 203 103 1 0 1 "Robbery"
0 153 100 204 203 104 1 0 1 "Robbery"
0 153 100 204 203 105 1 0 1 "Robbery"
0 153 100 204 203 106 1 0 1 "Robbery"
0 153 100 204 203 107 1 0 1 "Robbery"
0 153 100 204 203 108 1 0 1 "Robbery"
0 153 100 204 203 109 1 0 1 "Robbery"
0 153 100 204 203 110 1 0 1 "Robbery"
0 153 100 204 203 111 1 0 1 "Robbery"
0 153 100 203 203 112 1 0 1 "Robbery"
0 153 100 203 203 113 1 0 1 "Robbery"
0 152 100 203 203 114 1 0 1 "Robbery"
0 152 100 203 203 115 1 0 1 "Robbery"
0 152 100 203 203 116 1 0 1 "Robbery"
0 152 100 203 203 117 1 0 1 "Robbery"
0 152 100 203 203 118 1 0 1 "Robbery"
0 152 100 203 203 119 1 0 1 "Robbery"
0 152 100 203 203 120 1 0 1 "Robbery"
0 152 100 203 203 121 1 0 1 "Robbery"
0 152 100 203 203 122 1 0 1 "Robbery"
0 152 100 203 203 123 1 0 1 "Robbery"
0 152 100 203 203 124 1 0 1 "Robbery"
0 151 100 202 203 125 1 0 1 "Robbery"
0 151 100 202 203 126 1 0 1 "Robbery"
0 151 100 202 203 127 1 0 1 "Robbery"
0 151 100 202 203 128 1 0 1 "Robbery"
0 151 100 202 204 129 1 0 1 "Robbery"
0 151 100 202 204 130 1 0 1 "Robbery"
0 151 100 202 204 131 1 0 1 "Robbery"
0 151 100 202 204 132 1 0 1 "Robbery"
0 151 100 202 204 133 1 0 1 "Robbery"
0 151 100 202 204 134 1 0 1 "Robbery"
0 151 100 202 204 135 1 0 1 "Robbery"
0 150 100 202 204 136 1 0 1 "Robbery"
0 150 100 201 204 137 1 0 1 "Robbery"
0 150 100 201 204 138 1 0 1 "Robbery"
0 150 100 201 204 139 1 0 1 "Robbery"
0 150 100 201 204 140 1 0 1 "Robbery"
0 150 100 201 204 141 1 0 1 "Robbery"
0 150 100 201 204 142 1 0 1 "Robbery"
0 150 100 201 204 143 1 0 1 "Robbery"
0 150 100 201 204 144 1 0 1 "Robbery"
0 150 100 201 204 145 1 0 1 "Robbery"
0 150 100 201 204 146 1 0 1 "Robbery"
0 150 100 201 204 147 1 0 1 "Robbery"
0 149 100 201 204 148 1 0 1 "Robbery"
0 149 100 201 204 149 1 0 1 "Robbery"
0 149 100 200 204 150 1 0 1 "Robbery"
0 149 100 200 204 151 1 0 1 "Robbery"
0 149 100 200 204 152 1 0 1 "Robbery"
0 149 100 200 204 153 1 0 1 "Robbery"
0 149 100 200 205 154 1 0 1 "Robbery"
0 149 100 200 205 155 1 0 1 "Robbery"
0 149 100 200 205 156 1 0 1 "Robbery"
0 149 100 200 205 157 1 0 1 "Robbery"
0 149 100 200 205 158 1 0 1 "Robbery"
0 148 100 200 205 159 1 0 1 "Robbery"
0 148 100 200 205 160 1 0 1 "Robbery"
0 148 100 200 205 161 1 0 1 "Robbery"
0 148 100 199 205 162 1 0 1 "Robbery"
0 148 100 199 205 163 1 0 1 "Robbery"
0 148 100 199 205 164 1 0 1 "Robbery"
0 148 100 199 205 165 1 0 1 "Robbery"
0 148 100 199 205 166 1 0 1 "Robbery"
0 148 100 199 205 167 1 0 1 "Robbery"
0 148 100 199 205 168 1 0 1 "Robbery"
0 148 100 199 205 169 1 0 1 "Robbery"
0 147 100 199 205 170 1 0 1 "Robbery"
0 147 100 199 205 171 1 0 1 "Robbery"
0 147 100 199 205 172 1 0 1 "Robbery"
0 147 100 199 205 173 1 0 1 "Robbery"
0 147 100 198 205 174 1 0 1 "Robbery"
0 147 100 198 205 175 1 0 1 "Robbery"
0 147 100 198 205 176 1 0 1 "Robbery"
0 147 100 198 205 177 1 0 1 "Robbery"
0 147 100 198 205 178 1 0 1 "Robbery"
0 147 100 198 205 179 1 0 1 "Robbery"
0 147 100 198 206 180 1 0 1 "Robbery"
0 147 100 198 206 181 1 0 1 "Robbery"
0 146 100 198 206 182 1 0 1 "Robbery"
0 146 100 198 206 183 1 0 1 "Robbery"
0 146 100 198 206 184 1 0 1 "Robbery"
0 146 100 198 206 185 1 0 1 "Robbery"
0 146 100 198 206 186 1 0 1 "Robbery"
0 146 100 197 206 187 1 0 1 "Robbery"
0 146 100 197 206 188 1 0 1 "Robbery"
0 146 100 197 206 189 1 0 1 "Robbery"
0 146 100 197 206 190 1 0 1 "Robbery"
0 146 100 197 206 191 1 0 1 "Robbery"
0 146 100 197 206 192 1 0 1 "Robbery"
0 145 101 197 206 193 1 0 1 "Robbery"
0 145 101 197 206 194 1 0 1 "Robbery"
0 145 101 197 206 195 1 0 1 "Robbery"
0 145 101 197 206 196 1 0 1 "Robbery"
0 145 101 197 206 197 1 0 1 "Robbery"
0 145 101 197 206 198 1 0 1 "Robbery"
0 145 101 196 206 199 1 0 1 "Robbery"
0 145 101 196 206 200 1 0 1 "Robbery"
0 145 101 196 206 201 1 0 1 "Robbery"
0 145 101 196 206 202 1 0 1 "Robbery"
0 145 101 196 206 203 1 0 1 "Robbery"
0 144 101 196 206 204 1 0 1 "Robbery"
0 144 101 196 206 205 1 0 1 "Robbery"
0 144 101 196 207 206 1 0 1 "Robbery"
0 144 101 196 207 207 1 0 1 "Robbery"
0 144 101 196 207 208 1 0 1 "Robbery"
0 144 101 196 207 209 1 0 1 "Robbery"
0 144 101 196 207 210 1 0 1 "Robbery"
0 144 101 196 207 211 1 0 1 "Robbery"
0 144 101 195 207 212 1 0 1 "Robbery"
0 144 101 195 207 213 1 0 1 "Robbery"
0 144 101 195 207 214 1 0 1 "Robbery"
0 144 101 195 207 215 1 0 1 "Robbery"
0 143 101 195 207 216 1 0 1 "Robbery"
0 143 101 195 207 217 1 0 1 "Robbery"
0 143 101 195 207 218 1 0 1 "Robbery"
0 143 101 195 207 219 1 0 1 "Robbery"
0 143 101 195 207 220 1 0 1 "Robbery"
0 143 101 195 207 221 1 0 1 "Robbery"
0 143 101 195 207 222 1 0 1 "Robbery"
0 143 101 195 207 223 1 0 1 "Robbery"
0 143 101 194 207 224 1 0 1 "Robbery"
0 143 101 194 207 225 1 0 1 "Robbery"
0 143 101 194 207 226 1 0 1 "Robbery"
0 142 101 194 207 227 1 0 1 "Robbery"
0 142 101 194 207 228 1 0 1 "Robbery"
0 142 101 194 207 229 1 0 1 "Robbery"
0 142 101 194 207 230 1 0 1 "Robbery"
0 142 101 194 208 231 1 0 1 "Robbery"
0 142 101 194 208 232 1 0 1 "Robbery"
0 142 101 194 208 233 1 0 1 "Robbery"
0 142 101 194 208 234 1 0 1 "Robbery"
0 142 101 194 208 235 1 0 1 "Robbery"
0 142 101 193 208 236 1 0 1 "Robbery"
0 142 101 193 208 237 1 0 1 "Robbery"
0 141 101 193 208 238 1 0 1 "Robbery"
0 141 101 193 208 239 1 0 1 "Robbery"
0 141 101 193 208 240 1 0 1 "Robbery"
0 141 101 193 208 241 1 0 1 "Robbery"
0 141 101 193 208 242 1 0 1 "Robbery"
0 141 101 193 208 243 1 0 1 "Robbery"
0 141 101 193 208 244 1 0 1 "Robbery"
0 141 101 193 208 245 1 0 1 "Robbery"
0 141 101 193 208 246 1 0 1 "Robbery"
0 141 101 193 208 247 1 0 1 "Robbery"
0 141 101 193 208 248 1 0 1 "Robbery"
0 141 101 192 208 249 1 0 1 "Robbery"
0 140 101 192 208 250 1 0 1 "Robbery"
0 140 101 192 208 251 1 0 1 "Robbery"
0 140 101 192 208 252 1 0 1 "Robbery"
0 140 101 192 208 253 1 0 1 "Robbery"
0 140 101 192 208 254 1 0 1 "Robbery"
0 140 101 192 208 255 1 0 1 "Robbery"
0 140 101 192 208 256 1 0 1 "Robbery"
0 140 101 192 209 257 1 0 1 "Robbery"
0 140 101 192 209 258 1 0 1 "Robbery"
0 140 101 192 209 259 1 0 1 "Robbery"
0 140 101 192 209 260 1 0 1 "Robbery"
0 139 101 191 209 261 1 0 1 "Robbery"
0 139 101 191 209 262 1 0 1 "Robbery"
0 139 101 191 209 263 1 0 1 "Robbery"
0 139 101 191 209 264 1 0 1 "Robbery"
0 139 101 191 209 265 1 0 1 "Robbery"
0 139 101 191 209 266 1 0 1 "Robbery"
0 139 101 191 209 267 1 0 1 "Robbery"
0 139 101 191 209 268 1 0 1 "Robbery"
0 139 101 191 209 269 1 0 1 "Robbery"
0 139 101 191 209 270 1 0 1 "Robbery"
0 139 101 191 209 271 1 0 1 "Robbery"
0 138 101 191 209 272 1 0 1 "Robbery"
0 138 101 191 209 273 1 0 1 "Robbery"
0 138 101 190 209 274 1 0 1 "Robbery"
0 138 101 190 209 275 1 0 1 "Robbery"
0 138 101 190 209 276 1 0 1 "Robbery"
0 138 101 190 209 277 1 0 1 "Robbery"
0 138 101 190 209 278 1 0 1 "Robbery"
0 138 101 190 209 279 1 0 1 "Robbery"
0 138 101 190 209 280 1 0 1 "Robbery"
0 138 101 190 209 281 1 0 1 "Robbery"
0 138 101 190 209 282 1 0 1 "Robbery"
0 138 101 190 210 283 1 0 1 "Robbery"
0 137 101 190 210 284 1 0 1 "Robbery"
0 137 101 190 210 285 1 0 1 "Robbery"
0 137 101 189 210 286 1 0 1 "Robbery"
0 137 101 189 210 287 1 0 1 "Robbery"
0 137 101 189 210 288 1 0 1 "Robbery"
0 137 101 189 210 289 1 0 1 "Robbery"
0 137 101 189 210 290 1 0 1 "Robbery"
0 137 101 189 210 291 1 0 1 "Robbery"
0 137 101 189 210 292 1 0 1 "Robbery"
0 137 101 189 210 293 1 0 1 "Robbery"
0 137 101 189 210 294 1 0 1 "Robbery"
0 136 101 189 210 295 1 0 1 "Robbery"
0 136 101 189 210 296 1 0 1 "Robbery"
0 136 101 189 210 297 1 0 1 "Robbery"
0 136 101 189 210 298 1 0 1 "Robbery"
0 136 101 188 210 299 1 0 1 "Robbery"
0 136 101 188 210 300 1 0 1 "Robbery"
0 136 101 188 210 301 1 0 1 "Robbery"
0 136 101 188 210 302 1 0 1 "Robbery"
0 136 101 188 210 303 1 0 1 "Robbery"
0 136 101 188 210 304 1 0 1 "Robbery"
0 136 101 188 210 305 1 0 1 "Robbery"
0 135 101 188 210 306 1 0 1 "Robbery"
0 135 101 188 210 307 1 0 1 "Robbery"
0 135 101 188 211 308 1 0 1 "Robbery"
0 135 101 188 211 309 1 0 1 "Robbery"
0 135 101 188 211 310 1 0 1 "Robbery"
0 135 101 187 211 311 1 0 1 "Robbery"
0 135 101 187 211 312 1 0 1 "Robbery"
0 135 101 187 211 313 1 0 1 "Robbery"
0 135 101 187 211 314 1 0 1 "Robbery"
0 135 101 187 211 315 1 0 1 "Robbery"
0 135 101 187 211 316 1 0 1 "Robbery"
0 135 101 187 211 317 1 0 1 "Robbery"
0 134 101 187 211 318 1 0 1 "Robbery"
0 134 101 187 211 319 1 0 1 "Robbery"
0 134 101 187 211 320 1 0 1 "Robbery"
0 134 101 187 211 321 1 0 1 "Robbery"
0 134 101 187 211 322 1 0 1 "Robbery"
0 134 101 186 211 323 1 0 1 "Robbery"
0 134 101 186 211 324 1 0 1 "Robbery"
0 134 101 186 211 325 1 0 1 "Robbery"
0 134 101 186 211 326 1 0 1 "Robbery"
0 134 101 186 211 327 1 0 1 "Robbery"
0 134 101 186 211 328 1 0 1 "Robbery"
0 133 101 186 211 329 1 0 1 "Robbery"
0 133 101 186 211 330 1 0 1 "Robbery"
0 133 101 186 211 331 1 0 1 "Robbery"
0 133 101 186 211 332 1 0 1 "Robbery"
0 133 101 186 211 333 1 0 1 "Robbery"
0 133 101 186 212 334 1 0 1 "Robbery"
0 133 101 186 212 335 1 0 1 "Robbery"
0 133 101 185 212 336 1 0 1 "Robbery"
0 133 101 185 212 337 1 0 1 "Robbery"
0 133 101 185 212 338 1 0 1 "Robbery"
0 133 101 185 212 339 1 0 1 "Robbery"
0 132 101 185 212 340 1 0 1 "Robbery"
0 132 101 185 212 341 1 0 1 "Robbery"
0 132 101 185 212 342 1 0 1 "Robbery"
0 132 101 185 212 343 1 0 1 "Robbery"
0 132 101 185 212 344 1 0 1 "Robbery"
0 132 101 185 212 345 1 0 1 "Robbery"
0 132 101 185 212 346 1 0 1 "Robbery"
0 132 101 185 212 347 1 0 1 "Robbery"
0 132 101 184 212 348 1 0 1 "Robbery"
0 132 101 184 212 349 1 0 1 "Robbery"
0 132 101 184 212 350 1 0 1 "Robbery"
0 132 101 184 212 351 1 0 1 "Robbery"
0 131 101 184 212 352 1 0 1 "Robbery"
0 131 101 184 212 353 1 0 1 "Robbery"
0 131 101 184 212 354 1 0 1 "Robbery"
0 131 101 184 212 355 1 0 1 "Robbery"
0 131 101 184 212 356 1 0 1 "Robbery"
0 131 101 184 212 357 1 0 1 "Robbery"
0 131 101 184 212 358 1 0 1 "Robbery"
0 131 101 184 212 359 1 0 1 "Robbery"
0 131 101 184 213 360 1 0 1 "Robbery"
0 131 101 183 213 361 1 0 1 "Robbery"
0 131 101 183 213 362 1 0 1 "Robbery"
0 130 101 183 213 363 1 0 1 "Robbery"
0 130 101 183 213 364 1 0 1 "Robbery"
0 130 101 183 213 365 1 0 1 "Robbery"
0 130 101 183 213 366 1 0 1 "Robbery"
0 130 101 183 213 367 1 0 1 "Robbery"
0 130 101 183 213 368 1 0 1 "Robbery"
0 130 101 183 213 369 1 0 1 "Robbery"
0 130 101 183 213 370 1 0 1 "Robbery"
0 130 101 183 213 371 1 0 1 "Robbery"
0 130 101 183 213 372 1 0 1 "Robbery"
0 130 101 182 213 373 1 0 1 "Robbery"
0 129 101 182 213 374 1 0 1 "Robbery"
0 129 101 182 213 375 1 0 1 "Robbery"
0 129 101 182 213 376 1 0 1 "Robbery"
0 129 101 182 213 377 1 0 1 "Robbery"
0 129 101 182 213 378 1 0 1 "Robbery"
0 129 101 182 213 379 1 0 1 "Robbery"
0 129 101 182 213 380 1 0 1 "Robbery"
0 129 101 182 213 381 1 0 1 "Robbery"
0 129 101 182 213 382 1 0 1 "Robbery"
0 129 101 182 213 383 1 0 1 "Robbery"
0 129 101 182 213 384 1 0 1 "Robbery"
0 129 102 182 214 385 0 0 0 "Robbery"
0 126 102 179 216 386 0 0 1 "Robbery"
0 123 103 176 218 387 0 0 1 "Robbery"
0 120 104 174 220 388 0 0 1 "Robbery"
0 117 104 171 222 389 0 0 1 "Robbery"
0 114 105 168 224 390 0 0 1 "Robbery"
0 111 106 166 226 391 0 0 1 "Robbery"
0 108 106 163 228 392 0 0 1 "Robbery"
0 105 107 160 230 393 0 0 1 "Robbery"
0 103 108 158 232 394 0 0 0 "Robbery"
0 98 108 157 231 395 0 0 1 "Robbery"
0 93 108 156 231 396 0 0 1 "Robbery"
0 89 108 155 231 397 0 0 1 "Robbery"
0 84 108 154 231 398 0 0 1 "Robbery"
0 79 108 153 231 399 0 0 1 "Robbery"
0 75 108 153 231 400 0 0 0 "Robbery"
0 71 108 151 231 401 0 0 1 "Robbery"
0 67 108 150 231 402 0 0 1 "Robbery"
0 63 108 149 231 403 0 0 1 "Robbery"
0 59 108 148 231 404 0 0 1 "Robbery"
0 55 108 147 231 405 0 0 1 "Robbery"
0 51 108 146 231 406 0 0 1 "Robbery"
0 47 108 145 231 407 0 0 1 "Robbery"
0 43 109 144 232 408 0 0 0 "Robbery"
0 42 108 143 232 409 0 0 1 "Robbery"
0 42 108 143 232 410 0 0 1 "Robbery"
0 41 108 142 232 411 0 0 1 "Robbery"
0 41 108 142 232 412 0 0 1 "Robbery"
0 40 108 142 232 413 0 0 1 "Robbery"
0 40 108 141 232 414 0 0 1 "Robbery"
0 39 108 141 232 415 0 0 1 "Robbery"
0 39 108 140 232 416 0 0 1 "Robbery"
0 38 108 140 232 417 0 0 1 "Robbery"
0 38 108 140 232 418 0 0 1 "Robbery"
0 37 108 139 232 419 0 0 1 "Robbery"
0 37 108 139 232 420 0 0 1 "Robbery"
0 36 108 139 232 421 0 0 1 "Robbery"
0 36 108 138 232 422 0 0 1 "Robbery"
0 35 107 138 232 423 0 0 1 "Robbery"
0 35 107 137 232 424 0 0 1 "Robbery"
0 35 107 137 232 425 0 0 1 "Robbery"
0 34 107 137 232 426 0 0 1 "Robbery"
0 34 107 136 232 427 0 0 1 "Robbery"
0 33 107 136 232 428 0 0 1 "Robbery"
0 33 107 136 232 429 0 0 1 "Robbery"
0 32 107 135 232 430 0 0 1 "Robbery"
0 32 107 135 232 431 0 0 1 "Robbery"
0 31 107 134 232 432 0 0 1 "Robbery"
0 31 107 134 232 433 0 0 1 "Robbery"
0 30 107 134 232 434 0 0 1 "Robbery"
0 30 107 133 232 435 0 0 1 "Robbery"
0 29 107 133 232 436 0 0 1 "Robbery"
0 29 106 133 232 437 0 0 1 "Robbery"
0 28 106 132 232 438 0 0 1 "Robbery"
0 28 106 132 232 439 0 0 1 "Robbery"
0 27 106 131 232 440 0 0 1 "Robbery"
0 27 106 131 232 441 0 0 1 "Robbery"
0 27 106 131 232 442 0 0 1 "Robbery"
0 26 106 130 232 443 0 0 1 "Robbery"
0 26 106 130 232 444 0 0 1 "Robbery"
0 25 106 130 232 445 0 0 1 "Robbery"
0 25 106 129 232 446 0 0 1 "Robbery"
0 24 106 129 232 447 0 0 1 "Robbery"
0 24 106 128 232 448 0 0 1 "Robbery"
0 23 106 128 232 449 0 0 1 "Robbery"
0 23 106 128 232 450 0 0 1 "Robbery"
0 22 105 127 232 451 0 0 1 "Robbery"
0 22 105 127 232 452 0 0 1 "Robbery"
0 21 105 127 232 453 0 0 1 "Robbery"
0 21 105 126 232 454 0 0 1 "Robbery"
0 20 105 126 232 455 0 0 1 "Robbery"
0 20 105 125 232 456 0 0 1 "Robbery"
0 19 105 125 232 457 0 0 1 "Robbery"
0 19 105 125 232 458 0 0 1 "Robbery"
0 19 105 124 232 459 0 0 1 "Robbery"
0 18 105 124 232 460 0 0 1 "Robbery"
0 18 105 124 232 461 0 0 1 "Robbery"
0 17 105 123 232 462 0 0 1 "Robbery"
0 17 105 123 232 463 0 0 1 "Robbery"
0 16 105 122 232 464 0 0 1 "Robbery"
0 16 104 122 232 465 0 0 1 "Robbery"
0 15 104 122 232 466 0 0 1 "Robbery"
0 15 104 121 232 467 0 0 1 "Robbery"
0 14 104 121 232 468 0 0 1 "Robbery"
0 14 104 121 232 469 0 0 1 "Robbery"
0 13 104 120 232 470 0 0 1 "Robbery"
0 13 104 120 232 471 0 0 1 "Robbery"
0 12 104 119 232 472 0 0 1 "Robbery"
0 12 104 119 232 473 0 0 1 "Robbery"
0 11 104 119 232 474 0 0 1 "Robbery"
0 11 104 118 232 475 0 0 1 "Robbery"
0 11 104 118 232 476 0 0 1 "Robbery"
0 10 104 118 232 477 0 0 1 "Robbery"
0 10 104 117 232 478 0 0 1 "Robbery"
0 9 103 117 232 479 0 0 1 "Robbery"
0 9 103 116 232 480 0 0 1 "Robbery"
0 8 103 116 232 481 0 0 1 "Robbery"
0 8 103 116 232 482 0 0 1 "Robbery"
0 7 103 115 232 483 0 0 1 "Robbery"
0 7 103 115 232 484 0 0 1 "Robbery"
0 6 103 115 232 485 0 0 1 "Robbery"
0 6 103 114 232 486 0 0 1 "Robbery"
0 5 103 114 232 487 0 0 1 "Robbery"
0 5 103 113 232 488 0 0 1 "Robbery"
0 4 103 113 232 489 0 0 1 "Robbery"
0 4 103 113 232 490 0 0 1 "Robbery"
0 3 103 112 232 491 0 0 1 "Robbery"
0 3 103 112 232 492 0 0 1 "Robbery"
0 3 103 112 232 493 0 0 0 "Robbery"
0 3 102 112 232 494 0 0 1 "Robbery"
0 3 102 113 232 495 0 0 1 "Robbery"
0 3 102 113 232 496 0 0 1 "Robbery"
0 3 101 114 232 497 0 0 1 "Robbery"
0 3 101 115 232 498 0 0 1 "Robbery"
0 3 101 115 232 499 0 0 1 "Robbery"
0 3 100 116 232 500 0 0 1 "Robbery"
0 3 100 116 232 501 0 0 1 "Robbery"
0 3 100 117 232 502 0 0 1 "Robbery"
0 3 100 118 232 503 0 0 1 "Robbery"
0 3 99 118 232 504 0 0 1 "Robbery"
0 3 99 119 232 505 0 0 1 "Robbery"
0 3 99 119 232 506 0 0 1 "Robbery"
0 3 98 120 232 507 0 0 1 "Robbery"
0 3 98 121 232 508 0 0 1 "Robbery"
0 3 98 121 232 509 0 0 1 "Robbery"
0 3 97 122 232 510 0 0 1 "Robbery"
0 3 97 122 232 511 0 0 1 "Robbery"
0 3 97 123 232 512 0 0 1 "Robbery"
0 3 97 124 232 513 0 0 1 "Robbery"
0 3 96 124 232 514 0 0 1 "Robbery"
0 3 96 125 232 515 0 0 1 "Robbery"
0 3 96 125 232 516 0 0 1 "Robbery"
0 3 95 126 232 517 0 0 1 "Robbery"
0 3 95 127 232 518 0 0 1 "Robbery"
0 3 95 127 232 519 0 0 1 "Robbery"
0 3 94 128 232 520 0 0 1 "Robbery"
0 3 94 128 232 521 0 0 1 "Robbery"
0 3 94 129 232 522 0 0 1 "Robbery"
0 3 94 130 233 523 0 0 0 "Robbery"
0 3 94 130 233 524 0 0 1 "Robbery"
0 3 94 130 233 525 0 0 1 "Robbery"
0 4 94 131 233 526 0 0 1 "Robbery"
0 4 94 131 233 527 0 0 1 "Robbery"
0 5 94 132 233 528 0 0 1 "Robbery"
0 5 94 132 233 529 0 0 1 "Robbery"
0 5 94 132 233 530 0 0 1 "Robbery"
0 6 94 133 233 531 0 0 1 "Robbery"
0 6 94 133 233 532 0 0 1 "Robbery"
0 7 94 134 233 533 0 0 0 "Robbery"
0 7 94 133 232 534 0 0 1 "Robbery"
0 7 94 133 232 535 0 0 1 "Robbery"
0 7 94 132 232 536 0 0 1 "Robbery"
0 7 94 132 232 537 0 0 1 "Robbery"
0 7 94 131 232 538 0 0 1 "Robbery"
0 7 94 131 232 539 0 0 1 "Robbery"
0 7 94 130 232 540 0 0 1 "Robbery"
0 7 94 130 232 541 0 0 1 "Robbery"
0 7 94 130 232 542 0 0 1 "Robbery"
0 7 94 129 232 543 0 0 1 "Robbery"
0 7 94 129 232 544 0 0 1 "Robbery"
0 7 94 128 232 545 0 0 1 "Robbery"
0 7 94 128 232 546 0 0 1 "Robbery"
0 7 94 127 232 547 0 0 1 "Robbery"
0 7 94 127 232 548 0 0 1 "Robbery"
0 7 94 127 232 549 0 0 1 "Robbery"
0 7 94 126 232 550 0 0 1 "Robbery"
0 7 94 126 232 551 0 0 1 "Robbery"
0 7 94 125 232 552 0 0 1 "Robbery"
0 7 94 125 232 553 0 0 1 "Robbery"
0 7 94 124 232 554 0 0 1 "Robbery"
0 7 94 124 232 555 0 0 1 "Robbery"
0 7 94 124 232 556 0 0 1 "Robbery"
0 7 94 123 232 557 0 0 1 "Robbery"
0 7 94 123 232 558 0 0 1 "Robbery"
0 7 94 122 232 559 0 0 1 "Robbery"
0 7 94 122 232 560 0 0 1 "Robbery"
0 7 94 121 232 561 0 0 1 "Robbery"
0 7 94 121 232 562 0 0 1 "Robbery"
0 7 94 121 232 563 0 0 0 "Robbery"
0 7 94 121 232 564 0 0 1 "Robbery"
0 7 94 121 232 565 0 0 1 "Robbery"
0 7 94 121 232 566 0 0 1 "Robbery"
0 7 94 121 232 567 0 0 1 "Robbery"
0 7 94 121 232 568 0 0 1 "Robbery"
0 7 94 121 232 569 0 0 1 "Robbery"
0 7 94 121 232 570 0 0 1 "Robbery"
0 7 94 121 232 571 0 0 1 "Robbery"
0 7 94 121 232 572 0 0 1 "Robbery"
0 7 94 121 232 573 0 0 1 "Robbery"
0 7 94 121 232 574 0 0 1 "Robbery"
0 7 94 121 232 575 0 0 1 "Robbery"
0 7 94 121 232 576 0 0 1 "Robbery"
0 7 94 121 232 577 0 0 1 "Robbery"
0 7 94 121 232 578 0 0 1 "Robbery"
0 7 94 121 232 579 0 0 1 "Robbery"
0 7 94 121 232 580 0 0 1 "Robbery"
0 7 94 121 232 581 0 0 1 "Robbery"
0 7 94 121 232 582 0 0 1 "Robbery"
0 7 94 121 232 583 0 0 1 "Robbery"
0 7 94 121 232 584 0 0 1 "Robbery"
0 7 94 121 232 585 0 0 1 "Robbery"
0 7 94 121 232 586 0 0 1 "Robbery"
0 7 94 121 232 587 0 0 1 "Robbery"
0 7 94 121 232 588 0 0 1 "Robbery"
0 7 94 121 232 589 0 0 1 "Robbery"
0 7 94 121 232 590 0 0 1 "Robbery"
0 7 94 121 232 591 0 0 1 "Robbery"
0 7 94 121 232 592 0 0 1 "Robbery"
0 7 94 121 232 593 0 0 1 "Robbery"
0 7 94 121 232 594 0 0 1 "Robbery"
0 7 94 121 232 595 0 0 1 "Robbery"
0 7 94 121 232 596 0 0 1 "Robbery"
0 7 94 121 232 597 0 0 1 "Robbery"
0 7 94 121 232 598 0 0 1 "Robbery"
0 7 94 121 232 599 0 0 1 "Robbery"
0 7 94 121 232 600 0 0 1 "Robbery"
0 7 94 121 232 601 0 0 1 "Robbery"
0 7 94 121 232 602 0 0 1 "Robbery"
0 7 94 121 232 603 0 0 1 "Robbery"
0 7 94 121 232 604 0 0 1 "Robbery"
0 7 94 121 232 605 0 0 1 "Robbery"
0 7 94 121 232 606 0 0 1 "Robbery"
0 7 94 121 232 607 0 0 1 "Robbery"
0 7 94 121 232 608 0 0 1 "Robbery"
0 7 94 121 232 609 0 0 1 "Robbery"
0 7 94 121 232 610 0 0 1 "Robbery"
0 7 94 121 232 611 0 0 1 "Robbery"
0 7 94 121 232 612 0 0 1 "Robbery"
0 7 94 121 232 613 0 0 1 "Robbery"
0 7 94 121 232 614 0 0 1 "Robbery"
0 7 94 121 232 615 0 0 1 "Robbery"
0 7 94 121 232 616 0 0 1 "Robbery"
0 7 94 121 232 617 0 0 1 "Robbery"
0 7 94 121 232 618 0 0 1 "Robbery"
0 7 94 121 232 619 0 0 1 "Robbery"
0 7 94 121 232 620 0 0 1 "Robbery"
0 7 94 121 232 621 0 0 1 "Robbery"
0 7 94 121 232 622 0 0 1 "Robbery"
0 7 94 121 232 623 0 0 1 "Robbery"
0 7 94 121 232 624 0 0 1 "Robbery"
0 7 94 121 232 625 0 0 1 "Robbery"
0 7 94 121 232 626 0 0 1 "Robbery"
0 7 94 121 232 627 0 0 1 "Robbery"
0 7 94 121 232 628 0 0 1 "Robbery"
0 7 94 121 232 629 0 0 1 "Robbery"
0 7 94 121 232 630 0 0 1 "Robbery"
0 7 94 121 232 631 0 0 1 "Robbery"
0 7 94 121 232 632 0 0 1 "Robbery"
0 7 94 121 232 633 0 0 1 "Robbery"
0 7 94 121 232 634 0 0 1 "Robbery"
0 7 94 121 232 635 0 0 1 "Robbery"
0 7 94 121 232 636 0 0 1 "Robbery"
0 7 94 121 232 637 0 0 1 "Robbery"
0 7 94 121 232 638 0 0 1 "Robbery"
0 7 94 121 232 639 0 0 1 "Robbery"
0 7 94 121 232 640 0 0 1 "Robbery"
0 7 94 121 232 641 0 0 1 "Robbery"
0 7 94 121 232 642 0 0 1 "Robbery"
0 7 94 121 232 643 0 0 1 "Robbery"
0 7 94 121 232 644 0 0 1 "Robbery"
0 7 94 121 232 645 0 0 1 "Robbery"
0 7 94 121 232 646 0 0 1 "Robbery"
0 7 94 121 232 647 0 0 1 "Robbery"
0 7 94 121 232 648 0 0 1 "Robbery"
0 7 94 121 232 649 0 0 1 "Robbery"
0 7 94 121 232 650 0 0 1 "Robbery"
0 7 94 121 232 651 0 0 1 "Robbery"
0 7 94 121 232 652 0 0 1 "Robbery"
0 8 94 122 232 653 0 0 0 "Robbery"
0 13 95 123 232 654 0 0 1 "Robbery"
0 19 96 124 232 655 0 0 1 "Robbery"
0 25 98 125 232 656 0 0 1 "Robbery"
0 31 99 127 232 657 0 0 1 "Robbery"
0 37 101 128 232 658 0 0 1 "Robbery"
0 43 102 129 232 659 0 0 1 "Robbery"
0 49 103 131 232 660 0 0 1 "Robbery"
0 55 105 132 232 661 0 0 1 "Robbery"
0 61 106 133 232 662 0 0 1 "Robbery"
0 67 108 135 232 663 0 0 0 "Robbery"
0 69 108 137 232 664 0 0 1 "Robbery"
0 72 108 140 232 665 0 0 1 "Robbery"
0 75 108 143 232 666 0 0 1 "Robbery"
0 78 108 146 232 667 0 0 1 "Robbery"
0 81 108 149 232 668 0 0 1 "Robbery"
0 83 108 151 232 669 0 0 1 "Robbery"
0 86 108 154 232 670 0 0 1 "Robbery"
0 89 108 157 232 671 0 0 1 "Robbery"
0 92 108 160 232 672 0 0 1 "Robbery"
0 95 109 163 233 673 0 0 0 "Robbery"
0 96 108 163 232 674 0 0 1 "Robbery"
0 97 108 164 232 675 0 0 1 "Robbery"
0 98 108 165 232 676 0 0 1 "Robbery"
0 100 108 165 232 677 0 0 1 "Robbery"
0 101 108 166 232 678 0 0 1 "Robbery"
0 102 108 167 231 679 0 0 1 "Robbery"
0 104 108 167 231 680 0 0 1 "Robbery"
0 105 108 168 231 681 0 0 1 "Robbery"
0 106 108 169 231 682 0 0 1 "Robbery"
0 108 108 170 231 683 0 0 0 "Robbery"
0 106 108 168 231 684 0 0 1 "Robbery"
0 105 108 167 231 685 0 0 1 "Robbery"
0 104 108 166 231 686 0 0 1 "Robbery"
0 103 108 165 231 687 0 0 1 "Robbery"
0 102 108 164 231 688 0 0 1 "Robbery"
0 101 108 163 231 689 0 0 1 "Robbery"
0 100 108 162 231 690 0 0 1 "Robbery"
0 99 108 161 231 691 0 0 1 "Robbery"
0 98 108 160 231 692 0 0 1 "Robbery"
0 97 109 159 232 693 0 0 0 "Robbery"
0 94 109 158 232 694 0 0 1 "Robbery"
0 91 109 158 232 695 0 0 1 "Robbery"
0 88 109 157 232 696 0 0 1 "Robbery"
0 85 109 157 232 697 0 0 1 "Robbery"
0 83 109 156 232 698 0 0 1 "Robbery"
0 80 109 156 232 699 0 0 1 "Robbery"
0 77 109 155 232 700 0 0 1 "Robbery"
0 74 109 155 232 701 0 0 1 "Robbery"
0 71 109 154 232 702 0 0 1 "Robbery"
0 69 110 154 232 703 0 0 0 "Robbery"
0 63 110 151 232 704 0 0 1 "Robbery"
0 57 110 149 232 705 0 0 1 "Robbery"
0 51 110 147 232 706 0 0 1 "Robbery"
0 45 110 144 232 707 0 0 1 "Robbery"
0 39 110 142 232 708 0 0 1 "Robbery"
0 33 110 140 232 709 0 0 1 "Robbery"
0 27 110 137 232 710 0 0 1 "Robbery"
0 21 110 135 232 711 0 0 1 "Robbery"
0 15 110 133 232 712 0 0 1 "Robbery"
0 9 111 131 232 713 0 0 0 "Robbery"
0 8 112 130 232 714 0 0 1 "Robbery"
0 8 114 129 232 715 0 0 1 "Robbery"
0 8 116 128 232 716 0 0 1 "Robbery"
0 8 118 127 232 717 0 0 1 "Robbery"
0 8 120 127 232 718 0 0 1 "Robbery"
0 8 121 126 232 719 0 0 1 "Robbery"
0 8 123 125 232 720 0 0 1 "Robbery"
0 8 125 124 232 721 0 0 1 "Robbery"
0 8 127 123 232 722 0 0 1 "Robbery"
0 8 129 123 232 723 0 0 0 "Robbery"
0 7 129 122 232 724 0 0 1 "Robbery"
0 7 129 122 232 725 0 0 1 "Robbery"
0 6 129 121 232 726 0 0 1 "Robbery"
0 6 129 121 232 727 0 0 1 "Robbery"
0 6 129 121 232 728 0 0 1 "Robbery"
0 5 129 120 232 729 0 0 1 "Robbery"
0 5 129 120 232 730 0 0 1 "Robbery"
0 4 129 119 232 731 0 0 1 "Robbery"
0 4 129 119 232 732 0 0 1 "Robbery"
0 4 130 119 233 733 0 0 0 "Robbery"
0 4 129 119 232 734 0 0 1 "Robbery"
0 5 129 120 232 735 0 0 1 "Robbery"
0 5 129 120 232 736 0 0 1 "Robbery"
0 6 129 121 232 737 0 0 1 "Robbery"
0 7 129 122 232 738 0 0 1 "Robbery"
0 7 129 122 232 739 0 0 1 "Robbery"
0 8 129 123 232 740 0 0 1 "Robbery"
0 8 129 123 232 741 0 0 1 "Robbery"
0 9 129 124 232 742 0 0 1 "Robbery"
0 10 129 125 232 743 0 0 0 "Robbery"
0 10 130 124 232 744 0 0 1 "Robbery"
0 10 131 124 232 745 0 0 1 "Robbery"
0 10 132 124 232 746 0 0 1 "Robbery"
0 10 133 124 232 747 0 0 1 "Robbery"
0 10 134 124 232 748 0 0 1 "Robbery"
0 10 135 124 232 749 0 0 1 "Robbery"
0 10 136 124 232 750 0 0 1 "Robbery"
0 10 137 124 232 751 0 0 1 "Robbery"
0 10 138 124 232 752 0 0 1 "Robbery"
0 10 140 124 232 753 0 0 0 "Robbery"
0 13 141 127 232 754 0 0 1 "Robbery"
0 17 142 130 232 755 0 0 1 "Robbery"
0 20 143 134 232 756 0 0 1 "Robbery"
0 24 144 137 232 757 0 0 1 "Robbery"
0 27 146 141 233 758 0 0 1 "Robbery"
0 31 147 144 233 759 0 0 1 "Robbery"
0 34 148 147 233 760 0 0 1 "Robbery"
0 38 149 151 233 761 0 0 1 "Robbery"
0 41 150 154 233 762 0 0 1 "Robbery"
0 45 152 158 234 763 0 0 0 "Robbery"
0 43 151 156 233 764 0 0 1 "Robbery"
0 42 151 155 233 765 0 0 1 "Robbery"
0 41 151 154 233 766 0 0 1 "Robbery"
0 39 151 152 233 767 0 0 1 "Robbery"
0 38 151 151 233 768 0 0 1 "Robbery"
0 37 151 150 233 769 0 0 1 "Robbery"
0 35 151 148 233 770 0 0 1 "Robbery"
0 34 151 147 233 771 0 0 1 "Robbery"
0 33 151 146 233 772 0 0 1 "Robbery"
0 32 151 145 233 773 0 0 0 "Robbery"
0 30 150 143 232 774 0 0 1 "Robbery"
0 28 150 141 232 775 0 0 1 "Robbery"
0 26 150 139 232 776 0 0 1 "Robbery"
0 24 150 137 232 777 0 0 1 "Robbery"
0 23 150 136 232 778 0 0 1 "Robbery"
0 21 150 134 232 779 0 0 1 "Robbery"
0 19 150 132 232 780 0 0 1 "Robbery"
0 17 150 130 232 781 0 0 1 "Robbery"
0 15 150 128 232 782 0 0 1 "Robbery"
0 14 150 127 232 783 0 0 0 "Robbery"
0 14 150 127 232 784 0 0 1 "Robbery"
0 15 150 128 232 785 0 0 1 "Robbery"
0 16 150 129 232 786 0 0 1 "Robbery"
0 16 150 129 232 787 0 0 1 "Robbery"
0 17 150 130 232 788 0 0 1 "Robbery"
0 18 150 131 232 789 0 0 1 "Robbery"
0 18 150 131 232 790 0 0 1 "Robbery"
0 19 150 132 232 791 0 0 1 "Robbery"
0 20 150 133 232 792 0 0 1 "Robbery"
0 21 150 134 232 793 0 0 0 "Robbery"
0 29 148 138 232 794 0 0 1 "Robbery"
0 37 147 143 232 795 0 0 1 "Robbery"
0 45 145 147 232 796 0 0 1 "Robbery"
0 53 144 152 232 797 0 0 1 "Robbery"
0 61 142 157 232 798 0 0 1 "Robbery"
0 69 141 161 232 799 0 0 1 "Robbery"
0 77 140 166 232 800 0 0 1 "Robbery"
0 85 138 171 232 801 0 0 1 "Robbery"
0 93 137 175 232 802 0 0 1 "Robbery"
0 101 135 180 232 803 0 0 1 "Robbery"
0 109 134 185 232 804 0 0 1 "Robbery"
0 117 132 189 232 805 0 0 1 "Robbery"
0 125 131 194 232 806 0 0 1 "Robbery"
0 133 130 199 233 807 0 0 0 "Robbery"
0 135 129 199 232 808 0 0 1 "Robbery"
0 137 128 199 232 809 0 0 1 "Robbery"
0 139 127 200 231 810 0 0 1 "Robbery"
0 141 126 200 231 811 0 0 1 "Robbery"
0 143 125 201 231 812 0 0 0 "Robbery"
0 145 123 204 230 813 0 0 1 "Robbery"
0 148 121 207 230 814 0 0 1 "Robbery"
0 151 119 210 229 815 0 0 1 "Robbery"
0 153 117 214 229 816 0 0 1 "Robbery"
0 156 116 217 228 817 0 0 1 "Robbery"
0 159 114 220 228 818 0 0 1 "Robbery"
0 161 112 224 227 819 0 0 1 "Robbery"
0 164 110 227 227 820 0 0 1 "Robbery"
0 167 108 230 226 821 0 0 1 "Robbery"
0 170 107 234 226 822 1 0 0 "Robbery"
0 171 105 235 224 823 1 0 1 "Robbery"
0 173 103 237 222 824 1 0 1 "Robbery"
0 174 101 239 220 825 1 0 1 "Robbery"
0 176 99 240 218 826 1 0 1 "Robbery"
0 177 97 242 216 827 1 0 1 "Robbery"
0 179 95 244 214 828 1 0 1 "Robbery"
0 180 93 245 212 829 1 0 1 "Robbery"
0 182 91 247 210 830 1 0 1 "Robbery"
0 183 89 249 208 831 1 0 1 "Robbery"
0 185 87 250 206 832 1 0 1 "Robbery"
0 186 85 252 204 833 1 0 1 "Robbery"
0 188 83 254 203 834 1 0 0 "Robbery"
0 188 83 254 203 835 1 0 1 "Robbery"
0 188 83 254 203 836 1 0 1 "Robbery"
0 188 83 254 203 837 1 0 1 "Robbery"
0 188 83 254 203 838 1 0 1 "Robbery"
0 188 83 254 203 839 1 0 1 "Robbery"
0 188 83 254 203 840 1 0 1 "Robbery"
0 188 83 254 203 841 1 0 1 "Robbery"
0 188 83 254 203 842 1 0 1 "Robbery"
0 188 83 254 203 843 1 0 1 "Robbery"
0 188 83 254 203 844 1 0 1 "Robbery"
0 188 83 254 203 845 1 0 1 "Robbery"
0 188 83 254 203 846 1 0 1 "Robbery"
0 188 83 254 203 847 1 0 1 "Robbery"
0 188 83 254 203 848 1 0 1 "Robbery"
0 188 83 254 203 849 1 0 1 "Robbery"
0 188 83 254 203 850 1 0 1 "Robbery"
0 188 83 254 203 851 1 0 1 "Robbery"
0 188 83 254 203 852 1 0 1 "Robbery"
0 188 83 254 203 853 1 0 1 "Robbery"
0 188 83 254 203 854 1 0 1 "Robbery"
0 188 83 254 203 855 1 0 1 "Robbery"
0 188 83 254 203 856 1 0 1 "Robbery"
0 188 83 254 203 857 1 0 1 "Robbery"
0 188 83 254 203 858 1 0 1 "Robbery"
0 188 83 254 203 859 1 0 1 "Robbery"
0 188 83 254 203 860 1 0 1 "Robbery"
0 188 83 254 203 861 1 0 1 "Robbery"
0 188 83 254 203 862 1 0 1 "Robbery"
0 188 83 254 203 863 1 0 1 "Robbery"
0 188 83 254 203 864 1 0 1 "Robbery"
0 188 83 254 203 865 1 0 1 "Robbery"
0 188 83 254 203 866 1 0 1 "Robbery"
0 188 83 254 203 867 1 0 1 "Robbery"
0 188 83 254 203 868 1 0 1 "Robbery"
0 188 83 254 203 869 1 0 1 "Robbery"
0 188 83 254 203 870 1 0 1 "Robbery"
0 188 83 254 203 871 1 0 1 "Robbery"
0 188 83 254 203 872 1 0 1 "Robbery"
0 188 83 254 203 873 1 0 1 "Robbery"
0 188 83 254 203 874 1 0 1 "Robbery"
0 188 83 254 203 875 1 0 1 "Robbery"
0 188 83 254 203 876 1 0 1 "Robbery"
0 188 83 254 203 877 1 0 1 "Robbery"
0 188 83 254 203 878 1 0 1 "Robbery"
0 188 83 254 203 879 1 0 1 "Robbery"
0 188 83 254 203 880 1 0 1 "Robbery"
0 188 83 254 203 881 1 0 1 "Robbery"
0 188 83 254 203 882 1 0 1 "Robbery"
0 188 83 254 203 883 1 0 1 "Robbery"
0 188 83 254 203 884 1 0 1 "Robbery"
0 188 83 254 203 885 1 0 1 "Robbery"
0 188 83 254 203 886 1 0 1 "Robbery"
0 188 83 254 203 887 1 0 1 "Robbery"
0 188 83 254 203 888 1 0 1 "Robbery"
0 188 83 254 203 889 1 0 1 "Robbery"
0 188 83 254 203 890 1 0 1 "Robbery"
0 188 83 254 203 891 1 0 1 "Robbery"
0 188 83 254 203 892 1 0 1 "Robbery"
0 188 83 254 203 893 1 0 1 "Robbery"
0 188 83 254 203 894 1 0 1 "Robbery"
0 188 83 254 203 895 1 0 1 "Robbery"
0 188 83 254 203 896 1 0 1 "Robbery"
0 188 83 254 203 897 1 0 1 "Robbery"
0 188 83 254 203 898 1 0 1 "Robbery"
0 188 83 254 203 899 1 0 1 "Robbery"
0 188 83 254 203 900 1 0 1 "Robbery"
0 188 83 254 203 901 1 0 1 "Robbery"
0 188 83 254 203 902 1 0 1 "Robbery"
0 188 83 254 203 903 1 0 1 "Robbery"
0 188 83 254 203 904 1 0 1 "Robbery"
0 188 83 254 203 905 1 0 1 "Robbery"
0 188 83 254 203 906 1 0 1 "Robbery"
0 188 83 254 203 907 1 0 1 "Robbery"
0 188 83 254 203 908 1 0 1 "Robbery"
0 188 83 254 203 909 1 0 1 "Robbery"
0 188 83 254 203 910 1 0 1 "Robbery"
0 188 83 254 203 911 1 0 1 "Robbery"
0 188 83 254 203 912 1 0 1 "Robbery"
0 188 83 254 203 913 1 0 1 "Robbery"
0 188 83 254 203 914 1 0 1 "Robbery"
0 188 83 254 203 915 1 0 1 "Robbery"
0 188 83 254 203 916 1 0 1 "Robbery"
0 188 83 254 203 917 1 0 1 "Robbery"
0 188 83 254 203 918 1 0 1 "Robbery"
0 188 83 254 203 919 1 0 1 "Robbery"
0 188 83 254 203 920 1 0 1 "Robbery"
0 188 83 254 203 921 1 0 1 "Robbery"
0 188 83 254 203 922 1 0 1 "Robbery"
0 188 83 254 203 923 1 0 1 "Robbery"
0 188 83 254 203 924 1 0 1 "Robbery"
0 188 83 254 203 925 1 0 1 "Robbery"
0 188 83 254 203 926 1 0 1 "Robbery"
0 188 83 254 203 927 1 0 1 "Robbery"
0 188 83 254 203 928 1 0 1 "Robbery"
0 188 83 254 203 929 1 0 1 "Robbery"
0 188 83 254 203 930 1 0 1 "Robbery"
0 188 83 254 203 931 1 0 1 "Robbery"
0 188 83 254 203 932 1 0 1 "Robbery"
0 188 83 254 203 933 1 0 1 "Robbery"
0 188 83 254 203 934 1 0 1 "Robbery"
0 188 83 254 203 935 1 0 1 "Robbery"
0 188 83 254 203 936 1 0 1 "Robbery"
0 188 83 254 203 937 1 0 1 "Robbery"
0 188 83 254 203 938 1 0 1 "Robbery"
0 188 83 254 203 939 1 0 1 "Robbery"
0 188 83 254 203 940 1 0 1 "Robbery"
0 188 83 254 203 941 1 0 1 "Robbery"
0 188 83 254 203 942 1 0 1 "Robbery"
0 188 83 254 203 943 1 0 1 "Robbery"
0 188 83 254 203 944 1 0 1 "Robbery"
0 188 83 254 203 945 1 0 1 "Robbery"
0 188 83 254 203 946 1 0 1 "Robbery"
0 188 83 254 203 947 1 0 1 "Robbery"
0 188 83 254 203 948 1 0 1 "Robbery"
0 188 83 254 203 949 1 0 1 "Robbery"
0 188 83 254 203 950 1 0 1 "Robbery"
0 188 83 254 203 951 1 0 1 "Robbery"
0 188 83 254 203 952 1 0 1 "Robbery"
0 188 83 254 203 953 1 0 1 "Robbery"
0 188 83 254 203 954 1 0 1 "Robbery"
0 188 83 254 203 955 1 0 1 "Robbery"
0 188 83 254 203 956 1 0 1 "Robbery"
0 188 83 254 203 957 1 0 1 "Robbery"
0 188 83 254 203 958 1 0 1 "Robbery"
0 188 83 254 203 959 1 0 1 "Robbery"
0 188 83 254 203 960 1 0 1 "Robbery"
0 188 83 254 203 961 1 0 1 "Robbery"
0 188 83 254 203 962 1 0 1 "Robbery"
0 188 83 254 203 963 1 0 1 "Robbery"
0 188 83 254 203 964 1 0 1 "Robbery"
0 188 83 254 203 965 1 0 1 "Robbery"
0 188 83 254 203 966 1 0 1 "Robbery"
0 188 83 254 203 967 1 0 1 "Robbery"
0 188 83 254 203 968 1 0 1 "Robbery"
0 188 83 254 203 969 1 0 1 "Robbery"
0 188 83 254 203 970 1 0 1 "Robbery"
0 188 83 254 203 971 1 0 1 "Robbery"
0 188 83 254 203 972 1 0 1 "Robbery"
0 188 83 254 203 973 1 0 1 "Robbery"
0 188 83 254 203 974 1 0 1 "Robbery"
0 188 83 254 203 975 1 0 1 "Robbery"
0 188 83 254 203 976 1 0 1 "Robbery"
0 188 83 254 203 977 1 0 1 "Robbery"
0 188 83 254 203 978 1 0 1 "Robbery"
0 188 83 254 203 979 1 0 1 "Robbery"
0 188 83 254 203 980 1 0 1 "Robbery"
0 188 83 254 203 981 1 0 1 "Robbery"
0 188 83 254 203 982 1 0 1 "Robbery"
0 188 83 254 203 983 1 0 1 "Robbery"
0 188 83 254 203 984 1 0 1 "Robbery"
0 188 83 254 203 985 1 0 1 "Robbery"
0 188 83 254 203 986 1 0 1 "Robbery"
0 188 83 254 203 987 1 0 1 "Robbery"
0 188 83 254 203 988 1 0 1 "Robbery"
0 188 83 254 203 989 1 0 1 "Robbery"
0 188 83 254 203 990 1 0 1 "Robbery"
0 188 83 254 203 991 1 0 1 "Robbery"
0 188 83 254 203 992 1 0 1 "Robbery"
0 188 83 254 203 993 1 0 1 "Robbery"
0 188 83 254 203 994 1 0 1 "Robbery"
0 188 83 254 203 995 1 0 1 "Robbery"
0 188 83 254 203 996 1 0 1 "Robbery"
0 188 83 254 203 997 1 0 1 "Robbery"
0 188 83 254 203 998 1 0 1 "Robbery"
0 188 83 254 203 999 1 0 1 "Robbery"
0 188 83 254 203 1000 1 0 1 "Robbery"
0 188 83 254 203 1001 1 0 1 "Robbery"
0 188 83 254 203 1002 1 0 1 "Robbery"
0 188 83 254 203 1003 1 0 1 "Robbery"
0 188 83 254 203 1004 1 0 1 "Robbery"
0 188 83 254 203 1005 1 0 1 "Robbery"
0 188 83 254 203 1006 1 0 1 "Robbery"
0 188 83 254 203 1007 1 0 1 "Robbery"
0 188 83 254 203 1008 1 0 1 "Robbery"
0 188 83 254 203 1009 1 0 1 "Robbery"
0 188 83 254 203 1010 1 0 1 "Robbery"
0 188 83 254 203 1011 1 0 1 "Robbery"
0 188 83 254 203 1012 1 0 1 "Robbery"
0 188 83 254 203 1013 1 0 1 "Robbery"
0 188 83 254 203 1014 1 0 1 "Robbery"
0 188 83 254 203 1015 1 0 1 "Robbery"
0 188 83 254 203 1016 1 0 1 "Robbery"
0 188 83 254 203 1017 1 0 1 "Robbery"
0 188 83 254 203 1018 1 0 1 "Robbery"
0 188 83 254 203 1019 1 0 1 "Robbery"
0 188 83 254 203 1020 1 0 1 "Robbery"
0 188 83 254 203 1021 1 0 1 "Robbery"
0 188 83 254 203 1022 1 0 1 "Robbery"
0 188 83 254 203 1023 1 0 1 "Robbery"
0 188 83 254 203 1024 1 0 1 "Robbery"
0 188 83 254 203 1025 1 0 1 "Robbery"
0 188 83 254 203 1026 1 0 1 "Robbery"
0 188 83 254 203 1027 1 0 1 "Robbery"
0 188 83 254 203 1028 1 0 1 "Robbery"
0 188 83 254 203 1029 1 0 1 "Robbery"
0 188 83 254 203 1030 1 0 1 "Robbery"
0 188 83 254 203 1031 1 0 1 "Robbery"
0 188 83 254 203 1032 1 0 1 "Robbery"
0 188 83 254 203 1033 1 0 1 "Robbery"
0 188 83 254 203 1034 1 0 1 "Robbery"
0 188 83 254 203 1035 1 0 1 "Robbery"
0 188 83 254 203 1036 1 0 1 "Robbery"
0 188 83 254 203 1037 1 0 1 "Robbery"
0 188 83 254 203 1038 1 0 1 "Robbery"
0 188 83 254 203 1039 1 0 1 "Robbery"
0 188 83 254 203 1040 1 0 1 "Robbery"
0 188 83 254 203 1041 1 0 1 "Robbery"
0 188 83 254 203 1042 1 0 1 "Robbery"
0 188 83 254 203 1043 1 0 1 "Robbery"
0 188 83 254 203 1044 1 0 1 "Robbery"
0 188 83 254 203 1045 1 0 1 "Robbery"
0 188 83 254 203 1046 1 0 1 "Robbery"
0 188 83 254 203 1047 1 0 1 "Robbery"
0 188 83 254 203 1048 1 0 1 "Robbery"
0 188 83 254 203 1049 1 0 1 "Robbery"
0 188 83 254 203 1050 1 0 1 "Robbery"
0 188 83 254 203 1051 1 0 1 "Robbery"
0 188 83 254 203 1052 1 0 1 "Robbery"
0 188 83 254 203 1053 1 0 1 "Robbery"
0 188 83 254 203 1054 1 0 1 "Robbery"
0 188 83 254 203 1055 1 0 1 "Robbery"
0 188 83 254 203 1056 1 0 1 "Robbery"
0 188 83 254 203 1057 1 0 1 "Robbery"
0 188 83 254 203 1058 1 0 1 "Robbery"
0 188 83 254 203 1059 1 0 1 "Robbery"
0 188 83 254 203 1060 1 0 1 "Robbery"
0 188 83 254 203 1061 1 0 1 "Robbery"
0 188 83 254 203 1062 1 0 1 "Robbery"
0 188 83 254 203 1063 1 0 1 "Robbery"
0 188 83 254 203 1064 1 0 1 "Robbery"
0 188 83 254 203 1065 1 0 1 "Robbery"
0 188 83 254 203 1066 1 0 1 "Robbery"
0 188 83 254 203 1067 1 0 1 "Robbery"
0 188 83 254 203 1068 1 0 1 "Robbery"
0 188 83 254 203 1069 1 0 1 "Robbery"
0 188 83 254 203 1070 1 0 1 "Robbery"
0 188 83 254 203 1071 1 0 1 "Robbery"
0 188 83 254 203 1072 1 0 1 "Robbery"
0 188 83 254 203 1073 1 0 1 "Robbery"
0 188 83 254 203 1074 1 0 1 "Robbery"
0 188 83 254 203 1075 1 0 1 "Robbery"
0 188 83 254 203 1076 1 0 1 "Robbery"
0 188 83 254 203 1077 1 0 1 "Robbery"
0 188 83 254 203 1078 1 0 1 "Robbery"
0 188 83 254 203 1079 1 0 1 "Robbery"
0 188 83 254 203 1080 1 0 1 "Robbery"
0 188 83 254 203 1081 1 0 1 "Robbery"
0 188 83 254 203 1082 1 0 1 "Robbery"
0 188 83 254 203 1083 1 0 1 "Robbery"
0 188 83 254 203 1084 1 0 1 "Robbery"
0 188 83 254 203 1085 1 0 1 "Robbery"
0 188 83 254 203 1086 1 0 1 "Robbery"
0 188 83 254 203 1087 1 0 1 "Robbery"
0 188 83 254 203 1088 1 0 1 "Robbery"
0 188 83 254 203 1089 1 0 1 "Robbery"
0 188 83 254 203 1090 1 0 1 "Robbery"
0 188 83 254 203 1091 1 0 1 "Robbery"
0 188 83 254 203 1092 1 0 1 "Robbery"
0 188 83 254 203 1093 1 0 1 "Robbery"
0 188 83 254 203 1094 1 0 1 "Robbery"
0 188 83 254 203 1095 1 0 1 "Robbery"
0 188 83 254 203 1096 1 0 1 "Robbery"
0 188 83 254 203 1097 1 0 1 "Robbery"
0 188 83 254 203 1098 1 0 1 "Robbery"
0 188 83 254 203 1099 1 0 1 "Robbery"
0 188 83 254 203 1100 1 0 1 "Robbery"
0 188 83 254 203 1101 1 0 1 "Robbery"
0 188 83 254 203 1102 1 0 1 "Robbery"
0 188 83 254 203 1103 1 0 1 "Robbery"
0 188 83 254 203 1104 1 0 1 "Robbery"
0 188 83 254 203 1105 1 0 1 "Robbery"
0 188 83 254 203 1106 1 0 0 "Robbery"
