0 114 49 166 110 0 1 0 0 "Robbery"
0 114 49 166 110 1 1 0 1 "Robbery"
0 114 49 166 110 2 1 0 1 "Robbery"
0 114 49 166 110 3 1 0 1 "Robbery"
0 114 49 166 110 4 1 0 1 "Robbery"
0 114 49 166 110 5 1 0 1 "Robbery"
0 114 49 166 110 6 1 0 1 "Robbery"
0 114 49 166 110 7 1 0 1 "Robbery"
0 114 49 166 110 8 1 0 1 "Robbery"
0 114 49 166 110 9 1 0 1 "Robbery"
0 114 49 166 110 10 1 0 1 "Robbery"
0 114 49 166 110 11 1 0 1 "Robbery"
0 114 49 166 110 12 1 0 1 "Robbery"
0 114 49 166 110 13 1 0 1 "Robbery"
0 114 49 166 110 14 1 0 1 "Robbery"
0 114 49 166 110 15 1 0 1 "Robbery"
0 114 49 166 110 16 1 0 1 "Robbery"
0 114 49 166 110 17 1 0 1 "Robbery"
0 114 49 166 110 18 1 0 1 "Robbery"
0 114 49 166 110 19 1 0 1 "Robbery"
0 114 49 166 110 20 1 0 1 "Robbery"
0 114 49 166 110 21 1 0 1 "Robbery"
0 114 49 166 110 22 1 0 1 "Robbery"
0 114 49 166 110 23 1 0 1 "Robbery"
0 114 49 166 110 24 1 0 1 "Robbery"
0 114 49 166 110 25 1 0 1 "Robbery"
0 114 49 166 110 26 1 0 1 "Robbery"
0 114 49 166 110 27 1 0 1 "Robbery"
0 114 49 166 110 28 1 0 1 "Robbery"
0 114 49 166 110 29 1 0 1 "Robbery"
0 114 49 166 110 30 1 0 1 "Robbery"
0 114 49 166 110 31 1 0 1 "Robbery"
0 114 49 166 110 32 1 0 1 "Robbery"
0 114 49 166 110 33 1 0 1 "Robbery"
0 114 49 166 110 34 1 0 1 "Robbery"
0 114 49 166 110 35 1 0 1 "Robbery"
0 114 49 166 110 36 1 0 1 "Robbery"
0 114 49 166 110 37 1 0 1 "Robbery"
0 114 49 166 110 38 1 0 1 "Robbery"
0 114 49 166 110 39 1 0 1 "Robbery"
0 114 49 166 110 40 1 0 1 "Robbery"
0 114 49 166 110 41 1 0 1 "Robbery"
0 114 49 166 110 42 1 0 1 "Robbery"
0 114 49 166 110 43 1 0 1 "Robbery"
0 114 49 166 110 44 1 0 1 "Robbery"
0 114 49 166 110 45 1 0 1 "Robbery"
0 114 49 166 110 46 1 0 1 "Robbery"
0 114 49 166 110 47 1 0 1 "Robbery"
0 114 49 166 110 48 1 0 1 "Robbery"
0 114 49 166 110 49 1 0 1 "Robbery"
0 114 49 166 110 50 1 0 1 "Robbery"
0 114 49 166 110 51 1 0 1 "Robbery"
0 114 49 166 110 52 1 0 1 "Robbery"
0 114 49 166 110 53 1 0 1 "Robbery"
0 114 49 166 110 54 1 0 1 "Robbery"
0 114 49 166 110 55 1 0 1 "Robbery"
0 114 49 166 110 56 1 0 1 "Robbery"
0 114 49 166 110 57 1 0 1 "Robbery"
0 114 49 166 110 58 1 0 1 "Robbery"
0 114 49 166 110 59 1 0 1 "Robbery"
0 114 49 166 110 60 1 0 1 "Robbery"
0 114 49 166 110 61 1 0 1 "Robbery"
0 114 49 166 110 62 1 0 1 "Robbery"
0 114 49 166 110 63 1 0 1 "Robbery"
0 114 49 166 110 64 1 0 1 "Robbery"
0 114 49 166 110 65 1 0 1 "Robbery"
0 114 49 166 110 66 1 0 1 "Robbery"
0 114 49 166 110 67 1 0 1 "Robbery"
0 114 49 166 110 68 1 0 1 "Robbery"
0 114 49 166 110 69 1 0 1 "Robbery"
0 114 49 166 110 70 1 0 1 "Robbery"
0 114 49 166 110 71 1 0 1 "Robbery"
0 114 49 166 110 72 1 0 1 "Robbery"
0 114 49 166 110 73 1 0 1 "Robbery"
0 114 49 166 110 74 1 0 1 "Robbery"
0 114 49 166 110 75 1 0 1 "Robbery"
0 114 49 166 110 76 1 0 1 "Robbery"
0 114 49 166 110 77 1 0 1 "Robbery"
0 114 49 166 110 78 1 0 1 "Robbery"
0 114 49 166 110 79 1 0 1 "Robbery"
0 114 49 166 110 80 1 0 1 "Robbery"
0 114 49 166 110 81 1 0 1 "Robbery"
0 114 49 166 110 82 1 0 1 "Robbery"
0 114 49 166 110 83 1 0 1 "Robbery"
0 114 49 166 110 84 1 0 1 "Robbery"
0 114 49 166 110 85 1 0 1 "Robbery"
0 114 49 166 110 86 1 0 1 "Robbery"
0 114 49 166 110 87 1 0 1 "Robbery"
0 114 49 166 110 88 1 0 1 "Robbery"
0 114 49 166 110 89 1 0 1 "Robbery"
0 114 49 166 110 90 1 0 1 "Robbery"
0 114 49 166 110 91 1 0 1 "Robbery"
0 114 49 166 110 92 1 0 1 "Robbery"
0 114 49 166 110 93 1 0 1 "Robbery"
0 114 49 166 110 94 1 0 1 "Robbery"
0 114 49 166 110 95 1 0 1 "Robbery"
0 114 49 166 110 96 1 0 1 "Robbery"
0 114 49 166 110 97 1 0 1 "Robbery"
0 114 49 166 110 98 1 0 1 "Robbery"
0 114 49 166 110 99 1 0 1 "Robbery"
0 114 49 166 110 100 1 0 1 "Robbery"
0 114 49 166 110 101 1 0 1 "Robbery"
0 114 49 166 110 102 1 0 1 "Robbery"
0 114 49 166 110 103 1 0 1 "Robbery"
0 114 49 166 110 104 1 0 1 "Robbery"
0 114 49 166 110 105 1 0 1 "Robbery"
0 114 49 166 110 106 1 0 1 "Robbery"
0 114 49 166 110 107 1 0 1 "Robbery"
0 114 49 166 110 108 1 0 1 "Robbery"
0 114 49 166 110 109 1 0 1 "Robbery"
0 114 49 166 110 110 1 0 1 "Robbery"
0 114 49 166 110 111 1 0 1 "Robbery"
0 114 49 166 110 112 1 0 1 "Robbery"
0 114 49 166 110 113 1 0 1 "Robbery"
0 114 49 166 110 114 1 0 1 "Robbery"
0 114 49 166 110 115 1 0 1 "Robbery"
0 114 49 166 110 116 1 0 1 "Robbery"
0 114 49 166 110 117 1 0 1 "Robbery"
0 114 49 166 110 118 1 0 1 "Robbery"
0 114 49 166 110 119 1 0 1 "Robbery"
0 114 49 166 110 120 1 0 1 "Robbery"
0 114 49 166 110 121 1 0 1 "Robbery"
0 114 49 166 110 122 1 0 1 "Robbery"
0 114 49 166 110 123 1 0 1 "Robbery"
0 114 49 166 110 124 1 0 1 "Robbery"
0 114 49 166 110 125 1 0 1 "Robbery"
0 114 49 166 110 126 1 0 1 "Robbery"
0 114 49 166 110 127 1 0 1 "Robbery"
0 114 49 166 110 128 1 0 1 "Robbery"
0 114 49 166 110 129 1 0 1 "Robbery"
0 114 49 166 110 130 1 0 1 "Robbery"
0 114 49 166 110 131 1 0 1 "Robbery"
0 114 49 166 110 132 1 0 1 "Robbery"
0 114 49 166 110 133 1 0 1 "Robbery"
0 114 49 166 110 134 1 0 1 "Robbery"
0 114 49 166 110 135 1 0 1 "Robbery"
0 114 49 166 110 136 1 0 1 "Robbery"
0 114 49 166 110 137 1 0 1 "Robbery"
0 114 49 166 110 138 1 0 1 "Robbery"
0 114 49 166 110 139 1 0 1 "Robbery"
0 114 49 166 110 140 1 0 1 "Robbery"
0 114 49 166 110 141 1 0 1 "Robbery"
0 114 49 166 110 142 1 0 1 "Robbery"
0 114 49 166 110 143 1 0 1 "Robbery"
0 114 49 166 110 144 1 0 1 "Robbery"
0 114 49 166 110 145 1 0 1 "Robbery"
0 114 49 166 110 146 1 0 1 "Robbery"
0 114 49 166 110 147 1 0 1 "Robbery"
0 114 49 166 110 148 1 0 1 "Robbery"
0 114 49 166 110 149 1 0 1 "Robbery"
0 114 49 166 110 150 1 0 1 "Robbery"
0 114 49 166 110 151 1 0 1 "Robbery"
0 114 49 166 110 152 1 0 1 "Robbery"
0 114 49 166 110 153 1 0 1 "Robbery"
0 114 49 166 110 154 1 0 1 "Robbery"
0 114 49 166 110 155 1 0 1 "Robbery"
0 114 49 166 110 156 1 0 1 "Robbery"
0 114 49 166 110 157 1 0 1 "Robbery"
0 114 49 166 110 158 1 0 1 "Robbery"
0 114 49 166 110 159 1 0 1 "Robbery"
0 114 49 166 110 160 1 0 1 "Robbery"
0 114 49 166 110 161 1 0 1 "Robbery"
0 114 49 166 110 162 1 0 1 "Robbery"
0 114 49 166 110 163 1 0 1 "Robbery"
0 114 49 166 110 164 1 0 1 "Robbery"
0 114 49 166 110 165 1 0 1 "Robbery"
0 114 49 166 110 166 1 0 1 "Robbery"
0 114 49 166 110 167 1 0 1 "Robbery"
0 114 49 166 110 168 1 0 1 "Robbery"
0 114 49 166 110 169 1 0 1 "Robbery"
0 114 49 166 110 170 1 0 1 "Robbery"
0 114 49 166 110 171 1 0 1 "Robbery"
0 114 49 166 110 172 1 0 1 "Robbery"
0 114 49 166 110 173 1 0 1 "Robbery"
0 114 49 166 110 174 1 0 1 "Robbery"
0 114 49 166 110 175 1 0 1 "Robbery"
0 114 49 166 110 176 1 0 1 "Robbery"
0 114 49 166 110 177 1 0 1 "Robbery"
0 114 49 166 110 178 1 0 1 "Robbery"
0 114 49 166 110 179 1 0 1 "Robbery"
0 114 49 166 110 180 1 0 1 "Robbery"
0 114 49 166 110 181 1 0 1 "Robbery"
0 114 49 166 110 182 1 0 1 "Robbery"
0 114 49 166 110 183 1 0 1 "Robbery"
0 114 49 166 110 184 1 0 1 "Robbery"
0 114 49 166 110 185 1 0 1 "Robbery"
0 114 49 166 110 186 1 0 1 "Robbery"
0 114 49 166 110 187 1 0 1 "Robbery"
0 114 49 166 110 188 1 0 1 "Robbery"
0 114 49 166 110 189 1 0 1 "Robbery"
0 114 49 166 110 190 1 0 1 "Robbery"
0 114 49 166 110 191 1 0 1 "Robbery"
0 114 49 166 110 192 1 0 1 "Robbery"
0 114 49 166 110 193 1 0 1 "Robbery"
0 114 49 166 110 194 1 0 1 "Robbery"
0 114 49 166 110 195 1 0 1 "Robbery"
0 114 49 166 110 196 1 0 1 "Robbery"
0 114 49 166 110 197 1 0 1 "Robbery"
0 114 49 166 110 198 1 0 1 "Robbery"
0 114 49 166 110 199 1 0 1 "Robbery"
0 114 49 166 110 200 1 0 1 "Robbery"
0 114 49 166 110 201 1 0 1 "Robbery"
0 114 49 166 110 202 1 0 1 "Robbery"
0 114 49 166 110 203 1 0 1 "Robbery"
0 114 49 166 110 204 1 0 1 "Robbery"
0 114 49 166 110 205 1 0 1 "Robbery"
0 114 49 166 110 206 1 0 1 "Robbery"
0 114 49 166 110 207 1 0 1 "Robbery"
0 114 49 166 110 208 1 0 1 "Robbery"
0 114 49 166 110 209 1 0 1 "Robbery"
0 114 49 166 110 210 1 0 1 "Robbery"
0 114 49 166 110 211 1 0 1 "Robbery"
0 114 49 166 110 212 1 0 1 "Robbery"
0 114 49 166 110 213 1 0 1 "Robbery"
0 114 49 166 110 214 1 0 1 "Robbery"
0 114 49 166 110 215 1 0 1 "Robbery"
0 114 49 166 110 216 1 0 1 "Robbery"
0 114 49 166 110 217 1 0 1 "Robbery"
0 114 49 166 110 218 1 0 1 "Robbery"
0 114 49 166 110 219 1 0 1 "Robbery"
0 114 49 166 110 220 1 0 1 "Robbery"
0 114 49 166 110 221 1 0 1 "Robbery"
0 114 49 166 110 222 1 0 1 "Robbery"
0 114 49 166 110 223 1 0 1 "Robbery"
0 114 49 166 110 224 1 0 1 "Robbery"
0 114 49 166 110 225 1 0 1 "Robbery"
0 114 49 166 110 226 1 0 1 "Robbery"
0 114 49 166 110 227 1 0 1 "Robbery"
0 114 49 166 110 228 1 0 1 "Robbery"
0 114 49 166 110 229 1 0 1 "Robbery"
0 114 49 166 110 230 1 0 1 "Robbery"
0 114 49 166 110 231 1 0 1 "Robbery"
0 114 49 166 110 232 1 0 1 "Robbery"
0 114 49 166 110 233 1 0 1 "Robbery"
0 114 49 166 110 234 1 0 1 "Robbery"
0 114 49 166 110 235 1 0 1 "Robbery"
0 114 49 166 110 236 1 0 1 "Robbery"
0 114 49 166 110 237 1 0 1 "Robbery"
0 114 49 166 110 238 1 0 1 "Robbery"
0 114 49 166 110 239 1 0 1 "Robbery"
0 114 49 166 110 240 1 0 1 "Robbery"
0 114 49 166 110 241 1 0 1 "Robbery"
0 114 49 166 110 242 1 0 1 "Robbery"
0 114 49 166 110 243 1 0 1 "Robbery"
0 114 49 166 110 244 1 0 1 "Robbery"
0 114 49 166 110 245 1 0 1 "Robbery"
0 114 49 166 110 246 1 0 1 "Robbery"
0 114 49 166 110 247 1 0 1 "Robbery"
0 114 49 166 110 248 1 0 1 "Robbery"
0 114 49 166 110 249 1 0 1 "Robbery"
0 114 49 166 110 250 1 0 1 "Robbery"
0 114 49 166 110 251 1 0 1 "Robbery"
0 114 49 166 110 252 1 0 1 "Robbery"
0 114 49 166 110 253 1 0 1 "Robbery"
0 114 49 166 110 254 1 0 1 "Robbery"
0 114 49 166 110 255 1 0 1 "Robbery"
0 114 49 166 110 256 1 0 1 "Robbery"
0 114 49 166 110 257 1 0 1 "Robbery"
0 114 49 166 110 258 1 0 1 "Robbery"
0 114 49 166 110 259 1 0 1 "Robbery"
0 114 49 166 110 260 1 0 1 "Robbery"
0 114 49 166 110 261 1 0 1 "Robbery"
0 114 49 166 110 262 1 0 1 "Robbery"
0 114 49 166 110 263 1 0 1 "Robbery"
0 114 49 166 110 264 1 0 1 "Robbery"
0 114 49 166 110 265 1 0 1 "Robbery"
0 114 49 166 110 266 1 0 1 "Robbery"
0 114 49 166 110 267 1 0 1 "Robbery"
0 114 49 166 110 268 1 0 1 "Robbery"
0 114 49 166 110 269 1 0 1 "Robbery"
0 114 49 166 110 270 1 0 1 "Robbery"
0 114 49 166 110 271 1 0 1 "Robbery"
0 114 49 166 110 272 1 0 1 "Robbery"
0 114 49 166 110 273 1 0 1 "Robbery"
0 114 49 166 110 274 1 0 1 "Robbery"
0 114 49 166 110 275 1 0 1 "Robbery"
0 114 49 166 110 276 1 0 1 "Robbery"
0 114 49 166 110 277 1 0 1 "Robbery"
0 114 49 166 110 278 1 0 1 "Robbery"
0 114 49 166 110 279 1 0 1 "Robbery"
0 114 49 166 110 280 1 0 1 "Robbery"
0 114 49 166 110 281 1 0 1 "Robbery"
0 114 49 166 110 282 1 0 1 "Robbery"
0 114 49 166 110 283 1 0 1 "Robbery"
0 114 49 166 110 284 1 0 1 "Robbery"
0 114 49 166 110 285 1 0 1 "Robbery"
0 114 49 166 110 286 1 0 1 "Robbery"
0 114 49 166 110 287 1 0 1 "Robbery"
0 114 49 166 110 288 1 0 1 "Robbery"
0 114 49 166 110 289 1 0 1 "Robbery"
0 114 49 166 110 290 1 0 1 "Robbery"
0 114 49 166 110 291 1 0 1 "Robbery"
0 114 49 166 110 292 1 0 1 "Robbery"
0 114 49 166 110 293 1 0 1 "Robbery"
0 114 49 166 110 294 1 0 1 "Robbery"
0 114 49 166 110 295 1 0 1 "Robbery"
0 114 49 166 110 296 1 0 1 "Robbery"
0 114 49 166 110 297 1 0 1 "Robbery"
0 114 49 166 110 298 1 0 1 "Robbery"
0 114 49 166 110 299 1 0 1 "Robbery"
0 114 49 166 110 300 1 0 1 "Robbery"
0 114 49 166 110 301 1 0 1 "Robbery"
0 114 49 166 110 302 1 0 1 "Robbery"
0 114 49 166 110 303 1 0 1 "Robbery"
0 114 49 166 110 304 1 0 1 "Robbery"
0 114 49 166 110 305 1 0 1 "Robbery"
0 114 49 166 110 306 1 0 1 "Robbery"
0 114 49 166 110 307 1 0 1 "Robbery"
0 114 49 166 110 308 1 0 1 "Robbery"
0 114 49 166 110 309 1 0 1 "Robbery"
0 114 49 166 110 310 1 0 1 "Robbery"
0 114 49 166 110 311 1 0 1 "Robbery"
0 114 49 166 110 312 1 0 1 "Robbery"
0 114 49 166 110 313 1 0 1 "Robbery"
0 114 49 166 110 314 1 0 1 "Robbery"
0 114 49 166 110 315 1 0 1 "Robbery"
0 114 49 166 110 316 1 0 1 "Robbery"
0 114 49 166 110 317 1 0 1 "Robbery"
0 114 49 166 110 318 1 0 1 "Robbery"
0 114 49 166 110 319 1 0 1 "Robbery"
0 114 49 166 110 320 1 0 1 "Robbery"
0 114 49 166 110 321 1 0 1 "Robbery"
0 114 49 166 110 322 1 0 1 "Robbery"
0 114 49 166 110 323 1 0 1 "Robbery"
0 114 49 166 110 324 1 0 1 "Robbery"
0 114 49 166 110 325 1 0 1 "Robbery"
0 114 49 166 110 326 1 0 1 "Robbery"
0 114 49 166 110 327 1 0 1 "Robbery"
0 114 49 166 110 328 1 0 1 "Robbery"
0 114 49 166 110 329 1 0 1 "Robbery"
0 114 49 166 110 330 0 0 0 "Robbery"
0 113 49 165 110 331 0 0 1 "Robbery"
0 113 49 165 110 332 0 0 1 "Robbery"
0 112 49 164 110 333 0 0 1 "Robbery"
0 112 49 164 110 334 0 0 1 "Robbery"
0 111 49 163 110 335 0 0 1 "Robbery"
0 111 49 163 110 336 0 0 1 "Robbery"
0 110 49 162 110 337 0 0 1 "Robbery"
0 110 49 162 110 338 0 0 1 "Robbery"
0 109 49 161 110 339 0 0 1 "Robbery"
0 109 50 161 111 340 0 0 0 "Robbery"
0 108 50 160 111 341 0 0 1 "Robbery"
0 107 50 159 111 342 0 0 1 "Robbery"
0 107 50 159 111 343 0 0 1 "Robbery"
0 106 50 158 111 344 0 0 1 "Robbery"
0 106 51 158 112 345 0 0 1 "Robbery"
0 105 51 157 112 346 0 0 1 "Robbery"
0 104 51 156 112 347 0 0 1 "Robbery"
0 104 51 156 112 348 0 0 1 "Robbery"
0 103 51 155 112 349 0 0 1 "Robbery"
0 103 52 155 113 350 0 0 0 "Robbery"
0 102 52 154 113 351 0 0 1 "Robbery"
0 101 52 153 113 352 0 0 1 "Robbery"
0 101 52 153 113 353 0 0 1 "Robbery"
0 100 52 152 113 354 0 0 1 "Robbery"
0 100 53 152 114 355 0 0 1 "Robbery"
0 99 53 151 114 356 0 0 1 "Robbery"
0 98 53 150 114 357 0 0 1 "Robbery"
0 98 53 150 114 358 0 0 1 "Robbery"
0 97 53 149 114 359 0 0 1 "Robbery"
0 97 54 149 115 360 0 0 0 "Robbery"
0 97 54 148 115 361 0 0 1 "Robbery"
0 97 54 148 115 362 0 0 1 "Robbery"
0 97 54 148 116 363 0 0 1 "Robbery"
0 97 54 148 116 364 0 0 1 "Robbery"
0 97 54 148 116 365 0 0 1 "Robbery"
0 97 54 148 117 366 0 0 1 "Robbery"
0 97 54 148 117 367 0 0 1 "Robbery"
0 97 54 148 117 368 0 0 1 "Robbery"
0 97 54 148 118 369 0 0 1 "Robbery"
0 97 54 148 118 370 0 0 1 "Robbery"
0 97 54 148 118 371 0 0 1 "Robbery"
0 97 54 148 119 372 0 0 1 "Robbery"
0 97 54 148 119 373 0 0 1 "Robbery"
0 97 54 148 119 374 0 0 1 "Robbery"
0 97 54 148 120 375 0 0 1 "Robbery"
0 97 54 148 120 376 0 0 1 "Robbery"
0 97 54 148 120 377 0 0 1 "Robbery"
0 97 54 148 121 378 0 0 1 "Robbery"
0 97 54 148 121 379 0 0 1 "Robbery"
0 97 54 148 121 380 0 0 1 "Robbery"
0 97 54 148 122 381 0 0 1 "Robbery"
0 97 54 148 122 382 0 0 1 "Robbery"
0 97 54 148 122 383 0 0 1 "Robbery"
0 97 54 148 123 384 0 0 1 "Robbery"
0 97 54 148 123 385 0 0 1 "Robbery"
0 97 54 148 123 386 0 0 1 "Robbery"
0 97 54 148 124 387 0 0 1 "Robbery"
0 97 54 148 124 388 0 0 1 "Robbery"
0 97 54 148 124 389 0 0 1 "Robbery"
0 97 54 148 125 390 0 0 0 "Robbery"
0 96 54 147 125 391 0 0 1 "Robbery"
0 95 54 146 125 392 0 0 1 "Robbery"
0 95 54 146 125 393 0 0 1 "Robbery"
0 94 54 145 125 394 0 0 1 "Robbery"
0 94 55 145 126 395 0 0 1 "Robbery"
0 93 55 144 126 396 0 0 1 "Robbery"
0 92 55 143 126 397 0 0 1 "Robbery"
0 92 55 143 126 398 0 0 1 "Robbery"
0 91 55 142 126 399 0 0 1 "Robbery"
0 91 56 142 127 400 0 0 0 "Robbery"
0 90 56 142 127 401 0 0 1 "Robbery"
0 90 56 142 127 402 0 0 1 "Robbery"
0 90 56 142 127 403 0 0 1 "Robbery"
0 90 56 143 127 404 0 0 1 "Robbery"
0 90 56 143 127 405 0 0 1 "Robbery"
0 90 56 143 127 406 0 0 1 "Robbery"
0 89 56 143 127 407 0 0 1 "Robbery"
0 89 56 144 128 408 0 0 1 "Robbery"
0 89 56 144 128 409 0 0 1 "Robbery"
0 89 56 144 128 410 0 0 1 "Robbery"
0 89 56 144 128 411 0 0 1 "Robbery"
0 89 56 145 128 412 0 0 1 "Robbery"
0 88 56 145 128 413 0 0 1 "Robbery"
0 88 56 145 128 414 0 0 1 "Robbery"
0 88 56 146 129 415 0 0 1 "Robbery"
0 88 56 146 129 416 0 0 1 "Robbery"
0 88 56 146 129 417 0 0 1 "Robbery"
0 88 56 146 129 418 0 0 1 "Robbery"
0 87 56 147 129 419 0 0 1 "Robbery"
0 87 56 147 129 420 0 0 1 "Robbery"
0 87 56 147 129 421 0 0 1 "Robbery"
0 87 56 147 129 422 0 0 1 "Robbery"
0 87 56 148 130 423 0 0 1 "Robbery"
0 87 56 148 130 424 0 0 1 "Robbery"
0 86 56 148 130 425 0 0 1 "Robbery"
0 86 56 148 130 426 0 0 1 "Robbery"
0 86 56 149 130 427 0 0 1 "Robbery"
0 86 56 149 130 428 0 0 1 "Robbery"
0 86 56 149 130 429 0 0 1 "Robbery"
0 86 56 150 131 430 0 0 0 "Robbery"
0 86 55 150 131 431 0 0 1 "Robbery"
0 86 55 150 132 432 0 0 1 "Robbery"
0 87 55 150 133 433 0 0 1 "Robbery"
0 87 55 151 133 434 0 0 1 "Robbery"
0 88 55 151 134 435 0 0 1 "Robbery"
0 88 55 151 135 436 0 0 1 "Robbery"
0 88 55 152 135 437 0 0 1 "Robbery"
0 89 55 152 136 438 0 0 1 "Robbery"
0 89 55 152 137 439 0 0 1 "Robbery"
0 90 55 153 138 440 0 0 0 "Robbery"
0 90 55 153 138 441 0 0 1 "Robbery"
0 90 55 153 138 442 0 0 1 "Robbery"
0 90 55 153 138 443 0 0 1 "Robbery"
0 90 55 153 138 444 0 0 1 "Robbery"
0 90 55 153 138 445 0 0 1 "Robbery"
0 90 55 153 138 446 0 0 1 "Robbery"
0 90 55 153 138 447 0 0 1 "Robbery"
0 90 55 153 138 448 0 0 1 "Robbery"
0 91 56 154 139 449 0 0 1 "Robbery"
0 91 56 154 139 450 0 0 1 "Robbery"
0 91 56 154 139 451 0 0 1 "Robbery"
0 91 56 154 139 452 0 0 1 "Robbery"
0 91 56 154 139 453 0 0 1 "Robbery"
0 91 56 154 139 454 0 0 1 "Robbery"
0 91 56 154 139 455 0 0 1 "Robbery"
0 91 56 154 139 456 0 0 1 "Robbery"
0 92 57 155 140 457 0 0 1 "Robbery"
0 92 57 155 140 458 0 0 1 "Robbery"
0 92 57 155 140 459 0 0 1 "Robbery"
0 92 57 155 140 460 0 0 1 "Robbery"
0 92 57 155 140 461 0 0 1 "Robbery"
0 92 57 155 140 462 0 0 1 "Robbery"
0 92 57 155 140 463 0 0 1 "Robbery"
0 92 57 155 140 464 0 0 1 "Robbery"
0 93 58 156 141 465 0 0 1 "Robbery"
0 93 58 156 141 466 0 0 1 "Robbery"
0 93 58 156 141 467 0 0 1 "Robbery"
0 93 58 156 141 468 0 0 1 "Robbery"
0 93 58 156 141 469 0 0 1 "Robbery"
0 93 58 156 141 470 0 0 1 "Robbery"
0 93 58 156 141 471 0 0 1 "Robbery"
0 93 58 156 141 472 0 0 1 "Robbery"
0 93 58 156 141 473 0 0 1 "Robbery"
0 94 59 157 142 474 0 0 1 "Robbery"
0 94 59 157 142 475 0 0 1 "Robbery"
0 94 59 157 142 476 0 0 1 "Robbery"
0 94 59 157 142 477 0 0 1 "Robbery"
0 94 59 157 142 478 0 0 1 "Robbery"
0 94 59 157 142 479 0 0 1 "Robbery"
0 94 59 157 142 480 0 0 1 "Robbery"
0 94 59 157 142 481 0 0 1 "Robbery"
0 95 60 158 143 482 0 0 1 "Robbery"
0 95 60 158 143 483 0 0 1 "Robbery"
0 95 60 158 143 484 0 0 1 "Robbery"
0 95 60 158 143 485 0 0 1 "Robbery"
0 95 60 158 143 486 0 0 1 "Robbery"
0 95 60 158 143 487 0 0 1 "Robbery"
0 95 60 158 143 488 0 0 1 "Robbery"
0 95 60 158 143 489 0 0 1 "Robbery"
0 96 61 159 144 490 0 0 0 "Robbery"
0 96 61 158 143 491 0 0 1 "Robbery"
0 96 61 157 143 492 0 0 1 "Robbery"
0 96 61 156 143 493 0 0 1 "Robbery"
0 96 61 155 143 494 0 0 1 "Robbery"
0 96 61 154 143 495 0 0 1 "Robbery"
0 96 61 153 143 496 0 0 1 "Robbery"
0 96 61 152 143 497 0 0 1 "Robbery"
0 96 61 151 143 498 0 0 1 "Robbery"
0 96 61 150 143 499 0 0 1 "Robbery"
0 96 61 150 143 500 0 0 0 "Robbery"
0 96 61 149 143 501 0 0 1 "Robbery"
0 96 61 149 143 502 0 0 1 "Robbery"
0 96 61 149 144 503 0 0 1 "Robbery"
0 96 61 149 144 504 0 0 1 "Robbery"
0 96 61 149 145 505 0 0 1 "Robbery"
0 96 61 149 145 506 0 0 1 "Robbery"
0 96 61 149 146 507 0 0 1 "Robbery"
0 96 61 149 146 508 0 0 1 "Robbery"
0 96 61 149 147 509 0 0 1 "Robbery"
0 96 61 149 147 510 0 0 1 "Robbery"
0 96 61 149 147 511 0 0 1 "Robbery"
0 96 61 149 148 512 0 0 1 "Robbery"
0 96 61 149 148 513 0 0 1 "Robbery"
0 96 61 149 149 514 0 0 1 "Robbery"
0 96 61 149 149 515 0 0 1 "Robbery"
0 96 61 149 150 516 0 0 1 "Robbery"
0 96 61 149 150 517 0 0 1 "Robbery"
0 96 61 149 151 518 0 0 1 "Robbery"
0 96 61 149 151 519 0 0 1 "Robbery"
0 96 61 149 152 520 0 0 0 "Robbery"
0 96 61 149 152 521 0 0 1 "Robbery"
0 96 62 149 153 522 0 0 1 "Robbery"
0 96 62 149 153 523 0 0 1 "Robbery"
0 96 63 149 154 524 0 0 1 "Robbery"
0 96 63 149 154 525 0 0 1 "Robbery"
0 96 64 149 155 526 0 0 1 "Robbery"
0 96 64 149 155 527 0 0 1 "Robbery"
0 96 65 149 156 528 0 0 1 "Robbery"
0 96 65 149 156 529 0 0 1 "Robbery"
0 96 66 149 157 530 0 0 0 "Robbery"
0 96 66 149 157 531 0 0 1 "Robbery"
0 96 66 149 157 532 0 0 1 "Robbery"
0 96 66 149 157 533 0 0 1 "Robbery"
0 96 67 149 158 534 0 0 1 "Robbery"
0 96 67 149 158 535 0 0 1 "Robbery"
0 96 67 149 158 536 0 0 1 "Robbery"
0 96 67 149 158 537 0 0 1 "Robbery"
0 96 68 149 159 538 0 0 1 "Robbery"
0 96 68 149 159 539 0 0 1 "Robbery"
0 96 68 149 159 540 0 0 1 "Robbery"
0 96 68 149 159 541 0 0 1 "Robbery"
0 96 69 149 160 542 0 0 1 "Robbery"
0 96 69 149 160 543 0 0 1 "Robbery"
0 96 69 149 160 544 0 0 1 "Robbery"
0 96 69 149 160 545 0 0 1 "Robbery"
0 96 70 149 161 546 0 0 1 "Robbery"
0 96 70 149 161 547 0 0 1 "Robbery"
0 96 70 149 161 548 0 0 1 "Robbery"
0 96 70 149 161 549 0 0 1 "Robbery"
0 96 71 149 162 550 0 0 0 "Robbery"
0 95 71 149 163 551 0 0 1 "Robbery"
0 95 71 149 164 552 0 0 1 "Robbery"
0 95 71 149 165 553 0 0 1 "Robbery"
0 94 71 150 166 554 0 0 1 "Robbery"
0 94 71 150 167 555 0 0 1 "Robbery"
0 94 71 150 168 556 0 0 1 "Robbery"
0 93 71 151 169 557 0 0 1 "Robbery"
0 93 71 151 170 558 0 0 1 "Robbery"
0 93 71 151 171 559 0 0 1 "Robbery"
0 93 72 152 173 560 0 0 0 "Robbery"
0 93 72 152 173 561 0 0 1 "Robbery"
0 93 72 152 173 562 0 0 1 "Robbery"
0 93 72 152 173 563 0 0 1 "Robbery"
0 93 73 152 174 564 0 0 1 "Robbery"
0 93 73 152 174 565 0 0 1 "Robbery"
0 93 73 152 174 566 0 0 1 "Robbery"
0 93 74 152 175 567 0 0 1 "Robbery"
0 93 74 152 175 568 0 0 1 "Robbery"
0 93 74 152 175 569 0 0 1 "Robbery"
0 94 75 153 176 570 0 0 0 "Robbery"
0 94 75 153 176 571 0 0 1 "Robbery"
0 94 75 153 176 572 0 0 1 "Robbery"
0 94 75 153 176 573 0 0 1 "Robbery"
0 94 76 153 177 574 0 0 1 "Robbery"
0 94 76 153 177 575 0 0 1 "Robbery"
0 94 76 153 177 576 0 0 1 "Robbery"
0 94 77 153 178 577 0 0 1 "Robbery"
0 94 77 153 178 578 0 0 1 "Robbery"
0 94 77 153 178 579 0 0 1 "Robbery"
0 94 78 153 179 580 0 0 0 "Robbery"
0 94 78 153 179 581 0 0 1 "Robbery"
0 94 78 153 179 582 0 0 1 "Robbery"
0 94 78 153 179 583 0 0 1 "Robbery"
0 94 79 153 180 584 0 0 1 "Robbery"
0 94 79 153 180 585 0 0 1 "Robbery"
0 94 79 153 180 586 0 0 1 "Robbery"
0 94 80 153 181 587 0 0 1 "Robbery"
0 94 80 153 181 588 0 0 1 "Robbery"
0 94 80 153 181 589 0 0 1 "Robbery"
0 94 81 153 182 590 0 0 0 "Robbery"
0 94 81 152 184 591 0 0 1 "Robbery"
0 94 81 152 186 592 0 0 1 "Robbery"
0 94 82 152 188 593 0 0 1 "Robbery"
0 94 82 152 190 594 0 0 1 "Robbery"
0 94 83 152 192 595 0 0 1 "Robbery"
0 94 83 151 194 596 0 0 1 "Robbery"
0 94 83 151 196 597 0 0 1 "Robbery"
0 94 84 151 198 598 0 0 1 "Robbery"
0 94 84 151 200 599 0 0 1 "Robbery"
0 94 85 151 203 600 0 0 0 "Robbery"
0 94 85 152 203 601 0 0 1 "Robbery"
0 94 86 153 203 602 0 0 1 "Robbery"
0 94 86 154 203 603 0 0 1 "Robbery"
0 94 87 155 203 604 0 0 1 "Robbery"
0 94 88 156 204 605 0 0 1 "Robbery"
0 94 88 157 204 606 0 0 1 "Robbery"
0 94 89 158 204 607 0 0 1 "Robbery"
0 94 89 159 204 608 0 0 1 "Robbery"
0 94 90 160 204 609 0 0 1 "Robbery"
0 94 91 161 205 610 0 0 0 "Robbery"
0 94 91 161 204 611 0 0 1 "Robbery"
0 94 91 161 204 612 0 0 1 "Robbery"
0 94 91 162 204 613 0 0 1 "Robbery"
0 94 91 162 204 614 0 0 1 "Robbery"
0 94 91 162 204 615 0 0 1 "Robbery"
0 94 91 163 204 616 0 0 1 "Robbery"
0 94 91 163 204 617 0 0 1 "Robbery"
0 94 91 163 204 618 0 0 1 "Robbery"
0 94 91 164 204 619 0 0 1 "Robbery"
0 94 91 164 204 620 0 0 1 "Robbery"
0 94 91 164 204 621 0 0 1 "Robbery"
0 94 91 165 204 622 0 0 1 "Robbery"
0 94 91 165 204 623 0 0 1 "Robbery"
0 94 91 165 204 624 0 0 1 "Robbery"
0 94 91 166 204 625 0 0 1 "Robbery"
0 94 91 166 204 626 0 0 1 "Robbery"
0 94 91 166 204 627 0 0 1 "Robbery"
0 94 91 167 204 628 0 0 1 "Robbery"
0 94 91 167 204 629 0 0 1 "Robbery"
0 94 91 168 204 630 0 0 0 "Robbery"
0 94 91 168 204 631 0 0 1 "Robbery"
0 94 92 168 204 632 0 0 1 "Robbery"
0 94 92 168 204 633 0 0 1 "Robbery"
0 94 93 169 205 634 0 0 1 "Robbery"
0 94 94 169 205 635 0 0 1 "Robbery"
0 94 94 169 205 636 0 0 1 "Robbery"
0 94 95 170 205 637 0 0 1 "Robbery"
0 94 96 170 206 638 0 0 1 "Robbery"
0 94 96 170 206 639 0 0 1 "Robbery"
0 94 97 171 206 640 0 0 1 "Robbery"
0 94 98 171 206 641 0 0 1 "Robbery"
0 94 98 171 207 642 0 0 1 "Robbery"
0 94 99 171 207 643 0 0 1 "Robbery"
0 94 100 172 207 644 0 0 1 "Robbery"
0 94 100 172 207 645 0 0 1 "Robbery"
0 94 101 172 208 646 0 0 1 "Robbery"
0 94 102 173 208 647 0 0 1 "Robbery"
0 94 102 173 208 648 0 0 1 "Robbery"
0 94 103 173 208 649 0 0 1 "Robbery"
0 95 104 174 209 650 0 0 0 "Robbery"
0 95 104 173 208 651 0 0 1 "Robbery"
0 95 104 173 208 652 0 0 1 "Robbery"
0 95 104 172 208 653 0 0 1 "Robbery"
0 95 104 172 208 654 0 0 1 "Robbery"
0 95 105 172 208 655 0 0 1 "Robbery"
0 95 105 171 208 656 0 0 1 "Robbery"
0 95 105 171 208 657 0 0 1 "Robbery"
0 95 105 171 208 658 0 0 1 "Robbery"
0 95 106 170 208 659 0 0 1 "Robbery"
0 95 106 170 208 660 0 0 1 "Robbery"
0 95 106 170 208 661 0 0 1 "Robbery"
0 95 106 169 208 662 0 0 1 "Robbery"
0 95 106 169 208 663 0 0 1 "Robbery"
0 95 107 169 208 664 0 0 1 "Robbery"
0 95 107 168 208 665 0 0 1 "Robbery"
0 95 107 168 208 666 0 0 1 "Robbery"
0 95 107 168 208 667 0 0 1 "Robbery"
0 95 108 167 208 668 0 0 1 "Robbery"
0 95 108 167 208 669 0 0 1 "Robbery"
0 95 108 167 208 670 0 0 1 "Robbery"
0 95 108 166 208 671 0 0 1 "Robbery"
0 95 108 166 208 672 0 0 1 "Robbery"
0 95 109 165 208 673 0 0 1 "Robbery"
0 95 109 165 208 674 0 0 1 "Robbery"
0 95 109 165 208 675 0 0 1 "Robbery"
0 95 109 164 208 676 0 0 1 "Robbery"
0 95 110 164 208 677 0 0 1 "Robbery"
0 95 110 164 208 678 0 0 1 "Robbery"
0 95 110 163 208 679 0 0 1 "Robbery"
0 95 110 163 208 680 0 0 1 "Robbery"
0 95 110 163 208 681 0 0 1 "Robbery"
0 95 111 162 208 682 0 0 1 "Robbery"
0 95 111 162 208 683 0 0 1 "Robbery"
0 95 111 162 208 684 0 0 1 "Robbery"
0 95 111 161 208 685 0 0 1 "Robbery"
0 95 112 161 208 686 0 0 1 "Robbery"
0 95 112 161 208 687 0 0 1 "Robbery"
0 95 112 160 208 688 0 0 1 "Robbery"
0 95 112 160 208 689 0 0 1 "Robbery"
0 95 113 160 208 690 0 0 0 "Robbery"
0 95 113 160 207 691 0 0 1 "Robbery"
0 95 113 161 207 692 0 0 1 "Robbery"
0 95 113 161 207 693 0 0 1 "Robbery"
0 95 113 162 207 694 0 0 1 "Robbery"
0 95 113 162 207 695 0 0 1 "Robbery"
0 95 113 163 207 696 0 0 1 "Robbery"
0 95 113 163 207 697 0 0 1 "Robbery"
0 95 113 164 207 698 0 0 1 "Robbery"
0 95 113 164 207 699 0 0 1 "Robbery"
0 95 113 165 207 700 0 0 1 "Robbery"
0 95 113 165 207 701 0 0 1 "Robbery"
0 95 113 166 207 702 0 0 1 "Robbery"
0 95 113 166 207 703 0 0 1 "Robbery"
0 95 113 167 207 704 0 0 1 "Robbery"
0 95 113 167 207 705 0 0 1 "Robbery"
0 95 113 168 207 706 0 0 1 "Robbery"
0 95 113 168 207 707 0 0 1 "Robbery"
0 95 113 169 207 708 0 0 1 "Robbery"
0 95 113 169 207 709 0 0 1 "Robbery"
0 95 113 170 207 710 0 0 0 "Robbery"
0 95 113 169 206 711 0 0 1 "Robbery"
0 95 113 169 206 712 0 0 1 "Robbery"
0 95 113 169 206 713 0 0 1 "Robbery"
0 95 113 168 206 714 0 0 1 "Robbery"
0 95 113 168 206 715 0 0 1 "Robbery"
0 95 113 168 206 716 0 0 1 "Robbery"
0 95 113 167 206 717 0 0 1 "Robbery"
0 95 113 167 206 718 0 0 1 "Robbery"
0 95 113 167 206 719 0 0 1 "Robbery"
0 95 113 166 206 720 0 0 1 "Robbery"
0 95 113 166 206 721 0 0 1 "Robbery"
0 95 113 166 206 722 0 0 1 "Robbery"
0 95 113 165 206 723 0 0 1 "Robbery"
0 95 113 165 206 724 0 0 1 "Robbery"
0 95 113 165 206 725 0 0 1 "Robbery"
0 95 113 164 206 726 0 0 1 "Robbery"
0 95 113 164 206 727 0 0 1 "Robbery"
0 95 113 164 206 728 0 0 1 "Robbery"
0 95 113 163 206 729 0 0 1 "Robbery"
0 95 113 163 206 730 0 0 1 "Robbery"
0 95 113 163 206 731 0 0 1 "Robbery"
0 95 113 162 206 732 0 0 1 "Robbery"
0 95 113 162 206 733 0 0 1 "Robbery"
0 95 113 162 206 734 0 0 1 "Robbery"
0 95 113 161 206 735 0 0 1 "Robbery"
0 95 113 161 206 736 0 0 1 "Robbery"
0 95 113 161 206 737 0 0 1 "Robbery"
0 95 113 160 206 738 0 0 1 "Robbery"
0 95 113 160 206 739 0 0 1 "Robbery"
0 95 113 160 206 740 0 0 1 "Robbery"
0 95 113 159 206 741 0 0 1 "Robbery"
0 95 113 159 206 742 0 0 1 "Robbery"
0 95 113 159 206 743 0 0 1 "Robbery"
0 95 113 158 206 744 0 0 1 "Robbery"
0 95 113 158 206 745 0 0 1 "Robbery"
0 95 113 158 206 746 0 0 1 "Robbery"
0 95 113 157 206 747 0 0 1 "Robbery"
0 95 113 157 206 748 0 0 1 "Robbery"
0 95 113 157 206 749 0 0 1 "Robbery"
0 95 113 157 206 750 0 0 0 "Robbery"
0 95 112 157 206 751 0 0 1 "Robbery"
0 95 112 157 206 752 0 0 1 "Robbery"
0 95 112 157 206 753 0 0 1 "Robbery"
0 95 112 157 206 754 0 0 1 "Robbery"
0 95 112 157 206 755 0 0 1 "Robbery"
0 95 112 158 206 756 0 0 1 "Robbery"
0 95 112 158 206 757 0 0 1 "Robbery"
0 95 112 158 206 758 0 0 1 "Robbery"
0 95 112 158 206 759 0 0 1 "Robbery"
0 95 112 158 206 760 0 0 1 "Robbery"
0 95 112 158 206 761 0 0 1 "Robbery"
0 95 112 159 206 762 0 0 1 "Robbery"
0 95 112 159 206 763 0 0 1 "Robbery"
0 95 112 159 206 764 0 0 1 "Robbery"
0 95 112 159 207 765 0 0 1 "Robbery"
0 95 112 159 207 766 0 0 1 "Robbery"
0 95 112 159 207 767 0 0 1 "Robbery"
0 95 112 160 207 768 0 0 1 "Robbery"
0 95 112 160 207 769 0 0 1 "Robbery"
0 95 112 160 207 770 0 0 1 "Robbery"
0 95 112 160 207 771 0 0 1 "Robbery"
0 95 112 160 207 772 0 0 1 "Robbery"
0 95 112 160 207 773 0 0 1 "Robbery"
0 95 112 161 207 774 0 0 1 "Robbery"
0 95 112 161 207 775 0 0 1 "Robbery"
0 95 112 161 207 776 0 0 1 "Robbery"
0 95 112 161 207 777 0 0 1 "Robbery"
0 95 112 161 207 778 0 0 1 "Robbery"
0 95 112 161 207 779 0 0 1 "Robbery"
0 95 112 162 208 780 0 0 1 "Robbery"
0 95 111 162 208 781 0 0 1 "Robbery"
0 95 111 162 208 782 0 0 1 "Robbery"
0 95 111 162 208 783 0 0 1 "Robbery"
0 95 111 162 208 784 0 0 1 "Robbery"
0 95 111 162 208 785 0 0 1 "Robbery"
0 95 111 163 208 786 0 0 1 "Robbery"
0 95 111 163 208 787 0 0 1 "Robbery"
0 95 111 163 208 788 0 0 1 "Robbery"
0 95 111 163 208 789 0 0 1 "Robbery"
0 95 111 163 208 790 0 0 1 "Robbery"
0 95 111 163 208 791 0 0 1 "Robbery"
0 95 111 164 208 792 0 0 1 "Robbery"
0 95 111 164 208 793 0 0 1 "Robbery"
0 95 111 164 208 794 0 0 1 "Robbery"
0 95 111 164 209 795 0 0 1 "Robbery"
0 95 111 164 209 796 0 0 1 "Robbery"
0 95 111 164 209 797 0 0 1 "Robbery"
0 95 111 165 209 798 0 0 1 "Robbery"
0 95 111 165 209 799 0 0 1 "Robbery"
0 95 111 165 209 800 0 0 1 "Robbery"
0 95 111 165 209 801 0 0 1 "Robbery"
0 95 111 165 209 802 0 0 1 "Robbery"
0 95 111 165 209 803 0 0 1 "Robbery"
0 95 111 166 209 804 0 0 1 "Robbery"
0 95 111 166 209 805 0 0 1 "Robbery"
0 95 111 166 209 806 0 0 1 "Robbery"
0 95 111 166 209 807 0 0 1 "Robbery"
0 95 111 166 209 808 0 0 1 "Robbery"
0 95 111 166 209 809 0 0 1 "Robbery"
0 96 111 167 210 810 0 0 0 "Robbery"
0 97 110 168 209 811 0 0 1 "Robbery"
0 99 110 170 209 812 0 0 1 "Robbery"
0 101 110 172 209 813 0 0 1 "Robbery"
0 103 110 174 209 814 0 0 1 "Robbery"
0 105 110 176 209 815 0 0 1 "Robbery"
0 107 110 178 209 816 0 0 1 "Robbery"
0 109 110 180 209 817 0 0 1 "Robbery"
0 111 110 182 209 818 0 0 1 "Robbery"
0 113 110 184 209 819 0 0 1 "Robbery"
0 115 110 186 209 820 0 0 0 "Robbery"
0 116 109 187 208 821 0 0 1 "Robbery"
0 118 109 189 208 822 0 0 1 "Robbery"
0 119 109 190 208 823 0 0 1 "Robbery"
0 121 109 192 208 824 0 0 1 "Robbery"
0 122 109 193 208 825 0 0 1 "Robbery"
0 124 108 195 207 826 0 0 1 "Robbery"
0 125 108 196 207 827 0 0 1 "Robbery"
0 127 108 198 207 828 0 0 1 "Robbery"
0 128 108 199 207 829 0 0 1 "Robbery"
0 130 108 201 207 830 1 0 0 "Robbery"
0 130 108 201 207 831 1 0 1 "Robbery"
0 130 108 201 207 832 1 0 1 "Robbery"
0 130 108 201 207 833 1 0 1 "Robbery"
0 130 108 201 207 834 1 0 1 "Robbery"
0 130 108 201 207 835 1 0 1 "Robbery"
0 130 108 201 207 836 1 0 1 "Robbery"
0 130 108 201 207 837 1 0 1 "Robbery"
0 130 108 201 207 838 1 0 1 "Robbery"
0 130 108 201 207 839 1 0 1 "Robbery"
0 130 108 201 207 840 1 0 0 "Robbery"
0 130 108 201 207 841 1 0 1 "Robbery"
0 130 108 201 207 842 1 0 1 "Robbery"
0 130 108 201 207 843 1 0 1 "Robbery"
0 130 108 201 207 844 1 0 1 "Robbery"
0 130 108 201 207 845 1 0 1 "Robbery"
0 130 108 201 207 846 1 0 1 "Robbery"
0 130 108 201 207 847 1 0 1 "Robbery"
0 130 108 201 207 848 1 0 1 "Robbery"
0 130 108 201 207 849 1 0 1 "Robbery"
0 130 108 201 207 850 1 0 1 "Robbery"
0 130 108 201 207 851 1 0 1 "Robbery"
0 130 108 201 207 852 1 0 1 "Robbery"
0 130 108 201 207 853 1 0 1 "Robbery"
0 130 108 201 207 854 1 0 1 "Robbery"
0 130 108 201 207 855 1 0 1 "Robbery"
0 130 108 201 207 856 1 0 1 "Robbery"
0 130 108 201 207 857 1 0 1 "Robbery"
0 130 108 201 207 858 1 0 1 "Robbery"
0 130 108 201 207 859 1 0 1 "Robbery"
0 130 108 201 207 860 1 0 1 "Robbery"
0 130 108 201 207 861 1 0 1 "Robbery"
0 130 108 201 207 862 1 0 1 "Robbery"
0 130 108 201 207 863 1 0 1 "Robbery"
0 130 108 201 207 864 1 0 1 "Robbery"
0 130 108 201 207 865 1 0 1 "Robbery"
0 130 108 201 207 866 1 0 1 "Robbery"
0 130 108 201 207 867 1 0 1 "Robbery"
0 130 108 201 207 868 1 0 1 "Robbery"
0 130 108 201 207 869 1 0 1 "Robbery"
0 130 108 201 207 870 1 0 1 "Robbery"
0 130 108 201 207 871 1 0 1 "Robbery"
0 130 108 201 207 872 1 0 1 "Robbery"
0 130 108 201 207 873 1 0 1 "Robbery"
0 130 108 201 207 874 1 0 1 "Robbery"
0 130 108 201 207 875 1 0 1 "Robbery"
0 130 108 201 207 876 1 0 1 "Robbery"
0 130 108 201 207 877 1 0 1 "Robbery"
0 130 108 201 207 878 1 0 1 "Robbery"
0 130 108 201 207 879 1 0 1 "Robbery"
0 130 108 201 207 880 1 0 1 "Robbery"
0 130 108 201 207 881 1 0 1 "Robbery"
0 130 108 201 207 882 1 0 1 "Robbery"
0 130 108 201 207 883 1 0 1 "Robbery"
0 130 108 201 207 884 1 0 1 "Robbery"
0 130 108 201 207 885 1 0 1 "Robbery"
0 130 108 201 207 886 1 0 1 "Robbery"
0 130 108 201 207 887 1 0 1 "Robbery"
0 130 108 201 207 888 1 0 1 "Robbery"
0 130 108 201 207 889 1 0 1 "Robbery"
0 130 108 201 207 890 1 0 1 "Robbery"
0 130 108 201 207 891 1 0 1 "Robbery"
0 130 108 201 207 892 1 0 1 "Robbery"
0 130 108 201 207 893 1 0 1 "Robbery"
0 130 108 201 207 894 1 0 1 "Robbery"
0 130 108 201 207 895 1 0 1 "Robbery"
0 130 108 201 207 896 1 0 1 "Robbery"
0 130 108 201 207 897 1 0 1 "Robbery"
0 130 108 201 207 898 1 0 1 "Robbery"
0 130 108 201 207 899 1 0 1 "Robbery"
0 130 108 201 207 900 1 0 1 "Robbery"
0 130 108 201 207 901 1 0 1 "Robbery"
0 130 108 201 207 902 1 0 1 "Robbery"
0 130 108 201 207 903 1 0 1 "Robbery"
0 130 108 201 207 904 1 0 1 "Robbery"
0 130 108 201 207 905 1 0 1 "Robbery"
0 130 108 201 207 906 1 0 1 "Robbery"
0 130 108 201 207 907 1 0 1 "Robbery"
0 130 108 201 207 908 1 0 1 "Robbery"
0 130 108 201 207 909 1 0 1 "Robbery"
0 130 108 201 207 910 1 0 1 "Robbery"
0 130 108 201 207 911 1 0 1 "Robbery"
0 130 108 201 207 912 1 0 1 "Robbery"
0 130 108 201 207 913 1 0 1 "Robbery"
0 130 108 201 207 914 1 0 1 "Robbery"
0 130 108 201 207 915 1 0 1 "Robbery"
0 130 108 201 207 916 1 0 1 "Robbery"
0 130 108 201 207 917 1 0 1 "Robbery"
0 130 108 201 207 918 1 0 1 "Robbery"
0 130 108 201 207 919 1 0 1 "Robbery"
0 130 108 201 207 920 1 0 1 "Robbery"
0 130 108 201 207 921 1 0 1 "Robbery"
0 130 108 201 207 922 1 0 1 "Robbery"
0 130 108 201 207 923 1 0 1 "Robbery"
0 130 108 201 207 924 1 0 1 "Robbery"
0 130 108 201 207 925 1 0 1 "Robbery"
0 130 108 201 207 926 1 0 1 "Robbery"
0 130 108 201 207 927 1 0 1 "Robbery"
0 130 108 201 207 928 1 0 1 "Robbery"
0 130 108 201 207 929 1 0 1 "Robbery"
0 130 108 201 207 930 1 0 1 "Robbery"
0 130 108 201 207 931 1 0 1 "Robbery"
0 130 108 201 207 932 1 0 1 "Robbery"
0 130 108 201 207 933 1 0 1 "Robbery"
0 130 108 201 207 934 1 0 1 "Robbery"
0 130 108 201 207 935 1 0 1 "Robbery"
0 130 108 201 207 936 1 0 1 "Robbery"
0 130 108 201 207 937 1 0 1 "Robbery"
0 130 108 201 207 938 1 0 1 "Robbery"
0 130 108 201 207 939 1 0 1 "Robbery"
0 130 108 201 207 940 1 0 1 "Robbery"
0 130 108 201 207 941 1 0 1 "Robbery"
0 130 108 201 207 942 1 0 1 "Robbery"
0 130 108 201 207 943 1 0 1 "Robbery"
0 130 108 201 207 944 1 0 1 "Robbery"
0 130 108 201 207 945 1 0 1 "Robbery"
0 130 108 201 207 946 1 0 1 "Robbery"
0 130 108 201 207 947 1 0 1 "Robbery"
0 130 108 201 207 948 1 0 1 "Robbery"
0 130 108 201 207 949 1 0 1 "Robbery"
0 130 108 201 207 950 1 0 1 "Robbery"
0 130 108 201 207 951 1 0 1 "Robbery"
0 130 108 201 207 952 1 0 1 "Robbery"
0 130 108 201 207 953 1 0 1 "Robbery"
0 130 108 201 207 954 1 0 1 "Robbery"
0 130 108 201 207 955 1 0 1 "Robbery"
0 130 108 201 207 956 1 0 1 "Robbery"
0 130 108 201 207 957 1 0 1 "Robbery"
0 130 108 201 207 958 1 0 1 "Robbery"
0 130 108 201 207 959 1 0 1 "Robbery"
0 130 108 201 207 960 1 0 1 "Robbery"
0 130 108 201 207 961 1 0 1 "Robbery"
0 130 108 201 207 962 1 0 1 "Robbery"
0 130 108 201 207 963 1 0 1 "Robbery"
0 130 108 201 207 964 1 0 1 "Robbery"
0 130 108 201 207 965 1 0 1 "Robbery"
0 130 108 201 207 966 1 0 1 "Robbery"
0 130 108 201 207 967 1 0 1 "Robbery"
0 130 108 201 207 968 1 0 1 "Robbery"
0 130 108 201 207 969 1 0 1 "Robbery"
0 130 108 201 207 970 1 0 1 "Robbery"
0 130 108 201 207 971 1 0 1 "Robbery"
0 130 108 201 207 972 1 0 1 "Robbery"
0 130 108 201 207 973 1 0 1 "Robbery"
0 130 108 201 207 974 1 0 1 "Robbery"
0 130 108 201 207 975 1 0 1 "Robbery"
0 130 108 201 207 976 1 0 1 "Robbery"
0 130 108 201 207 977 1 0 1 "Robbery"
0 130 108 201 207 978 1 0 1 "Robbery"
0 130 108 201 207 979 1 0 1 "Robbery"
0 130 108 201 207 980 1 0 1 "Robbery"
0 130 108 201 207 981 1 0 1 "Robbery"
0 130 108 201 207 982 1 0 1 "Robbery"
0 130 108 201 207 983 1 0 1 "Robbery"
0 130 108 201 207 984 1 0 1 "Robbery"
0 130 108 201 207 985 1 0 1 "Robbery"
0 130 108 201 207 986 1 0 1 "Robbery"
0 130 108 201 207 987 1 0 1 "Robbery"
0 130 108 201 207 988 1 0 1 "Robbery"
0 130 108 201 207 989 1 0 1 "Robbery"
0 130 108 201 207 990 1 0 1 "Robbery"
0 130 108 201 207 991 1 0 1 "Robbery"
0 130 108 201 207 992 1 0 1 "Robbery"
0 130 108 201 207 993 1 0 1 "Robbery"
0 130 108 201 207 994 1 0 1 "Robbery"
0 130 108 201 207 995 1 0 1 "Robbery"
0 130 108 201 207 996 1 0 1 "Robbery"
0 130 108 201 207 997 1 0 1 "Robbery"
0 130 108 201 207 998 1 0 1 "Robbery"
0 130 108 201 207 999 1 0 1 "Robbery"
0 130 108 201 207 1000 1 0 1 "Robbery"
0 130 108 201 207 1001 1 0 1 "Robbery"
0 130 108 201 207 1002 1 0 1 "Robbery"
0 130 108 201 207 1003 1 0 1 "Robbery"
0 130 108 201 207 1004 1 0 1 "Robbery"
0 130 108 201 207 1005 1 0 1 "Robbery"
0 130 108 201 207 1006 1 0 1 "Robbery"
0 130 108 201 207 1007 1 0 1 "Robbery"
0 130 108 201 207 1008 1 0 1 "Robbery"
0 130 108 201 207 1009 1 0 1 "Robbery"
0 130 108 201 207 1010 1 0 1 "Robbery"
0 130 108 201 207 1011 1 0 1 "Robbery"
0 130 108 201 207 1012 1 0 1 "Robbery"
0 130 108 201 207 1013 1 0 1 "Robbery"
0 130 108 201 207 1014 1 0 1 "Robbery"
0 130 108 201 207 1015 1 0 1 "Robbery"
0 130 108 201 207 1016 1 0 1 "Robbery"
0 130 108 201 207 1017 1 0 1 "Robbery"
0 130 108 201 207 1018 1 0 1 "Robbery"
0 130 108 201 207 1019 1 0 1 "Robbery"
0 130 108 201 207 1020 1 0 1 "Robbery"
0 130 108 201 207 1021 1 0 1 "Robbery"
0 130 108 201 207 1022 1 0 1 "Robbery"
0 130 108 201 207 1023 1 0 1 "Robbery"
0 130 108 201 207 1024 1 0 1 "Robbery"
0 130 108 201 207 1025 1 0 1 "Robbery"
0 130 108 201 207 1026 1 0 1 "Robbery"
0 130 108 201 207 1027 1 0 1 "Robbery"
0 130 108 201 207 1028 1 0 1 "Robbery"
0 130 108 201 207 1029 1 0 1 "Robbery"
0 130 108 201 207 1030 1 0 1 "Robbery"
0 130 108 201 207 1031 1 0 1 "Robbery"
0 130 108 201 207 1032 1 0 1 "Robbery"
0 130 108 201 207 1033 1 0 1 "Robbery"
0 130 108 201 207 1034 1 0 1 "Robbery"
0 130 108 201 207 1035 1 0 1 "Robbery"
0 130 108 201 207 1036 1 0 1 "Robbery"
0 130 108 201 207 1037 1 0 1 "Robbery"
0 130 108 201 207 1038 1 0 1 "Robbery"
0 130 108 201 207 1039 1 0 1 "Robbery"
0 130 108 201 207 1040 1 0 1 "Robbery"
0 130 108 201 207 1041 1 0 1 "Robbery"
0 130 108 201 207 1042 1 0 1 "Robbery"
0 130 108 201 207 1043 1 0 1 "Robbery"
0 130 108 201 207 1044 1 0 1 "Robbery"
0 130 108 201 207 1045 1 0 1 "Robbery"
0 130 108 201 207 1046 1 0 1 "Robbery"
0 130 108 201 207 1047 1 0 1 "Robbery"
0 130 108 201 207 1048 1 0 1 "Robbery"
0 130 108 201 207 1049 1 0 1 "Robbery"
0 130 108 201 207 1050 1 0 1 "Robbery"
0 130 108 201 207 1051 1 0 1 "Robbery"
0 130 108 201 207 1052 1 0 1 "Robbery"
0 130 108 201 207 1053 1 0 1 "Robbery"
0 130 108 201 207 1054 1 0 1 "Robbery"
0 130 108 201 207 1055 1 0 1 "Robbery"
0 130 108 201 207 1056 1 0 1 "Robbery"
0 130 108 201 207 1057 1 0 1 "Robbery"
0 130 108 201 207 1058 1 0 1 "Robbery"
0 130 108 201 207 1059 1 0 1 "Robbery"
0 130 108 201 207 1060 1 0 1 "Robbery"
0 130 108 201 207 1061 1 0 1 "Robbery"
0 130 108 201 207 1062 1 0 1 "Robbery"
0 130 108 201 207 1063 1 0 1 "Robbery"
0 130 108 201 207 1064 1 0 1 "Robbery"
0 130 108 201 207 1065 1 0 1 "Robbery"
0 130 108 201 207 1066 1 0 1 "Robbery"
0 130 108 201 207 1067 1 0 1 "Robbery"
0 130 108 201 207 1068 1 0 1 "Robbery"
0 130 108 201 207 1069 1 0 1 "Robbery"
0 130 108 201 207 1070 1 0 1 "Robbery"
0 130 108 201 207 1071 1 0 1 "Robbery"
0 130 108 201 207 1072 1 0 1 "Robbery"
0 130 108 201 207 1073 1 0 1 "Robbery"
0 130 108 201 207 1074 1 0 1 "Robbery"
0 130 108 201 207 1075 1 0 1 "Robbery"
0 130 108 201 207 1076 1 0 1 "Robbery"
0 130 108 201 207 1077 1 0 1 "Robbery"
0 130 108 201 207 1078 1 0 1 "Robbery"
0 130 108 201 207 1079 1 0 1 "Robbery"
0 130 108 201 207 1080 1 0 1 "Robbery"
0 130 108 201 207 1081 1 0 1 "Robbery"
0 130 108 201 207 1082 1 0 1 "Robbery"
0 130 108 201 207 1083 1 0 1 "Robbery"
0 130 108 201 207 1084 1 0 1 "Robbery"
0 130 108 201 207 1085 1 0 1 "Robbery"
0 130 108 201 207 1086 1 0 1 "Robbery"
0 130 108 201 207 1087 1 0 1 "Robbery"
0 130 108 201 207 1088 1 0 1 "Robbery"
0 130 108 201 207 1089 1 0 1 "Robbery"
0 130 108 201 207 1090 1 0 1 "Robbery"
0 130 108 201 207 1091 1 0 1 "Robbery"
0 130 108 201 207 1092 1 0 1 "Robbery"
0 130 108 201 207 1093 1 0 1 "Robbery"
0 130 108 201 207 1094 1 0 1 "Robbery"
0 130 108 201 207 1095 1 0 1 "Robbery"
0 130 108 201 207 1096 1 0 1 "Robbery"
0 130 108 201 207 1097 1 0 1 "Robbery"
0 130 108 201 207 1098 1 0 1 "Robbery"
0 130 108 201 207 1099 1 0 1 "Robbery"
0 130 108 201 207 1100 1 0 1 "Robbery"
0 130 108 201 207 1101 1 0 1 "Robbery"
0 130 108 201 207 1102 1 0 1 "Robbery"
0 130 108 201 207 1103 1 0 1 "Robbery"
0 130 108 201 207 1104 1 0 1 "Robbery"
0 130 108 201 207 1105 1 0 1 "Robbery"
0 130 108 201 207 1106 1 0 1 "Robbery"
0 130 108 201 207 1107 1 0 1 "Robbery"
0 130 108 201 207 1108 1 0 1 "Robbery"
0 130 108 201 207 1109 1 0 1 "Robbery"
0 130 108 201 207 1110 1 0 1 "Robbery"
0 130 108 201 207 1111 1 0 1 "Robbery"
0 130 108 201 207 1112 1 0 1 "Robbery"
0 130 108 201 207 1113 1 0 1 "Robbery"
0 130 108 201 207 1114 1 0 1 "Robbery"
0 130 108 201 207 1115 1 0 1 "Robbery"
0 130 108 201 207 1116 1 0 1 "Robbery"
0 130 108 201 207 1117 1 0 1 "Robbery"
0 130 108 201 207 1118 1 0 1 "Robbery"
0 130 108 201 207 1119 1 0 1 "Robbery"
0 130 108 201 207 1120 1 0 1 "Robbery"
0 130 108 201 207 1121 1 0 1 "Robbery"
0 130 108 201 207 1122 1 0 1 "Robbery"
0 130 108 201 207 1123 1 0 1 "Robbery"
0 130 108 201 207 1124 1 0 1 "Robbery"
0 130 108 201 207 1125 1 0 1 "Robbery"
0 130 108 201 207 1126 1 0 1 "Robbery"
0 130 108 201 207 1127 1 0 1 "Robbery"
0 130 108 201 207 1128 1 0 1 "Robbery"
0 130 108 201 207 1129 1 0 1 "Robbery"
0 130 108 201 207 1130 1 0 1 "Robbery"
0 130 108 201 207 1131 1 0 1 "Robbery"
0 130 108 201 207 1132 1 0 1 "Robbery"
0 130 108 201 207 1133 1 0 1 "Robbery"
0 130 108 201 207 1134 1 0 1 "Robbery"
0 130 108 201 207 1135 1 0 1 "Robbery"
0 130 108 201 207 1136 1 0 1 "Robbery"
0 130 108 201 207 1137 1 0 1 "Robbery"
0 130 108 201 207 1138 1 0 1 "Robbery"
0 130 108 201 207 1139 1 0 1 "Robbery"
0 130 108 201 207 1140 1 0 1 "Robbery"
0 130 108 201 207 1141 1 0 1 "Robbery"
0 130 108 201 207 1142 1 0 1 "Robbery"
0 130 108 201 207 1143 1 0 1 "Robbery"
0 130 108 201 207 1144 1 0 1 "Robbery"
0 130 108 201 207 1145 1 0 1 "Robbery"
0 130 108 201 207 1146 1 0 1 "Robbery"
0 130 108 201 207 1147 1 0 1 "Robbery"
0 130 108 201 207 1148 1 0 1 "Robbery"
0 130 108 201 207 1149 1 0 1 "Robbery"
0 130 108 201 207 1150 1 0 1 "Robbery"
0 130 108 201 207 1151 1 0 1 "Robbery"
0 130 108 201 207 1152 1 0 1 "Robbery"
0 130 108 201 207 1153 1 0 1 "Robbery"
0 130 108 201 207 1154 1 0 1 "Robbery"
0 130 108 201 207 1155 1 0 1 "Robbery"
0 130 108 201 207 1156 1 0 1 "Robbery"
0 130 108 201 207 1157 1 0 1 "Robbery"
0 130 108 201 207 1158 1 0 1 "Robbery"
0 130 108 201 207 1159 1 0 1 "Robbery"
0 130 108 201 207 1160 1 0 1 "Robbery"
0 130 108 201 207 1161 1 0 1 "Robbery"
0 130 108 201 207 1162 1 0 1 "Robbery"
0 130 108 201 207 1163 1 0 1 "Robbery"
0 130 108 201 207 1164 1 0 1 "Robbery"
0 130 108 201 207 1165 1 0 1 "Robbery"
0 130 108 201 207 1166 1 0 1 "Robbery"
0 130 108 201 207 1167 1 0 1 "Robbery"
0 130 108 201 207 1168 1 0 1 "Robbery"
0 130 108 201 207 1169 1 0 1 "Robbery"
0 130 108 201 207 1170 1 0 1 "Robbery"
0 130 108 201 207 1171 1 0 1 "Robbery"
0 130 108 201 207 1172 1 0 1 "Robbery"
0 130 108 201 207 1173 1 0 1 "Robbery"
0 130 108 201 207 1174 1 0 1 "Robbery"
0 130 108 201 207 1175 1 0 1 "Robbery"
0 130 108 201 207 1176 1 0 1 "Robbery"
0 130 108 201 207 1177 1 0 1 "Robbery"
0 130 108 201 207 1178 1 0 1 "Robbery"
0 130 108 201 207 1179 1 0 1 "Robbery"
0 130 108 201 207 1180 1 0 1 "Robbery"
0 130 108 201 207 1181 1 0 1 "Robbery"
0 130 108 201 207 1182 1 0 1 "Robbery"
0 130 108 201 207 1183 1 0 1 "Robbery"
0 130 108 201 207 1184 1 0 1 "Robbery"
0 130 108 201 207 1185 1 0 1 "Robbery"
0 130 108 201 207 1186 1 0 1 "Robbery"
0 130 108 201 207 1187 1 0 1 "Robbery"
0 130 108 201 207 1188 1 0 1 "Robbery"
0 130 108 201 207 1189 1 0 1 "Robbery"
0 130 108 201 207 1190 1 0 1 "Robbery"
0 130 108 201 207 1191 1 0 1 "Robbery"
0 130 108 201 207 1192 1 0 1 "Robbery"
0 130 108 201 207 1193 1 0 1 "Robbery"
0 130 108 201 207 1194 1 0 1 "Robbery"
0 130 108 201 207 1195 1 0 1 "Robbery"
0 130 108 201 207 1196 1 0 1 "Robbery"
0 130 108 201 207 1197 1 0 1 "Robbery"
0 130 108 201 207 1198 1 0 1 "Robbery"
0 130 108 201 207 1199 1 0 1 "Robbery"
0 130 108 201 207 1200 1 0 1 "Robbery"
0 130 108 201 207 1201 1 0 1 "Robbery"
0 130 108 201 207 1202 1 0 1 "Robbery"
0 130 108 201 207 1203 1 0 1 "Robbery"
0 130 108 201 207 1204 1 0 1 "Robbery"
0 130 108 201 207 1205 1 0 1 "Robbery"
0 130 108 201 207 1206 1 0 1 "Robbery"
0 130 108 201 207 1207 1 0 1 "Robbery"
0 130 108 201 207 1208 1 0 1 "Robbery"
0 130 108 201 207 1209 1 0 1 "Robbery"
0 130 108 201 207 1210 1 0 1 "Robbery"
0 130 108 201 207 1211 1 0 1 "Robbery"
0 130 108 201 207 1212 1 0 1 "Robbery"
0 130 108 201 207 1213 1 0 1 "Robbery"
0 130 108 201 207 1214 1 0 1 "Robbery"
0 130 108 201 207 1215 1 0 1 "Robbery"
0 130 108 201 207 1216 1 0 1 "Robbery"
0 130 108 201 207 1217 1 0 1 "Robbery"
0 130 108 201 207 1218 1 0 1 "Robbery"
0 130 108 201 207 1219 1 0 1 "Robbery"
0 130 108 201 207 1220 1 0 1 "Robbery"
0 130 108 201 207 1221 1 0 1 "Robbery"
0 130 108 201 207 1222 1 0 1 "Robbery"
0 130 108 201 207 1223 1 0 1 "Robbery"
0 130 108 201 207 1224 1 0 1 "Robbery"
0 130 108 201 207 1225 1 0 1 "Robbery"
0 130 108 201 207 1226 1 0 1 "Robbery"
0 130 108 201 207 1227 1 0 1 "Robbery"
0 130 108 201 207 1228 1 0 1 "Robbery"
0 130 108 201 207 1229 1 0 1 "Robbery"
0 130 108 201 207 1230 1 0 1 "Robbery"
0 130 108 201 207 1231 1 0 1 "Robbery"
0 130 108 201 207 1232 1 0 1 "Robbery"
0 130 108 201 207 1233 1 0 1 "Robbery"
0 130 108 201 207 1234 1 0 1 "Robbery"
0 130 108 201 207 1235 1 0 1 "Robbery"
0 130 108 201 207 1236 1 0 1 "Robbery"
0 130 108 201 207 1237 1 0 1 "Robbery"
0 130 108 201 207 1238 1 0 1 "Robbery"
0 130 108 201 207 1239 1 0 1 "Robbery"
0 130 108 201 207 1240 1 0 1 "Robbery"
0 130 108 201 207 1241 1 0 1 "Robbery"
0 130 108 201 207 1242 1 0 1 "Robbery"
0 130 108 201 207 1243 1 0 1 "Robbery"
0 130 108 201 207 1244 1 0 1 "Robbery"
0 130 108 201 207 1245 1 0 1 "Robbery"
0 130 108 201 207 1246 1 0 1 "Robbery"
0 130 108 201 207 1247 1 0 1 "Robbery"
0 130 108 201 207 1248 1 0 1 "Robbery"
0 130 108 201 207 1249 1 0 1 "Robbery"
0 130 108 201 207 1250 1 0 1 "Robbery"
0 130 108 201 207 1251 1 0 1 "Robbery"
0 130 108 201 207 1252 1 0 1 "Robbery"
0 130 108 201 207 1253 1 0 1 "Robbery"
0 130 108 201 207 1254 1 0 1 "Robbery"
0 130 108 201 207 1255 1 0 1 "Robbery"
0 130 108 201 207 1256 1 0 1 "Robbery"
0 130 108 201 207 1257 1 0 1 "Robbery"
0 130 108 201 207 1258 1 0 1 "Robbery"
0 130 108 201 207 1259 1 0 1 "Robbery"
0 130 108 201 207 1260 1 0 1 "Robbery"
0 130 108 201 207 1261 1 0 1 "Robbery"
0 130 108 201 207 1262 1 0 1 "Robbery"
0 130 108 201 207 1263 1 0 1 "Robbery"
0 130 108 201 207 1264 1 0 1 "Robbery"
0 130 108 201 207 1265 1 0 1 "Robbery"
0 130 108 201 207 1266 1 0 1 "Robbery"
0 130 108 201 207 1267 1 0 1 "Robbery"
0 130 108 201 207 1268 1 0 1 "Robbery"
0 130 108 201 207 1269 1 0 1 "Robbery"
0 130 108 201 207 1270 1 0 1 "Robbery"
0 130 108 201 207 1271 1 0 1 "Robbery"
0 130 108 201 207 1272 1 0 1 "Robbery"
0 130 108 201 207 1273 1 0 1 "Robbery"
0 130 108 201 207 1274 1 0 1 "Robbery"
0 130 108 201 207 1275 1 0 1 "Robbery"
0 130 108 201 207 1276 1 0 1 "Robbery"
0 130 108 201 207 1277 1 0 1 "Robbery"
0 130 108 201 207 1278 1 0 1 "Robbery"
0 130 108 201 207 1279 1 0 1 "Robbery"
0 130 108 201 207 1280 1 0 1 "Robbery"
0 130 108 201 207 1281 1 0 1 "Robbery"
0 130 108 201 207 1282 1 0 1 "Robbery"
0 130 108 201 207 1283 1 0 1 "Robbery"
0 130 108 201 207 1284 1 0 1 "Robbery"
0 130 108 201 207 1285 1 0 1 "Robbery"
0 130 108 201 207 1286 1 0 1 "Robbery"
0 130 108 201 207 1287 1 0 1 "Robbery"
0 130 108 201 207 1288 1 0 1 "Robbery"
0 130 108 201 207 1289 1 0 1 "Robbery"
0 130 108 201 207 1290 1 0 1 "Robbery"
0 130 108 201 207 1291 1 0 1 "Robbery"
0 130 108 201 207 1292 1 0 1 "Robbery"
0 130 108 201 207 1293 1 0 1 "Robbery"
0 130 108 201 207 1294 1 0 1 "Robbery"
0 130 108 201 207 1295 1 0 1 "Robbery"
0 130 108 201 207 1296 1 0 1 "Robbery"
0 130 108 201 207 1297 1 0 1 "Robbery"
0 130 108 201 207 1298 1 0 1 "Robbery"
0 130 108 201 207 1299 1 0 1 "Robbery"
0 130 108 201 207 1300 1 0 1 "Robbery"
0 130 108 201 207 1301 1 0 1 "Robbery"
0 130 108 201 207 1302 1 0 1 "Robbery"
0 130 108 201 207 1303 1 0 1 "Robbery"
0 130 108 201 207 1304 1 0 1 "Robbery"
0 130 108 201 207 1305 1 0 1 "Robbery"
0 130 108 201 207 1306 1 0 1 "Robbery"
0 130 108 201 207 1307 1 0 1 "Robbery"
0 130 108 201 207 1308 1 0 1 "Robbery"
0 130 108 201 207 1309 1 0 1 "Robbery"
0 130 108 201 207 1310 1 0 1 "Robbery"
0 130 108 201 207 1311 1 0 1 "Robbery"
0 130 108 201 207 1312 1 0 1 "Robbery"
0 130 108 201 207 1313 1 0 1 "Robbery"
0 130 108 201 207 1314 1 0 1 "Robbery"
0 130 108 201 207 1315 1 0 1 "Robbery"
0 130 108 201 207 1316 1 0 1 "Robbery"
0 130 108 201 207 1317 1 0 1 "Robbery"
0 130 108 201 207 1318 1 0 1 "Robbery"
0 130 108 201 207 1319 1 0 1 "Robbery"
0 130 108 201 207 1320 1 0 1 "Robbery"
0 130 108 201 207 1321 1 0 1 "Robbery"
0 130 108 201 207 1322 1 0 1 "Robbery"
0 130 108 201 207 1323 1 0 1 "Robbery"
0 130 108 201 207 1324 1 0 1 "Robbery"
0 130 108 201 207 1325 1 0 1 "Robbery"
0 130 108 201 207 1326 1 0 1 "Robbery"
0 130 108 201 207 1327 1 0 1 "Robbery"
0 130 108 201 207 1328 1 0 1 "Robbery"
0 130 108 201 207 1329 1 0 1 "Robbery"
0 130 108 201 207 1330 1 0 1 "Robbery"
0 130 108 201 207 1331 1 0 1 "Robbery"
0 130 108 201 207 1332 1 0 1 "Robbery"
0 130 108 201 207 1333 1 0 1 "Robbery"
0 130 108 201 207 1334 1 0 1 "Robbery"
0 130 108 201 207 1335 1 0 1 "Robbery"
0 130 108 201 207 1336 1 0 1 "Robbery"
0 130 108 201 207 1337 1 0 1 "Robbery"
0 130 108 201 207 1338 1 0 1 "Robbery"
0 130 108 201 207 1339 1 0 1 "Robbery"
0 130 108 201 207 1340 1 0 1 "Robbery"
0 130 108 201 207 1341 1 0 1 "Robbery"
0 130 108 201 207 1342 1 0 1 "Robbery"
0 130 108 201 207 1343 1 0 1 "Robbery"
0 130 108 201 207 1344 1 0 1 "Robbery"
0 130 108 201 207 1345 1 0 1 "Robbery"
0 130 108 201 207 1346 1 0 1 "Robbery"
0 130 108 201 207 1347 1 0 1 "Robbery"
0 130 108 201 207 1348 1 0 1 "Robbery"
0 130 108 201 207 1349 1 0 1 "Robbery"
0 130 108 201 207 1350 1 0 1 "Robbery"
0 130 108 201 207 1351 1 0 1 "Robbery"
0 130 108 201 207 1352 1 0 1 "Robbery"
0 130 108 201 207 1353 1 0 1 "Robbery"
0 130 108 201 207 1354 1 0 1 "Robbery"
0 130 108 201 207 1355 1 0 1 "Robbery"
0 130 108 201 207 1356 1 0 1 "Robbery"
0 130 108 201 207 1357 1 0 1 "Robbery"
0 130 108 201 207 1358 1 0 1 "Robbery"
0 130 108 201 207 1359 1 0 1 "Robbery"
0 130 108 201 207 1360 1 0 1 "Robbery"
0 130 108 201 207 1361 1 0 1 "Robbery"
0 130 108 201 207 1362 1 0 1 "Robbery"
0 130 108 201 207 1363 1 0 1 "Robbery"
0 130 108 201 207 1364 1 0 1 "Robbery"
0 130 108 201 207 1365 1 0 1 "Robbery"
0 130 108 201 207 1366 1 0 1 "Robbery"
0 130 108 201 207 1367 1 0 1 "Robbery"
0 130 108 201 207 1368 1 0 1 "Robbery"
0 130 108 201 207 1369 1 0 1 "Robbery"
0 130 108 201 207 1370 1 0 1 "Robbery"
0 130 108 201 207 1371 1 0 1 "Robbery"
0 130 108 201 207 1372 1 0 1 "Robbery"
0 130 108 201 207 1373 1 0 1 "Robbery"
0 130 108 201 207 1374 1 0 1 "Robbery"
0 130 108 201 207 1375 1 0 1 "Robbery"
0 130 108 201 207 1376 1 0 1 "Robbery"
0 130 108 201 207 1377 1 0 1 "Robbery"
0 130 108 201 207 1378 1 0 1 "Robbery"
0 130 108 201 207 1379 1 0 1 "Robbery"
0 130 108 201 207 1380 1 0 1 "Robbery"
0 130 108 201 207 1381 1 0 1 "Robbery"
0 130 108 201 207 1382 1 0 1 "Robbery"
0 130 108 201 207 1383 1 0 1 "Robbery"
0 130 108 201 207 1384 1 0 1 "Robbery"
0 130 108 201 207 1385 1 0 1 "Robbery"
0 130 108 201 207 1386 1 0 1 "Robbery"
0 130 108 201 207 1387 1 0 1 "Robbery"
0 130 108 201 207 1388 1 0 1 "Robbery"
0 130 108 201 207 1389 1 0 1 "Robbery"
0 130 108 201 207 1390 1 0 1 "Robbery"
0 130 108 201 207 1391 1 0 1 "Robbery"
0 130 108 201 207 1392 1 0 1 "Robbery"
0 130 108 201 207 1393 1 0 0 "Robbery"
