0 100 18 186 184 0 1 0 0 "Robbery"
0 100 18 186 184 1 1 0 1 "Robbery"
0 100 18 186 184 2 1 0 1 "Robbery"
0 100 18 186 184 3 1 0 1 "Robbery"
0 100 18 186 184 4 1 0 1 "Robbery"
0 100 18 186 184 5 1 0 1 "Robbery"
0 100 18 186 184 6 1 0 1 "Robbery"
0 100 18 186 184 7 1 0 1 "Robbery"
0 100 18 186 184 8 1 0 1 "Robbery"
0 100 18 186 184 9 1 0 1 "Robbery"
0 100 18 186 184 10 1 0 1 "Robbery"
0 100 18 186 184 11 1 0 1 "Robbery"
0 100 18 186 184 12 1 0 1 "Robbery"
0 100 18 186 184 13 1 0 1 "Robbery"
0 100 18 186 184 14 1 0 1 "Robbery"
0 100 18 186 184 15 1 0 1 "Robbery"
0 100 18 186 184 16 1 0 1 "Robbery"
0 100 18 186 184 17 1 0 1 "Robbery"
0 100 18 186 184 18 1 0 1 "Robbery"
0 100 18 186 184 19 1 0 1 "Robbery"
0 100 18 186 184 20 1 0 1 "Robbery"
0 100 18 186 184 21 1 0 1 "Robbery"
0 100 18 186 184 22 1 0 1 "Robbery"
0 100 18 186 184 23 1 0 1 "Robbery"
0 100 18 186 184 24 1 0 1 "Robbery"
0 100 18 186 184 25 1 0 1 "Robbery"
0 100 18 186 184 26 1 0 1 "Robbery"
0 100 18 186 184 27 1 0 1 "Robbery"
0 100 18 186 184 28 1 0 1 "Robbery"
0 100 18 186 184 29 1 0 1 "Robbery"
0 100 18 186 184 30 1 0 1 "Robbery"
0 100 18 186 184 31 1 0 1 "Robbery"
0 100 18 186 184 32 1 0 1 "Robbery"
0 100 18 186 184 33 1 0 1 "Robbery"
0 100 18 186 184 34 1 0 1 "Robbery"
0 100 18 186 184 35 1 0 1 "Robbery"
0 100 18 186 184 36 1 0 1 "Robbery"
0 100 18 186 184 37 1 0 1 "Robbery"
0 100 18 186 184 38 1 0 1 "Robbery"
0 100 18 186 184 39 1 0 1 "Robbery"
0 100 18 186 184 40 1 0 1 "Robbery"
0 100 18 186 184 41 1 0 1 "Robbery"
0 100 18 186 184 42 1 0 1 "Robbery"
0 100 18 186 184 43 1 0 1 "Robbery"
0 100 18 186 184 44 1 0 1 "Robbery"
0 100 18 186 184 45 1 0 1 "Robbery"
0 100 18 186 184 46 1 0 1 "Robbery"
0 100 18 186 184 47 1 0 1 "Robbery"
0 100 18 186 184 48 1 0 1 "Robbery"
0 100 18 186 184 49 1 0 1 "Robbery"
0 100 18 186 184 50 1 0 1 "Robbery"
0 100 18 186 184 51 1 0 1 "Robbery"
0 100 18 186 184 52 1 0 1 "Robbery"
0 100 18 186 184 53 1 0 1 "Robbery"
0 100 18 186 184 54 1 0 1 "Robbery"
0 100 18 186 184 55 1 0 1 "Robbery"
0 100 18 186 184 56 1 0 1 "Robbery"
0 100 18 186 184 57 1 0 1 "Robbery"
0 100 18 186 184 58 1 0 1 "Robbery"
0 100 18 186 184 59 1 0 1 "Robbery"
0 100 18 186 184 60 1 0 1 "Robbery"
0 100 18 186 184 61 1 0 1 "Robbery"
0 100 18 186 184 62 1 0 1 "Robbery"
0 100 18 186 184 63 1 0 1 "Robbery"
0 100 18 186 184 64 1 0 1 "Robbery"
0 100 18 186 184 65 1 0 1 "Robbery"
0 100 18 186 184 66 1 0 1 "Robbery"
0 100 18 186 184 67 1 0 1 "Robbery"
0 100 18 186 184 68 1 0 1 "Robbery"
0 100 18 186 184 69 1 0 1 "Robbery"
0 100 18 186 184 70 1 0 1 "Robbery"
0 100 18 186 184 71 1 0 1 "Robbery"
0 100 18 186 184 72 1 0 1 "Robbery"
0 100 18 186 184 73 1 0 1 "Robbery"
0 100 18 186 184 74 1 0 1 "Robbery"
0 100 18 186 184 75 1 0 1 "Robbery"
0 100 18 186 184 76 1 0 1 "Robbery"
0 100 18 186 184 77 1 0 1 "Robbery"
0 100 18 186 184 78 1 0 1 "Robbery"
0 100 18 186 184 79 1 0 1 "Robbery"
0 100 18 186 184 80 1 0 1 "Robbery"
0 100 18 186 184 81 1 0 1 "Robbery"
0 100 18 186 184 82 1 0 1 "Robbery"
0 100 18 186 184 83 1 0 1 "Robbery"
0 100 18 186 184 84 1 0 1 "Robbery"
0 100 18 186 184 85 1 0 1 "Robbery"
0 100 18 186 184 86 1 0 1 "Robbery"
0 100 18 186 184 87 0 0 0 "Robbery"
0 100 16 185 184 88 0 0 1 "Robbery"
0 100 14 185 184 89 0 0 1 "Robbery"
0 100 12 185 184 90 0 0 1 "Robbery"
0 100 10 185 184 91 0 0 1 "Robbery"
0 100 9 185 184 92 0 0 0 "Robbery"
0 96 8 184 182 93 0 0 1 "Robbery"
0 92 7 184 181 94 0 0 1 "Robbery"
0 89 6 184 180 95 0 0 1 "Robbery"
0 85 5 183 178 96 0 0 1 "Robbery"
0 82 4 183 177 97 0 0 1 "Robbery"
0 78 3 183 176 98 0 0 1 "Robbery"
0 75 3 183 175 99 0 0 0 "Robbery"
0 75 3 182 170 100 0 0 1 "Robbery"
0 75 3 182 166 101 0 0 1 "Robbery"
0 75 3 182 162 102 0 0 1 "Robbery"
0 75 3 182 158 103 0 0 0 "Robbery"
0 72 3 182 157 104 0 0 1 "Robbery"
0 70 3 182 157 105 0 0 1 "Robbery"
0 67 3 182 157 106 0 0 1 "Robbery"
0 65 3 182 157 107 0 0 0 "Robbery"
0 62 2 179 154 108 0 0 1 "Robbery"
0 59 2 176 151 109 0 0 1 "Robbery"
0 57 1 174 148 110 0 0 1 "Robbery"
0 54 1 171 146 111 0 0 1 "Robbery"
0 52 0 169 143 112 0 0 1 "Robbery"
0 49 0 166 140 113 0 0 1 "Robbery"
0 47 0 164 138 114 0 0 0 "Robbery"
0 44 0 166 137 115 0 0 1 "Robbery"
0 42 0 168 136 116 0 0 1 "Robbery"
0 40 0 170 135 117 0 0 1 "Robbery"
0 37 0 173 134 118 0 0 1 "Robbery"
0 35 0 175 133 119 0 0 1 "Robbery"
0 33 0 177 132 120 0 0 1 "Robbery"
0 30 0 180 131 121 0 0 1 "Robbery"
0 28 0 182 131 122 0 0 1 "Robbery"
0 26 0 184 130 123 0 0 1 "Robbery"
0 23 0 187 129 124 0 0 1 "Robbery"
0 21 0 189 128 125 0 0 1 "Robbery"
0 19 0 191 127 126 0 0 1 "Robbery"
0 16 0 194 126 127 0 0 1 "Robbery"
0 14 0 196 125 128 0 0 1 "Robbery"
0 12 0 198 124 129 0 0 1 "Robbery"
0 10 0 201 124 130 0 0 0 "Robbery"
0 10 0 203 123 131 0 0 1 "Robbery"
0 11 0 205 122 132 0 0 1 "Robbery"
0 12 0 207 122 133 0 0 1 "Robbery"
0 13 0 209 121 134 0 0 1 "Robbery"
0 14 0 211 120 135 0 0 1 "Robbery"
0 15 0 214 120 136 0 0 0 "Robbery"
0 15 0 215 120 137 0 0 1 "Robbery"
0 15 0 216 120 138 0 0 1 "Robbery"
0 16 0 217 120 139 0 0 1 "Robbery"
0 16 0 218 120 140 0 0 1 "Robbery"
0 17 0 219 120 141 0 0 0 "Robbery"
0 16 0 219 120 142 0 0 1 "Robbery"
0 15 0 219 120 143 0 0 1 "Robbery"
0 14 0 219 120 144 0 0 1 "Robbery"
0 13 0 219 120 145 0 0 1 "Robbery"
0 12 0 219 120 146 0 0 1 "Robbery"
0 12 0 219 120 147 0 0 0 "Robbery"
0 12 0 218 124 148 0 0 1 "Robbery"
0 13 0 218 128 149 0 0 1 "Robbery"
0 13 0 218 132 150 0 0 1 "Robbery"
0 14 0 218 136 151 0 0 1 "Robbery"
0 15 0 218 140 152 0 0 1 "Robbery"
0 15 0 218 144 153 0 0 1 "Robbery"
0 16 0 218 148 154 0 0 1 "Robbery"
0 16 0 218 152 155 0 0 1 "Robbery"
0 17 0 218 156 156 0 0 1 "Robbery"
0 18 0 218 161 157 0 0 0 "Robbery"
0 23 0 217 158 158 0 0 1 "Robbery"
0 28 0 217 156 159 0 0 1 "Robbery"
0 33 0 217 153 160 0 0 1 "Robbery"
0 38 0 217 151 161 0 0 1 "Robbery"
0 43 0 217 149 162 0 0 1 "Robbery"
0 48 0 217 146 163 0 0 1 "Robbery"
0 53 0 217 144 164 0 0 1 "Robbery"
0 58 0 217 142 165 0 0 1 "Robbery"
0 63 0 217 139 166 0 0 1 "Robbery"
0 68 0 217 137 167 0 0 1 "Robbery"
0 73 0 217 134 168 0 0 1 "Robbery"
0 78 0 217 132 169 0 0 1 "Robbery"
0 83 0 217 130 170 0 0 1 "Robbery"
0 88 0 217 127 171 0 0 1 "Robbery"
0 93 0 217 125 172 0 0 1 "Robbery"
0 99 0 217 123 173 0 0 0 "Robbery"
0 101 0 218 122 174 0 0 1 "Robbery"
0 103 0 219 121 175 0 0 1 "Robbery"
0 105 0 220 121 176 0 0 1 "Robbery"
0 107 0 221 120 177 0 0 1 "Robbery"
0 109 0 222 120 178 0 0 1 "Robbery"
0 111 0 223 119 179 0 0 1 "Robbery"
0 113 0 224 119 180 0 0 1 "Robbery"
0 115 0 225 118 181 0 0 1 "Robbery"
0 117 0 226 118 182 0 0 1 "Robbery"
0 119 0 227 117 183 0 0 1 "Robbery"
0 121 0 228 117 184 0 0 1 "Robbery"
0 123 0 229 116 185 0 0 1 "Robbery"
0 125 0 230 116 186 0 0 1 "Robbery"
0 127 0 231 115 187 0 0 1 "Robbery"
0 129 0 232 115 188 0 0 1 "Robbery"
0 131 0 233 114 189 0 0 1 "Robbery"
0 133 0 234 114 190 0 0 1 "Robbery"
0 135 0 235 113 191 0 0 1 "Robbery"
0 138 0 236 113 192 0 0 0 "Robbery"
0 138 0 237 112 193 0 0 1 "Robbery"
0 138 0 239 112 194 0 0 1 "Robbery"
0 139 0 240 112 195 0 0 1 "Robbery"
0 139 0 242 112 196 0 0 1 "Robbery"
0 139 0 243 111 197 0 0 1 "Robbery"
0 140 0 245 111 198 0 0 1 "Robbery"
0 140 0 247 111 199 0 0 1 "Robbery"
0 140 0 248 111 200 0 0 1 "Robbery"
0 141 0 250 110 201 0 0 1 "Robbery"
0 141 0 251 110 202 0 0 1 "Robbery"
0 142 0 253 110 203 0 0 1 "Robbery"
0 142 0 255 110 204 0 0 1 "Robbery"
0 142 0 256 110 205 0 0 1 "Robbery"
0 143 0 258 109 206 0 0 1 "Robbery"
0 143 0 259 109 207 0 0 1 "Robbery"
0 143 0 261 109 208 0 0 1 "Robbery"
0 144 0 263 109 209 0 0 1 "Robbery"
0 144 0 264 108 210 0 0 1 "Robbery"
0 144 0 266 108 211 0 0 1 "Robbery"
0 145 0 267 108 212 0 0 1 "Robbery"
0 145 0 269 108 213 0 0 1 "Robbery"
0 146 0 271 108 214 0 0 0 "Robbery"
0 148 0 272 108 215 0 0 1 "Robbery"
0 150 0 274 108 216 0 0 1 "Robbery"
0 152 0 276 108 217 0 0 1 "Robbery"
0 154 0 278 108 218 0 0 1 "Robbery"
0 156 0 279 108 219 0 0 1 "Robbery"
0 158 0 281 108 220 0 0 1 "Robbery"
0 161 0 283 108 221 0 0 1 "Robbery"
0 163 0 285 108 222 0 0 1 "Robbery"
0 165 0 287 108 223 0 0 1 "Robbery"
0 167 0 288 108 224 0 0 1 "Robbery"
0 169 0 290 108 225 0 0 1 "Robbery"
0 171 0 292 108 226 0 0 1 "Robbery"
0 173 0 294 108 227 0 0 1 "Robbery"
0 176 0 295 108 228 0 0 1 "Robbery"
0 178 0 297 108 229 0 0 1 "Robbery"
0 180 0 299 108 230 0 0 1 "Robbery"
0 182 0 301 108 231 0 0 1 "Robbery"
0 184 0 303 108 232 0 0 1 "Robbery"
0 186 0 304 108 233 0 0 1 "Robbery"
0 188 0 306 108 234 0 0 1 "Robbery"
0 191 0 308 108 235 0 0 1 "Robbery"
0 193 0 310 108 236 0 0 1 "Robbery"
0 195 0 311 108 237 0 0 1 "Robbery"
0 197 0 313 108 238 0 0 1 "Robbery"
0 199 0 315 108 239 0 0 1 "Robbery"
0 201 0 317 108 240 0 0 1 "Robbery"
0 204 0 319 108 241 1 0 0 "Robbery"
0 199 0 314 110 242 1 0 1 "Robbery"
0 195 0 310 112 243 1 0 1 "Robbery"
0 191 0 305 114 244 1 0 1 "Robbery"
0 187 0 301 116 245 1 0 1 "Robbery"
0 183 0 297 118 246 1 0 1 "Robbery"
0 179 0 292 120 247 1 0 1 "Robbery"
0 174 0 288 123 248 1 0 1 "Robbery"
0 170 0 283 125 249 1 0 1 "Robbery"
0 166 0 279 127 250 1 0 1 "Robbery"
0 162 0 275 129 251 1 0 1 "Robbery"
0 158 1 270 131 252 1 0 1 "Robbery"
0 154 1 266 133 253 1 0 1 "Robbery"
0 149 1 261 136 254 1 0 1 "Robbery"
0 145 1 257 138 255 1 0 1 "Robbery"
0 141 1 253 140 256 1 0 1 "Robbery"
0 137 1 248 142 257 1 0 1 "Robbery"
0 133 1 244 144 258 1 0 1 "Robbery"
0 129 1 240 146 259 1 0 1 "Robbery"
0 124 1 235 149 260 1 0 1 "Robbery"
0 120 1 231 151 261 1 0 1 "Robbery"
0 116 2 226 153 262 1 0 1 "Robbery"
0 112 2 222 155 263 1 0 1 "Robbery"
0 108 2 218 157 264 1 0 1 "Robbery"
0 104 2 213 159 265 1 0 1 "Robbery"
0 99 2 209 162 266 1 0 1 "Robbery"
0 95 2 204 164 267 1 0 1 "Robbery"
0 91 2 200 166 268 1 0 1 "Robbery"
0 87 2 196 168 269 1 0 1 "Robbery"
0 83 2 191 170 270 1 0 1 "Robbery"
0 79 2 187 172 271 1 0 1 "Robbery"
0 75 3 183 175 272 1 0 0 "Robbery"
