0 66 21 112 101 0 1 0 0 "Robbery"
0 65 20 111 100 1 1 0 1 "Robbery"
0 65 20 111 100 2 1 0 1 "Robbery"
0 65 20 111 100 3 1 0 1 "Robbery"
0 65 20 111 100 4 1 0 1 "Robbery"
0 65 20 111 100 5 1 0 1 "Robbery"
0 65 20 111 100 6 1 0 1 "Robbery"
0 65 20 111 100 7 1 0 1 "Robbery"
0 65 20 111 100 8 1 0 1 "Robbery"
0 65 20 111 100 9 1 0 1 "Robbery"
0 65 20 111 100 10 1 0 1 "Robbery"
0 65 20 111 100 11 1 0 1 "Robbery"
0 65 20 111 100 12 1 0 1 "Robbery"
0 65 20 111 100 13 1 0 1 "Robbery"
0 65 20 111 100 14 1 0 1 "Robbery"
0 65 20 111 100 15 1 0 1 "Robbery"
0 65 20 111 100 16 1 0 1 "Robbery"
0 65 20 111 100 17 1 0 1 "Robbery"
0 65 20 111 100 18 1 0 1 "Robbery"
0 64 20 110 100 19 1 0 1 "Robbery"
0 64 20 110 100 20 1 0 1 "Robbery"
0 64 20 110 100 21 1 0 1 "Robbery"
0 64 20 110 100 22 1 0 1 "Robbery"
0 64 20 110 100 23 1 0 1 "Robbery"
0 64 20 110 100 24 1 0 1 "Robbery"
0 64 20 110 100 25 1 0 1 "Robbery"
0 64 20 110 100 26 1 0 1 "Robbery"
0 64 20 110 100 27 1 0 1 "Robbery"
0 64 20 110 100 28 1 0 1 "Robbery"
0 64 20 110 100 29 1 0 1 "Robbery"
0 64 20 110 100 30 1 0 1 "Robbery"
0 64 20 110 100 31 1 0 1 "Robbery"
0 64 20 110 100 32 1 0 1 "Robbery"
0 64 20 110 100 33 1 0 1 "Robbery"
0 64 20 110 100 34 1 0 1 "Robbery"
0 64 20 110 100 35 1 0 1 "Robbery"
0 64 20 110 100 36 1 0 1 "Robbery"
0 64 20 110 100 37 0 0 0 "Robbery"
0 64 20 111 100 38 0 0 1 "Robbery"
0 64 20 112 100 39 0 0 1 "Robbery"
0 64 20 113 100 40 0 0 1 "Robbery"
0 64 20 114 100 41 0 0 1 "Robbery"
0 64 20 115 100 42 0 0 1 "Robbery"
0 65 20 117 100 43 0 0 0 "Robbery"
0 65 20 117 100 44 0 0 1 "Robbery"
0 65 20 118 101 45 0 0 1 "Robbery"
0 66 20 118 101 46 0 0 1 "Robbery"
0 66 20 119 102 47 0 0 1 "Robbery"
0 67 20 120 103 48 0 0 0 "Robbery"
0 67 20 120 103 49 0 0 1 "Robbery"
0 68 20 121 103 50 0 0 1 "Robbery"
0 68 20 121 103 51 0 0 1 "Robbery"
0 69 20 122 103 52 0 0 1 "Robbery"
0 69 20 122 103 53 0 0 1 "Robbery"
0 70 20 123 103 54 0 0 1 "Robbery"
0 70 20 123 103 55 0 0 1 "Robbery"
0 71 20 124 103 56 0 0 1 "Robbery"
0 72 20 125 103 57 0 0 0 "Robbery"
0 72 19 125 105 58 0 0 1 "Robbery"
0 73 19 125 108 59 0 0 1 "Robbery"
0 74 19 126 111 60 0 0 1 "Robbery"
0 74 19 126 114 61 0 0 1 "Robbery"
0 75 19 126 117 62 0 0 1 "Robbery"
0 76 19 127 120 63 0 0 0 "Robbery"
0 77 18 128 119 64 0 0 1 "Robbery"
0 78 18 129 119 65 0 0 1 "Robbery"
0 79 18 130 119 66 0 0 1 "Robbery"
0 80 18 131 119 67 0 0 1 "Robbery"
0 81 18 132 119 68 0 0 0 "Robbery"
0 82 18 133 119 69 0 0 1 "Robbery"
0 83 18 134 119 70 0 0 1 "Robbery"
0 85 19 136 120 71 0 0 1 "Robbery"
0 86 19 137 120 72 0 0 1 "Robbery"
0 88 20 139 121 73 0 0 0 "Robbery"
0 88 19 142 120 74 0 0 1 "Robbery"
0 89 19 145 120 75 0 0 1 "Robbery"
0 90 19 148 119 76 0 0 1 "Robbery"
0 90 18 151 119 77 0 0 1 "Robbery"
0 91 18 154 118 78 0 0 1 "Robbery"
0 92 18 157 118 79 0 0 0 "Robbery"
0 93 17 158 117 80 0 0 1 "Robbery"
0 94 17 159 117 81 0 0 1 "Robbery"
0 95 16 160 116 82 0 0 1 "Robbery"
0 96 16 161 116 83 0 0 1 "Robbery"
0 98 16 163 116 84 0 0 0 "Robbery"
0 99 16 163 115 85 0 0 1 "Robbery"
0 100 16 163 115 86 0 0 1 "Robbery"
0 101 16 163 115 87 0 0 1 "Robbery"
0 102 16 163 115 88 0 0 1 "Robbery"
0 103 16 163 115 89 0 0 1 "Robbery"
0 104 16 163 115 90 0 0 0 "Robbery"
0 105 16 164 115 91 0 0 1 "Robbery"
0 106 16 165 115 92 0 0 1 "Robbery"
0 107 16 166 115 93 0 0 1 "Robbery"
0 109 16 168 115 94 0 0 0 "Robbery"
0 110 16 170 119 95 0 0 1 "Robbery"
0 111 16 172 123 96 0 0 1 "Robbery"
0 113 17 174 128 97 0 0 1 "Robbery"
0 114 17 176 132 98 0 0 1 "Robbery"
0 116 18 179 137 99 0 0 0 "Robbery"
0 116 18 179 136 100 0 0 1 "Robbery"
0 116 18 180 136 101 0 0 1 "Robbery"
0 116 18 180 136 102 0 0 1 "Robbery"
0 116 18 181 136 103 0 0 1 "Robbery"
0 116 18 181 136 104 0 0 1 "Robbery"
0 116 18 182 136 105 0 0 1 "Robbery"
0 116 18 182 136 106 0 0 1 "Robbery"
0 116 18 183 136 107 0 0 1 "Robbery"
0 116 18 183 136 108 0 0 1 "Robbery"
0 116 18 184 136 109 0 0 1 "Robbery"
0 116 18 185 136 110 0 0 0 "Robbery"
0 116 17 185 135 111 0 0 1 "Robbery"
0 116 17 186 135 112 0 0 1 "Robbery"
0 116 16 187 135 113 0 0 1 "Robbery"
0 116 16 188 135 114 0 0 1 "Robbery"
0 116 15 189 135 115 0 0 1 "Robbery"
0 116 15 189 135 116 0 0 1 "Robbery"
0 116 14 190 135 117 0 0 1 "Robbery"
0 116 14 191 135 118 0 0 1 "Robbery"
0 116 13 192 135 119 0 0 1 "Robbery"
0 116 13 193 135 120 0 0 1 "Robbery"
0 116 13 194 135 121 0 0 0 "Robbery"
0 116 13 194 134 122 0 0 1 "Robbery"
0 117 13 194 134 123 0 0 1 "Robbery"
0 118 13 194 134 124 0 0 1 "Robbery"
0 118 13 194 134 125 0 0 1 "Robbery"
0 119 13 194 134 126 0 0 1 "Robbery"
0 120 13 194 134 127 0 0 0 "Robbery"
0 120 13 195 133 128 0 0 1 "Robbery"
0 120 13 197 132 129 0 0 1 "Robbery"
0 120 13 199 132 130 0 0 0 "Robbery"
0 120 13 201 132 131 0 0 1 "Robbery"
0 120 13 203 132 132 0 0 1 "Robbery"
0 120 13 205 132 133 0 0 1 "Robbery"
0 121 13 207 132 134 0 0 1 "Robbery"
0 121 14 209 132 135 0 0 1 "Robbery"
0 121 14 211 132 136 0 0 1 "Robbery"
0 122 14 213 132 137 0 0 1 "Robbery"
0 122 14 215 132 138 0 0 1 "Robbery"
0 122 14 217 132 139 0 0 1 "Robbery"
0 123 15 219 132 140 0 0 0 "Robbery"
0 123 15 219 132 141 0 0 1 "Robbery"
0 123 15 219 132 142 0 0 1 "Robbery"
0 123 15 219 132 143 0 0 1 "Robbery"
0 123 15 219 132 144 0 0 1 "Robbery"
0 123 15 219 132 145 0 0 1 "Robbery"
0 123 15 219 132 146 0 0 1 "Robbery"
0 123 15 219 132 147 0 0 1 "Robbery"
0 123 15 219 132 148 0 0 1 "Robbery"
0 123 15 219 132 149 0 0 1 "Robbery"
0 123 16 219 133 150 0 0 0 "Robbery"
0 123 16 219 133 151 0 0 1 "Robbery"
0 123 16 219 133 152 0 0 1 "Robbery"
0 123 16 219 133 153 0 0 1 "Robbery"
0 123 16 219 133 154 0 0 1 "Robbery"
0 123 16 219 133 155 0 0 1 "Robbery"
0 123 16 219 133 156 0 0 1 "Robbery"
0 123 16 219 133 157 0 0 0 "Robbery"
0 123 16 219 133 158 0 0 1 "Robbery"
0 124 16 220 134 159 0 0 1 "Robbery"
0 125 16 221 135 160 0 0 1 "Robbery"
0 126 16 222 136 161 0 0 1 "Robbery"
0 127 16 222 137 162 0 0 1 "Robbery"
0 128 16 223 138 163 0 0 1 "Robbery"
0 129 16 224 139 164 0 0 1 "Robbery"
0 130 16 225 140 165 0 0 0 "Robbery"
0 129 15 225 140 166 0 0 1 "Robbery"
0 129 15 226 140 167 0 0 1 "Robbery"
0 129 15 227 140 168 0 0 1 "Robbery"
0 128 14 227 140 169 0 0 1 "Robbery"
0 128 14 228 141 170 0 0 1 "Robbery"
0 128 14 229 141 171 0 0 1 "Robbery"
0 127 14 229 141 172 0 0 1 "Robbery"
0 127 13 230 141 173 0 0 1 "Robbery"
0 127 13 231 141 174 0 0 1 "Robbery"
0 126 13 231 142 175 0 0 1 "Robbery"
0 126 13 232 142 176 0 0 1 "Robbery"
0 126 12 233 142 177 0 0 1 "Robbery"
0 126 12 234 142 178 0 0 1 "Robbery"
0 125 12 234 143 179 0 0 1 "Robbery"
0 125 12 235 143 180 0 0 1 "Robbery"
0 125 11 236 143 181 0 0 1 "Robbery"
0 124 11 236 143 182 0 0 1 "Robbery"
0 124 11 237 143 183 0 0 1 "Robbery"
0 124 11 238 144 184 0 0 1 "Robbery"
0 123 10 238 144 185 0 0 1 "Robbery"
0 123 10 239 144 186 0 0 1 "Robbery"
0 123 10 240 144 187 0 0 1 "Robbery"
0 123 10 241 145 188 0 0 0 "Robbery"
0 122 10 240 145 189 0 0 1 "Robbery"
0 122 10 240 145 190 0 0 1 "Robbery"
0 122 10 240 145 191 0 0 1 "Robbery"
0 122 10 240 145 192 0 0 1 "Robbery"
0 122 10 240 145 193 0 0 1 "Robbery"
0 122 10 240 145 194 0 0 1 "Robbery"
0 121 10 239 145 195 0 0 1 "Robbery"
0 121 10 239 145 196 0 0 1 "Robbery"
0 121 10 239 145 197 0 0 1 "Robbery"
0 121 10 239 145 198 0 0 1 "Robbery"
0 121 10 239 145 199 0 0 1 "Robbery"
0 121 10 239 145 200 0 0 1 "Robbery"
0 121 10 239 145 201 0 0 1 "Robbery"
0 120 10 238 145 202 0 0 1 "Robbery"
0 120 10 238 145 203 0 0 1 "Robbery"
0 120 10 238 145 204 0 0 1 "Robbery"
0 120 10 238 145 205 0 0 1 "Robbery"
0 120 10 238 145 206 0 0 1 "Robbery"
0 120 10 238 145 207 0 0 1 "Robbery"
0 120 10 238 145 208 0 0 1 "Robbery"
0 119 10 237 145 209 0 0 1 "Robbery"
0 119 10 237 145 210 0 0 1 "Robbery"
0 119 10 237 145 211 0 0 1 "Robbery"
0 119 10 237 145 212 0 0 1 "Robbery"
0 119 10 237 145 213 0 0 1 "Robbery"
0 119 10 237 145 214 0 0 1 "Robbery"
0 118 10 236 145 215 0 0 1 "Robbery"
0 118 10 236 145 216 0 0 1 "Robbery"
0 118 10 236 145 217 0 0 1 "Robbery"
0 118 11 236 146 218 0 0 1 "Robbery"
0 118 11 236 146 219 0 0 1 "Robbery"
0 118 11 236 146 220 0 0 1 "Robbery"
0 118 11 236 146 221 0 0 1 "Robbery"
0 117 11 235 146 222 0 0 1 "Robbery"
0 117 11 235 146 223 0 0 1 "Robbery"
0 117 11 235 146 224 0 0 1 "Robbery"
0 117 11 235 146 225 0 0 1 "Robbery"
0 117 11 235 146 226 0 0 1 "Robbery"
0 117 11 235 146 227 0 0 1 "Robbery"
0 117 11 235 146 228 0 0 1 "Robbery"
0 116 11 234 146 229 0 0 1 "Robbery"
0 116 11 234 146 230 0 0 1 "Robbery"
0 116 11 234 146 231 0 0 1 "Robbery"
0 116 11 234 146 232 0 0 1 "Robbery"
0 116 11 234 146 233 0 0 1 "Robbery"
0 116 11 234 146 234 0 0 1 "Robbery"
0 115 11 233 146 235 0 0 1 "Robbery"
0 115 11 233 146 236 0 0 1 "Robbery"
0 115 11 233 146 237 0 0 1 "Robbery"
0 115 11 233 146 238 0 0 1 "Robbery"
0 115 11 233 146 239 0 0 1 "Robbery"
0 115 11 233 146 240 0 0 1 "Robbery"
0 115 11 233 146 241 0 0 1 "Robbery"
0 114 11 232 146 242 0 0 1 "Robbery"
0 114 11 232 146 243 0 0 1 "Robbery"
0 114 11 232 146 244 0 0 1 "Robbery"
0 114 11 232 146 245 0 0 1 "Robbery"
0 114 11 232 146 246 0 0 1 "Robbery"
0 114 11 232 146 247 0 0 1 "Robbery"
0 114 12 232 147 248 0 0 0 "Robbery"
0 114 12 231 146 249 0 0 1 "Robbery"
0 114 12 231 146 250 0 0 1 "Robbery"
0 114 12 231 146 251 0 0 1 "Robbery"
0 114 12 231 146 252 0 0 1 "Robbery"
0 114 12 231 146 253 0 0 1 "Robbery"
0 114 12 231 146 254 0 0 1 "Robbery"
0 114 12 231 146 255 0 0 1 "Robbery"
0 114 12 231 146 256 0 0 1 "Robbery"
0 114 12 231 145 257 0 0 1 "Robbery"
0 114 12 231 145 258 0 0 1 "Robbery"
0 114 12 231 145 259 0 0 1 "Robbery"
0 114 12 231 145 260 0 0 1 "Robbery"
0 114 12 231 145 261 0 0 1 "Robbery"
0 114 12 231 145 262 0 0 1 "Robbery"
0 114 12 231 145 263 0 0 1 "Robbery"
0 115 12 231 145 264 0 0 1 "Robbery"
0 115 12 231 145 265 0 0 1 "Robbery"
0 115 12 231 144 266 0 0 1 "Robbery"
0 115 12 231 144 267 0 0 1 "Robbery"
0 115 12 231 144 268 0 0 1 "Robbery"
0 115 12 231 144 269 0 0 1 "Robbery"
0 115 12 231 144 270 0 0 1 "Robbery"
0 115 12 231 144 271 0 0 1 "Robbery"
0 115 12 231 144 272 0 0 1 "Robbery"
0 115 12 231 144 273 0 0 1 "Robbery"
0 115 12 231 144 274 0 0 1 "Robbery"
0 115 12 231 143 275 0 0 1 "Robbery"
0 115 12 231 143 276 0 0 1 "Robbery"
0 115 12 231 143 277 0 0 1 "Robbery"
0 115 12 231 143 278 0 0 1 "Robbery"
0 115 12 231 143 279 0 0 1 "Robbery"
0 116 12 231 143 280 0 0 1 "Robbery"
0 116 12 231 143 281 0 0 1 "Robbery"
0 116 12 231 143 282 0 0 1 "Robbery"
0 116 12 231 143 283 0 0 1 "Robbery"
0 116 12 231 142 284 0 0 1 "Robbery"
0 116 12 231 142 285 0 0 1 "Robbery"
0 116 12 231 142 286 0 0 1 "Robbery"
0 116 12 231 142 287 0 0 1 "Robbery"
0 116 12 231 142 288 0 0 1 "Robbery"
0 116 12 231 142 289 0 0 1 "Robbery"
0 116 12 231 142 290 0 0 1 "Robbery"
0 116 12 231 142 291 0 0 1 "Robbery"
0 116 12 231 142 292 0 0 1 "Robbery"
0 116 12 231 141 293 0 0 1 "Robbery"
0 116 12 231 141 294 0 0 1 "Robbery"
0 116 12 231 141 295 0 0 1 "Robbery"
0 117 12 231 141 296 0 0 1 "Robbery"
0 117 12 231 141 297 0 0 1 "Robbery"
0 117 12 231 141 298 0 0 1 "Robbery"
0 117 12 231 141 299 0 0 1 "Robbery"
0 117 12 231 141 300 0 0 1 "Robbery"
0 117 12 231 141 301 0 0 1 "Robbery"
0 117 12 231 140 302 0 0 1 "Robbery"
0 117 12 231 140 303 0 0 1 "Robbery"
0 117 12 231 140 304 0 0 1 "Robbery"
0 117 12 231 140 305 0 0 1 "Robbery"
0 117 12 231 140 306 0 0 1 "Robbery"
0 117 12 231 140 307 0 0 1 "Robbery"
0 117 12 231 140 308 0 0 1 "Robbery"
0 117 12 231 140 309 0 0 1 "Robbery"
0 117 12 231 140 310 0 0 1 "Robbery"
0 117 12 231 139 311 0 0 1 "Robbery"
0 118 12 231 139 312 0 0 1 "Robbery"
0 118 12 231 139 313 0 0 1 "Robbery"
0 118 12 231 139 314 0 0 1 "Robbery"
0 118 12 231 139 315 0 0 1 "Robbery"
0 118 12 231 139 316 0 0 1 "Robbery"
0 118 12 231 139 317 0 0 1 "Robbery"
0 118 12 231 139 318 0 0 1 "Robbery"
0 118 12 231 139 319 0 0 1 "Robbery"
0 118 12 231 138 320 0 0 1 "Robbery"
0 118 12 231 138 321 0 0 1 "Robbery"
0 118 12 231 138 322 0 0 1 "Robbery"
0 118 12 231 138 323 0 0 1 "Robbery"
0 118 12 231 138 324 0 0 1 "Robbery"
0 118 12 231 138 325 0 0 1 "Robbery"
0 118 12 231 138 326 0 0 1 "Robbery"
0 118 12 231 138 327 0 0 1 "Robbery"
0 119 12 231 138 328 0 0 0 "Robbery"
0 118 12 230 138 329 0 0 1 "Robbery"
0 118 12 230 138 330 0 0 1 "Robbery"
0 118 12 230 138 331 0 0 1 "Robbery"
0 118 12 230 138 332 0 0 1 "Robbery"
0 117 12 229 138 333 0 0 1 "Robbery"
0 117 12 229 138 334 0 0 1 "Robbery"
0 117 12 229 138 335 0 0 1 "Robbery"
0 117 12 229 138 336 0 0 1 "Robbery"
0 116 12 228 138 337 0 0 1 "Robbery"
0 116 12 228 138 338 0 0 1 "Robbery"
0 116 12 228 138 339 0 0 1 "Robbery"
0 116 12 228 138 340 0 0 1 "Robbery"
0 115 12 227 138 341 0 0 1 "Robbery"
0 115 12 227 138 342 0 0 1 "Robbery"
0 115 12 227 138 343 0 0 1 "Robbery"
0 115 12 227 138 344 0 0 1 "Robbery"
0 114 12 226 138 345 0 0 1 "Robbery"
0 114 12 226 138 346 0 0 1 "Robbery"
0 114 12 226 138 347 0 0 1 "Robbery"
0 114 12 226 138 348 0 0 0 "Robbery"
0 113 12 226 137 349 0 0 1 "Robbery"
0 113 12 226 137 350 0 0 1 "Robbery"
0 113 12 226 137 351 0 0 1 "Robbery"
0 113 12 226 137 352 0 0 1 "Robbery"
0 113 12 226 137 353 0 0 1 "Robbery"
0 113 12 226 137 354 0 0 1 "Robbery"
0 113 12 226 137 355 0 0 1 "Robbery"
0 113 12 226 137 356 0 0 1 "Robbery"
0 113 12 226 137 357 0 0 1 "Robbery"
0 113 12 226 137 358 0 0 1 "Robbery"
0 112 12 226 137 359 0 0 1 "Robbery"
0 112 12 226 137 360 0 0 1 "Robbery"
0 112 12 226 137 361 0 0 1 "Robbery"
0 112 12 226 137 362 0 0 1 "Robbery"
0 112 12 226 137 363 0 0 1 "Robbery"
0 112 12 226 137 364 0 0 1 "Robbery"
0 112 12 226 137 365 0 0 1 "Robbery"
0 112 12 226 137 366 0 0 1 "Robbery"
0 112 12 226 137 367 0 0 1 "Robbery"
0 112 12 226 137 368 0 0 1 "Robbery"
0 112 12 226 137 369 0 0 1 "Robbery"
0 111 12 226 137 370 0 0 1 "Robbery"
0 111 12 226 137 371 0 0 1 "Robbery"
0 111 12 226 137 372 0 0 1 "Robbery"
0 111 12 226 137 373 0 0 1 "Robbery"
0 111 12 226 137 374 0 0 1 "Robbery"
0 111 12 226 137 375 0 0 1 "Robbery"
0 111 12 226 137 376 0 0 1 "Robbery"
0 111 12 226 137 377 0 0 1 "Robbery"
0 111 12 226 137 378 0 0 1 "Robbery"
0 111 12 226 137 379 0 0 1 "Robbery"
0 111 12 226 137 380 0 0 1 "Robbery"
0 110 12 226 137 381 0 0 1 "Robbery"
0 110 12 226 137 382 0 0 1 "Robbery"
0 110 12 226 137 383 0 0 1 "Robbery"
0 110 12 226 137 384 0 0 1 "Robbery"
0 110 12 226 137 385 0 0 1 "Robbery"
0 110 12 226 137 386 0 0 1 "Robbery"
0 110 12 226 137 387 0 0 1 "Robbery"
0 110 12 226 137 388 0 0 1 "Robbery"
0 110 12 226 137 389 0 0 1 "Robbery"
0 110 12 226 137 390 0 0 1 "Robbery"
0 110 12 226 137 391 0 0 1 "Robbery"
0 109 12 226 137 392 0 0 1 "Robbery"
0 109 12 226 137 393 0 0 1 "Robbery"
0 109 12 226 137 394 0 0 1 "Robbery"
0 109 12 226 137 395 0 0 1 "Robbery"
0 109 12 226 137 396 0 0 1 "Robbery"
0 109 12 226 137 397 0 0 1 "Robbery"
0 109 12 226 137 398 0 0 1 "Robbery"
0 109 12 226 137 399 0 0 1 "Robbery"
0 109 12 226 137 400 0 0 1 "Robbery"
0 109 12 226 137 401 0 0 1 "Robbery"
0 109 12 226 137 402 0 0 1 "Robbery"
0 108 12 226 137 403 0 0 1 "Robbery"
0 108 12 226 137 404 0 0 1 "Robbery"
0 108 12 226 137 405 0 0 1 "Robbery"
0 108 12 226 137 406 0 0 1 "Robbery"
0 108 12 226 137 407 0 0 1 "Robbery"
0 108 12 226 137 408 0 0 1 "Robbery"
0 108 12 226 137 409 0 0 1 "Robbery"
0 108 12 226 137 410 0 0 1 "Robbery"
0 108 12 226 137 411 0 0 1 "Robbery"
0 108 12 226 137 412 0 0 1 "Robbery"
0 108 12 226 137 413 0 0 1 "Robbery"
0 107 12 226 137 414 0 0 1 "Robbery"
0 107 12 226 137 415 0 0 1 "Robbery"
0 107 12 226 137 416 0 0 1 "Robbery"
0 107 12 226 137 417 0 0 1 "Robbery"
0 107 12 226 137 418 0 0 1 "Robbery"
0 107 12 226 137 419 0 0 1 "Robbery"
0 107 12 226 137 420 0 0 1 "Robbery"
0 107 12 226 137 421 0 0 1 "Robbery"
0 107 12 226 137 422 0 0 1 "Robbery"
0 107 12 226 137 423 0 0 1 "Robbery"
0 106 12 226 137 424 0 0 1 "Robbery"
0 106 12 226 137 425 0 0 1 "Robbery"
0 106 12 226 137 426 0 0 1 "Robbery"
0 106 12 226 137 427 0 0 1 "Robbery"
0 106 12 226 137 428 0 0 1 "Robbery"
0 106 12 226 137 429 0 0 1 "Robbery"
0 106 12 226 137 430 0 0 1 "Robbery"
0 106 12 226 137 431 0 0 1 "Robbery"
0 106 12 226 137 432 0 0 1 "Robbery"
0 106 12 226 137 433 0 0 1 "Robbery"
0 106 12 226 137 434 0 0 1 "Robbery"
0 105 12 226 137 435 0 0 1 "Robbery"
0 105 12 226 137 436 0 0 1 "Robbery"
0 105 12 226 137 437 0 0 1 "Robbery"
0 105 12 226 137 438 0 0 1 "Robbery"
0 105 12 226 137 439 0 0 1 "Robbery"
0 105 12 226 137 440 0 0 1 "Robbery"
0 105 12 226 137 441 0 0 1 "Robbery"
0 105 12 226 137 442 0 0 1 "Robbery"
0 105 12 226 137 443 0 0 1 "Robbery"
0 105 12 226 137 444 0 0 1 "Robbery"
0 105 12 226 137 445 0 0 1 "Robbery"
0 104 12 226 137 446 0 0 1 "Robbery"
0 104 12 226 137 447 0 0 1 "Robbery"
0 104 12 226 137 448 0 0 1 "Robbery"
0 104 12 226 137 449 0 0 1 "Robbery"
0 104 12 226 137 450 0 0 1 "Robbery"
0 104 12 226 137 451 0 0 1 "Robbery"
0 104 12 226 137 452 0 0 1 "Robbery"
0 104 12 226 137 453 0 0 1 "Robbery"
0 104 12 226 137 454 0 0 1 "Robbery"
0 104 12 226 137 455 0 0 1 "Robbery"
0 104 12 226 137 456 0 0 1 "Robbery"
0 103 12 226 137 457 0 0 1 "Robbery"
0 103 12 226 137 458 0 0 1 "Robbery"
0 103 12 226 137 459 0 0 1 "Robbery"
0 103 12 226 137 460 0 0 1 "Robbery"
0 103 12 226 137 461 0 0 1 "Robbery"
0 103 12 226 137 462 0 0 1 "Robbery"
0 103 12 226 137 463 0 0 1 "Robbery"
0 103 12 226 137 464 0 0 1 "Robbery"
0 103 12 226 137 465 0 0 1 "Robbery"
0 103 12 226 137 466 0 0 1 "Robbery"
0 103 12 226 137 467 0 0 1 "Robbery"
0 102 12 226 137 468 0 0 1 "Robbery"
0 102 12 226 137 469 0 0 1 "Robbery"
0 102 12 226 137 470 0 0 1 "Robbery"
0 102 12 226 137 471 0 0 1 "Robbery"
0 102 12 226 137 472 0 0 1 "Robbery"
0 102 12 226 137 473 0 0 1 "Robbery"
0 102 12 226 137 474 0 0 1 "Robbery"
0 102 12 226 137 475 0 0 1 "Robbery"
0 102 12 226 137 476 0 0 1 "Robbery"
0 102 12 226 137 477 0 0 1 "Robbery"
0 102 12 226 137 478 0 0 0 "Robbery"
0 101 12 226 137 479 0 0 1 "Robbery"
0 100 12 226 137 480 0 0 1 "Robbery"
0 100 12 226 137 481 0 0 1 "Robbery"
0 99 12 226 137 482 0 0 1 "Robbery"
0 99 12 226 137 483 0 0 1 "Robbery"
0 98 12 226 137 484 0 0 1 "Robbery"
0 97 12 226 137 485 0 0 1 "Robbery"
0 97 12 226 137 486 0 0 1 "Robbery"
0 96 12 226 137 487 0 0 1 "Robbery"
0 96 13 227 137 488 0 0 0 "Robbery"
0 96 13 227 136 489 0 0 1 "Robbery"
0 96 13 227 136 490 0 0 1 "Robbery"
0 97 13 227 136 491 0 0 1 "Robbery"
0 97 13 227 136 492 0 0 1 "Robbery"
0 97 13 227 136 493 0 0 1 "Robbery"
0 98 13 227 136 494 0 0 1 "Robbery"
0 98 13 227 136 495 0 0 1 "Robbery"
0 99 13 227 136 496 0 0 1 "Robbery"
0 99 13 227 136 497 0 0 1 "Robbery"
0 99 13 227 136 498 0 0 1 "Robbery"
0 100 13 227 136 499 0 0 1 "Robbery"
0 100 13 227 136 500 0 0 1 "Robbery"
0 100 13 227 136 501 0 0 1 "Robbery"
0 101 13 227 136 502 0 0 1 "Robbery"
0 101 13 227 136 503 0 0 1 "Robbery"
0 102 13 227 136 504 0 0 1 "Robbery"
0 102 13 227 136 505 0 0 1 "Robbery"
0 102 13 227 136 506 0 0 1 "Robbery"
0 103 13 227 136 507 0 0 1 "Robbery"
0 103 13 227 136 508 0 0 1 "Robbery"
0 103 13 227 136 509 0 0 1 "Robbery"
0 104 13 227 136 510 0 0 1 "Robbery"
0 104 13 227 136 511 0 0 1 "Robbery"
0 105 13 227 136 512 0 0 1 "Robbery"
0 105 13 227 136 513 0 0 1 "Robbery"
0 105 13 227 136 514 0 0 1 "Robbery"
0 106 13 227 136 515 0 0 1 "Robbery"
0 106 13 227 136 516 0 0 1 "Robbery"
0 106 13 227 136 517 0 0 1 "Robbery"
0 107 13 227 136 518 0 0 1 "Robbery"
0 107 13 227 136 519 0 0 1 "Robbery"
0 108 13 227 136 520 0 0 1 "Robbery"
0 108 13 227 136 521 0 0 1 "Robbery"
0 108 13 227 136 522 0 0 1 "Robbery"
0 109 13 227 136 523 0 0 1 "Robbery"
0 109 13 227 136 524 0 0 1 "Robbery"
0 109 13 227 136 525 0 0 1 "Robbery"
0 110 13 227 136 526 0 0 1 "Robbery"
0 110 13 227 136 527 0 0 1 "Robbery"
0 111 13 227 136 528 0 0 0 "Robbery"
0 111 13 227 135 529 0 0 1 "Robbery"
0 111 13 228 135 530 0 0 1 "Robbery"
0 111 13 229 135 531 0 0 1 "Robbery"
0 111 13 230 135 532 0 0 1 "Robbery"
0 111 13 231 135 533 0 0 1 "Robbery"
0 111 13 231 135 534 0 0 1 "Robbery"
0 111 13 232 135 535 0 0 1 "Robbery"
0 111 13 233 135 536 0 0 1 "Robbery"
0 111 13 234 135 537 0 0 1 "Robbery"
0 111 13 235 135 538 0 0 1 "Robbery"
0 111 13 235 135 539 0 0 1 "Robbery"
0 111 13 236 135 540 0 0 1 "Robbery"
0 111 13 237 135 541 0 0 1 "Robbery"
0 111 13 238 135 542 0 0 1 "Robbery"
0 111 13 239 135 543 0 0 1 "Robbery"
0 111 13 239 135 544 0 0 1 "Robbery"
0 111 13 240 135 545 0 0 1 "Robbery"
0 111 13 241 135 546 0 0 1 "Robbery"
0 111 13 242 135 547 0 0 1 "Robbery"
0 111 13 243 135 548 0 0 0 "Robbery"
0 110 13 242 135 549 0 0 1 "Robbery"
0 110 13 242 135 550 0 0 1 "Robbery"
0 109 13 241 135 551 0 0 1 "Robbery"
0 109 13 241 135 552 0 0 1 "Robbery"
0 108 13 240 135 553 0 0 1 "Robbery"
0 108 13 240 135 554 0 0 1 "Robbery"
0 107 13 239 135 555 0 0 1 "Robbery"
0 107 13 239 135 556 0 0 1 "Robbery"
0 106 13 238 135 557 0 0 1 "Robbery"
0 106 13 238 135 558 0 0 1 "Robbery"
0 106 13 238 135 559 0 0 1 "Robbery"
0 105 13 237 135 560 0 0 1 "Robbery"
0 105 13 237 135 561 0 0 1 "Robbery"
0 104 13 236 135 562 0 0 1 "Robbery"
0 104 14 236 135 563 0 0 1 "Robbery"
0 103 14 235 135 564 0 0 1 "Robbery"
0 103 14 235 135 565 0 0 1 "Robbery"
0 102 14 234 135 566 0 0 1 "Robbery"
0 102 14 234 135 567 0 0 1 "Robbery"
0 102 14 234 136 568 0 0 1 "Robbery"
0 101 14 233 136 569 0 0 1 "Robbery"
0 101 14 233 136 570 0 0 1 "Robbery"
0 100 14 232 136 571 0 0 1 "Robbery"
0 100 14 232 136 572 0 0 1 "Robbery"
0 99 14 231 136 573 0 0 1 "Robbery"
0 99 14 231 136 574 0 0 1 "Robbery"
0 98 14 230 136 575 0 0 1 "Robbery"
0 98 14 230 136 576 0 0 1 "Robbery"
0 97 14 229 136 577 0 0 1 "Robbery"
0 97 15 229 136 578 0 0 1 "Robbery"
0 97 15 229 136 579 0 0 1 "Robbery"
0 96 15 228 136 580 0 0 1 "Robbery"
0 96 15 228 136 581 0 0 1 "Robbery"
0 95 15 227 136 582 0 0 1 "Robbery"
0 95 15 227 136 583 0 0 1 "Robbery"
0 94 15 226 136 584 0 0 1 "Robbery"
0 94 15 226 136 585 0 0 1 "Robbery"
0 93 15 225 136 586 0 0 1 "Robbery"
0 93 15 225 136 587 0 0 1 "Robbery"
0 93 15 225 137 588 0 0 1 "Robbery"
0 92 15 224 137 589 0 0 1 "Robbery"
0 92 15 224 137 590 0 0 1 "Robbery"
0 91 15 223 137 591 0 0 1 "Robbery"
0 91 15 223 137 592 0 0 1 "Robbery"
0 90 16 222 137 593 0 0 1 "Robbery"
0 90 16 222 137 594 0 0 1 "Robbery"
0 89 16 221 137 595 0 0 1 "Robbery"
0 89 16 221 137 596 0 0 1 "Robbery"
0 88 16 220 137 597 0 0 1 "Robbery"
0 88 16 220 137 598 0 0 1 "Robbery"
0 88 16 220 137 599 0 0 1 "Robbery"
0 87 16 219 137 600 0 0 1 "Robbery"
0 87 16 219 137 601 0 0 1 "Robbery"
0 86 16 218 137 602 0 0 1 "Robbery"
0 86 16 218 137 603 0 0 1 "Robbery"
0 85 16 217 137 604 0 0 1 "Robbery"
0 85 16 217 137 605 0 0 1 "Robbery"
0 84 16 216 137 606 0 0 1 "Robbery"
0 84 16 216 137 607 0 0 1 "Robbery"
0 84 17 216 138 608 0 0 0 "Robbery"
0 83 17 215 138 609 0 0 1 "Robbery"
0 83 17 215 138 610 0 0 1 "Robbery"
0 83 17 215 138 611 0 0 1 "Robbery"
0 83 17 215 138 612 0 0 1 "Robbery"
0 83 17 215 138 613 0 0 1 "Robbery"
0 82 17 214 138 614 0 0 1 "Robbery"
0 82 17 214 138 615 0 0 1 "Robbery"
0 82 17 214 138 616 0 0 1 "Robbery"
0 82 17 214 138 617 0 0 1 "Robbery"
0 82 17 214 138 618 0 0 0 "Robbery"
0 82 16 214 137 619 0 0 1 "Robbery"
0 82 16 214 137 620 0 0 1 "Robbery"
0 83 16 214 137 621 0 0 1 "Robbery"
0 83 16 214 137 622 0 0 1 "Robbery"
0 84 16 214 137 623 0 0 1 "Robbery"
0 84 16 215 137 624 0 0 1 "Robbery"
0 85 16 215 137 625 0 0 1 "Robbery"
0 85 16 215 137 626 0 0 1 "Robbery"
0 86 16 215 137 627 0 0 1 "Robbery"
0 86 16 215 137 628 0 0 1 "Robbery"
0 87 16 216 137 629 0 0 1 "Robbery"
0 87 16 216 137 630 0 0 1 "Robbery"
0 88 16 216 137 631 0 0 1 "Robbery"
0 88 16 216 137 632 0 0 1 "Robbery"
0 89 16 216 137 633 0 0 1 "Robbery"
0 89 16 216 137 634 0 0 1 "Robbery"
0 90 16 217 137 635 0 0 1 "Robbery"
0 90 16 217 137 636 0 0 1 "Robbery"
0 91 16 217 137 637 0 0 1 "Robbery"
0 91 16 217 137 638 0 0 1 "Robbery"
0 92 16 217 137 639 0 0 1 "Robbery"
0 92 16 218 137 640 0 0 1 "Robbery"
0 93 16 218 137 641 0 0 1 "Robbery"
0 93 16 218 137 642 0 0 1 "Robbery"
0 94 16 218 137 643 0 0 1 "Robbery"
0 94 16 218 137 644 0 0 1 "Robbery"
0 95 16 219 137 645 0 0 1 "Robbery"
0 95 16 219 137 646 0 0 1 "Robbery"
0 96 16 219 137 647 0 0 1 "Robbery"
0 96 16 219 137 648 0 0 1 "Robbery"
0 97 16 219 137 649 0 0 1 "Robbery"
0 97 16 219 137 650 0 0 1 "Robbery"
0 98 16 220 137 651 0 0 1 "Robbery"
0 98 16 220 137 652 0 0 1 "Robbery"
0 99 16 220 137 653 0 0 1 "Robbery"
0 99 16 220 136 654 0 0 1 "Robbery"
0 99 16 220 136 655 0 0 1 "Robbery"
0 100 16 221 136 656 0 0 1 "Robbery"
0 100 16 221 136 657 0 0 1 "Robbery"
0 101 16 221 136 658 0 0 1 "Robbery"
0 101 16 221 136 659 0 0 1 "Robbery"
0 102 16 221 136 660 0 0 1 "Robbery"
0 102 16 221 136 661 0 0 1 "Robbery"
0 103 16 222 136 662 0 0 1 "Robbery"
0 103 16 222 136 663 0 0 1 "Robbery"
0 104 16 222 136 664 0 0 1 "Robbery"
0 104 16 222 136 665 0 0 1 "Robbery"
0 105 16 222 136 666 0 0 1 "Robbery"
0 105 16 223 136 667 0 0 1 "Robbery"
0 106 16 223 136 668 0 0 1 "Robbery"
0 106 16 223 136 669 0 0 1 "Robbery"
0 107 16 223 136 670 0 0 1 "Robbery"
0 107 16 223 136 671 0 0 1 "Robbery"
0 108 16 224 136 672 0 0 1 "Robbery"
0 108 16 224 136 673 0 0 1 "Robbery"
0 109 16 224 136 674 0 0 1 "Robbery"
0 109 16 224 136 675 0 0 1 "Robbery"
0 110 16 224 136 676 0 0 1 "Robbery"
0 110 16 224 136 677 0 0 1 "Robbery"
0 111 16 225 136 678 0 0 1 "Robbery"
0 111 16 225 136 679 0 0 1 "Robbery"
0 112 16 225 136 680 0 0 1 "Robbery"
0 112 16 225 136 681 0 0 1 "Robbery"
0 113 16 225 136 682 0 0 1 "Robbery"
0 113 16 226 136 683 0 0 1 "Robbery"
0 114 16 226 136 684 0 0 1 "Robbery"
0 114 16 226 136 685 0 0 1 "Robbery"
0 115 16 226 136 686 0 0 1 "Robbery"
0 115 16 226 136 687 0 0 1 "Robbery"
0 116 16 227 136 688 0 0 0 "Robbery"
0 116 15 227 135 689 0 0 1 "Robbery"
0 116 15 227 135 690 0 0 1 "Robbery"
0 116 15 227 135 691 0 0 1 "Robbery"
0 117 15 228 135 692 0 0 1 "Robbery"
0 117 15 228 135 693 0 0 1 "Robbery"
0 117 15 228 135 694 0 0 1 "Robbery"
0 117 15 228 135 695 0 0 1 "Robbery"
0 118 15 229 135 696 0 0 1 "Robbery"
0 118 15 229 135 697 0 0 1 "Robbery"
0 118 15 229 135 698 0 0 1 "Robbery"
0 118 15 229 135 699 0 0 1 "Robbery"
0 119 15 230 135 700 0 0 1 "Robbery"
0 119 15 230 135 701 0 0 1 "Robbery"
0 119 15 230 135 702 0 0 1 "Robbery"
0 119 15 230 135 703 0 0 1 "Robbery"
0 120 15 231 135 704 0 0 1 "Robbery"
0 120 15 231 135 705 0 0 1 "Robbery"
0 120 15 231 135 706 0 0 1 "Robbery"
0 120 15 231 135 707 0 0 1 "Robbery"
0 121 15 232 135 708 0 0 1 "Robbery"
0 121 15 232 135 709 0 0 1 "Robbery"
0 121 15 232 135 710 0 0 1 "Robbery"
0 121 15 232 135 711 0 0 1 "Robbery"
0 122 15 233 135 712 0 0 1 "Robbery"
0 122 15 233 135 713 0 0 1 "Robbery"
0 122 15 233 135 714 0 0 1 "Robbery"
0 122 15 233 135 715 0 0 1 "Robbery"
0 123 15 234 135 716 0 0 1 "Robbery"
0 123 15 234 135 717 0 0 1 "Robbery"
0 123 15 234 135 718 0 0 1 "Robbery"
0 123 15 234 135 719 0 0 1 "Robbery"
0 124 15 235 135 720 0 0 1 "Robbery"
0 124 15 235 135 721 0 0 1 "Robbery"
0 124 15 235 135 722 0 0 1 "Robbery"
0 124 15 235 135 723 0 0 1 "Robbery"
0 125 15 236 135 724 0 0 1 "Robbery"
0 125 15 236 135 725 0 0 1 "Robbery"
0 125 15 236 135 726 0 0 1 "Robbery"
0 125 15 236 135 727 0 0 1 "Robbery"
0 126 15 237 135 728 0 0 0 "Robbery"
0 126 15 237 135 729 0 0 1 "Robbery"
0 126 15 237 135 730 0 0 1 "Robbery"
0 126 15 237 135 731 0 0 1 "Robbery"
0 126 15 237 135 732 0 0 1 "Robbery"
0 126 15 237 135 733 0 0 1 "Robbery"
0 126 15 237 135 734 0 0 1 "Robbery"
0 126 15 237 135 735 0 0 1 "Robbery"
0 126 15 237 135 736 0 0 1 "Robbery"
0 126 15 237 135 737 0 0 1 "Robbery"
0 126 16 237 136 738 0 0 1 "Robbery"
0 126 16 237 136 739 0 0 1 "Robbery"
0 126 16 237 136 740 0 0 1 "Robbery"
0 126 16 237 136 741 0 0 1 "Robbery"
0 126 16 237 136 742 0 0 1 "Robbery"
0 127 16 238 136 743 0 0 1 "Robbery"
0 127 16 238 136 744 0 0 1 "Robbery"
0 127 16 238 136 745 0 0 1 "Robbery"
0 127 16 238 136 746 0 0 1 "Robbery"
0 127 16 238 136 747 0 0 1 "Robbery"
0 127 17 238 137 748 0 0 1 "Robbery"
0 127 17 238 137 749 0 0 1 "Robbery"
0 127 17 238 137 750 0 0 1 "Robbery"
0 127 17 238 137 751 0 0 1 "Robbery"
0 127 17 238 137 752 0 0 1 "Robbery"
0 127 17 238 137 753 0 0 1 "Robbery"
0 127 17 238 137 754 0 0 1 "Robbery"
0 127 17 238 137 755 0 0 1 "Robbery"
0 127 17 238 137 756 0 0 1 "Robbery"
0 127 17 238 137 757 0 0 1 "Robbery"
0 128 18 239 138 758 0 0 0 "Robbery"
0 128 18 239 138 759 0 0 1 "Robbery"
0 128 18 239 138 760 0 0 1 "Robbery"
0 128 18 239 138 761 0 0 1 "Robbery"
0 129 19 240 139 762 0 0 1 "Robbery"
0 129 19 240 139 763 0 0 1 "Robbery"
0 129 19 240 139 764 0 0 1 "Robbery"
0 130 20 241 140 765 0 0 1 "Robbery"
0 130 20 241 140 766 0 0 1 "Robbery"
0 130 20 241 140 767 0 0 1 "Robbery"
0 131 21 242 141 768 0 0 1 "Robbery"
0 131 21 242 141 769 0 0 1 "Robbery"
0 131 21 242 141 770 0 0 1 "Robbery"
0 131 21 242 141 771 0 0 1 "Robbery"
0 132 22 243 142 772 0 0 1 "Robbery"
0 132 22 243 142 773 0 0 1 "Robbery"
0 132 22 243 142 774 0 0 1 "Robbery"
0 133 23 244 143 775 0 0 1 "Robbery"
0 133 23 244 143 776 0 0 1 "Robbery"
0 133 23 244 143 777 0 0 1 "Robbery"
0 134 24 245 144 778 0 0 0 "Robbery"
0 133 23 244 143 779 0 0 1 "Robbery"
0 133 23 244 143 780 0 0 1 "Robbery"
0 133 23 244 143 781 0 0 1 "Robbery"
0 133 23 244 143 782 0 0 1 "Robbery"
0 133 23 244 143 783 0 0 1 "Robbery"
0 133 22 244 142 784 0 0 1 "Robbery"
0 133 22 244 142 785 0 0 1 "Robbery"
0 133 22 244 142 786 0 0 1 "Robbery"
0 133 22 244 142 787 0 0 1 "Robbery"
0 133 22 244 142 788 0 0 1 "Robbery"
0 132 22 243 142 789 0 0 1 "Robbery"
0 132 21 243 141 790 0 0 1 "Robbery"
0 132 21 243 141 791 0 0 1 "Robbery"
0 132 21 243 141 792 0 0 1 "Robbery"
0 132 21 243 141 793 0 0 1 "Robbery"
0 132 21 243 141 794 0 0 1 "Robbery"
0 132 21 243 141 795 0 0 1 "Robbery"
0 132 20 243 140 796 0 0 1 "Robbery"
0 132 20 243 140 797 0 0 1 "Robbery"
0 132 20 243 140 798 0 0 1 "Robbery"
0 131 20 242 140 799 0 0 1 "Robbery"
0 131 20 242 140 800 0 0 1 "Robbery"
0 131 19 242 139 801 0 0 1 "Robbery"
0 131 19 242 139 802 0 0 1 "Robbery"
0 131 19 242 139 803 0 0 1 "Robbery"
0 131 19 242 139 804 0 0 1 "Robbery"
0 131 19 242 139 805 0 0 1 "Robbery"
0 131 19 242 139 806 0 0 1 "Robbery"
0 131 18 242 138 807 0 0 1 "Robbery"
0 131 18 242 138 808 0 0 1 "Robbery"
0 130 18 241 138 809 0 0 1 "Robbery"
0 130 18 241 138 810 0 0 1 "Robbery"
0 130 18 241 138 811 0 0 1 "Robbery"
0 130 18 241 138 812 0 0 1 "Robbery"
0 130 17 241 137 813 0 0 1 "Robbery"
0 130 17 241 137 814 0 0 1 "Robbery"
0 130 17 241 137 815 0 0 1 "Robbery"
0 130 17 241 137 816 0 0 1 "Robbery"
0 130 17 241 137 817 0 0 1 "Robbery"
0 130 17 241 137 818 0 0 0 "Robbery"
0 128 17 239 137 819 0 0 1 "Robbery"
0 127 17 238 137 820 0 0 1 "Robbery"
0 126 17 237 137 821 0 0 1 "Robbery"
0 125 17 236 137 822 0 0 1 "Robbery"
0 124 17 235 137 823 0 0 1 "Robbery"
0 123 17 234 137 824 0 0 1 "Robbery"
0 121 17 232 137 825 0 0 1 "Robbery"
0 120 17 231 137 826 0 0 1 "Robbery"
0 119 17 230 137 827 0 0 1 "Robbery"
0 118 17 229 137 828 0 0 1 "Robbery"
0 117 17 228 137 829 0 0 1 "Robbery"
0 116 17 227 137 830 0 0 1 "Robbery"
0 115 17 226 137 831 0 0 1 "Robbery"
0 113 17 224 137 832 0 0 1 "Robbery"
0 112 17 223 137 833 0 0 1 "Robbery"
0 111 17 222 137 834 0 0 1 "Robbery"
0 110 17 221 137 835 0 0 1 "Robbery"
0 109 17 220 137 836 0 0 1 "Robbery"
0 108 17 219 137 837 0 0 1 "Robbery"
0 107 17 218 137 838 0 0 0 "Robbery"
0 101 17 218 136 839 0 0 1 "Robbery"
0 95 17 218 136 840 0 0 1 "Robbery"
0 89 17 218 136 841 0 0 1 "Robbery"
0 84 17 218 136 842 0 0 1 "Robbery"
0 78 17 218 136 843 0 0 1 "Robbery"
0 72 17 218 136 844 0 0 1 "Robbery"
0 67 17 218 136 845 0 0 1 "Robbery"
0 61 17 218 136 846 0 0 1 "Robbery"
0 55 17 218 136 847 0 0 1 "Robbery"
0 50 17 218 136 848 0 0 0 "Robbery"
0 50 17 218 135 849 0 0 1 "Robbery"
0 51 17 218 135 850 0 0 1 "Robbery"
0 52 17 218 135 851 0 0 1 "Robbery"
0 53 17 218 135 852 0 0 1 "Robbery"
0 54 17 218 135 853 0 0 1 "Robbery"
0 55 17 218 135 854 0 0 1 "Robbery"
0 55 17 218 135 855 0 0 1 "Robbery"
0 56 17 218 135 856 0 0 1 "Robbery"
0 57 17 218 135 857 0 0 1 "Robbery"
0 58 17 218 135 858 0 0 1 "Robbery"
0 59 17 218 135 859 0 0 1 "Robbery"
0 60 17 218 135 860 0 0 1 "Robbery"
0 61 17 218 135 861 0 0 0 "Robbery"
0 67 16 218 134 862 0 0 1 "Robbery"
0 74 16 219 134 863 0 0 1 "Robbery"
0 80 16 219 133 864 0 0 1 "Robbery"
0 87 16 220 133 865 0 0 1 "Robbery"
0 94 16 221 133 866 0 0 0 "Robbery"
0 100 16 221 132 867 0 0 1 "Robbery"
0 107 16 221 132 868 0 0 1 "Robbery"
0 113 16 221 132 869 0 0 1 "Robbery"
0 120 16 221 132 870 0 0 1 "Robbery"
0 126 16 221 132 871 0 0 1 "Robbery"
0 133 16 221 132 872 0 0 0 "Robbery"
0 132 16 220 132 873 0 0 1 "Robbery"
0 132 16 220 132 874 0 0 1 "Robbery"
0 131 16 219 132 875 0 0 1 "Robbery"
0 131 16 219 132 876 0 0 1 "Robbery"
0 131 16 219 132 877 0 0 1 "Robbery"
0 130 16 218 132 878 0 0 1 "Robbery"
0 130 16 218 132 879 0 0 1 "Robbery"
0 130 16 218 132 880 0 0 1 "Robbery"
0 129 16 217 132 881 0 0 1 "Robbery"
0 129 16 217 132 882 0 0 1 "Robbery"
0 128 16 216 132 883 0 0 1 "Robbery"
0 128 16 216 132 884 0 0 1 "Robbery"
0 128 16 216 132 885 0 0 1 "Robbery"
0 127 16 215 132 886 0 0 1 "Robbery"
0 127 16 215 132 887 0 0 1 "Robbery"
0 127 17 215 133 888 0 0 0 "Robbery"
0 126 17 214 133 889 0 0 1 "Robbery"
0 125 17 213 133 890 0 0 1 "Robbery"
0 124 17 212 133 891 0 0 1 "Robbery"
0 124 17 212 133 892 0 0 1 "Robbery"
0 123 17 211 133 893 0 0 1 "Robbery"
0 122 17 210 133 894 0 0 1 "Robbery"
0 122 18 210 134 895 1 0 0 "Robbery"
0 122 18 210 134 896 1 0 1 "Robbery"
0 122 18 210 134 897 1 0 1 "Robbery"
0 122 18 210 134 898 1 0 1 "Robbery"
0 122 18 210 134 899 1 0 0 "Robbery"
0 121 18 209 134 900 1 0 1 "Robbery"
0 121 18 208 134 901 1 0 1 "Robbery"
0 121 18 208 134 902 1 0 1 "Robbery"
0 121 18 207 134 903 1 0 1 "Robbery"
0 121 18 206 134 904 1 0 1 "Robbery"
0 121 18 206 134 905 1 0 1 "Robbery"
0 121 18 205 134 906 1 0 1 "Robbery"
0 121 18 205 134 907 1 0 1 "Robbery"
0 120 18 204 134 908 1 0 1 "Robbery"
0 120 18 203 134 909 1 0 1 "Robbery"
0 120 18 203 134 910 1 0 1 "Robbery"
0 120 18 202 134 911 1 0 1 "Robbery"
0 120 18 201 134 912 1 0 1 "Robbery"
0 120 18 201 134 913 1 0 1 "Robbery"
0 120 18 200 134 914 1 0 1 "Robbery"
0 120 18 200 134 915 1 0 1 "Robbery"
0 119 18 199 135 916 1 0 1 "Robbery"
0 119 18 198 135 917 1 0 1 "Robbery"
0 119 18 198 135 918 1 0 1 "Robbery"
0 119 18 197 135 919 1 0 1 "Robbery"
0 119 18 196 135 920 1 0 1 "Robbery"
0 119 18 196 135 921 1 0 1 "Robbery"
0 119 18 195 135 922 1 0 1 "Robbery"
0 119 18 195 135 923 1 0 1 "Robbery"
0 119 18 194 135 924 1 0 1 "Robbery"
0 118 18 193 135 925 1 0 1 "Robbery"
0 118 18 193 135 926 1 0 1 "Robbery"
0 118 18 192 135 927 1 0 1 "Robbery"
0 118 18 192 135 928 1 0 1 "Robbery"
0 118 18 191 135 929 1 0 1 "Robbery"
0 118 18 190 135 930 1 0 1 "Robbery"
0 118 18 190 135 931 1 0 1 "Robbery"
0 118 18 189 135 932 1 0 1 "Robbery"
0 117 18 188 136 933 1 0 1 "Robbery"
0 117 18 188 136 934 1 0 1 "Robbery"
0 117 18 187 136 935 1 0 1 "Robbery"
0 117 18 187 136 936 1 0 1 "Robbery"
0 117 18 186 136 937 1 0 1 "Robbery"
0 117 18 185 136 938 1 0 1 "Robbery"
0 117 18 185 136 939 1 0 1 "Robbery"
0 117 18 184 136 940 1 0 1 "Robbery"
0 116 18 183 136 941 1 0 1 "Robbery"
0 116 18 183 136 942 1 0 1 "Robbery"
0 116 18 182 136 943 1 0 1 "Robbery"
0 116 18 182 136 944 1 0 1 "Robbery"
0 116 18 181 136 945 1 0 1 "Robbery"
0 116 18 180 136 946 1 0 1 "Robbery"
0 116 18 180 136 947 1 0 1 "Robbery"
0 116 18 179 136 948 1 0 1 "Robbery"
0 116 18 179 137 949 1 0 0 "Robbery"
