0 52 92 191 217 0 1 0 0 "Robbery"
0 53 91 192 216 1 1 0 1 "Robbery"
0 54 91 193 216 2 1 0 1 "Robbery"
0 55 91 194 216 3 1 0 1 "Robbery"
0 56 91 195 216 4 1 0 1 "Robbery"
0 57 91 196 216 5 1 0 1 "Robbery"
0 58 91 197 216 6 1 0 1 "Robbery"
0 59 91 198 216 7 1 0 1 "Robbery"
0 60 91 199 216 8 1 0 1 "Robbery"
0 61 91 200 216 9 1 0 1 "Robbery"
0 62 91 201 216 10 1 0 1 "Robbery"
0 64 91 203 216 11 0 0 0 "Robbery"
0 66 89 203 215 12 0 0 1 "Robbery"
0 68 88 203 215 13 0 0 1 "Robbery"
0 70 86 203 215 14 0 0 1 "Robbery"
0 72 85 204 215 15 0 0 1 "Robbery"
0 74 83 204 215 16 0 0 1 "Robbery"
0 76 82 204 215 17 0 0 1 "Robbery"
0 78 80 204 215 18 0 0 1 "Robbery"
0 80 79 205 215 19 0 0 1 "Robbery"
0 82 77 205 215 20 0 0 1 "Robbery"
0 84 76 205 215 21 0 0 1 "Robbery"
0 86 74 205 215 22 0 0 1 "Robbery"
0 88 73 206 215 23 0 0 1 "Robbery"
0 90 71 206 215 24 0 0 1 "Robbery"
0 92 70 206 215 25 0 0 1 "Robbery"
0 94 69 207 215 26 0 0 0 "Robbery"
0 96 75 209 215 27 0 0 1 "Robbery"
0 99 81 212 215 28 0 0 1 "Robbery"
0 102 87 214 215 29 0 0 1 "Robbery"
0 105 93 217 215 30 0 0 0 "Robbery"
0 105 92 217 214 31 0 0 1 "Robbery"
0 105 91 217 213 32 0 0 1 "Robbery"
0 106 90 218 212 33 0 0 1 "Robbery"
0 106 89 218 211 34 0 0 1 "Robbery"
0 106 88 218 210 35 0 0 1 "Robbery"
0 107 87 219 209 36 0 0 1 "Robbery"
0 107 86 219 208 37 0 0 1 "Robbery"
0 107 85 219 207 38 0 0 1 "Robbery"
0 108 84 220 206 39 0 0 0 "Robbery"
0 114 72 221 205 40 0 0 1 "Robbery"
0 121 60 222 205 41 0 0 1 "Robbery"
0 128 49 224 205 42 0 0 0 "Robbery"
0 129 49 225 205 43 0 0 1 "Robbery"
0 131 49 227 205 44 0 0 1 "Robbery"
0 132 49 228 205 45 0 0 1 "Robbery"
0 134 49 230 205 46 0 0 1 "Robbery"
0 135 49 231 205 47 0 0 1 "Robbery"
0 137 49 233 205 48 0 0 0 "Robbery"
0 137 50 232 205 49 0 0 1 "Robbery"
0 137 51 232 205 50 0 0 1 "Robbery"
0 137 53 232 205 51 0 0 0 "Robbery"
0 138 59 232 204 52 0 0 1 "Robbery"
0 139 66 233 203 53 0 0 1 "Robbery"
0 140 72 234 202 54 0 0 1 "Robbery"
0 141 79 235 202 55 0 0 0 "Robbery"
0 141 78 233 201 56 0 0 1 "Robbery"
0 141 77 232 200 57 0 0 1 "Robbery"
0 142 76 231 199 58 0 0 1 "Robbery"
0 142 75 229 198 59 0 0 1 "Robbery"
0 143 74 228 197 60 0 0 1 "Robbery"
0 143 73 227 196 61 0 0 1 "Robbery"
0 144 72 225 195 62 0 0 1 "Robbery"
0 144 71 224 194 63 0 0 1 "Robbery"
0 145 71 223 193 64 0 0 0 "Robbery"
0 145 64 222 193 65 0 0 1 "Robbery"
0 145 57 222 193 66 0 0 1 "Robbery"
0 145 50 222 193 67 0 0 0 "Robbery"
0 146 49 223 192 68 0 0 1 "Robbery"
0 147 49 224 192 69 0 0 1 "Robbery"
0 149 49 226 192 70 0 0 1 "Robbery"
0 150 49 227 192 71 0 0 1 "Robbery"
0 152 49 229 192 72 0 0 0 "Robbery"
0 152 51 228 192 73 0 0 1 "Robbery"
0 152 54 228 192 74 0 0 1 "Robbery"
0 152 56 228 192 75 0 0 1 "Robbery"
0 152 59 228 192 76 0 0 0 "Robbery"
0 152 66 227 192 77 0 0 1 "Robbery"
0 152 73 227 192 78 0 0 1 "Robbery"
0 152 80 227 192 79 0 0 0 "Robbery"
0 152 78 231 190 80 0 0 1 "Robbery"
0 152 77 236 188 81 0 0 1 "Robbery"
0 152 76 241 186 82 0 0 1 "Robbery"
0 152 75 246 185 83 0 0 0 "Robbery"
0 152 73 240 183 84 0 0 1 "Robbery"
0 153 72 234 181 85 0 0 1 "Robbery"
0 154 70 228 179 86 0 0 1 "Robbery"
0 155 69 223 178 87 0 0 0 "Robbery"
0 151 66 218 177 88 0 0 1 "Robbery"
0 147 63 214 177 89 0 0 1 "Robbery"
0 143 60 210 177 90 0 0 1 "Robbery"
0 139 58 206 177 91 0 0 0 "Robbery"
0 137 58 204 177 92 0 0 1 "Robbery"
0 136 58 203 177 93 0 0 1 "Robbery"
0 134 58 201 177 94 0 0 1 "Robbery"
0 133 58 200 177 95 0 0 0 "Robbery"
0 132 58 199 177 96 0 0 1 "Robbery"
0 131 58 198 177 97 0 0 1 "Robbery"
0 130 58 197 177 98 0 0 1 "Robbery"
0 129 58 196 177 99 0 0 0 "Robbery"
0 128 58 195 177 100 0 0 1 "Robbery"
0 128 58 195 177 101 0 0 1 "Robbery"
0 128 58 195 177 102 0 0 1 "Robbery"
0 128 58 195 177 103 0 0 1 "Robbery"
0 128 58 195 177 104 0 0 1 "Robbery"
0 128 58 195 177 105 0 0 1 "Robbery"
0 128 58 195 177 106 0 0 1 "Robbery"
0 128 58 195 177 107 0 0 1 "Robbery"
0 128 58 195 177 108 0 0 1 "Robbery"
0 128 58 195 177 109 0 0 1 "Robbery"
0 128 58 195 177 110 0 0 1 "Robbery"
0 128 58 195 177 111 0 0 0 "Robbery"
0 126 58 193 177 112 0 0 1 "Robbery"
0 125 58 192 177 113 0 0 1 "Robbery"
0 124 59 191 178 114 0 0 1 "Robbery"
0 123 59 190 178 115 0 0 1 "Robbery"
0 122 59 189 178 116 0 0 1 "Robbery"
0 121 60 188 179 117 0 0 1 "Robbery"
0 120 60 187 179 118 0 0 1 "Robbery"
0 119 61 186 180 119 0 0 0 "Robbery"
0 112 62 187 181 120 0 0 1 "Robbery"
0 105 63 188 182 121 0 0 1 "Robbery"
0 99 64 189 183 122 0 0 1 "Robbery"
0 92 65 191 184 123 0 0 1 "Robbery"
0 86 67 192 185 124 0 0 1 "Robbery"
0 79 68 193 186 125 0 0 1 "Robbery"
0 72 69 195 187 126 0 0 1 "Robbery"
0 66 70 196 188 127 0 0 1 "Robbery"
0 59 71 197 189 128 0 0 1 "Robbery"
0 53 73 199 190 129 0 0 0 "Robbery"
0 54 72 200 192 130 0 0 1 "Robbery"
0 56 72 202 195 131 0 0 1 "Robbery"
0 57 72 203 197 132 0 0 1 "Robbery"
0 59 72 205 200 133 0 0 1 "Robbery"
0 61 72 206 203 134 0 0 1 "Robbery"
0 62 71 208 205 135 0 0 1 "Robbery"
0 64 71 209 208 136 0 0 1 "Robbery"
0 65 71 211 210 137 0 0 1 "Robbery"
0 67 71 212 213 138 0 0 1 "Robbery"
0 69 71 214 216 139 0 0 0 "Robbery"
0 70 71 215 216 140 0 0 1 "Robbery"
0 71 71 216 216 141 0 0 1 "Robbery"
0 73 71 218 216 142 0 0 1 "Robbery"
0 74 71 219 216 143 0 0 1 "Robbery"
0 76 71 221 216 144 0 0 1 "Robbery"
0 77 71 222 216 145 0 0 1 "Robbery"
0 78 71 223 216 146 0 0 1 "Robbery"
0 80 71 225 216 147 0 0 1 "Robbery"
0 81 71 226 216 148 0 0 1 "Robbery"
0 83 71 228 216 149 0 0 0 "Robbery"
0 83 70 227 216 150 0 0 1 "Robbery"
0 83 70 227 216 151 0 0 1 "Robbery"
0 83 69 227 216 152 0 0 1 "Robbery"
0 83 69 227 216 153 0 0 1 "Robbery"
0 83 69 227 216 154 0 0 1 "Robbery"
0 83 68 227 216 155 0 0 1 "Robbery"
0 83 68 227 216 156 0 0 1 "Robbery"
0 83 67 227 216 157 0 0 1 "Robbery"
0 83 67 227 216 158 0 0 1 "Robbery"
0 83 67 227 216 159 0 0 0 "Robbery"
0 83 67 227 215 160 0 0 1 "Robbery"
0 84 67 227 215 161 0 0 1 "Robbery"
0 85 67 227 215 162 0 0 1 "Robbery"
0 86 67 228 215 163 0 0 1 "Robbery"
0 87 67 228 215 164 0 0 1 "Robbery"
0 88 67 228 215 165 0 0 1 "Robbery"
0 89 67 229 215 166 0 0 1 "Robbery"
0 89 67 229 215 167 0 0 1 "Robbery"
0 90 67 229 215 168 0 0 1 "Robbery"
0 91 67 230 215 169 0 0 1 "Robbery"
0 92 67 230 215 170 0 0 1 "Robbery"
0 93 67 230 215 171 0 0 1 "Robbery"
0 94 67 230 215 172 0 0 1 "Robbery"
0 95 67 231 215 173 0 0 1 "Robbery"
0 96 67 231 215 174 0 0 1 "Robbery"
0 96 67 231 215 175 0 0 1 "Robbery"
0 97 67 232 215 176 0 0 1 "Robbery"
0 98 67 232 215 177 0 0 1 "Robbery"
0 99 67 232 215 178 0 0 1 "Robbery"
0 100 67 233 215 179 0 0 1 "Robbery"
0 101 67 233 215 180 0 0 1 "Robbery"
0 102 67 233 215 181 0 0 1 "Robbery"
0 102 67 233 215 182 0 0 1 "Robbery"
0 103 67 234 215 183 0 0 1 "Robbery"
0 104 67 234 215 184 0 0 1 "Robbery"
0 105 67 234 215 185 0 0 1 "Robbery"
0 106 67 235 215 186 0 0 1 "Robbery"
0 107 67 235 215 187 0 0 1 "Robbery"
0 108 67 235 215 188 0 0 1 "Robbery"
0 109 67 236 215 189 0 0 0 "Robbery"
0 109 67 236 215 190 0 0 1 "Robbery"
0 110 67 237 215 191 0 0 1 "Robbery"
0 111 67 238 215 192 0 0 1 "Robbery"
0 112 67 239 215 193 0 0 1 "Robbery"
0 113 67 240 215 194 0 0 1 "Robbery"
0 114 67 241 215 195 0 0 1 "Robbery"
0 115 67 242 215 196 0 0 1 "Robbery"
0 116 67 243 215 197 0 0 1 "Robbery"
0 117 67 244 215 198 0 0 1 "Robbery"
0 118 67 245 215 199 0 0 0 "Robbery"
0 118 66 245 213 200 0 0 1 "Robbery"
0 118 66 245 212 201 0 0 1 "Robbery"
0 119 66 245 210 202 0 0 1 "Robbery"
0 119 66 246 209 203 0 0 1 "Robbery"
0 120 66 246 208 204 0 0 1 "Robbery"
0 120 66 246 206 205 0 0 1 "Robbery"
0 120 66 247 205 206 0 0 1 "Robbery"
0 121 66 247 203 207 0 0 1 "Robbery"
0 121 66 247 202 208 0 0 1 "Robbery"
0 122 66 248 201 209 0 0 0 "Robbery"
0 122 65 248 200 210 0 0 1 "Robbery"
0 122 65 248 200 211 0 0 1 "Robbery"
0 122 65 248 200 212 0 0 1 "Robbery"
0 122 65 248 200 213 0 0 1 "Robbery"
0 122 65 248 200 214 0 0 1 "Robbery"
0 122 65 248 200 215 0 0 1 "Robbery"
0 122 65 248 200 216 0 0 1 "Robbery"
0 122 65 248 200 217 0 0 1 "Robbery"
0 123 65 249 200 218 0 0 1 "Robbery"
0 123 65 249 200 219 0 0 1 "Robbery"
0 123 64 249 199 220 0 0 1 "Robbery"
0 123 64 249 199 221 0 0 1 "Robbery"
0 123 64 249 199 222 0 0 1 "Robbery"
0 123 64 249 199 223 0 0 1 "Robbery"
0 123 64 249 199 224 0 0 1 "Robbery"
0 123 64 249 199 225 0 0 1 "Robbery"
0 124 64 250 199 226 0 0 1 "Robbery"
0 124 64 250 199 227 0 0 1 "Robbery"
0 124 64 250 199 228 0 0 1 "Robbery"
0 124 64 250 199 229 0 0 1 "Robbery"
0 124 63 250 198 230 0 0 1 "Robbery"
0 124 63 250 198 231 0 0 1 "Robbery"
0 124 63 250 198 232 0 0 1 "Robbery"
0 124 63 250 198 233 0 0 1 "Robbery"
0 125 63 251 198 234 0 0 1 "Robbery"
0 125 63 251 198 235 0 0 1 "Robbery"
0 125 63 251 198 236 0 0 1 "Robbery"
0 125 63 251 198 237 0 0 1 "Robbery"
0 125 63 251 198 238 0 0 1 "Robbery"
0 125 63 251 198 239 0 0 1 "Robbery"
0 125 62 251 197 240 0 0 1 "Robbery"
0 125 62 251 197 241 0 0 1 "Robbery"
0 125 62 251 197 242 0 0 1 "Robbery"
0 126 62 252 197 243 0 0 1 "Robbery"
0 126 62 252 197 244 0 0 1 "Robbery"
0 126 62 252 197 245 0 0 1 "Robbery"
0 126 62 252 197 246 0 0 1 "Robbery"
0 126 62 252 197 247 0 0 1 "Robbery"
0 126 62 252 197 248 0 0 1 "Robbery"
0 126 62 252 197 249 0 0 1 "Robbery"
0 126 61 252 196 250 0 0 1 "Robbery"
0 127 61 253 196 251 0 0 1 "Robbery"
0 127 61 253 196 252 0 0 1 "Robbery"
0 127 61 253 196 253 0 0 1 "Robbery"
0 127 61 253 196 254 0 0 1 "Robbery"
0 127 61 253 196 255 0 0 1 "Robbery"
0 127 61 253 196 256 0 0 1 "Robbery"
0 127 61 253 196 257 0 0 1 "Robbery"
0 127 61 253 196 258 0 0 1 "Robbery"
0 128 61 254 196 259 0 0 0 "Robbery"
0 127 61 253 196 260 0 0 1 "Robbery"
0 127 61 253 196 261 0 0 1 "Robbery"
0 127 61 253 196 262 0 0 1 "Robbery"
0 127 61 253 196 263 0 0 1 "Robbery"
0 127 61 253 196 264 0 0 1 "Robbery"
0 127 61 253 196 265 0 0 1 "Robbery"
0 127 61 253 196 266 0 0 1 "Robbery"
0 127 61 253 196 267 0 0 1 "Robbery"
0 127 61 253 196 268 0 0 1 "Robbery"
0 127 61 253 196 269 0 0 1 "Robbery"
0 127 61 253 196 270 0 0 1 "Robbery"
0 127 61 253 196 271 0 0 1 "Robbery"
0 127 61 253 196 272 0 0 1 "Robbery"
0 127 61 253 196 273 0 0 1 "Robbery"
0 127 61 253 196 274 0 0 1 "Robbery"
0 127 61 253 196 275 0 0 1 "Robbery"
0 127 61 253 196 276 0 0 1 "Robbery"
0 127 61 253 196 277 0 0 1 "Robbery"
0 127 61 253 196 278 0 0 1 "Robbery"
0 127 61 253 196 279 0 0 1 "Robbery"
0 127 61 253 196 280 0 0 1 "Robbery"
0 127 61 253 196 281 0 0 1 "Robbery"
0 127 61 253 196 282 0 0 1 "Robbery"
0 126 61 252 196 283 0 0 1 "Robbery"
0 126 61 252 196 284 0 0 1 "Robbery"
0 126 61 252 196 285 0 0 1 "Robbery"
0 126 61 252 196 286 0 0 1 "Robbery"
0 126 61 252 196 287 0 0 1 "Robbery"
0 126 61 252 196 288 0 0 1 "Robbery"
0 126 61 252 196 289 0 0 1 "Robbery"
0 126 61 252 196 290 0 0 1 "Robbery"
0 126 61 252 196 291 0 0 1 "Robbery"
0 126 61 252 196 292 0 0 1 "Robbery"
0 126 61 252 196 293 0 0 1 "Robbery"
0 126 61 252 196 294 0 0 1 "Robbery"
0 126 61 252 196 295 0 0 1 "Robbery"
0 126 61 252 196 296 0 0 1 "Robbery"
0 126 61 252 196 297 0 0 1 "Robbery"
0 126 61 252 196 298 0 0 1 "Robbery"
0 126 61 252 196 299 0 0 1 "Robbery"
0 126 61 252 196 300 0 0 1 "Robbery"
0 126 61 252 196 301 0 0 1 "Robbery"
0 126 61 252 196 302 0 0 1 "Robbery"
0 126 61 252 196 303 0 0 1 "Robbery"
0 126 61 252 196 304 0 0 1 "Robbery"
0 126 61 252 196 305 0 0 1 "Robbery"
0 125 61 251 196 306 0 0 1 "Robbery"
0 125 61 251 196 307 0 0 1 "Robbery"
0 125 61 251 196 308 0 0 1 "Robbery"
0 125 61 251 196 309 0 0 1 "Robbery"
0 125 61 251 196 310 0 0 1 "Robbery"
0 125 61 251 196 311 0 0 1 "Robbery"
0 125 61 251 196 312 0 0 1 "Robbery"
0 125 61 251 196 313 0 0 1 "Robbery"
0 125 61 251 196 314 0 0 1 "Robbery"
0 125 61 251 196 315 0 0 1 "Robbery"
0 125 61 251 196 316 0 0 1 "Robbery"
0 125 61 251 196 317 0 0 1 "Robbery"
0 125 61 251 196 318 0 0 1 "Robbery"
0 125 61 251 196 319 0 0 1 "Robbery"
0 125 61 251 196 320 0 0 1 "Robbery"
0 125 61 251 196 321 0 0 1 "Robbery"
0 125 61 251 196 322 0 0 1 "Robbery"
0 125 61 251 196 323 0 0 1 "Robbery"
0 125 61 251 196 324 0 0 1 "Robbery"
0 125 61 251 196 325 0 0 1 "Robbery"
0 125 61 251 196 326 0 0 1 "Robbery"
0 125 61 251 196 327 0 0 1 "Robbery"
0 125 61 251 196 328 0 0 1 "Robbery"
0 125 61 251 196 329 0 0 0 "Robbery"
0 125 62 250 196 330 0 0 1 "Robbery"
0 125 64 250 196 331 0 0 1 "Robbery"
0 125 66 250 196 332 0 0 1 "Robbery"
0 125 68 250 196 333 0 0 1 "Robbery"
0 125 70 250 196 334 0 0 1 "Robbery"
0 125 71 250 196 335 0 0 1 "Robbery"
0 125 73 250 196 336 0 0 1 "Robbery"
0 125 75 250 196 337 0 0 1 "Robbery"
0 125 77 250 196 338 0 0 1 "Robbery"
0 125 79 250 196 339 0 0 0 "Robbery"
0 123 78 249 196 340 0 0 1 "Robbery"
0 122 78 249 196 341 0 0 1 "Robbery"
0 120 78 249 196 342 0 0 1 "Robbery"
0 119 78 249 197 343 0 0 1 "Robbery"
0 117 78 249 197 344 0 0 1 "Robbery"
0 116 78 249 197 345 0 0 1 "Robbery"
0 114 78 249 198 346 0 0 1 "Robbery"
0 113 77 249 198 347 0 0 1 "Robbery"
0 111 77 249 198 348 0 0 1 "Robbery"
0 110 77 249 199 349 0 0 1 "Robbery"
0 108 77 249 199 350 0 0 1 "Robbery"
0 107 77 249 199 351 0 0 1 "Robbery"
0 105 77 249 199 352 0 0 1 "Robbery"
0 104 77 249 200 353 0 0 1 "Robbery"
0 102 77 249 200 354 0 0 1 "Robbery"
0 101 76 249 200 355 0 0 1 "Robbery"
0 99 76 249 201 356 0 0 1 "Robbery"
0 98 76 248 201 357 0 0 1 "Robbery"
0 96 76 248 201 358 0 0 1 "Robbery"
0 95 76 248 202 359 0 0 1 "Robbery"
0 93 76 248 202 360 0 0 1 "Robbery"
0 92 76 248 202 361 0 0 1 "Robbery"
0 90 76 248 202 362 0 0 1 "Robbery"
0 89 75 248 203 363 0 0 1 "Robbery"
0 87 75 248 203 364 0 0 1 "Robbery"
0 86 75 248 203 365 0 0 1 "Robbery"
0 84 75 248 204 366 0 0 1 "Robbery"
0 83 75 248 204 367 0 0 1 "Robbery"
0 81 75 248 204 368 0 0 1 "Robbery"
0 80 75 248 205 369 0 0 1 "Robbery"
0 78 75 248 205 370 0 0 1 "Robbery"
0 77 74 248 205 371 0 0 1 "Robbery"
0 75 74 248 205 372 0 0 1 "Robbery"
0 74 74 248 206 373 0 0 1 "Robbery"
0 73 74 248 206 374 0 0 1 "Robbery"
0 71 74 247 206 375 0 0 1 "Robbery"
0 70 74 247 207 376 0 0 1 "Robbery"
0 68 74 247 207 377 0 0 1 "Robbery"
0 67 73 247 207 378 0 0 1 "Robbery"
0 65 73 247 208 379 0 0 1 "Robbery"
0 64 73 247 208 380 0 0 1 "Robbery"
0 62 73 247 208 381 0 0 1 "Robbery"
0 61 73 247 208 382 0 0 1 "Robbery"
0 59 73 247 209 383 0 0 1 "Robbery"
0 58 73 247 209 384 0 0 1 "Robbery"
0 56 73 247 209 385 0 0 1 "Robbery"
0 55 72 247 210 386 0 0 1 "Robbery"
0 53 72 247 210 387 0 0 1 "Robbery"
0 52 72 247 210 388 0 0 1 "Robbery"
0 50 72 247 211 389 0 0 1 "Robbery"
0 49 72 247 211 390 0 0 1 "Robbery"
0 47 72 247 211 391 0 0 1 "Robbery"
0 46 72 246 211 392 0 0 1 "Robbery"
0 44 72 246 212 393 0 0 1 "Robbery"
0 43 71 246 212 394 0 0 1 "Robbery"
0 41 71 246 212 395 0 0 1 "Robbery"
0 40 71 246 213 396 0 0 1 "Robbery"
0 38 71 246 213 397 0 0 1 "Robbery"
0 37 71 246 213 398 0 0 1 "Robbery"
0 35 71 246 214 399 0 0 1 "Robbery"
0 34 71 246 214 400 0 0 1 "Robbery"
0 32 71 246 214 401 0 0 1 "Robbery"
0 31 70 246 214 402 0 0 1 "Robbery"
0 29 70 246 215 403 0 0 1 "Robbery"
0 28 70 246 215 404 0 0 1 "Robbery"
0 26 70 246 215 405 0 0 1 "Robbery"
0 25 70 246 216 406 0 0 1 "Robbery"
0 23 70 246 216 407 0 0 1 "Robbery"
0 22 70 246 216 408 0 0 1 "Robbery"
0 21 70 246 217 409 0 0 0 "Robbery"
0 21 70 245 217 410 0 0 1 "Robbery"
0 21 71 245 217 411 0 0 1 "Robbery"
0 21 72 244 217 412 0 0 1 "Robbery"
0 21 72 244 217 413 0 0 1 "Robbery"
0 21 73 243 217 414 0 0 1 "Robbery"
0 21 74 243 217 415 0 0 1 "Robbery"
0 21 74 242 217 416 0 0 1 "Robbery"
0 21 75 242 217 417 0 0 1 "Robbery"
0 21 76 241 217 418 0 0 1 "Robbery"
0 22 77 241 217 419 0 0 0 "Robbery"
0 21 76 240 216 420 0 0 1 "Robbery"
0 21 76 239 216 421 0 0 1 "Robbery"
0 21 76 238 216 422 0 0 1 "Robbery"
0 21 76 237 216 423 0 0 1 "Robbery"
0 21 76 237 216 424 0 0 1 "Robbery"
0 21 75 236 215 425 0 0 1 "Robbery"
0 21 75 235 215 426 0 0 1 "Robbery"
0 21 75 234 215 427 0 0 1 "Robbery"
0 21 75 233 215 428 0 0 1 "Robbery"
0 21 75 233 215 429 0 0 0 "Robbery"
0 21 75 232 215 430 0 0 1 "Robbery"
0 21 76 232 215 431 0 0 1 "Robbery"
0 21 77 232 215 432 0 0 1 "Robbery"
0 21 78 232 215 433 0 0 1 "Robbery"
0 21 79 232 215 434 0 0 1 "Robbery"
0 21 80 232 215 435 0 0 1 "Robbery"
0 21 80 232 215 436 0 0 1 "Robbery"
0 21 81 232 215 437 0 0 1 "Robbery"
0 21 82 232 215 438 0 0 1 "Robbery"
0 21 83 232 215 439 0 0 1 "Robbery"
0 21 84 232 215 440 0 0 1 "Robbery"
0 21 85 232 215 441 0 0 1 "Robbery"
0 21 86 232 215 442 0 0 1 "Robbery"
0 21 86 232 215 443 0 0 1 "Robbery"
0 21 87 232 215 444 0 0 1 "Robbery"
0 21 88 232 215 445 0 0 1 "Robbery"
0 21 89 232 215 446 0 0 1 "Robbery"
0 21 90 232 215 447 0 0 1 "Robbery"
0 21 91 232 215 448 0 0 1 "Robbery"
0 21 92 232 215 449 0 0 0 "Robbery"
0 22 92 232 214 450 0 0 1 "Robbery"
0 24 92 232 214 451 0 0 1 "Robbery"
0 26 92 232 214 452 0 0 1 "Robbery"
0 28 92 232 214 453 0 0 1 "Robbery"
0 30 92 232 214 454 0 0 1 "Robbery"
0 32 92 232 214 455 0 0 1 "Robbery"
0 34 92 232 214 456 0 0 1 "Robbery"
0 36 92 232 214 457 0 0 1 "Robbery"
0 38 92 232 214 458 0 0 1 "Robbery"
0 40 92 232 214 459 0 0 1 "Robbery"
0 42 92 232 214 460 0 0 1 "Robbery"
0 44 92 232 214 461 0 0 1 "Robbery"
0 46 92 232 214 462 0 0 1 "Robbery"
0 48 92 232 214 463 0 0 1 "Robbery"
0 50 92 232 214 464 0 0 1 "Robbery"
0 51 92 232 214 465 0 0 1 "Robbery"
0 53 92 232 214 466 0 0 1 "Robbery"
0 55 92 232 214 467 0 0 1 "Robbery"
0 57 92 232 214 468 0 0 1 "Robbery"
0 59 92 232 214 469 0 0 1 "Robbery"
0 61 92 232 214 470 0 0 1 "Robbery"
0 63 92 232 214 471 0 0 1 "Robbery"
0 65 92 232 214 472 0 0 1 "Robbery"
0 67 92 232 214 473 0 0 1 "Robbery"
0 69 92 232 214 474 0 0 1 "Robbery"
0 71 92 232 214 475 0 0 1 "Robbery"
0 73 92 232 214 476 0 0 1 "Robbery"
0 75 92 232 214 477 0 0 1 "Robbery"
0 77 92 232 214 478 0 0 1 "Robbery"
0 79 92 232 214 479 0 0 0 "Robbery"
0 82 91 231 214 480 0 0 1 "Robbery"
0 86 91 231 214 481 0 0 1 "Robbery"
0 89 91 230 214 482 0 0 1 "Robbery"
0 93 91 230 214 483 0 0 1 "Robbery"
0 97 91 229 214 484 0 0 1 "Robbery"
0 100 91 229 214 485 0 0 1 "Robbery"
0 104 91 228 214 486 0 0 1 "Robbery"
0 107 91 228 214 487 0 0 1 "Robbery"
0 111 91 227 214 488 0 0 1 "Robbery"
0 115 91 227 215 489 0 0 0 "Robbery"
0 114 90 226 214 490 0 0 1 "Robbery"
0 114 90 226 214 491 0 0 1 "Robbery"
0 113 90 225 214 492 0 0 1 "Robbery"
0 113 90 225 214 493 0 0 1 "Robbery"
0 112 90 224 214 494 0 0 1 "Robbery"
0 112 90 224 214 495 0 0 1 "Robbery"
0 112 90 224 214 496 0 0 1 "Robbery"
0 111 90 223 214 497 0 0 1 "Robbery"
0 111 90 223 214 498 0 0 1 "Robbery"
0 110 90 222 214 499 0 0 1 "Robbery"
0 110 90 222 214 500 0 0 1 "Robbery"
0 110 90 222 214 501 0 0 1 "Robbery"
0 109 90 221 214 502 0 0 1 "Robbery"
0 109 90 221 214 503 0 0 1 "Robbery"
0 108 90 220 214 504 0 0 1 "Robbery"
0 108 90 220 214 505 0 0 1 "Robbery"
0 107 90 219 214 506 0 0 1 "Robbery"
0 107 90 219 214 507 0 0 1 "Robbery"
0 107 90 219 214 508 0 0 1 "Robbery"
0 106 90 218 214 509 0 0 1 "Robbery"
0 106 90 218 214 510 0 0 1 "Robbery"
0 105 90 217 214 511 0 0 1 "Robbery"
0 105 90 217 214 512 0 0 1 "Robbery"
0 105 90 217 214 513 0 0 1 "Robbery"
0 104 90 216 214 514 0 0 1 "Robbery"
0 104 90 216 214 515 0 0 1 "Robbery"
0 103 90 215 214 516 0 0 1 "Robbery"
0 103 90 215 214 517 0 0 1 "Robbery"
0 102 90 214 214 518 0 0 1 "Robbery"
0 102 90 214 214 519 0 0 1 "Robbery"
0 102 89 214 213 520 0 0 1 "Robbery"
0 101 89 213 213 521 0 0 1 "Robbery"
0 101 89 213 213 522 0 0 1 "Robbery"
0 100 89 212 213 523 0 0 1 "Robbery"
0 100 89 212 213 524 0 0 1 "Robbery"
0 100 89 212 213 525 0 0 1 "Robbery"
0 99 89 211 213 526 0 0 1 "Robbery"
0 99 89 211 213 527 0 0 1 "Robbery"
0 98 89 210 213 528 0 0 1 "Robbery"
0 98 89 210 213 529 0 0 1 "Robbery"
0 97 89 209 213 530 0 0 1 "Robbery"
0 97 89 209 213 531 0 0 1 "Robbery"
0 97 89 209 213 532 0 0 1 "Robbery"
0 96 89 208 213 533 0 0 1 "Robbery"
0 96 89 208 213 534 0 0 1 "Robbery"
0 95 89 207 213 535 0 0 1 "Robbery"
0 95 89 207 213 536 0 0 1 "Robbery"
0 95 89 207 213 537 0 0 1 "Robbery"
0 94 89 206 213 538 0 0 1 "Robbery"
0 94 89 206 213 539 0 0 1 "Robbery"
0 93 89 205 213 540 0 0 1 "Robbery"
0 93 89 205 213 541 0 0 1 "Robbery"
0 92 89 204 213 542 0 0 1 "Robbery"
0 92 89 204 213 543 0 0 1 "Robbery"
0 92 89 204 213 544 0 0 1 "Robbery"
0 91 89 203 213 545 0 0 1 "Robbery"
0 91 89 203 213 546 0 0 1 "Robbery"
0 90 89 202 213 547 0 0 1 "Robbery"
0 90 89 202 213 548 0 0 1 "Robbery"
0 90 89 202 213 549 0 0 0 "Robbery"
0 89 88 201 212 550 0 0 1 "Robbery"
0 88 87 200 211 551 0 0 1 "Robbery"
0 87 86 199 210 552 0 0 1 "Robbery"
0 86 85 198 209 553 0 0 1 "Robbery"
0 86 85 198 209 554 0 0 1 "Robbery"
0 85 84 197 208 555 0 0 1 "Robbery"
0 84 83 196 207 556 0 0 1 "Robbery"
0 83 82 195 206 557 0 0 1 "Robbery"
0 82 81 194 205 558 0 0 1 "Robbery"
0 82 81 194 205 559 0 0 0 "Robbery"
0 83 81 193 205 560 0 0 1 "Robbery"
0 85 81 193 205 561 0 0 1 "Robbery"
0 87 81 192 205 562 0 0 1 "Robbery"
0 89 82 192 205 563 0 0 1 "Robbery"
0 91 82 192 206 564 0 0 1 "Robbery"
0 92 82 191 206 565 0 0 1 "Robbery"
0 94 83 191 206 566 0 0 1 "Robbery"
0 96 83 190 206 567 0 0 1 "Robbery"
0 98 83 190 206 568 0 0 1 "Robbery"
0 100 84 190 207 569 1 0 0 "Robbery"
0 99 84 189 207 570 1 0 1 "Robbery"
0 99 84 189 207 571 1 0 1 "Robbery"
0 99 84 189 207 572 1 0 1 "Robbery"
0 99 84 189 207 573 1 0 1 "Robbery"
0 99 84 189 207 574 1 0 1 "Robbery"
0 98 84 188 207 575 1 0 1 "Robbery"
0 98 84 188 207 576 1 0 1 "Robbery"
0 98 84 188 207 577 1 0 1 "Robbery"
0 98 84 188 207 578 1 0 1 "Robbery"
0 98 84 188 207 579 1 0 1 "Robbery"
0 98 85 188 208 580 1 0 1 "Robbery"
0 97 85 187 208 581 1 0 1 "Robbery"
0 97 85 187 208 582 1 0 1 "Robbery"
0 97 85 187 208 583 1 0 1 "Robbery"
0 97 85 187 208 584 1 0 1 "Robbery"
0 97 85 187 208 585 1 0 1 "Robbery"
0 96 85 186 208 586 1 0 1 "Robbery"
0 96 85 186 208 587 1 0 1 "Robbery"
0 96 85 186 208 588 1 0 1 "Robbery"
0 96 85 186 208 589 1 0 1 "Robbery"
0 96 85 186 208 590 1 0 1 "Robbery"
0 96 86 186 209 591 1 0 0 "Robbery"
