0 169 20 252 141 0 1 0 0 "Robbery"
0 168 19 251 140 1 1 0 1 "Robbery"
0 168 19 251 140 2 1 0 1 "Robbery"
0 168 19 251 140 3 1 0 1 "Robbery"
0 168 19 251 140 4 1 0 1 "Robbery"
0 168 19 251 140 5 1 0 1 "Robbery"
0 167 19 251 140 6 1 0 1 "Robbery"
0 167 19 251 140 7 1 0 1 "Robbery"
0 167 19 251 140 8 1 0 1 "Robbery"
0 167 19 251 140 9 1 0 1 "Robbery"
0 167 19 251 140 10 1 0 1 "Robbery"
0 166 19 251 140 11 1 0 1 "Robbery"
0 166 19 251 140 12 1 0 1 "Robbery"
0 166 19 251 140 13 1 0 1 "Robbery"
0 166 19 251 140 14 1 0 1 "Robbery"
0 166 19 251 140 15 1 0 1 "Robbery"
0 166 19 251 140 16 1 0 1 "Robbery"
0 165 19 251 140 17 1 0 1 "Robbery"
0 165 19 251 140 18 1 0 1 "Robbery"
0 165 19 251 140 19 1 0 1 "Robbery"
0 165 19 251 140 20 1 0 1 "Robbery"
0 165 19 251 140 21 1 0 1 "Robbery"
0 164 19 251 140 22 1 0 1 "Robbery"
0 164 19 251 140 23 1 0 1 "Robbery"
0 164 19 251 140 24 1 0 1 "Robbery"
0 164 19 251 140 25 1 0 1 "Robbery"
0 164 19 251 140 26 1 0 1 "Robbery"
0 164 19 251 140 27 1 0 1 "Robbery"
0 163 19 251 140 28 1 0 1 "Robbery"
0 163 19 251 140 29 1 0 1 "Robbery"
0 163 19 251 140 30 1 0 1 "Robbery"
0 163 19 251 140 31 1 0 1 "Robbery"
0 163 19 251 140 32 1 0 1 "Robbery"
0 162 19 251 140 33 1 0 1 "Robbery"
0 162 19 251 140 34 1 0 1 "Robbery"
0 162 19 251 140 35 1 0 1 "Robbery"
0 162 19 251 140 36 1 0 1 "Robbery"
0 162 19 251 140 37 1 0 1 "Robbery"
0 162 19 251 140 38 1 0 1 "Robbery"
0 161 19 251 140 39 1 0 1 "Robbery"
0 161 19 251 140 40 1 0 1 "Robbery"
0 161 19 251 140 41 1 0 1 "Robbery"
0 161 19 251 140 42 1 0 1 "Robbery"
0 161 19 251 140 43 1 0 1 "Robbery"
0 160 19 251 140 44 1 0 1 "Robbery"
0 160 19 251 139 45 1 0 1 "Robbery"
0 160 19 251 139 46 1 0 1 "Robbery"
0 160 19 251 139 47 1 0 1 "Robbery"
0 160 19 251 139 48 1 0 1 "Robbery"
0 160 19 251 139 49 1 0 1 "Robbery"
0 159 19 251 139 50 1 0 1 "Robbery"
0 159 19 251 139 51 1 0 1 "Robbery"
0 159 19 251 139 52 1 0 1 "Robbery"
0 159 19 251 139 53 1 0 1 "Robbery"
0 159 19 251 139 54 1 0 1 "Robbery"
0 158 19 251 139 55 1 0 1 "Robbery"
0 158 19 251 139 56 1 0 1 "Robbery"
0 158 19 250 139 57 1 0 1 "Robbery"
0 158 19 250 139 58 1 0 1 "Robbery"
0 158 19 250 139 59 1 0 1 "Robbery"
0 158 19 250 139 60 1 0 1 "Robbery"
0 157 19 250 139 61 1 0 1 "Robbery"
0 157 19 250 139 62 1 0 1 "Robbery"
0 157 19 250 139 63 1 0 1 "Robbery"
0 157 19 250 139 64 1 0 1 "Robbery"
0 157 19 250 139 65 1 0 1 "Robbery"
0 156 19 250 139 66 1 0 1 "Robbery"
0 156 19 250 139 67 1 0 1 "Robbery"
0 156 19 250 139 68 1 0 1 "Robbery"
0 156 19 250 139 69 1 0 1 "Robbery"
0 156 19 250 139 70 1 0 1 "Robbery"
0 156 19 250 139 71 1 0 1 "Robbery"
0 155 19 250 139 72 1 0 1 "Robbery"
0 155 19 250 139 73 1 0 1 "Robbery"
0 155 19 250 139 74 1 0 1 "Robbery"
0 155 19 250 139 75 1 0 1 "Robbery"
0 155 19 250 139 76 1 0 1 "Robbery"
0 154 19 250 139 77 1 0 1 "Robbery"
0 154 19 250 139 78 1 0 1 "Robbery"
0 154 19 250 139 79 1 0 1 "Robbery"
0 154 19 250 139 80 1 0 1 "Robbery"
0 154 19 250 139 81 1 0 1 "Robbery"
0 153 19 250 139 82 1 0 1 "Robbery"
0 153 19 250 139 83 1 0 1 "Robbery"
0 153 19 250 139 84 1 0 1 "Robbery"
0 153 19 250 139 85 1 0 1 "Robbery"
0 153 19 250 139 86 1 0 1 "Robbery"
0 153 19 250 139 87 1 0 1 "Robbery"
0 152 19 250 139 88 1 0 1 "Robbery"
0 152 19 250 139 89 1 0 1 "Robbery"
0 152 19 250 138 90 1 0 1 "Robbery"
0 152 19 250 138 91 1 0 1 "Robbery"
0 152 19 250 138 92 1 0 1 "Robbery"
0 151 19 250 138 93 1 0 1 "Robbery"
0 151 19 250 138 94 1 0 1 "Robbery"
0 151 19 250 138 95 1 0 1 "Robbery"
0 151 19 250 138 96 1 0 1 "Robbery"
0 151 19 250 138 97 1 0 1 "Robbery"
0 151 19 250 138 98 1 0 1 "Robbery"
0 150 19 250 138 99 1 0 1 "Robbery"
0 150 19 250 138 100 1 0 1 "Robbery"
0 150 19 250 138 101 1 0 1 "Robbery"
0 150 19 250 138 102 1 0 1 "Robbery"
0 150 19 250 138 103 1 0 1 "Robbery"
0 149 19 250 138 104 1 0 1 "Robbery"
0 149 19 250 138 105 1 0 1 "Robbery"
0 149 19 250 138 106 1 0 1 "Robbery"
0 149 19 250 138 107 1 0 1 "Robbery"
0 149 19 250 138 108 1 0 1 "Robbery"
0 149 19 250 138 109 1 0 1 "Robbery"
0 148 19 250 138 110 1 0 1 "Robbery"
0 148 19 250 138 111 1 0 1 "Robbery"
0 148 19 250 138 112 1 0 1 "Robbery"
0 148 18 249 138 113 1 0 1 "Robbery"
0 148 18 249 138 114 1 0 1 "Robbery"
0 147 18 249 138 115 1 0 1 "Robbery"
0 147 18 249 138 116 1 0 1 "Robbery"
0 147 18 249 138 117 1 0 1 "Robbery"
0 147 18 249 138 118 1 0 1 "Robbery"
0 147 18 249 138 119 1 0 1 "Robbery"
0 147 18 249 138 120 1 0 1 "Robbery"
0 146 18 249 138 121 1 0 1 "Robbery"
0 146 18 249 138 122 1 0 1 "Robbery"
0 146 18 249 138 123 1 0 1 "Robbery"
0 146 18 249 138 124 1 0 1 "Robbery"
0 146 18 249 138 125 1 0 1 "Robbery"
0 145 18 249 138 126 1 0 1 "Robbery"
0 145 18 249 138 127 1 0 1 "Robbery"
0 145 18 249 138 128 1 0 1 "Robbery"
0 145 18 249 138 129 1 0 1 "Robbery"
0 145 18 249 138 130 1 0 1 "Robbery"
0 145 18 249 138 131 1 0 1 "Robbery"
0 144 18 249 138 132 1 0 1 "Robbery"
0 144 18 249 138 133 1 0 1 "Robbery"
0 144 18 249 138 134 1 0 1 "Robbery"
0 144 18 249 137 135 1 0 1 "Robbery"
0 144 18 249 137 136 1 0 1 "Robbery"
0 143 18 249 137 137 1 0 1 "Robbery"
0 143 18 249 137 138 1 0 1 "Robbery"
0 143 18 249 137 139 1 0 1 "Robbery"
0 143 18 249 137 140 1 0 1 "Robbery"
0 143 18 249 137 141 1 0 1 "Robbery"
0 143 18 249 137 142 1 0 1 "Robbery"
0 142 18 249 137 143 1 0 1 "Robbery"
0 142 18 249 137 144 1 0 1 "Robbery"
0 142 18 249 137 145 1 0 1 "Robbery"
0 142 18 249 137 146 1 0 1 "Robbery"
0 142 18 249 137 147 1 0 1 "Robbery"
0 141 18 249 137 148 1 0 1 "Robbery"
0 141 18 249 137 149 1 0 1 "Robbery"
0 141 18 249 137 150 1 0 1 "Robbery"
0 141 18 249 137 151 1 0 1 "Robbery"
0 141 18 249 137 152 1 0 1 "Robbery"
0 140 18 249 137 153 1 0 1 "Robbery"
0 140 18 249 137 154 1 0 1 "Robbery"
0 140 18 249 137 155 1 0 1 "Robbery"
0 140 18 249 137 156 1 0 1 "Robbery"
0 140 18 249 137 157 1 0 1 "Robbery"
0 140 18 249 137 158 1 0 1 "Robbery"
0 139 18 249 137 159 1 0 1 "Robbery"
0 139 18 249 137 160 1 0 1 "Robbery"
0 139 18 249 137 161 1 0 1 "Robbery"
0 139 18 249 137 162 1 0 1 "Robbery"
0 139 18 249 137 163 1 0 1 "Robbery"
0 138 18 249 137 164 1 0 1 "Robbery"
0 138 18 249 137 165 1 0 1 "Robbery"
0 138 18 249 137 166 1 0 1 "Robbery"
0 138 18 249 137 167 1 0 1 "Robbery"
0 138 18 249 137 168 1 0 1 "Robbery"
0 138 18 248 137 169 1 0 1 "Robbery"
0 137 18 248 137 170 1 0 1 "Robbery"
0 137 18 248 137 171 1 0 1 "Robbery"
0 137 18 248 137 172 1 0 1 "Robbery"
0 137 18 248 137 173 1 0 1 "Robbery"
0 137 18 248 137 174 1 0 1 "Robbery"
0 136 18 248 137 175 1 0 1 "Robbery"
0 136 18 248 137 176 1 0 1 "Robbery"
0 136 18 248 137 177 1 0 1 "Robbery"
0 136 18 248 137 178 1 0 1 "Robbery"
0 136 18 248 137 179 1 0 1 "Robbery"
0 136 18 248 136 180 1 0 1 "Robbery"
0 135 18 248 136 181 1 0 1 "Robbery"
0 135 18 248 136 182 1 0 1 "Robbery"
0 135 18 248 136 183 1 0 1 "Robbery"
0 135 18 248 136 184 1 0 1 "Robbery"
0 135 18 248 136 185 1 0 1 "Robbery"
0 134 18 248 136 186 1 0 1 "Robbery"
0 134 18 248 136 187 1 0 1 "Robbery"
0 134 18 248 136 188 1 0 1 "Robbery"
0 134 18 248 136 189 1 0 1 "Robbery"
0 134 18 248 136 190 1 0 1 "Robbery"
0 134 18 248 136 191 1 0 1 "Robbery"
0 133 18 248 136 192 1 0 1 "Robbery"
0 133 18 248 136 193 1 0 1 "Robbery"
0 133 18 248 136 194 1 0 1 "Robbery"
0 133 18 248 136 195 1 0 1 "Robbery"
0 133 18 248 136 196 1 0 1 "Robbery"
0 132 18 248 136 197 1 0 1 "Robbery"
0 132 18 248 136 198 1 0 1 "Robbery"
0 132 18 248 136 199 1 0 1 "Robbery"
0 132 18 248 136 200 1 0 1 "Robbery"
0 132 18 248 136 201 1 0 1 "Robbery"
0 132 18 248 136 202 1 0 1 "Robbery"
0 131 18 248 136 203 1 0 1 "Robbery"
0 131 18 248 136 204 1 0 1 "Robbery"
0 131 18 248 136 205 1 0 1 "Robbery"
0 131 18 248 136 206 1 0 1 "Robbery"
0 131 18 248 136 207 1 0 1 "Robbery"
0 130 18 248 136 208 1 0 1 "Robbery"
0 130 18 248 136 209 1 0 1 "Robbery"
0 130 18 248 136 210 1 0 1 "Robbery"
0 130 18 248 136 211 1 0 1 "Robbery"
0 130 18 248 136 212 1 0 1 "Robbery"
0 130 18 248 136 213 1 0 1 "Robbery"
0 129 18 248 136 214 1 0 1 "Robbery"
0 129 18 248 136 215 1 0 1 "Robbery"
0 129 18 248 136 216 1 0 1 "Robbery"
0 129 18 248 136 217 1 0 1 "Robbery"
0 129 18 248 136 218 1 0 1 "Robbery"
0 128 18 248 136 219 1 0 1 "Robbery"
0 128 18 248 136 220 1 0 1 "Robbery"
0 128 18 248 136 221 1 0 1 "Robbery"
0 128 18 248 136 222 1 0 1 "Robbery"
0 128 18 248 136 223 1 0 1 "Robbery"
0 128 18 248 136 224 0 0 0 "Robbery"
0 121 18 244 135 225 0 0 1 "Robbery"
0 115 18 240 135 226 0 0 1 "Robbery"
0 109 18 236 135 227 0 0 1 "Robbery"
0 103 18 232 134 228 0 0 1 "Robbery"
0 97 18 228 134 229 0 0 1 "Robbery"
0 91 18 224 134 230 0 0 1 "Robbery"
0 85 18 220 134 231 0 0 0 "Robbery"
0 85 18 218 133 232 0 0 1 "Robbery"
0 85 18 217 133 233 0 0 1 "Robbery"
0 85 18 215 133 234 0 0 1 "Robbery"
0 85 18 214 132 235 0 0 1 "Robbery"
0 85 18 212 132 236 0 0 1 "Robbery"
0 85 18 211 132 237 0 0 0 "Robbery"
0 89 18 210 134 238 0 0 1 "Robbery"
0 93 18 210 137 239 0 0 1 "Robbery"
0 97 18 210 139 240 0 0 1 "Robbery"
0 101 18 210 142 241 0 0 1 "Robbery"
0 105 18 210 144 242 0 0 1 "Robbery"
0 110 18 210 147 243 0 0 1 "Robbery"
0 114 18 210 149 244 0 0 1 "Robbery"
0 118 18 210 152 245 0 0 1 "Robbery"
0 122 18 210 154 246 0 0 1 "Robbery"
0 126 18 210 157 247 0 0 1 "Robbery"
0 131 18 210 160 248 0 0 0 "Robbery"
0 126 17 210 159 249 0 0 1 "Robbery"
0 122 17 211 159 250 0 0 1 "Robbery"
0 118 17 211 158 251 0 0 1 "Robbery"
0 114 16 212 158 252 0 0 1 "Robbery"
0 110 16 213 157 253 0 0 1 "Robbery"
0 105 16 213 157 254 0 0 1 "Robbery"
0 101 16 214 156 255 0 0 1 "Robbery"
0 97 15 215 156 256 0 0 1 "Robbery"
0 93 15 215 155 257 0 0 1 "Robbery"
0 89 15 216 155 258 0 0 1 "Robbery"
0 85 15 217 155 259 0 0 0 "Robbery"
0 85 15 217 155 260 0 0 1 "Robbery"
0 86 16 218 156 261 0 0 1 "Robbery"
0 87 16 219 156 262 0 0 1 "Robbery"
0 88 17 220 157 263 0 0 1 "Robbery"
0 89 17 221 157 264 0 0 1 "Robbery"
0 90 18 222 158 265 0 0 1 "Robbery"
0 90 18 222 158 266 0 0 1 "Robbery"
0 91 19 223 159 267 0 0 1 "Robbery"
0 92 19 224 159 268 0 0 1 "Robbery"
0 93 20 225 160 269 0 0 1 "Robbery"
0 94 20 226 160 270 0 0 1 "Robbery"
0 95 21 227 161 271 0 0 0 "Robbery"
0 95 21 220 160 272 0 0 1 "Robbery"
0 95 21 214 160 273 0 0 1 "Robbery"
0 95 21 208 160 274 0 0 0 "Robbery"
0 96 21 209 160 275 0 0 1 "Robbery"
0 98 21 211 160 276 0 0 1 "Robbery"
0 100 21 213 160 277 0 0 1 "Robbery"
0 101 21 214 160 278 0 0 1 "Robbery"
0 103 21 216 160 279 0 0 1 "Robbery"
0 105 22 218 161 280 0 0 0 "Robbery"
0 105 21 218 160 281 0 0 1 "Robbery"
0 105 20 218 159 282 0 0 1 "Robbery"
0 105 19 218 158 283 0 0 1 "Robbery"
0 105 18 218 157 284 0 0 1 "Robbery"
0 105 17 218 156 285 0 0 1 "Robbery"
0 105 17 218 156 286 0 0 0 "Robbery"
0 106 17 218 155 287 0 0 1 "Robbery"
0 108 17 218 155 288 0 0 1 "Robbery"
0 109 17 218 155 289 0 0 1 "Robbery"
0 111 17 218 155 290 0 0 1 "Robbery"
0 112 17 218 155 291 0 0 1 "Robbery"
0 114 17 218 155 292 0 0 1 "Robbery"
0 115 17 218 155 293 0 0 1 "Robbery"
0 117 17 218 155 294 0 0 1 "Robbery"
0 118 17 218 155 295 0 0 1 "Robbery"
0 120 17 218 155 296 0 0 1 "Robbery"
0 122 17 218 155 297 0 0 0 "Robbery"
0 122 17 218 155 298 0 0 1 "Robbery"
0 123 17 219 155 299 0 0 1 "Robbery"
0 123 17 219 155 300 0 0 1 "Robbery"
0 124 17 220 155 301 0 0 1 "Robbery"
0 124 17 220 155 302 0 0 1 "Robbery"
0 125 17 221 155 303 0 0 1 "Robbery"
0 125 17 221 155 304 0 0 1 "Robbery"
0 126 17 222 155 305 0 0 1 "Robbery"
0 126 17 222 155 306 0 0 1 "Robbery"
0 127 17 223 155 307 0 0 1 "Robbery"
0 127 17 223 155 308 0 0 1 "Robbery"
0 128 17 224 155 309 0 0 1 "Robbery"
0 129 17 225 155 310 0 0 0 "Robbery"
0 128 17 224 156 311 0 0 1 "Robbery"
0 127 18 223 157 312 0 0 1 "Robbery"
0 127 19 223 159 313 0 0 1 "Robbery"
0 126 19 222 160 314 0 0 1 "Robbery"
0 126 20 222 162 315 0 0 1 "Robbery"
0 125 21 221 163 316 0 0 1 "Robbery"
0 125 21 221 165 317 0 0 1 "Robbery"
0 124 22 220 166 318 0 0 1 "Robbery"
0 124 23 219 167 319 0 0 1 "Robbery"
0 123 23 219 169 320 0 0 1 "Robbery"
0 123 24 218 170 321 0 0 1 "Robbery"
0 122 25 218 172 322 0 0 1 "Robbery"
0 122 25 217 173 323 0 0 1 "Robbery"
0 121 26 217 175 324 0 0 1 "Robbery"
0 121 27 216 176 325 0 0 1 "Robbery"
0 120 27 215 177 326 0 0 1 "Robbery"
0 120 28 215 179 327 0 0 1 "Robbery"
0 119 29 214 180 328 0 0 1 "Robbery"
0 119 29 214 182 329 0 0 1 "Robbery"
0 118 30 213 183 330 0 0 1 "Robbery"
0 118 31 213 185 331 0 0 0 "Robbery"
0 118 29 213 183 332 0 0 1 "Robbery"
0 118 27 213 181 333 0 0 1 "Robbery"
0 119 25 214 179 334 0 0 1 "Robbery"
0 119 23 214 177 335 0 0 1 "Robbery"
0 119 21 214 175 336 0 0 1 "Robbery"
0 120 20 215 174 337 0 0 0 "Robbery"
0 120 20 215 172 338 0 0 1 "Robbery"
0 120 20 215 170 339 0 0 1 "Robbery"
0 120 20 215 168 340 0 0 1 "Robbery"
0 121 20 215 167 341 0 0 1 "Robbery"
0 121 20 216 165 342 0 0 1 "Robbery"
0 121 20 216 163 343 0 0 1 "Robbery"
0 122 20 216 162 344 0 0 1 "Robbery"
0 122 20 216 160 345 0 0 1 "Robbery"
0 122 20 216 158 346 0 0 1 "Robbery"
0 123 20 217 157 347 0 0 0 "Robbery"
0 121 19 215 157 348 0 0 1 "Robbery"
0 120 19 214 157 349 0 0 1 "Robbery"
0 119 19 213 157 350 0 0 1 "Robbery"
0 118 18 212 157 351 0 0 1 "Robbery"
0 117 18 210 157 352 0 0 1 "Robbery"
0 116 18 209 157 353 0 0 1 "Robbery"
0 115 18 208 157 354 0 0 1 "Robbery"
0 113 17 207 157 355 0 0 1 "Robbery"
0 112 17 206 157 356 0 0 1 "Robbery"
0 111 17 204 157 357 0 0 1 "Robbery"
0 110 16 203 157 358 0 0 1 "Robbery"
0 109 16 202 157 359 0 0 1 "Robbery"
0 108 16 201 157 360 0 0 1 "Robbery"
0 107 16 200 157 361 0 0 0 "Robbery"
0 107 17 200 159 362 0 0 1 "Robbery"
0 107 19 200 162 363 0 0 1 "Robbery"
0 107 21 200 165 364 0 0 1 "Robbery"
0 107 22 200 167 365 0 0 1 "Robbery"
0 107 24 200 170 366 0 0 1 "Robbery"
0 107 26 200 173 367 0 0 1 "Robbery"
0 108 28 200 176 368 0 0 0 "Robbery"
0 107 28 199 176 369 0 0 1 "Robbery"
0 107 28 199 176 370 0 0 1 "Robbery"
0 107 28 199 176 371 0 0 1 "Robbery"
0 107 29 199 177 372 0 0 1 "Robbery"
0 106 29 198 177 373 0 0 1 "Robbery"
0 106 29 198 177 374 0 0 1 "Robbery"
0 106 29 198 177 375 0 0 1 "Robbery"
0 106 30 198 178 376 0 0 1 "Robbery"
0 105 30 197 178 377 0 0 1 "Robbery"
0 105 30 197 178 378 0 0 1 "Robbery"
0 105 30 197 178 379 0 0 1 "Robbery"
0 105 31 197 179 380 0 0 0 "Robbery"
0 105 31 197 183 381 0 0 1 "Robbery"
0 105 32 197 188 382 0 0 1 "Robbery"
0 105 33 197 192 383 0 0 1 "Robbery"
0 105 34 197 197 384 0 0 1 "Robbery"
0 105 35 197 201 385 0 0 1 "Robbery"
0 105 36 197 206 386 0 0 1 "Robbery"
0 105 36 197 210 387 0 0 1 "Robbery"
0 105 37 197 215 388 0 0 1 "Robbery"
0 105 38 197 219 389 0 0 1 "Robbery"
0 105 39 197 224 390 0 0 1 "Robbery"
0 105 40 197 228 391 0 0 1 "Robbery"
0 106 41 197 233 392 0 0 0 "Robbery"
0 106 41 199 232 393 0 0 1 "Robbery"
0 106 41 202 232 394 0 0 1 "Robbery"
0 106 41 205 232 395 0 0 1 "Robbery"
0 106 41 208 232 396 0 0 0 "Robbery"
0 106 41 207 231 397 0 0 1 "Robbery"
0 106 41 207 230 398 0 0 1 "Robbery"
0 106 41 207 230 399 0 0 1 "Robbery"
0 106 41 207 229 400 0 0 1 "Robbery"
0 106 41 207 229 401 0 0 1 "Robbery"
0 106 41 207 228 402 0 0 1 "Robbery"
0 106 41 207 227 403 0 0 1 "Robbery"
0 106 41 207 227 404 0 0 1 "Robbery"
0 106 41 207 226 405 0 0 1 "Robbery"
0 106 41 207 226 406 0 0 0 "Robbery"
0 101 41 207 215 407 0 0 1 "Robbery"
0 96 41 208 204 408 0 0 1 "Robbery"
0 91 41 208 193 409 0 0 1 "Robbery"
0 86 41 209 182 410 0 0 1 "Robbery"
0 82 41 210 171 411 0 0 0 "Robbery"
0 84 41 212 181 412 0 0 1 "Robbery"
0 86 42 214 191 413 0 0 1 "Robbery"
0 89 42 216 202 414 0 0 1 "Robbery"
0 91 43 218 212 415 0 0 1 "Robbery"
0 93 43 220 222 416 0 0 1 "Robbery"
0 96 44 223 233 417 0 0 0 "Robbery"
0 96 44 222 232 418 0 0 1 "Robbery"
0 96 44 222 232 419 0 0 1 "Robbery"
0 96 44 222 231 420 0 0 1 "Robbery"
0 96 44 222 231 421 0 0 1 "Robbery"
0 96 45 222 231 422 0 0 1 "Robbery"
0 96 45 222 230 423 0 0 1 "Robbery"
0 96 45 222 230 424 0 0 1 "Robbery"
0 96 45 222 230 425 0 0 1 "Robbery"
0 96 45 222 229 426 0 0 1 "Robbery"
0 96 46 222 229 427 0 0 1 "Robbery"
0 96 46 222 229 428 0 0 1 "Robbery"
0 96 46 222 228 429 0 0 1 "Robbery"
0 96 46 222 228 430 0 0 1 "Robbery"
0 96 46 222 228 431 0 0 1 "Robbery"
0 96 47 222 227 432 0 0 1 "Robbery"
0 96 47 222 227 433 0 0 1 "Robbery"
0 96 47 222 227 434 0 0 1 "Robbery"
0 96 47 222 226 435 0 0 1 "Robbery"
0 96 47 222 226 436 0 0 1 "Robbery"
0 96 48 222 226 437 0 0 1 "Robbery"
0 96 48 222 225 438 0 0 1 "Robbery"
0 96 48 222 225 439 0 0 1 "Robbery"
0 96 48 222 225 440 0 0 1 "Robbery"
0 96 48 222 224 441 0 0 1 "Robbery"
0 96 49 222 224 442 0 0 1 "Robbery"
0 96 49 222 224 443 0 0 1 "Robbery"
0 96 49 222 223 444 0 0 1 "Robbery"
0 96 49 222 223 445 0 0 1 "Robbery"
0 96 49 222 223 446 0 0 1 "Robbery"
0 96 50 222 222 447 0 0 1 "Robbery"
0 96 50 222 222 448 0 0 1 "Robbery"
0 96 50 222 222 449 0 0 1 "Robbery"
0 96 50 222 221 450 0 0 1 "Robbery"
0 96 50 222 221 451 0 0 1 "Robbery"
0 96 51 222 221 452 0 0 0 "Robbery"
0 83 51 222 220 453 0 0 1 "Robbery"
0 70 51 222 220 454 0 0 1 "Robbery"
0 57 51 222 220 455 0 0 0 "Robbery"
0 69 52 227 224 456 0 0 1 "Robbery"
0 82 53 232 228 457 0 0 1 "Robbery"
0 95 55 237 233 458 0 0 0 "Robbery"
0 94 55 236 233 459 0 0 1 "Robbery"
0 93 55 235 233 460 0 0 1 "Robbery"
0 93 55 235 233 461 0 0 1 "Robbery"
0 92 55 234 233 462 0 0 1 "Robbery"
0 92 55 234 233 463 0 0 1 "Robbery"
0 91 55 233 233 464 0 0 1 "Robbery"
0 91 55 233 233 465 0 0 1 "Robbery"
0 90 55 232 233 466 0 0 1 "Robbery"
0 90 55 232 233 467 0 0 1 "Robbery"
0 89 55 231 233 468 0 0 1 "Robbery"
0 89 55 231 233 469 0 0 0 "Robbery"
0 89 55 231 229 470 0 0 1 "Robbery"
0 90 56 231 226 471 0 0 1 "Robbery"
0 90 56 231 223 472 0 0 1 "Robbery"
0 91 57 232 220 473 0 0 1 "Robbery"
0 91 58 232 216 474 0 0 1 "Robbery"
0 92 58 232 213 475 0 0 1 "Robbery"
0 92 59 232 210 476 0 0 1 "Robbery"
0 93 60 233 207 477 0 0 0 "Robbery"
0 93 55 233 202 478 0 0 1 "Robbery"
0 93 51 233 198 479 0 0 1 "Robbery"
0 93 46 233 193 480 0 0 1 "Robbery"
0 93 42 233 189 481 0 0 0 "Robbery"
0 93 42 232 191 482 0 0 1 "Robbery"
0 93 42 232 193 483 0 0 1 "Robbery"
0 93 42 232 196 484 0 0 1 "Robbery"
0 93 42 232 198 485 0 0 1 "Robbery"
0 93 42 232 200 486 0 0 1 "Robbery"
0 93 42 232 203 487 0 0 1 "Robbery"
0 93 42 232 205 488 0 0 1 "Robbery"
0 93 42 232 207 489 0 0 1 "Robbery"
0 93 42 232 210 490 0 0 1 "Robbery"
0 93 42 232 212 491 0 0 1 "Robbery"
0 93 42 232 214 492 0 0 1 "Robbery"
0 93 42 232 217 493 0 0 1 "Robbery"
0 93 42 232 219 494 0 0 1 "Robbery"
0 93 42 232 222 495 0 0 0 "Robbery"
0 92 43 231 223 496 0 0 1 "Robbery"
0 91 45 230 225 497 0 0 1 "Robbery"
0 91 47 230 227 498 0 0 1 "Robbery"
0 90 49 229 229 499 0 0 1 "Robbery"
0 89 51 228 231 500 0 0 1 "Robbery"
0 89 53 228 233 501 0 0 0 "Robbery"
0 89 52 228 233 502 0 0 1 "Robbery"
0 89 52 228 233 503 0 0 1 "Robbery"
0 89 51 228 233 504 0 0 1 "Robbery"
0 89 51 228 233 505 0 0 1 "Robbery"
0 89 51 228 233 506 0 0 1 "Robbery"
0 90 50 228 233 507 0 0 1 "Robbery"
0 90 50 229 233 508 0 0 1 "Robbery"
0 90 49 229 233 509 0 0 1 "Robbery"
0 90 49 229 233 510 0 0 1 "Robbery"
0 90 49 229 233 511 0 0 1 "Robbery"
0 91 48 229 233 512 0 0 1 "Robbery"
0 91 48 229 233 513 0 0 1 "Robbery"
0 91 48 230 233 514 0 0 1 "Robbery"
0 91 47 230 233 515 0 0 1 "Robbery"
0 91 47 230 233 516 0 0 1 "Robbery"
0 92 46 230 233 517 0 0 1 "Robbery"
0 92 46 230 233 518 0 0 1 "Robbery"
0 92 46 230 233 519 0 0 1 "Robbery"
0 92 45 230 233 520 0 0 1 "Robbery"
0 92 45 231 233 521 0 0 1 "Robbery"
0 93 44 231 233 522 0 0 1 "Robbery"
0 93 44 231 233 523 0 0 1 "Robbery"
0 93 44 231 233 524 0 0 1 "Robbery"
0 93 43 231 233 525 0 0 1 "Robbery"
0 93 43 231 233 526 0 0 1 "Robbery"
0 94 43 232 233 527 0 0 0 "Robbery"
0 94 42 232 230 528 0 0 1 "Robbery"
0 94 42 232 228 529 0 0 1 "Robbery"
0 94 41 232 226 530 0 0 1 "Robbery"
0 94 41 232 223 531 0 0 1 "Robbery"
0 95 41 232 221 532 0 0 1 "Robbery"
0 95 40 232 219 533 0 0 1 "Robbery"
0 95 40 232 217 534 0 0 1 "Robbery"
0 95 39 233 214 535 0 0 1 "Robbery"
0 95 39 233 212 536 0 0 1 "Robbery"
0 96 39 233 210 537 0 0 1 "Robbery"
0 96 38 233 208 538 0 0 1 "Robbery"
0 96 38 233 205 539 0 0 1 "Robbery"
0 96 37 233 203 540 0 0 1 "Robbery"
0 96 37 233 201 541 0 0 1 "Robbery"
0 97 37 234 199 542 0 0 0 "Robbery"
0 96 37 233 199 543 0 0 1 "Robbery"
0 96 37 233 199 544 0 0 1 "Robbery"
0 95 37 232 199 545 0 0 1 "Robbery"
0 95 37 232 199 546 0 0 1 "Robbery"
0 94 37 231 199 547 0 0 1 "Robbery"
0 94 38 231 200 548 0 0 1 "Robbery"
0 93 38 230 200 549 0 0 1 "Robbery"
0 93 38 230 200 550 0 0 1 "Robbery"
0 93 38 230 200 551 0 0 1 "Robbery"
0 92 38 229 200 552 0 0 1 "Robbery"
0 92 39 229 201 553 0 0 1 "Robbery"
0 91 39 228 201 554 0 0 1 "Robbery"
0 91 39 228 201 555 0 0 1 "Robbery"
0 90 39 227 201 556 0 0 1 "Robbery"
0 90 39 227 201 557 0 0 1 "Robbery"
0 90 40 227 202 558 0 0 0 "Robbery"
0 89 40 226 202 559 0 0 1 "Robbery"
0 89 40 226 202 560 0 0 1 "Robbery"
0 88 40 225 202 561 0 0 1 "Robbery"
0 88 40 225 202 562 0 0 1 "Robbery"
0 87 40 224 202 563 0 0 1 "Robbery"
0 87 40 224 202 564 0 0 1 "Robbery"
0 86 40 223 202 565 0 0 1 "Robbery"
0 86 41 223 203 566 0 0 1 "Robbery"
0 85 41 222 203 567 0 0 1 "Robbery"
0 85 41 222 203 568 0 0 1 "Robbery"
0 84 41 221 203 569 0 0 1 "Robbery"
0 84 41 221 203 570 0 0 1 "Robbery"
0 83 41 220 203 571 0 0 1 "Robbery"
0 83 41 220 203 572 0 0 1 "Robbery"
0 83 42 220 204 573 0 0 0 "Robbery"
0 81 42 218 204 574 0 0 1 "Robbery"
0 80 42 217 204 575 0 0 1 "Robbery"
0 78 43 215 205 576 0 0 1 "Robbery"
0 77 43 214 205 577 0 0 1 "Robbery"
0 75 44 212 206 578 0 0 1 "Robbery"
0 74 44 211 206 579 0 0 1 "Robbery"
0 72 44 209 206 580 0 0 1 "Robbery"
0 71 45 208 207 581 0 0 1 "Robbery"
0 69 45 206 207 582 0 0 1 "Robbery"
0 68 46 205 208 583 0 0 0 "Robbery"
0 67 47 204 209 584 0 0 1 "Robbery"
0 67 48 204 210 585 0 0 1 "Robbery"
0 66 50 203 212 586 0 0 1 "Robbery"
0 66 51 203 213 587 0 0 1 "Robbery"
0 65 53 202 215 588 0 0 1 "Robbery"
0 65 54 202 216 589 0 0 1 "Robbery"
0 64 56 201 218 590 0 0 1 "Robbery"
0 64 57 201 219 591 0 0 1 "Robbery"
0 64 59 201 221 592 0 0 0 "Robbery"
0 63 60 200 222 593 0 0 1 "Robbery"
0 62 61 199 224 594 0 0 1 "Robbery"
0 62 62 198 226 595 0 0 1 "Robbery"
0 61 63 198 228 596 0 0 1 "Robbery"
0 61 64 197 230 597 0 0 1 "Robbery"
0 60 65 196 232 598 0 0 1 "Robbery"
0 60 67 196 234 599 0 0 0 "Robbery"
0 60 67 196 234 600 0 0 1 "Robbery"
0 60 67 196 234 601 0 0 1 "Robbery"
0 61 67 197 234 602 0 0 1 "Robbery"
0 61 67 197 234 603 0 0 1 "Robbery"
0 62 67 198 234 604 0 0 1 "Robbery"
0 62 67 198 234 605 0 0 1 "Robbery"
0 62 67 198 234 606 0 0 1 "Robbery"
0 63 67 199 234 607 0 0 1 "Robbery"
0 63 67 199 234 608 0 0 1 "Robbery"
0 64 67 200 234 609 0 0 1 "Robbery"
0 64 67 200 234 610 0 0 1 "Robbery"
0 65 67 201 234 611 0 0 1 "Robbery"
0 65 67 201 234 612 0 0 1 "Robbery"
0 65 67 201 234 613 0 0 1 "Robbery"
0 66 67 202 234 614 0 0 1 "Robbery"
0 66 67 202 234 615 0 0 1 "Robbery"
0 67 67 203 234 616 0 0 1 "Robbery"
0 67 67 203 234 617 0 0 1 "Robbery"
0 67 67 203 234 618 0 0 1 "Robbery"
0 68 67 204 234 619 0 0 1 "Robbery"
0 68 67 204 234 620 0 0 1 "Robbery"
0 69 67 205 234 621 0 0 1 "Robbery"
0 69 67 205 234 622 0 0 1 "Robbery"
0 70 67 206 234 623 0 0 1 "Robbery"
0 70 67 206 234 624 0 0 1 "Robbery"
0 70 67 206 234 625 0 0 1 "Robbery"
0 71 67 207 234 626 0 0 1 "Robbery"
0 71 67 207 234 627 0 0 1 "Robbery"
0 72 67 208 234 628 0 0 1 "Robbery"
0 72 67 208 234 629 0 0 1 "Robbery"
0 73 67 209 234 630 0 0 0 "Robbery"
0 73 67 209 234 631 0 0 1 "Robbery"
0 74 67 210 234 632 0 0 1 "Robbery"
0 74 67 210 234 633 0 0 1 "Robbery"
0 75 67 211 234 634 0 0 1 "Robbery"
0 76 67 212 234 635 0 0 1 "Robbery"
0 76 67 212 234 636 0 0 1 "Robbery"
0 77 67 213 234 637 0 0 1 "Robbery"
0 78 67 214 234 638 0 0 1 "Robbery"
0 78 67 214 234 639 0 0 1 "Robbery"
0 79 67 215 234 640 0 0 1 "Robbery"
0 80 67 216 234 641 0 0 1 "Robbery"
0 80 67 216 234 642 0 0 1 "Robbery"
0 81 67 217 234 643 0 0 1 "Robbery"
0 82 67 218 234 644 0 0 1 "Robbery"
0 82 67 218 234 645 0 0 1 "Robbery"
0 83 67 219 234 646 0 0 1 "Robbery"
0 84 67 220 234 647 0 0 0 "Robbery"
0 85 63 221 230 648 0 0 1 "Robbery"
0 86 60 222 227 649 0 0 1 "Robbery"
0 87 56 223 223 650 0 0 1 "Robbery"
0 88 53 224 220 651 0 0 1 "Robbery"
0 89 49 225 216 652 0 0 1 "Robbery"
0 90 46 226 213 653 0 0 0 "Robbery"
0 91 44 227 211 654 0 0 1 "Robbery"
0 92 42 228 209 655 0 0 1 "Robbery"
0 93 40 229 207 656 0 0 1 "Robbery"
0 94 38 230 205 657 0 0 1 "Robbery"
0 95 37 231 204 658 0 0 1 "Robbery"
0 96 35 232 202 659 0 0 1 "Robbery"
0 97 33 233 200 660 0 0 1 "Robbery"
0 98 31 234 198 661 0 0 1 "Robbery"
0 99 29 235 196 662 0 0 1 "Robbery"
0 101 28 237 195 663 0 0 0 "Robbery"
0 106 28 236 192 664 0 0 1 "Robbery"
0 112 28 236 189 665 0 0 1 "Robbery"
0 117 28 236 186 666 0 0 1 "Robbery"
0 123 28 236 183 667 0 0 1 "Robbery"
0 129 28 236 180 668 0 0 1 "Robbery"
0 134 28 236 177 669 0 0 1 "Robbery"
0 140 28 236 174 670 0 0 1 "Robbery"
0 146 28 236 171 671 0 0 0 "Robbery"
0 146 28 235 170 672 0 0 1 "Robbery"
0 146 28 235 169 673 0 0 1 "Robbery"
0 146 28 234 168 674 0 0 1 "Robbery"
0 147 28 234 167 675 0 0 1 "Robbery"
0 147 28 234 166 676 0 0 1 "Robbery"
0 147 28 233 165 677 0 0 1 "Robbery"
0 147 28 233 165 678 0 0 1 "Robbery"
0 148 28 233 164 679 0 0 1 "Robbery"
0 148 28 232 163 680 0 0 1 "Robbery"
0 148 28 232 162 681 0 0 1 "Robbery"
0 148 28 232 161 682 0 0 1 "Robbery"
0 149 28 231 160 683 0 0 1 "Robbery"
0 149 28 231 159 684 0 0 1 "Robbery"
0 149 28 231 159 685 0 0 1 "Robbery"
0 149 28 230 158 686 0 0 1 "Robbery"
0 150 28 230 157 687 0 0 1 "Robbery"
0 150 28 230 156 688 0 0 1 "Robbery"
0 150 28 229 155 689 0 0 1 "Robbery"
0 150 28 229 154 690 0 0 1 "Robbery"
0 151 28 229 154 691 1 0 0 "Robbery"
0 151 28 229 154 692 1 0 1 "Robbery"
0 151 28 229 154 693 1 0 1 "Robbery"
0 151 28 229 154 694 1 0 1 "Robbery"
0 151 28 229 154 695 1 0 1 "Robbery"
0 151 28 229 154 696 1 0 1 "Robbery"
0 151 28 229 154 697 1 0 1 "Robbery"
0 151 28 229 154 698 1 0 0 "Robbery"
0 151 28 229 154 699 1 0 1 "Robbery"
0 151 28 229 154 700 1 0 1 "Robbery"
0 151 28 229 154 701 1 0 1 "Robbery"
0 151 28 229 154 702 1 0 1 "Robbery"
0 151 28 229 154 703 1 0 1 "Robbery"
0 151 28 229 154 704 1 0 1 "Robbery"
0 151 28 229 154 705 1 0 1 "Robbery"
0 151 28 229 154 706 1 0 1 "Robbery"
0 151 28 229 154 707 1 0 1 "Robbery"
0 151 28 229 154 708 1 0 1 "Robbery"
0 151 28 229 154 709 1 0 1 "Robbery"
0 151 28 229 154 710 1 0 1 "Robbery"
0 151 28 229 154 711 1 0 1 "Robbery"
0 151 28 229 154 712 1 0 1 "Robbery"
0 151 28 229 154 713 1 0 1 "Robbery"
0 151 28 229 154 714 1 0 1 "Robbery"
0 151 28 229 154 715 1 0 1 "Robbery"
0 151 28 229 154 716 1 0 1 "Robbery"
0 151 28 229 154 717 1 0 1 "Robbery"
0 151 28 229 154 718 1 0 1 "Robbery"
0 151 28 229 154 719 1 0 1 "Robbery"
0 151 28 229 154 720 1 0 1 "Robbery"
0 151 28 229 154 721 1 0 1 "Robbery"
0 151 28 229 154 722 1 0 1 "Robbery"
0 151 28 229 154 723 1 0 1 "Robbery"
0 151 28 229 154 724 1 0 1 "Robbery"
0 151 28 229 154 725 1 0 1 "Robbery"
0 151 28 229 154 726 1 0 1 "Robbery"
0 151 28 229 154 727 1 0 1 "Robbery"
0 151 28 229 154 728 1 0 1 "Robbery"
0 151 28 229 154 729 1 0 1 "Robbery"
0 151 28 229 154 730 1 0 1 "Robbery"
0 151 28 229 154 731 1 0 1 "Robbery"
0 151 28 229 154 732 1 0 1 "Robbery"
0 151 28 229 154 733 1 0 1 "Robbery"
0 151 28 229 154 734 1 0 1 "Robbery"
0 151 28 229 154 735 1 0 1 "Robbery"
0 151 28 229 154 736 1 0 1 "Robbery"
0 151 28 229 154 737 1 0 1 "Robbery"
0 151 28 229 154 738 1 0 1 "Robbery"
0 151 28 229 154 739 1 0 1 "Robbery"
0 151 28 229 154 740 1 0 1 "Robbery"
0 151 28 229 154 741 1 0 1 "Robbery"
0 151 28 229 154 742 1 0 1 "Robbery"
0 151 28 229 154 743 1 0 1 "Robbery"
0 151 28 229 154 744 1 0 1 "Robbery"
0 151 28 229 154 745 1 0 1 "Robbery"
0 151 28 229 154 746 1 0 1 "Robbery"
0 151 28 229 154 747 1 0 1 "Robbery"
0 151 28 229 154 748 1 0 1 "Robbery"
0 151 28 229 154 749 1 0 1 "Robbery"
0 151 28 229 154 750 1 0 1 "Robbery"
0 151 28 229 154 751 1 0 1 "Robbery"
0 151 28 229 154 752 1 0 1 "Robbery"
0 151 28 229 154 753 1 0 1 "Robbery"
0 151 28 229 154 754 1 0 1 "Robbery"
0 151 28 229 154 755 1 0 1 "Robbery"
0 151 28 229 154 756 1 0 1 "Robbery"
0 151 28 229 154 757 1 0 1 "Robbery"
0 151 28 229 154 758 1 0 1 "Robbery"
0 151 28 229 154 759 1 0 1 "Robbery"
0 151 28 229 154 760 1 0 1 "Robbery"
0 151 28 229 154 761 1 0 1 "Robbery"
0 151 28 229 154 762 1 0 1 "Robbery"
0 151 28 229 154 763 1 0 1 "Robbery"
0 151 28 229 154 764 1 0 1 "Robbery"
0 151 28 229 154 765 1 0 1 "Robbery"
0 151 28 229 154 766 1 0 1 "Robbery"
0 151 28 229 154 767 1 0 1 "Robbery"
0 151 28 229 154 768 1 0 1 "Robbery"
0 151 28 229 154 769 1 0 1 "Robbery"
0 151 28 229 154 770 1 0 1 "Robbery"
0 151 28 229 154 771 1 0 1 "Robbery"
0 151 28 229 154 772 1 0 1 "Robbery"
0 151 28 229 154 773 1 0 1 "Robbery"
0 151 28 229 154 774 1 0 1 "Robbery"
0 151 28 229 154 775 1 0 1 "Robbery"
0 151 28 229 154 776 1 0 1 "Robbery"
0 151 28 229 154 777 1 0 1 "Robbery"
0 151 28 229 154 778 1 0 1 "Robbery"
0 151 28 229 154 779 1 0 1 "Robbery"
0 151 28 229 154 780 1 0 1 "Robbery"
0 151 28 229 154 781 1 0 1 "Robbery"
0 151 28 229 154 782 1 0 1 "Robbery"
0 151 28 229 154 783 1 0 1 "Robbery"
0 151 28 229 154 784 1 0 1 "Robbery"
0 151 28 229 154 785 1 0 1 "Robbery"
0 151 28 229 154 786 1 0 1 "Robbery"
0 151 28 229 154 787 1 0 1 "Robbery"
0 151 28 229 154 788 1 0 1 "Robbery"
0 151 28 229 154 789 1 0 1 "Robbery"
0 151 28 229 154 790 1 0 1 "Robbery"
0 151 28 229 154 791 1 0 1 "Robbery"
0 151 28 229 154 792 1 0 1 "Robbery"
0 151 28 229 154 793 1 0 1 "Robbery"
0 151 28 229 154 794 1 0 1 "Robbery"
0 151 28 229 154 795 1 0 1 "Robbery"
0 151 28 229 154 796 1 0 1 "Robbery"
0 151 28 229 154 797 1 0 1 "Robbery"
0 151 28 229 154 798 1 0 1 "Robbery"
0 151 28 229 154 799 1 0 1 "Robbery"
0 151 28 229 154 800 1 0 1 "Robbery"
0 151 28 229 154 801 1 0 1 "Robbery"
0 151 28 229 154 802 1 0 1 "Robbery"
0 151 28 229 154 803 1 0 1 "Robbery"
0 151 28 229 154 804 1 0 1 "Robbery"
0 151 28 229 154 805 1 0 1 "Robbery"
0 151 28 229 154 806 1 0 1 "Robbery"
0 151 28 229 154 807 1 0 1 "Robbery"
0 151 28 229 154 808 1 0 1 "Robbery"
0 151 28 229 154 809 1 0 1 "Robbery"
0 151 28 229 154 810 1 0 1 "Robbery"
0 151 28 229 154 811 1 0 1 "Robbery"
0 151 28 229 154 812 1 0 1 "Robbery"
0 151 28 229 154 813 1 0 1 "Robbery"
0 151 28 229 154 814 1 0 1 "Robbery"
0 151 28 229 154 815 1 0 1 "Robbery"
0 151 28 229 154 816 1 0 1 "Robbery"
0 151 28 229 154 817 1 0 1 "Robbery"
0 151 28 229 154 818 1 0 1 "Robbery"
0 151 28 229 154 819 1 0 1 "Robbery"
0 151 28 229 154 820 1 0 1 "Robbery"
0 151 28 229 154 821 1 0 1 "Robbery"
0 151 28 229 154 822 1 0 1 "Robbery"
0 151 28 229 154 823 1 0 1 "Robbery"
0 151 28 229 154 824 1 0 1 "Robbery"
0 151 28 229 154 825 1 0 1 "Robbery"
0 151 28 229 154 826 1 0 1 "Robbery"
0 151 28 229 154 827 1 0 1 "Robbery"
0 151 28 229 154 828 1 0 1 "Robbery"
0 151 28 229 154 829 1 0 1 "Robbery"
0 151 28 229 154 830 1 0 1 "Robbery"
0 151 28 229 154 831 1 0 1 "Robbery"
0 151 28 229 154 832 1 0 1 "Robbery"
0 151 28 229 154 833 1 0 1 "Robbery"
0 151 28 229 154 834 1 0 1 "Robbery"
0 151 28 229 154 835 1 0 1 "Robbery"
0 151 28 229 154 836 1 0 1 "Robbery"
0 151 28 229 154 837 1 0 1 "Robbery"
0 151 28 229 154 838 1 0 1 "Robbery"
0 151 28 229 154 839 1 0 1 "Robbery"
0 151 28 229 154 840 1 0 1 "Robbery"
0 151 28 229 154 841 1 0 1 "Robbery"
0 151 28 229 154 842 1 0 1 "Robbery"
0 151 28 229 154 843 1 0 1 "Robbery"
0 151 28 229 154 844 1 0 1 "Robbery"
0 151 28 229 154 845 1 0 1 "Robbery"
0 151 28 229 154 846 1 0 1 "Robbery"
0 151 28 229 154 847 1 0 1 "Robbery"
0 151 28 229 154 848 1 0 1 "Robbery"
0 151 28 229 154 849 1 0 1 "Robbery"
0 151 28 229 154 850 1 0 1 "Robbery"
0 151 28 229 154 851 1 0 1 "Robbery"
0 151 28 229 154 852 1 0 1 "Robbery"
0 151 28 229 154 853 1 0 1 "Robbery"
0 151 28 229 154 854 1 0 1 "Robbery"
0 151 28 229 154 855 1 0 1 "Robbery"
0 151 28 229 154 856 1 0 1 "Robbery"
0 151 28 229 154 857 1 0 1 "Robbery"
0 151 28 229 154 858 1 0 1 "Robbery"
0 151 28 229 154 859 1 0 1 "Robbery"
0 151 28 229 154 860 1 0 1 "Robbery"
0 151 28 229 154 861 1 0 1 "Robbery"
0 151 28 229 154 862 1 0 1 "Robbery"
0 151 28 229 154 863 1 0 1 "Robbery"
0 151 28 229 154 864 1 0 1 "Robbery"
0 151 28 229 154 865 1 0 1 "Robbery"
0 151 28 229 154 866 1 0 1 "Robbery"
0 151 28 229 154 867 1 0 1 "Robbery"
0 151 28 229 154 868 1 0 1 "Robbery"
0 151 28 229 154 869 1 0 1 "Robbery"
0 151 28 229 154 870 1 0 1 "Robbery"
0 151 28 229 154 871 1 0 1 "Robbery"
0 151 28 229 154 872 1 0 1 "Robbery"
0 151 28 229 154 873 1 0 1 "Robbery"
0 151 28 229 154 874 1 0 1 "Robbery"
0 151 28 229 154 875 1 0 1 "Robbery"
0 151 28 229 154 876 1 0 1 "Robbery"
0 151 28 229 154 877 1 0 1 "Robbery"
0 151 28 229 154 878 1 0 1 "Robbery"
0 151 28 229 154 879 1 0 1 "Robbery"
0 151 28 229 154 880 1 0 1 "Robbery"
0 151 28 229 154 881 1 0 1 "Robbery"
0 151 28 229 154 882 1 0 1 "Robbery"
0 151 28 229 154 883 1 0 1 "Robbery"
0 151 28 229 154 884 1 0 1 "Robbery"
0 151 28 229 154 885 1 0 1 "Robbery"
0 151 28 229 154 886 1 0 1 "Robbery"
0 151 28 229 154 887 1 0 1 "Robbery"
0 151 28 229 154 888 1 0 1 "Robbery"
0 151 28 229 154 889 1 0 1 "Robbery"
0 151 28 229 154 890 1 0 1 "Robbery"
0 151 28 229 154 891 1 0 1 "Robbery"
0 151 28 229 154 892 1 0 1 "Robbery"
0 151 28 229 154 893 1 0 1 "Robbery"
0 151 28 229 154 894 1 0 1 "Robbery"
0 151 28 229 154 895 1 0 1 "Robbery"
0 151 28 229 154 896 1 0 1 "Robbery"
0 151 28 229 154 897 1 0 1 "Robbery"
0 151 28 229 154 898 1 0 1 "Robbery"
0 151 28 229 154 899 1 0 1 "Robbery"
0 151 28 229 154 900 1 0 1 "Robbery"
0 151 28 229 154 901 1 0 1 "Robbery"
0 151 28 229 154 902 1 0 1 "Robbery"
0 151 28 229 154 903 1 0 1 "Robbery"
0 151 28 229 154 904 1 0 1 "Robbery"
0 151 28 229 154 905 1 0 1 "Robbery"
0 151 28 229 154 906 1 0 1 "Robbery"
0 151 28 229 154 907 1 0 1 "Robbery"
0 151 28 229 154 908 1 0 1 "Robbery"
0 151 28 229 154 909 1 0 1 "Robbery"
0 151 28 229 154 910 1 0 1 "Robbery"
0 151 28 229 154 911 1 0 1 "Robbery"
0 151 28 229 154 912 1 0 1 "Robbery"
0 151 28 229 154 913 1 0 1 "Robbery"
0 151 28 229 154 914 1 0 1 "Robbery"
0 151 28 229 154 915 1 0 1 "Robbery"
0 151 28 229 154 916 1 0 1 "Robbery"
0 151 28 229 154 917 1 0 1 "Robbery"
0 151 28 229 154 918 1 0 1 "Robbery"
0 151 28 229 154 919 1 0 1 "Robbery"
0 151 28 229 154 920 1 0 1 "Robbery"
0 151 28 229 154 921 1 0 1 "Robbery"
0 151 28 229 154 922 1 0 1 "Robbery"
0 151 28 229 154 923 1 0 1 "Robbery"
0 151 28 229 154 924 1 0 1 "Robbery"
0 151 28 229 154 925 1 0 1 "Robbery"
0 151 28 229 154 926 1 0 1 "Robbery"
0 151 28 229 154 927 1 0 1 "Robbery"
0 151 28 229 154 928 1 0 1 "Robbery"
0 151 28 229 154 929 1 0 1 "Robbery"
0 151 28 229 154 930 1 0 1 "Robbery"
0 151 28 229 154 931 1 0 1 "Robbery"
0 151 28 229 154 932 1 0 1 "Robbery"
0 151 28 229 154 933 1 0 1 "Robbery"
0 151 28 229 154 934 1 0 1 "Robbery"
0 151 28 229 154 935 1 0 1 "Robbery"
0 151 28 229 154 936 1 0 1 "Robbery"
0 151 28 229 154 937 1 0 1 "Robbery"
0 151 28 229 154 938 1 0 0 "Robbery"
