0 145 97 321 209 0 1 0 0 "Stealing"
0 145 97 320 209 1 1 0 1 "Stealing"
0 145 97 320 209 2 1 0 1 "Stealing"
0 145 97 320 209 3 1 0 1 "Stealing"
0 145 97 320 209 4 1 0 1 "Stealing"
0 145 97 320 209 5 1 0 1 "Stealing"
0 145 97 320 209 6 1 0 1 "Stealing"
0 145 97 320 209 7 1 0 1 "Stealing"
0 145 97 320 209 8 1 0 1 "Stealing"
0 145 97 320 209 9 1 0 1 "Stealing"
0 145 97 320 209 10 1 0 1 "Stealing"
0 145 97 320 209 11 1 0 1 "Stealing"
0 145 97 320 209 12 1 0 1 "Stealing"
0 145 97 320 209 13 1 0 1 "Stealing"
0 145 97 320 209 14 1 0 1 "Stealing"
0 145 97 320 209 15 1 0 1 "Stealing"
0 145 97 320 209 16 1 0 1 "Stealing"
0 145 97 320 209 17 1 0 1 "Stealing"
0 145 97 320 209 18 1 0 1 "Stealing"
0 145 97 320 209 19 1 0 1 "Stealing"
0 145 97 320 209 20 1 0 1 "Stealing"
0 145 97 320 209 21 1 0 1 "Stealing"
0 145 97 320 209 22 1 0 1 "Stealing"
0 145 97 320 209 23 1 0 1 "Stealing"
0 145 97 320 209 24 1 0 1 "Stealing"
0 145 97 320 209 25 1 0 1 "Stealing"
0 145 97 320 209 26 1 0 1 "Stealing"
0 145 97 320 209 27 1 0 1 "Stealing"
0 145 97 320 209 28 1 0 1 "Stealing"
0 145 97 320 209 29 1 0 1 "Stealing"
0 145 97 320 209 30 1 0 1 "Stealing"
0 145 97 320 209 31 1 0 1 "Stealing"
0 145 97 320 209 32 1 0 1 "Stealing"
0 145 97 320 209 33 1 0 1 "Stealing"
0 145 97 320 209 34 1 0 1 "Stealing"
0 145 97 320 209 35 1 0 1 "Stealing"
0 145 97 320 209 36 1 0 1 "Stealing"
0 145 97 320 209 37 1 0 1 "Stealing"
0 145 97 320 209 38 1 0 1 "Stealing"
0 145 97 320 209 39 1 0 1 "Stealing"
0 145 97 320 209 40 1 0 1 "Stealing"
0 145 97 320 209 41 1 0 1 "Stealing"
0 145 97 320 209 42 1 0 1 "Stealing"
0 145 97 320 209 43 1 0 1 "Stealing"
0 145 97 320 209 44 1 0 1 "Stealing"
0 145 97 320 209 45 1 0 1 "Stealing"
0 145 97 320 209 46 1 0 1 "Stealing"
0 145 97 320 209 47 1 0 1 "Stealing"
0 145 97 320 209 48 1 0 1 "Stealing"
0 145 97 320 209 49 1 0 1 "Stealing"
0 145 97 320 209 50 1 0 1 "Stealing"
0 145 97 320 209 51 1 0 1 "Stealing"
0 145 97 320 209 52 1 0 1 "Stealing"
0 145 97 320 209 53 1 0 1 "Stealing"
0 145 97 320 209 54 1 0 1 "Stealing"
0 145 97 320 209 55 1 0 1 "Stealing"
0 145 97 320 209 56 1 0 1 "Stealing"
0 145 97 320 209 57 1 0 1 "Stealing"
0 145 97 320 209 58 1 0 1 "Stealing"
0 145 97 320 209 59 1 0 1 "Stealing"
0 145 97 320 209 60 1 0 1 "Stealing"
0 145 97 320 209 61 1 0 1 "Stealing"
0 145 97 320 209 62 1 0 1 "Stealing"
0 145 97 320 209 63 1 0 1 "Stealing"
0 145 97 320 209 64 1 0 1 "Stealing"
0 145 97 320 209 65 1 0 1 "Stealing"
0 145 97 320 209 66 1 0 1 "Stealing"
0 145 97 320 209 67 1 0 1 "Stealing"
0 145 97 320 209 68 1 0 1 "Stealing"
0 145 97 320 209 69 1 0 1 "Stealing"
0 145 97 320 209 70 1 0 1 "Stealing"
0 145 97 320 209 71 1 0 1 "Stealing"
0 145 97 320 209 72 1 0 1 "Stealing"
0 145 97 320 209 73 1 0 1 "Stealing"
0 145 97 320 209 74 1 0 1 "Stealing"
0 145 97 320 209 75 1 0 1 "Stealing"
0 145 97 320 209 76 1 0 1 "Stealing"
0 145 97 320 209 77 1 0 1 "Stealing"
0 145 97 320 209 78 1 0 1 "Stealing"
0 146 98 320 209 79 1 0 1 "Stealing"
0 146 98 320 209 80 1 0 1 "Stealing"
0 146 98 320 209 81 1 0 1 "Stealing"
0 146 98 320 209 82 1 0 1 "Stealing"
0 146 98 320 209 83 1 0 1 "Stealing"
0 146 98 320 209 84 1 0 1 "Stealing"
0 146 98 320 209 85 1 0 1 "Stealing"
0 146 98 320 209 86 1 0 1 "Stealing"
0 146 98 320 209 87 1 0 1 "Stealing"
0 146 98 320 209 88 1 0 1 "Stealing"
0 146 98 320 209 89 1 0 1 "Stealing"
0 146 98 320 209 90 1 0 1 "Stealing"
0 146 98 320 209 91 1 0 1 "Stealing"
0 146 98 320 209 92 1 0 1 "Stealing"
0 146 98 320 209 93 1 0 1 "Stealing"
0 146 98 320 209 94 1 0 1 "Stealing"
0 146 98 320 209 95 1 0 1 "Stealing"
0 146 98 320 209 96 1 0 1 "Stealing"
0 146 98 320 209 97 1 0 1 "Stealing"
0 146 98 320 209 98 1 0 1 "Stealing"
0 146 98 320 209 99 1 0 1 "Stealing"
0 146 98 320 209 100 1 0 1 "Stealing"
0 146 98 320 209 101 1 0 1 "Stealing"
0 146 98 320 209 102 1 0 1 "Stealing"
0 146 98 320 209 103 1 0 1 "Stealing"
0 146 98 320 209 104 1 0 1 "Stealing"
0 146 98 320 209 105 1 0 1 "Stealing"
0 146 98 320 209 106 1 0 1 "Stealing"
0 146 98 320 209 107 1 0 1 "Stealing"
0 146 98 320 209 108 1 0 1 "Stealing"
0 146 98 320 209 109 1 0 1 "Stealing"
0 146 98 320 209 110 1 0 1 "Stealing"
0 146 98 320 209 111 1 0 1 "Stealing"
0 146 98 320 209 112 1 0 1 "Stealing"
0 146 98 320 209 113 1 0 1 "Stealing"
0 146 98 320 209 114 1 0 1 "Stealing"
0 146 98 320 209 115 1 0 1 "Stealing"
0 146 98 320 209 116 1 0 1 "Stealing"
0 146 98 320 209 117 1 0 1 "Stealing"
0 146 98 320 209 118 1 0 1 "Stealing"
0 146 98 320 209 119 1 0 1 "Stealing"
0 146 98 320 209 120 1 0 1 "Stealing"
0 146 98 320 209 121 1 0 1 "Stealing"
0 146 98 320 209 122 1 0 1 "Stealing"
0 146 98 320 209 123 1 0 1 "Stealing"
0 146 98 320 209 124 1 0 1 "Stealing"
0 146 98 320 209 125 1 0 1 "Stealing"
0 146 98 320 209 126 1 0 1 "Stealing"
0 146 98 320 209 127 1 0 1 "Stealing"
0 146 98 320 209 128 1 0 1 "Stealing"
0 146 98 320 209 129 1 0 1 "Stealing"
0 146 98 320 209 130 1 0 1 "Stealing"
0 146 98 320 209 131 1 0 1 "Stealing"
0 146 98 320 209 132 1 0 1 "Stealing"
0 146 98 320 209 133 1 0 1 "Stealing"
0 146 98 320 209 134 1 0 1 "Stealing"
0 146 98 320 209 135 1 0 1 "Stealing"
0 146 98 320 209 136 1 0 1 "Stealing"
0 146 98 320 209 137 1 0 1 "Stealing"
0 146 98 320 209 138 1 0 1 "Stealing"
0 146 98 320 209 139 1 0 1 "Stealing"
0 146 98 320 209 140 1 0 1 "Stealing"
0 146 98 320 209 141 1 0 1 "Stealing"
0 146 98 320 209 142 1 0 1 "Stealing"
0 146 98 320 209 143 1 0 1 "Stealing"
0 146 98 320 209 144 1 0 1 "Stealing"
0 146 98 320 209 145 1 0 1 "Stealing"
0 146 98 320 209 146 1 0 1 "Stealing"
0 146 98 320 209 147 1 0 1 "Stealing"
0 146 98 320 209 148 1 0 1 "Stealing"
0 146 98 320 209 149 1 0 1 "Stealing"
0 146 98 320 209 150 1 0 1 "Stealing"
0 146 98 320 209 151 1 0 1 "Stealing"
0 146 98 320 209 152 1 0 1 "Stealing"
0 146 98 320 209 153 1 0 1 "Stealing"
0 146 98 320 209 154 1 0 1 "Stealing"
0 146 98 320 209 155 1 0 1 "Stealing"
0 146 98 320 209 156 1 0 1 "Stealing"
0 147 99 320 209 157 1 0 1 "Stealing"
0 147 99 319 209 158 1 0 1 "Stealing"
0 147 99 319 209 159 1 0 1 "Stealing"
0 147 99 319 209 160 1 0 1 "Stealing"
0 147 99 319 209 161 1 0 1 "Stealing"
0 147 99 319 209 162 1 0 1 "Stealing"
0 147 99 319 209 163 1 0 1 "Stealing"
0 147 99 319 209 164 1 0 1 "Stealing"
0 147 99 319 209 165 1 0 1 "Stealing"
0 147 99 319 209 166 1 0 1 "Stealing"
0 147 99 319 209 167 1 0 1 "Stealing"
0 147 99 319 209 168 1 0 1 "Stealing"
0 147 99 319 209 169 1 0 1 "Stealing"
0 147 99 319 209 170 1 0 1 "Stealing"
0 147 99 319 209 171 1 0 1 "Stealing"
0 147 99 319 209 172 1 0 1 "Stealing"
0 147 99 319 209 173 1 0 1 "Stealing"
0 147 99 319 209 174 1 0 1 "Stealing"
0 147 99 319 209 175 1 0 1 "Stealing"
0 147 99 319 209 176 1 0 1 "Stealing"
0 147 99 319 209 177 1 0 1 "Stealing"
0 147 99 319 209 178 1 0 1 "Stealing"
0 147 99 319 209 179 1 0 1 "Stealing"
0 147 99 319 209 180 1 0 1 "Stealing"
0 147 99 319 209 181 1 0 1 "Stealing"
0 147 99 319 209 182 1 0 1 "Stealing"
0 147 99 319 209 183 1 0 1 "Stealing"
0 147 99 319 209 184 1 0 1 "Stealing"
0 147 99 319 209 185 1 0 1 "Stealing"
0 147 99 319 209 186 1 0 1 "Stealing"
0 147 99 319 209 187 1 0 1 "Stealing"
0 147 99 319 209 188 1 0 1 "Stealing"
0 147 99 319 209 189 1 0 1 "Stealing"
0 147 99 319 209 190 1 0 1 "Stealing"
0 147 99 319 209 191 1 0 1 "Stealing"
0 147 99 319 209 192 1 0 1 "Stealing"
0 147 99 319 209 193 1 0 1 "Stealing"
0 147 99 319 209 194 1 0 1 "Stealing"
0 147 99 319 209 195 1 0 1 "Stealing"
0 147 99 319 209 196 1 0 1 "Stealing"
0 147 99 319 209 197 1 0 1 "Stealing"
0 147 99 319 209 198 1 0 1 "Stealing"
0 147 99 319 209 199 1 0 1 "Stealing"
0 147 99 319 209 200 1 0 1 "Stealing"
0 147 99 319 209 201 1 0 1 "Stealing"
0 147 99 319 209 202 1 0 1 "Stealing"
0 147 99 319 209 203 1 0 1 "Stealing"
0 147 99 319 209 204 1 0 1 "Stealing"
0 147 99 319 209 205 1 0 1 "Stealing"
0 147 99 319 209 206 1 0 1 "Stealing"
0 147 99 319 209 207 1 0 1 "Stealing"
0 147 99 319 209 208 1 0 1 "Stealing"
0 147 99 319 209 209 1 0 1 "Stealing"
0 147 99 319 209 210 1 0 1 "Stealing"
0 147 99 319 209 211 1 0 1 "Stealing"
0 147 99 319 209 212 1 0 1 "Stealing"
0 147 99 319 209 213 1 0 1 "Stealing"
0 147 99 319 209 214 1 0 1 "Stealing"
0 147 99 319 209 215 1 0 1 "Stealing"
0 147 99 319 209 216 1 0 1 "Stealing"
0 147 99 319 209 217 1 0 1 "Stealing"
0 147 99 319 209 218 1 0 1 "Stealing"
0 147 99 319 209 219 1 0 1 "Stealing"
0 147 99 319 209 220 1 0 1 "Stealing"
0 147 99 319 209 221 1 0 1 "Stealing"
0 147 99 319 209 222 1 0 1 "Stealing"
0 147 99 319 209 223 1 0 1 "Stealing"
0 147 99 319 209 224 1 0 1 "Stealing"
0 147 99 319 209 225 1 0 1 "Stealing"
0 147 99 319 209 226 1 0 1 "Stealing"
0 147 99 319 209 227 1 0 1 "Stealing"
0 147 99 319 209 228 1 0 1 "Stealing"
0 147 99 319 209 229 1 0 1 "Stealing"
0 147 99 319 209 230 1 0 1 "Stealing"
0 147 99 319 209 231 1 0 1 "Stealing"
0 147 99 319 209 232 1 0 1 "Stealing"
0 147 99 319 209 233 1 0 1 "Stealing"
0 147 99 319 209 234 1 0 1 "Stealing"
0 147 99 319 209 235 1 0 1 "Stealing"
0 148 100 319 209 236 1 0 1 "Stealing"
0 148 100 319 209 237 1 0 1 "Stealing"
0 148 100 319 209 238 1 0 1 "Stealing"
0 148 100 319 209 239 1 0 1 "Stealing"
0 148 100 319 209 240 1 0 1 "Stealing"
0 148 100 319 209 241 1 0 1 "Stealing"
0 148 100 319 209 242 1 0 1 "Stealing"
0 148 100 319 209 243 1 0 1 "Stealing"
0 148 100 319 209 244 1 0 1 "Stealing"
0 148 100 319 209 245 1 0 1 "Stealing"
0 148 100 319 209 246 1 0 1 "Stealing"
0 148 100 319 209 247 1 0 1 "Stealing"
0 148 100 319 209 248 1 0 1 "Stealing"
0 148 100 319 209 249 1 0 1 "Stealing"
0 148 100 319 209 250 1 0 1 "Stealing"
0 148 100 319 209 251 1 0 1 "Stealing"
0 148 100 319 209 252 1 0 1 "Stealing"
0 148 100 319 209 253 1 0 1 "Stealing"
0 148 100 319 209 254 1 0 1 "Stealing"
0 148 100 319 209 255 1 0 1 "Stealing"
0 148 100 319 209 256 1 0 1 "Stealing"
0 148 100 319 209 257 1 0 1 "Stealing"
0 148 100 319 209 258 1 0 1 "Stealing"
0 148 100 319 209 259 1 0 1 "Stealing"
0 148 100 319 209 260 1 0 1 "Stealing"
0 148 100 319 209 261 1 0 1 "Stealing"
0 148 100 319 209 262 1 0 1 "Stealing"
0 148 100 319 209 263 1 0 1 "Stealing"
0 148 100 319 209 264 1 0 1 "Stealing"
0 148 100 319 209 265 1 0 1 "Stealing"
0 148 100 319 209 266 1 0 1 "Stealing"
0 148 100 319 209 267 1 0 1 "Stealing"
0 148 100 319 209 268 1 0 1 "Stealing"
0 148 100 319 209 269 1 0 1 "Stealing"
0 148 100 319 209 270 1 0 1 "Stealing"
0 148 100 319 209 271 1 0 1 "Stealing"
0 148 100 319 209 272 1 0 1 "Stealing"
0 148 100 319 209 273 1 0 1 "Stealing"
0 148 100 319 209 274 1 0 1 "Stealing"
0 148 100 319 209 275 1 0 1 "Stealing"
0 148 100 319 209 276 1 0 1 "Stealing"
0 148 100 319 209 277 1 0 1 "Stealing"
0 148 100 319 209 278 1 0 1 "Stealing"
0 148 100 319 209 279 1 0 1 "Stealing"
0 148 100 319 209 280 1 0 1 "Stealing"
0 148 100 319 209 281 1 0 1 "Stealing"
0 148 100 319 209 282 1 0 1 "Stealing"
0 148 100 319 209 283 1 0 1 "Stealing"
0 148 100 319 209 284 1 0 1 "Stealing"
0 148 100 319 209 285 1 0 1 "Stealing"
0 148 100 319 209 286 1 0 1 "Stealing"
0 148 100 319 209 287 1 0 1 "Stealing"
0 148 100 319 209 288 1 0 1 "Stealing"
0 148 100 319 209 289 1 0 1 "Stealing"
0 148 100 319 209 290 1 0 1 "Stealing"
0 148 100 319 209 291 1 0 1 "Stealing"
0 148 100 319 209 292 1 0 1 "Stealing"
0 148 100 319 209 293 1 0 1 "Stealing"
0 148 100 319 209 294 1 0 1 "Stealing"
0 148 100 319 209 295 1 0 1 "Stealing"
0 148 100 319 209 296 1 0 1 "Stealing"
0 148 100 319 209 297 1 0 1 "Stealing"
0 148 100 319 209 298 1 0 1 "Stealing"
0 148 100 319 209 299 1 0 1 "Stealing"
0 148 100 319 209 300 1 0 1 "Stealing"
0 148 100 319 209 301 1 0 1 "Stealing"
0 148 100 319 209 302 1 0 1 "Stealing"
0 148 100 319 209 303 1 0 1 "Stealing"
0 148 100 319 209 304 1 0 1 "Stealing"
0 148 100 319 209 305 1 0 1 "Stealing"
0 148 100 319 209 306 1 0 1 "Stealing"
0 148 100 319 209 307 1 0 1 "Stealing"
0 148 100 319 209 308 1 0 1 "Stealing"
0 148 100 319 209 309 1 0 1 "Stealing"
0 148 100 319 209 310 1 0 1 "Stealing"
0 148 100 319 209 311 1 0 1 "Stealing"
0 148 100 319 209 312 1 0 1 "Stealing"
0 148 100 319 209 313 1 0 1 "Stealing"
0 149 101 319 209 314 0 0 0 "Stealing"
0 148 101 319 208 315 0 0 1 "Stealing"
0 148 101 319 208 316 0 0 1 "Stealing"
0 148 101 319 208 317 0 0 1 "Stealing"
0 148 101 319 208 318 0 0 1 "Stealing"
0 148 101 319 208 319 0 0 1 "Stealing"
0 148 101 319 208 320 0 0 1 "Stealing"
0 148 101 319 208 321 0 0 1 "Stealing"
0 148 101 319 208 322 0 0 1 "Stealing"
0 148 101 319 208 323 0 0 1 "Stealing"
0 147 101 319 208 324 0 0 1 "Stealing"
0 147 101 319 208 325 0 0 1 "Stealing"
0 147 101 319 208 326 0 0 1 "Stealing"
0 147 101 319 208 327 0 0 1 "Stealing"
0 147 101 319 208 328 0 0 1 "Stealing"
0 147 101 319 208 329 0 0 1 "Stealing"
0 147 101 319 208 330 0 0 1 "Stealing"
0 147 101 319 208 331 0 0 1 "Stealing"
0 147 101 319 208 332 0 0 1 "Stealing"
0 147 101 319 208 333 0 0 1 "Stealing"
0 146 101 319 208 334 0 0 1 "Stealing"
0 146 101 319 208 335 0 0 1 "Stealing"
0 146 101 319 208 336 0 0 1 "Stealing"
0 146 101 319 208 337 0 0 1 "Stealing"
0 146 101 319 208 338 0 0 1 "Stealing"
0 146 101 319 208 339 0 0 1 "Stealing"
0 146 101 319 208 340 0 0 1 "Stealing"
0 146 101 319 208 341 0 0 1 "Stealing"
0 146 101 319 208 342 0 0 1 "Stealing"
0 146 101 319 208 343 0 0 1 "Stealing"
0 145 101 319 208 344 0 0 1 "Stealing"
0 145 101 319 208 345 0 0 1 "Stealing"
0 145 101 319 208 346 0 0 1 "Stealing"
0 145 101 319 208 347 0 0 1 "Stealing"
0 145 101 319 208 348 0 0 1 "Stealing"
0 145 101 319 208 349 0 0 1 "Stealing"
0 145 101 319 208 350 0 0 1 "Stealing"
0 145 101 319 208 351 0 0 1 "Stealing"
0 145 101 319 208 352 0 0 1 "Stealing"
0 144 101 319 208 353 0 0 1 "Stealing"
0 144 101 319 208 354 0 0 1 "Stealing"
0 144 101 319 208 355 0 0 1 "Stealing"
0 144 101 319 208 356 0 0 1 "Stealing"
0 144 101 319 208 357 0 0 1 "Stealing"
0 144 101 319 208 358 0 0 1 "Stealing"
0 144 101 319 208 359 0 0 1 "Stealing"
0 144 101 319 208 360 0 0 1 "Stealing"
0 144 101 319 208 361 0 0 1 "Stealing"
0 144 101 319 208 362 0 0 1 "Stealing"
0 143 101 319 208 363 0 0 1 "Stealing"
0 143 101 319 208 364 0 0 1 "Stealing"
0 143 101 319 208 365 0 0 1 "Stealing"
0 143 101 319 208 366 0 0 1 "Stealing"
0 143 101 319 208 367 0 0 1 "Stealing"
0 143 101 319 208 368 0 0 1 "Stealing"
0 143 101 319 208 369 0 0 1 "Stealing"
0 143 101 319 208 370 0 0 1 "Stealing"
0 143 101 319 208 371 0 0 1 "Stealing"
0 143 101 319 208 372 0 0 1 "Stealing"
0 142 101 319 208 373 0 0 1 "Stealing"
0 142 101 319 208 374 0 0 1 "Stealing"
0 142 101 319 208 375 0 0 1 "Stealing"
0 142 101 319 208 376 0 0 1 "Stealing"
0 142 101 319 208 377 0 0 1 "Stealing"
0 142 101 319 208 378 0 0 1 "Stealing"
0 142 101 319 208 379 0 0 1 "Stealing"
0 142 101 319 208 380 0 0 1 "Stealing"
0 142 101 319 208 381 0 0 1 "Stealing"
0 142 101 319 208 382 0 0 1 "Stealing"
0 141 101 319 208 383 0 0 1 "Stealing"
0 141 101 319 208 384 0 0 1 "Stealing"
0 141 101 319 208 385 0 0 1 "Stealing"
0 141 101 319 208 386 0 0 1 "Stealing"
0 141 101 319 208 387 0 0 1 "Stealing"
0 141 101 319 208 388 0 0 1 "Stealing"
0 141 101 319 208 389 0 0 1 "Stealing"
0 141 101 319 208 390 0 0 1 "Stealing"
0 141 101 319 208 391 0 0 1 "Stealing"
0 140 101 319 208 392 0 0 1 "Stealing"
0 140 101 319 208 393 0 0 1 "Stealing"
0 140 101 319 208 394 0 0 1 "Stealing"
0 140 101 319 208 395 0 0 1 "Stealing"
0 140 101 319 208 396 0 0 1 "Stealing"
0 140 101 319 208 397 0 0 1 "Stealing"
0 140 101 319 208 398 0 0 1 "Stealing"
0 140 101 319 208 399 0 0 1 "Stealing"
0 140 101 319 208 400 0 0 1 "Stealing"
0 140 101 319 208 401 0 0 1 "Stealing"
0 139 101 319 208 402 0 0 1 "Stealing"
0 139 101 319 208 403 0 0 1 "Stealing"
0 139 101 319 208 404 0 0 1 "Stealing"
0 139 101 319 208 405 0 0 1 "Stealing"
0 139 101 319 208 406 0 0 1 "Stealing"
0 139 101 319 208 407 0 0 1 "Stealing"
0 139 101 319 208 408 0 0 1 "Stealing"
0 139 101 319 208 409 0 0 1 "Stealing"
0 139 101 319 208 410 0 0 1 "Stealing"
0 139 101 319 208 411 0 0 1 "Stealing"
0 138 101 319 208 412 0 0 1 "Stealing"
0 138 101 319 208 413 0 0 1 "Stealing"
0 138 101 319 208 414 0 0 1 "Stealing"
0 138 101 319 208 415 0 0 1 "Stealing"
0 138 101 319 208 416 0 0 1 "Stealing"
0 138 101 319 208 417 0 0 1 "Stealing"
0 138 101 319 208 418 0 0 1 "Stealing"
0 138 101 319 208 419 0 0 1 "Stealing"
0 138 101 319 208 420 0 0 1 "Stealing"
0 138 101 319 208 421 0 0 1 "Stealing"
0 137 101 319 208 422 0 0 1 "Stealing"
0 137 101 319 208 423 0 0 1 "Stealing"
0 137 101 319 208 424 0 0 1 "Stealing"
0 137 101 319 208 425 0 0 1 "Stealing"
0 137 101 319 208 426 0 0 1 "Stealing"
0 137 101 319 208 427 0 0 1 "Stealing"
0 137 101 319 208 428 0 0 1 "Stealing"
0 137 101 319 208 429 0 0 1 "Stealing"
0 137 101 319 208 430 0 0 1 "Stealing"
0 136 101 319 208 431 0 0 1 "Stealing"
0 136 101 319 208 432 0 0 1 "Stealing"
0 136 101 319 208 433 0 0 1 "Stealing"
0 136 101 319 208 434 0 0 1 "Stealing"
0 136 101 319 208 435 0 0 1 "Stealing"
0 136 101 319 208 436 0 0 1 "Stealing"
0 136 101 319 208 437 0 0 1 "Stealing"
0 136 101 319 208 438 0 0 1 "Stealing"
0 136 101 319 208 439 0 0 1 "Stealing"
0 136 101 319 208 440 0 0 1 "Stealing"
0 135 101 319 208 441 0 0 1 "Stealing"
0 135 101 319 208 442 0 0 1 "Stealing"
0 135 101 319 208 443 0 0 1 "Stealing"
0 135 101 319 208 444 0 0 1 "Stealing"
0 135 101 319 208 445 0 0 1 "Stealing"
0 135 101 319 208 446 0 0 1 "Stealing"
0 135 101 319 208 447 0 0 1 "Stealing"
0 135 101 319 208 448 0 0 1 "Stealing"
0 135 101 319 208 449 0 0 1 "Stealing"
0 135 101 319 208 450 0 0 1 "Stealing"
0 134 101 319 208 451 0 0 1 "Stealing"
0 134 101 319 208 452 0 0 1 "Stealing"
0 134 101 319 208 453 0 0 1 "Stealing"
0 134 101 319 208 454 0 0 1 "Stealing"
0 134 101 319 208 455 0 0 1 "Stealing"
0 134 101 319 208 456 0 0 1 "Stealing"
0 134 101 319 208 457 0 0 1 "Stealing"
0 134 101 319 208 458 0 0 1 "Stealing"
0 134 101 319 208 459 0 0 1 "Stealing"
0 134 101 319 208 460 0 0 1 "Stealing"
0 133 101 319 208 461 0 0 1 "Stealing"
0 133 101 319 208 462 0 0 1 "Stealing"
0 133 101 319 208 463 0 0 1 "Stealing"
0 133 101 319 208 464 0 0 1 "Stealing"
0 133 101 319 208 465 0 0 1 "Stealing"
0 133 101 319 208 466 0 0 1 "Stealing"
0 133 101 319 208 467 0 0 1 "Stealing"
0 133 101 319 208 468 0 0 1 "Stealing"
0 133 101 319 208 469 0 0 1 "Stealing"
0 132 101 319 208 470 0 0 1 "Stealing"
0 132 101 319 208 471 0 0 1 "Stealing"
0 132 101 319 208 472 0 0 1 "Stealing"
0 132 101 319 208 473 0 0 1 "Stealing"
0 132 101 319 208 474 0 0 1 "Stealing"
0 132 101 319 208 475 0 0 1 "Stealing"
0 132 101 319 208 476 0 0 1 "Stealing"
0 132 101 319 208 477 0 0 1 "Stealing"
0 132 101 319 208 478 0 0 1 "Stealing"
0 132 101 319 208 479 0 0 1 "Stealing"
0 131 101 319 208 480 0 0 1 "Stealing"
0 131 101 319 208 481 0 0 1 "Stealing"
0 131 101 319 208 482 0 0 1 "Stealing"
0 131 101 319 208 483 0 0 1 "Stealing"
0 131 101 319 208 484 0 0 1 "Stealing"
0 131 101 319 208 485 0 0 1 "Stealing"
0 131 101 319 208 486 0 0 1 "Stealing"
0 131 101 319 208 487 0 0 1 "Stealing"
0 131 101 319 208 488 0 0 1 "Stealing"
0 131 101 319 208 489 0 0 1 "Stealing"
0 130 101 319 208 490 0 0 1 "Stealing"
0 130 101 319 208 491 0 0 1 "Stealing"
0 130 101 319 208 492 0 0 1 "Stealing"
0 130 101 319 208 493 0 0 1 "Stealing"
0 130 101 319 208 494 0 0 1 "Stealing"
0 130 101 319 208 495 0 0 1 "Stealing"
0 130 101 319 208 496 0 0 1 "Stealing"
0 130 101 319 208 497 0 0 1 "Stealing"
0 130 101 319 208 498 0 0 1 "Stealing"
0 130 101 319 208 499 0 0 0 "Stealing"
0 129 100 318 207 500 0 0 1 "Stealing"
0 128 99 317 207 501 0 0 1 "Stealing"
0 128 98 316 207 502 0 0 1 "Stealing"
0 127 97 316 207 503 0 0 1 "Stealing"
0 126 96 315 207 504 0 0 1 "Stealing"
0 126 95 314 207 505 0 0 1 "Stealing"
0 125 94 313 207 506 0 0 1 "Stealing"
0 124 93 313 207 507 0 0 1 "Stealing"
0 124 92 312 207 508 0 0 1 "Stealing"
0 123 91 311 207 509 0 0 1 "Stealing"
0 123 91 311 207 510 0 0 0 "Stealing"
0 124 89 311 207 511 0 0 1 "Stealing"
0 125 88 311 207 512 0 0 1 "Stealing"
0 126 86 311 207 513 0 0 1 "Stealing"
0 127 85 311 207 514 0 0 1 "Stealing"
0 128 83 311 207 515 0 0 1 "Stealing"
0 129 82 311 207 516 0 0 1 "Stealing"
0 130 80 311 207 517 0 0 1 "Stealing"
0 131 79 311 207 518 0 0 1 "Stealing"
0 132 78 311 208 519 0 0 0 "Stealing"
0 132 78 311 208 520 0 0 1 "Stealing"
0 132 78 311 208 521 0 0 1 "Stealing"
0 133 78 311 208 522 0 0 1 "Stealing"
0 133 79 311 208 523 0 0 1 "Stealing"
0 134 79 312 208 524 0 0 1 "Stealing"
0 134 79 312 208 525 0 0 1 "Stealing"
0 135 80 312 208 526 0 0 1 "Stealing"
0 135 80 312 208 527 0 0 1 "Stealing"
0 136 80 312 208 528 0 0 1 "Stealing"
0 136 81 313 208 529 0 0 1 "Stealing"
0 137 81 313 208 530 0 0 1 "Stealing"
0 137 81 313 208 531 0 0 1 "Stealing"
0 138 81 313 208 532 0 0 1 "Stealing"
0 138 82 313 208 533 0 0 1 "Stealing"
0 139 82 314 208 534 0 0 1 "Stealing"
0 139 82 314 208 535 0 0 1 "Stealing"
0 139 83 314 208 536 0 0 1 "Stealing"
0 140 83 314 208 537 0 0 1 "Stealing"
0 140 83 314 208 538 0 0 1 "Stealing"
0 141 84 315 208 539 0 0 1 "Stealing"
0 141 84 315 208 540 0 0 1 "Stealing"
0 142 84 315 208 541 0 0 1 "Stealing"
0 142 84 315 208 542 0 0 1 "Stealing"
0 143 85 315 208 543 0 0 1 "Stealing"
0 143 85 316 208 544 0 0 1 "Stealing"
0 144 85 316 208 545 0 0 1 "Stealing"
0 144 86 316 208 546 0 0 1 "Stealing"
0 145 86 316 208 547 0 0 1 "Stealing"
0 145 86 316 208 548 0 0 1 "Stealing"
0 146 87 317 208 549 0 0 0 "Stealing"
0 146 87 316 208 550 0 0 1 "Stealing"
0 146 87 316 208 551 0 0 1 "Stealing"
0 146 87 316 208 552 0 0 1 "Stealing"
0 146 87 316 208 553 0 0 1 "Stealing"
0 146 87 316 208 554 0 0 1 "Stealing"
0 146 87 316 208 555 0 0 1 "Stealing"
0 146 87 316 208 556 0 0 1 "Stealing"
0 146 87 316 208 557 0 0 1 "Stealing"
0 146 87 316 208 558 0 0 1 "Stealing"
0 146 87 316 208 559 0 0 1 "Stealing"
0 146 87 316 208 560 0 0 1 "Stealing"
0 146 88 316 208 561 0 0 1 "Stealing"
0 146 88 316 208 562 0 0 1 "Stealing"
0 146 88 316 208 563 0 0 1 "Stealing"
0 146 88 316 208 564 0 0 1 "Stealing"
0 146 88 316 208 565 0 0 1 "Stealing"
0 146 88 316 208 566 0 0 1 "Stealing"
0 146 88 316 208 567 0 0 1 "Stealing"
0 146 88 316 208 568 0 0 1 "Stealing"
0 146 88 316 208 569 0 0 1 "Stealing"
0 146 88 316 208 570 0 0 1 "Stealing"
0 146 88 316 208 571 0 0 1 "Stealing"
0 146 88 316 208 572 0 0 1 "Stealing"
0 146 89 316 208 573 0 0 1 "Stealing"
0 146 89 316 208 574 0 0 1 "Stealing"
0 146 89 316 208 575 0 0 1 "Stealing"
0 146 89 316 208 576 0 0 1 "Stealing"
0 146 89 316 208 577 0 0 1 "Stealing"
0 146 89 316 208 578 0 0 1 "Stealing"
0 146 89 316 208 579 0 0 1 "Stealing"
0 146 89 316 208 580 0 0 1 "Stealing"
0 146 89 316 208 581 0 0 1 "Stealing"
0 146 89 316 208 582 0 0 1 "Stealing"
0 146 89 316 208 583 0 0 1 "Stealing"
0 146 90 316 208 584 0 0 1 "Stealing"
0 146 90 316 208 585 0 0 1 "Stealing"
0 146 90 316 208 586 0 0 1 "Stealing"
0 146 90 316 208 587 0 0 1 "Stealing"
0 146 90 316 208 588 0 0 1 "Stealing"
0 146 90 316 208 589 0 0 1 "Stealing"
0 146 90 316 208 590 0 0 1 "Stealing"
0 146 90 316 208 591 0 0 1 "Stealing"
0 146 90 316 208 592 0 0 1 "Stealing"
0 146 90 316 208 593 0 0 1 "Stealing"
0 146 90 316 208 594 0 0 1 "Stealing"
0 146 90 316 208 595 0 0 1 "Stealing"
0 146 91 316 208 596 0 0 1 "Stealing"
0 146 91 316 208 597 0 0 1 "Stealing"
0 146 91 316 208 598 0 0 1 "Stealing"
0 146 91 316 208 599 0 0 1 "Stealing"
0 146 91 316 208 600 0 0 1 "Stealing"
0 146 91 316 208 601 0 0 1 "Stealing"
0 146 91 316 208 602 0 0 1 "Stealing"
0 146 91 316 208 603 0 0 1 "Stealing"
0 146 91 316 208 604 0 0 1 "Stealing"
0 146 91 316 208 605 0 0 1 "Stealing"
0 146 91 316 208 606 0 0 1 "Stealing"
0 146 92 316 208 607 0 0 1 "Stealing"
0 146 92 316 208 608 0 0 1 "Stealing"
0 146 92 316 208 609 0 0 1 "Stealing"
0 146 92 316 208 610 0 0 1 "Stealing"
0 146 92 316 208 611 0 0 1 "Stealing"
0 146 92 316 208 612 0 0 1 "Stealing"
0 146 92 316 208 613 0 0 1 "Stealing"
0 146 92 316 208 614 0 0 1 "Stealing"
0 146 92 316 208 615 0 0 1 "Stealing"
0 146 92 316 208 616 0 0 1 "Stealing"
0 146 92 316 208 617 0 0 1 "Stealing"
0 146 92 316 208 618 0 0 1 "Stealing"
0 146 93 316 208 619 0 0 1 "Stealing"
0 146 93 316 208 620 0 0 1 "Stealing"
0 146 93 316 208 621 0 0 1 "Stealing"
0 146 93 316 208 622 0 0 1 "Stealing"
0 146 93 316 208 623 0 0 1 "Stealing"
0 146 93 316 208 624 0 0 1 "Stealing"
0 146 93 316 208 625 0 0 1 "Stealing"
0 146 93 316 208 626 0 0 1 "Stealing"
0 146 93 316 208 627 0 0 1 "Stealing"
0 146 93 316 208 628 0 0 1 "Stealing"
0 146 93 316 208 629 0 0 1 "Stealing"
0 146 94 316 208 630 0 0 1 "Stealing"
0 146 94 316 208 631 0 0 1 "Stealing"
0 146 94 316 208 632 0 0 1 "Stealing"
0 146 94 316 208 633 0 0 1 "Stealing"
0 146 94 316 208 634 0 0 1 "Stealing"
0 146 94 316 208 635 0 0 1 "Stealing"
0 146 94 316 208 636 0 0 1 "Stealing"
0 146 94 316 208 637 0 0 1 "Stealing"
0 146 94 316 208 638 0 0 1 "Stealing"
0 146 94 316 208 639 0 0 1 "Stealing"
0 146 94 316 208 640 0 0 1 "Stealing"
0 146 94 316 208 641 0 0 1 "Stealing"
0 146 95 316 208 642 0 0 1 "Stealing"
0 146 95 316 208 643 0 0 1 "Stealing"
0 146 95 316 208 644 0 0 1 "Stealing"
0 146 95 316 208 645 0 0 1 "Stealing"
0 146 95 316 208 646 0 0 1 "Stealing"
0 146 95 316 208 647 0 0 1 "Stealing"
0 146 95 316 208 648 0 0 1 "Stealing"
0 146 95 316 208 649 0 0 1 "Stealing"
0 146 95 316 208 650 0 0 1 "Stealing"
0 146 95 316 208 651 0 0 1 "Stealing"
0 146 95 316 208 652 0 0 1 "Stealing"
0 146 96 316 208 653 0 0 0 "Stealing"
0 145 95 315 207 654 0 0 1 "Stealing"
0 145 95 315 207 655 0 0 1 "Stealing"
0 145 95 315 207 656 0 0 1 "Stealing"
0 144 95 314 207 657 0 0 1 "Stealing"
0 144 95 314 207 658 0 0 1 "Stealing"
0 144 95 314 207 659 0 0 1 "Stealing"
0 143 95 313 207 660 0 0 1 "Stealing"
0 143 95 313 207 661 0 0 1 "Stealing"
0 143 94 313 206 662 0 0 1 "Stealing"
0 142 94 312 206 663 0 0 1 "Stealing"
0 142 94 312 206 664 0 0 1 "Stealing"
0 142 94 312 206 665 0 0 1 "Stealing"
0 142 94 312 206 666 0 0 1 "Stealing"
0 141 94 311 206 667 0 0 1 "Stealing"
0 141 94 311 206 668 0 0 1 "Stealing"
0 141 94 311 206 669 0 0 1 "Stealing"
0 140 94 310 206 670 0 0 1 "Stealing"
0 140 93 310 205 671 0 0 1 "Stealing"
0 140 93 310 205 672 0 0 1 "Stealing"
0 139 93 309 205 673 0 0 1 "Stealing"
0 139 93 309 205 674 0 0 1 "Stealing"
0 139 93 309 205 675 0 0 1 "Stealing"
0 138 93 308 205 676 0 0 1 "Stealing"
0 138 93 308 205 677 0 0 1 "Stealing"
0 138 93 308 205 678 0 0 1 "Stealing"
0 138 93 308 205 679 0 0 0 "Stealing"
0 137 92 307 205 680 0 0 1 "Stealing"
0 137 92 307 205 681 0 0 1 "Stealing"
0 137 92 306 205 682 0 0 1 "Stealing"
0 136 92 306 205 683 0 0 1 "Stealing"
0 136 92 306 205 684 0 0 1 "Stealing"
0 136 91 305 206 685 0 0 1 "Stealing"
0 135 91 305 206 686 0 0 1 "Stealing"
0 135 91 305 206 687 0 0 1 "Stealing"
0 135 91 304 206 688 0 0 1 "Stealing"
0 134 91 304 206 689 0 0 1 "Stealing"
0 134 90 303 207 690 0 0 1 "Stealing"
0 134 90 303 207 691 0 0 1 "Stealing"
0 133 90 303 207 692 0 0 1 "Stealing"
0 133 90 302 207 693 0 0 1 "Stealing"
0 133 90 302 207 694 0 0 1 "Stealing"
0 133 90 302 208 695 0 0 0 "Stealing"
0 130 88 296 207 696 0 0 1 "Stealing"
0 127 86 291 207 697 0 0 1 "Stealing"
0 125 84 286 207 698 0 0 1 "Stealing"
0 122 82 280 207 699 0 0 1 "Stealing"
0 119 80 275 207 700 0 0 1 "Stealing"
0 117 79 270 207 701 1 0 0 "Stealing"
0 117 78 269 206 702 1 0 1 "Stealing"
0 117 78 269 206 703 1 0 1 "Stealing"
0 117 78 269 205 704 1 0 1 "Stealing"
0 117 78 269 205 705 1 0 0 "Stealing"
0 116 77 265 203 706 1 0 1 "Stealing"
0 116 76 261 201 707 1 0 1 "Stealing"
0 115 76 258 200 708 1 0 1 "Stealing"
0 115 75 254 198 709 1 0 1 "Stealing"
0 114 75 251 196 710 1 0 1 "Stealing"
0 114 74 247 195 711 1 0 1 "Stealing"
0 113 74 244 193 712 1 0 1 "Stealing"
0 113 73 240 191 713 1 0 1 "Stealing"
0 112 73 237 190 714 1 0 1 "Stealing"
0 112 72 233 188 715 1 0 1 "Stealing"
0 112 72 230 187 716 1 0 0 "Stealing"
0 112 72 230 187 717 1 0 1 "Stealing"
0 112 72 230 187 718 1 0 1 "Stealing"
0 112 72 230 187 719 1 0 1 "Stealing"
0 112 72 230 187 720 1 0 1 "Stealing"
0 112 72 230 187 721 1 0 1 "Stealing"
0 112 72 230 187 722 1 0 1 "Stealing"
0 112 72 230 187 723 1 0 1 "Stealing"
0 112 72 230 187 724 1 0 1 "Stealing"
0 112 72 230 187 725 1 0 1 "Stealing"
0 112 72 230 187 726 1 0 1 "Stealing"
0 112 72 230 187 727 1 0 1 "Stealing"
0 112 72 230 187 728 1 0 1 "Stealing"
0 112 72 230 187 729 1 0 1 "Stealing"
0 112 72 230 187 730 1 0 1 "Stealing"
0 112 72 230 187 731 1 0 1 "Stealing"
0 112 72 230 187 732 1 0 1 "Stealing"
0 112 72 230 187 733 1 0 1 "Stealing"
0 112 72 230 187 734 1 0 1 "Stealing"
0 112 72 230 187 735 1 0 1 "Stealing"
0 112 72 230 187 736 1 0 1 "Stealing"
0 112 72 230 187 737 1 0 1 "Stealing"
0 112 72 230 187 738 1 0 1 "Stealing"
0 112 72 230 187 739 1 0 1 "Stealing"
0 112 72 230 187 740 1 0 1 "Stealing"
0 112 72 230 187 741 1 0 1 "Stealing"
0 112 72 230 187 742 1 0 1 "Stealing"
0 112 72 230 187 743 1 0 1 "Stealing"
0 112 72 230 187 744 1 0 1 "Stealing"
0 112 72 230 187 745 1 0 1 "Stealing"
0 112 72 230 187 746 1 0 1 "Stealing"
0 112 72 230 187 747 1 0 1 "Stealing"
0 112 72 230 187 748 1 0 1 "Stealing"
0 112 72 230 187 749 1 0 1 "Stealing"
0 112 72 230 187 750 1 0 1 "Stealing"
0 112 72 230 187 751 1 0 1 "Stealing"
0 112 72 230 187 752 1 0 1 "Stealing"
0 112 72 230 187 753 1 0 1 "Stealing"
0 112 72 230 187 754 1 0 1 "Stealing"
0 112 72 230 187 755 1 0 1 "Stealing"
0 112 72 230 187 756 1 0 1 "Stealing"
0 112 72 230 187 757 1 0 1 "Stealing"
0 112 72 230 187 758 1 0 1 "Stealing"
0 112 72 230 187 759 1 0 1 "Stealing"
0 112 72 230 187 760 1 0 1 "Stealing"
0 112 72 230 187 761 1 0 1 "Stealing"
0 112 72 230 187 762 1 0 1 "Stealing"
0 112 72 230 187 763 1 0 1 "Stealing"
0 112 72 230 187 764 1 0 1 "Stealing"
0 112 72 230 187 765 1 0 1 "Stealing"
0 112 72 230 187 766 1 0 1 "Stealing"
0 112 72 230 187 767 1 0 1 "Stealing"
0 112 72 230 187 768 1 0 1 "Stealing"
0 112 72 230 187 769 1 0 1 "Stealing"
0 112 72 230 187 770 1 0 1 "Stealing"
0 112 72 230 187 771 1 0 1 "Stealing"
0 112 72 230 187 772 1 0 1 "Stealing"
0 112 72 230 187 773 1 0 1 "Stealing"
0 112 72 230 187 774 1 0 1 "Stealing"
0 112 72 230 187 775 1 0 1 "Stealing"
0 112 72 230 187 776 1 0 1 "Stealing"
0 112 72 230 187 777 1 0 1 "Stealing"
0 112 72 230 187 778 1 0 1 "Stealing"
0 112 72 230 187 779 1 0 1 "Stealing"
0 112 72 230 187 780 1 0 1 "Stealing"
0 112 72 230 187 781 1 0 1 "Stealing"
0 112 72 230 187 782 1 0 1 "Stealing"
0 112 72 230 187 783 1 0 1 "Stealing"
0 112 72 230 187 784 1 0 1 "Stealing"
0 112 72 230 187 785 1 0 1 "Stealing"
0 112 72 230 187 786 1 0 1 "Stealing"
0 112 72 230 187 787 1 0 1 "Stealing"
0 112 72 230 187 788 1 0 1 "Stealing"
0 112 72 230 187 789 1 0 1 "Stealing"
0 112 72 230 187 790 1 0 1 "Stealing"
0 112 72 230 187 791 1 0 1 "Stealing"
0 112 72 230 187 792 1 0 1 "Stealing"
0 112 72 230 187 793 1 0 1 "Stealing"
0 112 72 230 187 794 1 0 1 "Stealing"
0 112 72 230 187 795 1 0 1 "Stealing"
0 112 72 230 187 796 1 0 1 "Stealing"
0 112 72 230 187 797 1 0 1 "Stealing"
0 112 72 230 187 798 1 0 1 "Stealing"
0 112 72 230 187 799 1 0 1 "Stealing"
0 112 72 230 187 800 1 0 1 "Stealing"
0 112 72 230 187 801 1 0 1 "Stealing"
0 112 72 230 187 802 1 0 1 "Stealing"
0 112 72 230 187 803 1 0 1 "Stealing"
0 112 72 230 187 804 1 0 1 "Stealing"
0 112 72 230 187 805 1 0 1 "Stealing"
0 112 72 230 187 806 1 0 1 "Stealing"
0 112 72 230 187 807 1 0 1 "Stealing"
0 112 72 230 187 808 1 0 1 "Stealing"
0 112 72 230 187 809 1 0 1 "Stealing"
0 112 72 230 187 810 1 0 1 "Stealing"
0 112 72 230 187 811 1 0 1 "Stealing"
0 112 72 230 187 812 1 0 1 "Stealing"
0 112 72 230 187 813 1 0 1 "Stealing"
0 112 72 230 187 814 1 0 1 "Stealing"
0 112 72 230 187 815 1 0 1 "Stealing"
0 112 72 230 187 816 1 0 1 "Stealing"
0 112 72 230 187 817 1 0 1 "Stealing"
0 112 72 230 187 818 1 0 1 "Stealing"
0 112 72 230 187 819 1 0 1 "Stealing"
0 112 72 230 187 820 1 0 1 "Stealing"
0 112 72 230 187 821 1 0 1 "Stealing"
0 112 72 230 187 822 1 0 1 "Stealing"
0 112 72 230 187 823 1 0 1 "Stealing"
0 112 72 230 187 824 1 0 1 "Stealing"
0 112 72 230 187 825 1 0 1 "Stealing"
0 112 72 230 187 826 1 0 1 "Stealing"
0 112 72 230 187 827 1 0 1 "Stealing"
0 112 72 230 187 828 1 0 1 "Stealing"
0 112 72 230 187 829 1 0 1 "Stealing"
0 112 72 230 187 830 1 0 1 "Stealing"
0 112 72 230 187 831 1 0 1 "Stealing"
0 112 72 230 187 832 1 0 1 "Stealing"
0 112 72 230 187 833 1 0 1 "Stealing"
0 112 72 230 187 834 1 0 1 "Stealing"
0 112 72 230 187 835 1 0 1 "Stealing"
0 112 72 230 187 836 1 0 1 "Stealing"
0 112 72 230 187 837 1 0 1 "Stealing"
0 112 72 230 187 838 1 0 1 "Stealing"
0 112 72 230 187 839 1 0 1 "Stealing"
0 112 72 230 187 840 1 0 1 "Stealing"
0 112 72 230 187 841 1 0 1 "Stealing"
0 112 72 230 187 842 1 0 1 "Stealing"
0 112 72 230 187 843 1 0 1 "Stealing"
0 112 72 230 187 844 1 0 1 "Stealing"
0 112 72 230 187 845 1 0 0 "Stealing"
