0 183 82 268 207 0 1 0 0 "Stealing"
0 183 82 268 207 1 1 0 1 "Stealing"
0 183 82 268 207 2 1 0 1 "Stealing"
0 183 82 268 207 3 1 0 1 "Stealing"
0 183 82 268 207 4 1 0 1 "Stealing"
0 183 82 268 207 5 1 0 1 "Stealing"
0 183 82 268 207 6 1 0 1 "Stealing"
0 183 82 268 207 7 1 0 1 "Stealing"
0 183 82 268 207 8 1 0 1 "Stealing"
0 183 82 268 207 9 1 0 1 "Stealing"
0 183 82 268 207 10 1 0 1 "Stealing"
0 183 82 268 207 11 1 0 1 "Stealing"
0 183 82 268 207 12 1 0 1 "Stealing"
0 183 82 268 207 13 1 0 1 "Stealing"
0 183 82 268 207 14 1 0 1 "Stealing"
0 183 82 268 207 15 1 0 1 "Stealing"
0 183 82 268 207 16 1 0 1 "Stealing"
0 183 82 268 207 17 1 0 1 "Stealing"
0 183 82 268 207 18 1 0 1 "Stealing"
0 183 82 268 207 19 1 0 1 "Stealing"
0 183 82 268 207 20 1 0 1 "Stealing"
0 183 82 268 207 21 1 0 1 "Stealing"
0 183 82 268 207 22 1 0 1 "Stealing"
0 183 82 268 207 23 1 0 1 "Stealing"
0 183 82 268 207 24 1 0 1 "Stealing"
0 183 82 268 207 25 1 0 1 "Stealing"
0 183 82 268 207 26 1 0 1 "Stealing"
0 183 82 268 207 27 1 0 1 "Stealing"
0 183 82 268 207 28 1 0 1 "Stealing"
0 183 82 268 207 29 1 0 1 "Stealing"
0 183 82 268 207 30 1 0 1 "Stealing"
0 183 82 268 207 31 1 0 1 "Stealing"
0 183 82 268 207 32 1 0 1 "Stealing"
0 183 82 268 207 33 1 0 1 "Stealing"
0 183 82 268 207 34 1 0 1 "Stealing"
0 183 82 268 207 35 1 0 1 "Stealing"
0 183 82 268 207 36 1 0 1 "Stealing"
0 183 82 268 207 37 1 0 1 "Stealing"
0 183 82 268 207 38 1 0 1 "Stealing"
0 183 82 268 207 39 1 0 1 "Stealing"
0 183 82 268 207 40 1 0 1 "Stealing"
0 183 82 268 207 41 1 0 1 "Stealing"
0 183 82 268 207 42 1 0 1 "Stealing"
0 183 82 268 207 43 1 0 1 "Stealing"
0 183 82 268 207 44 1 0 1 "Stealing"
0 183 82 268 207 45 1 0 1 "Stealing"
0 183 82 268 207 46 1 0 1 "Stealing"
0 183 82 268 207 47 1 0 1 "Stealing"
0 183 82 268 207 48 1 0 1 "Stealing"
0 183 82 268 207 49 1 0 1 "Stealing"
0 183 82 268 207 50 1 0 1 "Stealing"
0 183 82 268 207 51 1 0 1 "Stealing"
0 183 82 268 207 52 1 0 1 "Stealing"
0 183 82 268 207 53 1 0 1 "Stealing"
0 183 82 268 207 54 1 0 1 "Stealing"
0 183 82 268 207 55 1 0 1 "Stealing"
0 183 82 268 207 56 1 0 1 "Stealing"
0 183 82 268 207 57 1 0 1 "Stealing"
0 183 82 268 207 58 1 0 1 "Stealing"
0 183 82 268 207 59 1 0 1 "Stealing"
0 183 82 268 207 60 1 0 1 "Stealing"
0 183 82 268 207 61 1 0 1 "Stealing"
0 183 82 268 207 62 1 0 1 "Stealing"
0 183 82 268 207 63 1 0 1 "Stealing"
0 183 82 268 207 64 1 0 1 "Stealing"
0 183 82 268 207 65 1 0 1 "Stealing"
0 183 82 268 207 66 1 0 1 "Stealing"
0 183 82 268 207 67 1 0 1 "Stealing"
0 183 82 268 207 68 1 0 1 "Stealing"
0 183 82 268 207 69 1 0 1 "Stealing"
0 183 82 268 207 70 1 0 1 "Stealing"
0 183 82 268 207 71 1 0 1 "Stealing"
0 183 82 268 207 72 1 0 1 "Stealing"
0 183 82 268 207 73 1 0 1 "Stealing"
0 183 82 268 207 74 1 0 1 "Stealing"
0 183 82 268 207 75 1 0 1 "Stealing"
0 183 82 268 207 76 1 0 1 "Stealing"
0 183 82 268 207 77 1 0 1 "Stealing"
0 183 82 268 207 78 1 0 1 "Stealing"
0 183 82 268 207 79 1 0 1 "Stealing"
0 183 82 268 207 80 1 0 1 "Stealing"
0 183 82 268 207 81 1 0 1 "Stealing"
0 183 82 268 207 82 1 0 1 "Stealing"
0 183 82 268 207 83 1 0 1 "Stealing"
0 183 82 268 207 84 1 0 1 "Stealing"
0 183 82 268 207 85 1 0 1 "Stealing"
0 183 82 268 207 86 1 0 1 "Stealing"
0 183 82 268 207 87 1 0 1 "Stealing"
0 183 82 268 207 88 1 0 1 "Stealing"
0 183 82 268 207 89 1 0 1 "Stealing"
0 183 82 268 207 90 1 0 1 "Stealing"
0 183 82 268 207 91 1 0 1 "Stealing"
0 183 82 268 207 92 1 0 1 "Stealing"
0 183 82 268 207 93 1 0 1 "Stealing"
0 183 82 268 207 94 1 0 1 "Stealing"
0 183 82 268 207 95 1 0 1 "Stealing"
0 183 82 268 207 96 1 0 1 "Stealing"
0 183 82 268 207 97 1 0 1 "Stealing"
0 183 82 268 207 98 1 0 1 "Stealing"
0 183 82 268 207 99 1 0 1 "Stealing"
0 183 82 268 207 100 1 0 1 "Stealing"
0 183 82 268 207 101 1 0 1 "Stealing"
0 183 82 268 207 102 1 0 1 "Stealing"
0 183 82 268 207 103 1 0 1 "Stealing"
0 183 82 268 207 104 1 0 1 "Stealing"
0 183 82 268 207 105 1 0 1 "Stealing"
0 183 82 268 207 106 1 0 1 "Stealing"
0 183 82 268 207 107 1 0 1 "Stealing"
0 183 82 268 207 108 1 0 1 "Stealing"
0 183 82 268 207 109 1 0 1 "Stealing"
0 183 82 268 207 110 1 0 1 "Stealing"
0 183 82 268 207 111 1 0 1 "Stealing"
0 183 82 268 207 112 1 0 1 "Stealing"
0 183 82 268 207 113 1 0 1 "Stealing"
0 183 82 268 207 114 1 0 1 "Stealing"
0 183 82 268 207 115 1 0 1 "Stealing"
0 183 82 268 207 116 1 0 1 "Stealing"
0 183 82 268 207 117 1 0 1 "Stealing"
0 183 82 268 207 118 1 0 1 "Stealing"
0 183 82 268 207 119 1 0 1 "Stealing"
0 183 82 268 207 120 1 0 1 "Stealing"
0 183 82 268 207 121 1 0 1 "Stealing"
0 183 82 268 207 122 1 0 1 "Stealing"
0 183 82 268 207 123 1 0 1 "Stealing"
0 183 82 268 207 124 1 0 1 "Stealing"
0 183 82 268 207 125 1 0 1 "Stealing"
0 183 82 268 207 126 1 0 1 "Stealing"
0 183 82 268 207 127 1 0 1 "Stealing"
0 183 82 268 207 128 1 0 1 "Stealing"
0 183 82 268 207 129 1 0 1 "Stealing"
0 183 82 268 207 130 1 0 1 "Stealing"
0 183 82 268 207 131 1 0 1 "Stealing"
0 183 82 268 207 132 1 0 1 "Stealing"
0 183 82 268 207 133 1 0 1 "Stealing"
0 183 82 268 207 134 1 0 1 "Stealing"
0 183 82 268 207 135 1 0 1 "Stealing"
0 183 82 268 207 136 1 0 1 "Stealing"
0 183 82 268 207 137 1 0 1 "Stealing"
0 183 82 268 207 138 1 0 1 "Stealing"
0 183 82 268 207 139 1 0 1 "Stealing"
0 183 82 268 207 140 1 0 1 "Stealing"
0 183 82 268 207 141 1 0 1 "Stealing"
0 183 82 268 207 142 1 0 1 "Stealing"
0 183 82 268 207 143 1 0 1 "Stealing"
0 183 82 268 207 144 1 0 1 "Stealing"
0 183 82 268 207 145 1 0 1 "Stealing"
0 183 82 268 207 146 1 0 1 "Stealing"
0 183 82 268 207 147 1 0 1 "Stealing"
0 183 82 268 207 148 1 0 1 "Stealing"
0 183 82 268 207 149 1 0 1 "Stealing"
0 183 82 268 207 150 1 0 1 "Stealing"
0 183 82 268 207 151 1 0 1 "Stealing"
0 183 82 268 207 152 1 0 1 "Stealing"
0 183 82 268 207 153 1 0 1 "Stealing"
0 183 82 268 207 154 1 0 1 "Stealing"
0 183 82 268 207 155 1 0 1 "Stealing"
0 183 82 268 207 156 1 0 1 "Stealing"
0 183 82 268 207 157 1 0 1 "Stealing"
0 183 82 268 207 158 1 0 1 "Stealing"
0 183 82 268 207 159 1 0 1 "Stealing"
0 183 82 268 207 160 1 0 1 "Stealing"
0 183 82 268 207 161 1 0 1 "Stealing"
0 183 82 268 207 162 1 0 1 "Stealing"
0 183 82 268 207 163 1 0 1 "Stealing"
0 183 82 268 207 164 1 0 1 "Stealing"
0 183 82 268 207 165 1 0 1 "Stealing"
0 183 82 268 207 166 1 0 1 "Stealing"
0 183 82 268 207 167 1 0 1 "Stealing"
0 183 82 268 207 168 1 0 1 "Stealing"
0 183 82 268 207 169 1 0 1 "Stealing"
0 183 82 268 207 170 1 0 1 "Stealing"
0 183 82 268 207 171 1 0 1 "Stealing"
0 183 82 268 207 172 1 0 1 "Stealing"
0 183 82 268 207 173 1 0 1 "Stealing"
0 183 82 268 207 174 1 0 1 "Stealing"
0 183 82 268 207 175 1 0 1 "Stealing"
0 183 82 268 207 176 1 0 1 "Stealing"
0 183 82 268 207 177 1 0 1 "Stealing"
0 183 82 268 207 178 1 0 1 "Stealing"
0 183 82 268 207 179 1 0 1 "Stealing"
0 183 82 268 207 180 1 0 1 "Stealing"
0 183 82 268 207 181 1 0 1 "Stealing"
0 183 82 268 207 182 1 0 1 "Stealing"
0 183 82 268 207 183 1 0 1 "Stealing"
0 183 82 268 207 184 1 0 1 "Stealing"
0 183 82 268 207 185 1 0 1 "Stealing"
0 183 82 268 207 186 1 0 1 "Stealing"
0 183 82 268 207 187 1 0 1 "Stealing"
0 183 82 268 207 188 1 0 1 "Stealing"
0 183 82 268 207 189 1 0 1 "Stealing"
0 183 82 268 207 190 1 0 1 "Stealing"
0 183 82 268 207 191 1 0 1 "Stealing"
0 183 82 268 207 192 1 0 1 "Stealing"
0 183 82 268 207 193 1 0 1 "Stealing"
0 183 82 268 207 194 1 0 1 "Stealing"
0 183 82 268 207 195 1 0 1 "Stealing"
0 183 82 268 207 196 1 0 1 "Stealing"
0 183 82 268 207 197 1 0 1 "Stealing"
0 183 82 268 207 198 1 0 1 "Stealing"
0 183 82 268 207 199 1 0 1 "Stealing"
0 183 82 268 207 200 1 0 1 "Stealing"
0 183 82 268 207 201 1 0 1 "Stealing"
0 183 82 268 207 202 1 0 1 "Stealing"
0 183 82 268 207 203 1 0 1 "Stealing"
0 183 82 268 207 204 1 0 1 "Stealing"
0 183 82 268 207 205 1 0 1 "Stealing"
0 183 82 268 207 206 1 0 1 "Stealing"
0 183 82 268 207 207 1 0 1 "Stealing"
0 183 82 268 207 208 1 0 1 "Stealing"
0 183 82 268 207 209 1 0 1 "Stealing"
0 183 82 268 207 210 1 0 1 "Stealing"
0 183 82 268 207 211 1 0 1 "Stealing"
0 183 82 268 207 212 1 0 1 "Stealing"
0 183 82 268 207 213 1 0 1 "Stealing"
0 183 82 268 207 214 1 0 1 "Stealing"
0 183 82 268 207 215 1 0 1 "Stealing"
0 183 82 268 207 216 1 0 1 "Stealing"
0 183 82 268 207 217 1 0 1 "Stealing"
0 183 82 268 207 218 1 0 1 "Stealing"
0 183 82 268 207 219 1 0 1 "Stealing"
0 183 82 268 207 220 1 0 1 "Stealing"
0 183 82 268 207 221 1 0 1 "Stealing"
0 183 82 268 207 222 1 0 1 "Stealing"
0 183 82 268 207 223 1 0 1 "Stealing"
0 183 82 268 207 224 1 0 1 "Stealing"
0 183 82 268 207 225 1 0 1 "Stealing"
0 183 82 268 207 226 1 0 1 "Stealing"
0 183 82 268 207 227 1 0 1 "Stealing"
0 183 82 268 207 228 1 0 1 "Stealing"
0 183 82 268 207 229 1 0 1 "Stealing"
0 183 82 268 207 230 1 0 1 "Stealing"
0 183 82 268 207 231 1 0 1 "Stealing"
0 183 82 268 207 232 1 0 1 "Stealing"
0 183 82 268 207 233 1 0 1 "Stealing"
0 183 82 268 207 234 1 0 1 "Stealing"
0 183 82 268 207 235 1 0 1 "Stealing"
0 183 82 268 207 236 1 0 1 "Stealing"
0 183 82 268 207 237 1 0 1 "Stealing"
0 183 82 268 207 238 1 0 1 "Stealing"
0 183 82 268 207 239 1 0 1 "Stealing"
0 183 82 268 207 240 1 0 1 "Stealing"
0 183 82 268 207 241 1 0 1 "Stealing"
0 183 82 268 207 242 1 0 1 "Stealing"
0 183 82 268 207 243 1 0 1 "Stealing"
0 183 82 268 207 244 1 0 1 "Stealing"
0 183 82 268 207 245 1 0 1 "Stealing"
0 183 82 268 207 246 1 0 1 "Stealing"
0 183 82 268 207 247 1 0 1 "Stealing"
0 183 82 268 207 248 1 0 1 "Stealing"
0 183 82 268 207 249 1 0 1 "Stealing"
0 183 82 268 207 250 1 0 1 "Stealing"
0 183 82 268 207 251 1 0 1 "Stealing"
0 183 82 268 207 252 1 0 1 "Stealing"
0 183 82 268 207 253 1 0 1 "Stealing"
0 183 82 268 207 254 1 0 1 "Stealing"
0 183 82 268 207 255 1 0 1 "Stealing"
0 183 82 268 207 256 1 0 1 "Stealing"
0 183 82 268 207 257 1 0 1 "Stealing"
0 183 82 268 207 258 1 0 1 "Stealing"
0 183 82 268 207 259 1 0 1 "Stealing"
0 183 82 268 207 260 1 0 1 "Stealing"
0 183 82 268 207 261 1 0 1 "Stealing"
0 183 82 268 207 262 1 0 1 "Stealing"
0 183 82 268 207 263 1 0 1 "Stealing"
0 183 82 268 207 264 1 0 1 "Stealing"
0 183 82 268 207 265 1 0 1 "Stealing"
0 183 82 268 207 266 1 0 1 "Stealing"
0 183 82 268 207 267 1 0 1 "Stealing"
0 183 82 268 207 268 1 0 1 "Stealing"
0 183 82 268 207 269 1 0 1 "Stealing"
0 183 82 268 207 270 1 0 1 "Stealing"
0 183 82 268 207 271 1 0 1 "Stealing"
0 183 82 268 207 272 1 0 1 "Stealing"
0 183 82 268 207 273 1 0 1 "Stealing"
0 183 82 268 207 274 1 0 1 "Stealing"
0 183 82 268 207 275 1 0 1 "Stealing"
0 183 82 268 207 276 1 0 1 "Stealing"
0 183 82 268 207 277 1 0 1 "Stealing"
0 183 82 268 207 278 1 0 1 "Stealing"
0 183 82 268 207 279 1 0 1 "Stealing"
0 183 82 268 207 280 1 0 1 "Stealing"
0 183 82 268 207 281 1 0 1 "Stealing"
0 183 82 268 207 282 1 0 1 "Stealing"
0 183 82 268 207 283 1 0 1 "Stealing"
0 183 82 268 207 284 1 0 1 "Stealing"
0 183 82 268 207 285 1 0 1 "Stealing"
0 183 82 268 207 286 1 0 1 "Stealing"
0 183 82 268 207 287 1 0 1 "Stealing"
0 183 82 268 207 288 1 0 1 "Stealing"
0 183 82 268 207 289 1 0 1 "Stealing"
0 183 82 268 207 290 1 0 1 "Stealing"
0 183 82 268 207 291 1 0 1 "Stealing"
0 183 82 268 207 292 1 0 1 "Stealing"
0 183 82 268 207 293 1 0 1 "Stealing"
0 183 82 268 207 294 1 0 1 "Stealing"
0 183 82 268 207 295 1 0 1 "Stealing"
0 183 82 268 207 296 1 0 1 "Stealing"
0 183 82 268 207 297 1 0 1 "Stealing"
0 183 82 268 207 298 1 0 1 "Stealing"
0 183 82 268 207 299 1 0 1 "Stealing"
0 183 82 268 207 300 1 0 1 "Stealing"
0 183 82 268 207 301 1 0 1 "Stealing"
0 183 82 268 207 302 1 0 1 "Stealing"
0 183 82 268 207 303 1 0 1 "Stealing"
0 183 82 268 207 304 1 0 1 "Stealing"
0 183 82 268 207 305 1 0 1 "Stealing"
0 183 82 268 207 306 1 0 1 "Stealing"
0 183 82 268 207 307 1 0 1 "Stealing"
0 183 82 268 207 308 1 0 1 "Stealing"
0 183 82 268 207 309 1 0 1 "Stealing"
0 183 82 268 207 310 1 0 1 "Stealing"
0 183 82 268 207 311 1 0 1 "Stealing"
0 183 82 268 207 312 1 0 1 "Stealing"
0 183 82 268 207 313 1 0 1 "Stealing"
0 183 82 268 207 314 1 0 1 "Stealing"
0 183 82 268 207 315 1 0 1 "Stealing"
0 183 82 268 207 316 1 0 1 "Stealing"
0 183 82 268 207 317 1 0 1 "Stealing"
0 183 82 268 207 318 1 0 1 "Stealing"
0 183 82 268 207 319 1 0 1 "Stealing"
0 183 82 268 207 320 1 0 1 "Stealing"
0 183 82 268 207 321 1 0 1 "Stealing"
0 183 82 268 207 322 1 0 1 "Stealing"
0 183 82 268 207 323 1 0 1 "Stealing"
0 183 82 268 207 324 1 0 1 "Stealing"
0 183 82 268 207 325 1 0 1 "Stealing"
0 183 82 268 207 326 1 0 1 "Stealing"
0 183 82 268 207 327 1 0 1 "Stealing"
0 183 82 268 207 328 1 0 1 "Stealing"
0 183 82 268 207 329 1 0 1 "Stealing"
0 183 82 268 207 330 1 0 1 "Stealing"
0 183 82 268 207 331 1 0 1 "Stealing"
0 183 82 268 207 332 1 0 1 "Stealing"
0 183 82 268 207 333 1 0 1 "Stealing"
0 183 82 268 207 334 1 0 1 "Stealing"
0 183 82 268 207 335 1 0 1 "Stealing"
0 183 82 268 207 336 1 0 1 "Stealing"
0 183 82 268 207 337 1 0 1 "Stealing"
0 183 82 268 207 338 1 0 1 "Stealing"
0 183 82 268 207 339 1 0 1 "Stealing"
0 183 82 268 207 340 1 0 1 "Stealing"
0 183 82 268 207 341 1 0 1 "Stealing"
0 183 82 268 207 342 1 0 1 "Stealing"
0 183 82 268 207 343 1 0 1 "Stealing"
0 183 82 268 207 344 1 0 1 "Stealing"
0 183 82 268 207 345 1 0 1 "Stealing"
0 183 82 268 207 346 1 0 1 "Stealing"
0 183 82 268 207 347 1 0 1 "Stealing"
0 183 82 268 207 348 1 0 1 "Stealing"
0 183 82 268 207 349 1 0 1 "Stealing"
0 183 82 268 207 350 1 0 1 "Stealing"
0 183 82 268 207 351 1 0 1 "Stealing"
0 183 82 268 207 352 1 0 1 "Stealing"
0 183 82 268 207 353 1 0 1 "Stealing"
0 183 82 268 207 354 1 0 1 "Stealing"
0 183 82 268 207 355 1 0 1 "Stealing"
0 183 82 268 207 356 1 0 1 "Stealing"
0 183 82 268 207 357 1 0 1 "Stealing"
0 183 82 268 207 358 1 0 1 "Stealing"
0 183 82 268 207 359 1 0 1 "Stealing"
0 183 82 268 207 360 1 0 1 "Stealing"
0 183 82 268 207 361 1 0 1 "Stealing"
0 183 82 268 207 362 1 0 1 "Stealing"
0 183 82 268 207 363 1 0 1 "Stealing"
0 183 82 268 207 364 1 0 1 "Stealing"
0 183 82 268 207 365 1 0 1 "Stealing"
0 183 82 268 207 366 1 0 1 "Stealing"
0 183 82 268 207 367 1 0 1 "Stealing"
0 183 82 268 207 368 1 0 1 "Stealing"
0 183 82 268 207 369 1 0 1 "Stealing"
0 183 82 268 207 370 1 0 1 "Stealing"
0 183 82 268 207 371 1 0 1 "Stealing"
0 183 82 268 207 372 1 0 1 "Stealing"
0 183 82 268 207 373 1 0 1 "Stealing"
0 183 82 268 207 374 1 0 1 "Stealing"
0 183 82 268 207 375 1 0 1 "Stealing"
0 183 82 268 207 376 1 0 1 "Stealing"
0 183 82 268 207 377 1 0 1 "Stealing"
0 183 82 268 207 378 1 0 1 "Stealing"
0 183 82 268 207 379 1 0 1 "Stealing"
0 183 82 268 207 380 1 0 1 "Stealing"
0 183 82 268 207 381 1 0 1 "Stealing"
0 183 82 268 207 382 1 0 1 "Stealing"
0 183 82 268 207 383 1 0 1 "Stealing"
0 183 82 268 207 384 1 0 1 "Stealing"
0 183 82 268 207 385 1 0 1 "Stealing"
0 183 82 268 207 386 1 0 1 "Stealing"
0 183 82 268 207 387 1 0 1 "Stealing"
0 183 82 268 207 388 1 0 1 "Stealing"
0 183 82 268 207 389 1 0 1 "Stealing"
0 183 82 268 207 390 1 0 1 "Stealing"
0 183 82 268 207 391 1 0 1 "Stealing"
0 183 82 268 207 392 1 0 1 "Stealing"
0 183 82 268 207 393 1 0 1 "Stealing"
0 183 82 268 207 394 1 0 1 "Stealing"
0 183 82 268 207 395 1 0 1 "Stealing"
0 183 82 268 207 396 1 0 1 "Stealing"
0 183 82 268 207 397 1 0 1 "Stealing"
0 183 82 268 207 398 1 0 1 "Stealing"
0 183 82 268 207 399 1 0 1 "Stealing"
0 183 82 268 207 400 1 0 1 "Stealing"
0 183 82 268 207 401 1 0 1 "Stealing"
0 183 82 268 207 402 1 0 1 "Stealing"
0 183 82 268 207 403 1 0 1 "Stealing"
0 183 82 268 207 404 1 0 1 "Stealing"
0 183 82 268 207 405 1 0 1 "Stealing"
0 183 82 268 207 406 1 0 1 "Stealing"
0 183 82 268 207 407 1 0 1 "Stealing"
0 183 82 268 207 408 1 0 1 "Stealing"
0 183 82 268 207 409 1 0 1 "Stealing"
0 183 82 268 207 410 1 0 1 "Stealing"
0 183 82 268 207 411 1 0 1 "Stealing"
0 183 82 268 207 412 1 0 1 "Stealing"
0 183 82 268 207 413 1 0 1 "Stealing"
0 183 82 268 207 414 1 0 1 "Stealing"
0 183 82 268 207 415 1 0 1 "Stealing"
0 183 82 268 207 416 1 0 1 "Stealing"
0 183 82 268 207 417 1 0 1 "Stealing"
0 183 82 268 207 418 1 0 1 "Stealing"
0 183 82 268 207 419 1 0 1 "Stealing"
0 183 82 268 207 420 1 0 1 "Stealing"
0 183 82 268 207 421 1 0 1 "Stealing"
0 183 82 268 207 422 1 0 1 "Stealing"
0 183 82 268 207 423 1 0 1 "Stealing"
0 183 82 268 207 424 1 0 1 "Stealing"
0 183 82 268 207 425 1 0 1 "Stealing"
0 183 82 268 207 426 1 0 1 "Stealing"
0 183 82 268 207 427 1 0 1 "Stealing"
0 183 82 268 207 428 1 0 1 "Stealing"
0 183 82 268 207 429 1 0 1 "Stealing"
0 183 82 268 207 430 1 0 1 "Stealing"
0 183 82 268 207 431 1 0 1 "Stealing"
0 183 82 268 207 432 1 0 1 "Stealing"
0 183 82 268 207 433 1 0 1 "Stealing"
0 183 82 268 207 434 1 0 1 "Stealing"
0 183 82 268 207 435 1 0 1 "Stealing"
0 183 82 268 207 436 1 0 1 "Stealing"
0 183 82 268 207 437 1 0 1 "Stealing"
0 183 82 268 207 438 1 0 1 "Stealing"
0 183 82 268 207 439 1 0 1 "Stealing"
0 183 82 268 207 440 1 0 1 "Stealing"
0 183 82 268 207 441 1 0 1 "Stealing"
0 183 82 268 207 442 1 0 1 "Stealing"
0 183 82 268 207 443 1 0 1 "Stealing"
0 183 82 268 207 444 1 0 1 "Stealing"
0 183 82 268 207 445 1 0 1 "Stealing"
0 183 82 268 207 446 1 0 1 "Stealing"
0 183 82 268 207 447 1 0 1 "Stealing"
0 183 82 268 207 448 1 0 1 "Stealing"
0 183 82 268 207 449 1 0 1 "Stealing"
0 183 82 268 207 450 1 0 1 "Stealing"
0 183 82 268 207 451 1 0 1 "Stealing"
0 183 82 268 207 452 1 0 1 "Stealing"
0 183 82 268 207 453 1 0 1 "Stealing"
0 183 82 268 207 454 1 0 1 "Stealing"
0 183 82 268 207 455 1 0 1 "Stealing"
0 183 82 268 207 456 1 0 1 "Stealing"
0 183 82 268 207 457 1 0 1 "Stealing"
0 183 82 268 207 458 1 0 1 "Stealing"
0 183 82 268 207 459 1 0 1 "Stealing"
0 183 82 268 207 460 1 0 1 "Stealing"
0 183 82 268 207 461 1 0 1 "Stealing"
0 183 82 268 207 462 1 0 1 "Stealing"
0 183 82 268 207 463 1 0 1 "Stealing"
0 183 82 268 207 464 1 0 1 "Stealing"
0 183 82 268 207 465 1 0 1 "Stealing"
0 183 82 268 207 466 1 0 1 "Stealing"
0 183 82 268 207 467 1 0 1 "Stealing"
0 183 82 268 207 468 1 0 1 "Stealing"
0 183 82 268 207 469 1 0 1 "Stealing"
0 183 82 268 207 470 1 0 1 "Stealing"
0 183 82 268 207 471 1 0 1 "Stealing"
0 183 82 268 207 472 1 0 1 "Stealing"
0 183 82 268 207 473 1 0 1 "Stealing"
0 183 82 268 207 474 1 0 1 "Stealing"
0 183 82 268 207 475 1 0 1 "Stealing"
0 183 82 268 207 476 1 0 1 "Stealing"
0 183 82 268 207 477 1 0 1 "Stealing"
0 183 82 268 207 478 1 0 1 "Stealing"
0 183 82 268 207 479 1 0 1 "Stealing"
0 183 82 268 207 480 1 0 1 "Stealing"
0 183 82 268 207 481 1 0 1 "Stealing"
0 183 82 268 207 482 1 0 1 "Stealing"
0 183 82 268 207 483 1 0 1 "Stealing"
0 183 82 268 207 484 1 0 1 "Stealing"
0 183 82 268 207 485 1 0 1 "Stealing"
0 183 82 268 207 486 1 0 1 "Stealing"
0 183 82 268 207 487 1 0 1 "Stealing"
0 183 82 268 207 488 1 0 1 "Stealing"
0 183 82 268 207 489 1 0 1 "Stealing"
0 183 82 268 207 490 1 0 1 "Stealing"
0 183 82 268 207 491 1 0 1 "Stealing"
0 183 82 268 207 492 1 0 1 "Stealing"
0 183 82 268 207 493 1 0 1 "Stealing"
0 183 82 268 207 494 1 0 1 "Stealing"
0 183 82 268 207 495 1 0 1 "Stealing"
0 183 82 268 207 496 1 0 1 "Stealing"
0 183 82 268 207 497 1 0 1 "Stealing"
0 183 82 268 207 498 1 0 1 "Stealing"
0 183 82 268 207 499 1 0 1 "Stealing"
0 183 82 268 207 500 1 0 1 "Stealing"
0 183 82 268 207 501 1 0 1 "Stealing"
0 183 82 268 207 502 1 0 1 "Stealing"
0 183 82 268 207 503 1 0 1 "Stealing"
0 183 82 268 207 504 1 0 1 "Stealing"
0 183 82 268 207 505 1 0 1 "Stealing"
0 183 82 268 207 506 1 0 1 "Stealing"
0 183 82 268 207 507 1 0 1 "Stealing"
0 183 82 268 207 508 1 0 1 "Stealing"
0 183 82 268 207 509 1 0 1 "Stealing"
0 183 82 268 207 510 1 0 1 "Stealing"
0 183 82 268 207 511 1 0 1 "Stealing"
0 183 82 268 207 512 1 0 1 "Stealing"
0 183 82 268 207 513 1 0 1 "Stealing"
0 183 82 268 207 514 1 0 1 "Stealing"
0 183 82 268 207 515 1 0 1 "Stealing"
0 183 82 268 207 516 1 0 1 "Stealing"
0 183 82 268 207 517 1 0 1 "Stealing"
0 183 82 268 207 518 1 0 1 "Stealing"
0 183 82 268 207 519 1 0 1 "Stealing"
0 183 82 268 207 520 1 0 1 "Stealing"
0 183 82 268 207 521 1 0 1 "Stealing"
0 183 82 268 207 522 1 0 1 "Stealing"
0 183 82 268 207 523 1 0 1 "Stealing"
0 183 82 268 207 524 1 0 1 "Stealing"
0 183 82 268 207 525 1 0 1 "Stealing"
0 183 82 268 207 526 1 0 1 "Stealing"
0 183 82 268 207 527 1 0 1 "Stealing"
0 183 82 268 207 528 1 0 1 "Stealing"
0 183 82 268 207 529 1 0 1 "Stealing"
0 183 82 268 207 530 1 0 1 "Stealing"
0 183 82 268 207 531 1 0 1 "Stealing"
0 183 82 268 207 532 1 0 1 "Stealing"
0 183 82 268 207 533 1 0 1 "Stealing"
0 183 82 268 207 534 1 0 1 "Stealing"
0 183 82 268 207 535 1 0 1 "Stealing"
0 183 82 268 207 536 1 0 1 "Stealing"
0 183 82 268 207 537 1 0 1 "Stealing"
0 183 82 268 207 538 1 0 1 "Stealing"
0 183 82 268 207 539 1 0 1 "Stealing"
0 183 82 268 207 540 1 0 1 "Stealing"
0 183 82 268 207 541 1 0 1 "Stealing"
0 183 82 268 207 542 1 0 1 "Stealing"
0 183 82 268 207 543 1 0 1 "Stealing"
0 183 82 268 207 544 1 0 1 "Stealing"
0 183 82 268 207 545 1 0 1 "Stealing"
0 183 82 268 207 546 1 0 1 "Stealing"
0 183 82 268 207 547 1 0 1 "Stealing"
0 183 82 268 207 548 1 0 1 "Stealing"
0 183 82 268 207 549 1 0 1 "Stealing"
0 183 82 268 207 550 1 0 1 "Stealing"
0 183 82 268 207 551 1 0 1 "Stealing"
0 183 82 268 207 552 1 0 1 "Stealing"
0 183 82 268 207 553 1 0 1 "Stealing"
0 183 82 268 207 554 1 0 1 "Stealing"
0 183 82 268 207 555 1 0 1 "Stealing"
0 183 82 268 207 556 1 0 1 "Stealing"
0 183 82 268 207 557 1 0 1 "Stealing"
0 183 82 268 207 558 1 0 1 "Stealing"
0 183 82 268 207 559 1 0 1 "Stealing"
0 183 82 268 207 560 1 0 1 "Stealing"
0 183 82 268 207 561 1 0 1 "Stealing"
0 183 82 268 207 562 1 0 1 "Stealing"
0 183 82 268 207 563 1 0 1 "Stealing"
0 183 82 268 207 564 1 0 1 "Stealing"
0 183 82 268 207 565 1 0 1 "Stealing"
0 183 82 268 207 566 1 0 1 "Stealing"
0 183 82 268 207 567 1 0 1 "Stealing"
0 183 82 268 207 568 1 0 1 "Stealing"
0 183 82 268 207 569 1 0 1 "Stealing"
0 183 82 268 207 570 1 0 1 "Stealing"
0 183 82 268 207 571 1 0 1 "Stealing"
0 183 82 268 207 572 1 0 1 "Stealing"
0 183 82 268 207 573 1 0 1 "Stealing"
0 183 82 268 207 574 1 0 1 "Stealing"
0 183 82 268 207 575 1 0 1 "Stealing"
0 183 82 268 207 576 1 0 1 "Stealing"
0 183 82 268 207 577 1 0 1 "Stealing"
0 183 82 268 207 578 1 0 1 "Stealing"
0 183 82 268 207 579 1 0 1 "Stealing"
0 183 82 268 207 580 1 0 1 "Stealing"
0 183 82 268 207 581 1 0 1 "Stealing"
0 183 82 268 207 582 1 0 1 "Stealing"
0 183 82 268 207 583 1 0 1 "Stealing"
0 183 82 268 207 584 1 0 1 "Stealing"
0 183 82 268 207 585 1 0 1 "Stealing"
0 183 82 268 207 586 1 0 1 "Stealing"
0 183 82 268 207 587 1 0 1 "Stealing"
0 183 82 268 207 588 1 0 1 "Stealing"
0 183 82 268 207 589 1 0 1 "Stealing"
0 183 82 268 207 590 1 0 1 "Stealing"
0 183 82 268 207 591 1 0 1 "Stealing"
0 183 82 268 207 592 1 0 1 "Stealing"
0 183 82 268 207 593 1 0 1 "Stealing"
0 183 82 268 207 594 1 0 1 "Stealing"
0 183 82 268 207 595 1 0 1 "Stealing"
0 183 82 268 207 596 1 0 1 "Stealing"
0 183 82 268 207 597 1 0 1 "Stealing"
0 183 82 268 207 598 1 0 1 "Stealing"
0 183 82 268 207 599 1 0 1 "Stealing"
0 183 82 268 207 600 1 0 1 "Stealing"
0 183 82 268 207 601 1 0 1 "Stealing"
0 183 82 268 207 602 1 0 1 "Stealing"
0 183 82 268 207 603 1 0 1 "Stealing"
0 183 82 268 207 604 1 0 1 "Stealing"
0 183 82 268 207 605 1 0 1 "Stealing"
0 183 82 268 207 606 1 0 1 "Stealing"
0 183 82 268 207 607 1 0 1 "Stealing"
0 183 82 268 207 608 1 0 1 "Stealing"
0 183 82 268 207 609 1 0 1 "Stealing"
0 183 82 268 207 610 1 0 1 "Stealing"
0 183 82 268 207 611 1 0 1 "Stealing"
0 183 82 268 207 612 1 0 1 "Stealing"
0 183 82 268 207 613 1 0 1 "Stealing"
0 183 82 268 207 614 1 0 1 "Stealing"
0 183 82 268 207 615 1 0 1 "Stealing"
0 183 82 268 207 616 1 0 1 "Stealing"
0 183 82 268 207 617 1 0 1 "Stealing"
0 183 82 268 207 618 1 0 1 "Stealing"
0 183 82 268 207 619 1 0 1 "Stealing"
0 183 82 268 207 620 1 0 1 "Stealing"
0 183 82 268 207 621 1 0 1 "Stealing"
0 183 82 268 207 622 1 0 1 "Stealing"
0 183 82 268 207 623 1 0 1 "Stealing"
0 183 82 268 207 624 1 0 1 "Stealing"
0 183 82 268 207 625 1 0 1 "Stealing"
0 183 82 268 207 626 1 0 1 "Stealing"
0 183 82 268 207 627 1 0 1 "Stealing"
0 183 82 268 207 628 1 0 1 "Stealing"
0 183 82 268 207 629 1 0 1 "Stealing"
0 183 82 268 207 630 1 0 1 "Stealing"
0 183 82 268 207 631 1 0 1 "Stealing"
0 183 82 268 207 632 1 0 1 "Stealing"
0 183 82 268 207 633 1 0 1 "Stealing"
0 183 82 268 207 634 1 0 1 "Stealing"
0 183 82 268 207 635 1 0 1 "Stealing"
0 183 82 268 207 636 1 0 1 "Stealing"
0 183 82 268 207 637 1 0 1 "Stealing"
0 183 82 268 207 638 1 0 1 "Stealing"
0 183 82 268 207 639 1 0 1 "Stealing"
0 183 82 268 207 640 1 0 1 "Stealing"
0 183 82 268 207 641 1 0 1 "Stealing"
0 183 82 268 207 642 1 0 1 "Stealing"
0 183 82 268 207 643 1 0 1 "Stealing"
0 183 82 268 207 644 1 0 1 "Stealing"
0 183 82 268 207 645 1 0 1 "Stealing"
0 183 82 268 207 646 1 0 1 "Stealing"
0 183 82 268 207 647 1 0 1 "Stealing"
0 183 82 268 207 648 1 0 1 "Stealing"
0 183 82 268 207 649 1 0 1 "Stealing"
0 183 82 268 207 650 1 0 1 "Stealing"
0 183 82 268 207 651 1 0 1 "Stealing"
0 183 82 268 207 652 1 0 1 "Stealing"
0 183 82 268 207 653 1 0 1 "Stealing"
0 183 82 268 207 654 1 0 1 "Stealing"
0 183 82 268 207 655 1 0 1 "Stealing"
0 183 82 268 207 656 1 0 1 "Stealing"
0 183 82 268 207 657 1 0 1 "Stealing"
0 183 82 268 207 658 1 0 1 "Stealing"
0 183 82 268 207 659 1 0 1 "Stealing"
0 183 82 268 207 660 1 0 1 "Stealing"
0 183 82 268 207 661 1 0 1 "Stealing"
0 183 82 268 207 662 1 0 1 "Stealing"
0 183 82 268 207 663 1 0 1 "Stealing"
0 183 82 268 207 664 1 0 1 "Stealing"
0 183 82 268 207 665 1 0 1 "Stealing"
0 183 82 268 207 666 1 0 1 "Stealing"
0 183 82 268 207 667 1 0 1 "Stealing"
0 183 82 268 207 668 1 0 1 "Stealing"
0 183 82 268 207 669 1 0 1 "Stealing"
0 183 82 268 207 670 1 0 1 "Stealing"
0 183 82 268 207 671 1 0 1 "Stealing"
0 183 82 268 207 672 1 0 1 "Stealing"
0 183 82 268 207 673 1 0 1 "Stealing"
0 183 82 268 207 674 1 0 1 "Stealing"
0 183 82 268 207 675 1 0 1 "Stealing"
0 183 82 268 207 676 1 0 1 "Stealing"
0 183 82 268 207 677 1 0 1 "Stealing"
0 183 82 268 207 678 1 0 1 "Stealing"
0 183 82 268 207 679 1 0 1 "Stealing"
0 183 82 268 207 680 1 0 1 "Stealing"
0 183 82 268 207 681 1 0 1 "Stealing"
0 183 82 268 207 682 1 0 1 "Stealing"
0 183 82 268 207 683 1 0 1 "Stealing"
0 183 82 268 207 684 1 0 1 "Stealing"
0 183 82 268 207 685 1 0 1 "Stealing"
0 183 82 268 207 686 1 0 1 "Stealing"
0 183 82 268 207 687 1 0 1 "Stealing"
0 183 82 268 207 688 1 0 1 "Stealing"
0 183 82 268 207 689 1 0 1 "Stealing"
0 183 82 268 207 690 1 0 1 "Stealing"
0 183 82 268 207 691 1 0 1 "Stealing"
0 183 82 268 207 692 1 0 1 "Stealing"
0 183 82 268 207 693 1 0 1 "Stealing"
0 183 82 268 207 694 1 0 1 "Stealing"
0 183 82 268 207 695 1 0 1 "Stealing"
0 183 82 268 207 696 1 0 1 "Stealing"
0 183 82 268 207 697 1 0 1 "Stealing"
0 183 82 268 207 698 1 0 1 "Stealing"
0 183 82 268 207 699 1 0 1 "Stealing"
0 183 82 268 207 700 1 0 1 "Stealing"
0 183 82 268 207 701 1 0 1 "Stealing"
0 183 82 268 207 702 1 0 1 "Stealing"
0 183 82 268 207 703 1 0 1 "Stealing"
0 183 82 268 207 704 1 0 1 "Stealing"
0 183 82 268 207 705 1 0 1 "Stealing"
0 183 82 268 207 706 1 0 1 "Stealing"
0 183 82 268 207 707 1 0 1 "Stealing"
0 183 82 268 207 708 1 0 1 "Stealing"
0 183 82 268 207 709 1 0 1 "Stealing"
0 183 82 268 207 710 1 0 1 "Stealing"
0 183 82 268 207 711 1 0 1 "Stealing"
0 183 82 268 207 712 1 0 1 "Stealing"
0 183 82 268 207 713 1 0 1 "Stealing"
0 183 82 268 207 714 1 0 1 "Stealing"
0 183 82 268 207 715 1 0 1 "Stealing"
0 183 82 268 207 716 1 0 1 "Stealing"
0 183 82 268 207 717 1 0 1 "Stealing"
0 183 82 268 207 718 1 0 1 "Stealing"
0 183 82 268 207 719 1 0 1 "Stealing"
0 183 82 268 207 720 1 0 1 "Stealing"
0 183 82 268 207 721 1 0 1 "Stealing"
0 183 82 268 207 722 1 0 1 "Stealing"
0 183 82 268 207 723 1 0 1 "Stealing"
0 183 82 268 207 724 1 0 1 "Stealing"
0 183 82 268 207 725 1 0 1 "Stealing"
0 183 82 268 207 726 1 0 1 "Stealing"
0 183 82 268 207 727 1 0 1 "Stealing"
0 183 82 268 207 728 1 0 1 "Stealing"
0 183 82 268 207 729 1 0 1 "Stealing"
0 183 82 268 207 730 1 0 1 "Stealing"
0 183 82 268 207 731 1 0 1 "Stealing"
0 183 82 268 207 732 1 0 1 "Stealing"
0 183 82 268 207 733 1 0 1 "Stealing"
0 183 82 268 207 734 1 0 1 "Stealing"
0 183 82 268 207 735 1 0 1 "Stealing"
0 183 82 268 207 736 1 0 1 "Stealing"
0 183 82 268 207 737 1 0 1 "Stealing"
0 183 82 268 207 738 1 0 1 "Stealing"
0 183 82 268 207 739 1 0 1 "Stealing"
0 183 82 268 207 740 1 0 1 "Stealing"
0 183 82 268 207 741 1 0 1 "Stealing"
0 183 82 268 207 742 1 0 1 "Stealing"
0 183 82 268 207 743 1 0 1 "Stealing"
0 183 82 268 207 744 1 0 1 "Stealing"
0 183 82 268 207 745 1 0 1 "Stealing"
0 183 82 268 207 746 1 0 1 "Stealing"
0 183 82 268 207 747 1 0 1 "Stealing"
0 183 82 268 207 748 1 0 1 "Stealing"
0 183 82 268 207 749 1 0 1 "Stealing"
0 183 82 268 207 750 1 0 1 "Stealing"
0 183 82 268 207 751 1 0 1 "Stealing"
0 183 82 268 207 752 1 0 1 "Stealing"
0 183 82 268 207 753 1 0 1 "Stealing"
0 183 82 268 207 754 1 0 1 "Stealing"
0 183 82 268 207 755 1 0 1 "Stealing"
0 183 82 268 207 756 1 0 1 "Stealing"
0 183 82 268 207 757 1 0 1 "Stealing"
0 183 82 268 207 758 1 0 1 "Stealing"
0 183 82 268 207 759 1 0 1 "Stealing"
0 183 82 268 207 760 1 0 1 "Stealing"
0 183 82 268 207 761 0 0 0 "Stealing"
0 183 82 268 207 762 0 0 1 "Stealing"
0 183 82 268 207 763 0 0 1 "Stealing"
0 184 82 268 207 764 0 0 1 "Stealing"
0 184 82 268 207 765 0 0 1 "Stealing"
0 184 83 268 207 766 0 0 1 "Stealing"
0 185 83 268 207 767 0 0 1 "Stealing"
0 185 83 268 207 768 0 0 1 "Stealing"
0 185 83 268 207 769 0 0 1 "Stealing"
0 186 83 268 207 770 0 0 1 "Stealing"
0 186 84 268 207 771 0 0 1 "Stealing"
0 186 84 268 207 772 0 0 1 "Stealing"
0 187 84 268 207 773 0 0 1 "Stealing"
0 187 84 268 207 774 0 0 1 "Stealing"
0 187 85 268 207 775 0 0 1 "Stealing"
0 188 85 268 207 776 0 0 1 "Stealing"
0 188 85 268 207 777 0 0 1 "Stealing"
0 188 85 268 207 778 0 0 1 "Stealing"
0 189 85 268 207 779 0 0 1 "Stealing"
0 189 86 268 207 780 0 0 1 "Stealing"
0 189 86 268 207 781 0 0 1 "Stealing"
0 190 86 268 207 782 0 0 1 "Stealing"
0 190 86 268 207 783 0 0 1 "Stealing"
0 190 87 268 207 784 0 0 1 "Stealing"
0 191 87 268 207 785 0 0 1 "Stealing"
0 191 87 268 207 786 0 0 1 "Stealing"
0 191 87 268 207 787 0 0 1 "Stealing"
0 192 87 268 207 788 0 0 1 "Stealing"
0 192 88 268 207 789 0 0 1 "Stealing"
0 192 88 268 207 790 0 0 1 "Stealing"
0 193 88 268 207 791 0 0 1 "Stealing"
0 193 88 268 207 792 0 0 1 "Stealing"
0 193 89 268 207 793 0 0 1 "Stealing"
0 194 89 268 207 794 0 0 1 "Stealing"
0 194 89 268 207 795 0 0 1 "Stealing"
0 194 89 268 207 796 0 0 1 "Stealing"
0 195 89 268 207 797 0 0 1 "Stealing"
0 195 90 268 207 798 0 0 1 "Stealing"
0 195 90 268 207 799 0 0 1 "Stealing"
0 196 90 268 207 800 0 0 1 "Stealing"
0 196 90 268 207 801 0 0 1 "Stealing"
0 197 91 269 207 802 0 0 0 "Stealing"
0 196 90 268 207 803 0 0 1 "Stealing"
0 196 90 268 207 804 0 0 1 "Stealing"
0 196 90 268 207 805 0 0 1 "Stealing"
0 196 89 268 207 806 0 0 1 "Stealing"
0 195 89 268 207 807 0 0 1 "Stealing"
0 195 89 268 207 808 0 0 1 "Stealing"
0 195 89 268 207 809 0 0 1 "Stealing"
0 195 88 268 207 810 0 0 1 "Stealing"
0 194 88 268 207 811 0 0 1 "Stealing"
0 194 88 268 207 812 0 0 1 "Stealing"
0 194 88 268 207 813 0 0 1 "Stealing"
0 194 87 268 207 814 0 0 1 "Stealing"
0 193 87 268 207 815 0 0 1 "Stealing"
0 193 87 268 207 816 0 0 1 "Stealing"
0 193 87 268 207 817 0 0 1 "Stealing"
0 193 86 268 207 818 0 0 1 "Stealing"
0 192 86 268 207 819 0 0 1 "Stealing"
0 192 86 268 207 820 0 0 1 "Stealing"
0 192 86 268 207 821 0 0 1 "Stealing"
0 192 85 268 207 822 0 0 1 "Stealing"
0 192 85 268 207 823 0 0 1 "Stealing"
0 191 85 268 207 824 0 0 1 "Stealing"
0 191 85 268 207 825 0 0 1 "Stealing"
0 191 84 268 207 826 0 0 1 "Stealing"
0 191 84 268 207 827 0 0 1 "Stealing"
0 190 84 268 207 828 0 0 1 "Stealing"
0 190 84 268 207 829 0 0 1 "Stealing"
0 190 83 268 207 830 0 0 1 "Stealing"
0 190 83 268 207 831 0 0 1 "Stealing"
0 189 83 268 207 832 0 0 1 "Stealing"
0 189 83 268 207 833 0 0 1 "Stealing"
0 189 82 268 207 834 0 0 1 "Stealing"
0 189 82 268 207 835 0 0 1 "Stealing"
0 188 82 268 207 836 0 0 1 "Stealing"
0 188 82 268 207 837 0 0 1 "Stealing"
0 188 81 268 207 838 0 0 1 "Stealing"
0 188 81 268 207 839 0 0 1 "Stealing"
0 188 81 268 207 840 0 0 1 "Stealing"
0 187 81 268 207 841 0 0 1 "Stealing"
0 187 80 268 207 842 0 0 1 "Stealing"
0 187 80 268 207 843 0 0 1 "Stealing"
0 187 80 268 207 844 0 0 1 "Stealing"
0 186 80 268 207 845 0 0 1 "Stealing"
0 186 79 268 207 846 0 0 1 "Stealing"
0 186 79 268 207 847 0 0 1 "Stealing"
0 186 79 268 207 848 0 0 1 "Stealing"
0 185 79 268 207 849 0 0 1 "Stealing"
0 185 78 268 207 850 0 0 1 "Stealing"
0 185 78 268 207 851 0 0 1 "Stealing"
0 185 78 268 207 852 0 0 1 "Stealing"
0 184 78 268 207 853 0 0 1 "Stealing"
0 184 77 268 207 854 0 0 1 "Stealing"
0 184 77 268 207 855 0 0 1 "Stealing"
0 184 77 268 207 856 0 0 1 "Stealing"
0 184 77 268 207 857 0 0 1 "Stealing"
0 183 76 267 207 858 0 0 1 "Stealing"
0 183 76 267 207 859 0 0 1 "Stealing"
0 183 76 267 207 860 0 0 1 "Stealing"
0 183 75 267 207 861 0 0 1 "Stealing"
0 182 75 267 207 862 0 0 1 "Stealing"
0 182 75 267 207 863 0 0 1 "Stealing"
0 182 75 267 207 864 0 0 1 "Stealing"
0 182 74 267 207 865 0 0 1 "Stealing"
0 181 74 267 207 866 0 0 1 "Stealing"
0 181 74 267 207 867 0 0 1 "Stealing"
0 181 74 267 207 868 0 0 1 "Stealing"
0 181 73 267 207 869 0 0 1 "Stealing"
0 180 73 267 207 870 0 0 1 "Stealing"
0 180 73 267 207 871 0 0 1 "Stealing"
0 180 73 267 207 872 0 0 1 "Stealing"
0 180 72 267 207 873 0 0 1 "Stealing"
0 179 72 267 207 874 0 0 1 "Stealing"
0 179 72 267 207 875 0 0 1 "Stealing"
0 179 72 267 207 876 0 0 1 "Stealing"
0 179 71 267 207 877 0 0 1 "Stealing"
0 179 71 267 207 878 0 0 1 "Stealing"
0 178 71 267 207 879 0 0 1 "Stealing"
0 178 71 267 207 880 0 0 1 "Stealing"
0 178 70 267 207 881 0 0 1 "Stealing"
0 178 70 267 207 882 0 0 1 "Stealing"
0 177 70 267 207 883 0 0 1 "Stealing"
0 177 70 267 207 884 0 0 1 "Stealing"
0 177 69 267 207 885 0 0 1 "Stealing"
0 177 69 267 207 886 0 0 1 "Stealing"
0 176 69 267 207 887 0 0 1 "Stealing"
0 176 69 267 207 888 0 0 1 "Stealing"
0 176 68 267 207 889 0 0 1 "Stealing"
0 176 68 267 207 890 0 0 1 "Stealing"
0 175 68 267 207 891 0 0 1 "Stealing"
0 175 68 267 207 892 0 0 1 "Stealing"
0 175 67 267 207 893 0 0 1 "Stealing"
0 175 67 267 207 894 0 0 1 "Stealing"
0 175 67 267 207 895 0 0 1 "Stealing"
0 174 67 267 207 896 0 0 1 "Stealing"
0 174 66 267 207 897 0 0 1 "Stealing"
0 174 66 267 207 898 0 0 1 "Stealing"
0 174 66 267 207 899 0 0 1 "Stealing"
0 173 66 267 207 900 0 0 1 "Stealing"
0 173 65 267 207 901 0 0 1 "Stealing"
0 173 65 267 207 902 0 0 1 "Stealing"
0 173 65 267 207 903 0 0 1 "Stealing"
0 172 65 267 207 904 0 0 1 "Stealing"
0 172 64 267 207 905 0 0 1 "Stealing"
0 172 64 267 207 906 0 0 1 "Stealing"
0 172 64 267 207 907 0 0 1 "Stealing"
0 171 64 267 207 908 0 0 1 "Stealing"
0 171 63 267 207 909 0 0 1 "Stealing"
0 171 63 267 207 910 0 0 1 "Stealing"
0 171 63 267 207 911 0 0 1 "Stealing"
0 171 63 267 207 912 0 0 0 "Stealing"
0 170 63 267 207 913 0 0 1 "Stealing"
0 170 63 267 207 914 0 0 1 "Stealing"
0 170 63 267 207 915 0 0 1 "Stealing"
0 170 63 267 207 916 0 0 1 "Stealing"
0 170 63 267 207 917 0 0 1 "Stealing"
0 170 63 267 207 918 0 0 1 "Stealing"
0 170 63 267 207 919 0 0 1 "Stealing"
0 170 63 267 207 920 0 0 1 "Stealing"
0 170 63 267 207 921 0 0 1 "Stealing"
0 170 63 267 207 922 0 0 1 "Stealing"
0 170 63 267 207 923 0 0 1 "Stealing"
0 170 63 267 207 924 0 0 1 "Stealing"
0 170 63 267 207 925 0 0 1 "Stealing"
0 170 63 267 207 926 0 0 1 "Stealing"
0 170 63 267 207 927 0 0 1 "Stealing"
0 170 63 267 207 928 0 0 1 "Stealing"
0 170 63 267 207 929 0 0 1 "Stealing"
0 170 63 267 207 930 0 0 1 "Stealing"
0 170 63 267 207 931 0 0 1 "Stealing"
0 170 63 267 207 932 0 0 1 "Stealing"
0 170 63 267 207 933 0 0 1 "Stealing"
0 170 63 267 207 934 0 0 1 "Stealing"
0 170 63 267 207 935 0 0 1 "Stealing"
0 170 63 267 207 936 0 0 1 "Stealing"
0 170 63 267 207 937 0 0 1 "Stealing"
0 170 63 267 207 938 0 0 1 "Stealing"
0 170 63 267 207 939 0 0 1 "Stealing"
0 170 63 267 207 940 0 0 1 "Stealing"
0 170 63 267 207 941 0 0 1 "Stealing"
0 170 63 267 207 942 0 0 1 "Stealing"
0 170 63 267 207 943 0 0 1 "Stealing"
0 170 63 267 207 944 0 0 1 "Stealing"
0 170 63 267 207 945 0 0 1 "Stealing"
0 170 63 267 207 946 0 0 1 "Stealing"
0 169 64 267 207 947 0 0 1 "Stealing"
0 169 64 267 207 948 0 0 1 "Stealing"
0 169 64 267 207 949 0 0 1 "Stealing"
0 169 64 267 207 950 0 0 1 "Stealing"
0 169 64 267 207 951 0 0 1 "Stealing"
0 169 64 267 207 952 0 0 1 "Stealing"
0 169 64 267 207 953 0 0 1 "Stealing"
0 169 64 267 207 954 0 0 1 "Stealing"
0 169 64 267 207 955 0 0 1 "Stealing"
0 169 64 267 207 956 0 0 1 "Stealing"
0 169 64 267 207 957 0 0 1 "Stealing"
0 169 64 267 207 958 0 0 1 "Stealing"
0 169 64 267 207 959 0 0 1 "Stealing"
0 169 64 267 207 960 0 0 1 "Stealing"
0 169 64 267 207 961 0 0 1 "Stealing"
0 169 64 267 207 962 0 0 1 "Stealing"
0 169 64 267 207 963 0 0 1 "Stealing"
0 169 64 267 207 964 0 0 1 "Stealing"
0 169 64 267 207 965 0 0 1 "Stealing"
0 169 64 267 207 966 0 0 1 "Stealing"
0 169 64 267 207 967 0 0 1 "Stealing"
0 169 64 267 207 968 0 0 1 "Stealing"
0 169 64 267 207 969 0 0 1 "Stealing"
0 169 64 267 207 970 0 0 1 "Stealing"
0 169 64 267 207 971 0 0 1 "Stealing"
0 169 64 267 207 972 0 0 1 "Stealing"
0 169 64 267 207 973 0 0 1 "Stealing"
0 169 64 267 207 974 0 0 1 "Stealing"
0 169 64 267 207 975 0 0 1 "Stealing"
0 169 64 267 207 976 0 0 1 "Stealing"
0 169 64 267 207 977 0 0 1 "Stealing"
0 169 64 267 207 978 0 0 1 "Stealing"
0 169 64 267 207 979 0 0 1 "Stealing"
0 169 64 267 207 980 0 0 1 "Stealing"
0 169 65 267 207 981 0 0 1 "Stealing"
0 168 65 267 207 982 0 0 1 "Stealing"
0 168 65 267 207 983 0 0 1 "Stealing"
0 168 65 267 207 984 0 0 1 "Stealing"
0 168 65 267 207 985 0 0 1 "Stealing"
0 168 65 267 207 986 0 0 1 "Stealing"
0 168 65 267 207 987 0 0 1 "Stealing"
0 168 65 267 207 988 0 0 1 "Stealing"
0 168 65 267 207 989 0 0 1 "Stealing"
0 168 65 267 207 990 0 0 1 "Stealing"
0 168 65 267 207 991 0 0 1 "Stealing"
0 168 65 267 207 992 0 0 1 "Stealing"
0 168 65 267 207 993 0 0 1 "Stealing"
0 168 65 267 207 994 0 0 1 "Stealing"
0 168 65 267 207 995 0 0 1 "Stealing"
0 168 65 267 207 996 0 0 1 "Stealing"
0 168 65 267 207 997 0 0 1 "Stealing"
0 168 65 267 207 998 0 0 1 "Stealing"
0 168 65 267 207 999 0 0 1 "Stealing"
0 168 65 267 207 1000 0 0 1 "Stealing"
0 168 65 267 207 1001 0 0 1 "Stealing"
0 168 65 267 207 1002 0 0 1 "Stealing"
0 168 65 267 207 1003 0 0 1 "Stealing"
0 168 65 267 207 1004 0 0 1 "Stealing"
0 168 65 267 207 1005 0 0 1 "Stealing"
0 168 65 267 207 1006 0 0 1 "Stealing"
0 168 65 267 207 1007 0 0 1 "Stealing"
0 168 65 267 207 1008 0 0 1 "Stealing"
0 168 65 267 207 1009 0 0 1 "Stealing"
0 168 65 267 207 1010 0 0 1 "Stealing"
0 168 65 267 207 1011 0 0 1 "Stealing"
0 168 65 267 207 1012 0 0 1 "Stealing"
0 168 65 267 207 1013 0 0 1 "Stealing"
0 168 65 267 207 1014 0 0 1 "Stealing"
0 168 65 267 207 1015 0 0 1 "Stealing"
0 167 66 267 207 1016 0 0 1 "Stealing"
0 167 66 267 207 1017 0 0 1 "Stealing"
0 167 66 267 207 1018 0 0 1 "Stealing"
0 167 66 267 207 1019 0 0 1 "Stealing"
0 167 66 267 207 1020 0 0 1 "Stealing"
0 167 66 267 207 1021 0 0 1 "Stealing"
0 167 66 267 207 1022 0 0 1 "Stealing"
0 167 66 267 207 1023 0 0 1 "Stealing"
0 167 66 267 207 1024 0 0 1 "Stealing"
0 167 66 267 207 1025 0 0 1 "Stealing"
0 167 66 267 207 1026 0 0 1 "Stealing"
0 167 66 267 207 1027 0 0 1 "Stealing"
0 167 66 267 207 1028 0 0 1 "Stealing"
0 167 66 267 207 1029 0 0 1 "Stealing"
0 167 66 267 207 1030 0 0 1 "Stealing"
0 167 66 267 207 1031 0 0 1 "Stealing"
0 167 66 267 207 1032 0 0 1 "Stealing"
0 167 66 267 207 1033 0 0 1 "Stealing"
0 167 66 267 207 1034 0 0 1 "Stealing"
0 167 66 267 207 1035 0 0 1 "Stealing"
0 167 66 267 207 1036 0 0 1 "Stealing"
0 167 66 267 207 1037 0 0 1 "Stealing"
0 167 66 267 207 1038 0 0 1 "Stealing"
0 167 66 267 207 1039 0 0 1 "Stealing"
0 167 66 267 207 1040 0 0 1 "Stealing"
0 167 66 267 207 1041 0 0 1 "Stealing"
0 167 66 267 207 1042 0 0 1 "Stealing"
0 167 66 267 207 1043 0 0 1 "Stealing"
0 167 66 267 207 1044 0 0 1 "Stealing"
0 167 66 267 207 1045 0 0 1 "Stealing"
0 167 66 267 207 1046 0 0 1 "Stealing"
0 167 66 267 207 1047 0 0 1 "Stealing"
0 167 66 267 207 1048 0 0 1 "Stealing"
0 167 66 267 207 1049 0 0 1 "Stealing"
0 167 67 267 207 1050 0 0 0 "Stealing"
0 167 67 267 207 1051 0 0 1 "Stealing"
0 167 67 267 207 1052 0 0 1 "Stealing"
0 167 67 267 207 1053 0 0 1 "Stealing"
0 167 68 267 207 1054 0 0 1 "Stealing"
0 167 68 267 207 1055 0 0 1 "Stealing"
0 167 68 267 207 1056 0 0 1 "Stealing"
0 167 69 267 207 1057 0 0 1 "Stealing"
0 167 69 267 207 1058 0 0 1 "Stealing"
0 167 69 267 207 1059 0 0 1 "Stealing"
0 167 70 267 207 1060 0 0 1 "Stealing"
0 167 70 267 207 1061 0 0 1 "Stealing"
0 167 70 267 207 1062 0 0 1 "Stealing"
0 167 71 267 207 1063 0 0 1 "Stealing"
0 167 71 267 207 1064 0 0 1 "Stealing"
0 167 71 267 207 1065 0 0 1 "Stealing"
0 167 72 268 207 1066 0 0 1 "Stealing"
0 167 72 268 207 1067 0 0 1 "Stealing"
0 167 72 268 207 1068 0 0 1 "Stealing"
0 167 72 268 207 1069 0 0 1 "Stealing"
0 167 73 268 207 1070 0 0 1 "Stealing"
0 167 73 268 207 1071 0 0 1 "Stealing"
0 167 73 268 207 1072 0 0 1 "Stealing"
0 167 74 268 207 1073 0 0 1 "Stealing"
0 167 74 268 207 1074 0 0 1 "Stealing"
0 167 74 268 207 1075 0 0 1 "Stealing"
0 167 75 268 207 1076 0 0 1 "Stealing"
0 167 75 268 207 1077 0 0 1 "Stealing"
0 167 75 268 207 1078 0 0 1 "Stealing"
0 167 76 268 207 1079 0 0 1 "Stealing"
0 167 76 268 207 1080 0 0 1 "Stealing"
0 167 76 268 207 1081 0 0 1 "Stealing"
0 167 77 269 208 1082 0 0 0 "Stealing"
0 167 76 268 208 1083 0 0 1 "Stealing"
0 167 76 268 208 1084 0 0 1 "Stealing"
0 167 76 268 208 1085 0 0 1 "Stealing"
0 167 76 268 208 1086 0 0 1 "Stealing"
0 167 75 268 208 1087 0 0 1 "Stealing"
0 167 75 268 208 1088 0 0 1 "Stealing"
0 167 75 268 208 1089 0 0 1 "Stealing"
0 167 75 268 208 1090 0 0 1 "Stealing"
0 167 74 268 208 1091 0 0 1 "Stealing"
0 167 74 268 208 1092 0 0 1 "Stealing"
0 167 74 268 208 1093 0 0 1 "Stealing"
0 167 74 268 208 1094 0 0 1 "Stealing"
0 167 73 268 208 1095 0 0 1 "Stealing"
0 167 73 268 208 1096 0 0 1 "Stealing"
0 167 73 268 208 1097 0 0 1 "Stealing"
0 167 73 268 208 1098 0 0 1 "Stealing"
0 167 72 268 208 1099 0 0 1 "Stealing"
0 167 72 268 208 1100 0 0 1 "Stealing"
0 167 72 268 208 1101 0 0 1 "Stealing"
0 167 72 268 208 1102 0 0 1 "Stealing"
0 167 71 268 208 1103 0 0 1 "Stealing"
0 167 71 268 208 1104 0 0 1 "Stealing"
0 167 71 268 208 1105 0 0 1 "Stealing"
0 167 71 268 208 1106 0 0 1 "Stealing"
0 167 70 268 208 1107 0 0 1 "Stealing"
0 167 70 268 208 1108 0 0 1 "Stealing"
0 167 70 268 208 1109 0 0 1 "Stealing"
0 167 70 268 208 1110 0 0 1 "Stealing"
0 167 69 268 208 1111 0 0 1 "Stealing"
0 167 69 268 208 1112 0 0 1 "Stealing"
0 167 69 268 208 1113 0 0 1 "Stealing"
0 167 69 268 208 1114 0 0 1 "Stealing"
0 167 68 268 208 1115 0 0 1 "Stealing"
0 167 68 268 208 1116 0 0 1 "Stealing"
0 167 68 268 208 1117 0 0 1 "Stealing"
0 167 68 268 208 1118 0 0 0 "Stealing"
0 167 68 268 207 1119 0 0 1 "Stealing"
0 167 68 268 207 1120 0 0 1 "Stealing"
0 167 68 268 207 1121 0 0 1 "Stealing"
0 167 68 268 207 1122 0 0 1 "Stealing"
0 168 68 268 207 1123 0 0 1 "Stealing"
0 168 68 268 207 1124 0 0 1 "Stealing"
0 168 68 268 207 1125 0 0 1 "Stealing"
0 168 68 268 207 1126 0 0 1 "Stealing"
0 168 68 268 207 1127 0 0 1 "Stealing"
0 169 68 268 207 1128 0 0 1 "Stealing"
0 169 68 268 207 1129 0 0 1 "Stealing"
0 169 68 268 207 1130 0 0 1 "Stealing"
0 169 68 268 207 1131 0 0 1 "Stealing"
0 169 68 268 207 1132 0 0 1 "Stealing"
0 170 68 268 207 1133 0 0 1 "Stealing"
0 170 68 268 207 1134 0 0 1 "Stealing"
0 170 68 268 207 1135 0 0 1 "Stealing"
0 170 68 268 207 1136 0 0 1 "Stealing"
0 170 68 268 207 1137 0 0 1 "Stealing"
0 171 68 268 207 1138 0 0 1 "Stealing"
0 171 68 268 207 1139 0 0 1 "Stealing"
0 171 68 268 207 1140 0 0 1 "Stealing"
0 171 68 268 207 1141 0 0 1 "Stealing"
0 172 69 269 207 1142 0 0 0 "Stealing"
0 172 69 269 207 1143 0 0 1 "Stealing"
0 172 70 269 207 1144 0 0 1 "Stealing"
0 172 71 269 207 1145 0 0 1 "Stealing"
0 173 72 269 207 1146 0 0 1 "Stealing"
0 173 72 269 207 1147 0 0 1 "Stealing"
0 173 73 269 207 1148 0 0 1 "Stealing"
0 173 74 269 207 1149 0 0 1 "Stealing"
0 174 75 269 207 1150 0 0 1 "Stealing"
0 174 76 269 207 1151 0 0 1 "Stealing"
0 174 76 269 207 1152 0 0 1 "Stealing"
0 174 77 269 207 1153 0 0 1 "Stealing"
0 175 78 269 207 1154 0 0 1 "Stealing"
0 175 79 269 207 1155 0 0 1 "Stealing"
0 175 79 269 207 1156 0 0 1 "Stealing"
0 175 80 269 207 1157 0 0 1 "Stealing"
0 176 81 269 207 1158 0 0 1 "Stealing"
0 176 82 269 207 1159 0 0 1 "Stealing"
0 176 83 269 207 1160 0 0 1 "Stealing"
0 176 83 269 207 1161 0 0 1 "Stealing"
0 177 84 269 207 1162 0 0 1 "Stealing"
0 177 85 269 207 1163 0 0 1 "Stealing"
0 177 86 269 207 1164 0 0 1 "Stealing"
0 177 86 269 207 1165 0 0 1 "Stealing"
0 178 87 269 207 1166 0 0 1 "Stealing"
0 178 88 269 207 1167 0 0 1 "Stealing"
0 178 89 269 207 1168 0 0 1 "Stealing"
0 178 90 269 207 1169 0 0 1 "Stealing"
0 179 90 269 207 1170 0 0 1 "Stealing"
0 179 91 269 207 1171 0 0 1 "Stealing"
0 179 92 269 207 1172 0 0 1 "Stealing"
0 179 93 269 207 1173 0 0 1 "Stealing"
0 180 94 269 208 1174 0 0 0 "Stealing"
0 180 94 269 207 1175 0 0 1 "Stealing"
0 180 94 269 207 1176 0 0 1 "Stealing"
0 180 94 269 207 1177 0 0 1 "Stealing"
0 180 94 269 207 1178 0 0 1 "Stealing"
0 180 94 269 207 1179 0 0 1 "Stealing"
0 180 94 269 207 1180 0 0 1 "Stealing"
0 180 94 269 207 1181 0 0 1 "Stealing"
0 180 94 269 207 1182 0 0 1 "Stealing"
0 180 94 269 207 1183 0 0 1 "Stealing"
0 180 94 269 207 1184 0 0 1 "Stealing"
0 180 94 269 207 1185 0 0 1 "Stealing"
0 180 94 269 207 1186 0 0 1 "Stealing"
0 180 94 269 207 1187 0 0 1 "Stealing"
0 180 94 269 207 1188 0 0 1 "Stealing"
0 180 94 269 207 1189 0 0 1 "Stealing"
0 180 94 269 207 1190 0 0 1 "Stealing"
0 180 94 269 207 1191 0 0 1 "Stealing"
0 180 94 269 207 1192 0 0 1 "Stealing"
0 180 94 269 207 1193 0 0 1 "Stealing"
0 180 94 269 207 1194 0 0 1 "Stealing"
0 180 94 269 207 1195 0 0 1 "Stealing"
0 180 94 269 207 1196 0 0 1 "Stealing"
0 180 94 269 207 1197 0 0 1 "Stealing"
0 180 94 269 207 1198 0 0 1 "Stealing"
0 180 94 269 207 1199 0 0 1 "Stealing"
0 180 94 269 207 1200 0 0 1 "Stealing"
0 180 94 269 207 1201 0 0 1 "Stealing"
0 180 94 269 207 1202 0 0 1 "Stealing"
0 180 94 269 207 1203 0 0 1 "Stealing"
0 180 94 269 207 1204 0 0 1 "Stealing"
0 180 94 269 207 1205 0 0 1 "Stealing"
0 180 94 269 207 1206 0 0 1 "Stealing"
0 181 94 269 207 1207 0 0 1 "Stealing"
0 181 94 269 207 1208 0 0 1 "Stealing"
0 181 94 269 207 1209 0 0 1 "Stealing"
0 181 94 269 207 1210 0 0 1 "Stealing"
0 181 94 269 207 1211 0 0 1 "Stealing"
0 181 94 269 207 1212 0 0 1 "Stealing"
0 181 94 269 207 1213 0 0 1 "Stealing"
0 181 94 269 207 1214 0 0 1 "Stealing"
0 181 94 269 207 1215 0 0 1 "Stealing"
0 181 94 269 207 1216 0 0 1 "Stealing"
0 181 94 269 207 1217 0 0 1 "Stealing"
0 181 94 269 207 1218 0 0 1 "Stealing"
0 181 94 269 207 1219 0 0 1 "Stealing"
0 181 94 269 207 1220 0 0 1 "Stealing"
0 181 94 269 207 1221 0 0 1 "Stealing"
0 181 94 269 207 1222 0 0 1 "Stealing"
0 181 94 269 207 1223 0 0 1 "Stealing"
0 181 94 269 207 1224 0 0 1 "Stealing"
0 181 94 269 207 1225 0 0 1 "Stealing"
0 181 94 269 207 1226 0 0 1 "Stealing"
0 181 94 269 207 1227 0 0 1 "Stealing"
0 181 94 269 207 1228 0 0 1 "Stealing"
0 181 94 269 207 1229 0 0 1 "Stealing"
0 181 94 269 207 1230 0 0 1 "Stealing"
0 181 94 269 207 1231 0 0 1 "Stealing"
0 181 94 269 207 1232 0 0 1 "Stealing"
0 181 94 269 207 1233 0 0 1 "Stealing"
0 181 94 269 207 1234 0 0 1 "Stealing"
0 181 94 269 207 1235 0 0 1 "Stealing"
0 181 94 269 207 1236 0 0 1 "Stealing"
0 181 94 269 207 1237 0 0 1 "Stealing"
0 181 94 269 207 1238 0 0 1 "Stealing"
0 182 94 269 207 1239 0 0 1 "Stealing"
0 182 94 269 207 1240 0 0 1 "Stealing"
0 182 94 269 207 1241 0 0 1 "Stealing"
0 182 94 269 207 1242 0 0 1 "Stealing"
0 182 94 269 207 1243 0 0 1 "Stealing"
0 182 94 269 207 1244 0 0 1 "Stealing"
0 182 94 269 207 1245 0 0 1 "Stealing"
0 182 94 269 207 1246 0 0 1 "Stealing"
0 182 94 269 207 1247 0 0 1 "Stealing"
0 182 94 269 207 1248 0 0 1 "Stealing"
0 182 94 269 207 1249 0 0 1 "Stealing"
0 182 94 269 207 1250 0 0 1 "Stealing"
0 182 94 269 207 1251 0 0 1 "Stealing"
0 182 94 269 207 1252 0 0 1 "Stealing"
0 182 94 269 207 1253 0 0 1 "Stealing"
0 182 94 269 207 1254 0 0 1 "Stealing"
0 182 94 269 207 1255 0 0 1 "Stealing"
0 182 94 269 207 1256 0 0 1 "Stealing"
0 182 94 269 207 1257 0 0 1 "Stealing"
0 182 94 269 207 1258 0 0 1 "Stealing"
0 182 94 269 207 1259 0 0 1 "Stealing"
0 182 94 269 207 1260 0 0 1 "Stealing"
0 182 94 269 207 1261 0 0 1 "Stealing"
0 182 94 269 207 1262 0 0 1 "Stealing"
0 182 94 269 207 1263 0 0 1 "Stealing"
0 182 94 269 207 1264 0 0 1 "Stealing"
0 182 94 269 207 1265 0 0 1 "Stealing"
0 182 94 269 207 1266 0 0 1 "Stealing"
0 182 94 269 207 1267 0 0 1 "Stealing"
0 182 94 269 207 1268 0 0 1 "Stealing"
0 182 94 269 207 1269 0 0 1 "Stealing"
0 182 94 269 207 1270 0 0 1 "Stealing"
0 183 94 269 207 1271 0 0 0 "Stealing"
0 183 94 269 206 1272 0 0 1 "Stealing"
0 183 94 269 206 1273 0 0 1 "Stealing"
0 183 94 269 206 1274 0 0 1 "Stealing"
0 183 94 269 206 1275 0 0 1 "Stealing"
0 183 94 269 206 1276 0 0 1 "Stealing"
0 183 94 269 206 1277 0 0 1 "Stealing"
0 183 94 269 206 1278 0 0 1 "Stealing"
0 183 94 269 206 1279 0 0 1 "Stealing"
0 183 94 269 206 1280 0 0 1 "Stealing"
0 183 94 269 206 1281 0 0 1 "Stealing"
0 183 94 269 206 1282 0 0 1 "Stealing"
0 183 94 269 206 1283 0 0 1 "Stealing"
0 183 94 269 206 1284 0 0 1 "Stealing"
0 183 94 269 206 1285 0 0 1 "Stealing"
0 183 94 269 206 1286 0 0 1 "Stealing"
0 183 94 269 206 1287 0 0 1 "Stealing"
0 183 94 269 206 1288 0 0 1 "Stealing"
0 183 94 269 206 1289 0 0 1 "Stealing"
0 183 94 269 206 1290 0 0 1 "Stealing"
0 183 94 269 206 1291 0 0 1 "Stealing"
0 183 94 269 206 1292 0 0 1 "Stealing"
0 183 94 269 206 1293 0 0 1 "Stealing"
0 183 94 269 206 1294 0 0 1 "Stealing"
0 183 94 269 206 1295 0 0 1 "Stealing"
0 183 94 269 206 1296 0 0 1 "Stealing"
0 183 94 269 206 1297 0 0 1 "Stealing"
0 183 94 269 206 1298 0 0 1 "Stealing"
0 183 94 269 206 1299 0 0 1 "Stealing"
0 183 94 269 206 1300 0 0 1 "Stealing"
0 183 94 269 206 1301 0 0 1 "Stealing"
0 184 94 269 206 1302 0 0 1 "Stealing"
0 184 94 269 206 1303 0 0 1 "Stealing"
0 184 94 269 206 1304 0 0 1 "Stealing"
0 184 94 269 206 1305 0 0 1 "Stealing"
0 184 94 269 206 1306 0 0 1 "Stealing"
0 184 94 269 206 1307 0 0 1 "Stealing"
0 184 94 269 206 1308 0 0 1 "Stealing"
0 184 94 269 206 1309 0 0 1 "Stealing"
0 184 94 269 206 1310 0 0 1 "Stealing"
0 184 94 269 206 1311 0 0 1 "Stealing"
0 184 94 269 206 1312 0 0 1 "Stealing"
0 184 94 269 206 1313 0 0 1 "Stealing"
0 184 94 269 206 1314 0 0 1 "Stealing"
0 184 94 269 206 1315 0 0 1 "Stealing"
0 184 94 269 206 1316 0 0 1 "Stealing"
0 184 94 269 206 1317 0 0 1 "Stealing"
0 184 94 269 206 1318 0 0 1 "Stealing"
0 184 94 269 206 1319 0 0 1 "Stealing"
0 184 94 269 206 1320 0 0 1 "Stealing"
0 184 94 269 206 1321 0 0 1 "Stealing"
0 184 94 269 206 1322 0 0 1 "Stealing"
0 184 94 269 206 1323 0 0 1 "Stealing"
0 184 94 269 206 1324 0 0 1 "Stealing"
0 184 94 269 206 1325 0 0 1 "Stealing"
0 184 94 269 206 1326 0 0 1 "Stealing"
0 184 94 269 206 1327 0 0 1 "Stealing"
0 184 94 269 206 1328 0 0 1 "Stealing"
0 184 94 269 206 1329 0 0 1 "Stealing"
0 184 94 269 206 1330 0 0 1 "Stealing"
0 184 94 269 206 1331 0 0 1 "Stealing"
0 184 94 269 206 1332 0 0 1 "Stealing"
0 185 94 269 206 1333 0 0 0 "Stealing"
0 186 94 269 205 1334 0 0 1 "Stealing"
0 188 94 269 205 1335 0 0 1 "Stealing"
0 190 94 269 205 1336 0 0 1 "Stealing"
0 191 94 269 205 1337 0 0 1 "Stealing"
0 193 94 269 205 1338 0 0 1 "Stealing"
0 195 94 269 205 1339 0 0 1 "Stealing"
0 196 94 269 205 1340 0 0 1 "Stealing"
0 198 94 269 205 1341 0 0 1 "Stealing"
0 200 94 269 205 1342 0 0 1 "Stealing"
0 201 94 269 205 1343 0 0 1 "Stealing"
0 203 94 269 205 1344 0 0 1 "Stealing"
0 205 94 269 205 1345 0 0 1 "Stealing"
0 206 94 269 205 1346 0 0 1 "Stealing"
0 208 94 269 205 1347 0 0 1 "Stealing"
0 210 94 269 205 1348 0 0 0 "Stealing"
0 210 94 269 205 1349 0 0 1 "Stealing"
0 210 94 269 205 1350 0 0 1 "Stealing"
0 210 94 269 205 1351 0 0 1 "Stealing"
0 210 94 269 205 1352 0 0 1 "Stealing"
0 210 94 269 205 1353 0 0 1 "Stealing"
0 210 94 269 205 1354 0 0 1 "Stealing"
0 210 94 269 205 1355 0 0 1 "Stealing"
0 210 94 269 205 1356 0 0 1 "Stealing"
0 210 94 269 205 1357 0 0 1 "Stealing"
0 210 94 269 205 1358 0 0 1 "Stealing"
0 210 94 269 205 1359 0 0 1 "Stealing"
0 210 94 269 205 1360 0 0 1 "Stealing"
0 210 94 269 205 1361 0 0 1 "Stealing"
0 210 94 269 205 1362 0 0 1 "Stealing"
0 210 95 269 206 1363 0 0 1 "Stealing"
0 210 95 269 206 1364 0 0 1 "Stealing"
0 210 95 269 206 1365 0 0 1 "Stealing"
0 210 95 269 206 1366 0 0 1 "Stealing"
0 210 95 269 206 1367 0 0 1 "Stealing"
0 210 95 269 206 1368 0 0 1 "Stealing"
0 210 95 269 206 1369 0 0 1 "Stealing"
0 210 95 269 206 1370 0 0 1 "Stealing"
0 210 95 269 206 1371 0 0 1 "Stealing"
0 210 95 269 206 1372 0 0 1 "Stealing"
0 210 95 269 206 1373 0 0 1 "Stealing"
0 210 95 269 206 1374 0 0 1 "Stealing"
0 210 95 269 206 1375 0 0 1 "Stealing"
0 210 95 269 206 1376 0 0 1 "Stealing"
0 210 95 269 206 1377 0 0 1 "Stealing"
0 210 96 269 207 1378 0 0 0 "Stealing"
0 210 94 269 205 1379 0 0 1 "Stealing"
0 210 93 269 204 1380 0 0 1 "Stealing"
0 210 92 269 203 1381 0 0 1 "Stealing"
0 210 90 269 201 1382 0 0 1 "Stealing"
0 210 89 269 200 1383 0 0 1 "Stealing"
0 210 88 269 199 1384 0 0 1 "Stealing"
0 210 86 269 197 1385 0 0 1 "Stealing"
0 210 85 269 196 1386 0 0 1 "Stealing"
0 210 84 269 195 1387 0 0 1 "Stealing"
0 210 83 269 194 1388 0 0 0 "Stealing"
0 208 81 269 192 1389 0 0 1 "Stealing"
0 206 80 269 191 1390 0 0 1 "Stealing"
0 204 78 269 189 1391 0 0 1 "Stealing"
0 202 77 269 188 1392 0 0 1 "Stealing"
0 200 76 269 186 1393 0 0 1 "Stealing"
0 198 74 269 185 1394 0 0 1 "Stealing"
0 196 73 269 183 1395 0 0 1 "Stealing"
0 194 71 269 182 1396 0 0 1 "Stealing"
0 192 70 269 180 1397 0 0 1 "Stealing"
0 190 69 269 179 1398 0 0 0 "Stealing"
0 186 66 268 175 1399 0 0 1 "Stealing"
0 183 64 268 172 1400 0 0 1 "Stealing"
0 180 62 268 168 1401 0 0 1 "Stealing"
0 177 60 268 165 1402 0 0 1 "Stealing"
0 174 58 268 162 1403 0 0 1 "Stealing"
0 170 55 268 158 1404 0 0 1 "Stealing"
0 167 53 268 155 1405 0 0 1 "Stealing"
0 164 51 268 151 1406 0 0 1 "Stealing"
0 161 49 268 148 1407 0 0 1 "Stealing"
0 158 47 268 145 1408 1 0 0 "Stealing"
0 157 46 267 144 1409 1 0 1 "Stealing"
0 157 46 267 144 1410 1 0 1 "Stealing"
0 157 46 267 144 1411 1 0 1 "Stealing"
0 157 46 267 144 1412 1 0 1 "Stealing"
0 157 46 267 144 1413 1 0 1 "Stealing"
0 157 46 267 144 1414 1 0 0 "Stealing"
0 157 46 267 144 1415 1 0 1 "Stealing"
0 157 46 267 144 1416 1 0 1 "Stealing"
0 157 46 267 144 1417 1 0 1 "Stealing"
0 157 46 267 144 1418 1 0 1 "Stealing"
0 157 46 267 144 1419 1 0 1 "Stealing"
0 157 46 267 145 1420 1 0 1 "Stealing"
0 157 46 267 145 1421 1 0 1 "Stealing"
0 157 46 267 145 1422 1 0 1 "Stealing"
0 157 46 267 145 1423 1 0 1 "Stealing"
0 157 46 267 145 1424 1 0 1 "Stealing"
0 157 46 267 145 1425 1 0 1 "Stealing"
0 157 46 267 146 1426 1 0 1 "Stealing"
0 157 46 267 146 1427 1 0 1 "Stealing"
0 157 46 267 146 1428 1 0 1 "Stealing"
0 157 46 267 146 1429 1 0 1 "Stealing"
0 157 46 267 146 1430 1 0 1 "Stealing"
0 157 46 267 147 1431 1 0 1 "Stealing"
0 157 46 267 147 1432 1 0 1 "Stealing"
0 157 46 267 147 1433 1 0 1 "Stealing"
0 157 46 267 147 1434 1 0 1 "Stealing"
0 157 47 267 147 1435 1 0 1 "Stealing"
0 157 47 267 147 1436 1 0 1 "Stealing"
0 157 47 267 148 1437 1 0 1 "Stealing"
0 157 47 267 148 1438 1 0 1 "Stealing"
0 157 47 267 148 1439 1 0 1 "Stealing"
0 158 47 267 148 1440 1 0 1 "Stealing"
0 158 47 267 148 1441 1 0 1 "Stealing"
0 158 47 267 148 1442 1 0 1 "Stealing"
0 158 47 267 149 1443 1 0 1 "Stealing"
0 158 47 267 149 1444 1 0 1 "Stealing"
0 158 47 267 149 1445 1 0 1 "Stealing"
0 158 47 267 149 1446 1 0 1 "Stealing"
0 158 47 267 149 1447 1 0 1 "Stealing"
0 158 47 267 150 1448 1 0 1 "Stealing"
0 158 47 267 150 1449 1 0 1 "Stealing"
0 158 47 267 150 1450 1 0 1 "Stealing"
0 158 47 267 150 1451 1 0 1 "Stealing"
0 158 47 267 150 1452 1 0 1 "Stealing"
0 158 47 267 150 1453 1 0 1 "Stealing"
0 158 47 267 151 1454 1 0 1 "Stealing"
0 158 47 267 151 1455 1 0 1 "Stealing"
0 158 48 267 151 1456 1 0 1 "Stealing"
0 158 48 267 151 1457 1 0 1 "Stealing"
0 158 48 267 151 1458 1 0 1 "Stealing"
0 158 48 267 152 1459 1 0 1 "Stealing"
0 158 48 267 152 1460 1 0 1 "Stealing"
0 158 48 267 152 1461 1 0 1 "Stealing"
0 158 48 267 152 1462 1 0 1 "Stealing"
0 158 48 267 152 1463 1 0 1 "Stealing"
0 158 48 267 152 1464 1 0 1 "Stealing"
0 159 48 267 153 1465 1 0 1 "Stealing"
0 159 48 267 153 1466 1 0 1 "Stealing"
0 159 48 267 153 1467 1 0 1 "Stealing"
0 159 48 267 153 1468 1 0 1 "Stealing"
0 159 48 267 153 1469 1 0 1 "Stealing"
0 159 48 267 153 1470 1 0 1 "Stealing"
0 159 48 267 154 1471 1 0 1 "Stealing"
0 159 48 267 154 1472 1 0 1 "Stealing"
0 159 48 267 154 1473 1 0 1 "Stealing"
0 159 48 267 154 1474 1 0 1 "Stealing"
0 159 48 267 154 1475 1 0 1 "Stealing"
0 159 48 267 155 1476 1 0 1 "Stealing"
0 159 49 267 155 1477 1 0 1 "Stealing"
0 159 49 267 155 1478 1 0 1 "Stealing"
0 159 49 267 155 1479 1 0 1 "Stealing"
0 159 49 267 155 1480 1 0 1 "Stealing"
0 159 49 267 155 1481 1 0 1 "Stealing"
0 159 49 267 156 1482 1 0 1 "Stealing"
0 159 49 267 156 1483 1 0 1 "Stealing"
0 159 49 267 156 1484 1 0 1 "Stealing"
0 159 49 267 156 1485 1 0 1 "Stealing"
0 159 49 267 156 1486 1 0 1 "Stealing"
0 159 49 267 156 1487 1 0 1 "Stealing"
0 159 49 267 157 1488 1 0 1 "Stealing"
0 159 49 267 157 1489 1 0 1 "Stealing"
0 160 49 267 157 1490 1 0 1 "Stealing"
0 160 49 267 157 1491 1 0 1 "Stealing"
0 160 49 267 157 1492 1 0 1 "Stealing"
0 160 49 267 158 1493 1 0 1 "Stealing"
0 160 49 267 158 1494 1 0 1 "Stealing"
0 160 49 267 158 1495 1 0 1 "Stealing"
0 160 49 267 158 1496 1 0 1 "Stealing"
0 160 49 267 158 1497 1 0 1 "Stealing"
0 160 50 267 158 1498 1 0 1 "Stealing"
0 160 50 267 159 1499 1 0 1 "Stealing"
0 160 50 267 159 1500 1 0 1 "Stealing"
0 160 50 267 159 1501 1 0 1 "Stealing"
0 160 50 267 159 1502 1 0 1 "Stealing"
0 160 50 267 159 1503 1 0 1 "Stealing"
0 160 50 267 160 1504 1 0 1 "Stealing"
0 160 50 267 160 1505 1 0 1 "Stealing"
0 160 50 267 160 1506 1 0 1 "Stealing"
0 160 50 267 160 1507 1 0 1 "Stealing"
0 160 50 267 160 1508 1 0 1 "Stealing"
0 160 50 267 160 1509 1 0 1 "Stealing"
0 160 50 267 161 1510 1 0 1 "Stealing"
0 160 50 267 161 1511 1 0 1 "Stealing"
0 160 50 267 161 1512 1 0 1 "Stealing"
0 160 50 267 161 1513 1 0 1 "Stealing"
0 160 50 267 161 1514 1 0 1 "Stealing"
0 160 50 267 161 1515 1 0 1 "Stealing"
0 161 50 267 162 1516 1 0 1 "Stealing"
0 161 50 267 162 1517 1 0 1 "Stealing"
0 161 50 267 162 1518 1 0 1 "Stealing"
0 161 51 267 162 1519 1 0 1 "Stealing"
0 161 51 267 162 1520 1 0 1 "Stealing"
0 161 51 267 163 1521 1 0 1 "Stealing"
0 161 51 267 163 1522 1 0 1 "Stealing"
0 161 51 267 163 1523 1 0 1 "Stealing"
0 161 51 267 163 1524 1 0 1 "Stealing"
0 161 51 267 163 1525 1 0 1 "Stealing"
0 161 51 267 163 1526 1 0 1 "Stealing"
0 161 51 267 164 1527 1 0 1 "Stealing"
0 161 51 267 164 1528 1 0 1 "Stealing"
0 161 51 267 164 1529 1 0 1 "Stealing"
0 161 51 267 164 1530 1 0 1 "Stealing"
0 161 51 267 164 1531 1 0 1 "Stealing"
0 161 51 267 165 1532 1 0 1 "Stealing"
0 161 51 267 165 1533 1 0 1 "Stealing"
0 161 51 267 165 1534 1 0 1 "Stealing"
0 161 51 267 165 1535 1 0 1 "Stealing"
0 161 51 267 165 1536 1 0 1 "Stealing"
0 161 51 267 165 1537 1 0 1 "Stealing"
0 161 51 267 166 1538 1 0 1 "Stealing"
0 161 52 267 166 1539 1 0 1 "Stealing"
0 161 52 267 166 1540 1 0 1 "Stealing"
0 162 52 267 166 1541 1 0 1 "Stealing"
0 162 52 267 166 1542 1 0 1 "Stealing"
0 162 52 267 166 1543 1 0 1 "Stealing"
0 162 52 267 167 1544 1 0 1 "Stealing"
0 162 52 267 167 1545 1 0 1 "Stealing"
0 162 52 267 167 1546 1 0 1 "Stealing"
0 162 52 267 167 1547 1 0 1 "Stealing"
0 162 52 267 167 1548 1 0 1 "Stealing"
0 162 52 267 168 1549 1 0 1 "Stealing"
0 162 52 267 168 1550 1 0 1 "Stealing"
0 162 52 267 168 1551 1 0 1 "Stealing"
0 162 52 267 168 1552 1 0 1 "Stealing"
0 162 52 267 168 1553 1 0 1 "Stealing"
0 162 52 267 168 1554 1 0 1 "Stealing"
0 162 52 267 169 1555 1 0 1 "Stealing"
0 162 52 267 169 1556 1 0 1 "Stealing"
0 162 52 267 169 1557 1 0 1 "Stealing"
0 162 52 267 169 1558 1 0 1 "Stealing"
0 162 52 267 169 1559 1 0 1 "Stealing"
0 162 53 267 169 1560 1 0 1 "Stealing"
0 162 53 267 170 1561 1 0 1 "Stealing"
0 162 53 267 170 1562 1 0 1 "Stealing"
0 162 53 267 170 1563 1 0 1 "Stealing"
0 162 53 267 170 1564 1 0 1 "Stealing"
0 162 53 267 170 1565 1 0 1 "Stealing"
0 163 53 267 171 1566 1 0 1 "Stealing"
0 163 53 267 171 1567 1 0 1 "Stealing"
0 163 53 267 171 1568 1 0 1 "Stealing"
0 163 53 267 171 1569 1 0 1 "Stealing"
0 163 53 267 171 1570 1 0 1 "Stealing"
0 163 53 267 171 1571 1 0 1 "Stealing"
0 163 53 267 172 1572 1 0 1 "Stealing"
0 163 53 267 172 1573 1 0 1 "Stealing"
0 163 53 267 172 1574 1 0 1 "Stealing"
0 163 53 267 172 1575 1 0 1 "Stealing"
0 163 53 267 172 1576 1 0 1 "Stealing"
0 163 53 267 173 1577 1 0 1 "Stealing"
0 163 53 267 173 1578 1 0 1 "Stealing"
0 163 53 267 173 1579 1 0 1 "Stealing"
0 163 53 267 173 1580 1 0 1 "Stealing"
0 163 54 267 173 1581 1 0 1 "Stealing"
0 163 54 267 173 1582 1 0 1 "Stealing"
0 163 54 267 174 1583 1 0 1 "Stealing"
0 163 54 267 174 1584 1 0 1 "Stealing"
0 163 54 267 174 1585 1 0 1 "Stealing"
0 163 54 267 174 1586 1 0 1 "Stealing"
0 163 54 267 174 1587 1 0 1 "Stealing"
0 163 54 267 174 1588 1 0 1 "Stealing"
0 163 54 267 175 1589 1 0 1 "Stealing"
0 163 54 267 175 1590 1 0 1 "Stealing"
0 164 54 267 175 1591 1 0 1 "Stealing"
0 164 54 267 175 1592 1 0 1 "Stealing"
0 164 54 267 175 1593 1 0 1 "Stealing"
0 164 54 267 176 1594 1 0 1 "Stealing"
0 164 54 267 176 1595 1 0 1 "Stealing"
0 164 54 267 176 1596 1 0 1 "Stealing"
0 164 54 267 176 1597 1 0 1 "Stealing"
0 164 54 267 176 1598 1 0 1 "Stealing"
0 164 54 267 176 1599 1 0 1 "Stealing"
0 164 54 267 177 1600 1 0 1 "Stealing"
0 164 54 267 177 1601 1 0 1 "Stealing"
0 164 55 267 177 1602 1 0 1 "Stealing"
0 164 55 267 177 1603 1 0 1 "Stealing"
0 164 55 267 177 1604 1 0 1 "Stealing"
0 164 55 267 177 1605 1 0 1 "Stealing"
0 164 55 267 178 1606 1 0 1 "Stealing"
0 164 55 267 178 1607 1 0 1 "Stealing"
0 164 55 267 178 1608 1 0 1 "Stealing"
0 164 55 267 178 1609 1 0 1 "Stealing"
0 164 55 267 178 1610 1 0 1 "Stealing"
0 164 55 267 179 1611 1 0 1 "Stealing"
0 164 55 267 179 1612 1 0 1 "Stealing"
0 164 55 267 179 1613 1 0 1 "Stealing"
0 164 55 267 179 1614 1 0 1 "Stealing"
0 164 55 267 179 1615 1 0 1 "Stealing"
0 164 55 267 179 1616 1 0 1 "Stealing"
0 165 55 267 180 1617 1 0 1 "Stealing"
0 165 55 267 180 1618 1 0 1 "Stealing"
0 165 55 267 180 1619 1 0 1 "Stealing"
0 165 55 267 180 1620 1 0 1 "Stealing"
0 165 55 267 180 1621 1 0 1 "Stealing"
0 165 55 267 181 1622 1 0 1 "Stealing"
0 165 56 267 181 1623 1 0 1 "Stealing"
0 165 56 267 181 1624 1 0 1 "Stealing"
0 165 56 267 181 1625 1 0 1 "Stealing"
0 165 56 267 181 1626 1 0 1 "Stealing"
0 165 56 267 181 1627 1 0 1 "Stealing"
0 165 56 267 182 1628 1 0 1 "Stealing"
0 165 56 267 182 1629 1 0 1 "Stealing"
0 165 56 267 182 1630 1 0 1 "Stealing"
0 165 56 267 182 1631 1 0 1 "Stealing"
0 165 56 267 182 1632 1 0 1 "Stealing"
0 165 56 267 182 1633 1 0 1 "Stealing"
0 165 56 267 183 1634 1 0 1 "Stealing"
0 165 56 267 183 1635 1 0 1 "Stealing"
0 165 56 267 183 1636 1 0 1 "Stealing"
0 165 56 267 183 1637 1 0 1 "Stealing"
0 165 56 267 183 1638 1 0 1 "Stealing"
0 165 56 267 184 1639 1 0 1 "Stealing"
0 165 56 267 184 1640 1 0 1 "Stealing"
0 165 56 267 184 1641 1 0 1 "Stealing"
0 166 56 267 184 1642 1 0 1 "Stealing"
0 166 56 267 184 1643 1 0 1 "Stealing"
0 166 57 267 184 1644 1 0 1 "Stealing"
0 166 57 267 185 1645 1 0 1 "Stealing"
0 166 57 267 185 1646 1 0 1 "Stealing"
0 166 57 267 185 1647 1 0 1 "Stealing"
0 166 57 267 185 1648 1 0 1 "Stealing"
0 166 57 267 185 1649 1 0 1 "Stealing"
0 166 57 267 186 1650 1 0 1 "Stealing"
0 166 57 267 186 1651 1 0 1 "Stealing"
0 166 57 267 186 1652 1 0 1 "Stealing"
0 166 57 267 186 1653 1 0 1 "Stealing"
0 166 57 267 186 1654 1 0 1 "Stealing"
0 166 57 267 186 1655 1 0 1 "Stealing"
0 166 57 267 187 1656 1 0 1 "Stealing"
0 166 57 267 187 1657 1 0 1 "Stealing"
0 166 57 267 187 1658 1 0 1 "Stealing"
0 166 57 267 187 1659 1 0 1 "Stealing"
0 166 57 267 187 1660 1 0 1 "Stealing"
0 166 57 267 187 1661 1 0 1 "Stealing"
0 166 57 267 188 1662 1 0 1 "Stealing"
0 166 57 267 188 1663 1 0 1 "Stealing"
0 166 58 267 188 1664 1 0 1 "Stealing"
0 166 58 267 188 1665 1 0 1 "Stealing"
0 166 58 267 188 1666 1 0 1 "Stealing"
0 167 58 267 189 1667 1 0 1 "Stealing"
0 167 58 267 189 1668 1 0 1 "Stealing"
0 167 58 267 189 1669 1 0 1 "Stealing"
0 167 58 267 189 1670 1 0 1 "Stealing"
0 167 58 267 189 1671 1 0 1 "Stealing"
0 167 58 267 189 1672 1 0 1 "Stealing"
0 167 58 267 190 1673 1 0 1 "Stealing"
0 167 58 267 190 1674 1 0 1 "Stealing"
0 167 58 267 190 1675 1 0 1 "Stealing"
0 167 58 267 190 1676 1 0 1 "Stealing"
0 167 58 267 190 1677 1 0 1 "Stealing"
0 167 58 267 190 1678 1 0 1 "Stealing"
0 167 58 267 191 1679 1 0 1 "Stealing"
0 167 58 267 191 1680 1 0 1 "Stealing"
0 167 58 267 191 1681 1 0 1 "Stealing"
0 167 58 267 191 1682 1 0 1 "Stealing"
0 167 58 267 191 1683 1 0 1 "Stealing"
0 167 58 267 192 1684 1 0 1 "Stealing"
0 167 59 267 192 1685 1 0 1 "Stealing"
0 167 59 267 192 1686 1 0 1 "Stealing"
0 167 59 267 192 1687 1 0 1 "Stealing"
0 167 59 267 192 1688 1 0 1 "Stealing"
0 167 59 267 192 1689 1 0 1 "Stealing"
0 167 59 267 193 1690 1 0 1 "Stealing"
0 167 59 267 193 1691 1 0 1 "Stealing"
0 167 59 267 193 1692 1 0 1 "Stealing"
0 168 59 267 193 1693 1 0 1 "Stealing"
0 168 59 267 193 1694 1 0 1 "Stealing"
0 168 59 267 194 1695 1 0 1 "Stealing"
0 168 59 267 194 1696 1 0 1 "Stealing"
0 168 59 267 194 1697 1 0 1 "Stealing"
0 168 59 267 194 1698 1 0 1 "Stealing"
0 168 59 267 194 1699 1 0 1 "Stealing"
0 168 59 267 194 1700 1 0 1 "Stealing"
0 168 59 267 195 1701 1 0 1 "Stealing"
0 168 59 267 195 1702 1 0 1 "Stealing"
0 168 59 267 195 1703 1 0 1 "Stealing"
0 168 59 267 195 1704 1 0 1 "Stealing"
0 168 59 267 195 1705 1 0 1 "Stealing"
0 168 60 267 195 1706 1 0 1 "Stealing"
0 168 60 267 196 1707 1 0 1 "Stealing"
0 168 60 267 196 1708 1 0 1 "Stealing"
0 168 60 267 196 1709 1 0 1 "Stealing"
0 168 60 267 196 1710 1 0 1 "Stealing"
0 168 60 267 196 1711 1 0 1 "Stealing"
0 168 60 267 197 1712 1 0 1 "Stealing"
0 168 60 267 197 1713 1 0 1 "Stealing"
0 168 60 267 197 1714 1 0 1 "Stealing"
0 168 60 267 197 1715 1 0 1 "Stealing"
0 168 60 267 197 1716 1 0 1 "Stealing"
0 168 60 267 197 1717 1 0 1 "Stealing"
0 169 60 267 198 1718 1 0 1 "Stealing"
0 169 60 267 198 1719 1 0 1 "Stealing"
0 169 60 267 198 1720 1 0 1 "Stealing"
0 169 60 267 198 1721 1 0 1 "Stealing"
0 169 60 267 198 1722 1 0 1 "Stealing"
0 169 60 267 198 1723 1 0 1 "Stealing"
0 169 60 267 199 1724 1 0 1 "Stealing"
0 169 60 267 199 1725 1 0 1 "Stealing"
0 169 60 267 199 1726 1 0 1 "Stealing"
0 169 61 267 199 1727 1 0 1 "Stealing"
0 169 61 267 199 1728 1 0 1 "Stealing"
0 169 61 267 200 1729 1 0 1 "Stealing"
0 169 61 267 200 1730 1 0 1 "Stealing"
0 169 61 267 200 1731 1 0 1 "Stealing"
0 169 61 267 200 1732 1 0 1 "Stealing"
0 169 61 267 200 1733 1 0 1 "Stealing"
0 169 61 267 200 1734 1 0 1 "Stealing"
0 169 61 267 201 1735 1 0 1 "Stealing"
0 169 61 267 201 1736 1 0 1 "Stealing"
0 169 61 267 201 1737 1 0 1 "Stealing"
0 169 61 267 201 1738 1 0 1 "Stealing"
0 169 61 267 201 1739 1 0 1 "Stealing"
0 169 61 267 202 1740 1 0 1 "Stealing"
0 169 61 267 202 1741 1 0 1 "Stealing"
0 169 61 267 202 1742 1 0 1 "Stealing"
0 170 61 267 202 1743 1 0 1 "Stealing"
0 170 61 267 202 1744 1 0 1 "Stealing"
0 170 61 267 202 1745 1 0 1 "Stealing"
0 170 61 267 203 1746 1 0 1 "Stealing"
0 170 61 267 203 1747 1 0 1 "Stealing"
0 170 62 267 203 1748 1 0 1 "Stealing"
0 170 62 267 203 1749 1 0 1 "Stealing"
0 170 62 267 203 1750 1 0 1 "Stealing"
0 170 62 267 203 1751 1 0 1 "Stealing"
0 170 62 267 204 1752 1 0 1 "Stealing"
0 170 62 267 204 1753 1 0 1 "Stealing"
0 170 62 267 204 1754 1 0 1 "Stealing"
0 170 62 267 204 1755 1 0 1 "Stealing"
0 170 62 267 204 1756 1 0 1 "Stealing"
0 170 62 267 205 1757 1 0 1 "Stealing"
0 170 62 267 205 1758 1 0 1 "Stealing"
0 170 62 267 205 1759 1 0 1 "Stealing"
0 170 62 267 205 1760 1 0 1 "Stealing"
0 170 62 267 205 1761 1 0 1 "Stealing"
0 170 62 267 205 1762 1 0 1 "Stealing"
0 170 62 267 206 1763 1 0 1 "Stealing"
0 170 62 267 206 1764 1 0 1 "Stealing"
0 170 62 267 206 1765 1 0 1 "Stealing"
0 170 62 267 206 1766 1 0 1 "Stealing"
0 170 62 267 206 1767 1 0 1 "Stealing"
0 171 63 267 207 1768 1 0 0 "Stealing"
