0 87 49 168 106 0 1 0 0 "Stealing"
0 87 49 168 106 1 1 0 1 "Stealing"
0 87 49 168 106 2 1 0 1 "Stealing"
0 87 49 168 106 3 1 0 1 "Stealing"
0 87 49 168 106 4 1 0 1 "Stealing"
0 87 49 168 106 5 1 0 1 "Stealing"
0 87 49 168 106 6 1 0 1 "Stealing"
0 87 49 168 106 7 1 0 1 "Stealing"
0 87 49 168 106 8 1 0 1 "Stealing"
0 87 49 168 106 9 1 0 1 "Stealing"
0 87 49 168 106 10 1 0 1 "Stealing"
0 87 49 168 106 11 1 0 1 "Stealing"
0 87 49 168 106 12 1 0 1 "Stealing"
0 87 49 168 106 13 1 0 1 "Stealing"
0 87 49 168 106 14 1 0 1 "Stealing"
0 87 49 168 106 15 1 0 1 "Stealing"
0 87 49 168 106 16 1 0 1 "Stealing"
0 87 49 168 106 17 1 0 1 "Stealing"
0 87 49 168 106 18 1 0 1 "Stealing"
0 87 49 168 106 19 1 0 1 "Stealing"
0 87 49 168 106 20 1 0 1 "Stealing"
0 87 49 168 106 21 1 0 1 "Stealing"
0 87 49 168 106 22 1 0 1 "Stealing"
0 87 49 168 106 23 1 0 1 "Stealing"
0 87 49 168 106 24 1 0 1 "Stealing"
0 87 49 168 106 25 1 0 1 "Stealing"
0 87 49 168 106 26 1 0 1 "Stealing"
0 87 49 168 106 27 1 0 1 "Stealing"
0 87 49 168 106 28 1 0 1 "Stealing"
0 87 49 168 106 29 1 0 1 "Stealing"
0 87 49 168 106 30 1 0 1 "Stealing"
0 87 49 168 106 31 1 0 1 "Stealing"
0 87 49 168 106 32 1 0 1 "Stealing"
0 87 49 168 106 33 1 0 1 "Stealing"
0 87 49 168 106 34 1 0 1 "Stealing"
0 87 49 168 106 35 1 0 1 "Stealing"
0 87 49 168 106 36 1 0 1 "Stealing"
0 87 49 168 106 37 1 0 1 "Stealing"
0 87 49 168 106 38 1 0 1 "Stealing"
0 87 49 168 106 39 1 0 1 "Stealing"
0 87 49 168 106 40 1 0 1 "Stealing"
0 87 49 168 106 41 1 0 1 "Stealing"
0 87 49 168 106 42 1 0 1 "Stealing"
0 87 49 168 106 43 1 0 1 "Stealing"
0 87 49 168 106 44 1 0 1 "Stealing"
0 87 49 168 106 45 1 0 1 "Stealing"
0 87 49 168 106 46 1 0 1 "Stealing"
0 87 49 168 106 47 1 0 1 "Stealing"
0 87 49 168 106 48 1 0 1 "Stealing"
0 87 49 168 106 49 1 0 1 "Stealing"
0 87 49 168 106 50 1 0 1 "Stealing"
0 87 49 168 106 51 1 0 1 "Stealing"
0 87 49 168 106 52 1 0 1 "Stealing"
0 87 49 168 106 53 1 0 1 "Stealing"
0 87 49 168 106 54 1 0 1 "Stealing"
0 87 49 168 106 55 1 0 1 "Stealing"
0 87 49 168 106 56 1 0 1 "Stealing"
0 87 49 168 106 57 1 0 1 "Stealing"
0 87 49 168 106 58 1 0 1 "Stealing"
0 87 49 168 106 59 1 0 1 "Stealing"
0 87 49 168 106 60 1 0 1 "Stealing"
0 87 49 168 106 61 1 0 1 "Stealing"
0 87 49 168 106 62 1 0 1 "Stealing"
0 87 49 168 106 63 1 0 1 "Stealing"
0 87 49 168 106 64 1 0 1 "Stealing"
0 87 49 168 106 65 1 0 1 "Stealing"
0 87 49 168 106 66 1 0 1 "Stealing"
0 87 49 168 106 67 1 0 1 "Stealing"
0 87 49 168 106 68 1 0 1 "Stealing"
0 87 49 168 106 69 1 0 1 "Stealing"
0 87 49 168 106 70 1 0 1 "Stealing"
0 87 49 168 106 71 1 0 1 "Stealing"
0 87 49 168 106 72 1 0 1 "Stealing"
0 87 49 168 106 73 1 0 1 "Stealing"
0 87 49 168 106 74 1 0 1 "Stealing"
0 87 49 168 106 75 1 0 1 "Stealing"
0 87 49 168 106 76 1 0 1 "Stealing"
0 87 49 168 106 77 1 0 1 "Stealing"
0 87 49 168 106 78 1 0 1 "Stealing"
0 87 49 168 106 79 1 0 1 "Stealing"
0 87 49 168 106 80 1 0 1 "Stealing"
0 87 49 168 106 81 1 0 1 "Stealing"
0 87 49 168 106 82 1 0 1 "Stealing"
0 87 49 168 106 83 1 0 1 "Stealing"
0 87 49 168 106 84 1 0 1 "Stealing"
0 87 49 168 106 85 1 0 1 "Stealing"
0 87 49 168 106 86 1 0 1 "Stealing"
0 87 49 168 106 87 1 0 1 "Stealing"
0 87 49 168 106 88 1 0 1 "Stealing"
0 87 49 168 106 89 1 0 1 "Stealing"
0 87 49 168 106 90 1 0 1 "Stealing"
0 87 49 168 106 91 1 0 1 "Stealing"
0 87 49 168 106 92 1 0 1 "Stealing"
0 87 49 168 106 93 1 0 1 "Stealing"
0 87 49 168 106 94 1 0 1 "Stealing"
0 87 49 168 106 95 1 0 1 "Stealing"
0 87 49 168 106 96 1 0 1 "Stealing"
0 87 49 168 106 97 1 0 1 "Stealing"
0 87 49 168 106 98 1 0 1 "Stealing"
0 87 49 168 106 99 1 0 1 "Stealing"
0 87 49 168 106 100 1 0 1 "Stealing"
0 87 49 168 106 101 1 0 1 "Stealing"
0 87 49 168 106 102 1 0 1 "Stealing"
0 87 49 168 106 103 1 0 1 "Stealing"
0 87 49 168 106 104 1 0 1 "Stealing"
0 87 49 168 106 105 1 0 1 "Stealing"
0 87 49 168 106 106 1 0 1 "Stealing"
0 87 49 168 106 107 1 0 1 "Stealing"
0 87 49 168 106 108 1 0 1 "Stealing"
0 87 49 168 106 109 1 0 1 "Stealing"
0 87 49 168 106 110 1 0 1 "Stealing"
0 87 49 168 106 111 1 0 1 "Stealing"
0 87 49 168 106 112 1 0 1 "Stealing"
0 87 49 168 106 113 1 0 1 "Stealing"
0 87 49 168 106 114 1 0 1 "Stealing"
0 87 49 168 106 115 1 0 1 "Stealing"
0 87 49 168 106 116 1 0 1 "Stealing"
0 87 49 168 106 117 1 0 1 "Stealing"
0 87 49 168 106 118 1 0 1 "Stealing"
0 87 49 168 106 119 1 0 1 "Stealing"
0 87 49 168 106 120 1 0 1 "Stealing"
0 87 49 168 106 121 1 0 1 "Stealing"
0 87 49 168 106 122 1 0 1 "Stealing"
0 87 49 168 106 123 1 0 1 "Stealing"
0 87 49 168 106 124 1 0 1 "Stealing"
0 87 49 168 106 125 1 0 1 "Stealing"
0 87 49 168 106 126 1 0 1 "Stealing"
0 87 49 168 106 127 1 0 1 "Stealing"
0 87 49 168 106 128 1 0 1 "Stealing"
0 87 49 168 106 129 1 0 1 "Stealing"
0 87 49 168 106 130 1 0 1 "Stealing"
0 87 49 168 106 131 1 0 1 "Stealing"
0 87 49 168 106 132 1 0 1 "Stealing"
0 87 49 168 106 133 1 0 1 "Stealing"
0 87 49 168 106 134 1 0 1 "Stealing"
0 87 49 168 106 135 1 0 1 "Stealing"
0 87 49 168 106 136 1 0 1 "Stealing"
0 87 49 168 106 137 1 0 1 "Stealing"
0 87 49 168 106 138 1 0 1 "Stealing"
0 87 49 168 106 139 1 0 1 "Stealing"
0 87 49 168 106 140 1 0 1 "Stealing"
0 87 49 168 106 141 1 0 1 "Stealing"
0 87 49 168 106 142 1 0 1 "Stealing"
0 87 49 168 106 143 1 0 1 "Stealing"
0 87 49 168 106 144 1 0 1 "Stealing"
0 87 49 168 106 145 1 0 1 "Stealing"
0 87 49 168 106 146 1 0 1 "Stealing"
0 87 49 168 106 147 1 0 1 "Stealing"
0 87 49 168 106 148 1 0 1 "Stealing"
0 87 49 168 106 149 1 0 1 "Stealing"
0 87 49 168 106 150 1 0 1 "Stealing"
0 87 49 168 106 151 1 0 1 "Stealing"
0 87 49 168 106 152 1 0 1 "Stealing"
0 87 49 168 106 153 1 0 1 "Stealing"
0 87 49 168 106 154 1 0 1 "Stealing"
0 87 49 168 106 155 1 0 1 "Stealing"
0 87 49 168 106 156 1 0 1 "Stealing"
0 87 49 168 106 157 1 0 1 "Stealing"
0 87 49 168 106 158 1 0 1 "Stealing"
0 87 49 168 106 159 1 0 1 "Stealing"
0 87 49 168 106 160 1 0 1 "Stealing"
0 87 49 168 106 161 1 0 1 "Stealing"
0 87 49 168 106 162 1 0 1 "Stealing"
0 87 49 168 106 163 1 0 1 "Stealing"
0 87 49 168 106 164 1 0 1 "Stealing"
0 87 49 168 106 165 1 0 1 "Stealing"
0 87 49 168 106 166 1 0 1 "Stealing"
0 87 49 168 106 167 1 0 1 "Stealing"
0 87 49 168 106 168 1 0 1 "Stealing"
0 87 49 168 106 169 1 0 1 "Stealing"
0 87 49 168 106 170 1 0 1 "Stealing"
0 87 49 168 106 171 1 0 1 "Stealing"
0 87 49 168 106 172 1 0 1 "Stealing"
0 87 49 168 106 173 1 0 1 "Stealing"
0 87 49 168 106 174 1 0 1 "Stealing"
0 87 49 168 106 175 1 0 1 "Stealing"
0 87 49 168 106 176 1 0 1 "Stealing"
0 87 49 168 106 177 1 0 1 "Stealing"
0 87 49 168 106 178 1 0 1 "Stealing"
0 87 49 168 106 179 1 0 1 "Stealing"
0 87 49 168 106 180 1 0 1 "Stealing"
0 87 49 168 106 181 1 0 1 "Stealing"
0 87 49 168 106 182 1 0 1 "Stealing"
0 87 49 168 106 183 1 0 1 "Stealing"
0 87 49 168 106 184 1 0 1 "Stealing"
0 87 49 168 106 185 1 0 1 "Stealing"
0 87 49 168 106 186 1 0 1 "Stealing"
0 87 49 168 106 187 1 0 1 "Stealing"
0 87 49 168 106 188 1 0 1 "Stealing"
0 87 49 168 106 189 1 0 1 "Stealing"
0 87 49 168 106 190 1 0 1 "Stealing"
0 87 49 168 106 191 1 0 1 "Stealing"
0 87 49 168 106 192 1 0 1 "Stealing"
0 87 49 168 106 193 1 0 1 "Stealing"
0 87 49 168 106 194 1 0 1 "Stealing"
0 87 49 168 106 195 1 0 1 "Stealing"
0 87 49 168 106 196 1 0 1 "Stealing"
0 87 49 168 106 197 1 0 1 "Stealing"
0 87 49 168 106 198 1 0 1 "Stealing"
0 87 49 168 106 199 1 0 1 "Stealing"
0 87 49 168 106 200 1 0 1 "Stealing"
0 87 49 168 106 201 1 0 1 "Stealing"
0 87 49 168 106 202 1 0 1 "Stealing"
0 87 49 168 106 203 1 0 1 "Stealing"
0 87 49 168 106 204 1 0 1 "Stealing"
0 87 49 168 106 205 1 0 1 "Stealing"
0 87 49 168 106 206 1 0 1 "Stealing"
0 87 49 168 106 207 1 0 1 "Stealing"
0 87 49 168 106 208 1 0 1 "Stealing"
0 87 49 168 106 209 1 0 1 "Stealing"
0 87 49 168 106 210 1 0 1 "Stealing"
0 87 49 168 106 211 1 0 1 "Stealing"
0 87 49 168 106 212 1 0 1 "Stealing"
0 87 49 168 106 213 1 0 1 "Stealing"
0 87 49 168 106 214 1 0 1 "Stealing"
0 87 49 168 106 215 1 0 1 "Stealing"
0 87 49 168 106 216 1 0 1 "Stealing"
0 87 49 168 106 217 1 0 1 "Stealing"
0 87 49 168 106 218 1 0 1 "Stealing"
0 87 49 168 106 219 1 0 1 "Stealing"
0 87 49 168 106 220 1 0 1 "Stealing"
0 87 49 168 106 221 1 0 1 "Stealing"
0 87 49 168 106 222 1 0 1 "Stealing"
0 87 49 168 106 223 1 0 1 "Stealing"
0 87 49 168 106 224 1 0 1 "Stealing"
0 87 49 168 106 225 1 0 1 "Stealing"
0 87 49 168 106 226 1 0 1 "Stealing"
0 87 49 168 106 227 1 0 1 "Stealing"
0 87 49 168 106 228 1 0 1 "Stealing"
0 87 49 168 106 229 1 0 1 "Stealing"
0 87 49 168 106 230 1 0 1 "Stealing"
0 87 49 168 106 231 1 0 1 "Stealing"
0 87 49 168 106 232 1 0 1 "Stealing"
0 87 49 168 106 233 1 0 1 "Stealing"
0 87 49 168 106 234 1 0 1 "Stealing"
0 87 49 168 106 235 1 0 1 "Stealing"
0 87 49 168 106 236 1 0 1 "Stealing"
0 87 49 168 106 237 1 0 1 "Stealing"
0 87 49 168 106 238 1 0 1 "Stealing"
0 87 49 168 106 239 1 0 1 "Stealing"
0 87 49 168 106 240 1 0 1 "Stealing"
0 87 49 168 106 241 1 0 1 "Stealing"
0 87 49 168 106 242 1 0 1 "Stealing"
0 87 49 168 106 243 1 0 1 "Stealing"
0 87 49 168 106 244 1 0 1 "Stealing"
0 87 49 168 106 245 1 0 1 "Stealing"
0 87 49 168 106 246 1 0 1 "Stealing"
0 87 49 168 106 247 1 0 1 "Stealing"
0 87 49 168 106 248 1 0 1 "Stealing"
0 87 49 168 106 249 1 0 1 "Stealing"
0 87 49 168 106 250 1 0 1 "Stealing"
0 87 49 168 106 251 1 0 1 "Stealing"
0 87 49 168 106 252 1 0 1 "Stealing"
0 87 49 168 106 253 1 0 1 "Stealing"
0 87 49 168 106 254 1 0 1 "Stealing"
0 87 49 168 106 255 1 0 1 "Stealing"
0 87 49 168 106 256 1 0 1 "Stealing"
0 87 49 168 106 257 1 0 1 "Stealing"
0 87 49 168 106 258 1 0 1 "Stealing"
0 87 49 168 106 259 1 0 1 "Stealing"
0 87 49 168 106 260 1 0 1 "Stealing"
0 87 49 168 106 261 1 0 1 "Stealing"
0 87 49 168 106 262 1 0 1 "Stealing"
0 87 49 168 106 263 1 0 1 "Stealing"
0 87 49 168 106 264 1 0 1 "Stealing"
0 87 49 168 106 265 1 0 1 "Stealing"
0 87 49 168 106 266 1 0 1 "Stealing"
0 87 49 168 106 267 1 0 1 "Stealing"
0 87 49 168 106 268 1 0 1 "Stealing"
0 87 49 168 106 269 1 0 1 "Stealing"
0 87 49 168 106 270 1 0 1 "Stealing"
0 87 49 168 106 271 1 0 1 "Stealing"
0 87 49 168 106 272 1 0 1 "Stealing"
0 87 49 168 106 273 1 0 1 "Stealing"
0 87 49 168 106 274 1 0 1 "Stealing"
0 87 49 168 106 275 1 0 1 "Stealing"
0 87 49 168 106 276 1 0 1 "Stealing"
0 87 49 168 106 277 1 0 1 "Stealing"
0 87 49 168 106 278 1 0 1 "Stealing"
0 87 49 168 106 279 1 0 1 "Stealing"
0 87 49 168 106 280 1 0 1 "Stealing"
0 87 49 168 106 281 1 0 1 "Stealing"
0 87 49 168 106 282 1 0 1 "Stealing"
0 87 49 168 106 283 1 0 1 "Stealing"
0 87 49 168 106 284 1 0 1 "Stealing"
0 87 49 168 106 285 1 0 1 "Stealing"
0 87 49 168 106 286 1 0 1 "Stealing"
0 87 49 168 106 287 1 0 1 "Stealing"
0 87 49 168 106 288 1 0 1 "Stealing"
0 87 49 168 106 289 1 0 1 "Stealing"
0 87 49 168 106 290 1 0 1 "Stealing"
0 87 49 168 106 291 1 0 1 "Stealing"
0 87 49 168 106 292 1 0 1 "Stealing"
0 87 49 168 106 293 1 0 1 "Stealing"
0 87 49 168 106 294 1 0 1 "Stealing"
0 87 49 168 106 295 1 0 1 "Stealing"
0 87 49 168 106 296 1 0 1 "Stealing"
0 87 49 168 106 297 1 0 1 "Stealing"
0 87 49 168 106 298 1 0 1 "Stealing"
0 87 49 168 106 299 1 0 1 "Stealing"
0 87 49 168 106 300 1 0 1 "Stealing"
0 87 49 168 106 301 1 0 1 "Stealing"
0 87 49 168 106 302 1 0 1 "Stealing"
0 87 49 168 106 303 1 0 1 "Stealing"
0 87 49 168 106 304 1 0 1 "Stealing"
0 87 49 168 106 305 1 0 1 "Stealing"
0 87 49 168 106 306 1 0 1 "Stealing"
0 87 49 168 106 307 1 0 1 "Stealing"
0 87 49 168 106 308 1 0 1 "Stealing"
0 87 49 168 106 309 1 0 1 "Stealing"
0 87 49 168 106 310 1 0 1 "Stealing"
0 87 49 168 106 311 1 0 1 "Stealing"
0 87 49 168 106 312 1 0 1 "Stealing"
0 87 49 168 106 313 1 0 1 "Stealing"
0 87 49 168 106 314 1 0 1 "Stealing"
0 87 49 168 106 315 1 0 1 "Stealing"
0 87 49 168 106 316 1 0 1 "Stealing"
0 87 49 168 106 317 1 0 1 "Stealing"
0 87 49 168 106 318 1 0 1 "Stealing"
0 87 49 168 106 319 1 0 1 "Stealing"
0 87 49 168 106 320 1 0 1 "Stealing"
0 87 49 168 106 321 1 0 1 "Stealing"
0 87 49 168 106 322 1 0 1 "Stealing"
0 87 49 168 106 323 1 0 1 "Stealing"
0 87 49 168 106 324 1 0 1 "Stealing"
0 87 49 168 106 325 1 0 1 "Stealing"
0 87 49 168 106 326 1 0 1 "Stealing"
0 87 49 168 106 327 1 0 1 "Stealing"
0 87 49 168 106 328 1 0 1 "Stealing"
0 87 49 168 106 329 1 0 1 "Stealing"
0 87 49 168 106 330 1 0 1 "Stealing"
0 87 49 168 106 331 1 0 1 "Stealing"
0 87 49 168 106 332 1 0 1 "Stealing"
0 87 49 168 106 333 1 0 1 "Stealing"
0 87 49 168 106 334 1 0 1 "Stealing"
0 87 49 168 106 335 1 0 1 "Stealing"
0 87 49 168 106 336 1 0 1 "Stealing"
0 87 49 168 106 337 1 0 1 "Stealing"
0 87 49 168 106 338 1 0 1 "Stealing"
0 87 49 168 106 339 1 0 1 "Stealing"
0 87 49 168 106 340 1 0 1 "Stealing"
0 87 49 168 106 341 1 0 1 "Stealing"
0 87 49 168 106 342 1 0 1 "Stealing"
0 87 49 168 106 343 1 0 1 "Stealing"
0 87 49 168 106 344 1 0 1 "Stealing"
0 87 49 168 106 345 1 0 1 "Stealing"
0 87 49 168 106 346 1 0 1 "Stealing"
0 87 49 168 106 347 1 0 1 "Stealing"
0 87 49 168 106 348 1 0 1 "Stealing"
0 87 49 168 106 349 1 0 1 "Stealing"
0 87 49 168 106 350 1 0 1 "Stealing"
0 87 49 168 106 351 1 0 1 "Stealing"
0 87 49 168 106 352 1 0 1 "Stealing"
0 87 49 168 106 353 1 0 1 "Stealing"
0 87 49 168 106 354 1 0 1 "Stealing"
0 87 49 168 106 355 1 0 1 "Stealing"
0 87 49 168 106 356 1 0 1 "Stealing"
0 87 49 168 106 357 1 0 1 "Stealing"
0 87 49 168 106 358 1 0 1 "Stealing"
0 87 49 168 106 359 1 0 1 "Stealing"
0 87 49 168 106 360 1 0 1 "Stealing"
0 87 49 168 106 361 1 0 1 "Stealing"
0 87 49 168 106 362 1 0 1 "Stealing"
0 87 49 168 106 363 1 0 1 "Stealing"
0 87 49 168 106 364 1 0 1 "Stealing"
0 87 49 168 106 365 1 0 1 "Stealing"
0 87 49 168 106 366 1 0 1 "Stealing"
0 87 49 168 106 367 1 0 1 "Stealing"
0 87 49 168 106 368 1 0 1 "Stealing"
0 87 49 168 106 369 1 0 1 "Stealing"
0 87 49 168 106 370 1 0 1 "Stealing"
0 87 49 168 106 371 1 0 1 "Stealing"
0 87 49 168 106 372 1 0 1 "Stealing"
0 87 49 168 106 373 1 0 1 "Stealing"
0 87 49 168 106 374 1 0 1 "Stealing"
0 87 49 168 106 375 1 0 1 "Stealing"
0 87 49 168 106 376 1 0 1 "Stealing"
0 87 49 168 106 377 1 0 1 "Stealing"
0 87 49 168 106 378 1 0 1 "Stealing"
0 87 49 168 106 379 1 0 1 "Stealing"
0 87 49 168 106 380 1 0 1 "Stealing"
0 87 49 168 106 381 1 0 1 "Stealing"
0 87 49 168 106 382 1 0 1 "Stealing"
0 87 49 168 106 383 1 0 1 "Stealing"
0 87 49 168 106 384 1 0 1 "Stealing"
0 87 49 168 106 385 1 0 1 "Stealing"
0 87 49 168 106 386 1 0 1 "Stealing"
0 87 49 168 106 387 1 0 1 "Stealing"
0 87 49 168 106 388 1 0 1 "Stealing"
0 87 49 168 106 389 1 0 1 "Stealing"
0 87 49 168 106 390 1 0 1 "Stealing"
0 87 49 168 106 391 1 0 1 "Stealing"
0 87 49 168 106 392 1 0 1 "Stealing"
0 87 49 168 106 393 1 0 1 "Stealing"
0 87 49 168 106 394 1 0 1 "Stealing"
0 87 49 168 106 395 1 0 1 "Stealing"
0 87 49 168 106 396 1 0 1 "Stealing"
0 87 49 168 106 397 1 0 1 "Stealing"
0 87 49 168 106 398 1 0 1 "Stealing"
0 87 49 168 106 399 1 0 1 "Stealing"
0 87 49 168 106 400 1 0 1 "Stealing"
0 87 49 168 106 401 1 0 1 "Stealing"
0 87 49 168 106 402 1 0 1 "Stealing"
0 87 49 168 106 403 1 0 1 "Stealing"
0 87 49 168 106 404 1 0 1 "Stealing"
0 87 49 168 106 405 1 0 1 "Stealing"
0 87 49 168 106 406 1 0 1 "Stealing"
0 87 49 168 106 407 1 0 1 "Stealing"
0 87 49 168 106 408 1 0 1 "Stealing"
0 87 49 168 106 409 1 0 1 "Stealing"
0 87 49 168 106 410 1 0 1 "Stealing"
0 87 49 168 106 411 1 0 1 "Stealing"
0 87 49 168 106 412 1 0 1 "Stealing"
0 87 49 168 106 413 1 0 1 "Stealing"
0 87 49 168 106 414 1 0 1 "Stealing"
0 87 49 168 106 415 1 0 1 "Stealing"
0 87 49 168 106 416 1 0 1 "Stealing"
0 87 49 168 106 417 1 0 1 "Stealing"
0 87 49 168 106 418 1 0 1 "Stealing"
0 87 49 168 106 419 1 0 1 "Stealing"
0 87 49 168 106 420 1 0 1 "Stealing"
0 87 49 168 106 421 1 0 1 "Stealing"
0 87 49 168 106 422 1 0 1 "Stealing"
0 87 49 168 106 423 1 0 1 "Stealing"
0 87 49 168 106 424 1 0 1 "Stealing"
0 87 49 168 106 425 1 0 1 "Stealing"
0 87 49 168 106 426 1 0 1 "Stealing"
0 87 49 168 106 427 1 0 1 "Stealing"
0 87 49 168 106 428 1 0 1 "Stealing"
0 87 49 168 106 429 1 0 1 "Stealing"
0 87 49 168 106 430 1 0 1 "Stealing"
0 87 49 168 106 431 1 0 1 "Stealing"
0 87 49 168 106 432 1 0 1 "Stealing"
0 87 49 168 106 433 1 0 1 "Stealing"
0 87 49 168 106 434 1 0 1 "Stealing"
0 87 49 168 106 435 1 0 1 "Stealing"
0 87 49 168 106 436 1 0 1 "Stealing"
0 87 49 168 106 437 1 0 1 "Stealing"
0 87 49 168 106 438 1 0 1 "Stealing"
0 87 49 168 106 439 1 0 1 "Stealing"
0 87 49 168 106 440 1 0 1 "Stealing"
0 87 49 168 106 441 1 0 1 "Stealing"
0 87 49 168 106 442 1 0 1 "Stealing"
0 87 49 168 106 443 1 0 1 "Stealing"
0 87 49 168 106 444 1 0 1 "Stealing"
0 87 49 168 106 445 1 0 1 "Stealing"
0 87 49 168 106 446 1 0 1 "Stealing"
0 87 49 168 106 447 1 0 1 "Stealing"
0 87 49 168 106 448 1 0 1 "Stealing"
0 87 49 168 106 449 1 0 1 "Stealing"
0 87 49 168 106 450 1 0 1 "Stealing"
0 87 49 168 106 451 1 0 1 "Stealing"
0 87 49 168 106 452 1 0 1 "Stealing"
0 87 49 168 106 453 1 0 1 "Stealing"
0 87 49 168 106 454 1 0 1 "Stealing"
0 87 49 168 106 455 1 0 1 "Stealing"
0 87 49 168 106 456 1 0 1 "Stealing"
0 87 49 168 106 457 1 0 1 "Stealing"
0 87 49 168 106 458 1 0 1 "Stealing"
0 87 49 168 106 459 1 0 1 "Stealing"
0 87 49 168 106 460 1 0 1 "Stealing"
0 87 49 168 106 461 1 0 1 "Stealing"
0 87 49 168 106 462 1 0 1 "Stealing"
0 87 49 168 106 463 1 0 1 "Stealing"
0 87 49 168 106 464 1 0 1 "Stealing"
0 87 49 168 106 465 1 0 1 "Stealing"
0 87 49 168 106 466 1 0 1 "Stealing"
0 87 49 168 106 467 1 0 1 "Stealing"
0 87 49 168 106 468 1 0 1 "Stealing"
0 87 49 168 106 469 1 0 1 "Stealing"
0 87 49 168 106 470 1 0 1 "Stealing"
0 87 49 168 106 471 1 0 1 "Stealing"
0 87 49 168 106 472 1 0 1 "Stealing"
0 87 49 168 106 473 1 0 1 "Stealing"
0 87 49 168 106 474 1 0 1 "Stealing"
0 87 49 168 106 475 1 0 1 "Stealing"
0 87 49 168 106 476 1 0 1 "Stealing"
0 87 49 168 106 477 1 0 1 "Stealing"
0 87 49 168 106 478 1 0 1 "Stealing"
0 87 49 168 106 479 1 0 1 "Stealing"
0 87 49 168 106 480 1 0 1 "Stealing"
0 87 49 168 106 481 1 0 1 "Stealing"
0 87 49 168 106 482 1 0 1 "Stealing"
0 87 49 168 106 483 1 0 1 "Stealing"
0 87 49 168 106 484 1 0 1 "Stealing"
0 87 49 168 106 485 1 0 1 "Stealing"
0 87 49 168 106 486 1 0 1 "Stealing"
0 87 49 168 106 487 1 0 1 "Stealing"
0 87 49 168 106 488 1 0 1 "Stealing"
0 87 49 168 106 489 1 0 1 "Stealing"
0 87 49 168 106 490 1 0 1 "Stealing"
0 87 49 168 106 491 1 0 1 "Stealing"
0 87 49 168 106 492 1 0 1 "Stealing"
0 87 49 168 106 493 1 0 1 "Stealing"
0 87 49 168 106 494 1 0 1 "Stealing"
0 87 49 168 106 495 1 0 1 "Stealing"
0 87 49 168 106 496 1 0 1 "Stealing"
0 87 49 168 106 497 1 0 1 "Stealing"
0 87 49 168 106 498 1 0 1 "Stealing"
0 87 49 168 106 499 1 0 1 "Stealing"
0 87 49 168 106 500 1 0 1 "Stealing"
0 87 49 168 106 501 1 0 1 "Stealing"
0 87 49 168 106 502 1 0 1 "Stealing"
0 87 49 168 106 503 1 0 1 "Stealing"
0 87 49 168 106 504 1 0 1 "Stealing"
0 87 49 168 106 505 1 0 1 "Stealing"
0 87 49 168 106 506 1 0 1 "Stealing"
0 87 49 168 106 507 1 0 1 "Stealing"
0 87 49 168 106 508 1 0 1 "Stealing"
0 87 49 168 106 509 1 0 1 "Stealing"
0 87 49 168 106 510 1 0 1 "Stealing"
0 87 49 168 106 511 1 0 1 "Stealing"
0 87 49 168 106 512 1 0 1 "Stealing"
0 87 49 168 106 513 1 0 1 "Stealing"
0 87 49 168 106 514 1 0 1 "Stealing"
0 87 49 168 106 515 1 0 1 "Stealing"
0 87 49 168 106 516 1 0 1 "Stealing"
0 87 49 168 106 517 1 0 1 "Stealing"
0 87 49 168 106 518 1 0 1 "Stealing"
0 87 49 168 106 519 1 0 1 "Stealing"
0 87 49 168 106 520 1 0 1 "Stealing"
0 87 49 168 106 521 1 0 1 "Stealing"
0 87 49 168 106 522 1 0 1 "Stealing"
0 87 49 168 106 523 1 0 1 "Stealing"
0 87 49 168 106 524 1 0 1 "Stealing"
0 87 49 168 106 525 1 0 1 "Stealing"
0 87 49 168 106 526 1 0 1 "Stealing"
0 87 49 168 106 527 1 0 1 "Stealing"
0 87 49 168 106 528 1 0 1 "Stealing"
0 87 49 168 106 529 1 0 1 "Stealing"
0 87 49 168 106 530 1 0 1 "Stealing"
0 87 49 168 106 531 1 0 1 "Stealing"
0 87 49 168 106 532 1 0 1 "Stealing"
0 87 49 168 106 533 1 0 1 "Stealing"
0 87 49 168 106 534 1 0 1 "Stealing"
0 87 49 168 106 535 1 0 1 "Stealing"
0 87 49 168 106 536 1 0 1 "Stealing"
0 87 49 168 106 537 1 0 1 "Stealing"
0 87 49 168 106 538 1 0 1 "Stealing"
0 87 49 168 106 539 1 0 1 "Stealing"
0 87 49 168 106 540 1 0 1 "Stealing"
0 87 49 168 106 541 1 0 1 "Stealing"
0 87 49 168 106 542 1 0 1 "Stealing"
0 87 49 168 106 543 1 0 1 "Stealing"
0 87 49 168 106 544 1 0 1 "Stealing"
0 87 49 168 106 545 1 0 1 "Stealing"
0 87 49 168 106 546 1 0 1 "Stealing"
0 87 49 168 106 547 1 0 1 "Stealing"
0 87 49 168 106 548 1 0 1 "Stealing"
0 87 49 168 106 549 1 0 1 "Stealing"
0 87 49 168 106 550 0 0 0 "Stealing"
0 87 48 167 106 551 0 0 1 "Stealing"
0 87 48 167 106 552 0 0 1 "Stealing"
0 87 48 167 106 553 0 0 1 "Stealing"
0 87 48 167 106 554 0 0 1 "Stealing"
0 87 48 167 106 555 0 0 1 "Stealing"
0 87 48 167 106 556 0 0 1 "Stealing"
0 87 48 167 106 557 0 0 1 "Stealing"
0 87 48 167 106 558 0 0 1 "Stealing"
0 87 48 167 106 559 0 0 1 "Stealing"
0 87 48 167 106 560 0 0 1 "Stealing"
0 87 48 167 106 561 0 0 1 "Stealing"
0 87 48 167 106 562 0 0 1 "Stealing"
0 87 48 167 106 563 0 0 1 "Stealing"
0 87 48 167 106 564 0 0 1 "Stealing"
0 87 48 167 106 565 0 0 1 "Stealing"
0 87 48 167 106 566 0 0 1 "Stealing"
0 87 48 167 106 567 0 0 1 "Stealing"
0 87 48 167 106 568 0 0 1 "Stealing"
0 87 48 167 106 569 0 0 1 "Stealing"
0 87 48 167 106 570 0 0 1 "Stealing"
0 87 48 167 106 571 0 0 1 "Stealing"
0 87 48 167 106 572 0 0 1 "Stealing"
0 87 48 167 106 573 0 0 1 "Stealing"
0 87 48 167 106 574 0 0 1 "Stealing"
0 87 48 167 106 575 0 0 1 "Stealing"
0 87 48 167 106 576 0 0 1 "Stealing"
0 87 48 167 106 577 0 0 1 "Stealing"
0 87 48 167 106 578 0 0 1 "Stealing"
0 87 48 167 106 579 0 0 1 "Stealing"
0 87 48 167 106 580 0 0 1 "Stealing"
0 87 48 167 106 581 0 0 1 "Stealing"
0 87 48 167 106 582 0 0 1 "Stealing"
0 87 48 167 106 583 0 0 1 "Stealing"
0 87 48 167 106 584 0 0 1 "Stealing"
0 87 48 167 106 585 0 0 1 "Stealing"
0 87 48 167 106 586 0 0 1 "Stealing"
0 87 48 167 106 587 0 0 1 "Stealing"
0 87 48 167 106 588 0 0 1 "Stealing"
0 87 48 167 106 589 0 0 1 "Stealing"
0 87 48 167 106 590 0 0 1 "Stealing"
0 87 48 167 106 591 0 0 1 "Stealing"
0 87 48 167 106 592 0 0 1 "Stealing"
0 87 48 167 106 593 0 0 1 "Stealing"
0 87 48 167 106 594 0 0 1 "Stealing"
0 87 48 167 106 595 0 0 1 "Stealing"
0 87 48 167 106 596 0 0 1 "Stealing"
0 87 48 167 106 597 0 0 1 "Stealing"
0 87 48 167 106 598 0 0 1 "Stealing"
0 87 48 167 106 599 0 0 1 "Stealing"
0 87 48 167 106 600 0 0 1 "Stealing"
0 87 48 167 106 601 0 0 1 "Stealing"
0 87 48 167 106 602 0 0 1 "Stealing"
0 87 48 167 106 603 0 0 1 "Stealing"
0 87 48 167 106 604 0 0 1 "Stealing"
0 87 48 167 106 605 0 0 1 "Stealing"
0 87 48 167 106 606 0 0 1 "Stealing"
0 87 48 167 106 607 0 0 1 "Stealing"
0 87 48 167 106 608 0 0 1 "Stealing"
0 87 48 167 106 609 0 0 1 "Stealing"
0 87 48 167 106 610 0 0 1 "Stealing"
0 87 48 167 106 611 0 0 1 "Stealing"
0 87 48 167 106 612 0 0 1 "Stealing"
0 87 48 167 106 613 0 0 1 "Stealing"
0 87 48 167 106 614 0 0 1 "Stealing"
0 87 48 167 106 615 0 0 1 "Stealing"
0 87 48 167 106 616 0 0 1 "Stealing"
0 87 48 167 106 617 0 0 1 "Stealing"
0 87 48 167 106 618 0 0 1 "Stealing"
0 87 48 167 106 619 0 0 1 "Stealing"
0 87 48 167 106 620 0 0 1 "Stealing"
0 87 48 167 106 621 0 0 1 "Stealing"
0 87 48 167 106 622 0 0 1 "Stealing"
0 87 48 167 106 623 0 0 1 "Stealing"
0 87 48 167 106 624 0 0 1 "Stealing"
0 87 48 167 106 625 0 0 1 "Stealing"
0 87 48 167 106 626 0 0 1 "Stealing"
0 87 48 167 106 627 0 0 1 "Stealing"
0 87 48 167 106 628 0 0 1 "Stealing"
0 87 48 167 106 629 0 0 1 "Stealing"
0 87 48 167 106 630 0 0 1 "Stealing"
0 87 48 167 106 631 0 0 1 "Stealing"
0 87 48 167 106 632 0 0 1 "Stealing"
0 87 48 167 106 633 0 0 1 "Stealing"
0 87 48 167 106 634 0 0 1 "Stealing"
0 87 48 167 106 635 0 0 1 "Stealing"
0 87 48 167 106 636 0 0 1 "Stealing"
0 87 48 167 106 637 0 0 1 "Stealing"
0 87 48 167 106 638 0 0 1 "Stealing"
0 87 48 167 106 639 0 0 1 "Stealing"
0 87 48 167 106 640 0 0 1 "Stealing"
0 87 48 167 106 641 0 0 1 "Stealing"
0 87 48 167 106 642 0 0 1 "Stealing"
0 87 48 167 106 643 0 0 1 "Stealing"
0 87 48 167 106 644 0 0 1 "Stealing"
0 87 48 167 106 645 0 0 1 "Stealing"
0 87 48 167 106 646 0 0 1 "Stealing"
0 87 48 167 106 647 0 0 1 "Stealing"
0 87 48 167 106 648 0 0 1 "Stealing"
0 87 48 167 106 649 0 0 1 "Stealing"
0 87 48 167 106 650 0 0 1 "Stealing"
0 87 48 167 106 651 0 0 1 "Stealing"
0 87 48 167 106 652 0 0 1 "Stealing"
0 87 48 167 106 653 0 0 1 "Stealing"
0 87 48 167 106 654 0 0 1 "Stealing"
0 87 48 167 106 655 0 0 1 "Stealing"
0 87 48 167 106 656 0 0 1 "Stealing"
0 87 48 167 106 657 0 0 1 "Stealing"
0 87 48 167 106 658 0 0 1 "Stealing"
0 87 48 167 106 659 0 0 1 "Stealing"
0 87 48 167 106 660 0 0 1 "Stealing"
0 87 48 167 106 661 0 0 1 "Stealing"
0 87 48 167 106 662 0 0 1 "Stealing"
0 87 48 167 106 663 0 0 1 "Stealing"
0 87 48 167 106 664 0 0 1 "Stealing"
0 87 48 167 106 665 0 0 1 "Stealing"
0 87 48 167 106 666 0 0 1 "Stealing"
0 87 48 167 106 667 0 0 1 "Stealing"
0 87 48 167 106 668 0 0 1 "Stealing"
0 87 48 167 106 669 0 0 1 "Stealing"
0 87 48 167 106 670 0 0 1 "Stealing"
0 87 48 167 106 671 0 0 1 "Stealing"
0 87 48 167 106 672 0 0 1 "Stealing"
0 87 48 167 106 673 0 0 1 "Stealing"
0 87 48 167 106 674 0 0 1 "Stealing"
0 87 48 167 106 675 0 0 1 "Stealing"
0 87 48 167 106 676 0 0 1 "Stealing"
0 87 48 167 106 677 0 0 1 "Stealing"
0 87 48 167 106 678 0 0 1 "Stealing"
0 87 48 167 106 679 0 0 1 "Stealing"
0 87 48 167 106 680 0 0 1 "Stealing"
0 87 48 167 106 681 0 0 1 "Stealing"
0 87 48 167 106 682 0 0 1 "Stealing"
0 87 48 167 106 683 0 0 1 "Stealing"
0 87 48 167 106 684 0 0 1 "Stealing"
0 87 48 167 106 685 0 0 1 "Stealing"
0 87 48 167 106 686 0 0 1 "Stealing"
0 87 48 167 106 687 0 0 1 "Stealing"
0 87 48 167 106 688 0 0 1 "Stealing"
0 87 48 167 106 689 0 0 1 "Stealing"
0 87 48 167 106 690 0 0 1 "Stealing"
0 87 48 167 106 691 0 0 1 "Stealing"
0 87 48 167 106 692 0 0 1 "Stealing"
0 87 48 167 106 693 0 0 1 "Stealing"
0 87 48 167 106 694 0 0 1 "Stealing"
0 87 48 167 106 695 0 0 1 "Stealing"
0 87 48 167 106 696 0 0 1 "Stealing"
0 87 48 167 106 697 0 0 1 "Stealing"
0 87 48 167 106 698 0 0 1 "Stealing"
0 87 48 167 106 699 0 0 1 "Stealing"
0 87 48 167 106 700 0 0 1 "Stealing"
0 87 48 167 106 701 0 0 1 "Stealing"
0 87 48 167 106 702 0 0 1 "Stealing"
0 87 48 167 106 703 0 0 1 "Stealing"
0 87 48 167 106 704 0 0 1 "Stealing"
0 87 48 167 106 705 0 0 1 "Stealing"
0 87 48 167 106 706 0 0 1 "Stealing"
0 87 48 167 106 707 0 0 1 "Stealing"
0 87 48 167 106 708 0 0 1 "Stealing"
0 87 48 167 106 709 0 0 1 "Stealing"
0 87 48 167 106 710 0 0 1 "Stealing"
0 87 48 167 106 711 0 0 1 "Stealing"
0 87 48 167 106 712 0 0 1 "Stealing"
0 87 48 167 106 713 0 0 1 "Stealing"
0 87 48 167 106 714 0 0 1 "Stealing"
0 87 48 167 106 715 0 0 1 "Stealing"
0 87 48 167 106 716 0 0 1 "Stealing"
0 87 48 167 106 717 0 0 1 "Stealing"
0 87 48 167 106 718 0 0 1 "Stealing"
0 87 48 167 106 719 0 0 1 "Stealing"
0 87 48 167 106 720 0 0 1 "Stealing"
0 87 48 167 106 721 0 0 1 "Stealing"
0 87 48 167 106 722 0 0 1 "Stealing"
0 87 48 167 106 723 0 0 1 "Stealing"
0 87 48 167 106 724 0 0 1 "Stealing"
0 87 48 167 106 725 0 0 1 "Stealing"
0 87 48 167 106 726 0 0 1 "Stealing"
0 87 48 167 106 727 0 0 1 "Stealing"
0 87 48 167 106 728 0 0 1 "Stealing"
0 87 48 167 106 729 0 0 1 "Stealing"
0 87 48 167 106 730 0 0 1 "Stealing"
0 87 48 167 106 731 0 0 1 "Stealing"
0 87 48 167 106 732 0 0 1 "Stealing"
0 87 48 167 106 733 0 0 1 "Stealing"
0 87 48 167 106 734 0 0 1 "Stealing"
0 87 48 167 106 735 0 0 1 "Stealing"
0 87 48 167 106 736 0 0 1 "Stealing"
0 87 48 167 106 737 0 0 1 "Stealing"
0 87 48 167 106 738 0 0 1 "Stealing"
0 87 48 167 106 739 0 0 1 "Stealing"
0 87 48 167 106 740 0 0 1 "Stealing"
0 87 48 167 106 741 0 0 1 "Stealing"
0 87 48 167 106 742 0 0 1 "Stealing"
0 87 48 167 106 743 0 0 1 "Stealing"
0 87 48 167 106 744 0 0 1 "Stealing"
0 87 48 167 106 745 0 0 1 "Stealing"
0 87 48 167 106 746 0 0 1 "Stealing"
0 87 48 167 106 747 0 0 1 "Stealing"
0 87 48 167 106 748 0 0 1 "Stealing"
0 87 48 167 106 749 0 0 1 "Stealing"
0 87 48 167 106 750 0 0 1 "Stealing"
0 87 48 167 106 751 0 0 1 "Stealing"
0 87 48 167 106 752 0 0 1 "Stealing"
0 87 48 167 106 753 0 0 1 "Stealing"
0 87 48 167 106 754 0 0 1 "Stealing"
0 87 48 167 106 755 0 0 1 "Stealing"
0 87 48 167 106 756 0 0 1 "Stealing"
0 87 48 167 106 757 0 0 1 "Stealing"
0 87 48 167 106 758 0 0 1 "Stealing"
0 87 48 167 106 759 0 0 1 "Stealing"
0 87 48 167 106 760 0 0 1 "Stealing"
0 87 48 167 106 761 0 0 1 "Stealing"
0 87 48 167 106 762 0 0 1 "Stealing"
0 87 48 167 106 763 0 0 1 "Stealing"
0 87 48 167 106 764 0 0 1 "Stealing"
0 87 48 167 106 765 0 0 1 "Stealing"
0 87 48 167 106 766 0 0 1 "Stealing"
0 87 48 167 106 767 0 0 1 "Stealing"
0 87 48 167 106 768 0 0 1 "Stealing"
0 87 48 167 106 769 0 0 1 "Stealing"
0 87 48 167 106 770 0 0 1 "Stealing"
0 87 48 167 106 771 0 0 1 "Stealing"
0 87 48 167 106 772 0 0 1 "Stealing"
0 87 48 167 106 773 0 0 1 "Stealing"
0 87 48 167 106 774 0 0 1 "Stealing"
0 87 48 167 106 775 0 0 1 "Stealing"
0 87 48 167 106 776 0 0 1 "Stealing"
0 87 48 167 106 777 0 0 1 "Stealing"
0 87 48 167 106 778 0 0 1 "Stealing"
0 87 48 167 106 779 0 0 1 "Stealing"
0 87 48 167 106 780 0 0 1 "Stealing"
0 87 48 167 106 781 0 0 1 "Stealing"
0 87 48 167 106 782 0 0 1 "Stealing"
0 87 48 167 106 783 0 0 1 "Stealing"
0 87 48 167 106 784 0 0 1 "Stealing"
0 87 48 167 106 785 0 0 1 "Stealing"
0 87 48 167 106 786 0 0 1 "Stealing"
0 87 48 167 106 787 0 0 1 "Stealing"
0 87 48 167 106 788 0 0 1 "Stealing"
0 87 48 167 106 789 0 0 1 "Stealing"
0 87 48 167 106 790 0 0 1 "Stealing"
0 87 48 167 106 791 0 0 1 "Stealing"
0 87 48 167 106 792 0 0 1 "Stealing"
0 87 48 167 106 793 0 0 1 "Stealing"
0 87 48 167 106 794 0 0 1 "Stealing"
0 87 48 167 106 795 0 0 1 "Stealing"
0 87 48 167 106 796 0 0 1 "Stealing"
0 87 48 167 106 797 0 0 1 "Stealing"
0 87 48 167 106 798 0 0 1 "Stealing"
0 87 48 167 106 799 0 0 1 "Stealing"
0 87 48 167 106 800 0 0 1 "Stealing"
0 87 48 167 106 801 0 0 1 "Stealing"
0 87 48 167 106 802 0 0 1 "Stealing"
0 87 48 167 106 803 0 0 1 "Stealing"
0 87 48 167 106 804 0 0 1 "Stealing"
0 87 48 167 106 805 0 0 1 "Stealing"
0 87 48 167 106 806 0 0 1 "Stealing"
0 87 48 167 106 807 0 0 1 "Stealing"
0 87 48 167 106 808 0 0 1 "Stealing"
0 87 48 167 106 809 0 0 1 "Stealing"
0 87 48 167 106 810 0 0 1 "Stealing"
0 87 48 167 106 811 0 0 1 "Stealing"
0 87 48 167 106 812 0 0 1 "Stealing"
0 87 48 167 106 813 0 0 1 "Stealing"
0 87 48 167 106 814 0 0 1 "Stealing"
0 87 48 167 106 815 0 0 1 "Stealing"
0 87 48 167 106 816 0 0 1 "Stealing"
0 87 48 167 106 817 0 0 1 "Stealing"
0 87 48 167 106 818 0 0 1 "Stealing"
0 87 48 167 106 819 0 0 1 "Stealing"
0 87 48 167 106 820 0 0 1 "Stealing"
0 87 48 167 106 821 0 0 1 "Stealing"
0 87 48 167 106 822 0 0 1 "Stealing"
0 87 48 167 106 823 0 0 1 "Stealing"
0 87 48 167 106 824 0 0 1 "Stealing"
0 87 48 167 106 825 0 0 1 "Stealing"
0 87 48 167 106 826 0 0 1 "Stealing"
0 87 48 167 106 827 0 0 1 "Stealing"
0 87 48 167 106 828 0 0 1 "Stealing"
0 87 48 167 106 829 0 0 1 "Stealing"
0 87 48 167 106 830 0 0 1 "Stealing"
0 87 48 167 106 831 0 0 1 "Stealing"
0 87 48 167 106 832 0 0 1 "Stealing"
0 87 48 167 106 833 0 0 1 "Stealing"
0 87 48 167 106 834 0 0 1 "Stealing"
0 87 48 167 106 835 0 0 1 "Stealing"
0 87 48 167 106 836 0 0 1 "Stealing"
0 87 48 167 106 837 0 0 1 "Stealing"
0 87 48 167 106 838 0 0 1 "Stealing"
0 87 48 167 106 839 0 0 1 "Stealing"
0 87 48 167 106 840 0 0 1 "Stealing"
0 87 48 167 106 841 0 0 1 "Stealing"
0 87 48 167 106 842 0 0 1 "Stealing"
0 87 48 167 106 843 0 0 1 "Stealing"
0 87 48 167 106 844 0 0 1 "Stealing"
0 87 48 167 106 845 0 0 1 "Stealing"
0 87 48 167 106 846 0 0 1 "Stealing"
0 87 48 167 106 847 0 0 1 "Stealing"
0 87 48 167 106 848 0 0 1 "Stealing"
0 87 48 167 106 849 0 0 1 "Stealing"
0 87 48 167 106 850 0 0 1 "Stealing"
0 87 48 167 106 851 0 0 1 "Stealing"
0 87 48 167 106 852 0 0 1 "Stealing"
0 87 48 167 106 853 0 0 1 "Stealing"
0 87 48 167 106 854 0 0 1 "Stealing"
0 87 48 167 106 855 0 0 1 "Stealing"
0 87 48 167 106 856 0 0 1 "Stealing"
0 87 48 167 106 857 0 0 1 "Stealing"
0 87 48 167 106 858 0 0 1 "Stealing"
0 87 48 167 106 859 0 0 1 "Stealing"
0 87 48 167 106 860 0 0 1 "Stealing"
0 87 48 167 106 861 0 0 1 "Stealing"
0 87 48 167 106 862 0 0 1 "Stealing"
0 87 48 167 106 863 0 0 1 "Stealing"
0 87 48 167 106 864 0 0 1 "Stealing"
0 87 48 167 106 865 0 0 1 "Stealing"
0 87 48 167 106 866 0 0 1 "Stealing"
0 87 48 167 106 867 0 0 1 "Stealing"
0 87 48 167 106 868 0 0 1 "Stealing"
0 87 48 167 106 869 0 0 1 "Stealing"
0 87 48 167 106 870 0 0 1 "Stealing"
0 87 48 167 106 871 0 0 1 "Stealing"
0 87 48 167 106 872 0 0 1 "Stealing"
0 87 48 167 106 873 0 0 1 "Stealing"
0 87 48 167 106 874 0 0 1 "Stealing"
0 87 48 167 106 875 0 0 1 "Stealing"
0 87 48 167 106 876 0 0 1 "Stealing"
0 87 48 167 106 877 0 0 1 "Stealing"
0 87 48 167 106 878 0 0 1 "Stealing"
0 87 48 167 106 879 0 0 1 "Stealing"
0 87 48 167 106 880 0 0 1 "Stealing"
0 87 48 167 106 881 0 0 1 "Stealing"
0 87 48 167 106 882 0 0 1 "Stealing"
0 87 48 167 106 883 0 0 1 "Stealing"
0 87 48 167 106 884 0 0 1 "Stealing"
0 87 48 167 106 885 0 0 1 "Stealing"
0 87 48 167 106 886 0 0 1 "Stealing"
0 87 48 167 106 887 0 0 1 "Stealing"
0 87 48 167 106 888 0 0 1 "Stealing"
0 87 48 167 106 889 0 0 1 "Stealing"
0 87 48 167 106 890 0 0 1 "Stealing"
0 87 48 167 106 891 0 0 1 "Stealing"
0 87 48 167 106 892 0 0 1 "Stealing"
0 87 48 167 106 893 0 0 1 "Stealing"
0 87 48 167 106 894 0 0 1 "Stealing"
0 87 48 167 106 895 0 0 1 "Stealing"
0 87 48 167 106 896 0 0 1 "Stealing"
0 87 48 167 106 897 0 0 1 "Stealing"
0 87 48 167 106 898 0 0 1 "Stealing"
0 87 48 167 106 899 0 0 1 "Stealing"
0 87 48 167 106 900 0 0 1 "Stealing"
0 87 48 167 106 901 0 0 1 "Stealing"
0 87 48 167 106 902 0 0 1 "Stealing"
0 87 48 167 106 903 0 0 1 "Stealing"
0 87 48 167 106 904 0 0 1 "Stealing"
0 87 48 167 106 905 0 0 1 "Stealing"
0 87 48 167 106 906 0 0 1 "Stealing"
0 87 48 167 106 907 0 0 1 "Stealing"
0 87 48 167 106 908 0 0 1 "Stealing"
0 87 48 167 106 909 0 0 1 "Stealing"
0 87 48 167 106 910 0 0 1 "Stealing"
0 87 48 167 106 911 0 0 1 "Stealing"
0 87 48 167 106 912 0 0 1 "Stealing"
0 87 48 167 106 913 0 0 1 "Stealing"
0 87 48 167 106 914 0 0 1 "Stealing"
0 87 48 167 106 915 0 0 1 "Stealing"
0 87 48 167 106 916 0 0 1 "Stealing"
0 87 48 167 106 917 0 0 1 "Stealing"
0 87 48 167 106 918 0 0 1 "Stealing"
0 87 48 167 106 919 0 0 1 "Stealing"
0 87 48 167 106 920 0 0 1 "Stealing"
0 87 48 167 106 921 0 0 1 "Stealing"
0 87 48 167 106 922 0 0 1 "Stealing"
0 87 48 167 106 923 0 0 1 "Stealing"
0 87 48 167 106 924 0 0 1 "Stealing"
0 87 48 167 106 925 0 0 1 "Stealing"
0 87 48 167 106 926 0 0 1 "Stealing"
0 87 48 167 106 927 0 0 1 "Stealing"
0 87 48 167 106 928 0 0 1 "Stealing"
0 87 48 167 106 929 0 0 1 "Stealing"
0 87 48 167 106 930 0 0 1 "Stealing"
0 87 48 167 106 931 0 0 1 "Stealing"
0 87 48 167 106 932 0 0 1 "Stealing"
0 87 48 167 106 933 0 0 1 "Stealing"
0 87 48 167 106 934 0 0 1 "Stealing"
0 87 48 167 106 935 0 0 1 "Stealing"
0 87 48 167 106 936 0 0 1 "Stealing"
0 87 48 167 106 937 0 0 1 "Stealing"
0 87 48 167 106 938 0 0 1 "Stealing"
0 87 48 167 106 939 0 0 1 "Stealing"
0 87 48 167 106 940 0 0 1 "Stealing"
0 87 48 167 106 941 0 0 1 "Stealing"
0 87 48 167 106 942 0 0 1 "Stealing"
0 87 48 167 106 943 0 0 1 "Stealing"
0 87 48 167 106 944 0 0 1 "Stealing"
0 87 48 167 106 945 0 0 1 "Stealing"
0 87 48 167 106 946 0 0 1 "Stealing"
0 87 48 167 106 947 0 0 1 "Stealing"
0 87 48 167 106 948 0 0 1 "Stealing"
0 87 48 167 106 949 0 0 1 "Stealing"
0 87 48 167 106 950 0 0 1 "Stealing"
0 87 48 167 106 951 0 0 1 "Stealing"
0 87 48 167 106 952 0 0 1 "Stealing"
0 87 48 167 106 953 0 0 1 "Stealing"
0 87 48 167 106 954 0 0 1 "Stealing"
0 87 48 167 106 955 0 0 1 "Stealing"
0 87 48 167 106 956 0 0 1 "Stealing"
0 87 48 167 106 957 0 0 1 "Stealing"
0 87 48 167 106 958 0 0 1 "Stealing"
0 87 48 167 106 959 0 0 1 "Stealing"
0 87 48 167 106 960 0 0 1 "Stealing"
0 87 48 167 106 961 0 0 1 "Stealing"
0 87 48 167 106 962 0 0 1 "Stealing"
0 87 48 167 106 963 0 0 1 "Stealing"
0 87 48 167 106 964 0 0 1 "Stealing"
0 87 48 167 106 965 0 0 1 "Stealing"
0 87 48 167 106 966 0 0 1 "Stealing"
0 87 48 167 106 967 0 0 1 "Stealing"
0 87 48 167 106 968 0 0 1 "Stealing"
0 87 48 167 106 969 0 0 1 "Stealing"
0 87 48 167 106 970 0 0 1 "Stealing"
0 87 48 167 106 971 0 0 1 "Stealing"
0 87 48 167 106 972 0 0 1 "Stealing"
0 87 48 167 106 973 0 0 1 "Stealing"
0 87 48 167 106 974 0 0 1 "Stealing"
0 87 48 167 106 975 0 0 1 "Stealing"
0 87 48 167 106 976 0 0 1 "Stealing"
0 87 48 167 106 977 0 0 1 "Stealing"
0 87 48 167 106 978 0 0 1 "Stealing"
0 87 48 167 106 979 0 0 1 "Stealing"
0 87 48 167 106 980 0 0 1 "Stealing"
0 87 48 167 106 981 0 0 1 "Stealing"
0 87 48 167 106 982 0 0 1 "Stealing"
0 87 48 167 106 983 0 0 1 "Stealing"
0 87 48 167 106 984 0 0 1 "Stealing"
0 87 48 167 106 985 0 0 1 "Stealing"
0 87 48 167 106 986 0 0 1 "Stealing"
0 87 48 167 106 987 0 0 1 "Stealing"
0 87 48 167 106 988 0 0 1 "Stealing"
0 87 48 167 106 989 0 0 1 "Stealing"
0 87 48 167 106 990 0 0 1 "Stealing"
0 87 48 167 106 991 0 0 1 "Stealing"
0 87 48 167 106 992 0 0 1 "Stealing"
0 87 48 167 106 993 0 0 1 "Stealing"
0 87 48 167 106 994 0 0 1 "Stealing"
0 87 48 167 106 995 0 0 1 "Stealing"
0 87 48 167 106 996 0 0 1 "Stealing"
0 87 48 167 106 997 0 0 1 "Stealing"
0 87 48 167 106 998 0 0 1 "Stealing"
0 87 48 167 106 999 0 0 1 "Stealing"
0 87 48 167 106 1000 0 0 1 "Stealing"
0 87 48 167 106 1001 0 0 1 "Stealing"
0 87 48 167 106 1002 0 0 1 "Stealing"
0 87 48 167 106 1003 0 0 1 "Stealing"
0 87 48 167 106 1004 0 0 1 "Stealing"
0 87 48 167 106 1005 0 0 1 "Stealing"
0 87 48 167 106 1006 0 0 1 "Stealing"
0 87 48 167 106 1007 0 0 1 "Stealing"
0 87 48 167 106 1008 0 0 1 "Stealing"
0 87 48 167 106 1009 0 0 1 "Stealing"
0 87 48 167 106 1010 0 0 1 "Stealing"
0 87 48 167 106 1011 0 0 1 "Stealing"
0 87 48 167 106 1012 0 0 1 "Stealing"
0 87 48 167 106 1013 0 0 1 "Stealing"
0 87 48 167 106 1014 0 0 1 "Stealing"
0 87 48 167 106 1015 0 0 1 "Stealing"
0 87 48 167 106 1016 0 0 1 "Stealing"
0 87 48 167 106 1017 0 0 1 "Stealing"
0 87 48 167 106 1018 0 0 1 "Stealing"
0 87 48 167 106 1019 0 0 1 "Stealing"
0 87 48 167 106 1020 0 0 1 "Stealing"
0 87 48 167 106 1021 0 0 1 "Stealing"
0 87 48 167 106 1022 0 0 1 "Stealing"
0 87 48 167 106 1023 0 0 1 "Stealing"
0 87 48 167 106 1024 0 0 1 "Stealing"
0 87 48 167 106 1025 0 0 1 "Stealing"
0 87 48 167 106 1026 0 0 1 "Stealing"
0 87 48 167 106 1027 0 0 1 "Stealing"
0 87 48 167 106 1028 0 0 1 "Stealing"
0 87 48 167 106 1029 0 0 1 "Stealing"
0 87 48 167 106 1030 0 0 1 "Stealing"
0 87 48 167 106 1031 0 0 1 "Stealing"
0 87 48 167 106 1032 0 0 1 "Stealing"
0 87 48 167 106 1033 0 0 1 "Stealing"
0 87 48 167 106 1034 0 0 1 "Stealing"
0 87 48 167 106 1035 0 0 1 "Stealing"
0 87 48 167 106 1036 0 0 1 "Stealing"
0 87 48 167 106 1037 0 0 1 "Stealing"
0 87 48 167 106 1038 0 0 1 "Stealing"
0 87 48 167 106 1039 0 0 1 "Stealing"
0 87 48 167 106 1040 0 0 1 "Stealing"
0 87 48 167 106 1041 0 0 1 "Stealing"
0 87 48 167 106 1042 0 0 1 "Stealing"
0 87 48 167 106 1043 0 0 1 "Stealing"
0 87 48 167 106 1044 0 0 1 "Stealing"
0 87 48 167 106 1045 0 0 1 "Stealing"
0 87 48 167 106 1046 0 0 1 "Stealing"
0 87 48 167 106 1047 0 0 1 "Stealing"
0 87 48 167 106 1048 0 0 1 "Stealing"
0 87 48 167 106 1049 0 0 1 "Stealing"
0 87 48 167 106 1050 0 0 1 "Stealing"
0 87 48 167 106 1051 0 0 1 "Stealing"
0 87 48 167 106 1052 0 0 1 "Stealing"
0 87 48 167 106 1053 0 0 1 "Stealing"
0 87 48 167 106 1054 0 0 1 "Stealing"
0 87 48 167 106 1055 0 0 1 "Stealing"
0 87 48 167 106 1056 0 0 1 "Stealing"
0 87 48 167 106 1057 0 0 1 "Stealing"
0 87 48 167 106 1058 0 0 1 "Stealing"
0 87 48 167 106 1059 0 0 1 "Stealing"
0 87 48 167 106 1060 0 0 1 "Stealing"
0 87 48 167 106 1061 0 0 1 "Stealing"
0 87 48 167 106 1062 0 0 1 "Stealing"
0 87 48 167 106 1063 0 0 1 "Stealing"
0 87 48 167 106 1064 0 0 1 "Stealing"
0 87 48 167 106 1065 0 0 1 "Stealing"
0 87 48 167 106 1066 0 0 1 "Stealing"
0 87 48 167 106 1067 0 0 1 "Stealing"
0 87 48 167 106 1068 0 0 1 "Stealing"
0 87 48 167 106 1069 0 0 1 "Stealing"
0 87 48 167 106 1070 0 0 1 "Stealing"
0 87 48 167 106 1071 0 0 1 "Stealing"
0 87 48 167 106 1072 0 0 1 "Stealing"
0 87 48 167 106 1073 0 0 1 "Stealing"
0 87 48 167 106 1074 0 0 1 "Stealing"
0 87 48 167 106 1075 0 0 1 "Stealing"
0 87 48 167 106 1076 0 0 1 "Stealing"
0 87 48 167 106 1077 0 0 1 "Stealing"
0 87 48 167 106 1078 0 0 1 "Stealing"
0 87 48 167 106 1079 0 0 1 "Stealing"
0 87 48 167 106 1080 0 0 1 "Stealing"
0 87 48 167 106 1081 0 0 1 "Stealing"
0 87 48 167 106 1082 0 0 1 "Stealing"
0 87 48 167 106 1083 0 0 1 "Stealing"
0 87 48 167 106 1084 0 0 1 "Stealing"
0 87 48 167 106 1085 0 0 1 "Stealing"
0 87 48 167 106 1086 0 0 1 "Stealing"
0 87 48 167 106 1087 0 0 1 "Stealing"
0 87 48 167 106 1088 0 0 1 "Stealing"
0 87 48 167 106 1089 0 0 1 "Stealing"
0 87 48 167 106 1090 0 0 1 "Stealing"
0 87 48 167 106 1091 0 0 1 "Stealing"
0 87 48 167 106 1092 0 0 1 "Stealing"
0 87 48 167 106 1093 0 0 1 "Stealing"
0 87 48 167 106 1094 0 0 1 "Stealing"
0 87 48 167 106 1095 0 0 1 "Stealing"
0 87 48 167 106 1096 0 0 1 "Stealing"
0 87 48 167 106 1097 0 0 1 "Stealing"
0 87 48 167 106 1098 0 0 1 "Stealing"
0 87 48 167 106 1099 0 0 1 "Stealing"
0 87 48 167 106 1100 0 0 1 "Stealing"
0 87 48 167 106 1101 0 0 1 "Stealing"
0 87 48 167 106 1102 0 0 1 "Stealing"
0 87 48 167 106 1103 0 0 1 "Stealing"
0 87 48 167 106 1104 0 0 1 "Stealing"
0 87 48 167 106 1105 0 0 1 "Stealing"
0 87 48 167 106 1106 0 0 1 "Stealing"
0 87 48 167 106 1107 0 0 1 "Stealing"
0 87 48 167 106 1108 0 0 1 "Stealing"
0 87 48 167 106 1109 0 0 1 "Stealing"
0 87 48 167 106 1110 0 0 1 "Stealing"
0 87 48 167 106 1111 0 0 1 "Stealing"
0 87 48 167 106 1112 0 0 1 "Stealing"
0 87 48 167 106 1113 0 0 1 "Stealing"
0 87 48 167 106 1114 0 0 1 "Stealing"
0 87 48 167 106 1115 0 0 1 "Stealing"
0 87 48 167 106 1116 0 0 1 "Stealing"
0 87 48 167 106 1117 0 0 1 "Stealing"
0 87 48 167 106 1118 0 0 1 "Stealing"
0 87 48 167 106 1119 0 0 1 "Stealing"
0 87 48 167 106 1120 0 0 1 "Stealing"
0 87 48 167 106 1121 0 0 1 "Stealing"
0 87 48 167 106 1122 0 0 1 "Stealing"
0 87 48 167 106 1123 0 0 1 "Stealing"
0 87 48 167 106 1124 0 0 1 "Stealing"
0 87 48 167 106 1125 0 0 1 "Stealing"
0 87 48 167 106 1126 0 0 1 "Stealing"
0 87 48 167 106 1127 0 0 1 "Stealing"
0 87 48 167 106 1128 0 0 1 "Stealing"
0 87 48 167 106 1129 0 0 1 "Stealing"
0 87 48 167 106 1130 0 0 1 "Stealing"
0 87 48 167 106 1131 0 0 1 "Stealing"
0 87 48 167 106 1132 0 0 1 "Stealing"
0 87 48 167 106 1133 0 0 1 "Stealing"
0 87 48 167 106 1134 0 0 1 "Stealing"
0 87 48 167 106 1135 0 0 1 "Stealing"
0 87 48 167 106 1136 0 0 1 "Stealing"
0 87 48 167 106 1137 0 0 1 "Stealing"
0 87 48 167 106 1138 0 0 1 "Stealing"
0 87 48 167 106 1139 0 0 1 "Stealing"
0 87 48 167 106 1140 0 0 1 "Stealing"
0 87 48 167 106 1141 0 0 1 "Stealing"
0 87 48 167 106 1142 0 0 1 "Stealing"
0 87 48 167 106 1143 0 0 1 "Stealing"
0 87 48 167 106 1144 0 0 1 "Stealing"
0 87 48 167 106 1145 0 0 1 "Stealing"
0 87 48 167 106 1146 0 0 1 "Stealing"
0 87 48 167 106 1147 0 0 1 "Stealing"
0 87 48 167 106 1148 0 0 1 "Stealing"
0 87 48 167 106 1149 0 0 1 "Stealing"
0 87 48 167 106 1150 0 0 1 "Stealing"
0 87 48 167 106 1151 0 0 1 "Stealing"
0 87 48 167 106 1152 0 0 1 "Stealing"
0 87 48 167 106 1153 0 0 1 "Stealing"
0 87 48 167 106 1154 0 0 1 "Stealing"
0 87 48 167 106 1155 0 0 1 "Stealing"
0 87 48 167 106 1156 0 0 1 "Stealing"
0 87 48 167 106 1157 0 0 1 "Stealing"
0 87 48 167 106 1158 0 0 1 "Stealing"
0 87 48 167 106 1159 0 0 1 "Stealing"
0 87 48 167 106 1160 0 0 1 "Stealing"
0 87 48 167 106 1161 0 0 1 "Stealing"
0 87 48 167 106 1162 0 0 0 "Stealing"
0 87 47 167 105 1163 0 0 1 "Stealing"
0 87 47 167 105 1164 0 0 1 "Stealing"
0 87 47 167 105 1165 0 0 1 "Stealing"
0 87 47 167 105 1166 0 0 1 "Stealing"
0 87 47 167 105 1167 0 0 1 "Stealing"
0 87 47 167 105 1168 0 0 1 "Stealing"
0 87 47 167 105 1169 0 0 1 "Stealing"
0 87 47 167 105 1170 0 0 1 "Stealing"
0 87 47 167 105 1171 0 0 1 "Stealing"
0 87 47 167 105 1172 0 0 1 "Stealing"
0 87 47 167 105 1173 0 0 1 "Stealing"
0 87 47 167 105 1174 0 0 1 "Stealing"
0 87 47 167 105 1175 0 0 1 "Stealing"
0 87 47 167 105 1176 0 0 1 "Stealing"
0 87 47 167 105 1177 0 0 1 "Stealing"
0 87 47 167 105 1178 0 0 1 "Stealing"
0 87 47 167 105 1179 0 0 1 "Stealing"
0 87 47 167 105 1180 0 0 1 "Stealing"
0 87 47 167 105 1181 0 0 1 "Stealing"
0 87 47 167 105 1182 0 0 1 "Stealing"
0 87 47 167 105 1183 0 0 1 "Stealing"
0 87 47 167 105 1184 0 0 1 "Stealing"
0 87 47 167 105 1185 0 0 1 "Stealing"
0 87 47 167 105 1186 0 0 1 "Stealing"
0 87 47 167 105 1187 0 0 1 "Stealing"
0 87 47 167 105 1188 0 0 1 "Stealing"
0 87 47 167 105 1189 0 0 1 "Stealing"
0 87 47 167 105 1190 0 0 1 "Stealing"
0 87 47 167 105 1191 0 0 1 "Stealing"
0 87 47 167 105 1192 0 0 1 "Stealing"
0 87 47 167 105 1193 0 0 1 "Stealing"
0 87 47 167 105 1194 0 0 1 "Stealing"
0 87 47 167 105 1195 0 0 1 "Stealing"
0 87 47 167 105 1196 0 0 1 "Stealing"
0 87 47 167 105 1197 0 0 1 "Stealing"
0 87 47 167 105 1198 0 0 1 "Stealing"
0 87 47 167 105 1199 0 0 1 "Stealing"
0 87 47 167 105 1200 0 0 1 "Stealing"
0 87 47 167 105 1201 0 0 1 "Stealing"
0 87 47 167 105 1202 0 0 1 "Stealing"
0 87 47 167 105 1203 0 0 1 "Stealing"
0 87 47 167 105 1204 0 0 1 "Stealing"
0 87 47 167 105 1205 0 0 1 "Stealing"
0 87 47 167 105 1206 0 0 1 "Stealing"
0 87 47 167 105 1207 0 0 1 "Stealing"
0 87 47 167 105 1208 0 0 1 "Stealing"
0 87 47 167 105 1209 0 0 1 "Stealing"
0 87 47 167 105 1210 0 0 1 "Stealing"
0 87 47 167 105 1211 0 0 1 "Stealing"
0 87 47 167 105 1212 0 0 1 "Stealing"
0 87 47 167 105 1213 0 0 1 "Stealing"
0 87 47 167 105 1214 0 0 1 "Stealing"
0 87 47 167 105 1215 0 0 1 "Stealing"
0 87 47 167 105 1216 0 0 1 "Stealing"
0 87 47 167 105 1217 0 0 1 "Stealing"
0 87 47 167 105 1218 0 0 1 "Stealing"
0 87 47 167 105 1219 0 0 1 "Stealing"
0 87 47 167 105 1220 0 0 1 "Stealing"
0 87 47 167 105 1221 0 0 1 "Stealing"
0 87 47 167 105 1222 0 0 1 "Stealing"
0 87 47 167 105 1223 0 0 1 "Stealing"
0 87 47 167 105 1224 0 0 1 "Stealing"
0 87 47 167 105 1225 0 0 1 "Stealing"
0 87 47 167 105 1226 0 0 1 "Stealing"
0 87 47 167 105 1227 0 0 1 "Stealing"
0 87 47 167 105 1228 0 0 1 "Stealing"
0 87 47 167 105 1229 0 0 1 "Stealing"
0 87 47 167 105 1230 0 0 1 "Stealing"
0 87 47 167 105 1231 0 0 1 "Stealing"
0 87 47 167 105 1232 0 0 1 "Stealing"
0 87 47 167 105 1233 0 0 1 "Stealing"
0 87 47 167 105 1234 0 0 1 "Stealing"
0 87 47 167 105 1235 0 0 1 "Stealing"
0 87 47 167 105 1236 0 0 1 "Stealing"
0 87 47 167 105 1237 0 0 1 "Stealing"
0 87 47 167 105 1238 0 0 1 "Stealing"
0 87 47 167 105 1239 0 0 1 "Stealing"
0 87 47 167 105 1240 0 0 1 "Stealing"
0 87 47 167 105 1241 0 0 1 "Stealing"
0 87 47 167 105 1242 0 0 1 "Stealing"
0 87 47 167 105 1243 0 0 1 "Stealing"
0 87 47 167 105 1244 0 0 1 "Stealing"
0 87 47 167 105 1245 0 0 1 "Stealing"
0 87 47 167 105 1246 0 0 1 "Stealing"
0 87 47 167 105 1247 0 0 1 "Stealing"
0 87 47 167 105 1248 0 0 1 "Stealing"
0 87 47 167 105 1249 0 0 1 "Stealing"
0 87 47 167 105 1250 0 0 1 "Stealing"
0 87 47 167 105 1251 0 0 1 "Stealing"
0 87 47 167 105 1252 0 0 1 "Stealing"
0 87 47 167 105 1253 0 0 1 "Stealing"
0 87 47 167 105 1254 0 0 1 "Stealing"
0 87 47 167 105 1255 0 0 1 "Stealing"
0 87 47 167 105 1256 0 0 1 "Stealing"
0 87 47 167 105 1257 0 0 1 "Stealing"
0 87 47 167 105 1258 0 0 1 "Stealing"
0 87 47 167 105 1259 0 0 1 "Stealing"
0 87 47 167 105 1260 0 0 1 "Stealing"
0 87 47 167 105 1261 0 0 1 "Stealing"
0 87 47 167 105 1262 0 0 1 "Stealing"
0 87 47 167 105 1263 0 0 1 "Stealing"
0 87 47 167 105 1264 0 0 1 "Stealing"
0 87 47 167 105 1265 0 0 1 "Stealing"
0 87 47 167 105 1266 0 0 1 "Stealing"
0 87 47 167 105 1267 0 0 1 "Stealing"
0 87 47 167 105 1268 0 0 1 "Stealing"
0 87 47 167 105 1269 0 0 1 "Stealing"
0 87 47 167 105 1270 0 0 1 "Stealing"
0 87 47 167 105 1271 0 0 1 "Stealing"
0 87 47 167 105 1272 0 0 1 "Stealing"
0 87 47 167 105 1273 0 0 1 "Stealing"
0 87 47 167 105 1274 0 0 1 "Stealing"
0 87 47 167 105 1275 0 0 1 "Stealing"
0 87 47 167 105 1276 0 0 1 "Stealing"
0 87 47 167 105 1277 0 0 1 "Stealing"
0 87 47 167 105 1278 0 0 1 "Stealing"
0 87 47 167 105 1279 0 0 1 "Stealing"
0 87 47 167 105 1280 0 0 1 "Stealing"
0 87 47 167 105 1281 0 0 1 "Stealing"
0 87 47 167 105 1282 0 0 1 "Stealing"
0 87 47 167 105 1283 0 0 1 "Stealing"
0 87 47 167 105 1284 0 0 1 "Stealing"
0 87 47 167 105 1285 0 0 1 "Stealing"
0 87 47 167 105 1286 0 0 1 "Stealing"
0 87 47 167 105 1287 0 0 1 "Stealing"
0 87 47 167 105 1288 0 0 1 "Stealing"
0 87 47 167 105 1289 0 0 1 "Stealing"
0 87 47 167 105 1290 0 0 1 "Stealing"
0 87 47 167 105 1291 0 0 1 "Stealing"
0 87 46 167 104 1292 0 0 1 "Stealing"
0 87 46 167 104 1293 0 0 1 "Stealing"
0 87 46 167 104 1294 0 0 1 "Stealing"
0 87 46 167 104 1295 0 0 1 "Stealing"
0 87 46 167 104 1296 0 0 1 "Stealing"
0 87 46 167 104 1297 0 0 1 "Stealing"
0 87 46 167 104 1298 0 0 1 "Stealing"
0 87 46 167 104 1299 0 0 1 "Stealing"
0 87 46 167 104 1300 0 0 1 "Stealing"
0 87 46 167 104 1301 0 0 1 "Stealing"
0 87 46 167 104 1302 0 0 1 "Stealing"
0 87 46 167 104 1303 0 0 1 "Stealing"
0 87 46 167 104 1304 0 0 1 "Stealing"
0 87 46 167 104 1305 0 0 1 "Stealing"
0 87 46 167 104 1306 0 0 1 "Stealing"
0 87 46 167 104 1307 0 0 1 "Stealing"
0 87 46 167 104 1308 0 0 1 "Stealing"
0 87 46 167 104 1309 0 0 1 "Stealing"
0 87 46 167 104 1310 0 0 1 "Stealing"
0 87 46 167 104 1311 0 0 1 "Stealing"
0 87 46 167 104 1312 0 0 1 "Stealing"
0 87 46 167 104 1313 0 0 1 "Stealing"
0 87 46 167 104 1314 0 0 1 "Stealing"
0 87 46 167 104 1315 0 0 1 "Stealing"
0 87 46 167 104 1316 0 0 1 "Stealing"
0 87 46 167 104 1317 0 0 1 "Stealing"
0 87 46 167 104 1318 0 0 1 "Stealing"
0 87 46 167 104 1319 0 0 1 "Stealing"
0 87 46 167 104 1320 0 0 1 "Stealing"
0 87 46 167 104 1321 0 0 1 "Stealing"
0 87 46 167 104 1322 0 0 1 "Stealing"
0 87 46 167 104 1323 0 0 1 "Stealing"
0 87 46 167 104 1324 0 0 1 "Stealing"
0 87 46 167 104 1325 0 0 1 "Stealing"
0 87 46 167 104 1326 0 0 1 "Stealing"
0 87 46 167 104 1327 0 0 1 "Stealing"
0 87 46 167 104 1328 0 0 1 "Stealing"
0 87 46 167 104 1329 0 0 1 "Stealing"
0 87 46 167 104 1330 0 0 1 "Stealing"
0 87 46 167 104 1331 0 0 1 "Stealing"
0 87 46 167 104 1332 0 0 1 "Stealing"
0 87 46 167 104 1333 0 0 1 "Stealing"
0 87 46 167 104 1334 0 0 1 "Stealing"
0 87 46 167 104 1335 0 0 1 "Stealing"
0 87 46 167 104 1336 0 0 1 "Stealing"
0 87 46 167 104 1337 0 0 1 "Stealing"
0 87 46 167 104 1338 0 0 1 "Stealing"
0 87 46 167 104 1339 0 0 1 "Stealing"
0 87 46 167 104 1340 0 0 1 "Stealing"
0 87 46 167 104 1341 0 0 1 "Stealing"
0 87 46 167 104 1342 0 0 1 "Stealing"
0 87 46 167 104 1343 0 0 1 "Stealing"
0 87 46 167 104 1344 0 0 1 "Stealing"
0 87 46 167 104 1345 0 0 1 "Stealing"
0 87 46 167 104 1346 0 0 1 "Stealing"
0 87 46 167 104 1347 0 0 1 "Stealing"
0 87 46 167 104 1348 0 0 1 "Stealing"
0 87 46 167 104 1349 0 0 1 "Stealing"
0 87 46 167 104 1350 0 0 1 "Stealing"
0 87 46 167 104 1351 0 0 1 "Stealing"
0 87 46 167 104 1352 0 0 1 "Stealing"
0 87 46 167 104 1353 0 0 1 "Stealing"
0 87 46 167 104 1354 0 0 1 "Stealing"
0 87 46 167 104 1355 0 0 1 "Stealing"
0 87 46 167 104 1356 0 0 1 "Stealing"
0 87 46 167 104 1357 0 0 1 "Stealing"
0 87 46 167 104 1358 0 0 1 "Stealing"
0 87 46 167 104 1359 0 0 1 "Stealing"
0 87 46 167 104 1360 0 0 1 "Stealing"
0 87 46 167 104 1361 0 0 1 "Stealing"
0 87 46 167 104 1362 0 0 1 "Stealing"
0 87 46 167 104 1363 0 0 1 "Stealing"
0 87 46 167 104 1364 0 0 1 "Stealing"
0 87 46 167 104 1365 0 0 1 "Stealing"
0 87 46 167 104 1366 0 0 1 "Stealing"
0 87 46 167 104 1367 0 0 1 "Stealing"
0 87 46 167 104 1368 0 0 1 "Stealing"
0 87 46 167 104 1369 0 0 1 "Stealing"
0 87 46 167 104 1370 0 0 1 "Stealing"
0 87 46 167 104 1371 0 0 1 "Stealing"
0 87 46 167 104 1372 0 0 1 "Stealing"
0 87 46 167 104 1373 0 0 1 "Stealing"
0 87 46 167 104 1374 0 0 1 "Stealing"
0 87 46 167 104 1375 0 0 1 "Stealing"
0 87 46 167 104 1376 0 0 1 "Stealing"
0 87 46 167 104 1377 0 0 1 "Stealing"
0 87 46 167 104 1378 0 0 1 "Stealing"
0 87 46 167 104 1379 0 0 1 "Stealing"
0 87 46 167 104 1380 0 0 1 "Stealing"
0 87 46 167 104 1381 0 0 1 "Stealing"
0 87 46 167 104 1382 0 0 1 "Stealing"
0 87 46 167 104 1383 0 0 1 "Stealing"
0 87 46 167 104 1384 0 0 1 "Stealing"
0 87 46 167 104 1385 0 0 1 "Stealing"
0 87 46 167 104 1386 0 0 1 "Stealing"
0 87 46 167 104 1387 0 0 1 "Stealing"
0 87 46 167 104 1388 0 0 1 "Stealing"
0 87 46 167 104 1389 0 0 1 "Stealing"
0 87 46 167 104 1390 0 0 1 "Stealing"
0 87 46 167 104 1391 0 0 1 "Stealing"
0 87 46 167 104 1392 0 0 1 "Stealing"
0 87 46 167 104 1393 0 0 1 "Stealing"
0 87 46 167 104 1394 0 0 1 "Stealing"
0 87 46 167 104 1395 0 0 1 "Stealing"
0 87 46 167 104 1396 0 0 1 "Stealing"
0 87 46 167 104 1397 0 0 1 "Stealing"
0 87 46 167 104 1398 0 0 1 "Stealing"
0 87 46 167 104 1399 0 0 1 "Stealing"
0 87 46 167 104 1400 0 0 1 "Stealing"
0 87 46 167 104 1401 0 0 1 "Stealing"
0 87 46 167 104 1402 0 0 1 "Stealing"
0 87 46 167 104 1403 0 0 1 "Stealing"
0 87 46 167 104 1404 0 0 1 "Stealing"
0 87 46 167 104 1405 0 0 1 "Stealing"
0 87 46 167 104 1406 0 0 1 "Stealing"
0 87 46 167 104 1407 0 0 1 "Stealing"
0 87 46 167 104 1408 0 0 1 "Stealing"
0 87 46 167 104 1409 0 0 1 "Stealing"
0 87 46 167 104 1410 0 0 1 "Stealing"
0 87 46 167 104 1411 0 0 1 "Stealing"
0 87 46 167 104 1412 0 0 1 "Stealing"
0 87 46 167 104 1413 0 0 1 "Stealing"
0 87 46 167 104 1414 0 0 1 "Stealing"
0 87 46 167 104 1415 0 0 1 "Stealing"
0 87 46 167 104 1416 0 0 1 "Stealing"
0 87 46 167 104 1417 0 0 1 "Stealing"
0 87 46 167 104 1418 0 0 1 "Stealing"
0 87 46 167 104 1419 0 0 1 "Stealing"
0 87 46 167 104 1420 0 0 1 "Stealing"
0 87 46 167 104 1421 0 0 1 "Stealing"
0 87 45 167 103 1422 0 0 1 "Stealing"
0 87 45 167 103 1423 0 0 1 "Stealing"
0 87 45 167 103 1424 0 0 1 "Stealing"
0 87 45 167 103 1425 0 0 1 "Stealing"
0 87 45 167 103 1426 0 0 1 "Stealing"
0 87 45 167 103 1427 0 0 1 "Stealing"
0 87 45 167 103 1428 0 0 1 "Stealing"
0 87 45 167 103 1429 0 0 1 "Stealing"
0 87 45 167 103 1430 0 0 1 "Stealing"
0 87 45 167 103 1431 0 0 1 "Stealing"
0 87 45 167 103 1432 0 0 1 "Stealing"
0 87 45 167 103 1433 0 0 1 "Stealing"
0 87 45 167 103 1434 0 0 1 "Stealing"
0 87 45 167 103 1435 0 0 1 "Stealing"
0 87 45 167 103 1436 0 0 1 "Stealing"
0 87 45 167 103 1437 0 0 1 "Stealing"
0 87 45 167 103 1438 0 0 1 "Stealing"
0 87 45 167 103 1439 0 0 1 "Stealing"
0 87 45 167 103 1440 0 0 1 "Stealing"
0 87 45 167 103 1441 0 0 1 "Stealing"
0 87 45 167 103 1442 0 0 1 "Stealing"
0 87 45 167 103 1443 0 0 1 "Stealing"
0 87 45 167 103 1444 0 0 1 "Stealing"
0 87 45 167 103 1445 0 0 1 "Stealing"
0 87 45 167 103 1446 0 0 1 "Stealing"
0 87 45 167 103 1447 0 0 1 "Stealing"
0 87 45 167 103 1448 0 0 1 "Stealing"
0 87 45 167 103 1449 0 0 1 "Stealing"
0 87 45 167 103 1450 0 0 1 "Stealing"
0 87 45 167 103 1451 0 0 1 "Stealing"
0 87 45 167 103 1452 0 0 1 "Stealing"
0 87 45 167 103 1453 0 0 1 "Stealing"
0 87 45 167 103 1454 0 0 1 "Stealing"
0 87 45 167 103 1455 0 0 1 "Stealing"
0 87 45 167 103 1456 0 0 1 "Stealing"
0 87 45 167 103 1457 0 0 1 "Stealing"
0 87 45 167 103 1458 0 0 1 "Stealing"
0 87 45 167 103 1459 0 0 1 "Stealing"
0 87 45 167 103 1460 0 0 1 "Stealing"
0 87 45 167 103 1461 0 0 1 "Stealing"
0 87 45 167 103 1462 0 0 1 "Stealing"
0 87 45 167 103 1463 0 0 1 "Stealing"
0 87 45 167 103 1464 0 0 1 "Stealing"
0 87 45 167 103 1465 0 0 1 "Stealing"
0 87 45 167 103 1466 0 0 1 "Stealing"
0 87 45 167 103 1467 0 0 1 "Stealing"
0 87 45 167 103 1468 0 0 1 "Stealing"
0 87 45 167 103 1469 0 0 1 "Stealing"
0 87 45 167 103 1470 0 0 1 "Stealing"
0 87 45 167 103 1471 0 0 1 "Stealing"
0 87 45 167 103 1472 0 0 1 "Stealing"
0 87 45 167 103 1473 0 0 1 "Stealing"
0 87 45 167 103 1474 0 0 1 "Stealing"
0 87 45 167 103 1475 0 0 1 "Stealing"
0 87 45 167 103 1476 0 0 1 "Stealing"
0 87 45 167 103 1477 0 0 1 "Stealing"
0 87 45 167 103 1478 0 0 1 "Stealing"
0 87 45 167 103 1479 0 0 1 "Stealing"
0 87 45 167 103 1480 0 0 1 "Stealing"
0 87 45 167 103 1481 0 0 1 "Stealing"
0 87 45 167 103 1482 0 0 1 "Stealing"
0 87 45 167 103 1483 0 0 1 "Stealing"
0 87 45 167 103 1484 0 0 1 "Stealing"
0 87 45 167 103 1485 0 0 1 "Stealing"
0 87 45 167 103 1486 0 0 1 "Stealing"
0 87 45 167 103 1487 0 0 1 "Stealing"
0 87 45 167 103 1488 0 0 1 "Stealing"
0 87 45 167 103 1489 0 0 1 "Stealing"
0 87 45 167 103 1490 0 0 1 "Stealing"
0 87 45 167 103 1491 0 0 1 "Stealing"
0 87 45 167 103 1492 0 0 1 "Stealing"
0 87 45 167 103 1493 0 0 1 "Stealing"
0 87 45 167 103 1494 0 0 1 "Stealing"
0 87 45 167 103 1495 0 0 1 "Stealing"
0 87 45 167 103 1496 0 0 1 "Stealing"
0 87 45 167 103 1497 0 0 1 "Stealing"
0 87 45 167 103 1498 0 0 1 "Stealing"
0 87 45 167 103 1499 0 0 1 "Stealing"
0 87 45 167 103 1500 0 0 1 "Stealing"
0 87 45 167 103 1501 0 0 1 "Stealing"
0 87 45 167 103 1502 0 0 1 "Stealing"
0 87 45 167 103 1503 0 0 1 "Stealing"
0 87 45 167 103 1504 0 0 1 "Stealing"
0 87 45 167 103 1505 0 0 1 "Stealing"
0 87 45 167 103 1506 0 0 1 "Stealing"
0 87 45 167 103 1507 0 0 1 "Stealing"
0 87 45 167 103 1508 0 0 1 "Stealing"
0 87 45 167 103 1509 0 0 1 "Stealing"
0 87 45 167 103 1510 0 0 1 "Stealing"
0 87 45 167 103 1511 0 0 1 "Stealing"
0 87 45 167 103 1512 0 0 1 "Stealing"
0 87 45 167 103 1513 0 0 1 "Stealing"
0 87 45 167 103 1514 0 0 1 "Stealing"
0 87 45 167 103 1515 0 0 1 "Stealing"
0 87 45 167 103 1516 0 0 1 "Stealing"
0 87 45 167 103 1517 0 0 1 "Stealing"
0 87 45 167 103 1518 0 0 1 "Stealing"
0 87 45 167 103 1519 0 0 1 "Stealing"
0 87 45 167 103 1520 0 0 1 "Stealing"
0 87 45 167 103 1521 0 0 1 "Stealing"
0 87 45 167 103 1522 0 0 1 "Stealing"
0 87 45 167 103 1523 0 0 1 "Stealing"
0 87 45 167 103 1524 0 0 1 "Stealing"
0 87 45 167 103 1525 0 0 1 "Stealing"
0 87 45 167 103 1526 0 0 1 "Stealing"
0 87 45 167 103 1527 0 0 1 "Stealing"
0 87 45 167 103 1528 0 0 1 "Stealing"
0 87 45 167 103 1529 0 0 1 "Stealing"
0 87 45 167 103 1530 0 0 1 "Stealing"
0 87 45 167 103 1531 0 0 1 "Stealing"
0 87 45 167 103 1532 0 0 1 "Stealing"
0 87 45 167 103 1533 0 0 1 "Stealing"
0 87 45 167 103 1534 0 0 1 "Stealing"
0 87 45 167 103 1535 0 0 1 "Stealing"
0 87 45 167 103 1536 0 0 1 "Stealing"
0 87 45 167 103 1537 0 0 1 "Stealing"
0 87 45 167 103 1538 0 0 1 "Stealing"
0 87 45 167 103 1539 0 0 1 "Stealing"
0 87 45 167 103 1540 0 0 1 "Stealing"
0 87 45 167 103 1541 0 0 1 "Stealing"
0 87 45 167 103 1542 0 0 1 "Stealing"
0 87 45 167 103 1543 0 0 1 "Stealing"
0 87 45 167 103 1544 0 0 1 "Stealing"
0 87 45 167 103 1545 0 0 1 "Stealing"
0 87 45 167 103 1546 0 0 1 "Stealing"
0 87 45 167 103 1547 0 0 1 "Stealing"
0 87 45 167 103 1548 0 0 1 "Stealing"
0 87 45 167 103 1549 0 0 1 "Stealing"
0 87 45 167 103 1550 0 0 1 "Stealing"
0 87 45 167 103 1551 0 0 0 "Stealing"
0 86 45 166 103 1552 0 0 1 "Stealing"
0 86 45 166 103 1553 0 0 1 "Stealing"
0 86 45 166 103 1554 0 0 1 "Stealing"
0 86 45 166 103 1555 0 0 1 "Stealing"
0 86 45 166 103 1556 0 0 1 "Stealing"
0 86 45 166 103 1557 0 0 1 "Stealing"
0 86 45 166 103 1558 0 0 1 "Stealing"
0 86 45 166 103 1559 0 0 1 "Stealing"
0 86 45 166 103 1560 0 0 1 "Stealing"
0 86 45 166 103 1561 0 0 1 "Stealing"
0 86 45 166 103 1562 0 0 1 "Stealing"
0 86 45 166 103 1563 0 0 1 "Stealing"
0 86 45 166 103 1564 0 0 1 "Stealing"
0 86 45 166 103 1565 0 0 1 "Stealing"
0 86 45 166 103 1566 0 0 1 "Stealing"
0 86 45 166 103 1567 0 0 1 "Stealing"
0 86 45 166 103 1568 0 0 1 "Stealing"
0 86 45 166 103 1569 0 0 1 "Stealing"
0 86 45 166 103 1570 0 0 1 "Stealing"
0 86 45 166 103 1571 0 0 1 "Stealing"
0 86 45 166 103 1572 0 0 1 "Stealing"
0 86 45 166 103 1573 0 0 1 "Stealing"
0 86 45 166 103 1574 0 0 1 "Stealing"
0 86 45 166 103 1575 0 0 1 "Stealing"
0 86 45 166 103 1576 0 0 1 "Stealing"
0 86 45 166 103 1577 0 0 1 "Stealing"
0 86 45 166 103 1578 0 0 1 "Stealing"
0 86 45 166 103 1579 0 0 1 "Stealing"
0 86 45 166 103 1580 0 0 1 "Stealing"
0 86 45 166 103 1581 0 0 1 "Stealing"
0 86 45 166 103 1582 0 0 1 "Stealing"
0 86 45 166 103 1583 0 0 1 "Stealing"
0 86 45 166 103 1584 0 0 1 "Stealing"
0 86 45 166 103 1585 0 0 1 "Stealing"
0 86 45 166 103 1586 0 0 1 "Stealing"
0 86 45 166 103 1587 0 0 1 "Stealing"
0 86 45 166 103 1588 0 0 1 "Stealing"
0 86 45 166 103 1589 0 0 1 "Stealing"
0 86 45 166 103 1590 0 0 1 "Stealing"
0 86 45 166 103 1591 0 0 1 "Stealing"
0 86 45 166 103 1592 0 0 1 "Stealing"
0 86 45 166 103 1593 0 0 1 "Stealing"
0 86 45 166 103 1594 0 0 1 "Stealing"
0 86 45 166 103 1595 0 0 1 "Stealing"
0 86 45 166 103 1596 0 0 1 "Stealing"
0 86 45 166 103 1597 0 0 1 "Stealing"
0 86 45 166 103 1598 0 0 1 "Stealing"
0 86 45 166 103 1599 0 0 1 "Stealing"
0 86 45 166 103 1600 0 0 1 "Stealing"
0 86 45 166 103 1601 0 0 1 "Stealing"
0 86 45 166 103 1602 0 0 1 "Stealing"
0 86 45 166 103 1603 0 0 1 "Stealing"
0 86 45 166 103 1604 0 0 1 "Stealing"
0 86 45 166 103 1605 0 0 1 "Stealing"
0 86 45 166 103 1606 0 0 1 "Stealing"
0 86 45 166 103 1607 0 0 1 "Stealing"
0 86 45 166 103 1608 0 0 1 "Stealing"
0 86 45 166 103 1609 0 0 1 "Stealing"
0 86 45 166 103 1610 0 0 1 "Stealing"
0 86 45 166 103 1611 0 0 1 "Stealing"
0 86 45 166 103 1612 0 0 1 "Stealing"
0 86 45 166 103 1613 0 0 1 "Stealing"
0 86 45 166 103 1614 0 0 1 "Stealing"
0 86 45 166 103 1615 0 0 1 "Stealing"
0 86 45 166 103 1616 0 0 1 "Stealing"
0 86 45 166 103 1617 0 0 1 "Stealing"
0 86 45 166 104 1618 0 0 0 "Stealing"
0 85 45 165 104 1619 0 0 1 "Stealing"
0 85 45 164 104 1620 0 0 1 "Stealing"
0 85 45 163 104 1621 0 0 1 "Stealing"
0 85 45 162 104 1622 0 0 1 "Stealing"
0 85 46 161 104 1623 0 0 1 "Stealing"
0 85 46 160 104 1624 0 0 1 "Stealing"
0 85 46 159 104 1625 0 0 1 "Stealing"
0 85 46 158 104 1626 0 0 1 "Stealing"
0 85 46 157 104 1627 0 0 1 "Stealing"
0 85 47 156 104 1628 0 0 1 "Stealing"
0 85 47 155 104 1629 0 0 1 "Stealing"
0 85 47 154 104 1630 0 0 1 "Stealing"
0 85 47 153 104 1631 0 0 1 "Stealing"
0 85 47 152 104 1632 0 0 1 "Stealing"
0 85 48 151 105 1633 0 0 0 "Stealing"
0 84 49 150 106 1634 0 0 1 "Stealing"
0 83 50 149 107 1635 0 0 1 "Stealing"
0 82 51 148 108 1636 0 0 1 "Stealing"
0 81 52 147 109 1637 0 0 1 "Stealing"
0 81 53 147 110 1638 0 0 0 "Stealing"
0 80 53 146 110 1639 0 0 1 "Stealing"
0 79 53 145 110 1640 0 0 1 "Stealing"
0 78 53 144 110 1641 0 0 1 "Stealing"
0 77 53 143 110 1642 0 0 0 "Stealing"
0 76 53 142 110 1643 0 0 1 "Stealing"
0 76 53 142 110 1644 0 0 1 "Stealing"
0 75 53 141 110 1645 0 0 1 "Stealing"
0 75 53 141 110 1646 0 0 1 "Stealing"
0 74 53 140 110 1647 0 0 1 "Stealing"
0 74 53 140 110 1648 0 0 1 "Stealing"
0 74 54 140 111 1649 0 0 0 "Stealing"
0 74 54 138 110 1650 0 0 1 "Stealing"
0 74 54 137 110 1651 0 0 1 "Stealing"
0 74 54 136 110 1652 0 0 1 "Stealing"
0 74 54 135 110 1653 0 0 1 "Stealing"
0 74 54 133 110 1654 0 0 1 "Stealing"
0 74 54 132 110 1655 0 0 1 "Stealing"
0 74 54 131 110 1656 0 0 1 "Stealing"
0 74 54 130 110 1657 0 0 1 "Stealing"
0 74 54 128 110 1658 0 0 1 "Stealing"
0 74 54 127 110 1659 0 0 1 "Stealing"
0 74 54 126 110 1660 0 0 1 "Stealing"
0 74 54 125 110 1661 0 0 1 "Stealing"
0 74 54 124 110 1662 0 0 0 "Stealing"
0 72 54 122 110 1663 0 0 1 "Stealing"
0 71 54 121 110 1664 0 0 1 "Stealing"
0 70 55 120 111 1665 0 0 1 "Stealing"
0 69 55 119 111 1666 0 0 1 "Stealing"
0 67 55 117 111 1667 0 0 1 "Stealing"
0 66 56 116 112 1668 0 0 1 "Stealing"
0 65 56 115 112 1669 0 0 1 "Stealing"
0 64 56 114 112 1670 0 0 1 "Stealing"
0 63 57 113 113 1671 0 0 0 "Stealing"
0 62 56 112 112 1672 0 0 1 "Stealing"
0 61 56 111 112 1673 0 0 1 "Stealing"
0 60 55 110 111 1674 0 0 1 "Stealing"
0 59 55 109 111 1675 0 0 1 "Stealing"
0 59 55 109 111 1676 0 0 0 "Stealing"
0 57 54 107 110 1677 0 0 1 "Stealing"
0 55 54 105 110 1678 0 0 1 "Stealing"
0 53 53 103 109 1679 0 0 1 "Stealing"
0 51 53 101 109 1680 0 0 1 "Stealing"
0 49 53 99 109 1681 0 0 0 "Stealing"
0 48 53 98 109 1682 0 0 1 "Stealing"
0 47 53 97 109 1683 0 0 1 "Stealing"
0 46 53 96 109 1684 0 0 1 "Stealing"
0 45 53 95 109 1685 0 0 1 "Stealing"
0 44 53 94 109 1686 0 0 1 "Stealing"
0 43 53 93 109 1687 0 0 1 "Stealing"
0 43 54 93 110 1688 0 0 0 "Stealing"
0 41 53 91 109 1689 0 0 1 "Stealing"
0 40 53 90 109 1690 0 0 1 "Stealing"
0 39 53 89 109 1691 0 0 1 "Stealing"
0 38 53 88 109 1692 0 0 1 "Stealing"
0 36 52 86 108 1693 0 0 1 "Stealing"
0 35 52 85 108 1694 0 0 1 "Stealing"
0 34 52 84 108 1695 0 0 1 "Stealing"
0 33 52 83 108 1696 0 0 1 "Stealing"
0 32 52 82 108 1697 0 0 0 "Stealing"
0 30 51 80 107 1698 0 0 1 "Stealing"
0 29 51 79 107 1699 0 0 1 "Stealing"
0 28 51 78 107 1700 0 0 1 "Stealing"
0 27 51 77 107 1701 0 0 1 "Stealing"
0 26 51 76 107 1702 0 0 1 "Stealing"
0 25 51 75 107 1703 0 0 1 "Stealing"
0 24 51 74 107 1704 0 0 1 "Stealing"
0 23 51 73 107 1705 0 0 1 "Stealing"
0 22 51 72 107 1706 0 0 1 "Stealing"
0 21 50 71 106 1707 0 0 1 "Stealing"
0 20 50 70 106 1708 0 0 1 "Stealing"
0 19 50 69 106 1709 0 0 1 "Stealing"
0 18 50 68 106 1710 0 0 1 "Stealing"
0 17 50 67 106 1711 0 0 1 "Stealing"
0 16 50 66 106 1712 0 0 1 "Stealing"
0 15 50 65 106 1713 0 0 1 "Stealing"
0 14 50 64 106 1714 0 0 1 "Stealing"
0 13 50 63 106 1715 0 0 0 "Stealing"
0 12 49 62 105 1716 0 0 1 "Stealing"
0 11 49 61 105 1717 0 0 1 "Stealing"
0 10 49 60 105 1718 0 0 1 "Stealing"
0 10 49 60 105 1719 0 0 1 "Stealing"
0 9 49 59 105 1720 0 0 1 "Stealing"
0 8 49 58 105 1721 0 0 1 "Stealing"
0 8 49 58 105 1722 0 0 1 "Stealing"
0 7 49 57 105 1723 0 0 1 "Stealing"
0 6 48 56 104 1724 0 0 1 "Stealing"
0 6 48 56 104 1725 0 0 1 "Stealing"
0 5 48 55 104 1726 0 0 1 "Stealing"
0 4 48 54 104 1727 0 0 1 "Stealing"
0 4 48 54 104 1728 0 0 1 "Stealing"
0 3 48 53 104 1729 0 0 1 "Stealing"
0 2 48 52 104 1730 0 0 1 "Stealing"
0 2 48 52 104 1731 0 0 0 "Stealing"
0 1 47 50 103 1732 0 0 1 "Stealing"
0 1 47 48 103 1733 0 0 1 "Stealing"
0 1 47 47 103 1734 0 0 1 "Stealing"
0 1 47 45 103 1735 0 0 1 "Stealing"
0 1 47 44 103 1736 0 0 1 "Stealing"
0 1 47 42 103 1737 0 0 1 "Stealing"
0 0 47 41 103 1738 0 0 1 "Stealing"
0 0 47 39 103 1739 0 0 1 "Stealing"
0 0 47 38 103 1740 0 0 1 "Stealing"
0 0 47 36 103 1741 0 0 1 "Stealing"
0 0 47 35 103 1742 0 0 1 "Stealing"
0 0 47 33 103 1743 0 0 1 "Stealing"
0 0 47 32 103 1744 0 0 0 "Stealing"
0 0 47 31 103 1745 0 0 1 "Stealing"
0 0 47 30 103 1746 0 0 1 "Stealing"
0 0 47 29 103 1747 0 0 1 "Stealing"
0 0 47 29 103 1748 0 0 1 "Stealing"
0 0 47 28 103 1749 0 0 1 "Stealing"
0 0 47 27 103 1750 0 0 1 "Stealing"
0 0 48 27 104 1751 1 0 0 "Stealing"
0 0 48 27 104 1752 1 0 1 "Stealing"
0 0 48 27 104 1753 1 0 1 "Stealing"
0 0 48 27 104 1754 1 0 1 "Stealing"
0 0 48 27 104 1755 1 0 1 "Stealing"
0 0 48 27 104 1756 1 0 1 "Stealing"
0 0 48 27 104 1757 1 0 1 "Stealing"
0 0 48 27 104 1758 1 0 1 "Stealing"
0 0 48 27 104 1759 1 0 1 "Stealing"
0 0 48 27 104 1760 1 0 1 "Stealing"
0 0 48 27 104 1761 1 0 1 "Stealing"
0 0 48 27 104 1762 1 0 1 "Stealing"
0 0 48 27 104 1763 1 0 1 "Stealing"
0 0 48 27 104 1764 1 0 1 "Stealing"
0 0 48 27 104 1765 1 0 1 "Stealing"
0 0 48 27 104 1766 1 0 1 "Stealing"
0 0 48 27 104 1767 1 0 1 "Stealing"
0 0 48 27 104 1768 1 0 1 "Stealing"
0 0 48 27 104 1769 1 0 1 "Stealing"
0 0 48 27 104 1770 1 0 1 "Stealing"
0 0 48 27 104 1771 1 0 1 "Stealing"
0 0 48 27 104 1772 1 0 1 "Stealing"
0 0 48 27 104 1773 1 0 1 "Stealing"
0 0 48 27 104 1774 1 0 1 "Stealing"
0 0 48 27 104 1775 1 0 1 "Stealing"
0 0 48 27 104 1776 1 0 1 "Stealing"
0 0 48 27 104 1777 1 0 1 "Stealing"
0 0 48 27 104 1778 1 0 1 "Stealing"
0 0 48 27 104 1779 1 0 1 "Stealing"
0 0 48 27 104 1780 1 0 1 "Stealing"
0 0 48 27 104 1781 1 0 1 "Stealing"
0 0 48 27 104 1782 1 0 1 "Stealing"
0 0 48 27 104 1783 1 0 1 "Stealing"
0 0 48 27 104 1784 1 0 1 "Stealing"
0 0 48 27 104 1785 1 0 1 "Stealing"
0 0 48 27 104 1786 1 0 1 "Stealing"
0 0 48 27 104 1787 1 0 1 "Stealing"
0 0 48 27 104 1788 1 0 1 "Stealing"
0 0 48 27 104 1789 1 0 1 "Stealing"
0 0 48 27 104 1790 1 0 1 "Stealing"
0 0 48 27 104 1791 1 0 1 "Stealing"
0 0 48 27 104 1792 1 0 1 "Stealing"
0 0 48 27 104 1793 1 0 1 "Stealing"
0 0 48 27 104 1794 1 0 1 "Stealing"
0 0 48 27 104 1795 1 0 1 "Stealing"
0 0 48 27 104 1796 1 0 1 "Stealing"
0 0 48 27 104 1797 1 0 1 "Stealing"
0 0 48 27 104 1798 1 0 1 "Stealing"
0 0 48 27 104 1799 1 0 0 "Stealing"
