0 203 34 315 237 0 1 0 0 "Stealing"
0 203 33 315 237 1 1 0 1 "Stealing"
0 203 33 315 237 2 1 0 1 "Stealing"
0 203 33 315 237 3 1 0 1 "Stealing"
0 203 33 315 237 4 1 0 1 "Stealing"
0 203 33 315 237 5 1 0 1 "Stealing"
0 203 33 315 237 6 1 0 1 "Stealing"
0 203 33 315 237 7 1 0 1 "Stealing"
0 203 33 315 237 8 1 0 1 "Stealing"
0 203 33 315 237 9 1 0 1 "Stealing"
0 203 33 315 237 10 1 0 1 "Stealing"
0 203 33 315 237 11 1 0 1 "Stealing"
0 203 33 315 237 12 1 0 1 "Stealing"
0 203 33 315 237 13 1 0 1 "Stealing"
0 203 33 315 237 14 1 0 1 "Stealing"
0 203 33 315 237 15 1 0 1 "Stealing"
0 203 33 315 237 16 1 0 1 "Stealing"
0 203 33 315 237 17 1 0 1 "Stealing"
0 203 33 315 237 18 1 0 1 "Stealing"
0 203 33 315 237 19 1 0 1 "Stealing"
0 203 33 315 237 20 1 0 1 "Stealing"
0 203 33 315 237 21 1 0 1 "Stealing"
0 203 33 315 237 22 1 0 1 "Stealing"
0 203 33 315 237 23 1 0 1 "Stealing"
0 203 33 315 237 24 1 0 1 "Stealing"
0 203 33 315 237 25 1 0 1 "Stealing"
0 203 32 315 237 26 1 0 1 "Stealing"
0 203 32 315 237 27 1 0 1 "Stealing"
0 203 32 315 237 28 1 0 1 "Stealing"
0 203 32 315 237 29 1 0 1 "Stealing"
0 203 32 315 237 30 1 0 1 "Stealing"
0 203 32 315 237 31 1 0 1 "Stealing"
0 203 32 315 237 32 1 0 1 "Stealing"
0 203 32 315 237 33 1 0 1 "Stealing"
0 203 32 315 237 34 1 0 1 "Stealing"
0 203 32 315 237 35 1 0 1 "Stealing"
0 203 32 315 237 36 1 0 1 "Stealing"
0 203 32 315 237 37 1 0 1 "Stealing"
0 203 32 315 237 38 1 0 1 "Stealing"
0 203 32 315 237 39 1 0 1 "Stealing"
0 203 32 315 237 40 1 0 1 "Stealing"
0 203 32 315 237 41 1 0 1 "Stealing"
0 203 32 315 237 42 1 0 1 "Stealing"
0 203 32 315 237 43 1 0 1 "Stealing"
0 203 32 315 237 44 1 0 1 "Stealing"
0 203 32 315 237 45 1 0 1 "Stealing"
0 203 32 315 237 46 1 0 1 "Stealing"
0 203 32 315 237 47 1 0 1 "Stealing"
0 203 32 315 237 48 1 0 1 "Stealing"
0 203 32 315 237 49 1 0 1 "Stealing"
0 203 32 315 237 50 1 0 1 "Stealing"
0 203 32 315 237 51 1 0 1 "Stealing"
0 203 31 315 237 52 1 0 1 "Stealing"
0 203 31 315 237 53 1 0 1 "Stealing"
0 203 31 315 237 54 1 0 1 "Stealing"
0 203 31 315 237 55 1 0 1 "Stealing"
0 203 31 315 237 56 1 0 1 "Stealing"
0 203 31 315 237 57 1 0 1 "Stealing"
0 203 31 316 237 58 1 0 1 "Stealing"
0 203 31 316 237 59 1 0 1 "Stealing"
0 203 31 316 237 60 1 0 1 "Stealing"
0 203 31 316 237 61 1 0 1 "Stealing"
0 203 31 316 237 62 1 0 1 "Stealing"
0 203 31 316 237 63 1 0 1 "Stealing"
0 203 31 316 237 64 1 0 1 "Stealing"
0 203 31 316 237 65 1 0 1 "Stealing"
0 203 31 316 237 66 1 0 1 "Stealing"
0 203 31 316 237 67 1 0 1 "Stealing"
0 203 31 316 237 68 1 0 1 "Stealing"
0 203 31 316 237 69 1 0 1 "Stealing"
0 203 31 316 237 70 1 0 1 "Stealing"
0 203 31 316 237 71 1 0 1 "Stealing"
0 203 31 316 237 72 1 0 1 "Stealing"
0 203 31 316 237 73 1 0 1 "Stealing"
0 203 31 316 237 74 1 0 1 "Stealing"
0 203 31 316 237 75 1 0 1 "Stealing"
0 203 31 316 237 76 1 0 1 "Stealing"
0 203 31 316 237 77 1 0 1 "Stealing"
0 203 30 316 237 78 1 0 1 "Stealing"
0 203 30 316 237 79 1 0 1 "Stealing"
0 203 30 316 237 80 1 0 1 "Stealing"
0 203 30 316 237 81 1 0 1 "Stealing"
0 203 30 316 237 82 1 0 1 "Stealing"
0 203 30 316 237 83 1 0 1 "Stealing"
0 203 30 316 237 84 1 0 1 "Stealing"
0 203 30 316 237 85 1 0 1 "Stealing"
0 203 30 316 237 86 1 0 1 "Stealing"
0 203 30 316 237 87 1 0 1 "Stealing"
0 203 30 316 237 88 1 0 1 "Stealing"
0 203 30 316 237 89 1 0 1 "Stealing"
0 203 30 316 237 90 1 0 1 "Stealing"
0 203 30 316 237 91 1 0 1 "Stealing"
0 203 30 316 237 92 1 0 1 "Stealing"
0 203 30 316 237 93 1 0 1 "Stealing"
0 203 30 316 237 94 1 0 1 "Stealing"
0 203 30 316 237 95 1 0 1 "Stealing"
0 203 30 316 237 96 1 0 1 "Stealing"
0 203 30 316 237 97 1 0 1 "Stealing"
0 203 30 316 237 98 1 0 1 "Stealing"
0 203 30 316 237 99 1 0 1 "Stealing"
0 203 30 316 237 100 1 0 1 "Stealing"
0 203 30 316 237 101 1 0 1 "Stealing"
0 203 30 316 237 102 1 0 1 "Stealing"
0 203 29 316 237 103 1 0 1 "Stealing"
0 203 29 316 237 104 1 0 1 "Stealing"
0 203 29 316 237 105 1 0 1 "Stealing"
0 203 29 316 237 106 1 0 1 "Stealing"
0 203 29 316 237 107 1 0 1 "Stealing"
0 203 29 316 237 108 1 0 1 "Stealing"
0 203 29 316 237 109 1 0 1 "Stealing"
0 203 29 316 237 110 1 0 1 "Stealing"
0 203 29 316 237 111 1 0 1 "Stealing"
0 203 29 316 237 112 1 0 1 "Stealing"
0 203 29 316 237 113 1 0 1 "Stealing"
0 203 29 316 237 114 1 0 1 "Stealing"
0 203 29 316 237 115 1 0 1 "Stealing"
0 204 29 317 238 116 1 0 1 "Stealing"
0 204 29 317 238 117 1 0 1 "Stealing"
0 204 29 317 238 118 1 0 1 "Stealing"
0 204 29 317 238 119 1 0 1 "Stealing"
0 204 29 317 238 120 1 0 1 "Stealing"
0 204 29 317 238 121 1 0 1 "Stealing"
0 204 29 317 238 122 1 0 1 "Stealing"
0 204 29 317 238 123 1 0 1 "Stealing"
0 204 29 317 238 124 1 0 1 "Stealing"
0 204 29 317 238 125 1 0 1 "Stealing"
0 204 29 317 238 126 1 0 1 "Stealing"
0 204 29 317 238 127 1 0 1 "Stealing"
0 204 29 317 238 128 1 0 1 "Stealing"
0 204 28 317 238 129 1 0 1 "Stealing"
0 204 28 317 238 130 1 0 1 "Stealing"
0 204 28 317 238 131 1 0 1 "Stealing"
0 204 28 317 238 132 1 0 1 "Stealing"
0 204 28 317 238 133 1 0 1 "Stealing"
0 204 28 317 238 134 1 0 1 "Stealing"
0 204 28 317 238 135 1 0 1 "Stealing"
0 204 28 317 238 136 1 0 1 "Stealing"
0 204 28 317 238 137 1 0 1 "Stealing"
0 204 28 317 238 138 1 0 1 "Stealing"
0 204 28 317 238 139 1 0 1 "Stealing"
0 204 28 317 238 140 1 0 1 "Stealing"
0 204 28 317 238 141 1 0 1 "Stealing"
0 204 28 317 238 142 1 0 1 "Stealing"
0 204 28 317 238 143 1 0 1 "Stealing"
0 204 28 317 238 144 1 0 1 "Stealing"
0 204 28 317 238 145 1 0 1 "Stealing"
0 204 28 317 238 146 1 0 1 "Stealing"
0 204 28 317 238 147 1 0 1 "Stealing"
0 204 28 317 238 148 1 0 1 "Stealing"
0 204 28 317 238 149 1 0 1 "Stealing"
0 204 28 317 238 150 1 0 1 "Stealing"
0 204 28 317 238 151 1 0 1 "Stealing"
0 204 28 317 238 152 1 0 1 "Stealing"
0 204 28 317 238 153 1 0 1 "Stealing"
0 204 28 317 238 154 1 0 1 "Stealing"
0 204 27 317 238 155 1 0 1 "Stealing"
0 204 27 317 238 156 1 0 1 "Stealing"
0 204 27 317 238 157 1 0 1 "Stealing"
0 204 27 317 238 158 1 0 1 "Stealing"
0 204 27 317 238 159 1 0 1 "Stealing"
0 204 27 317 238 160 1 0 1 "Stealing"
0 204 27 317 238 161 1 0 1 "Stealing"
0 204 27 317 238 162 1 0 1 "Stealing"
0 204 27 317 238 163 1 0 1 "Stealing"
0 204 27 317 238 164 1 0 1 "Stealing"
0 204 27 317 238 165 1 0 1 "Stealing"
0 204 27 317 238 166 1 0 1 "Stealing"
0 204 27 317 238 167 1 0 1 "Stealing"
0 204 27 317 238 168 1 0 1 "Stealing"
0 204 27 317 238 169 1 0 1 "Stealing"
0 204 27 317 238 170 1 0 1 "Stealing"
0 204 27 317 238 171 1 0 1 "Stealing"
0 204 27 317 238 172 1 0 1 "Stealing"
0 204 27 317 238 173 1 0 1 "Stealing"
0 204 27 318 238 174 1 0 1 "Stealing"
0 204 27 318 238 175 1 0 1 "Stealing"
0 204 27 318 238 176 1 0 1 "Stealing"
0 204 27 318 238 177 1 0 1 "Stealing"
0 204 27 318 238 178 1 0 1 "Stealing"
0 204 27 318 238 179 1 0 1 "Stealing"
0 204 26 318 238 180 1 0 1 "Stealing"
0 204 26 318 238 181 1 0 1 "Stealing"
0 204 26 318 238 182 1 0 1 "Stealing"
0 204 26 318 238 183 1 0 1 "Stealing"
0 204 26 318 238 184 1 0 1 "Stealing"
0 204 26 318 238 185 1 0 1 "Stealing"
0 204 26 318 238 186 1 0 1 "Stealing"
0 204 26 318 238 187 1 0 1 "Stealing"
0 204 26 318 238 188 1 0 1 "Stealing"
0 204 26 318 238 189 1 0 1 "Stealing"
0 204 26 318 238 190 1 0 1 "Stealing"
0 204 26 318 238 191 1 0 1 "Stealing"
0 204 26 318 238 192 1 0 1 "Stealing"
0 204 26 318 238 193 1 0 1 "Stealing"
0 204 26 318 238 194 1 0 1 "Stealing"
0 204 26 318 238 195 1 0 1 "Stealing"
0 204 26 318 238 196 1 0 1 "Stealing"
0 204 26 318 238 197 1 0 1 "Stealing"
0 204 26 318 238 198 1 0 1 "Stealing"
0 204 26 318 238 199 1 0 1 "Stealing"
0 204 26 318 238 200 1 0 1 "Stealing"
0 204 26 318 238 201 1 0 1 "Stealing"
0 204 26 318 238 202 1 0 1 "Stealing"
0 204 26 318 238 203 1 0 1 "Stealing"
0 204 26 318 238 204 1 0 1 "Stealing"
0 204 26 318 238 205 1 0 1 "Stealing"
0 204 25 318 238 206 1 0 1 "Stealing"
0 204 25 318 238 207 1 0 1 "Stealing"
0 204 25 318 238 208 1 0 1 "Stealing"
0 204 25 318 238 209 1 0 1 "Stealing"
0 204 25 318 238 210 1 0 1 "Stealing"
0 204 25 318 238 211 1 0 1 "Stealing"
0 204 25 318 238 212 1 0 1 "Stealing"
0 204 25 318 238 213 1 0 1 "Stealing"
0 204 25 318 238 214 1 0 1 "Stealing"
0 204 25 318 238 215 1 0 1 "Stealing"
0 204 25 318 238 216 1 0 1 "Stealing"
0 204 25 318 238 217 1 0 1 "Stealing"
0 204 25 318 238 218 1 0 1 "Stealing"
0 204 25 318 238 219 1 0 1 "Stealing"
0 204 25 318 238 220 1 0 1 "Stealing"
0 204 25 318 238 221 1 0 1 "Stealing"
0 204 25 318 238 222 1 0 1 "Stealing"
0 204 25 318 238 223 1 0 1 "Stealing"
0 204 25 318 238 224 1 0 1 "Stealing"
0 204 25 318 238 225 1 0 1 "Stealing"
0 204 25 318 238 226 1 0 1 "Stealing"
0 204 25 318 238 227 1 0 1 "Stealing"
0 204 25 318 238 228 1 0 1 "Stealing"
0 204 25 318 238 229 1 0 1 "Stealing"
0 204 25 318 238 230 1 0 1 "Stealing"
0 205 25 319 239 231 0 0 0 "Stealing"
0 205 25 319 239 232 0 0 1 "Stealing"
0 205 26 319 239 233 0 0 1 "Stealing"
0 205 27 319 239 234 0 0 1 "Stealing"
0 205 28 319 239 235 0 0 1 "Stealing"
0 206 29 319 239 236 0 0 1 "Stealing"
0 206 30 319 239 237 0 0 1 "Stealing"
0 206 31 319 239 238 0 0 1 "Stealing"
0 206 32 319 239 239 0 0 1 "Stealing"
0 206 33 319 239 240 0 0 1 "Stealing"
0 207 34 319 239 241 0 0 1 "Stealing"
0 207 34 319 239 242 0 0 1 "Stealing"
0 207 35 319 239 243 0 0 1 "Stealing"
0 207 36 319 239 244 0 0 1 "Stealing"
0 207 37 319 239 245 0 0 1 "Stealing"
0 208 38 319 239 246 0 0 1 "Stealing"
0 208 39 319 239 247 0 0 1 "Stealing"
0 208 40 319 239 248 0 0 1 "Stealing"
0 208 41 319 239 249 0 0 1 "Stealing"
0 208 42 319 239 250 0 0 1 "Stealing"
0 209 43 319 239 251 0 0 0 "Stealing"
0 208 43 319 239 252 0 0 1 "Stealing"
0 208 44 319 239 253 0 0 1 "Stealing"
0 208 45 319 239 254 0 0 1 "Stealing"
0 207 45 319 239 255 0 0 1 "Stealing"
0 207 46 319 239 256 0 0 1 "Stealing"
0 207 47 319 239 257 0 0 1 "Stealing"
0 207 48 319 239 258 0 0 1 "Stealing"
0 206 48 319 239 259 0 0 1 "Stealing"
0 206 49 319 239 260 0 0 1 "Stealing"
0 206 50 319 239 261 0 0 1 "Stealing"
0 205 51 319 239 262 0 0 1 "Stealing"
0 205 51 319 239 263 0 0 1 "Stealing"
0 205 52 319 239 264 0 0 1 "Stealing"
0 205 53 319 239 265 0 0 1 "Stealing"
0 204 54 319 239 266 0 0 1 "Stealing"
0 204 54 319 239 267 0 0 1 "Stealing"
0 204 55 319 239 268 0 0 1 "Stealing"
0 203 56 319 239 269 0 0 1 "Stealing"
0 203 57 319 239 270 0 0 1 "Stealing"
0 203 57 319 239 271 0 0 1 "Stealing"
0 203 58 319 239 272 0 0 1 "Stealing"
0 202 59 319 239 273 0 0 1 "Stealing"
0 202 60 319 239 274 0 0 1 "Stealing"
0 202 60 319 239 275 0 0 1 "Stealing"
0 201 61 319 239 276 0 0 1 "Stealing"
0 201 62 319 239 277 0 0 1 "Stealing"
0 201 63 319 239 278 0 0 1 "Stealing"
0 201 63 319 239 279 0 0 1 "Stealing"
0 200 64 319 239 280 0 0 1 "Stealing"
0 200 65 319 239 281 0 0 1 "Stealing"
0 200 66 319 239 282 0 0 1 "Stealing"
0 199 66 319 239 283 0 0 1 "Stealing"
0 199 67 319 239 284 0 0 1 "Stealing"
0 199 68 319 239 285 0 0 1 "Stealing"
0 199 69 319 239 286 0 0 0 "Stealing"
0 199 68 319 239 287 0 0 1 "Stealing"
0 199 68 319 239 288 0 0 1 "Stealing"
0 199 68 319 239 289 0 0 1 "Stealing"
0 199 68 319 239 290 0 0 1 "Stealing"
0 199 68 319 239 291 0 0 1 "Stealing"
0 199 68 319 239 292 0 0 1 "Stealing"
0 199 68 319 239 293 0 0 1 "Stealing"
0 199 68 319 239 294 0 0 1 "Stealing"
0 199 68 319 239 295 0 0 1 "Stealing"
0 199 68 319 239 296 0 0 1 "Stealing"
0 199 68 319 239 297 0 0 1 "Stealing"
0 199 68 319 239 298 0 0 1 "Stealing"
0 199 68 319 239 299 0 0 1 "Stealing"
0 199 68 319 239 300 0 0 1 "Stealing"
0 199 68 319 239 301 0 0 1 "Stealing"
0 199 68 319 239 302 0 0 1 "Stealing"
0 199 68 319 239 303 0 0 1 "Stealing"
0 199 68 319 239 304 0 0 1 "Stealing"
0 199 68 319 239 305 0 0 1 "Stealing"
0 199 68 319 239 306 0 0 1 "Stealing"
0 199 67 319 239 307 0 0 1 "Stealing"
0 199 67 319 239 308 0 0 1 "Stealing"
0 199 67 319 239 309 0 0 1 "Stealing"
0 199 67 319 239 310 0 0 1 "Stealing"
0 199 67 319 239 311 0 0 1 "Stealing"
0 199 67 319 239 312 0 0 1 "Stealing"
0 199 67 319 239 313 0 0 1 "Stealing"
0 199 67 319 239 314 0 0 1 "Stealing"
0 199 67 319 239 315 0 0 1 "Stealing"
0 199 67 319 239 316 0 0 1 "Stealing"
0 199 67 319 239 317 0 0 1 "Stealing"
0 199 67 319 239 318 0 0 1 "Stealing"
0 199 67 319 239 319 0 0 1 "Stealing"
0 199 67 319 239 320 0 0 1 "Stealing"
0 199 67 319 239 321 0 0 1 "Stealing"
0 199 67 319 239 322 0 0 1 "Stealing"
0 199 67 319 239 323 0 0 1 "Stealing"
0 199 67 319 239 324 0 0 1 "Stealing"
0 199 67 319 239 325 0 0 1 "Stealing"
0 199 67 319 239 326 0 0 1 "Stealing"
0 199 66 319 239 327 0 0 1 "Stealing"
0 199 66 319 239 328 0 0 1 "Stealing"
0 199 66 319 239 329 0 0 1 "Stealing"
0 199 66 319 239 330 0 0 1 "Stealing"
0 199 66 319 239 331 0 0 1 "Stealing"
0 199 66 319 239 332 0 0 1 "Stealing"
0 199 66 319 239 333 0 0 1 "Stealing"
0 199 66 319 239 334 0 0 1 "Stealing"
0 199 66 319 239 335 0 0 1 "Stealing"
0 199 66 319 239 336 0 0 1 "Stealing"
0 199 66 319 239 337 0 0 1 "Stealing"
0 199 66 319 239 338 0 0 1 "Stealing"
0 199 66 319 239 339 0 0 1 "Stealing"
0 199 66 319 239 340 0 0 1 "Stealing"
0 199 66 319 239 341 0 0 1 "Stealing"
0 199 66 319 239 342 0 0 1 "Stealing"
0 199 66 319 239 343 0 0 1 "Stealing"
0 199 66 319 239 344 0 0 1 "Stealing"
0 199 66 319 239 345 0 0 1 "Stealing"
0 199 66 319 239 346 0 0 1 "Stealing"
0 199 65 319 239 347 0 0 1 "Stealing"
0 199 65 319 239 348 0 0 1 "Stealing"
0 199 65 319 239 349 0 0 1 "Stealing"
0 199 65 319 239 350 0 0 1 "Stealing"
0 199 65 319 239 351 0 0 1 "Stealing"
0 199 65 319 239 352 0 0 1 "Stealing"
0 199 65 319 239 353 0 0 1 "Stealing"
0 199 65 319 239 354 0 0 1 "Stealing"
0 199 65 319 239 355 0 0 1 "Stealing"
0 199 65 319 239 356 0 0 1 "Stealing"
0 199 65 319 239 357 0 0 1 "Stealing"
0 199 65 319 239 358 0 0 1 "Stealing"
0 199 65 319 239 359 0 0 1 "Stealing"
0 199 65 319 239 360 0 0 1 "Stealing"
0 199 65 319 239 361 0 0 1 "Stealing"
0 199 65 319 239 362 0 0 1 "Stealing"
0 199 65 319 239 363 0 0 1 "Stealing"
0 199 65 319 239 364 0 0 1 "Stealing"
0 199 65 319 239 365 0 0 1 "Stealing"
0 199 65 319 239 366 0 0 1 "Stealing"
0 199 64 319 239 367 0 0 1 "Stealing"
0 199 64 319 239 368 0 0 1 "Stealing"
0 199 64 319 239 369 0 0 1 "Stealing"
0 199 64 319 239 370 0 0 1 "Stealing"
0 199 64 319 239 371 0 0 1 "Stealing"
0 199 64 319 239 372 0 0 1 "Stealing"
0 199 64 319 239 373 0 0 1 "Stealing"
0 199 64 319 239 374 0 0 1 "Stealing"
0 199 64 319 239 375 0 0 1 "Stealing"
0 199 64 319 239 376 0 0 1 "Stealing"
0 199 64 319 239 377 0 0 1 "Stealing"
0 199 64 319 239 378 0 0 1 "Stealing"
0 199 64 319 239 379 0 0 1 "Stealing"
0 199 64 319 239 380 0 0 1 "Stealing"
0 199 64 319 239 381 0 0 1 "Stealing"
0 199 64 319 239 382 0 0 1 "Stealing"
0 199 64 319 239 383 0 0 1 "Stealing"
0 199 64 319 239 384 0 0 1 "Stealing"
0 199 64 319 239 385 0 0 1 "Stealing"
0 199 64 319 239 386 0 0 1 "Stealing"
0 199 63 319 239 387 0 0 1 "Stealing"
0 199 63 319 239 388 0 0 1 "Stealing"
0 199 63 319 239 389 0 0 1 "Stealing"
0 199 63 319 239 390 0 0 1 "Stealing"
0 199 63 319 239 391 0 0 1 "Stealing"
0 199 63 319 239 392 0 0 1 "Stealing"
0 199 63 319 239 393 0 0 1 "Stealing"
0 199 63 319 239 394 0 0 1 "Stealing"
0 199 63 319 239 395 0 0 1 "Stealing"
0 199 63 319 239 396 0 0 1 "Stealing"
0 199 63 319 239 397 0 0 1 "Stealing"
0 199 63 319 239 398 0 0 1 "Stealing"
0 199 63 319 239 399 0 0 1 "Stealing"
0 199 63 319 239 400 0 0 1 "Stealing"
0 199 63 319 239 401 0 0 1 "Stealing"
0 199 63 319 239 402 0 0 1 "Stealing"
0 199 63 319 239 403 0 0 1 "Stealing"
0 199 63 319 239 404 0 0 1 "Stealing"
0 199 63 319 239 405 0 0 1 "Stealing"
0 199 63 319 239 406 0 0 1 "Stealing"
0 199 62 319 239 407 0 0 1 "Stealing"
0 199 62 319 239 408 0 0 1 "Stealing"
0 199 62 319 239 409 0 0 1 "Stealing"
0 199 62 319 239 410 0 0 1 "Stealing"
0 199 62 319 239 411 0 0 1 "Stealing"
0 199 62 319 239 412 0 0 1 "Stealing"
0 199 62 319 239 413 0 0 1 "Stealing"
0 199 62 319 239 414 0 0 1 "Stealing"
0 199 62 319 239 415 0 0 1 "Stealing"
0 199 62 319 239 416 0 0 1 "Stealing"
0 199 62 319 239 417 0 0 1 "Stealing"
0 199 62 319 239 418 0 0 1 "Stealing"
0 199 62 319 239 419 0 0 1 "Stealing"
0 199 62 319 239 420 0 0 1 "Stealing"
0 199 62 319 239 421 0 0 1 "Stealing"
0 199 62 319 239 422 0 0 1 "Stealing"
0 199 62 319 239 423 0 0 1 "Stealing"
0 199 62 319 239 424 0 0 1 "Stealing"
0 199 62 319 239 425 0 0 1 "Stealing"
0 199 62 319 239 426 0 0 1 "Stealing"
0 199 61 319 239 427 0 0 1 "Stealing"
0 199 61 319 239 428 0 0 1 "Stealing"
0 199 61 319 239 429 0 0 1 "Stealing"
0 199 61 319 239 430 0 0 1 "Stealing"
0 199 61 319 239 431 0 0 1 "Stealing"
0 199 61 319 239 432 0 0 1 "Stealing"
0 199 61 319 239 433 0 0 1 "Stealing"
0 199 61 319 239 434 0 0 1 "Stealing"
0 199 61 319 239 435 0 0 1 "Stealing"
0 199 61 319 239 436 0 0 1 "Stealing"
0 199 61 319 239 437 0 0 1 "Stealing"
0 199 61 319 239 438 0 0 1 "Stealing"
0 199 61 319 239 439 0 0 1 "Stealing"
0 199 61 319 239 440 0 0 1 "Stealing"
0 199 61 319 239 441 0 0 1 "Stealing"
0 199 61 319 239 442 0 0 1 "Stealing"
0 199 61 319 239 443 0 0 1 "Stealing"
0 199 61 319 239 444 0 0 1 "Stealing"
0 199 61 319 239 445 0 0 1 "Stealing"
0 199 61 319 239 446 0 0 1 "Stealing"
0 199 60 319 239 447 0 0 1 "Stealing"
0 199 60 319 239 448 0 0 1 "Stealing"
0 199 60 319 239 449 0 0 1 "Stealing"
0 199 60 319 239 450 0 0 1 "Stealing"
0 199 60 319 239 451 0 0 1 "Stealing"
0 199 60 319 239 452 0 0 1 "Stealing"
0 199 60 319 239 453 0 0 1 "Stealing"
0 199 60 319 239 454 0 0 1 "Stealing"
0 199 60 319 239 455 0 0 1 "Stealing"
0 199 60 319 239 456 0 0 1 "Stealing"
0 199 60 319 239 457 0 0 1 "Stealing"
0 199 60 319 239 458 0 0 1 "Stealing"
0 199 60 319 239 459 0 0 1 "Stealing"
0 199 60 319 239 460 0 0 1 "Stealing"
0 199 60 319 239 461 0 0 1 "Stealing"
0 199 60 319 239 462 0 0 1 "Stealing"
0 199 60 319 239 463 0 0 1 "Stealing"
0 199 60 319 239 464 0 0 1 "Stealing"
0 199 60 319 239 465 0 0 1 "Stealing"
0 199 60 319 239 466 0 0 1 "Stealing"
0 199 59 319 239 467 0 0 1 "Stealing"
0 199 59 319 239 468 0 0 1 "Stealing"
0 199 59 319 239 469 0 0 1 "Stealing"
0 199 59 319 239 470 0 0 1 "Stealing"
0 199 59 319 239 471 0 0 1 "Stealing"
0 199 59 319 239 472 0 0 1 "Stealing"
0 199 59 319 239 473 0 0 1 "Stealing"
0 199 59 319 239 474 0 0 1 "Stealing"
0 199 59 319 239 475 0 0 1 "Stealing"
0 199 59 319 239 476 0 0 1 "Stealing"
0 199 59 319 239 477 0 0 1 "Stealing"
0 199 59 319 239 478 0 0 1 "Stealing"
0 199 59 319 239 479 0 0 1 "Stealing"
0 199 59 319 239 480 0 0 1 "Stealing"
0 199 59 319 239 481 0 0 1 "Stealing"
0 199 59 319 239 482 0 0 1 "Stealing"
0 199 59 319 239 483 0 0 1 "Stealing"
0 199 59 319 239 484 0 0 1 "Stealing"
0 199 59 319 239 485 0 0 1 "Stealing"
0 200 59 319 239 486 0 0 0 "Stealing"
0 200 58 319 239 487 0 0 1 "Stealing"
0 200 58 319 239 488 0 0 1 "Stealing"
0 200 58 319 239 489 0 0 1 "Stealing"
0 200 58 319 239 490 0 0 1 "Stealing"
0 200 58 319 239 491 0 0 1 "Stealing"
0 200 58 319 239 492 0 0 1 "Stealing"
0 200 58 319 239 493 0 0 1 "Stealing"
0 200 58 319 239 494 0 0 1 "Stealing"
0 200 58 319 239 495 0 0 1 "Stealing"
0 200 58 319 239 496 0 0 1 "Stealing"
0 200 58 319 239 497 0 0 1 "Stealing"
0 200 58 319 239 498 0 0 1 "Stealing"
0 200 58 319 239 499 0 0 1 "Stealing"
0 200 58 319 239 500 0 0 1 "Stealing"
0 200 58 319 239 501 0 0 1 "Stealing"
0 200 58 319 239 502 0 0 1 "Stealing"
0 200 58 319 239 503 0 0 1 "Stealing"
0 200 58 319 239 504 0 0 1 "Stealing"
0 200 58 319 239 505 0 0 1 "Stealing"
0 200 58 319 239 506 0 0 1 "Stealing"
0 200 58 319 239 507 0 0 1 "Stealing"
0 200 58 319 239 508 0 0 1 "Stealing"
0 200 58 319 239 509 0 0 1 "Stealing"
0 200 58 319 239 510 0 0 1 "Stealing"
0 200 58 319 239 511 0 0 1 "Stealing"
0 200 58 319 239 512 0 0 1 "Stealing"
0 200 58 319 239 513 0 0 1 "Stealing"
0 200 58 319 239 514 0 0 1 "Stealing"
0 200 58 319 239 515 0 0 1 "Stealing"
0 200 58 319 239 516 0 0 1 "Stealing"
0 200 58 319 239 517 0 0 1 "Stealing"
0 200 58 319 239 518 0 0 1 "Stealing"
0 200 58 319 239 519 0 0 1 "Stealing"
0 200 58 319 239 520 0 0 1 "Stealing"
0 200 58 319 239 521 0 0 1 "Stealing"
0 200 58 319 239 522 0 0 1 "Stealing"
0 200 58 319 239 523 0 0 1 "Stealing"
0 200 58 319 239 524 0 0 1 "Stealing"
0 200 58 319 239 525 0 0 1 "Stealing"
0 200 58 319 239 526 0 0 1 "Stealing"
0 200 58 319 239 527 0 0 1 "Stealing"
0 200 58 319 239 528 0 0 1 "Stealing"
0 200 58 319 239 529 0 0 1 "Stealing"
0 200 58 319 239 530 0 0 1 "Stealing"
0 200 58 319 239 531 0 0 1 "Stealing"
0 200 58 319 239 532 0 0 1 "Stealing"
0 200 58 319 239 533 0 0 1 "Stealing"
0 200 58 319 239 534 0 0 1 "Stealing"
0 200 58 319 239 535 0 0 1 "Stealing"
0 200 58 319 239 536 0 0 1 "Stealing"
0 200 58 319 239 537 0 0 1 "Stealing"
0 200 58 319 239 538 0 0 1 "Stealing"
0 200 58 319 239 539 0 0 1 "Stealing"
0 200 58 319 239 540 0 0 1 "Stealing"
0 200 58 319 239 541 0 0 1 "Stealing"
0 200 58 319 239 542 0 0 1 "Stealing"
0 200 58 319 239 543 0 0 1 "Stealing"
0 200 58 319 239 544 0 0 1 "Stealing"
0 200 58 319 239 545 0 0 1 "Stealing"
0 200 58 319 239 546 0 0 1 "Stealing"
0 200 58 319 239 547 0 0 1 "Stealing"
0 200 58 319 239 548 0 0 1 "Stealing"
0 200 58 319 239 549 0 0 1 "Stealing"
0 200 58 319 239 550 0 0 1 "Stealing"
0 200 58 319 239 551 0 0 1 "Stealing"
0 200 58 319 239 552 0 0 1 "Stealing"
0 200 58 319 239 553 0 0 1 "Stealing"
0 200 58 319 239 554 0 0 1 "Stealing"
0 200 58 319 239 555 0 0 1 "Stealing"
0 200 58 319 239 556 0 0 1 "Stealing"
0 200 58 319 239 557 0 0 1 "Stealing"
0 200 58 319 239 558 0 0 1 "Stealing"
0 200 58 319 239 559 0 0 1 "Stealing"
0 200 58 319 239 560 0 0 1 "Stealing"
0 200 58 319 239 561 0 0 1 "Stealing"
0 200 58 319 239 562 0 0 1 "Stealing"
0 200 58 319 239 563 0 0 1 "Stealing"
0 200 58 319 239 564 0 0 1 "Stealing"
0 200 58 319 239 565 0 0 1 "Stealing"
0 200 58 319 239 566 0 0 1 "Stealing"
0 200 58 319 239 567 0 0 1 "Stealing"
0 200 58 319 239 568 0 0 1 "Stealing"
0 200 58 319 239 569 0 0 1 "Stealing"
0 200 58 319 239 570 0 0 1 "Stealing"
0 200 58 319 239 571 0 0 1 "Stealing"
0 200 58 319 239 572 0 0 1 "Stealing"
0 200 58 319 239 573 0 0 1 "Stealing"
0 200 58 319 239 574 0 0 1 "Stealing"
0 200 58 319 239 575 0 0 1 "Stealing"
0 200 58 319 239 576 0 0 1 "Stealing"
0 200 58 319 239 577 0 0 1 "Stealing"
0 200 58 319 239 578 0 0 1 "Stealing"
0 200 58 319 239 579 0 0 1 "Stealing"
0 200 58 319 239 580 0 0 1 "Stealing"
0 200 58 319 239 581 0 0 1 "Stealing"
0 200 58 319 239 582 0 0 1 "Stealing"
0 200 58 319 239 583 0 0 1 "Stealing"
0 200 58 319 239 584 0 0 1 "Stealing"
0 200 58 319 239 585 0 0 1 "Stealing"
0 200 58 319 239 586 0 0 1 "Stealing"
0 200 58 319 239 587 0 0 1 "Stealing"
0 200 58 319 239 588 0 0 1 "Stealing"
0 200 58 319 239 589 0 0 1 "Stealing"
0 200 58 319 239 590 0 0 1 "Stealing"
0 200 58 319 239 591 0 0 1 "Stealing"
0 201 58 319 239 592 0 0 0 "Stealing"
0 201 56 319 238 593 0 0 1 "Stealing"
0 201 55 319 238 594 0 0 1 "Stealing"
0 201 54 319 238 595 0 0 1 "Stealing"
0 201 53 319 238 596 0 0 1 "Stealing"
0 201 52 319 238 597 0 0 1 "Stealing"
0 201 50 319 238 598 0 0 1 "Stealing"
0 201 49 319 238 599 0 0 1 "Stealing"
0 201 48 319 238 600 0 0 1 "Stealing"
0 201 47 319 238 601 0 0 1 "Stealing"
0 201 46 319 238 602 0 0 1 "Stealing"
0 201 44 319 238 603 0 0 1 "Stealing"
0 201 43 319 238 604 0 0 1 "Stealing"
0 201 42 319 238 605 0 0 1 "Stealing"
0 201 41 319 238 606 0 0 1 "Stealing"
0 201 40 319 238 607 0 0 1 "Stealing"
0 201 39 319 238 608 0 0 0 "Stealing"
0 201 39 319 238 609 0 0 1 "Stealing"
0 201 39 319 238 610 0 0 1 "Stealing"
0 201 39 319 238 611 0 0 1 "Stealing"
0 201 39 319 238 612 0 0 1 "Stealing"
0 201 39 319 238 613 0 0 1 "Stealing"
0 201 39 319 238 614 0 0 1 "Stealing"
0 201 39 319 238 615 0 0 1 "Stealing"
0 201 39 319 238 616 0 0 1 "Stealing"
0 201 39 319 238 617 0 0 1 "Stealing"
0 201 39 319 238 618 0 0 1 "Stealing"
0 201 39 319 238 619 0 0 1 "Stealing"
0 201 39 319 238 620 0 0 1 "Stealing"
0 201 39 319 238 621 0 0 1 "Stealing"
0 201 39 319 238 622 0 0 1 "Stealing"
0 201 39 319 238 623 0 0 1 "Stealing"
0 201 39 319 238 624 0 0 1 "Stealing"
0 201 39 319 238 625 0 0 1 "Stealing"
0 201 39 319 238 626 0 0 1 "Stealing"
0 201 39 319 238 627 0 0 1 "Stealing"
0 201 39 319 238 628 0 0 1 "Stealing"
0 201 39 319 238 629 0 0 1 "Stealing"
0 201 39 319 238 630 0 0 1 "Stealing"
0 201 39 319 238 631 0 0 1 "Stealing"
0 201 39 319 238 632 0 0 1 "Stealing"
0 201 39 319 238 633 0 0 1 "Stealing"
0 201 39 319 238 634 0 0 1 "Stealing"
0 201 39 319 238 635 0 0 1 "Stealing"
0 201 39 319 238 636 0 0 1 "Stealing"
0 201 39 319 238 637 0 0 1 "Stealing"
0 201 39 319 238 638 0 0 1 "Stealing"
0 201 39 319 238 639 0 0 1 "Stealing"
0 201 39 319 238 640 0 0 1 "Stealing"
0 201 39 319 238 641 0 0 1 "Stealing"
0 201 39 319 238 642 0 0 1 "Stealing"
0 201 39 319 238 643 0 0 1 "Stealing"
0 201 39 319 238 644 0 0 1 "Stealing"
0 201 40 319 238 645 0 0 1 "Stealing"
0 201 40 319 238 646 0 0 1 "Stealing"
0 201 40 319 238 647 0 0 1 "Stealing"
0 201 40 319 238 648 0 0 1 "Stealing"
0 201 40 319 238 649 0 0 1 "Stealing"
0 201 40 319 238 650 0 0 1 "Stealing"
0 201 40 319 238 651 0 0 1 "Stealing"
0 201 40 319 238 652 0 0 1 "Stealing"
0 201 40 319 238 653 0 0 1 "Stealing"
0 201 40 319 238 654 0 0 1 "Stealing"
0 201 40 319 238 655 0 0 1 "Stealing"
0 201 40 319 238 656 0 0 1 "Stealing"
0 201 40 319 238 657 0 0 1 "Stealing"
0 201 40 319 238 658 0 0 1 "Stealing"
0 201 40 319 238 659 0 0 1 "Stealing"
0 201 40 319 238 660 0 0 1 "Stealing"
0 201 40 319 238 661 0 0 1 "Stealing"
0 201 40 319 238 662 0 0 1 "Stealing"
0 201 40 319 238 663 0 0 1 "Stealing"
0 201 40 319 238 664 0 0 1 "Stealing"
0 201 40 319 238 665 0 0 1 "Stealing"
0 201 40 319 238 666 0 0 1 "Stealing"
0 201 40 319 238 667 0 0 1 "Stealing"
0 201 40 319 238 668 0 0 1 "Stealing"
0 201 40 319 238 669 0 0 1 "Stealing"
0 201 40 319 238 670 0 0 1 "Stealing"
0 201 40 319 238 671 0 0 1 "Stealing"
0 201 40 319 238 672 0 0 1 "Stealing"
0 201 40 319 238 673 0 0 1 "Stealing"
0 201 40 319 238 674 0 0 1 "Stealing"
0 201 40 319 238 675 0 0 1 "Stealing"
0 201 40 319 238 676 0 0 1 "Stealing"
0 201 40 319 238 677 0 0 1 "Stealing"
0 201 40 319 238 678 0 0 1 "Stealing"
0 201 40 319 238 679 0 0 1 "Stealing"
0 201 40 319 238 680 0 0 1 "Stealing"
0 202 41 319 239 681 0 0 0 "Stealing"
0 202 41 319 239 682 0 0 1 "Stealing"
0 202 41 319 239 683 0 0 1 "Stealing"
0 202 41 319 239 684 0 0 1 "Stealing"
0 202 41 319 239 685 0 0 1 "Stealing"
0 202 41 319 239 686 0 0 1 "Stealing"
0 202 41 319 239 687 0 0 1 "Stealing"
0 202 41 319 239 688 0 0 1 "Stealing"
0 202 41 319 239 689 0 0 1 "Stealing"
0 202 41 319 239 690 0 0 1 "Stealing"
0 202 41 319 239 691 0 0 1 "Stealing"
0 202 41 319 239 692 0 0 1 "Stealing"
0 202 41 319 239 693 0 0 1 "Stealing"
0 202 41 319 239 694 0 0 1 "Stealing"
0 202 41 319 239 695 0 0 1 "Stealing"
0 202 41 319 239 696 0 0 1 "Stealing"
0 202 41 319 239 697 0 0 1 "Stealing"
0 202 41 319 239 698 0 0 1 "Stealing"
0 202 41 319 239 699 0 0 1 "Stealing"
0 202 41 319 239 700 0 0 1 "Stealing"
0 202 41 319 239 701 0 0 1 "Stealing"
0 202 41 319 239 702 0 0 1 "Stealing"
0 202 41 319 239 703 0 0 1 "Stealing"
0 202 41 319 239 704 0 0 1 "Stealing"
0 202 41 319 239 705 0 0 1 "Stealing"
0 202 41 319 239 706 0 0 1 "Stealing"
0 202 41 319 239 707 0 0 1 "Stealing"
0 202 41 319 239 708 0 0 1 "Stealing"
0 202 41 319 239 709 0 0 1 "Stealing"
0 202 41 319 239 710 0 0 1 "Stealing"
0 202 41 319 239 711 0 0 1 "Stealing"
0 202 41 319 239 712 0 0 1 "Stealing"
0 202 41 319 239 713 0 0 1 "Stealing"
0 202 41 319 239 714 0 0 1 "Stealing"
0 202 41 319 239 715 0 0 1 "Stealing"
0 202 41 319 239 716 0 0 1 "Stealing"
0 202 41 319 239 717 0 0 1 "Stealing"
0 202 41 319 239 718 0 0 1 "Stealing"
0 202 41 319 239 719 0 0 1 "Stealing"
0 202 41 319 239 720 0 0 1 "Stealing"
0 202 41 319 239 721 0 0 1 "Stealing"
0 202 41 319 239 722 0 0 1 "Stealing"
0 202 41 319 239 723 0 0 1 "Stealing"
0 202 41 319 239 724 0 0 1 "Stealing"
0 202 41 319 239 725 0 0 1 "Stealing"
0 202 41 319 239 726 0 0 1 "Stealing"
0 202 41 319 239 727 0 0 1 "Stealing"
0 202 41 319 239 728 0 0 1 "Stealing"
0 202 41 319 239 729 0 0 1 "Stealing"
0 202 41 319 239 730 0 0 1 "Stealing"
0 202 41 319 239 731 0 0 1 "Stealing"
0 202 41 319 239 732 0 0 1 "Stealing"
0 202 41 319 239 733 0 0 1 "Stealing"
0 202 41 319 239 734 0 0 1 "Stealing"
0 202 41 319 239 735 0 0 1 "Stealing"
0 202 41 319 239 736 0 0 1 "Stealing"
0 202 41 319 239 737 0 0 1 "Stealing"
0 202 41 319 239 738 0 0 1 "Stealing"
0 202 41 319 239 739 0 0 1 "Stealing"
0 202 41 319 239 740 0 0 1 "Stealing"
0 202 41 319 239 741 0 0 1 "Stealing"
0 202 41 319 239 742 0 0 1 "Stealing"
0 202 41 319 239 743 0 0 1 "Stealing"
0 202 42 319 239 744 0 0 1 "Stealing"
0 202 42 319 239 745 0 0 1 "Stealing"
0 202 42 319 239 746 0 0 1 "Stealing"
0 202 42 319 239 747 0 0 1 "Stealing"
0 202 42 319 239 748 0 0 1 "Stealing"
0 202 42 319 239 749 0 0 1 "Stealing"
0 202 42 319 239 750 0 0 1 "Stealing"
0 202 42 319 239 751 0 0 1 "Stealing"
0 202 42 319 239 752 0 0 1 "Stealing"
0 202 42 319 239 753 0 0 1 "Stealing"
0 202 42 319 239 754 0 0 1 "Stealing"
0 202 42 319 239 755 0 0 1 "Stealing"
0 202 42 319 239 756 0 0 1 "Stealing"
0 202 42 319 239 757 0 0 1 "Stealing"
0 202 42 319 239 758 0 0 1 "Stealing"
0 202 42 319 239 759 0 0 1 "Stealing"
0 202 42 319 239 760 0 0 1 "Stealing"
0 202 42 319 239 761 0 0 1 "Stealing"
0 202 42 319 239 762 0 0 1 "Stealing"
0 202 42 319 239 763 0 0 1 "Stealing"
0 202 42 319 239 764 0 0 1 "Stealing"
0 202 42 319 239 765 0 0 1 "Stealing"
0 202 42 319 239 766 0 0 1 "Stealing"
0 202 42 319 239 767 0 0 1 "Stealing"
0 202 42 319 239 768 0 0 1 "Stealing"
0 202 42 319 239 769 0 0 1 "Stealing"
0 202 42 319 239 770 0 0 1 "Stealing"
0 202 42 319 239 771 0 0 1 "Stealing"
0 202 42 319 239 772 0 0 1 "Stealing"
0 202 42 319 239 773 0 0 1 "Stealing"
0 202 42 319 239 774 0 0 1 "Stealing"
0 202 42 319 239 775 0 0 1 "Stealing"
0 202 42 319 239 776 0 0 1 "Stealing"
0 202 42 319 239 777 0 0 1 "Stealing"
0 202 42 319 239 778 0 0 1 "Stealing"
0 202 42 319 239 779 0 0 1 "Stealing"
0 202 42 319 239 780 0 0 1 "Stealing"
0 202 42 319 239 781 0 0 1 "Stealing"
0 202 42 319 239 782 0 0 1 "Stealing"
0 202 42 319 239 783 0 0 1 "Stealing"
0 202 42 319 239 784 0 0 1 "Stealing"
0 202 42 319 239 785 0 0 1 "Stealing"
0 202 42 319 239 786 0 0 1 "Stealing"
0 202 42 319 239 787 0 0 1 "Stealing"
0 202 42 319 239 788 0 0 1 "Stealing"
0 202 42 319 239 789 0 0 1 "Stealing"
0 202 42 319 239 790 0 0 1 "Stealing"
0 202 42 319 239 791 0 0 1 "Stealing"
0 202 42 319 239 792 0 0 1 "Stealing"
0 202 42 319 239 793 0 0 1 "Stealing"
0 202 42 319 239 794 0 0 1 "Stealing"
0 202 42 319 239 795 0 0 1 "Stealing"
0 202 42 319 239 796 0 0 1 "Stealing"
0 202 42 319 239 797 0 0 1 "Stealing"
0 202 42 319 239 798 0 0 1 "Stealing"
0 202 42 319 239 799 0 0 1 "Stealing"
0 202 42 319 239 800 0 0 1 "Stealing"
0 202 42 319 239 801 0 0 1 "Stealing"
0 202 42 319 239 802 0 0 1 "Stealing"
0 202 42 319 239 803 0 0 1 "Stealing"
0 202 42 319 239 804 0 0 1 "Stealing"
0 202 42 319 239 805 0 0 1 "Stealing"
0 202 42 319 239 806 0 0 1 "Stealing"
0 202 43 319 239 807 0 0 1 "Stealing"
0 202 43 319 239 808 0 0 1 "Stealing"
0 202 43 319 239 809 0 0 1 "Stealing"
0 202 43 319 239 810 0 0 1 "Stealing"
0 202 43 319 239 811 0 0 1 "Stealing"
0 202 43 319 239 812 0 0 1 "Stealing"
0 202 43 319 239 813 0 0 1 "Stealing"
0 202 43 319 239 814 0 0 1 "Stealing"
0 202 43 319 239 815 0 0 1 "Stealing"
0 202 43 319 239 816 0 0 1 "Stealing"
0 202 43 319 239 817 0 0 1 "Stealing"
0 202 43 319 239 818 0 0 1 "Stealing"
0 202 43 319 239 819 0 0 1 "Stealing"
0 202 43 319 239 820 0 0 1 "Stealing"
0 202 43 319 239 821 0 0 1 "Stealing"
0 202 43 319 239 822 0 0 1 "Stealing"
0 202 43 319 239 823 0 0 1 "Stealing"
0 202 43 319 239 824 0 0 1 "Stealing"
0 202 43 319 239 825 0 0 1 "Stealing"
0 202 43 319 239 826 0 0 1 "Stealing"
0 202 43 319 239 827 0 0 1 "Stealing"
0 202 43 319 239 828 0 0 1 "Stealing"
0 202 43 319 239 829 0 0 1 "Stealing"
0 202 43 319 239 830 0 0 1 "Stealing"
0 202 43 319 239 831 0 0 1 "Stealing"
0 202 43 319 239 832 0 0 1 "Stealing"
0 202 43 319 239 833 0 0 1 "Stealing"
0 202 43 319 239 834 0 0 1 "Stealing"
0 202 43 319 239 835 0 0 1 "Stealing"
0 202 43 319 239 836 0 0 1 "Stealing"
0 202 43 319 239 837 0 0 1 "Stealing"
0 202 43 319 239 838 0 0 1 "Stealing"
0 202 43 319 239 839 0 0 1 "Stealing"
0 202 43 319 239 840 0 0 1 "Stealing"
0 202 43 319 239 841 0 0 1 "Stealing"
0 202 43 319 239 842 0 0 1 "Stealing"
0 202 43 319 239 843 0 0 1 "Stealing"
0 202 43 319 239 844 0 0 1 "Stealing"
0 202 43 319 239 845 0 0 1 "Stealing"
0 202 43 319 239 846 0 0 1 "Stealing"
0 202 43 319 239 847 0 0 1 "Stealing"
0 202 43 319 239 848 0 0 1 "Stealing"
0 202 43 319 239 849 0 0 1 "Stealing"
0 202 43 319 239 850 0 0 1 "Stealing"
0 202 43 319 239 851 0 0 1 "Stealing"
0 202 43 319 239 852 0 0 1 "Stealing"
0 202 43 319 239 853 0 0 1 "Stealing"
0 202 43 319 239 854 0 0 1 "Stealing"
0 202 43 319 239 855 0 0 1 "Stealing"
0 202 43 319 239 856 0 0 1 "Stealing"
0 202 43 319 239 857 0 0 1 "Stealing"
0 202 43 319 239 858 0 0 1 "Stealing"
0 202 43 319 239 859 0 0 1 "Stealing"
0 202 43 319 239 860 0 0 1 "Stealing"
0 202 43 319 239 861 0 0 1 "Stealing"
0 202 43 319 239 862 0 0 1 "Stealing"
0 202 43 319 239 863 0 0 1 "Stealing"
0 202 43 319 239 864 0 0 1 "Stealing"
0 202 43 319 239 865 0 0 1 "Stealing"
0 202 43 319 239 866 0 0 1 "Stealing"
0 202 43 319 239 867 0 0 1 "Stealing"
0 202 43 319 239 868 0 0 1 "Stealing"
0 202 43 319 239 869 0 0 1 "Stealing"
0 202 44 319 239 870 0 0 1 "Stealing"
0 202 44 319 239 871 0 0 1 "Stealing"
0 202 44 319 239 872 0 0 1 "Stealing"
0 202 44 319 239 873 0 0 1 "Stealing"
0 202 44 319 239 874 0 0 1 "Stealing"
0 202 44 319 239 875 0 0 1 "Stealing"
0 202 44 319 239 876 0 0 1 "Stealing"
0 202 44 319 239 877 0 0 1 "Stealing"
0 202 44 319 239 878 0 0 1 "Stealing"
0 202 44 319 239 879 0 0 1 "Stealing"
0 202 44 319 239 880 0 0 1 "Stealing"
0 202 44 319 239 881 0 0 1 "Stealing"
0 202 44 319 239 882 0 0 1 "Stealing"
0 202 44 319 239 883 0 0 1 "Stealing"
0 202 44 319 239 884 0 0 1 "Stealing"
0 202 44 319 239 885 0 0 1 "Stealing"
0 202 44 319 239 886 0 0 1 "Stealing"
0 202 44 319 239 887 0 0 1 "Stealing"
0 202 44 319 239 888 0 0 1 "Stealing"
0 202 44 319 239 889 0 0 1 "Stealing"
0 202 44 319 239 890 0 0 1 "Stealing"
0 202 44 319 239 891 0 0 1 "Stealing"
0 202 44 319 239 892 0 0 1 "Stealing"
0 202 44 319 239 893 0 0 1 "Stealing"
0 202 44 319 239 894 0 0 1 "Stealing"
0 202 44 319 239 895 0 0 1 "Stealing"
0 202 44 319 239 896 0 0 1 "Stealing"
0 202 44 319 239 897 0 0 1 "Stealing"
0 202 44 319 239 898 0 0 1 "Stealing"
0 202 44 319 239 899 0 0 1 "Stealing"
0 202 44 319 239 900 0 0 1 "Stealing"
0 202 44 319 239 901 0 0 1 "Stealing"
0 202 44 319 239 902 0 0 1 "Stealing"
0 202 44 319 239 903 0 0 1 "Stealing"
0 202 44 319 239 904 0 0 1 "Stealing"
0 202 44 319 239 905 0 0 1 "Stealing"
0 202 44 319 239 906 0 0 1 "Stealing"
0 202 44 319 239 907 0 0 1 "Stealing"
0 202 44 319 239 908 0 0 1 "Stealing"
0 202 44 319 239 909 0 0 1 "Stealing"
0 202 44 319 239 910 0 0 1 "Stealing"
0 202 44 319 239 911 0 0 1 "Stealing"
0 202 44 319 239 912 0 0 1 "Stealing"
0 202 44 319 239 913 0 0 1 "Stealing"
0 202 44 319 239 914 0 0 1 "Stealing"
0 202 44 319 239 915 0 0 1 "Stealing"
0 202 44 319 239 916 0 0 1 "Stealing"
0 202 44 319 239 917 0 0 1 "Stealing"
0 202 44 319 239 918 0 0 1 "Stealing"
0 202 44 319 239 919 0 0 1 "Stealing"
0 202 44 319 239 920 0 0 1 "Stealing"
0 202 44 319 239 921 0 0 1 "Stealing"
0 202 44 319 239 922 0 0 1 "Stealing"
0 202 44 319 239 923 0 0 1 "Stealing"
0 202 44 319 239 924 0 0 1 "Stealing"
0 202 44 319 239 925 0 0 1 "Stealing"
0 202 44 319 239 926 0 0 1 "Stealing"
0 202 44 319 239 927 0 0 1 "Stealing"
0 202 44 319 239 928 0 0 1 "Stealing"
0 202 44 319 239 929 0 0 1 "Stealing"
0 202 44 319 239 930 0 0 1 "Stealing"
0 202 44 319 239 931 0 0 1 "Stealing"
0 203 45 319 239 932 0 0 0 "Stealing"
0 203 45 319 239 933 0 0 1 "Stealing"
0 203 45 319 239 934 0 0 1 "Stealing"
0 203 45 319 239 935 0 0 1 "Stealing"
0 203 45 319 239 936 0 0 1 "Stealing"
0 203 45 319 239 937 0 0 1 "Stealing"
0 203 45 319 239 938 0 0 1 "Stealing"
0 203 45 319 239 939 0 0 1 "Stealing"
0 203 46 319 239 940 0 0 1 "Stealing"
0 203 46 319 239 941 0 0 1 "Stealing"
0 203 46 319 239 942 0 0 1 "Stealing"
0 203 46 319 239 943 0 0 1 "Stealing"
0 203 46 319 239 944 0 0 1 "Stealing"
0 203 46 319 239 945 0 0 1 "Stealing"
0 203 46 319 239 946 0 0 1 "Stealing"
0 204 47 319 239 947 0 0 0 "Stealing"
0 201 47 319 239 948 0 0 1 "Stealing"
0 198 47 319 239 949 0 0 1 "Stealing"
0 196 47 319 239 950 0 0 1 "Stealing"
0 193 48 319 239 951 0 0 1 "Stealing"
0 190 48 319 239 952 0 0 1 "Stealing"
0 188 48 319 239 953 0 0 1 "Stealing"
0 185 48 319 239 954 0 0 1 "Stealing"
0 183 49 319 239 955 0 0 0 "Stealing"
0 183 49 319 239 956 0 0 1 "Stealing"
0 184 49 319 239 957 0 0 1 "Stealing"
0 185 49 319 239 958 0 0 1 "Stealing"
0 186 49 319 239 959 0 0 1 "Stealing"
0 187 49 319 239 960 0 0 1 "Stealing"
0 188 49 319 239 961 0 0 1 "Stealing"
0 189 49 319 239 962 0 0 1 "Stealing"
0 189 49 319 239 963 0 0 1 "Stealing"
0 190 49 319 239 964 0 0 1 "Stealing"
0 191 49 319 239 965 0 0 1 "Stealing"
0 192 49 319 239 966 0 0 1 "Stealing"
0 193 49 319 239 967 0 0 1 "Stealing"
0 194 49 319 239 968 0 0 1 "Stealing"
0 195 49 319 239 969 0 0 1 "Stealing"
0 196 49 319 239 970 0 0 0 "Stealing"
0 196 49 319 239 971 0 0 1 "Stealing"
0 196 49 319 239 972 0 0 1 "Stealing"
0 196 49 319 239 973 0 0 1 "Stealing"
0 196 50 319 239 974 0 0 1 "Stealing"
0 196 50 319 239 975 0 0 1 "Stealing"
0 196 50 319 239 976 0 0 1 "Stealing"
0 196 51 319 239 977 0 0 1 "Stealing"
0 196 51 319 239 978 0 0 1 "Stealing"
0 196 51 319 239 979 0 0 1 "Stealing"
0 196 51 319 239 980 0 0 1 "Stealing"
0 196 52 319 239 981 0 0 1 "Stealing"
0 196 52 319 239 982 0 0 1 "Stealing"
0 196 52 319 239 983 0 0 1 "Stealing"
0 196 53 319 239 984 0 0 1 "Stealing"
0 196 53 319 239 985 0 0 1 "Stealing"
0 196 53 319 239 986 0 0 1 "Stealing"
0 196 53 319 239 987 0 0 1 "Stealing"
0 196 54 319 239 988 0 0 1 "Stealing"
0 196 54 319 239 989 0 0 1 "Stealing"
0 196 54 319 239 990 0 0 1 "Stealing"
0 196 55 319 239 991 0 0 1 "Stealing"
0 196 55 319 239 992 0 0 1 "Stealing"
0 196 55 319 239 993 0 0 1 "Stealing"
0 196 55 319 239 994 0 0 1 "Stealing"
0 196 56 319 239 995 0 0 1 "Stealing"
0 196 56 319 239 996 0 0 1 "Stealing"
0 196 56 319 239 997 0 0 1 "Stealing"
0 196 57 319 239 998 0 0 1 "Stealing"
0 196 57 319 239 999 0 0 1 "Stealing"
0 196 57 319 239 1000 0 0 1 "Stealing"
0 196 57 319 239 1001 0 0 1 "Stealing"
0 196 58 319 239 1002 0 0 1 "Stealing"
0 196 58 319 239 1003 0 0 1 "Stealing"
0 196 58 319 239 1004 0 0 1 "Stealing"
0 197 59 319 239 1005 0 0 1 "Stealing"
0 197 59 319 239 1006 0 0 1 "Stealing"
0 197 59 319 239 1007 0 0 1 "Stealing"
0 197 60 319 239 1008 0 0 1 "Stealing"
0 197 60 319 239 1009 0 0 1 "Stealing"
0 197 60 319 239 1010 0 0 1 "Stealing"
0 197 60 319 239 1011 0 0 1 "Stealing"
0 197 61 319 239 1012 0 0 1 "Stealing"
0 197 61 319 239 1013 0 0 1 "Stealing"
0 197 61 319 239 1014 0 0 1 "Stealing"
0 197 62 319 239 1015 0 0 1 "Stealing"
0 197 62 319 239 1016 0 0 1 "Stealing"
0 197 62 319 239 1017 0 0 1 "Stealing"
0 197 62 319 239 1018 0 0 1 "Stealing"
0 197 63 319 239 1019 0 0 1 "Stealing"
0 197 63 319 239 1020 0 0 1 "Stealing"
0 197 63 319 239 1021 0 0 1 "Stealing"
0 197 64 319 239 1022 0 0 1 "Stealing"
0 197 64 319 239 1023 0 0 1 "Stealing"
0 197 64 319 239 1024 0 0 1 "Stealing"
0 197 64 319 239 1025 0 0 1 "Stealing"
0 197 65 319 239 1026 0 0 1 "Stealing"
0 197 65 319 239 1027 0 0 1 "Stealing"
0 197 65 319 239 1028 0 0 1 "Stealing"
0 197 66 319 239 1029 0 0 1 "Stealing"
0 197 66 319 239 1030 0 0 1 "Stealing"
0 197 66 319 239 1031 0 0 1 "Stealing"
0 197 66 319 239 1032 0 0 1 "Stealing"
0 197 67 319 239 1033 0 0 1 "Stealing"
0 197 67 319 239 1034 0 0 1 "Stealing"
0 197 67 319 239 1035 0 0 1 "Stealing"
0 197 68 319 239 1036 0 0 1 "Stealing"
0 197 68 319 239 1037 0 0 1 "Stealing"
0 197 68 319 239 1038 0 0 1 "Stealing"
0 198 69 319 239 1039 0 0 0 "Stealing"
0 198 69 319 239 1040 0 0 1 "Stealing"
0 198 69 319 239 1041 0 0 1 "Stealing"
0 198 69 319 239 1042 0 0 1 "Stealing"
0 198 69 319 239 1043 0 0 1 "Stealing"
0 198 69 319 239 1044 0 0 1 "Stealing"
0 198 69 319 239 1045 0 0 1 "Stealing"
0 198 69 319 239 1046 0 0 1 "Stealing"
0 198 69 319 239 1047 0 0 1 "Stealing"
0 198 69 319 239 1048 0 0 1 "Stealing"
0 198 69 319 239 1049 0 0 1 "Stealing"
0 198 69 319 239 1050 0 0 1 "Stealing"
0 198 69 319 239 1051 0 0 1 "Stealing"
0 198 69 319 239 1052 0 0 1 "Stealing"
0 198 69 319 239 1053 0 0 1 "Stealing"
0 198 69 319 239 1054 0 0 1 "Stealing"
0 198 69 319 239 1055 0 0 1 "Stealing"
0 198 69 319 239 1056 0 0 1 "Stealing"
0 198 69 319 239 1057 0 0 1 "Stealing"
0 198 69 319 239 1058 0 0 1 "Stealing"
0 198 69 319 239 1059 0 0 1 "Stealing"
0 198 69 319 239 1060 0 0 1 "Stealing"
0 198 69 319 239 1061 0 0 1 "Stealing"
0 198 70 319 239 1062 0 0 1 "Stealing"
0 198 70 319 239 1063 0 0 1 "Stealing"
0 198 70 319 239 1064 0 0 1 "Stealing"
0 198 70 319 239 1065 0 0 1 "Stealing"
0 198 70 319 239 1066 0 0 1 "Stealing"
0 198 70 319 239 1067 0 0 1 "Stealing"
0 198 70 319 239 1068 0 0 1 "Stealing"
0 198 70 319 239 1069 0 0 1 "Stealing"
0 198 70 319 239 1070 0 0 1 "Stealing"
0 198 70 319 239 1071 0 0 1 "Stealing"
0 198 70 319 239 1072 0 0 1 "Stealing"
0 198 70 319 239 1073 0 0 1 "Stealing"
0 198 70 319 239 1074 0 0 1 "Stealing"
0 198 70 319 239 1075 0 0 1 "Stealing"
0 198 70 319 239 1076 0 0 1 "Stealing"
0 198 70 319 239 1077 0 0 1 "Stealing"
0 198 70 319 239 1078 0 0 1 "Stealing"
0 198 70 319 239 1079 0 0 1 "Stealing"
0 198 70 319 239 1080 0 0 1 "Stealing"
0 198 70 319 239 1081 0 0 1 "Stealing"
0 198 70 319 239 1082 0 0 1 "Stealing"
0 198 70 319 239 1083 0 0 1 "Stealing"
0 198 71 319 239 1084 0 0 1 "Stealing"
0 198 71 319 239 1085 0 0 1 "Stealing"
0 198 71 319 239 1086 0 0 1 "Stealing"
0 198 71 319 239 1087 0 0 1 "Stealing"
0 198 71 319 239 1088 0 0 1 "Stealing"
0 198 71 319 239 1089 0 0 1 "Stealing"
0 198 71 319 239 1090 0 0 1 "Stealing"
0 198 71 319 239 1091 0 0 1 "Stealing"
0 198 71 319 239 1092 0 0 1 "Stealing"
0 198 71 319 239 1093 0 0 1 "Stealing"
0 198 71 319 239 1094 0 0 1 "Stealing"
0 198 71 319 239 1095 0 0 1 "Stealing"
0 198 71 319 239 1096 0 0 1 "Stealing"
0 198 71 319 239 1097 0 0 1 "Stealing"
0 198 71 319 239 1098 0 0 1 "Stealing"
0 198 71 319 239 1099 0 0 1 "Stealing"
0 198 71 319 239 1100 0 0 1 "Stealing"
0 198 71 319 239 1101 0 0 1 "Stealing"
0 198 71 319 239 1102 0 0 1 "Stealing"
0 198 71 319 239 1103 0 0 1 "Stealing"
0 198 71 319 239 1104 0 0 1 "Stealing"
0 198 71 319 239 1105 0 0 1 "Stealing"
0 198 71 319 239 1106 0 0 1 "Stealing"
0 198 72 319 239 1107 0 0 1 "Stealing"
0 198 72 319 239 1108 0 0 1 "Stealing"
0 198 72 319 239 1109 0 0 1 "Stealing"
0 198 72 319 239 1110 0 0 1 "Stealing"
0 198 72 319 239 1111 0 0 1 "Stealing"
0 198 72 319 239 1112 0 0 1 "Stealing"
0 198 72 319 239 1113 0 0 1 "Stealing"
0 198 72 319 239 1114 0 0 1 "Stealing"
0 198 72 319 239 1115 0 0 1 "Stealing"
0 198 72 319 239 1116 0 0 1 "Stealing"
0 198 72 319 239 1117 0 0 1 "Stealing"
0 198 72 319 239 1118 0 0 1 "Stealing"
0 198 72 319 239 1119 0 0 1 "Stealing"
0 198 72 319 239 1120 0 0 1 "Stealing"
0 198 72 319 239 1121 0 0 1 "Stealing"
0 198 72 319 239 1122 0 0 1 "Stealing"
0 198 72 319 239 1123 0 0 1 "Stealing"
0 198 72 319 239 1124 0 0 1 "Stealing"
0 198 72 319 239 1125 0 0 1 "Stealing"
0 198 72 319 239 1126 0 0 1 "Stealing"
0 198 72 319 239 1127 0 0 1 "Stealing"
0 198 72 319 239 1128 0 0 1 "Stealing"
0 198 73 319 239 1129 0 0 1 "Stealing"
0 198 73 319 239 1130 0 0 1 "Stealing"
0 198 73 319 239 1131 0 0 1 "Stealing"
0 198 73 319 239 1132 0 0 1 "Stealing"
0 198 73 319 239 1133 0 0 1 "Stealing"
0 198 73 319 239 1134 0 0 1 "Stealing"
0 198 73 319 239 1135 0 0 1 "Stealing"
0 198 73 319 239 1136 0 0 1 "Stealing"
0 198 73 319 239 1137 0 0 1 "Stealing"
0 198 73 319 239 1138 0 0 1 "Stealing"
0 198 73 319 239 1139 0 0 1 "Stealing"
0 198 73 319 239 1140 0 0 1 "Stealing"
0 198 73 319 239 1141 0 0 1 "Stealing"
0 198 73 319 239 1142 0 0 1 "Stealing"
0 198 73 319 239 1143 0 0 1 "Stealing"
0 198 73 319 239 1144 0 0 1 "Stealing"
0 198 73 319 239 1145 0 0 1 "Stealing"
0 198 73 319 239 1146 0 0 1 "Stealing"
0 198 73 319 239 1147 0 0 1 "Stealing"
0 198 73 319 239 1148 0 0 1 "Stealing"
0 198 73 319 239 1149 0 0 1 "Stealing"
0 198 73 319 239 1150 0 0 1 "Stealing"
0 198 73 319 239 1151 0 0 1 "Stealing"
0 198 74 319 239 1152 0 0 1 "Stealing"
0 198 74 319 239 1153 0 0 1 "Stealing"
0 198 74 319 239 1154 0 0 1 "Stealing"
0 198 74 319 239 1155 0 0 1 "Stealing"
0 198 74 319 239 1156 0 0 1 "Stealing"
0 198 74 319 239 1157 0 0 1 "Stealing"
0 198 74 319 239 1158 0 0 1 "Stealing"
0 198 74 319 239 1159 0 0 1 "Stealing"
0 198 74 319 239 1160 0 0 1 "Stealing"
0 198 74 319 239 1161 0 0 1 "Stealing"
0 198 74 319 239 1162 0 0 1 "Stealing"
0 198 74 319 239 1163 0 0 1 "Stealing"
0 198 74 319 239 1164 0 0 1 "Stealing"
0 198 74 319 239 1165 0 0 1 "Stealing"
0 198 74 319 239 1166 0 0 1 "Stealing"
0 198 74 319 239 1167 0 0 1 "Stealing"
0 198 74 319 239 1168 0 0 1 "Stealing"
0 198 74 319 239 1169 0 0 1 "Stealing"
0 198 74 319 239 1170 0 0 1 "Stealing"
0 198 74 319 239 1171 0 0 1 "Stealing"
0 198 74 319 239 1172 0 0 1 "Stealing"
0 198 74 319 239 1173 0 0 1 "Stealing"
0 198 75 319 239 1174 0 0 0 "Stealing"
0 197 73 319 239 1175 0 0 1 "Stealing"
0 197 72 319 239 1176 0 0 1 "Stealing"
0 197 71 319 239 1177 0 0 1 "Stealing"
0 197 70 319 239 1178 0 0 1 "Stealing"
0 197 69 319 239 1179 0 0 1 "Stealing"
0 196 68 319 239 1180 0 0 1 "Stealing"
0 196 67 319 239 1181 0 0 1 "Stealing"
0 196 66 319 239 1182 0 0 1 "Stealing"
0 196 65 319 239 1183 0 0 1 "Stealing"
0 196 64 319 239 1184 0 0 1 "Stealing"
0 195 63 319 239 1185 0 0 1 "Stealing"
0 195 62 319 239 1186 0 0 1 "Stealing"
0 195 61 319 239 1187 0 0 1 "Stealing"
0 195 60 319 239 1188 0 0 1 "Stealing"
0 195 59 319 239 1189 0 0 1 "Stealing"
0 194 58 319 239 1190 0 0 1 "Stealing"
0 194 57 319 239 1191 0 0 1 "Stealing"
0 194 56 319 239 1192 0 0 1 "Stealing"
0 194 55 319 239 1193 0 0 1 "Stealing"
0 194 54 319 239 1194 0 0 1 "Stealing"
0 194 53 319 239 1195 0 0 0 "Stealing"
0 193 52 319 239 1196 0 0 1 "Stealing"
0 193 51 319 239 1197 0 0 1 "Stealing"
0 193 50 319 239 1198 0 0 1 "Stealing"
0 193 49 319 239 1199 0 0 1 "Stealing"
0 193 48 319 239 1200 0 0 1 "Stealing"
0 193 47 319 239 1201 0 0 1 "Stealing"
0 193 46 319 239 1202 0 0 1 "Stealing"
0 192 46 319 239 1203 0 0 1 "Stealing"
0 192 45 319 239 1204 0 0 1 "Stealing"
0 192 44 319 239 1205 0 0 1 "Stealing"
0 192 43 319 239 1206 0 0 1 "Stealing"
0 192 42 319 239 1207 0 0 1 "Stealing"
0 192 41 319 239 1208 0 0 1 "Stealing"
0 192 40 319 239 1209 0 0 1 "Stealing"
0 192 40 319 239 1210 0 0 0 "Stealing"
0 192 40 319 239 1211 0 0 1 "Stealing"
0 192 40 319 239 1212 0 0 1 "Stealing"
0 192 40 319 239 1213 0 0 1 "Stealing"
0 192 40 319 239 1214 0 0 1 "Stealing"
0 192 40 319 239 1215 0 0 1 "Stealing"
0 192 40 319 239 1216 0 0 1 "Stealing"
0 192 40 319 239 1217 0 0 1 "Stealing"
0 192 40 319 239 1218 0 0 1 "Stealing"
0 192 40 319 239 1219 0 0 1 "Stealing"
0 192 40 319 239 1220 0 0 1 "Stealing"
0 192 40 319 239 1221 0 0 1 "Stealing"
0 192 40 319 239 1222 0 0 1 "Stealing"
0 192 40 319 239 1223 0 0 1 "Stealing"
0 192 40 319 239 1224 0 0 1 "Stealing"
0 192 40 319 239 1225 0 0 1 "Stealing"
0 192 40 319 239 1226 0 0 1 "Stealing"
0 192 40 319 239 1227 0 0 1 "Stealing"
0 192 40 319 239 1228 0 0 1 "Stealing"
0 192 40 319 239 1229 0 0 1 "Stealing"
0 192 40 319 239 1230 0 0 1 "Stealing"
0 192 40 319 239 1231 0 0 1 "Stealing"
0 192 40 319 239 1232 0 0 1 "Stealing"
0 192 40 319 239 1233 0 0 1 "Stealing"
0 192 40 319 239 1234 0 0 1 "Stealing"
0 192 40 319 239 1235 0 0 1 "Stealing"
0 192 40 319 239 1236 0 0 1 "Stealing"
0 192 40 319 239 1237 0 0 1 "Stealing"
0 192 40 319 239 1238 0 0 1 "Stealing"
0 193 41 319 239 1239 0 0 1 "Stealing"
0 193 41 319 239 1240 0 0 1 "Stealing"
0 193 41 319 239 1241 0 0 1 "Stealing"
0 193 41 319 239 1242 0 0 1 "Stealing"
0 193 41 319 239 1243 0 0 1 "Stealing"
0 193 41 319 239 1244 0 0 1 "Stealing"
0 193 41 319 239 1245 0 0 1 "Stealing"
0 193 41 319 239 1246 0 0 1 "Stealing"
0 193 41 319 239 1247 0 0 1 "Stealing"
0 193 41 319 239 1248 0 0 1 "Stealing"
0 193 41 319 239 1249 0 0 1 "Stealing"
0 193 41 319 239 1250 0 0 1 "Stealing"
0 193 41 319 239 1251 0 0 1 "Stealing"
0 193 41 319 239 1252 0 0 1 "Stealing"
0 193 41 319 239 1253 0 0 1 "Stealing"
0 193 41 319 239 1254 0 0 1 "Stealing"
0 193 41 319 239 1255 0 0 1 "Stealing"
0 193 41 319 239 1256 0 0 1 "Stealing"
0 193 41 319 239 1257 0 0 1 "Stealing"
0 193 41 319 239 1258 0 0 1 "Stealing"
0 193 41 319 239 1259 0 0 1 "Stealing"
0 193 41 319 239 1260 0 0 1 "Stealing"
0 193 41 319 239 1261 0 0 1 "Stealing"
0 193 41 319 239 1262 0 0 1 "Stealing"
0 193 41 319 239 1263 0 0 1 "Stealing"
0 193 41 319 239 1264 0 0 1 "Stealing"
0 193 41 319 239 1265 0 0 1 "Stealing"
0 193 41 319 239 1266 0 0 1 "Stealing"
0 194 42 319 239 1267 0 0 0 "Stealing"
0 194 42 319 239 1268 0 0 1 "Stealing"
0 194 42 319 239 1269 0 0 1 "Stealing"
0 194 43 319 239 1270 0 0 1 "Stealing"
0 194 43 319 239 1271 0 0 1 "Stealing"
0 194 44 319 239 1272 0 0 1 "Stealing"
0 194 44 319 239 1273 0 0 1 "Stealing"
0 194 44 319 239 1274 0 0 1 "Stealing"
0 194 45 319 239 1275 0 0 1 "Stealing"
0 194 45 319 239 1276 0 0 1 "Stealing"
0 194 46 319 239 1277 0 0 1 "Stealing"
0 194 46 319 239 1278 0 0 1 "Stealing"
0 194 47 319 239 1279 0 0 1 "Stealing"
0 194 47 319 239 1280 0 0 1 "Stealing"
0 194 47 319 239 1281 0 0 1 "Stealing"
0 194 48 319 239 1282 0 0 1 "Stealing"
0 194 48 319 239 1283 0 0 1 "Stealing"
0 194 49 319 239 1284 0 0 1 "Stealing"
0 194 49 319 239 1285 0 0 1 "Stealing"
0 194 49 319 239 1286 0 0 1 "Stealing"
0 194 50 319 239 1287 0 0 1 "Stealing"
0 194 50 319 239 1288 0 0 1 "Stealing"
0 194 51 319 239 1289 0 0 1 "Stealing"
0 194 51 319 239 1290 0 0 1 "Stealing"
0 194 52 319 239 1291 0 0 1 "Stealing"
0 194 52 319 239 1292 0 0 1 "Stealing"
0 194 52 319 239 1293 0 0 1 "Stealing"
0 194 53 319 239 1294 0 0 1 "Stealing"
0 194 53 319 239 1295 0 0 1 "Stealing"
0 194 54 319 239 1296 0 0 1 "Stealing"
0 194 54 319 239 1297 0 0 1 "Stealing"
0 194 54 319 239 1298 0 0 1 "Stealing"
0 194 55 319 239 1299 0 0 1 "Stealing"
0 194 55 319 239 1300 0 0 1 "Stealing"
0 194 56 319 239 1301 0 0 1 "Stealing"
0 194 56 319 239 1302 0 0 1 "Stealing"
0 194 57 319 239 1303 0 0 1 "Stealing"
0 194 57 319 239 1304 0 0 1 "Stealing"
0 194 57 319 239 1305 0 0 1 "Stealing"
0 194 58 319 239 1306 0 0 1 "Stealing"
0 194 58 319 239 1307 0 0 1 "Stealing"
0 194 59 319 239 1308 0 0 1 "Stealing"
0 194 59 319 239 1309 0 0 1 "Stealing"
0 194 59 319 239 1310 0 0 1 "Stealing"
0 194 60 319 239 1311 0 0 1 "Stealing"
0 194 60 319 239 1312 0 0 1 "Stealing"
0 194 61 319 239 1313 0 0 1 "Stealing"
0 194 61 319 239 1314 0 0 1 "Stealing"
0 194 62 319 239 1315 0 0 1 "Stealing"
0 194 62 319 239 1316 0 0 1 "Stealing"
0 194 62 319 239 1317 0 0 1 "Stealing"
0 194 63 319 239 1318 0 0 1 "Stealing"
0 194 63 319 239 1319 0 0 1 "Stealing"
0 194 64 319 239 1320 0 0 1 "Stealing"
0 194 64 319 239 1321 0 0 1 "Stealing"
0 194 64 319 239 1322 0 0 1 "Stealing"
0 194 65 319 239 1323 0 0 1 "Stealing"
0 194 65 319 239 1324 0 0 1 "Stealing"
0 194 66 319 239 1325 0 0 1 "Stealing"
0 194 66 319 239 1326 0 0 1 "Stealing"
0 194 67 319 239 1327 0 0 1 "Stealing"
0 194 67 319 239 1328 0 0 1 "Stealing"
0 194 67 319 239 1329 0 0 1 "Stealing"
0 194 68 319 239 1330 0 0 1 "Stealing"
0 194 68 319 239 1331 0 0 1 "Stealing"
0 194 69 319 239 1332 0 0 1 "Stealing"
0 194 69 319 239 1333 0 0 1 "Stealing"
0 194 69 319 239 1334 0 0 1 "Stealing"
0 194 70 319 239 1335 0 0 1 "Stealing"
0 194 70 319 239 1336 0 0 1 "Stealing"
0 194 71 319 239 1337 0 0 1 "Stealing"
0 194 71 319 239 1338 0 0 1 "Stealing"
0 194 72 319 239 1339 0 0 0 "Stealing"
0 194 72 319 239 1340 0 0 1 "Stealing"
0 194 72 319 239 1341 0 0 1 "Stealing"
0 194 72 319 239 1342 0 0 1 "Stealing"
0 194 72 319 239 1343 0 0 1 "Stealing"
0 194 72 319 239 1344 0 0 1 "Stealing"
0 194 72 319 239 1345 0 0 1 "Stealing"
0 194 72 319 239 1346 0 0 1 "Stealing"
0 194 72 319 239 1347 0 0 1 "Stealing"
0 194 72 319 239 1348 0 0 1 "Stealing"
0 194 72 319 239 1349 0 0 1 "Stealing"
0 194 72 319 239 1350 0 0 1 "Stealing"
0 194 72 319 239 1351 0 0 1 "Stealing"
0 194 72 319 239 1352 0 0 1 "Stealing"
0 194 72 319 239 1353 0 0 1 "Stealing"
0 194 72 319 239 1354 0 0 1 "Stealing"
0 194 72 319 239 1355 0 0 1 "Stealing"
0 194 72 319 239 1356 0 0 1 "Stealing"
0 194 73 319 239 1357 0 0 1 "Stealing"
0 194 73 319 239 1358 0 0 1 "Stealing"
0 194 73 319 239 1359 0 0 1 "Stealing"
0 194 73 319 239 1360 0 0 1 "Stealing"
0 194 73 319 239 1361 0 0 1 "Stealing"
0 194 73 319 239 1362 0 0 1 "Stealing"
0 194 73 319 239 1363 0 0 1 "Stealing"
0 194 73 319 239 1364 0 0 1 "Stealing"
0 194 73 319 239 1365 0 0 1 "Stealing"
0 194 73 319 239 1366 0 0 1 "Stealing"
0 194 73 319 239 1367 0 0 1 "Stealing"
0 194 73 319 239 1368 0 0 1 "Stealing"
0 194 73 319 239 1369 0 0 1 "Stealing"
0 194 73 319 239 1370 0 0 1 "Stealing"
0 194 73 319 239 1371 0 0 1 "Stealing"
0 194 73 319 239 1372 0 0 1 "Stealing"
0 194 73 319 239 1373 0 0 1 "Stealing"
0 194 74 319 239 1374 0 0 1 "Stealing"
0 194 74 319 239 1375 0 0 1 "Stealing"
0 194 74 319 239 1376 0 0 1 "Stealing"
0 194 74 319 239 1377 0 0 1 "Stealing"
0 194 74 319 239 1378 0 0 1 "Stealing"
0 194 74 319 239 1379 0 0 1 "Stealing"
0 194 74 319 239 1380 0 0 1 "Stealing"
0 194 74 319 239 1381 0 0 1 "Stealing"
0 194 74 319 239 1382 0 0 1 "Stealing"
0 194 74 319 239 1383 0 0 1 "Stealing"
0 194 74 319 239 1384 0 0 1 "Stealing"
0 194 74 319 239 1385 0 0 1 "Stealing"
0 194 74 319 239 1386 0 0 1 "Stealing"
0 194 74 319 239 1387 0 0 1 "Stealing"
0 194 74 319 239 1388 0 0 1 "Stealing"
0 194 74 319 239 1389 0 0 1 "Stealing"
0 194 74 319 239 1390 0 0 1 "Stealing"
0 194 75 319 239 1391 0 0 1 "Stealing"
0 194 75 319 239 1392 0 0 1 "Stealing"
0 194 75 319 239 1393 0 0 1 "Stealing"
0 194 75 319 239 1394 0 0 1 "Stealing"
0 194 75 319 239 1395 0 0 1 "Stealing"
0 194 75 319 239 1396 0 0 1 "Stealing"
0 194 75 319 239 1397 0 0 1 "Stealing"
0 194 75 319 239 1398 0 0 1 "Stealing"
0 194 75 319 239 1399 0 0 1 "Stealing"
0 194 75 319 239 1400 0 0 1 "Stealing"
0 194 75 319 239 1401 0 0 1 "Stealing"
0 194 75 319 239 1402 0 0 1 "Stealing"
0 194 75 319 239 1403 0 0 1 "Stealing"
0 194 75 319 239 1404 0 0 1 "Stealing"
0 194 75 319 239 1405 0 0 1 "Stealing"
0 194 75 319 239 1406 0 0 1 "Stealing"
0 194 75 319 239 1407 0 0 1 "Stealing"
0 194 76 319 239 1408 0 0 1 "Stealing"
0 194 76 319 239 1409 0 0 1 "Stealing"
0 194 76 319 239 1410 0 0 1 "Stealing"
0 194 76 319 239 1411 0 0 1 "Stealing"
0 194 76 319 239 1412 0 0 1 "Stealing"
0 194 76 319 239 1413 0 0 1 "Stealing"
0 194 76 319 239 1414 0 0 1 "Stealing"
0 194 76 319 239 1415 0 0 1 "Stealing"
0 194 76 319 239 1416 0 0 1 "Stealing"
0 194 76 319 239 1417 0 0 1 "Stealing"
0 194 76 319 239 1418 0 0 1 "Stealing"
0 194 76 319 239 1419 0 0 1 "Stealing"
0 194 76 319 239 1420 0 0 1 "Stealing"
0 194 76 319 239 1421 0 0 1 "Stealing"
0 194 76 319 239 1422 0 0 1 "Stealing"
0 194 76 319 239 1423 0 0 1 "Stealing"
0 194 76 319 239 1424 0 0 1 "Stealing"
0 194 77 319 239 1425 0 0 1 "Stealing"
0 194 77 319 239 1426 0 0 1 "Stealing"
0 194 77 319 239 1427 0 0 1 "Stealing"
0 194 77 319 239 1428 0 0 1 "Stealing"
0 194 77 319 239 1429 0 0 1 "Stealing"
0 194 77 319 239 1430 0 0 1 "Stealing"
0 194 77 319 239 1431 0 0 1 "Stealing"
0 194 77 319 239 1432 0 0 1 "Stealing"
0 194 77 319 239 1433 0 0 1 "Stealing"
0 194 77 319 239 1434 0 0 1 "Stealing"
0 194 77 319 239 1435 0 0 1 "Stealing"
0 194 77 319 239 1436 0 0 1 "Stealing"
0 194 77 319 239 1437 0 0 1 "Stealing"
0 194 77 319 239 1438 0 0 1 "Stealing"
0 194 77 319 239 1439 0 0 1 "Stealing"
0 194 77 319 239 1440 0 0 1 "Stealing"
0 194 77 319 239 1441 0 0 1 "Stealing"
0 194 78 319 239 1442 0 0 1 "Stealing"
0 194 78 319 239 1443 0 0 1 "Stealing"
0 194 78 319 239 1444 0 0 1 "Stealing"
0 194 78 319 239 1445 0 0 1 "Stealing"
0 194 78 319 239 1446 0 0 1 "Stealing"
0 194 78 319 239 1447 0 0 1 "Stealing"
0 194 78 319 239 1448 0 0 1 "Stealing"
0 194 78 319 239 1449 0 0 1 "Stealing"
0 194 78 319 239 1450 0 0 1 "Stealing"
0 194 78 319 239 1451 0 0 1 "Stealing"
0 194 78 319 239 1452 0 0 1 "Stealing"
0 194 78 319 239 1453 0 0 1 "Stealing"
0 194 78 319 239 1454 0 0 1 "Stealing"
0 194 78 319 239 1455 0 0 1 "Stealing"
0 194 78 319 239 1456 0 0 1 "Stealing"
0 194 78 319 239 1457 0 0 1 "Stealing"
0 194 78 319 239 1458 0 0 1 "Stealing"
0 194 79 319 239 1459 0 0 0 "Stealing"
0 193 78 319 238 1460 0 0 1 "Stealing"
0 193 78 319 238 1461 0 0 1 "Stealing"
0 193 78 319 238 1462 0 0 1 "Stealing"
0 193 78 319 238 1463 0 0 1 "Stealing"
0 193 78 319 238 1464 0 0 1 "Stealing"
0 193 77 319 238 1465 0 0 1 "Stealing"
0 193 77 319 238 1466 0 0 1 "Stealing"
0 193 77 319 238 1467 0 0 1 "Stealing"
0 192 77 319 238 1468 0 0 1 "Stealing"
0 192 77 319 238 1469 0 0 1 "Stealing"
0 192 77 319 238 1470 0 0 1 "Stealing"
0 192 76 319 238 1471 0 0 1 "Stealing"
0 192 76 319 238 1472 0 0 1 "Stealing"
0 192 76 319 238 1473 0 0 1 "Stealing"
0 192 76 319 238 1474 0 0 1 "Stealing"
0 192 76 319 238 1475 0 0 1 "Stealing"
0 191 76 319 238 1476 0 0 1 "Stealing"
0 191 75 319 238 1477 0 0 1 "Stealing"
0 191 75 319 238 1478 0 0 1 "Stealing"
0 191 75 319 238 1479 0 0 1 "Stealing"
0 191 75 319 238 1480 0 0 1 "Stealing"
0 191 75 319 238 1481 0 0 1 "Stealing"
0 191 75 319 238 1482 0 0 1 "Stealing"
0 191 74 319 238 1483 0 0 1 "Stealing"
0 190 74 319 238 1484 0 0 1 "Stealing"
0 190 74 319 238 1485 0 0 1 "Stealing"
0 190 74 319 238 1486 0 0 1 "Stealing"
0 190 74 319 238 1487 0 0 1 "Stealing"
0 190 74 319 238 1488 0 0 1 "Stealing"
0 190 73 319 238 1489 0 0 1 "Stealing"
0 190 73 319 238 1490 0 0 1 "Stealing"
0 190 73 319 238 1491 0 0 1 "Stealing"
0 190 73 319 238 1492 0 0 1 "Stealing"
0 189 73 319 238 1493 0 0 1 "Stealing"
0 189 72 319 238 1494 0 0 1 "Stealing"
0 189 72 319 238 1495 0 0 1 "Stealing"
0 189 72 319 238 1496 0 0 1 "Stealing"
0 189 72 319 238 1497 0 0 1 "Stealing"
0 189 72 319 238 1498 0 0 1 "Stealing"
0 189 72 319 238 1499 0 0 1 "Stealing"
0 189 71 319 238 1500 0 0 1 "Stealing"
0 188 71 319 238 1501 0 0 1 "Stealing"
0 188 71 319 238 1502 0 0 1 "Stealing"
0 188 71 319 238 1503 0 0 1 "Stealing"
0 188 71 319 238 1504 0 0 1 "Stealing"
0 188 71 319 238 1505 0 0 1 "Stealing"
0 188 70 319 238 1506 0 0 1 "Stealing"
0 188 70 319 238 1507 0 0 1 "Stealing"
0 188 70 319 238 1508 0 0 1 "Stealing"
0 187 70 319 238 1509 0 0 1 "Stealing"
0 187 70 319 238 1510 0 0 1 "Stealing"
0 187 70 319 238 1511 0 0 1 "Stealing"
0 187 69 319 238 1512 0 0 1 "Stealing"
0 187 69 319 238 1513 0 0 1 "Stealing"
0 187 69 319 238 1514 0 0 1 "Stealing"
0 187 69 319 238 1515 0 0 1 "Stealing"
0 187 69 319 238 1516 0 0 1 "Stealing"
0 187 69 319 238 1517 0 0 0 "Stealing"
0 187 68 319 238 1518 0 0 1 "Stealing"
0 187 67 319 238 1519 0 0 1 "Stealing"
0 187 67 319 238 1520 0 0 1 "Stealing"
0 187 66 319 238 1521 0 0 1 "Stealing"
0 187 66 319 238 1522 0 0 1 "Stealing"
0 187 65 319 238 1523 0 0 1 "Stealing"
0 187 65 319 238 1524 0 0 1 "Stealing"
0 187 64 319 238 1525 0 0 1 "Stealing"
0 187 64 319 238 1526 0 0 1 "Stealing"
0 187 63 319 238 1527 0 0 1 "Stealing"
0 187 63 319 238 1528 0 0 1 "Stealing"
0 187 62 319 238 1529 0 0 1 "Stealing"
0 187 62 319 238 1530 0 0 1 "Stealing"
0 187 61 319 238 1531 0 0 1 "Stealing"
0 187 61 319 238 1532 0 0 1 "Stealing"
0 187 60 319 238 1533 0 0 1 "Stealing"
0 187 60 319 238 1534 0 0 1 "Stealing"
0 187 59 319 238 1535 0 0 1 "Stealing"
0 187 59 319 238 1536 0 0 1 "Stealing"
0 187 58 319 238 1537 0 0 1 "Stealing"
0 187 58 319 238 1538 0 0 1 "Stealing"
0 187 57 319 238 1539 0 0 1 "Stealing"
0 187 57 319 238 1540 0 0 1 "Stealing"
0 187 56 319 238 1541 0 0 1 "Stealing"
0 187 56 319 238 1542 0 0 1 "Stealing"
0 187 55 319 238 1543 0 0 1 "Stealing"
0 187 55 319 238 1544 0 0 1 "Stealing"
0 187 54 319 238 1545 0 0 1 "Stealing"
0 188 54 319 239 1546 0 0 0 "Stealing"
0 188 54 319 239 1547 0 0 1 "Stealing"
0 188 54 319 239 1548 0 0 1 "Stealing"
0 188 54 319 239 1549 0 0 1 "Stealing"
0 188 54 319 239 1550 0 0 1 "Stealing"
0 188 54 319 239 1551 0 0 1 "Stealing"
0 188 54 319 239 1552 0 0 1 "Stealing"
0 188 54 319 239 1553 0 0 1 "Stealing"
0 188 54 319 239 1554 0 0 1 "Stealing"
0 188 55 319 239 1555 0 0 1 "Stealing"
0 188 55 319 239 1556 0 0 1 "Stealing"
0 188 55 319 239 1557 0 0 1 "Stealing"
0 188 55 319 239 1558 0 0 1 "Stealing"
0 188 55 319 239 1559 0 0 1 "Stealing"
0 188 55 319 239 1560 0 0 1 "Stealing"
0 188 55 319 239 1561 0 0 1 "Stealing"
0 188 55 319 239 1562 0 0 1 "Stealing"
0 188 56 319 239 1563 0 0 1 "Stealing"
0 188 56 319 239 1564 0 0 1 "Stealing"
0 188 56 319 239 1565 0 0 1 "Stealing"
0 188 56 319 239 1566 0 0 1 "Stealing"
0 188 56 319 239 1567 0 0 1 "Stealing"
0 188 56 319 239 1568 0 0 1 "Stealing"
0 188 56 319 239 1569 0 0 1 "Stealing"
0 188 56 319 239 1570 0 0 1 "Stealing"
0 188 56 319 239 1571 0 0 1 "Stealing"
0 188 57 319 239 1572 0 0 1 "Stealing"
0 188 57 319 239 1573 0 0 1 "Stealing"
0 188 57 319 239 1574 0 0 1 "Stealing"
0 188 57 319 239 1575 0 0 1 "Stealing"
0 188 57 319 239 1576 0 0 1 "Stealing"
0 188 57 319 239 1577 0 0 1 "Stealing"
0 188 57 319 239 1578 0 0 1 "Stealing"
0 188 57 319 239 1579 0 0 1 "Stealing"
0 188 58 319 239 1580 0 0 1 "Stealing"
0 188 58 319 239 1581 0 0 1 "Stealing"
0 188 58 319 239 1582 0 0 1 "Stealing"
0 188 58 319 239 1583 0 0 1 "Stealing"
0 188 58 319 239 1584 0 0 1 "Stealing"
0 188 58 319 239 1585 0 0 1 "Stealing"
0 188 58 319 239 1586 0 0 1 "Stealing"
0 188 58 319 239 1587 0 0 1 "Stealing"
0 188 59 319 239 1588 0 0 1 "Stealing"
0 188 59 319 239 1589 0 0 1 "Stealing"
0 188 59 319 239 1590 0 0 1 "Stealing"
0 188 59 319 239 1591 0 0 1 "Stealing"
0 188 59 319 239 1592 0 0 1 "Stealing"
0 188 59 319 239 1593 0 0 1 "Stealing"
0 188 59 319 239 1594 0 0 1 "Stealing"
0 188 59 319 239 1595 0 0 1 "Stealing"
0 188 59 319 239 1596 0 0 1 "Stealing"
0 188 60 319 239 1597 0 0 1 "Stealing"
0 188 60 319 239 1598 0 0 1 "Stealing"
0 188 60 319 239 1599 0 0 1 "Stealing"
0 188 60 319 239 1600 0 0 1 "Stealing"
0 188 60 319 239 1601 0 0 1 "Stealing"
0 188 60 319 239 1602 0 0 1 "Stealing"
0 188 60 319 239 1603 0 0 1 "Stealing"
0 188 60 319 239 1604 0 0 1 "Stealing"
0 188 61 319 239 1605 0 0 1 "Stealing"
0 188 61 319 239 1606 0 0 1 "Stealing"
0 188 61 319 239 1607 0 0 1 "Stealing"
0 188 61 319 239 1608 0 0 1 "Stealing"
0 188 61 319 239 1609 0 0 1 "Stealing"
0 188 61 319 239 1610 0 0 1 "Stealing"
0 188 61 319 239 1611 0 0 1 "Stealing"
0 188 61 319 239 1612 0 0 1 "Stealing"
0 188 61 319 239 1613 0 0 1 "Stealing"
0 188 62 319 239 1614 0 0 1 "Stealing"
0 188 62 319 239 1615 0 0 1 "Stealing"
0 188 62 319 239 1616 0 0 1 "Stealing"
0 188 62 319 239 1617 0 0 1 "Stealing"
0 188 62 319 239 1618 0 0 1 "Stealing"
0 188 62 319 239 1619 0 0 1 "Stealing"
0 188 62 319 239 1620 0 0 1 "Stealing"
0 188 62 319 239 1621 0 0 1 "Stealing"
0 188 63 319 239 1622 0 0 1 "Stealing"
0 188 63 319 239 1623 0 0 1 "Stealing"
0 188 63 319 239 1624 0 0 1 "Stealing"
0 188 63 319 239 1625 0 0 1 "Stealing"
0 188 63 319 239 1626 0 0 1 "Stealing"
0 188 63 319 239 1627 0 0 1 "Stealing"
0 188 63 319 239 1628 0 0 1 "Stealing"
0 188 63 319 239 1629 0 0 1 "Stealing"
0 188 64 319 239 1630 0 0 1 "Stealing"
0 188 64 319 239 1631 0 0 1 "Stealing"
0 188 64 319 239 1632 0 0 1 "Stealing"
0 188 64 319 239 1633 0 0 1 "Stealing"
0 188 64 319 239 1634 0 0 1 "Stealing"
0 188 64 319 239 1635 0 0 1 "Stealing"
0 188 64 319 239 1636 0 0 1 "Stealing"
0 188 64 319 239 1637 0 0 1 "Stealing"
0 188 64 319 239 1638 0 0 1 "Stealing"
0 188 65 319 239 1639 0 0 1 "Stealing"
0 188 65 319 239 1640 0 0 1 "Stealing"
0 188 65 319 239 1641 0 0 1 "Stealing"
0 188 65 319 239 1642 0 0 1 "Stealing"
0 188 65 319 239 1643 0 0 1 "Stealing"
0 188 65 319 239 1644 0 0 1 "Stealing"
0 188 65 319 239 1645 0 0 1 "Stealing"
0 188 65 319 239 1646 0 0 1 "Stealing"
0 188 66 319 239 1647 0 0 1 "Stealing"
0 188 66 319 239 1648 0 0 1 "Stealing"
0 188 66 319 239 1649 0 0 1 "Stealing"
0 188 66 319 239 1650 0 0 1 "Stealing"
0 188 66 319 239 1651 0 0 1 "Stealing"
0 188 66 319 239 1652 0 0 1 "Stealing"
0 188 66 319 239 1653 0 0 1 "Stealing"
0 188 66 319 239 1654 0 0 1 "Stealing"
0 188 66 319 239 1655 0 0 1 "Stealing"
0 188 67 319 239 1656 0 0 1 "Stealing"
0 188 67 319 239 1657 0 0 1 "Stealing"
0 188 67 319 239 1658 0 0 1 "Stealing"
0 188 67 319 239 1659 0 0 1 "Stealing"
0 188 67 319 239 1660 0 0 1 "Stealing"
0 188 67 319 239 1661 0 0 1 "Stealing"
0 188 67 319 239 1662 0 0 1 "Stealing"
0 188 67 319 239 1663 0 0 1 "Stealing"
0 188 68 319 239 1664 0 0 1 "Stealing"
0 188 68 319 239 1665 0 0 1 "Stealing"
0 188 68 319 239 1666 0 0 1 "Stealing"
0 188 68 319 239 1667 0 0 1 "Stealing"
0 188 68 319 239 1668 0 0 1 "Stealing"
0 188 68 319 239 1669 0 0 1 "Stealing"
0 188 68 319 239 1670 0 0 1 "Stealing"
0 188 68 319 239 1671 0 0 1 "Stealing"
0 189 69 319 239 1672 0 0 0 "Stealing"
0 190 67 319 239 1673 0 0 1 "Stealing"
0 191 65 319 239 1674 0 0 1 "Stealing"
0 192 64 319 239 1675 0 0 1 "Stealing"
0 194 62 319 239 1676 0 0 1 "Stealing"
0 195 61 319 239 1677 0 0 1 "Stealing"
0 196 59 319 239 1678 0 0 1 "Stealing"
0 198 58 319 239 1679 0 0 0 "Stealing"
0 197 49 319 239 1680 0 0 1 "Stealing"
0 197 40 319 239 1681 0 0 1 "Stealing"
0 197 31 319 239 1682 0 0 1 "Stealing"
0 197 23 319 239 1683 0 0 0 "Stealing"
0 198 21 319 237 1684 0 0 1 "Stealing"
0 200 19 319 235 1685 0 0 1 "Stealing"
0 202 18 319 234 1686 0 0 1 "Stealing"
0 204 16 319 232 1687 0 0 1 "Stealing"
0 206 15 319 231 1688 0 0 1 "Stealing"
0 208 13 319 229 1689 0 0 1 "Stealing"
0 210 12 319 228 1690 0 0 0 "Stealing"
0 211 10 319 225 1691 0 0 1 "Stealing"
0 212 8 319 223 1692 0 0 1 "Stealing"
0 213 6 319 221 1693 0 0 1 "Stealing"
0 215 5 319 219 1694 0 0 1 "Stealing"
0 216 3 319 217 1695 0 0 1 "Stealing"
0 217 1 319 215 1696 0 0 1 "Stealing"
0 219 0 319 213 1697 1 0 0 "Stealing"
0 220 5 319 214 1698 1 0 1 "Stealing"
0 221 11 319 216 1699 1 0 1 "Stealing"
0 222 17 319 217 1700 1 0 1 "Stealing"
0 224 23 319 219 1701 1 0 1 "Stealing"
0 225 28 319 221 1702 1 0 1 "Stealing"
0 226 34 319 222 1703 1 0 1 "Stealing"
0 228 40 319 224 1704 1 0 1 "Stealing"
0 229 46 319 226 1705 1 0 1 "Stealing"
0 230 51 319 227 1706 1 0 1 "Stealing"
0 232 57 319 229 1707 1 0 1 "Stealing"
0 233 63 319 230 1708 1 0 1 "Stealing"
0 234 69 319 232 1709 1 0 1 "Stealing"
0 236 74 319 234 1710 1 0 1 "Stealing"
0 237 80 319 235 1711 1 0 1 "Stealing"
0 238 86 319 237 1712 1 0 1 "Stealing"
0 240 92 319 239 1713 1 0 0 "Stealing"
0 240 89 319 237 1714 1 0 1 "Stealing"
0 240 87 319 235 1715 1 0 1 "Stealing"
0 240 84 319 234 1716 1 0 1 "Stealing"
0 240 82 319 232 1717 1 0 1 "Stealing"
0 240 79 319 230 1718 1 0 1 "Stealing"
0 240 77 319 229 1719 1 0 1 "Stealing"
0 240 74 319 227 1720 1 0 1 "Stealing"
0 240 72 319 226 1721 1 0 0 "Stealing"
0 240 72 319 226 1722 1 0 1 "Stealing"
0 240 72 319 226 1723 1 0 1 "Stealing"
0 240 72 319 226 1724 1 0 1 "Stealing"
0 240 72 319 226 1725 1 0 1 "Stealing"
0 240 72 319 226 1726 1 0 1 "Stealing"
0 240 72 319 226 1727 1 0 1 "Stealing"
0 240 72 319 226 1728 1 0 0 "Stealing"
0 239 64 318 218 1729 1 0 1 "Stealing"
0 238 57 317 211 1730 1 0 1 "Stealing"
0 237 50 316 204 1731 1 0 1 "Stealing"
0 237 43 316 196 1732 1 0 1 "Stealing"
0 236 36 315 189 1733 1 0 1 "Stealing"
0 235 28 314 182 1734 1 0 1 "Stealing"
0 235 21 314 174 1735 1 0 1 "Stealing"
0 234 14 313 167 1736 1 0 1 "Stealing"
0 233 7 312 160 1737 1 0 1 "Stealing"
0 233 0 312 153 1738 1 0 0 "Stealing"
0 234 0 313 145 1739 1 0 1 "Stealing"
0 236 0 314 138 1740 1 0 1 "Stealing"
0 238 0 315 131 1741 1 0 1 "Stealing"
0 240 0 316 123 1742 1 0 1 "Stealing"
0 242 0 317 116 1743 1 0 1 "Stealing"
0 244 0 318 109 1744 1 0 1 "Stealing"
0 246 0 319 102 1745 1 0 0 "Stealing"
0 245 0 318 97 1746 1 0 1 "Stealing"
0 245 0 318 93 1747 1 0 1 "Stealing"
0 245 0 318 88 1748 1 0 1 "Stealing"
0 244 0 317 84 1749 1 0 1 "Stealing"
0 244 0 317 79 1750 1 0 1 "Stealing"
0 244 0 317 75 1751 1 0 1 "Stealing"
0 243 0 316 70 1752 1 0 1 "Stealing"
0 243 0 316 66 1753 1 0 1 "Stealing"
0 243 0 316 62 1754 1 0 0 "Stealing"
0 242 0 316 63 1755 1 0 1 "Stealing"
0 242 0 316 64 1756 1 0 1 "Stealing"
0 242 0 316 65 1757 1 0 1 "Stealing"
0 241 1 316 66 1758 1 0 1 "Stealing"
0 241 1 316 67 1759 1 0 1 "Stealing"
0 241 1 316 69 1760 1 0 1 "Stealing"
0 240 2 316 70 1761 1 0 1 "Stealing"
0 240 2 316 71 1762 1 0 1 "Stealing"
0 240 2 316 72 1763 1 0 1 "Stealing"
0 239 3 316 73 1764 1 0 1 "Stealing"
0 239 3 316 74 1765 1 0 1 "Stealing"
0 239 3 316 76 1766 1 0 1 "Stealing"
0 238 4 316 77 1767 1 0 1 "Stealing"
0 238 4 316 78 1768 1 0 1 "Stealing"
0 238 4 316 79 1769 1 0 1 "Stealing"
0 237 5 316 80 1770 1 0 1 "Stealing"
0 237 5 316 82 1771 1 0 1 "Stealing"
0 237 5 316 83 1772 1 0 1 "Stealing"
0 237 6 316 84 1773 1 0 1 "Stealing"
0 236 6 316 85 1774 1 0 1 "Stealing"
0 236 6 316 86 1775 1 0 1 "Stealing"
0 236 7 316 87 1776 1 0 1 "Stealing"
0 235 7 316 89 1777 1 0 1 "Stealing"
0 235 7 316 90 1778 1 0 1 "Stealing"
0 235 8 316 91 1779 1 0 1 "Stealing"
0 234 8 316 92 1780 1 0 1 "Stealing"
0 234 8 316 93 1781 1 0 1 "Stealing"
0 234 9 316 95 1782 1 0 1 "Stealing"
0 233 9 316 96 1783 1 0 1 "Stealing"
0 233 9 316 97 1784 1 0 1 "Stealing"
0 233 10 316 98 1785 1 0 1 "Stealing"
0 232 10 316 99 1786 1 0 1 "Stealing"
0 232 10 316 100 1787 1 0 1 "Stealing"
0 232 11 316 102 1788 1 0 1 "Stealing"
0 232 11 316 103 1789 1 0 1 "Stealing"
0 231 11 316 104 1790 1 0 1 "Stealing"
0 231 12 316 105 1791 1 0 1 "Stealing"
0 231 12 316 106 1792 1 0 1 "Stealing"
0 230 12 316 108 1793 1 0 1 "Stealing"
0 230 13 316 109 1794 1 0 1 "Stealing"
0 230 13 316 110 1795 1 0 1 "Stealing"
0 229 13 316 111 1796 1 0 1 "Stealing"
0 229 14 316 112 1797 1 0 1 "Stealing"
0 229 14 316 113 1798 1 0 1 "Stealing"
0 228 14 316 115 1799 1 0 1 "Stealing"
0 228 15 316 116 1800 1 0 1 "Stealing"
0 228 15 316 117 1801 1 0 1 "Stealing"
0 227 15 316 118 1802 1 0 1 "Stealing"
0 227 16 316 119 1803 1 0 1 "Stealing"
0 227 16 317 121 1804 1 0 1 "Stealing"
0 227 16 317 122 1805 1 0 1 "Stealing"
0 226 16 317 123 1806 1 0 1 "Stealing"
0 226 17 317 124 1807 1 0 1 "Stealing"
0 226 17 317 125 1808 1 0 1 "Stealing"
0 225 17 317 126 1809 1 0 1 "Stealing"
0 225 18 317 128 1810 1 0 1 "Stealing"
0 225 18 317 129 1811 1 0 1 "Stealing"
0 224 18 317 130 1812 1 0 1 "Stealing"
0 224 19 317 131 1813 1 0 1 "Stealing"
0 224 19 317 132 1814 1 0 1 "Stealing"
0 223 19 317 133 1815 1 0 1 "Stealing"
0 223 20 317 135 1816 1 0 1 "Stealing"
0 223 20 317 136 1817 1 0 1 "Stealing"
0 222 20 317 137 1818 1 0 1 "Stealing"
0 222 21 317 138 1819 1 0 1 "Stealing"
0 222 21 317 139 1820 1 0 1 "Stealing"
0 222 21 317 141 1821 1 0 1 "Stealing"
0 221 22 317 142 1822 1 0 1 "Stealing"
0 221 22 317 143 1823 1 0 1 "Stealing"
0 221 22 317 144 1824 1 0 1 "Stealing"
0 220 23 317 145 1825 1 0 1 "Stealing"
0 220 23 317 146 1826 1 0 1 "Stealing"
0 220 23 317 148 1827 1 0 1 "Stealing"
0 219 24 317 149 1828 1 0 1 "Stealing"
0 219 24 317 150 1829 1 0 1 "Stealing"
0 219 24 317 151 1830 1 0 1 "Stealing"
0 218 25 317 152 1831 1 0 1 "Stealing"
0 218 25 317 154 1832 1 0 1 "Stealing"
0 218 25 317 155 1833 1 0 1 "Stealing"
0 217 26 317 156 1834 1 0 1 "Stealing"
0 217 26 317 157 1835 1 0 1 "Stealing"
0 217 26 317 158 1836 1 0 1 "Stealing"
0 216 27 317 159 1837 1 0 1 "Stealing"
0 216 27 317 161 1838 1 0 1 "Stealing"
0 216 27 317 162 1839 1 0 1 "Stealing"
0 216 28 317 163 1840 1 0 1 "Stealing"
0 215 28 317 164 1841 1 0 1 "Stealing"
0 215 28 317 165 1842 1 0 1 "Stealing"
0 215 29 317 167 1843 1 0 1 "Stealing"
0 214 29 317 168 1844 1 0 1 "Stealing"
0 214 29 317 169 1845 1 0 1 "Stealing"
0 214 30 317 170 1846 1 0 1 "Stealing"
0 213 30 317 171 1847 1 0 1 "Stealing"
0 213 30 317 172 1848 1 0 1 "Stealing"
0 213 31 317 174 1849 1 0 1 "Stealing"
0 212 31 317 175 1850 1 0 1 "Stealing"
0 212 31 317 176 1851 1 0 1 "Stealing"
0 212 32 317 177 1852 1 0 1 "Stealing"
0 211 32 317 178 1853 1 0 1 "Stealing"
0 211 32 318 180 1854 1 0 1 "Stealing"
0 211 32 318 181 1855 1 0 1 "Stealing"
0 211 33 318 182 1856 1 0 1 "Stealing"
0 210 33 318 183 1857 1 0 1 "Stealing"
0 210 33 318 184 1858 1 0 1 "Stealing"
0 210 34 318 185 1859 1 0 1 "Stealing"
0 209 34 318 187 1860 1 0 1 "Stealing"
0 209 34 318 188 1861 1 0 1 "Stealing"
0 209 35 318 189 1862 1 0 1 "Stealing"
0 208 35 318 190 1863 1 0 1 "Stealing"
0 208 35 318 191 1864 1 0 1 "Stealing"
0 208 36 318 192 1865 1 0 1 "Stealing"
0 207 36 318 194 1866 1 0 1 "Stealing"
0 207 36 318 195 1867 1 0 1 "Stealing"
0 207 37 318 196 1868 1 0 1 "Stealing"
0 206 37 318 197 1869 1 0 1 "Stealing"
0 206 37 318 198 1870 1 0 1 "Stealing"
0 206 38 318 200 1871 1 0 1 "Stealing"
0 206 38 318 201 1872 1 0 1 "Stealing"
0 205 38 318 202 1873 1 0 1 "Stealing"
0 205 39 318 203 1874 1 0 1 "Stealing"
0 205 39 318 204 1875 1 0 1 "Stealing"
0 204 39 318 205 1876 1 0 1 "Stealing"
0 204 40 318 207 1877 1 0 1 "Stealing"
0 204 40 318 208 1878 1 0 1 "Stealing"
0 203 40 318 209 1879 1 0 1 "Stealing"
0 203 41 318 210 1880 1 0 1 "Stealing"
0 203 41 318 211 1881 1 0 1 "Stealing"
0 202 41 318 213 1882 1 0 1 "Stealing"
0 202 42 318 214 1883 1 0 1 "Stealing"
0 202 42 318 215 1884 1 0 1 "Stealing"
0 201 42 318 216 1885 1 0 1 "Stealing"
0 201 43 318 217 1886 1 0 1 "Stealing"
0 201 43 318 218 1887 1 0 1 "Stealing"
0 201 43 318 220 1888 1 0 1 "Stealing"
0 200 44 318 221 1889 1 0 1 "Stealing"
0 200 44 318 222 1890 1 0 1 "Stealing"
0 200 44 318 223 1891 1 0 1 "Stealing"
0 199 45 318 224 1892 1 0 1 "Stealing"
0 199 45 318 226 1893 1 0 1 "Stealing"
0 199 45 318 227 1894 1 0 1 "Stealing"
0 198 46 318 228 1895 1 0 1 "Stealing"
0 198 46 318 229 1896 1 0 1 "Stealing"
0 198 46 318 230 1897 1 0 1 "Stealing"
0 197 47 318 231 1898 1 0 1 "Stealing"
0 197 47 318 233 1899 1 0 1 "Stealing"
0 197 47 318 234 1900 1 0 1 "Stealing"
0 196 48 318 235 1901 1 0 1 "Stealing"
0 196 48 318 236 1902 1 0 1 "Stealing"
0 196 48 318 237 1903 1 0 1 "Stealing"
0 196 49 319 239 1904 1 0 0 "Stealing"
