0 184 70 242 190 0 1 0 0 "Stealing"
0 184 70 241 189 1 1 0 1 "Stealing"
0 184 70 241 189 2 1 0 1 "Stealing"
0 184 70 241 189 3 1 0 1 "Stealing"
0 184 70 241 189 4 1 0 1 "Stealing"
0 184 70 241 189 5 1 0 1 "Stealing"
0 184 70 241 189 6 1 0 1 "Stealing"
0 184 70 241 189 7 1 0 1 "Stealing"
0 184 70 241 189 8 1 0 1 "Stealing"
0 184 70 241 189 9 1 0 1 "Stealing"
0 184 70 241 189 10 1 0 1 "Stealing"
0 184 70 241 189 11 1 0 1 "Stealing"
0 184 70 241 189 12 1 0 1 "Stealing"
0 184 70 241 189 13 1 0 1 "Stealing"
0 184 70 241 189 14 1 0 1 "Stealing"
0 184 70 241 189 15 1 0 1 "Stealing"
0 184 70 241 189 16 1 0 1 "Stealing"
0 184 70 241 189 17 1 0 1 "Stealing"
0 184 70 241 189 18 1 0 1 "Stealing"
0 184 70 241 189 19 1 0 1 "Stealing"
0 184 70 241 189 20 1 0 1 "Stealing"
0 184 70 241 189 21 1 0 1 "Stealing"
0 184 70 241 189 22 1 0 1 "Stealing"
0 184 70 241 189 23 1 0 1 "Stealing"
0 184 70 241 189 24 1 0 1 "Stealing"
0 184 70 241 189 25 1 0 1 "Stealing"
0 184 70 241 189 26 1 0 1 "Stealing"
0 184 70 241 189 27 1 0 1 "Stealing"
0 184 70 241 189 28 1 0 1 "Stealing"
0 184 70 241 189 29 1 0 1 "Stealing"
0 184 70 241 189 30 1 0 1 "Stealing"
0 184 70 241 189 31 1 0 1 "Stealing"
0 184 70 241 189 32 1 0 1 "Stealing"
0 184 70 241 189 33 1 0 1 "Stealing"
0 184 70 241 189 34 1 0 1 "Stealing"
0 184 70 241 189 35 1 0 1 "Stealing"
0 184 70 241 189 36 1 0 1 "Stealing"
0 184 70 241 189 37 1 0 1 "Stealing"
0 184 70 241 189 38 1 0 1 "Stealing"
0 184 70 241 189 39 1 0 1 "Stealing"
0 184 70 241 189 40 1 0 1 "Stealing"
0 184 70 241 189 41 1 0 1 "Stealing"
0 184 70 241 188 42 1 0 1 "Stealing"
0 184 70 241 188 43 1 0 1 "Stealing"
0 184 70 241 188 44 1 0 1 "Stealing"
0 184 70 241 188 45 1 0 1 "Stealing"
0 184 70 241 188 46 1 0 1 "Stealing"
0 184 70 241 188 47 1 0 1 "Stealing"
0 184 70 241 188 48 1 0 1 "Stealing"
0 184 70 241 188 49 1 0 1 "Stealing"
0 184 70 241 188 50 1 0 1 "Stealing"
0 184 70 241 188 51 1 0 1 "Stealing"
0 184 70 241 188 52 1 0 1 "Stealing"
0 184 70 241 188 53 1 0 1 "Stealing"
0 184 70 241 188 54 1 0 1 "Stealing"
0 184 70 241 188 55 1 0 1 "Stealing"
0 184 70 241 188 56 1 0 1 "Stealing"
0 184 70 241 188 57 1 0 1 "Stealing"
0 184 70 241 188 58 1 0 1 "Stealing"
0 184 70 241 188 59 1 0 1 "Stealing"
0 184 70 241 188 60 1 0 1 "Stealing"
0 184 70 241 188 61 1 0 1 "Stealing"
0 184 70 241 188 62 1 0 1 "Stealing"
0 184 70 241 188 63 1 0 1 "Stealing"
0 184 70 241 188 64 1 0 1 "Stealing"
0 184 70 241 188 65 1 0 1 "Stealing"
0 184 70 241 188 66 1 0 1 "Stealing"
0 184 70 241 188 67 1 0 1 "Stealing"
0 184 70 241 188 68 1 0 1 "Stealing"
0 184 70 241 188 69 1 0 1 "Stealing"
0 184 70 241 188 70 1 0 1 "Stealing"
0 184 70 241 188 71 1 0 1 "Stealing"
0 184 70 241 188 72 1 0 1 "Stealing"
0 184 70 241 188 73 1 0 1 "Stealing"
0 184 70 241 188 74 1 0 1 "Stealing"
0 184 70 241 188 75 1 0 1 "Stealing"
0 184 70 241 188 76 1 0 1 "Stealing"
0 184 70 241 188 77 1 0 1 "Stealing"
0 184 70 241 188 78 1 0 1 "Stealing"
0 184 70 241 188 79 1 0 1 "Stealing"
0 184 70 241 188 80 1 0 1 "Stealing"
0 184 70 241 188 81 1 0 1 "Stealing"
0 184 70 241 188 82 1 0 1 "Stealing"
0 184 70 241 187 83 1 0 1 "Stealing"
0 184 70 241 187 84 1 0 1 "Stealing"
0 184 70 241 187 85 1 0 1 "Stealing"
0 184 70 241 187 86 1 0 1 "Stealing"
0 184 70 241 187 87 1 0 1 "Stealing"
0 184 70 241 187 88 1 0 1 "Stealing"
0 184 70 241 187 89 1 0 1 "Stealing"
0 184 70 241 187 90 1 0 1 "Stealing"
0 184 70 241 187 91 1 0 1 "Stealing"
0 184 70 241 187 92 1 0 1 "Stealing"
0 184 70 241 187 93 1 0 1 "Stealing"
0 184 70 241 187 94 1 0 1 "Stealing"
0 184 70 241 187 95 1 0 1 "Stealing"
0 184 70 241 187 96 1 0 1 "Stealing"
0 184 70 241 187 97 1 0 1 "Stealing"
0 184 70 241 187 98 1 0 1 "Stealing"
0 184 70 241 187 99 1 0 1 "Stealing"
0 184 70 241 187 100 1 0 1 "Stealing"
0 184 70 241 187 101 1 0 1 "Stealing"
0 184 70 241 187 102 1 0 1 "Stealing"
0 184 70 241 187 103 1 0 1 "Stealing"
0 184 70 241 187 104 1 0 1 "Stealing"
0 184 70 241 187 105 1 0 1 "Stealing"
0 184 70 241 187 106 1 0 1 "Stealing"
0 184 70 241 187 107 1 0 1 "Stealing"
0 184 70 241 187 108 1 0 1 "Stealing"
0 184 70 241 187 109 1 0 1 "Stealing"
0 184 70 241 187 110 1 0 1 "Stealing"
0 184 70 241 187 111 1 0 1 "Stealing"
0 184 70 241 187 112 1 0 1 "Stealing"
0 184 70 241 187 113 1 0 1 "Stealing"
0 184 70 241 187 114 1 0 1 "Stealing"
0 184 70 241 187 115 1 0 1 "Stealing"
0 184 70 241 187 116 1 0 1 "Stealing"
0 184 70 241 187 117 1 0 1 "Stealing"
0 184 70 241 187 118 1 0 1 "Stealing"
0 184 70 241 187 119 1 0 1 "Stealing"
0 184 70 241 187 120 1 0 1 "Stealing"
0 184 70 241 187 121 1 0 1 "Stealing"
0 184 70 241 187 122 1 0 1 "Stealing"
0 184 70 241 187 123 1 0 1 "Stealing"
0 184 71 241 186 124 1 0 1 "Stealing"
0 184 71 241 186 125 1 0 1 "Stealing"
0 184 71 241 186 126 1 0 1 "Stealing"
0 184 71 241 186 127 1 0 1 "Stealing"
0 184 71 241 186 128 1 0 1 "Stealing"
0 184 71 241 186 129 1 0 1 "Stealing"
0 184 71 241 186 130 1 0 1 "Stealing"
0 184 71 241 186 131 1 0 1 "Stealing"
0 184 71 241 186 132 1 0 1 "Stealing"
0 184 71 241 186 133 1 0 1 "Stealing"
0 184 71 241 186 134 1 0 1 "Stealing"
0 184 71 241 186 135 1 0 1 "Stealing"
0 184 71 241 186 136 1 0 1 "Stealing"
0 184 71 241 186 137 1 0 1 "Stealing"
0 184 71 241 186 138 1 0 1 "Stealing"
0 184 71 241 186 139 1 0 1 "Stealing"
0 184 71 241 186 140 1 0 1 "Stealing"
0 184 71 241 186 141 1 0 1 "Stealing"
0 184 71 241 186 142 1 0 1 "Stealing"
0 184 71 241 186 143 1 0 1 "Stealing"
0 184 71 241 186 144 1 0 1 "Stealing"
0 184 71 241 186 145 1 0 1 "Stealing"
0 184 71 241 186 146 1 0 1 "Stealing"
0 184 71 241 186 147 1 0 1 "Stealing"
0 184 71 241 186 148 1 0 1 "Stealing"
0 184 71 241 186 149 1 0 1 "Stealing"
0 184 71 241 186 150 1 0 1 "Stealing"
0 184 71 241 186 151 1 0 1 "Stealing"
0 184 71 241 186 152 1 0 1 "Stealing"
0 184 71 241 186 153 1 0 1 "Stealing"
0 184 71 241 186 154 1 0 1 "Stealing"
0 184 71 241 186 155 1 0 1 "Stealing"
0 184 71 241 186 156 1 0 1 "Stealing"
0 184 71 241 186 157 1 0 1 "Stealing"
0 184 71 241 186 158 1 0 1 "Stealing"
0 184 71 241 186 159 1 0 1 "Stealing"
0 184 71 241 186 160 1 0 1 "Stealing"
0 184 71 241 186 161 1 0 1 "Stealing"
0 184 71 241 186 162 1 0 1 "Stealing"
0 184 71 241 186 163 1 0 1 "Stealing"
0 184 71 241 186 164 1 0 1 "Stealing"
0 184 71 241 185 165 1 0 1 "Stealing"
0 184 71 241 185 166 1 0 1 "Stealing"
0 184 71 241 185 167 1 0 1 "Stealing"
0 184 71 241 185 168 1 0 1 "Stealing"
0 184 71 241 185 169 1 0 1 "Stealing"
0 184 71 241 185 170 1 0 1 "Stealing"
0 184 71 241 185 171 1 0 1 "Stealing"
0 184 71 241 185 172 1 0 1 "Stealing"
0 184 71 241 185 173 1 0 1 "Stealing"
0 184 71 241 185 174 1 0 1 "Stealing"
0 184 71 241 185 175 1 0 1 "Stealing"
0 184 71 241 185 176 1 0 1 "Stealing"
0 184 71 241 185 177 1 0 1 "Stealing"
0 184 71 241 185 178 1 0 1 "Stealing"
0 184 71 241 185 179 1 0 1 "Stealing"
0 184 71 241 185 180 1 0 1 "Stealing"
0 184 71 241 185 181 1 0 1 "Stealing"
0 184 71 241 185 182 1 0 1 "Stealing"
0 184 71 241 185 183 1 0 1 "Stealing"
0 184 71 241 185 184 1 0 1 "Stealing"
0 184 71 241 185 185 1 0 1 "Stealing"
0 184 71 241 185 186 1 0 1 "Stealing"
0 184 71 241 185 187 1 0 1 "Stealing"
0 184 71 241 185 188 1 0 1 "Stealing"
0 184 71 241 185 189 1 0 1 "Stealing"
0 184 71 241 185 190 1 0 1 "Stealing"
0 184 71 241 185 191 1 0 1 "Stealing"
0 184 71 241 185 192 1 0 1 "Stealing"
0 184 71 241 185 193 1 0 1 "Stealing"
0 184 71 241 185 194 1 0 1 "Stealing"
0 184 71 241 185 195 1 0 1 "Stealing"
0 184 71 241 185 196 1 0 1 "Stealing"
0 184 71 241 185 197 1 0 1 "Stealing"
0 184 71 241 185 198 1 0 1 "Stealing"
0 184 71 241 185 199 1 0 1 "Stealing"
0 184 71 241 185 200 1 0 1 "Stealing"
0 184 71 241 185 201 1 0 1 "Stealing"
0 184 71 241 185 202 1 0 1 "Stealing"
0 184 71 241 185 203 1 0 1 "Stealing"
0 184 71 241 185 204 1 0 1 "Stealing"
0 184 71 241 185 205 1 0 1 "Stealing"
0 184 71 241 185 206 1 0 1 "Stealing"
0 184 71 241 184 207 1 0 1 "Stealing"
0 184 71 241 184 208 1 0 1 "Stealing"
0 184 71 241 184 209 1 0 1 "Stealing"
0 184 71 241 184 210 1 0 1 "Stealing"
0 184 71 241 184 211 1 0 1 "Stealing"
0 184 71 241 184 212 1 0 1 "Stealing"
0 184 71 241 184 213 1 0 1 "Stealing"
0 184 71 241 184 214 1 0 1 "Stealing"
0 184 71 241 184 215 1 0 1 "Stealing"
0 184 71 241 184 216 1 0 1 "Stealing"
0 184 71 241 184 217 1 0 1 "Stealing"
0 184 71 241 184 218 1 0 1 "Stealing"
0 184 71 241 184 219 1 0 1 "Stealing"
0 184 71 241 184 220 1 0 1 "Stealing"
0 184 71 241 184 221 1 0 1 "Stealing"
0 184 71 241 184 222 1 0 1 "Stealing"
0 184 71 241 184 223 1 0 1 "Stealing"
0 184 71 241 184 224 1 0 1 "Stealing"
0 184 71 241 184 225 1 0 1 "Stealing"
0 184 71 241 184 226 1 0 1 "Stealing"
0 184 71 241 184 227 1 0 1 "Stealing"
0 184 71 241 184 228 1 0 1 "Stealing"
0 184 71 241 184 229 1 0 1 "Stealing"
0 184 71 241 184 230 1 0 1 "Stealing"
0 184 71 241 184 231 1 0 1 "Stealing"
0 184 71 241 184 232 1 0 1 "Stealing"
0 184 71 241 184 233 1 0 1 "Stealing"
0 184 71 241 184 234 1 0 1 "Stealing"
0 184 71 241 184 235 1 0 1 "Stealing"
0 184 71 241 184 236 1 0 1 "Stealing"
0 184 71 241 184 237 1 0 1 "Stealing"
0 184 71 241 184 238 1 0 1 "Stealing"
0 184 71 241 184 239 1 0 1 "Stealing"
0 184 71 241 184 240 1 0 1 "Stealing"
0 184 71 241 184 241 1 0 1 "Stealing"
0 184 71 241 184 242 1 0 1 "Stealing"
0 184 71 241 184 243 1 0 1 "Stealing"
0 184 71 241 184 244 1 0 1 "Stealing"
0 184 71 241 184 245 1 0 1 "Stealing"
0 184 71 241 184 246 1 0 1 "Stealing"
0 184 71 241 184 247 1 0 1 "Stealing"
0 184 72 241 183 248 1 0 1 "Stealing"
0 184 72 241 183 249 1 0 1 "Stealing"
0 184 72 241 183 250 1 0 1 "Stealing"
0 184 72 241 183 251 1 0 1 "Stealing"
0 184 72 241 183 252 1 0 1 "Stealing"
0 184 72 241 183 253 1 0 1 "Stealing"
0 184 72 241 183 254 1 0 1 "Stealing"
0 184 72 241 183 255 1 0 1 "Stealing"
0 184 72 241 183 256 1 0 1 "Stealing"
0 184 72 241 183 257 1 0 1 "Stealing"
0 184 72 241 183 258 1 0 1 "Stealing"
0 184 72 241 183 259 1 0 1 "Stealing"
0 184 72 241 183 260 1 0 1 "Stealing"
0 184 72 241 183 261 1 0 1 "Stealing"
0 184 72 241 183 262 1 0 1 "Stealing"
0 184 72 241 183 263 1 0 1 "Stealing"
0 184 72 241 183 264 1 0 1 "Stealing"
0 184 72 241 183 265 1 0 1 "Stealing"
0 184 72 241 183 266 1 0 1 "Stealing"
0 184 72 241 183 267 1 0 1 "Stealing"
0 184 72 241 183 268 1 0 1 "Stealing"
0 184 72 241 183 269 1 0 1 "Stealing"
0 184 72 241 183 270 1 0 1 "Stealing"
0 184 72 241 183 271 1 0 1 "Stealing"
0 184 72 241 183 272 1 0 1 "Stealing"
0 184 72 241 183 273 1 0 1 "Stealing"
0 184 72 241 183 274 1 0 1 "Stealing"
0 184 72 241 183 275 1 0 1 "Stealing"
0 184 72 241 183 276 1 0 1 "Stealing"
0 184 72 241 183 277 1 0 1 "Stealing"
0 184 72 241 183 278 1 0 1 "Stealing"
0 184 72 241 183 279 1 0 1 "Stealing"
0 184 72 241 183 280 1 0 1 "Stealing"
0 184 72 241 183 281 1 0 1 "Stealing"
0 184 72 241 183 282 1 0 1 "Stealing"
0 184 72 241 183 283 1 0 1 "Stealing"
0 184 72 241 183 284 1 0 1 "Stealing"
0 184 72 241 183 285 1 0 1 "Stealing"
0 184 72 241 183 286 1 0 1 "Stealing"
0 184 72 241 183 287 1 0 1 "Stealing"
0 184 72 241 183 288 1 0 1 "Stealing"
0 184 72 241 182 289 1 0 1 "Stealing"
0 184 72 241 182 290 1 0 1 "Stealing"
0 184 72 241 182 291 1 0 1 "Stealing"
0 184 72 241 182 292 1 0 1 "Stealing"
0 184 72 241 182 293 1 0 1 "Stealing"
0 184 72 241 182 294 1 0 1 "Stealing"
0 184 72 241 182 295 1 0 1 "Stealing"
0 184 72 241 182 296 1 0 1 "Stealing"
0 184 72 241 182 297 1 0 1 "Stealing"
0 184 72 241 182 298 1 0 1 "Stealing"
0 184 72 241 182 299 1 0 1 "Stealing"
0 184 72 241 182 300 1 0 1 "Stealing"
0 184 72 241 182 301 1 0 1 "Stealing"
0 184 72 241 182 302 1 0 1 "Stealing"
0 184 72 241 182 303 1 0 1 "Stealing"
0 184 72 241 182 304 1 0 1 "Stealing"
0 184 72 241 182 305 1 0 1 "Stealing"
0 184 72 241 182 306 1 0 1 "Stealing"
0 184 72 241 182 307 1 0 1 "Stealing"
0 184 72 241 182 308 1 0 1 "Stealing"
0 184 72 241 182 309 1 0 1 "Stealing"
0 184 72 241 182 310 1 0 1 "Stealing"
0 184 72 241 182 311 1 0 1 "Stealing"
0 184 72 241 182 312 1 0 1 "Stealing"
0 184 72 241 182 313 1 0 1 "Stealing"
0 184 72 241 182 314 1 0 1 "Stealing"
0 184 72 241 182 315 1 0 1 "Stealing"
0 184 72 241 182 316 1 0 1 "Stealing"
0 184 72 241 182 317 1 0 1 "Stealing"
0 184 72 241 182 318 1 0 1 "Stealing"
0 184 72 241 182 319 1 0 1 "Stealing"
0 184 72 241 182 320 1 0 1 "Stealing"
0 184 72 241 182 321 1 0 1 "Stealing"
0 184 72 241 182 322 1 0 1 "Stealing"
0 184 72 241 182 323 1 0 1 "Stealing"
0 184 72 241 182 324 1 0 1 "Stealing"
0 184 72 241 182 325 1 0 1 "Stealing"
0 184 72 241 182 326 1 0 1 "Stealing"
0 184 72 241 182 327 1 0 1 "Stealing"
0 184 72 241 182 328 1 0 1 "Stealing"
0 184 72 241 182 329 1 0 1 "Stealing"
0 184 72 241 181 330 1 0 1 "Stealing"
0 184 72 241 181 331 1 0 1 "Stealing"
0 184 72 241 181 332 1 0 1 "Stealing"
0 184 72 241 181 333 1 0 1 "Stealing"
0 184 72 241 181 334 1 0 1 "Stealing"
0 184 72 241 181 335 1 0 1 "Stealing"
0 184 72 241 181 336 1 0 1 "Stealing"
0 184 72 241 181 337 1 0 1 "Stealing"
0 184 72 241 181 338 1 0 1 "Stealing"
0 184 72 241 181 339 1 0 1 "Stealing"
0 184 72 241 181 340 1 0 1 "Stealing"
0 184 72 241 181 341 1 0 1 "Stealing"
0 184 72 241 181 342 1 0 1 "Stealing"
0 184 72 241 181 343 1 0 1 "Stealing"
0 184 72 241 181 344 1 0 1 "Stealing"
0 184 72 241 181 345 1 0 1 "Stealing"
0 184 72 241 181 346 1 0 1 "Stealing"
0 184 72 241 181 347 1 0 1 "Stealing"
0 184 72 241 181 348 1 0 1 "Stealing"
0 184 72 241 181 349 1 0 1 "Stealing"
0 184 72 241 181 350 1 0 1 "Stealing"
0 184 72 241 181 351 1 0 1 "Stealing"
0 184 72 241 181 352 1 0 1 "Stealing"
0 184 72 241 181 353 1 0 1 "Stealing"
0 184 72 241 181 354 1 0 1 "Stealing"
0 184 72 241 181 355 1 0 1 "Stealing"
0 184 72 241 181 356 1 0 1 "Stealing"
0 184 72 241 181 357 1 0 1 "Stealing"
0 184 72 241 181 358 1 0 1 "Stealing"
0 184 72 241 181 359 1 0 1 "Stealing"
0 184 72 241 181 360 1 0 1 "Stealing"
0 184 72 241 181 361 1 0 1 "Stealing"
0 184 72 241 181 362 1 0 1 "Stealing"
0 184 72 241 181 363 1 0 1 "Stealing"
0 184 72 241 181 364 1 0 1 "Stealing"
0 184 72 241 181 365 1 0 1 "Stealing"
0 184 72 241 181 366 1 0 1 "Stealing"
0 184 72 241 181 367 1 0 1 "Stealing"
0 184 72 241 181 368 1 0 1 "Stealing"
0 184 72 241 181 369 1 0 1 "Stealing"
0 184 72 241 181 370 1 0 1 "Stealing"
0 184 73 241 181 371 0 0 0 "Stealing"
0 183 73 240 181 372 0 0 1 "Stealing"
0 183 73 240 181 373 0 0 1 "Stealing"
0 183 74 240 182 374 0 0 1 "Stealing"
0 183 74 240 182 375 0 0 1 "Stealing"
0 183 75 240 183 376 0 0 1 "Stealing"
0 183 75 240 183 377 0 0 1 "Stealing"
0 183 76 240 184 378 0 0 1 "Stealing"
0 183 76 240 184 379 0 0 1 "Stealing"
0 183 77 240 185 380 0 0 1 "Stealing"
0 183 77 240 185 381 0 0 1 "Stealing"
0 183 77 240 185 382 0 0 1 "Stealing"
0 183 78 240 186 383 0 0 1 "Stealing"
0 183 78 240 186 384 0 0 1 "Stealing"
0 183 79 240 187 385 0 0 1 "Stealing"
0 183 79 240 187 386 0 0 1 "Stealing"
0 183 80 240 188 387 0 0 1 "Stealing"
0 183 80 240 188 388 0 0 1 "Stealing"
0 183 81 240 189 389 0 0 1 "Stealing"
0 183 81 240 189 390 0 0 1 "Stealing"
0 183 82 240 190 391 0 0 0 "Stealing"
0 183 82 240 190 392 0 0 1 "Stealing"
0 183 82 240 190 393 0 0 1 "Stealing"
0 183 82 240 190 394 0 0 1 "Stealing"
0 183 82 240 190 395 0 0 1 "Stealing"
0 184 82 241 190 396 0 0 1 "Stealing"
0 184 82 241 190 397 0 0 1 "Stealing"
0 184 82 241 190 398 0 0 1 "Stealing"
0 184 82 241 190 399 0 0 1 "Stealing"
0 184 82 241 190 400 0 0 1 "Stealing"
0 185 82 242 190 401 0 0 0 "Stealing"
0 185 82 242 190 402 0 0 1 "Stealing"
0 185 82 242 190 403 0 0 1 "Stealing"
0 185 82 242 190 404 0 0 1 "Stealing"
0 185 82 242 190 405 0 0 1 "Stealing"
0 185 82 242 190 406 0 0 1 "Stealing"
0 185 82 242 190 407 0 0 1 "Stealing"
0 185 82 242 190 408 0 0 1 "Stealing"
0 185 82 242 190 409 0 0 1 "Stealing"
0 185 82 242 190 410 0 0 1 "Stealing"
0 186 82 243 190 411 0 0 0 "Stealing"
0 185 82 243 189 412 0 0 1 "Stealing"
0 185 82 243 189 413 0 0 1 "Stealing"
0 185 82 243 189 414 0 0 1 "Stealing"
0 184 82 243 189 415 0 0 1 "Stealing"
0 184 82 243 189 416 0 0 1 "Stealing"
0 184 82 243 189 417 0 0 1 "Stealing"
0 183 82 243 189 418 0 0 1 "Stealing"
0 183 82 243 189 419 0 0 1 "Stealing"
0 183 82 243 189 420 0 0 1 "Stealing"
0 183 82 243 189 421 0 0 0 "Stealing"
0 183 81 242 189 422 0 0 1 "Stealing"
0 183 81 242 189 423 0 0 1 "Stealing"
0 183 81 242 189 424 0 0 1 "Stealing"
0 183 81 242 189 425 0 0 1 "Stealing"
0 183 81 242 189 426 0 0 1 "Stealing"
0 183 81 242 189 427 0 0 1 "Stealing"
0 183 80 242 189 428 0 0 1 "Stealing"
0 183 80 242 189 429 0 0 1 "Stealing"
0 183 80 242 189 430 0 0 1 "Stealing"
0 183 80 242 189 431 0 0 1 "Stealing"
0 183 80 242 189 432 0 0 1 "Stealing"
0 183 80 242 189 433 0 0 1 "Stealing"
0 183 80 242 189 434 0 0 1 "Stealing"
0 183 79 242 189 435 0 0 1 "Stealing"
0 183 79 242 189 436 0 0 1 "Stealing"
0 183 79 242 189 437 0 0 1 "Stealing"
0 183 79 242 189 438 0 0 1 "Stealing"
0 183 79 242 189 439 0 0 1 "Stealing"
0 183 79 242 189 440 0 0 1 "Stealing"
0 183 79 242 189 441 0 0 0 "Stealing"
0 183 78 241 189 442 0 0 1 "Stealing"
0 183 78 241 189 443 0 0 1 "Stealing"
0 183 78 241 189 444 0 0 1 "Stealing"
0 183 78 241 189 445 0 0 1 "Stealing"
0 183 78 241 190 446 0 0 1 "Stealing"
0 183 78 241 190 447 0 0 1 "Stealing"
0 183 78 241 190 448 0 0 1 "Stealing"
0 183 78 241 190 449 0 0 1 "Stealing"
0 183 78 241 190 450 0 0 1 "Stealing"
0 183 78 241 191 451 0 0 0 "Stealing"
0 183 78 240 191 452 0 0 1 "Stealing"
0 183 78 240 191 453 0 0 1 "Stealing"
0 183 78 240 191 454 0 0 1 "Stealing"
0 183 78 240 191 455 0 0 1 "Stealing"
0 183 78 240 191 456 0 0 1 "Stealing"
0 183 78 240 191 457 0 0 1 "Stealing"
0 183 78 240 191 458 0 0 1 "Stealing"
0 183 78 240 191 459 0 0 1 "Stealing"
0 183 78 240 191 460 0 0 1 "Stealing"
0 183 78 240 192 461 0 0 1 "Stealing"
0 183 78 240 192 462 0 0 1 "Stealing"
0 183 78 240 192 463 0 0 1 "Stealing"
0 183 78 240 192 464 0 0 1 "Stealing"
0 183 78 240 192 465 0 0 1 "Stealing"
0 183 78 240 192 466 0 0 1 "Stealing"
0 183 78 240 192 467 0 0 1 "Stealing"
0 183 78 240 192 468 0 0 1 "Stealing"
0 183 78 240 192 469 0 0 1 "Stealing"
0 183 78 240 192 470 0 0 1 "Stealing"
0 183 78 240 193 471 0 0 1 "Stealing"
0 183 78 240 193 472 0 0 1 "Stealing"
0 183 78 240 193 473 0 0 1 "Stealing"
0 183 78 240 193 474 0 0 1 "Stealing"
0 183 78 240 193 475 0 0 1 "Stealing"
0 183 78 240 193 476 0 0 1 "Stealing"
0 183 78 240 193 477 0 0 1 "Stealing"
0 183 78 240 193 478 0 0 1 "Stealing"
0 183 78 240 193 479 0 0 1 "Stealing"
0 183 78 240 193 480 0 0 1 "Stealing"
0 183 78 240 194 481 0 0 1 "Stealing"
0 183 78 240 194 482 0 0 1 "Stealing"
0 183 78 240 194 483 0 0 1 "Stealing"
0 183 78 240 194 484 0 0 1 "Stealing"
0 183 78 240 194 485 0 0 1 "Stealing"
0 183 78 240 194 486 0 0 1 "Stealing"
0 183 78 240 194 487 0 0 1 "Stealing"
0 183 78 240 194 488 0 0 1 "Stealing"
0 183 78 240 194 489 0 0 1 "Stealing"
0 183 78 240 194 490 0 0 1 "Stealing"
0 183 78 240 195 491 0 0 1 "Stealing"
0 183 78 240 195 492 0 0 1 "Stealing"
0 183 78 240 195 493 0 0 1 "Stealing"
0 183 78 240 195 494 0 0 1 "Stealing"
0 183 78 240 195 495 0 0 1 "Stealing"
0 183 78 240 195 496 0 0 1 "Stealing"
0 183 78 240 195 497 0 0 1 "Stealing"
0 183 78 240 195 498 0 0 1 "Stealing"
0 183 78 240 195 499 0 0 1 "Stealing"
0 183 78 240 195 500 0 0 1 "Stealing"
0 183 78 240 196 501 0 0 1 "Stealing"
0 183 78 240 196 502 0 0 1 "Stealing"
0 183 78 240 196 503 0 0 1 "Stealing"
0 183 78 240 196 504 0 0 1 "Stealing"
0 183 78 240 196 505 0 0 1 "Stealing"
0 183 78 240 196 506 0 0 1 "Stealing"
0 183 78 240 196 507 0 0 1 "Stealing"
0 183 78 240 196 508 0 0 1 "Stealing"
0 183 78 240 196 509 0 0 1 "Stealing"
0 183 78 240 196 510 0 0 1 "Stealing"
0 183 78 240 197 511 0 0 1 "Stealing"
0 183 78 240 197 512 0 0 1 "Stealing"
0 183 78 240 197 513 0 0 1 "Stealing"
0 183 78 240 197 514 0 0 1 "Stealing"
0 183 78 240 197 515 0 0 1 "Stealing"
0 183 78 240 197 516 0 0 1 "Stealing"
0 183 78 240 197 517 0 0 1 "Stealing"
0 183 78 240 197 518 0 0 1 "Stealing"
0 183 78 240 197 519 0 0 1 "Stealing"
0 183 78 240 197 520 0 0 1 "Stealing"
0 183 78 240 198 521 0 0 1 "Stealing"
0 183 78 240 198 522 0 0 1 "Stealing"
0 183 78 240 198 523 0 0 1 "Stealing"
0 183 78 240 198 524 0 0 1 "Stealing"
0 183 78 240 198 525 0 0 1 "Stealing"
0 183 78 240 198 526 0 0 1 "Stealing"
0 183 78 240 198 527 0 0 1 "Stealing"
0 183 78 240 198 528 0 0 1 "Stealing"
0 183 78 240 198 529 0 0 1 "Stealing"
0 183 78 240 198 530 0 0 1 "Stealing"
0 183 78 240 199 531 0 0 0 "Stealing"
0 182 78 239 199 532 0 0 1 "Stealing"
0 182 78 239 199 533 0 0 1 "Stealing"
0 182 78 239 199 534 0 0 1 "Stealing"
0 182 78 239 199 535 0 0 1 "Stealing"
0 182 78 239 199 536 0 0 1 "Stealing"
0 182 78 239 199 537 0 0 1 "Stealing"
0 182 78 239 199 538 0 0 1 "Stealing"
0 182 78 239 199 539 0 0 1 "Stealing"
0 182 78 239 199 540 0 0 1 "Stealing"
0 182 78 239 199 541 0 0 1 "Stealing"
0 182 78 239 199 542 0 0 1 "Stealing"
0 182 78 239 199 543 0 0 1 "Stealing"
0 182 78 239 199 544 0 0 1 "Stealing"
0 182 78 239 199 545 0 0 1 "Stealing"
0 182 78 239 199 546 0 0 1 "Stealing"
0 182 78 239 199 547 0 0 1 "Stealing"
0 182 78 239 199 548 0 0 1 "Stealing"
0 182 78 239 199 549 0 0 1 "Stealing"
0 182 78 239 199 550 0 0 1 "Stealing"
0 182 78 239 199 551 0 0 1 "Stealing"
0 182 78 239 199 552 0 0 1 "Stealing"
0 182 78 239 199 553 0 0 1 "Stealing"
0 182 78 239 199 554 0 0 1 "Stealing"
0 182 78 239 199 555 0 0 1 "Stealing"
0 182 78 239 199 556 0 0 1 "Stealing"
0 182 78 239 199 557 0 0 1 "Stealing"
0 182 78 239 199 558 0 0 1 "Stealing"
0 182 78 239 199 559 0 0 1 "Stealing"
0 182 78 239 199 560 0 0 1 "Stealing"
0 182 78 239 199 561 0 0 1 "Stealing"
0 182 78 239 199 562 0 0 1 "Stealing"
0 182 78 239 199 563 0 0 1 "Stealing"
0 182 78 239 199 564 0 0 1 "Stealing"
0 182 78 239 199 565 0 0 1 "Stealing"
0 182 78 239 199 566 0 0 1 "Stealing"
0 182 78 239 199 567 0 0 1 "Stealing"
0 182 78 239 199 568 0 0 1 "Stealing"
0 182 78 239 199 569 0 0 1 "Stealing"
0 182 78 239 199 570 0 0 1 "Stealing"
0 182 79 239 200 571 0 0 1 "Stealing"
0 181 79 238 200 572 0 0 1 "Stealing"
0 181 79 238 200 573 0 0 1 "Stealing"
0 181 79 238 200 574 0 0 1 "Stealing"
0 181 79 238 200 575 0 0 1 "Stealing"
0 181 79 238 200 576 0 0 1 "Stealing"
0 181 79 238 200 577 0 0 1 "Stealing"
0 181 79 238 200 578 0 0 1 "Stealing"
0 181 79 238 200 579 0 0 1 "Stealing"
0 181 79 238 200 580 0 0 1 "Stealing"
0 181 79 238 200 581 0 0 1 "Stealing"
0 181 79 238 200 582 0 0 1 "Stealing"
0 181 79 238 200 583 0 0 1 "Stealing"
0 181 79 238 200 584 0 0 1 "Stealing"
0 181 79 238 200 585 0 0 1 "Stealing"
0 181 79 238 200 586 0 0 1 "Stealing"
0 181 79 238 200 587 0 0 1 "Stealing"
0 181 79 238 200 588 0 0 1 "Stealing"
0 181 79 238 200 589 0 0 1 "Stealing"
0 181 79 238 200 590 0 0 1 "Stealing"
0 181 79 238 200 591 0 0 1 "Stealing"
0 181 79 238 200 592 0 0 1 "Stealing"
0 181 79 238 200 593 0 0 1 "Stealing"
0 181 79 238 200 594 0 0 1 "Stealing"
0 181 79 238 200 595 0 0 1 "Stealing"
0 181 79 238 200 596 0 0 1 "Stealing"
0 181 79 238 200 597 0 0 1 "Stealing"
0 181 79 238 200 598 0 0 1 "Stealing"
0 181 79 238 200 599 0 0 1 "Stealing"
0 181 79 238 200 600 0 0 1 "Stealing"
0 181 79 238 200 601 0 0 1 "Stealing"
0 181 79 238 200 602 0 0 1 "Stealing"
0 181 79 238 200 603 0 0 1 "Stealing"
0 181 79 238 200 604 0 0 1 "Stealing"
0 181 79 238 200 605 0 0 1 "Stealing"
0 181 79 238 200 606 0 0 1 "Stealing"
0 181 79 238 200 607 0 0 1 "Stealing"
0 181 79 238 200 608 0 0 1 "Stealing"
0 181 79 238 200 609 0 0 1 "Stealing"
0 181 79 238 200 610 0 0 1 "Stealing"
0 181 80 238 201 611 0 0 1 "Stealing"
0 180 80 237 201 612 0 0 1 "Stealing"
0 180 80 237 201 613 0 0 1 "Stealing"
0 180 80 237 201 614 0 0 1 "Stealing"
0 180 80 237 201 615 0 0 1 "Stealing"
0 180 80 237 201 616 0 0 1 "Stealing"
0 180 80 237 201 617 0 0 1 "Stealing"
0 180 80 237 201 618 0 0 1 "Stealing"
0 180 80 237 201 619 0 0 1 "Stealing"
0 180 80 237 201 620 0 0 1 "Stealing"
0 180 80 237 201 621 0 0 1 "Stealing"
0 180 80 237 201 622 0 0 1 "Stealing"
0 180 80 237 201 623 0 0 1 "Stealing"
0 180 80 237 201 624 0 0 1 "Stealing"
0 180 80 237 201 625 0 0 1 "Stealing"
0 180 80 237 201 626 0 0 1 "Stealing"
0 180 80 237 201 627 0 0 1 "Stealing"
0 180 80 237 201 628 0 0 1 "Stealing"
0 180 80 237 201 629 0 0 1 "Stealing"
0 180 80 237 201 630 0 0 1 "Stealing"
0 180 80 237 201 631 0 0 1 "Stealing"
0 180 80 237 201 632 0 0 1 "Stealing"
0 180 80 237 201 633 0 0 1 "Stealing"
0 180 80 237 201 634 0 0 1 "Stealing"
0 180 80 237 201 635 0 0 1 "Stealing"
0 180 80 237 201 636 0 0 1 "Stealing"
0 180 80 237 201 637 0 0 1 "Stealing"
0 180 80 237 201 638 0 0 1 "Stealing"
0 180 80 237 201 639 0 0 1 "Stealing"
0 180 80 237 201 640 0 0 1 "Stealing"
0 180 80 237 201 641 0 0 1 "Stealing"
0 180 80 237 201 642 0 0 1 "Stealing"
0 180 80 237 201 643 0 0 1 "Stealing"
0 180 80 237 201 644 0 0 1 "Stealing"
0 180 80 237 201 645 0 0 1 "Stealing"
0 180 80 237 201 646 0 0 1 "Stealing"
0 180 80 237 201 647 0 0 1 "Stealing"
0 180 80 237 201 648 0 0 1 "Stealing"
0 180 80 237 201 649 0 0 1 "Stealing"
0 180 80 237 201 650 0 0 1 "Stealing"
0 180 81 237 202 651 0 0 0 "Stealing"
0 180 81 236 202 652 0 0 1 "Stealing"
0 180 81 236 202 653 0 0 1 "Stealing"
0 180 81 236 202 654 0 0 1 "Stealing"
0 180 81 236 202 655 0 0 1 "Stealing"
0 180 81 236 202 656 0 0 1 "Stealing"
0 180 81 235 202 657 0 0 1 "Stealing"
0 180 81 235 202 658 0 0 1 "Stealing"
0 180 81 235 202 659 0 0 1 "Stealing"
0 180 81 235 202 660 0 0 1 "Stealing"
0 180 81 235 202 661 0 0 1 "Stealing"
0 180 81 234 202 662 0 0 1 "Stealing"
0 180 81 234 202 663 0 0 1 "Stealing"
0 180 81 234 202 664 0 0 1 "Stealing"
0 180 81 234 202 665 0 0 1 "Stealing"
0 180 81 234 202 666 0 0 1 "Stealing"
0 180 81 233 202 667 0 0 1 "Stealing"
0 180 81 233 202 668 0 0 1 "Stealing"
0 180 81 233 202 669 0 0 1 "Stealing"
0 180 81 233 202 670 0 0 1 "Stealing"
0 180 82 233 202 671 0 0 0 "Stealing"
0 179 81 232 201 672 0 0 1 "Stealing"
0 179 81 232 201 673 0 0 1 "Stealing"
0 179 81 232 201 674 0 0 1 "Stealing"
0 179 81 232 201 675 0 0 1 "Stealing"
0 179 81 232 201 676 0 0 1 "Stealing"
0 179 81 232 201 677 0 0 1 "Stealing"
0 179 81 232 201 678 0 0 1 "Stealing"
0 179 81 232 201 679 0 0 1 "Stealing"
0 179 81 232 201 680 0 0 1 "Stealing"
0 179 81 232 201 681 0 0 0 "Stealing"
0 178 81 231 201 682 0 0 1 "Stealing"
0 178 81 231 201 683 0 0 1 "Stealing"
0 178 81 231 201 684 0 0 1 "Stealing"
0 177 81 230 201 685 0 0 1 "Stealing"
0 177 81 230 201 686 0 0 1 "Stealing"
0 177 81 230 201 687 0 0 1 "Stealing"
0 176 81 229 201 688 0 0 1 "Stealing"
0 176 81 229 201 689 0 0 1 "Stealing"
0 176 81 229 201 690 0 0 1 "Stealing"
0 176 81 229 201 691 0 0 0 "Stealing"
0 176 80 230 200 692 0 0 1 "Stealing"
0 176 80 231 200 693 0 0 1 "Stealing"
0 176 80 232 200 694 0 0 1 "Stealing"
0 176 80 233 199 695 0 0 1 "Stealing"
0 176 80 235 199 696 0 0 1 "Stealing"
0 176 79 236 199 697 0 0 1 "Stealing"
0 176 79 237 198 698 0 0 1 "Stealing"
0 176 79 238 198 699 0 0 1 "Stealing"
0 176 79 239 198 700 0 0 1 "Stealing"
0 177 79 241 198 701 0 0 0 "Stealing"
0 177 78 241 197 702 0 0 1 "Stealing"
0 177 77 241 196 703 0 0 1 "Stealing"
0 177 76 241 195 704 0 0 1 "Stealing"
0 177 75 241 194 705 0 0 1 "Stealing"
0 177 74 241 193 706 0 0 1 "Stealing"
0 177 73 241 192 707 0 0 1 "Stealing"
0 177 72 241 191 708 0 0 1 "Stealing"
0 177 71 241 190 709 0 0 1 "Stealing"
0 177 70 241 189 710 0 0 1 "Stealing"
0 177 70 241 189 711 0 0 0 "Stealing"
0 177 68 241 187 712 0 0 1 "Stealing"
0 177 66 241 185 713 0 0 1 "Stealing"
0 178 64 242 183 714 0 0 1 "Stealing"
0 178 62 242 181 715 0 0 1 "Stealing"
0 179 60 243 179 716 0 0 1 "Stealing"
0 179 58 243 177 717 0 0 1 "Stealing"
0 179 56 243 175 718 0 0 1 "Stealing"
0 180 54 244 173 719 0 0 1 "Stealing"
0 180 52 244 171 720 0 0 1 "Stealing"
0 181 50 245 169 721 0 0 0 "Stealing"
0 181 51 248 167 722 0 0 1 "Stealing"
0 181 52 251 166 723 0 0 1 "Stealing"
0 181 53 255 165 724 0 0 1 "Stealing"
0 181 54 258 164 725 0 0 1 "Stealing"
0 181 55 262 163 726 0 0 1 "Stealing"
0 181 56 265 162 727 0 0 1 "Stealing"
0 182 58 269 161 728 0 0 1 "Stealing"
0 182 59 272 160 729 0 0 1 "Stealing"
0 182 60 275 159 730 0 0 1 "Stealing"
0 182 61 279 158 731 0 0 1 "Stealing"
0 182 62 282 157 732 0 0 1 "Stealing"
0 182 63 286 156 733 0 0 1 "Stealing"
0 182 64 289 155 734 0 0 1 "Stealing"
0 183 66 293 154 735 0 0 0 "Stealing"
0 183 66 293 154 736 0 0 1 "Stealing"
0 183 66 293 154 737 0 0 1 "Stealing"
0 183 66 293 154 738 0 0 1 "Stealing"
0 183 66 293 154 739 0 0 1 "Stealing"
0 183 66 293 154 740 0 0 1 "Stealing"
0 183 66 293 154 741 0 0 1 "Stealing"
0 184 66 293 154 742 0 0 1 "Stealing"
0 184 66 293 154 743 0 0 1 "Stealing"
0 184 66 293 154 744 0 0 1 "Stealing"
0 184 66 293 154 745 0 0 1 "Stealing"
0 184 66 293 154 746 0 0 1 "Stealing"
0 184 67 293 154 747 0 0 1 "Stealing"
0 184 67 293 154 748 0 0 1 "Stealing"
0 185 67 293 154 749 0 0 1 "Stealing"
0 185 67 293 154 750 0 0 1 "Stealing"
0 185 67 293 154 751 0 0 1 "Stealing"
0 185 67 293 155 752 0 0 1 "Stealing"
0 185 67 293 155 753 0 0 1 "Stealing"
0 185 67 293 155 754 0 0 1 "Stealing"
0 185 67 293 155 755 0 0 1 "Stealing"
0 186 67 293 155 756 0 0 1 "Stealing"
0 186 67 293 155 757 0 0 1 "Stealing"
0 186 67 293 155 758 0 0 1 "Stealing"
0 186 68 293 155 759 0 0 1 "Stealing"
0 186 68 293 155 760 0 0 1 "Stealing"
0 186 68 293 155 761 0 0 1 "Stealing"
0 186 68 293 155 762 0 0 1 "Stealing"
0 187 68 294 155 763 0 0 1 "Stealing"
0 187 68 294 155 764 0 0 1 "Stealing"
0 187 68 294 155 765 0 0 1 "Stealing"
0 187 68 294 155 766 0 0 1 "Stealing"
0 187 68 294 155 767 0 0 1 "Stealing"
0 187 68 294 155 768 0 0 1 "Stealing"
0 187 68 294 156 769 0 0 1 "Stealing"
0 188 68 294 156 770 0 0 1 "Stealing"
0 188 69 294 156 771 0 0 1 "Stealing"
0 188 69 294 156 772 0 0 1 "Stealing"
0 188 69 294 156 773 0 0 1 "Stealing"
0 188 69 294 156 774 0 0 1 "Stealing"
0 188 69 294 156 775 0 0 1 "Stealing"
0 188 69 294 156 776 0 0 1 "Stealing"
0 189 69 294 156 777 0 0 1 "Stealing"
0 189 69 294 156 778 0 0 1 "Stealing"
0 189 69 294 156 779 0 0 1 "Stealing"
0 189 69 294 156 780 0 0 1 "Stealing"
0 189 69 294 156 781 0 0 1 "Stealing"
0 189 69 294 156 782 0 0 1 "Stealing"
0 189 70 294 156 783 0 0 1 "Stealing"
0 190 70 294 156 784 0 0 1 "Stealing"
0 190 70 294 156 785 0 0 1 "Stealing"
0 190 70 294 157 786 0 0 1 "Stealing"
0 190 70 294 157 787 0 0 1 "Stealing"
0 190 70 294 157 788 0 0 1 "Stealing"
0 190 70 294 157 789 0 0 1 "Stealing"
0 190 70 294 157 790 0 0 1 "Stealing"
0 191 70 295 157 791 0 0 1 "Stealing"
0 191 70 295 157 792 0 0 1 "Stealing"
0 191 70 295 157 793 0 0 1 "Stealing"
0 191 70 295 157 794 0 0 1 "Stealing"
0 191 71 295 157 795 0 0 1 "Stealing"
0 191 71 295 157 796 0 0 1 "Stealing"
0 191 71 295 157 797 0 0 1 "Stealing"
0 192 71 295 157 798 0 0 1 "Stealing"
0 192 71 295 157 799 0 0 1 "Stealing"
0 192 71 295 157 800 0 0 1 "Stealing"
0 192 71 295 157 801 0 0 1 "Stealing"
0 192 71 295 157 802 0 0 1 "Stealing"
0 192 71 295 158 803 0 0 1 "Stealing"
0 192 71 295 158 804 0 0 1 "Stealing"
0 193 71 295 158 805 0 0 1 "Stealing"
0 193 71 295 158 806 0 0 1 "Stealing"
0 193 72 295 158 807 0 0 1 "Stealing"
0 193 72 295 158 808 0 0 1 "Stealing"
0 193 72 295 158 809 0 0 1 "Stealing"
0 193 72 295 158 810 0 0 1 "Stealing"
0 193 72 295 158 811 0 0 1 "Stealing"
0 194 72 295 158 812 0 0 1 "Stealing"
0 194 72 295 158 813 0 0 1 "Stealing"
0 194 72 295 158 814 0 0 1 "Stealing"
0 194 72 295 158 815 0 0 1 "Stealing"
0 194 72 295 158 816 0 0 1 "Stealing"
0 194 72 295 158 817 0 0 1 "Stealing"
0 194 72 295 158 818 0 0 1 "Stealing"
0 195 73 296 159 819 0 0 0 "Stealing"
0 193 72 293 159 820 0 0 1 "Stealing"
0 192 71 291 159 821 0 0 1 "Stealing"
0 191 70 289 159 822 0 0 1 "Stealing"
0 190 69 286 159 823 0 0 1 "Stealing"
0 189 69 284 159 824 0 0 1 "Stealing"
0 187 68 282 159 825 0 0 1 "Stealing"
0 186 67 279 159 826 0 0 1 "Stealing"
0 185 66 277 159 827 0 0 1 "Stealing"
0 184 66 275 159 828 0 0 1 "Stealing"
0 183 65 272 159 829 0 0 1 "Stealing"
0 182 64 270 159 830 0 0 1 "Stealing"
0 180 63 268 159 831 0 0 1 "Stealing"
0 179 62 265 159 832 0 0 1 "Stealing"
0 178 62 263 159 833 0 0 1 "Stealing"
0 177 61 261 159 834 0 0 1 "Stealing"
0 176 60 258 159 835 0 0 1 "Stealing"
0 174 59 256 159 836 0 0 1 "Stealing"
0 173 59 254 159 837 0 0 1 "Stealing"
0 172 58 251 159 838 0 0 1 "Stealing"
0 171 57 249 159 839 0 0 1 "Stealing"
0 170 56 247 159 840 0 0 1 "Stealing"
0 169 56 245 160 841 0 0 0 "Stealing"
0 166 57 242 161 842 0 0 1 "Stealing"
0 164 59 240 163 843 0 0 1 "Stealing"
0 162 61 238 165 844 0 0 1 "Stealing"
0 159 63 235 167 845 0 0 1 "Stealing"
0 157 65 233 169 846 0 0 1 "Stealing"
0 155 67 231 171 847 0 0 1 "Stealing"
0 152 69 228 173 848 0 0 1 "Stealing"
0 150 71 226 175 849 0 0 1 "Stealing"
0 148 73 224 177 850 0 0 1 "Stealing"
0 146 75 222 179 851 0 0 0 "Stealing"
0 145 75 219 179 852 0 0 1 "Stealing"
0 144 75 217 179 853 0 0 1 "Stealing"
0 143 75 215 179 854 0 0 1 "Stealing"
0 143 75 213 179 855 0 0 1 "Stealing"
0 142 76 211 179 856 0 0 1 "Stealing"
0 141 76 208 179 857 0 0 1 "Stealing"
0 141 76 206 179 858 0 0 1 "Stealing"
0 140 76 204 179 859 0 0 1 "Stealing"
0 139 76 202 179 860 0 0 1 "Stealing"
0 139 77 200 180 861 0 0 0 "Stealing"
0 138 76 199 181 862 0 0 1 "Stealing"
0 137 76 198 182 863 0 0 1 "Stealing"
0 136 76 197 183 864 0 0 1 "Stealing"
0 136 75 196 184 865 0 0 1 "Stealing"
0 135 75 196 186 866 0 0 1 "Stealing"
0 134 75 195 187 867 0 0 1 "Stealing"
0 134 74 194 188 868 0 0 1 "Stealing"
0 133 74 193 189 869 0 0 1 "Stealing"
0 132 74 192 190 870 0 0 1 "Stealing"
0 132 74 192 192 871 0 0 0 "Stealing"
0 132 74 192 192 872 0 0 1 "Stealing"
0 133 74 193 192 873 0 0 1 "Stealing"
0 134 74 194 192 874 0 0 1 "Stealing"
0 134 74 194 192 875 0 0 1 "Stealing"
0 135 74 195 192 876 0 0 1 "Stealing"
0 136 74 196 192 877 0 0 1 "Stealing"
0 136 74 196 192 878 0 0 1 "Stealing"
0 137 74 197 192 879 0 0 1 "Stealing"
0 138 74 198 192 880 0 0 1 "Stealing"
0 139 74 199 192 881 0 0 0 "Stealing"
0 139 74 201 192 882 0 0 1 "Stealing"
0 139 74 203 192 883 0 0 1 "Stealing"
0 139 74 205 192 884 0 0 1 "Stealing"
0 139 75 207 192 885 0 0 1 "Stealing"
0 140 75 210 193 886 0 0 1 "Stealing"
0 140 75 212 193 887 0 0 1 "Stealing"
0 140 76 214 193 888 0 0 1 "Stealing"
0 140 76 216 193 889 0 0 1 "Stealing"
0 140 76 218 193 890 0 0 1 "Stealing"
0 141 77 221 194 891 0 0 0 "Stealing"
0 142 76 220 193 892 0 0 1 "Stealing"
0 143 76 220 193 893 0 0 1 "Stealing"
0 144 76 220 192 894 0 0 1 "Stealing"
0 146 75 219 192 895 0 0 1 "Stealing"
0 147 75 219 192 896 0 0 1 "Stealing"
0 148 75 219 191 897 0 0 1 "Stealing"
0 150 74 218 191 898 0 0 1 "Stealing"
0 151 74 218 190 899 0 0 1 "Stealing"
0 152 74 218 190 900 0 0 1 "Stealing"
0 154 74 218 190 901 0 0 0 "Stealing"
0 154 74 217 188 902 0 0 1 "Stealing"
0 154 74 217 186 903 0 0 1 "Stealing"
0 154 74 217 184 904 0 0 1 "Stealing"
0 154 74 217 182 905 0 0 1 "Stealing"
0 154 74 217 180 906 0 0 1 "Stealing"
0 154 74 217 178 907 0 0 1 "Stealing"
0 154 74 217 176 908 0 0 1 "Stealing"
0 154 74 217 174 909 0 0 1 "Stealing"
0 154 74 217 172 910 0 0 1 "Stealing"
0 154 74 217 171 911 0 0 0 "Stealing"
0 154 72 217 168 912 0 0 1 "Stealing"
0 155 70 218 165 913 0 0 1 "Stealing"
0 155 68 218 162 914 0 0 1 "Stealing"
0 156 67 219 160 915 0 0 1 "Stealing"
0 157 65 219 157 916 0 0 1 "Stealing"
0 157 63 220 154 917 0 0 1 "Stealing"
0 158 62 220 152 918 0 0 1 "Stealing"
0 158 60 221 149 919 0 0 1 "Stealing"
0 159 58 221 146 920 0 0 1 "Stealing"
0 160 57 222 144 921 0 0 0 "Stealing"
0 160 56 221 142 922 0 0 1 "Stealing"
0 160 55 220 140 923 0 0 1 "Stealing"
0 161 55 219 138 924 0 0 1 "Stealing"
0 161 54 218 136 925 0 0 1 "Stealing"
0 162 54 217 135 926 0 0 1 "Stealing"
0 162 53 216 133 927 0 0 1 "Stealing"
0 162 52 215 131 928 0 0 1 "Stealing"
0 163 52 214 129 929 0 0 1 "Stealing"
0 163 51 213 127 930 0 0 1 "Stealing"
0 164 51 213 126 931 0 0 0 "Stealing"
0 164 50 213 124 932 0 0 1 "Stealing"
0 165 50 214 122 933 0 0 1 "Stealing"
0 165 50 214 120 934 0 0 1 "Stealing"
0 166 49 215 118 935 0 0 1 "Stealing"
0 167 49 215 116 936 0 0 1 "Stealing"
0 167 49 216 114 937 0 0 1 "Stealing"
0 168 48 216 112 938 0 0 1 "Stealing"
0 168 48 217 110 939 0 0 1 "Stealing"
0 169 48 217 108 940 0 0 1 "Stealing"
0 170 48 218 107 941 0 0 0 "Stealing"
0 171 47 219 106 942 0 0 1 "Stealing"
0 172 46 220 105 943 0 0 1 "Stealing"
0 174 45 222 104 944 0 0 1 "Stealing"
0 175 45 223 104 945 0 0 1 "Stealing"
0 177 44 225 103 946 0 0 1 "Stealing"
0 178 43 226 102 947 0 0 1 "Stealing"
0 179 43 227 102 948 0 0 1 "Stealing"
0 181 42 229 101 949 0 0 1 "Stealing"
0 182 41 230 100 950 0 0 1 "Stealing"
0 184 41 232 100 951 1 0 0 "Stealing"
0 184 41 232 100 952 1 0 1 "Stealing"
0 184 41 232 100 953 1 0 1 "Stealing"
0 184 41 232 100 954 1 0 1 "Stealing"
0 185 41 233 100 955 1 0 0 "Stealing"
0 185 41 233 100 956 1 0 1 "Stealing"
0 185 41 233 100 957 1 0 1 "Stealing"
0 185 41 233 100 958 1 0 1 "Stealing"
0 185 41 233 100 959 1 0 1 "Stealing"
0 185 41 233 100 960 1 0 1 "Stealing"
0 185 41 233 100 961 1 0 1 "Stealing"
0 185 41 233 100 962 1 0 1 "Stealing"
0 185 41 233 100 963 1 0 1 "Stealing"
0 185 41 233 100 964 1 0 1 "Stealing"
0 185 41 233 100 965 1 0 1 "Stealing"
0 185 41 233 100 966 1 0 1 "Stealing"
0 185 41 233 100 967 1 0 1 "Stealing"
0 185 41 233 100 968 1 0 1 "Stealing"
0 185 41 233 100 969 1 0 1 "Stealing"
0 185 41 233 100 970 1 0 1 "Stealing"
0 185 41 233 100 971 1 0 1 "Stealing"
0 185 41 233 100 972 1 0 1 "Stealing"
0 185 41 233 100 973 1 0 1 "Stealing"
0 185 41 233 100 974 1 0 1 "Stealing"
0 185 41 233 100 975 1 0 1 "Stealing"
0 185 41 233 100 976 1 0 1 "Stealing"
0 185 41 233 100 977 1 0 1 "Stealing"
0 185 41 233 100 978 1 0 1 "Stealing"
0 185 41 233 100 979 1 0 1 "Stealing"
0 185 41 233 100 980 1 0 1 "Stealing"
0 185 41 233 100 981 1 0 1 "Stealing"
0 185 41 233 100 982 1 0 1 "Stealing"
0 185 41 233 100 983 1 0 1 "Stealing"
0 185 41 233 100 984 1 0 1 "Stealing"
0 185 41 233 100 985 1 0 1 "Stealing"
0 185 41 233 100 986 1 0 1 "Stealing"
0 185 41 233 100 987 1 0 1 "Stealing"
0 185 41 233 100 988 1 0 1 "Stealing"
0 185 41 233 100 989 1 0 1 "Stealing"
0 185 41 233 100 990 1 0 1 "Stealing"
0 185 41 233 100 991 1 0 1 "Stealing"
0 185 41 233 100 992 1 0 1 "Stealing"
0 185 41 233 100 993 1 0 1 "Stealing"
0 185 41 233 100 994 1 0 1 "Stealing"
0 185 41 233 100 995 1 0 1 "Stealing"
0 185 41 233 100 996 1 0 1 "Stealing"
0 185 41 233 100 997 1 0 1 "Stealing"
0 185 41 233 100 998 1 0 1 "Stealing"
0 185 41 233 100 999 1 0 1 "Stealing"
0 185 41 233 100 1000 1 0 1 "Stealing"
0 185 41 233 100 1001 1 0 1 "Stealing"
0 185 41 233 100 1002 1 0 1 "Stealing"
0 185 41 233 100 1003 1 0 1 "Stealing"
0 185 41 233 100 1004 1 0 1 "Stealing"
0 185 41 233 100 1005 1 0 1 "Stealing"
0 185 41 233 100 1006 1 0 1 "Stealing"
0 185 41 233 100 1007 1 0 1 "Stealing"
0 185 41 233 100 1008 1 0 1 "Stealing"
0 185 41 233 100 1009 1 0 1 "Stealing"
0 185 41 233 100 1010 1 0 1 "Stealing"
0 185 41 233 100 1011 1 0 1 "Stealing"
0 185 41 233 100 1012 1 0 1 "Stealing"
0 185 41 233 100 1013 1 0 1 "Stealing"
0 185 41 233 100 1014 1 0 1 "Stealing"
0 185 41 233 100 1015 1 0 1 "Stealing"
0 185 41 233 100 1016 1 0 1 "Stealing"
0 185 41 233 100 1017 1 0 1 "Stealing"
0 185 41 233 100 1018 1 0 1 "Stealing"
0 185 41 233 100 1019 1 0 1 "Stealing"
0 185 41 233 100 1020 1 0 1 "Stealing"
0 185 41 233 100 1021 1 0 1 "Stealing"
0 185 41 233 100 1022 1 0 1 "Stealing"
0 185 41 233 100 1023 1 0 1 "Stealing"
0 185 41 233 100 1024 1 0 1 "Stealing"
0 185 41 233 100 1025 1 0 1 "Stealing"
0 185 41 233 100 1026 1 0 1 "Stealing"
0 185 41 233 100 1027 1 0 1 "Stealing"
0 185 41 233 100 1028 1 0 1 "Stealing"
0 185 41 233 100 1029 1 0 1 "Stealing"
0 185 41 233 100 1030 1 0 1 "Stealing"
0 185 41 233 100 1031 1 0 1 "Stealing"
0 185 41 233 100 1032 1 0 1 "Stealing"
0 185 41 233 100 1033 1 0 1 "Stealing"
0 185 41 233 100 1034 1 0 1 "Stealing"
0 185 41 233 100 1035 1 0 1 "Stealing"
0 185 41 233 100 1036 1 0 1 "Stealing"
0 185 41 233 100 1037 1 0 1 "Stealing"
0 185 41 233 100 1038 1 0 1 "Stealing"
0 185 41 233 100 1039 1 0 1 "Stealing"
0 185 41 233 100 1040 1 0 1 "Stealing"
0 185 41 233 100 1041 1 0 1 "Stealing"
0 185 41 233 100 1042 1 0 1 "Stealing"
0 185 41 233 100 1043 1 0 1 "Stealing"
0 185 41 233 100 1044 1 0 1 "Stealing"
0 185 41 233 100 1045 1 0 1 "Stealing"
0 185 41 233 100 1046 1 0 1 "Stealing"
0 185 41 233 100 1047 1 0 1 "Stealing"
0 185 41 233 100 1048 1 0 1 "Stealing"
0 185 41 233 100 1049 1 0 1 "Stealing"
0 185 41 233 100 1050 1 0 1 "Stealing"
0 185 41 233 100 1051 1 0 1 "Stealing"
0 185 41 233 100 1052 1 0 1 "Stealing"
0 185 41 233 100 1053 1 0 1 "Stealing"
0 185 41 233 100 1054 1 0 1 "Stealing"
0 185 41 233 100 1055 1 0 1 "Stealing"
0 185 41 233 100 1056 1 0 1 "Stealing"
0 185 41 233 100 1057 1 0 1 "Stealing"
0 185 41 233 100 1058 1 0 1 "Stealing"
0 185 41 233 100 1059 1 0 1 "Stealing"
0 185 41 233 100 1060 1 0 1 "Stealing"
0 185 41 233 100 1061 1 0 1 "Stealing"
0 185 41 233 100 1062 1 0 1 "Stealing"
0 185 41 233 100 1063 1 0 1 "Stealing"
0 185 41 233 100 1064 1 0 1 "Stealing"
0 185 41 233 100 1065 1 0 1 "Stealing"
0 185 41 233 100 1066 1 0 1 "Stealing"
0 185 41 233 100 1067 1 0 1 "Stealing"
0 185 41 233 100 1068 1 0 1 "Stealing"
0 185 41 233 100 1069 1 0 1 "Stealing"
0 185 41 233 100 1070 1 0 1 "Stealing"
0 185 41 233 100 1071 1 0 1 "Stealing"
0 185 41 233 100 1072 1 0 1 "Stealing"
0 185 41 233 100 1073 1 0 1 "Stealing"
0 185 41 233 100 1074 1 0 1 "Stealing"
0 185 41 233 100 1075 1 0 1 "Stealing"
0 185 41 233 100 1076 1 0 1 "Stealing"
0 185 41 233 100 1077 1 0 1 "Stealing"
0 185 41 233 100 1078 1 0 1 "Stealing"
0 185 41 233 100 1079 1 0 1 "Stealing"
0 185 41 233 100 1080 1 0 1 "Stealing"
0 185 41 233 100 1081 1 0 1 "Stealing"
0 185 41 233 100 1082 1 0 1 "Stealing"
0 185 41 233 100 1083 1 0 1 "Stealing"
0 185 41 233 100 1084 1 0 1 "Stealing"
0 185 41 233 100 1085 1 0 1 "Stealing"
0 185 41 233 100 1086 1 0 1 "Stealing"
0 185 41 233 100 1087 1 0 1 "Stealing"
0 185 41 233 100 1088 1 0 1 "Stealing"
0 185 41 233 100 1089 1 0 1 "Stealing"
0 185 41 233 100 1090 1 0 1 "Stealing"
0 185 41 233 100 1091 1 0 1 "Stealing"
0 185 41 233 100 1092 1 0 1 "Stealing"
0 185 41 233 100 1093 1 0 1 "Stealing"
0 185 41 233 100 1094 1 0 1 "Stealing"
0 185 41 233 100 1095 1 0 1 "Stealing"
0 185 41 233 100 1096 1 0 1 "Stealing"
0 185 41 233 100 1097 1 0 1 "Stealing"
0 185 41 233 100 1098 1 0 1 "Stealing"
0 185 41 233 100 1099 1 0 1 "Stealing"
0 185 41 233 100 1100 1 0 1 "Stealing"
0 185 41 233 100 1101 1 0 1 "Stealing"
0 185 41 233 100 1102 1 0 1 "Stealing"
0 185 41 233 100 1103 1 0 1 "Stealing"
0 185 41 233 100 1104 1 0 1 "Stealing"
0 185 41 233 100 1105 1 0 1 "Stealing"
0 185 41 233 100 1106 1 0 1 "Stealing"
0 185 41 233 100 1107 1 0 1 "Stealing"
0 185 41 233 100 1108 1 0 1 "Stealing"
0 185 41 233 100 1109 1 0 1 "Stealing"
0 185 41 233 100 1110 1 0 1 "Stealing"
0 185 41 233 100 1111 1 0 1 "Stealing"
0 185 41 233 100 1112 1 0 1 "Stealing"
0 185 41 233 100 1113 1 0 1 "Stealing"
0 185 41 233 100 1114 1 0 1 "Stealing"
0 185 41 233 100 1115 1 0 1 "Stealing"
0 185 41 233 100 1116 1 0 1 "Stealing"
0 185 41 233 100 1117 1 0 1 "Stealing"
0 185 41 233 100 1118 1 0 1 "Stealing"
0 185 41 233 100 1119 1 0 1 "Stealing"
0 185 41 233 100 1120 1 0 1 "Stealing"
0 185 41 233 100 1121 1 0 1 "Stealing"
0 185 41 233 100 1122 1 0 1 "Stealing"
0 185 41 233 100 1123 1 0 1 "Stealing"
0 185 41 233 100 1124 1 0 1 "Stealing"
0 185 41 233 100 1125 1 0 1 "Stealing"
0 185 41 233 100 1126 1 0 1 "Stealing"
0 185 41 233 100 1127 1 0 1 "Stealing"
0 185 41 233 100 1128 1 0 1 "Stealing"
0 185 41 233 100 1129 1 0 1 "Stealing"
0 185 41 233 100 1130 1 0 1 "Stealing"
0 185 41 233 100 1131 1 0 1 "Stealing"
0 185 41 233 100 1132 1 0 1 "Stealing"
0 185 41 233 100 1133 1 0 1 "Stealing"
0 185 41 233 100 1134 1 0 1 "Stealing"
0 185 41 233 100 1135 1 0 1 "Stealing"
0 185 41 233 100 1136 1 0 1 "Stealing"
0 185 41 233 100 1137 1 0 1 "Stealing"
0 185 41 233 100 1138 1 0 1 "Stealing"
0 185 41 233 100 1139 1 0 1 "Stealing"
0 185 41 233 100 1140 1 0 1 "Stealing"
0 185 41 233 100 1141 1 0 1 "Stealing"
0 185 41 233 100 1142 1 0 1 "Stealing"
0 185 41 233 100 1143 1 0 1 "Stealing"
0 185 41 233 100 1144 1 0 1 "Stealing"
0 185 41 233 100 1145 1 0 1 "Stealing"
0 185 41 233 100 1146 1 0 1 "Stealing"
0 185 41 233 100 1147 1 0 1 "Stealing"
0 185 41 233 100 1148 1 0 1 "Stealing"
0 185 41 233 100 1149 1 0 1 "Stealing"
0 185 41 233 100 1150 1 0 1 "Stealing"
0 185 41 233 100 1151 1 0 1 "Stealing"
0 185 41 233 100 1152 1 0 1 "Stealing"
0 185 41 233 100 1153 1 0 1 "Stealing"
0 185 41 233 100 1154 1 0 1 "Stealing"
0 185 41 233 100 1155 1 0 1 "Stealing"
0 185 41 233 100 1156 1 0 1 "Stealing"
0 185 41 233 100 1157 1 0 1 "Stealing"
0 185 41 233 100 1158 1 0 1 "Stealing"
0 185 41 233 100 1159 1 0 1 "Stealing"
0 185 41 233 100 1160 1 0 1 "Stealing"
0 185 41 233 100 1161 1 0 1 "Stealing"
0 185 41 233 100 1162 1 0 1 "Stealing"
0 185 41 233 100 1163 1 0 1 "Stealing"
0 185 41 233 100 1164 1 0 1 "Stealing"
0 185 41 233 100 1165 1 0 1 "Stealing"
0 185 41 233 100 1166 1 0 1 "Stealing"
0 185 41 233 100 1167 1 0 1 "Stealing"
0 185 41 233 100 1168 1 0 1 "Stealing"
0 185 41 233 100 1169 1 0 1 "Stealing"
0 185 41 233 100 1170 1 0 1 "Stealing"
0 185 41 233 100 1171 1 0 1 "Stealing"
0 185 41 233 100 1172 1 0 1 "Stealing"
0 185 41 233 100 1173 1 0 1 "Stealing"
0 185 41 233 100 1174 1 0 1 "Stealing"
0 185 41 233 100 1175 1 0 1 "Stealing"
0 185 41 233 100 1176 1 0 1 "Stealing"
0 185 41 233 100 1177 1 0 1 "Stealing"
0 185 41 233 100 1178 1 0 1 "Stealing"
0 185 41 233 100 1179 1 0 1 "Stealing"
0 185 41 233 100 1180 1 0 1 "Stealing"
0 185 41 233 100 1181 1 0 1 "Stealing"
0 185 41 233 100 1182 1 0 1 "Stealing"
0 185 41 233 100 1183 1 0 1 "Stealing"
0 185 41 233 100 1184 1 0 1 "Stealing"
0 185 41 233 100 1185 1 0 1 "Stealing"
0 185 41 233 100 1186 1 0 1 "Stealing"
0 185 41 233 100 1187 1 0 1 "Stealing"
0 185 41 233 100 1188 1 0 1 "Stealing"
0 185 41 233 100 1189 1 0 1 "Stealing"
0 185 41 233 100 1190 1 0 1 "Stealing"
0 185 41 233 100 1191 1 0 1 "Stealing"
0 185 41 233 100 1192 1 0 1 "Stealing"
0 185 41 233 100 1193 1 0 1 "Stealing"
0 185 41 233 100 1194 1 0 1 "Stealing"
0 185 41 233 100 1195 1 0 1 "Stealing"
0 185 41 233 100 1196 1 0 1 "Stealing"
0 185 41 233 100 1197 1 0 1 "Stealing"
0 185 41 233 100 1198 1 0 1 "Stealing"
0 185 41 233 100 1199 1 0 1 "Stealing"
0 185 41 233 100 1200 1 0 1 "Stealing"
0 185 41 233 100 1201 1 0 1 "Stealing"
0 185 41 233 100 1202 1 0 1 "Stealing"
0 185 41 233 100 1203 1 0 1 "Stealing"
0 185 41 233 100 1204 1 0 1 "Stealing"
0 185 41 233 100 1205 1 0 1 "Stealing"
0 185 41 233 100 1206 1 0 1 "Stealing"
0 185 41 233 100 1207 1 0 1 "Stealing"
0 185 41 233 100 1208 1 0 1 "Stealing"
0 185 41 233 100 1209 1 0 1 "Stealing"
0 185 41 233 100 1210 1 0 1 "Stealing"
0 185 41 233 100 1211 1 0 1 "Stealing"
0 185 41 233 100 1212 1 0 1 "Stealing"
0 185 41 233 100 1213 1 0 1 "Stealing"
0 185 41 233 100 1214 1 0 1 "Stealing"
0 185 41 233 100 1215 1 0 1 "Stealing"
0 185 41 233 100 1216 1 0 1 "Stealing"
0 185 41 233 100 1217 1 0 1 "Stealing"
0 185 41 233 100 1218 1 0 1 "Stealing"
0 185 41 233 100 1219 1 0 1 "Stealing"
0 185 41 233 100 1220 1 0 1 "Stealing"
0 185 41 233 100 1221 1 0 1 "Stealing"
0 185 41 233 100 1222 1 0 1 "Stealing"
0 185 41 233 100 1223 1 0 1 "Stealing"
0 185 41 233 100 1224 1 0 1 "Stealing"
0 185 41 233 100 1225 1 0 1 "Stealing"
0 185 41 233 100 1226 1 0 1 "Stealing"
0 185 41 233 100 1227 1 0 1 "Stealing"
0 185 41 233 100 1228 1 0 1 "Stealing"
0 185 41 233 100 1229 1 0 1 "Stealing"
0 185 41 233 100 1230 1 0 0 "Stealing"
