0 169 51 220 120 0 1 0 0 "Stealing"
0 169 51 220 120 1 1 0 1 "Stealing"
0 169 51 220 120 2 1 0 1 "Stealing"
0 169 51 220 120 3 1 0 1 "Stealing"
0 169 51 220 120 4 1 0 1 "Stealing"
0 169 51 220 120 5 1 0 1 "Stealing"
0 169 51 220 120 6 1 0 1 "Stealing"
0 169 51 220 120 7 1 0 1 "Stealing"
0 169 51 220 120 8 1 0 1 "Stealing"
0 169 51 220 120 9 1 0 1 "Stealing"
0 169 51 220 120 10 1 0 1 "Stealing"
0 169 51 220 120 11 1 0 1 "Stealing"
0 169 51 220 120 12 1 0 1 "Stealing"
0 169 51 220 120 13 1 0 1 "Stealing"
0 169 51 220 120 14 1 0 1 "Stealing"
0 169 51 220 120 15 1 0 1 "Stealing"
0 169 51 220 120 16 1 0 1 "Stealing"
0 169 51 220 120 17 1 0 1 "Stealing"
0 169 51 220 120 18 1 0 1 "Stealing"
0 169 51 220 120 19 1 0 1 "Stealing"
0 169 51 220 120 20 1 0 1 "Stealing"
0 169 51 220 120 21 1 0 1 "Stealing"
0 169 51 220 120 22 1 0 1 "Stealing"
0 169 51 220 120 23 1 0 1 "Stealing"
0 169 51 220 120 24 1 0 1 "Stealing"
0 169 51 220 120 25 1 0 1 "Stealing"
0 169 51 220 120 26 1 0 1 "Stealing"
0 169 51 220 120 27 1 0 1 "Stealing"
0 169 51 220 120 28 1 0 1 "Stealing"
0 169 51 220 120 29 1 0 1 "Stealing"
0 169 51 220 120 30 1 0 1 "Stealing"
0 169 51 220 120 31 1 0 1 "Stealing"
0 169 51 220 120 32 1 0 1 "Stealing"
0 169 51 220 120 33 1 0 1 "Stealing"
0 169 51 220 120 34 1 0 1 "Stealing"
0 169 51 220 120 35 1 0 1 "Stealing"
0 169 51 220 120 36 1 0 1 "Stealing"
0 169 51 220 120 37 1 0 1 "Stealing"
0 169 51 220 120 38 1 0 1 "Stealing"
0 169 51 220 120 39 1 0 1 "Stealing"
0 169 51 220 120 40 1 0 1 "Stealing"
0 169 51 220 120 41 1 0 1 "Stealing"
0 169 51 220 120 42 1 0 1 "Stealing"
0 169 51 220 120 43 1 0 1 "Stealing"
0 169 51 220 120 44 1 0 1 "Stealing"
0 169 51 220 120 45 1 0 1 "Stealing"
0 169 51 220 120 46 1 0 1 "Stealing"
0 169 51 220 120 47 1 0 1 "Stealing"
0 169 51 220 120 48 1 0 1 "Stealing"
0 169 51 220 120 49 1 0 1 "Stealing"
0 169 51 220 120 50 1 0 1 "Stealing"
0 169 51 220 120 51 1 0 1 "Stealing"
0 169 51 220 120 52 1 0 1 "Stealing"
0 169 51 220 120 53 1 0 1 "Stealing"
0 169 51 220 120 54 1 0 1 "Stealing"
0 169 51 220 120 55 1 0 1 "Stealing"
0 169 51 220 120 56 1 0 1 "Stealing"
0 169 51 220 120 57 1 0 1 "Stealing"
0 169 51 220 120 58 1 0 1 "Stealing"
0 169 51 220 120 59 1 0 1 "Stealing"
0 169 51 220 120 60 1 0 1 "Stealing"
0 169 51 220 120 61 1 0 1 "Stealing"
0 169 51 220 120 62 1 0 1 "Stealing"
0 169 51 220 120 63 1 0 1 "Stealing"
0 169 51 220 120 64 1 0 1 "Stealing"
0 169 51 220 120 65 1 0 1 "Stealing"
0 169 51 220 120 66 1 0 1 "Stealing"
0 169 51 220 120 67 1 0 1 "Stealing"
0 169 51 220 120 68 1 0 1 "Stealing"
0 169 51 220 120 69 1 0 1 "Stealing"
0 169 51 220 120 70 1 0 1 "Stealing"
0 169 51 220 120 71 1 0 1 "Stealing"
0 169 51 220 120 72 1 0 1 "Stealing"
0 169 51 220 120 73 1 0 1 "Stealing"
0 169 51 220 120 74 1 0 1 "Stealing"
0 169 51 220 120 75 1 0 1 "Stealing"
0 169 51 220 120 76 1 0 1 "Stealing"
0 169 51 220 120 77 1 0 1 "Stealing"
0 169 51 220 120 78 1 0 1 "Stealing"
0 169 51 220 120 79 1 0 1 "Stealing"
0 169 51 220 120 80 1 0 1 "Stealing"
0 169 51 220 120 81 1 0 1 "Stealing"
0 169 51 220 120 82 1 0 1 "Stealing"
0 169 51 220 120 83 1 0 1 "Stealing"
0 169 51 220 120 84 1 0 1 "Stealing"
0 169 51 220 120 85 1 0 1 "Stealing"
0 169 51 220 120 86 1 0 1 "Stealing"
0 169 51 220 120 87 1 0 1 "Stealing"
0 169 51 220 120 88 1 0 1 "Stealing"
0 169 51 220 120 89 1 0 1 "Stealing"
0 169 51 220 120 90 1 0 1 "Stealing"
0 169 51 220 120 91 1 0 1 "Stealing"
0 169 51 220 120 92 1 0 1 "Stealing"
0 169 51 220 120 93 1 0 1 "Stealing"
0 169 51 220 120 94 1 0 1 "Stealing"
0 169 51 220 120 95 1 0 1 "Stealing"
0 169 51 220 120 96 1 0 1 "Stealing"
0 169 51 220 120 97 1 0 1 "Stealing"
0 169 51 220 120 98 1 0 1 "Stealing"
0 169 51 220 120 99 1 0 1 "Stealing"
0 169 51 220 120 100 1 0 1 "Stealing"
0 169 51 220 120 101 1 0 1 "Stealing"
0 169 51 220 120 102 1 0 1 "Stealing"
0 169 51 220 120 103 1 0 1 "Stealing"
0 169 51 220 120 104 1 0 1 "Stealing"
0 169 51 220 120 105 1 0 1 "Stealing"
0 169 51 220 120 106 1 0 1 "Stealing"
0 169 51 220 120 107 1 0 1 "Stealing"
0 169 51 220 120 108 1 0 1 "Stealing"
0 169 51 220 120 109 1 0 1 "Stealing"
0 169 51 220 120 110 1 0 1 "Stealing"
0 169 51 220 120 111 1 0 1 "Stealing"
0 169 51 220 120 112 1 0 1 "Stealing"
0 169 51 220 120 113 1 0 1 "Stealing"
0 169 51 220 120 114 1 0 1 "Stealing"
0 169 51 220 120 115 1 0 1 "Stealing"
0 169 51 220 120 116 1 0 1 "Stealing"
0 169 51 220 120 117 1 0 1 "Stealing"
0 169 51 220 120 118 1 0 1 "Stealing"
0 169 51 220 120 119 1 0 1 "Stealing"
0 169 51 220 120 120 1 0 1 "Stealing"
0 169 51 220 120 121 1 0 1 "Stealing"
0 169 51 220 120 122 1 0 1 "Stealing"
0 169 51 220 120 123 1 0 1 "Stealing"
0 169 51 220 120 124 1 0 1 "Stealing"
0 169 51 220 120 125 1 0 1 "Stealing"
0 169 51 220 120 126 1 0 1 "Stealing"
0 169 51 220 120 127 1 0 1 "Stealing"
0 169 51 220 120 128 1 0 1 "Stealing"
0 169 51 220 120 129 1 0 1 "Stealing"
0 169 51 220 120 130 1 0 1 "Stealing"
0 169 51 220 120 131 1 0 1 "Stealing"
0 169 51 220 120 132 1 0 1 "Stealing"
0 169 51 220 120 133 1 0 1 "Stealing"
0 169 51 220 120 134 1 0 1 "Stealing"
0 169 51 220 120 135 1 0 1 "Stealing"
0 169 51 220 120 136 1 0 1 "Stealing"
0 169 51 220 120 137 1 0 1 "Stealing"
0 169 51 220 120 138 1 0 1 "Stealing"
0 169 51 220 120 139 1 0 1 "Stealing"
0 169 51 220 120 140 1 0 1 "Stealing"
0 169 51 220 120 141 1 0 1 "Stealing"
0 169 51 220 120 142 1 0 1 "Stealing"
0 169 51 220 120 143 1 0 1 "Stealing"
0 169 51 220 120 144 1 0 1 "Stealing"
0 169 51 220 120 145 1 0 1 "Stealing"
0 169 51 220 120 146 1 0 1 "Stealing"
0 169 51 220 120 147 1 0 1 "Stealing"
0 169 51 220 120 148 1 0 1 "Stealing"
0 169 51 220 120 149 1 0 1 "Stealing"
0 169 51 220 120 150 1 0 1 "Stealing"
0 169 51 220 120 151 1 0 1 "Stealing"
0 169 51 220 120 152 1 0 1 "Stealing"
0 169 51 220 120 153 1 0 1 "Stealing"
0 169 51 220 120 154 1 0 1 "Stealing"
0 169 51 220 120 155 1 0 1 "Stealing"
0 169 51 220 120 156 1 0 1 "Stealing"
0 169 51 220 120 157 1 0 1 "Stealing"
0 169 51 220 120 158 1 0 1 "Stealing"
0 169 51 220 120 159 1 0 1 "Stealing"
0 169 51 220 120 160 1 0 1 "Stealing"
0 169 51 220 120 161 1 0 1 "Stealing"
0 169 51 220 120 162 1 0 1 "Stealing"
0 169 51 220 120 163 1 0 1 "Stealing"
0 169 51 220 120 164 1 0 1 "Stealing"
0 169 51 220 120 165 1 0 1 "Stealing"
0 169 51 220 120 166 1 0 1 "Stealing"
0 169 51 220 120 167 1 0 1 "Stealing"
0 169 51 220 120 168 1 0 1 "Stealing"
0 169 51 220 120 169 1 0 1 "Stealing"
0 169 51 220 120 170 1 0 1 "Stealing"
0 169 51 220 120 171 1 0 1 "Stealing"
0 169 51 220 120 172 1 0 1 "Stealing"
0 169 51 220 120 173 1 0 1 "Stealing"
0 169 51 220 120 174 1 0 1 "Stealing"
0 169 51 220 120 175 1 0 1 "Stealing"
0 169 51 220 120 176 1 0 1 "Stealing"
0 169 51 220 120 177 1 0 1 "Stealing"
0 169 51 220 120 178 1 0 1 "Stealing"
0 169 51 220 120 179 1 0 1 "Stealing"
0 169 51 220 120 180 1 0 1 "Stealing"
0 169 51 220 120 181 1 0 1 "Stealing"
0 169 51 220 120 182 1 0 1 "Stealing"
0 169 51 220 120 183 1 0 1 "Stealing"
0 169 51 220 120 184 1 0 1 "Stealing"
0 169 51 220 120 185 1 0 1 "Stealing"
0 169 51 220 120 186 1 0 1 "Stealing"
0 169 51 220 120 187 1 0 1 "Stealing"
0 169 51 220 120 188 1 0 1 "Stealing"
0 169 51 220 120 189 1 0 1 "Stealing"
0 169 51 220 120 190 1 0 1 "Stealing"
0 169 51 220 120 191 1 0 1 "Stealing"
0 169 51 220 120 192 1 0 1 "Stealing"
0 169 51 220 120 193 1 0 1 "Stealing"
0 169 51 220 120 194 1 0 1 "Stealing"
0 169 51 220 120 195 1 0 1 "Stealing"
0 169 51 220 120 196 1 0 1 "Stealing"
0 169 51 220 120 197 1 0 1 "Stealing"
0 169 51 220 120 198 1 0 1 "Stealing"
0 169 51 220 120 199 1 0 1 "Stealing"
0 169 51 220 120 200 1 0 1 "Stealing"
0 169 51 220 120 201 1 0 1 "Stealing"
0 169 51 220 120 202 1 0 1 "Stealing"
0 169 51 220 120 203 1 0 1 "Stealing"
0 169 51 220 120 204 1 0 1 "Stealing"
0 169 51 220 120 205 1 0 1 "Stealing"
0 169 51 220 120 206 1 0 1 "Stealing"
0 169 51 220 120 207 1 0 1 "Stealing"
0 169 51 220 120 208 1 0 1 "Stealing"
0 169 51 220 120 209 1 0 1 "Stealing"
0 169 51 220 120 210 1 0 1 "Stealing"
0 169 51 220 120 211 1 0 1 "Stealing"
0 169 51 220 120 212 1 0 1 "Stealing"
0 169 51 220 120 213 1 0 1 "Stealing"
0 169 51 220 120 214 1 0 1 "Stealing"
0 169 51 220 120 215 1 0 1 "Stealing"
0 169 51 220 120 216 1 0 1 "Stealing"
0 169 51 220 120 217 1 0 1 "Stealing"
0 169 51 220 120 218 1 0 1 "Stealing"
0 169 51 220 120 219 1 0 1 "Stealing"
0 169 51 220 120 220 1 0 1 "Stealing"
0 169 51 220 120 221 1 0 1 "Stealing"
0 169 51 220 120 222 1 0 1 "Stealing"
0 169 51 220 120 223 1 0 1 "Stealing"
0 169 51 220 120 224 1 0 1 "Stealing"
0 169 51 220 120 225 1 0 1 "Stealing"
0 169 51 220 120 226 1 0 1 "Stealing"
0 169 51 220 120 227 1 0 1 "Stealing"
0 169 51 220 120 228 1 0 1 "Stealing"
0 169 51 220 120 229 1 0 1 "Stealing"
0 169 51 220 120 230 1 0 1 "Stealing"
0 169 51 220 120 231 1 0 1 "Stealing"
0 169 51 220 120 232 1 0 1 "Stealing"
0 169 51 220 120 233 1 0 1 "Stealing"
0 169 51 220 120 234 1 0 1 "Stealing"
0 169 51 220 120 235 1 0 1 "Stealing"
0 169 51 220 120 236 1 0 1 "Stealing"
0 169 51 220 120 237 1 0 1 "Stealing"
0 169 51 220 120 238 1 0 1 "Stealing"
0 169 51 220 120 239 1 0 1 "Stealing"
0 169 51 220 120 240 1 0 1 "Stealing"
0 169 51 220 120 241 1 0 1 "Stealing"
0 169 51 220 120 242 1 0 1 "Stealing"
0 169 51 220 120 243 1 0 1 "Stealing"
0 169 51 220 120 244 1 0 1 "Stealing"
0 169 51 220 120 245 1 0 1 "Stealing"
0 169 51 220 120 246 1 0 1 "Stealing"
0 169 51 220 120 247 1 0 1 "Stealing"
0 169 51 220 120 248 1 0 1 "Stealing"
0 169 51 220 120 249 1 0 1 "Stealing"
0 169 51 220 120 250 1 0 1 "Stealing"
0 169 51 220 120 251 1 0 1 "Stealing"
0 169 51 220 120 252 1 0 1 "Stealing"
0 169 51 220 120 253 1 0 1 "Stealing"
0 169 51 220 120 254 1 0 1 "Stealing"
0 169 51 220 120 255 1 0 1 "Stealing"
0 169 51 220 120 256 1 0 1 "Stealing"
0 169 51 220 120 257 1 0 1 "Stealing"
0 169 51 220 120 258 1 0 1 "Stealing"
0 169 51 220 120 259 1 0 1 "Stealing"
0 169 51 220 120 260 1 0 1 "Stealing"
0 169 51 220 120 261 1 0 1 "Stealing"
0 169 51 220 120 262 1 0 1 "Stealing"
0 169 51 220 120 263 1 0 1 "Stealing"
0 169 51 220 120 264 1 0 1 "Stealing"
0 169 51 220 120 265 1 0 1 "Stealing"
0 169 51 220 120 266 1 0 1 "Stealing"
0 169 51 220 120 267 1 0 1 "Stealing"
0 169 51 220 120 268 1 0 1 "Stealing"
0 169 51 220 120 269 1 0 1 "Stealing"
0 169 51 220 120 270 1 0 1 "Stealing"
0 169 51 220 120 271 1 0 1 "Stealing"
0 169 51 220 120 272 1 0 1 "Stealing"
0 169 51 220 120 273 1 0 1 "Stealing"
0 169 51 220 120 274 1 0 1 "Stealing"
0 169 51 220 120 275 1 0 1 "Stealing"
0 169 51 220 120 276 1 0 1 "Stealing"
0 169 51 220 120 277 1 0 1 "Stealing"
0 169 51 220 120 278 1 0 1 "Stealing"
0 169 51 220 120 279 1 0 1 "Stealing"
0 169 51 220 120 280 1 0 1 "Stealing"
0 169 51 220 120 281 1 0 1 "Stealing"
0 169 51 220 120 282 1 0 1 "Stealing"
0 169 51 220 120 283 1 0 1 "Stealing"
0 169 51 220 120 284 1 0 1 "Stealing"
0 169 51 220 120 285 1 0 1 "Stealing"
0 169 51 220 120 286 1 0 1 "Stealing"
0 169 51 220 120 287 1 0 1 "Stealing"
0 169 51 220 120 288 1 0 1 "Stealing"
0 169 51 220 120 289 1 0 1 "Stealing"
0 169 51 220 120 290 1 0 1 "Stealing"
0 169 51 220 120 291 1 0 1 "Stealing"
0 169 51 220 120 292 1 0 1 "Stealing"
0 169 51 220 120 293 1 0 1 "Stealing"
0 169 51 220 120 294 1 0 1 "Stealing"
0 169 51 220 120 295 1 0 1 "Stealing"
0 169 51 220 120 296 1 0 1 "Stealing"
0 169 51 220 120 297 1 0 1 "Stealing"
0 169 51 220 120 298 1 0 1 "Stealing"
0 169 51 220 120 299 1 0 1 "Stealing"
0 169 51 220 120 300 1 0 1 "Stealing"
0 169 51 220 120 301 1 0 1 "Stealing"
0 169 51 220 120 302 1 0 1 "Stealing"
0 169 51 220 120 303 1 0 1 "Stealing"
0 169 51 220 120 304 1 0 1 "Stealing"
0 169 51 220 120 305 1 0 1 "Stealing"
0 169 51 220 120 306 1 0 1 "Stealing"
0 169 51 220 120 307 1 0 1 "Stealing"
0 169 51 220 120 308 1 0 1 "Stealing"
0 169 51 220 120 309 1 0 1 "Stealing"
0 169 51 220 120 310 1 0 1 "Stealing"
0 169 51 220 120 311 1 0 1 "Stealing"
0 169 51 220 120 312 1 0 1 "Stealing"
0 169 51 220 120 313 1 0 1 "Stealing"
0 169 51 220 120 314 1 0 1 "Stealing"
0 169 51 220 120 315 1 0 1 "Stealing"
0 169 51 220 120 316 1 0 1 "Stealing"
0 169 51 220 120 317 1 0 1 "Stealing"
0 169 51 220 120 318 1 0 1 "Stealing"
0 169 51 220 120 319 1 0 1 "Stealing"
0 169 51 220 120 320 1 0 1 "Stealing"
0 169 51 220 120 321 1 0 1 "Stealing"
0 169 51 220 120 322 1 0 1 "Stealing"
0 169 51 220 120 323 1 0 1 "Stealing"
0 169 51 220 120 324 1 0 1 "Stealing"
0 169 51 220 120 325 1 0 1 "Stealing"
0 169 51 220 120 326 1 0 1 "Stealing"
0 169 51 220 120 327 1 0 1 "Stealing"
0 169 51 220 120 328 1 0 1 "Stealing"
0 169 51 220 120 329 1 0 1 "Stealing"
0 169 51 220 120 330 1 0 1 "Stealing"
0 169 51 220 120 331 1 0 1 "Stealing"
0 169 51 220 120 332 1 0 1 "Stealing"
0 169 51 220 120 333 1 0 1 "Stealing"
0 169 51 220 120 334 1 0 1 "Stealing"
0 169 51 220 120 335 1 0 1 "Stealing"
0 169 51 220 120 336 1 0 1 "Stealing"
0 169 51 220 120 337 1 0 1 "Stealing"
0 169 51 220 120 338 1 0 1 "Stealing"
0 169 51 220 120 339 1 0 1 "Stealing"
0 169 51 220 120 340 1 0 1 "Stealing"
0 169 51 220 120 341 1 0 1 "Stealing"
0 169 51 220 120 342 1 0 1 "Stealing"
0 169 51 220 120 343 1 0 1 "Stealing"
0 169 51 220 120 344 1 0 1 "Stealing"
0 169 51 220 120 345 1 0 1 "Stealing"
0 169 51 220 120 346 1 0 1 "Stealing"
0 169 51 220 120 347 1 0 1 "Stealing"
0 169 51 220 120 348 1 0 1 "Stealing"
0 169 51 220 120 349 1 0 1 "Stealing"
0 169 51 220 120 350 1 0 1 "Stealing"
0 169 51 220 120 351 1 0 1 "Stealing"
0 169 51 220 120 352 1 0 1 "Stealing"
0 169 51 220 120 353 1 0 1 "Stealing"
0 169 51 220 120 354 1 0 1 "Stealing"
0 169 51 220 120 355 1 0 1 "Stealing"
0 169 51 220 120 356 1 0 1 "Stealing"
0 169 51 220 120 357 1 0 1 "Stealing"
0 169 51 220 120 358 1 0 1 "Stealing"
0 169 51 220 120 359 1 0 1 "Stealing"
0 169 51 220 120 360 1 0 1 "Stealing"
0 169 51 220 120 361 1 0 1 "Stealing"
0 169 51 220 120 362 1 0 1 "Stealing"
0 169 51 220 120 363 1 0 1 "Stealing"
0 169 51 220 120 364 1 0 1 "Stealing"
0 169 51 220 120 365 1 0 1 "Stealing"
0 169 51 220 120 366 1 0 1 "Stealing"
0 169 51 220 120 367 1 0 1 "Stealing"
0 169 51 220 120 368 1 0 1 "Stealing"
0 169 51 220 120 369 1 0 1 "Stealing"
0 169 51 220 120 370 1 0 1 "Stealing"
0 169 51 220 120 371 1 0 1 "Stealing"
0 169 51 220 120 372 1 0 1 "Stealing"
0 169 51 220 120 373 1 0 1 "Stealing"
0 169 51 220 120 374 1 0 1 "Stealing"
0 169 51 220 120 375 1 0 1 "Stealing"
0 169 51 220 120 376 1 0 1 "Stealing"
0 169 51 220 120 377 1 0 1 "Stealing"
0 169 51 220 120 378 1 0 1 "Stealing"
0 169 51 220 120 379 1 0 1 "Stealing"
0 169 51 220 120 380 1 0 1 "Stealing"
0 169 51 220 120 381 1 0 1 "Stealing"
0 169 51 220 120 382 1 0 1 "Stealing"
0 169 51 220 120 383 1 0 1 "Stealing"
0 169 51 220 120 384 1 0 1 "Stealing"
0 169 51 220 120 385 1 0 1 "Stealing"
0 169 51 220 120 386 1 0 1 "Stealing"
0 169 51 220 120 387 1 0 1 "Stealing"
0 169 51 220 120 388 1 0 1 "Stealing"
0 169 51 220 120 389 1 0 1 "Stealing"
0 169 51 220 120 390 1 0 1 "Stealing"
0 169 51 220 120 391 1 0 1 "Stealing"
0 169 51 220 120 392 1 0 1 "Stealing"
0 169 51 220 120 393 1 0 1 "Stealing"
0 169 51 220 120 394 1 0 1 "Stealing"
0 169 51 220 120 395 1 0 1 "Stealing"
0 169 51 220 120 396 1 0 1 "Stealing"
0 169 51 220 120 397 1 0 1 "Stealing"
0 169 51 220 120 398 1 0 1 "Stealing"
0 169 51 220 120 399 1 0 1 "Stealing"
0 169 51 220 120 400 1 0 1 "Stealing"
0 169 51 220 120 401 1 0 1 "Stealing"
0 169 51 220 120 402 1 0 1 "Stealing"
0 169 51 220 120 403 1 0 1 "Stealing"
0 169 51 220 120 404 1 0 1 "Stealing"
0 169 51 220 120 405 1 0 1 "Stealing"
0 169 51 220 120 406 1 0 1 "Stealing"
0 169 51 220 120 407 1 0 1 "Stealing"
0 169 51 220 120 408 1 0 1 "Stealing"
0 169 51 220 120 409 1 0 1 "Stealing"
0 169 51 220 120 410 1 0 1 "Stealing"
0 169 51 220 120 411 1 0 1 "Stealing"
0 169 51 220 120 412 1 0 1 "Stealing"
0 169 51 220 120 413 1 0 1 "Stealing"
0 169 51 220 120 414 1 0 1 "Stealing"
0 169 51 220 120 415 1 0 1 "Stealing"
0 169 51 220 120 416 1 0 1 "Stealing"
0 169 51 220 120 417 1 0 1 "Stealing"
0 169 51 220 120 418 1 0 1 "Stealing"
0 169 51 220 120 419 1 0 1 "Stealing"
0 169 51 220 120 420 1 0 1 "Stealing"
0 169 51 220 120 421 1 0 1 "Stealing"
0 169 51 220 120 422 1 0 1 "Stealing"
0 169 51 220 120 423 1 0 1 "Stealing"
0 169 51 220 120 424 1 0 1 "Stealing"
0 169 51 220 120 425 0 0 0 "Stealing"
0 169 51 220 120 426 0 0 1 "Stealing"
0 169 51 220 120 427 0 0 1 "Stealing"
0 169 51 220 120 428 0 0 1 "Stealing"
0 169 51 220 120 429 0 0 1 "Stealing"
0 170 51 221 120 430 0 0 1 "Stealing"
0 170 51 221 120 431 0 0 1 "Stealing"
0 170 52 221 121 432 0 0 1 "Stealing"
0 170 52 221 121 433 0 0 1 "Stealing"
0 171 52 222 121 434 0 0 1 "Stealing"
0 171 52 222 121 435 0 0 1 "Stealing"
0 171 52 222 121 436 0 0 1 "Stealing"
0 171 52 222 121 437 0 0 1 "Stealing"
0 172 53 223 122 438 0 0 0 "Stealing"
0 172 53 223 122 439 0 0 1 "Stealing"
0 172 53 223 122 440 0 0 1 "Stealing"
0 172 54 223 123 441 0 0 0 "Stealing"
0 171 54 222 123 442 0 0 1 "Stealing"
0 171 54 222 123 443 0 0 1 "Stealing"
0 171 54 222 123 444 0 0 1 "Stealing"
0 171 54 222 123 445 0 0 1 "Stealing"
0 171 54 222 123 446 0 0 1 "Stealing"
0 170 54 221 123 447 0 0 1 "Stealing"
0 170 54 221 123 448 0 0 1 "Stealing"
0 170 54 221 123 449 0 0 1 "Stealing"
0 170 54 221 123 450 0 0 1 "Stealing"
0 170 54 221 123 451 0 0 0 "Stealing"
0 170 54 221 123 452 0 0 1 "Stealing"
0 170 54 221 123 453 0 0 1 "Stealing"
0 170 54 221 123 454 0 0 1 "Stealing"
0 170 54 221 123 455 0 0 1 "Stealing"
0 170 54 221 123 456 0 0 1 "Stealing"
0 170 54 221 123 457 0 0 1 "Stealing"
0 170 54 221 123 458 0 0 1 "Stealing"
0 170 54 221 123 459 0 0 1 "Stealing"
0 170 54 221 123 460 0 0 1 "Stealing"
0 170 55 221 124 461 0 0 0 "Stealing"
0 170 54 220 124 462 0 0 1 "Stealing"
0 170 53 220 124 463 0 0 1 "Stealing"
0 170 52 220 124 464 0 0 1 "Stealing"
0 170 51 220 124 465 0 0 1 "Stealing"
0 170 50 220 124 466 0 0 1 "Stealing"
0 170 49 220 124 467 0 0 1 "Stealing"
0 170 48 220 124 468 0 0 1 "Stealing"
0 170 47 220 124 469 0 0 1 "Stealing"
0 170 46 220 124 470 0 0 1 "Stealing"
0 170 46 220 124 471 0 0 0 "Stealing"
0 170 46 220 124 472 0 0 1 "Stealing"
0 170 46 220 124 473 0 0 1 "Stealing"
0 170 46 220 124 474 0 0 1 "Stealing"
0 170 46 220 124 475 0 0 1 "Stealing"
0 171 47 221 125 476 0 0 1 "Stealing"
0 171 47 221 125 477 0 0 1 "Stealing"
0 171 47 221 125 478 0 0 1 "Stealing"
0 171 47 221 125 479 0 0 1 "Stealing"
0 171 47 221 125 480 0 0 1 "Stealing"
0 172 48 222 126 481 0 0 0 "Stealing"
0 171 48 221 126 482 0 0 1 "Stealing"
0 171 48 221 126 483 0 0 1 "Stealing"
0 171 48 221 126 484 0 0 1 "Stealing"
0 171 48 221 126 485 0 0 1 "Stealing"
0 171 48 221 126 486 0 0 1 "Stealing"
0 170 48 220 126 487 0 0 1 "Stealing"
0 170 48 220 126 488 0 0 1 "Stealing"
0 170 48 220 126 489 0 0 1 "Stealing"
0 170 48 220 126 490 0 0 1 "Stealing"
0 170 48 220 126 491 0 0 0 "Stealing"
0 170 48 219 126 492 0 0 1 "Stealing"
0 170 48 219 126 493 0 0 1 "Stealing"
0 170 48 219 126 494 0 0 1 "Stealing"
0 170 48 219 126 495 0 0 1 "Stealing"
0 170 49 219 126 496 0 0 1 "Stealing"
0 170 49 219 126 497 0 0 1 "Stealing"
0 170 49 219 126 498 0 0 1 "Stealing"
0 170 49 219 126 499 0 0 1 "Stealing"
0 170 49 219 126 500 0 0 1 "Stealing"
0 170 50 219 126 501 0 0 1 "Stealing"
0 170 50 219 126 502 0 0 1 "Stealing"
0 170 50 219 126 503 0 0 1 "Stealing"
0 170 50 219 126 504 0 0 1 "Stealing"
0 170 50 219 126 505 0 0 1 "Stealing"
0 170 51 219 126 506 0 0 1 "Stealing"
0 170 51 219 126 507 0 0 1 "Stealing"
0 170 51 219 126 508 0 0 1 "Stealing"
0 170 51 219 126 509 0 0 1 "Stealing"
0 170 51 219 126 510 0 0 1 "Stealing"
0 170 52 219 126 511 0 0 1 "Stealing"
0 170 52 219 126 512 0 0 1 "Stealing"
0 170 52 219 126 513 0 0 1 "Stealing"
0 170 52 219 126 514 0 0 1 "Stealing"
0 170 52 219 126 515 0 0 1 "Stealing"
0 170 53 219 126 516 0 0 1 "Stealing"
0 170 53 219 126 517 0 0 1 "Stealing"
0 170 53 219 126 518 0 0 1 "Stealing"
0 170 53 219 126 519 0 0 1 "Stealing"
0 170 53 219 126 520 0 0 1 "Stealing"
0 170 54 219 126 521 0 0 0 "Stealing"
0 168 54 217 126 522 0 0 1 "Stealing"
0 166 54 215 126 523 0 0 1 "Stealing"
0 165 54 214 126 524 0 0 1 "Stealing"
0 163 54 212 126 525 0 0 1 "Stealing"
0 162 54 211 126 526 0 0 1 "Stealing"
0 160 54 209 126 527 0 0 1 "Stealing"
0 158 54 207 126 528 0 0 1 "Stealing"
0 157 54 206 126 529 0 0 1 "Stealing"
0 155 54 204 126 530 0 0 1 "Stealing"
0 154 54 203 126 531 0 0 0 "Stealing"
0 153 53 202 125 532 0 0 1 "Stealing"
0 153 53 202 125 533 0 0 1 "Stealing"
0 153 52 202 124 534 0 0 1 "Stealing"
0 152 52 201 124 535 0 0 1 "Stealing"
0 152 51 201 123 536 0 0 1 "Stealing"
0 152 51 201 123 537 0 0 1 "Stealing"
0 151 50 200 122 538 0 0 1 "Stealing"
0 151 50 200 122 539 0 0 1 "Stealing"
0 151 49 200 121 540 0 0 1 "Stealing"
0 151 49 200 121 541 0 0 0 "Stealing"
0 151 48 200 120 542 0 0 1 "Stealing"
0 151 47 200 119 543 0 0 1 "Stealing"
0 151 46 200 118 544 0 0 1 "Stealing"
0 151 46 200 118 545 0 0 1 "Stealing"
0 151 45 200 117 546 0 0 1 "Stealing"
0 151 44 200 116 547 0 0 1 "Stealing"
0 151 44 200 116 548 0 0 1 "Stealing"
0 151 43 200 115 549 0 0 1 "Stealing"
0 151 42 200 114 550 0 0 1 "Stealing"
0 152 42 201 114 551 0 0 0 "Stealing"
0 152 41 201 113 552 0 0 1 "Stealing"
0 152 41 201 113 553 0 0 1 "Stealing"
0 152 40 201 112 554 0 0 1 "Stealing"
0 152 40 201 112 555 0 0 1 "Stealing"
0 153 40 202 112 556 0 0 1 "Stealing"
0 153 39 202 111 557 0 0 1 "Stealing"
0 153 39 202 111 558 0 0 1 "Stealing"
0 153 38 202 110 559 0 0 1 "Stealing"
0 153 38 202 110 560 0 0 1 "Stealing"
0 154 38 203 110 561 0 0 0 "Stealing"
0 154 37 203 107 562 0 0 1 "Stealing"
0 155 36 203 105 563 0 0 1 "Stealing"
0 155 36 203 102 564 0 0 1 "Stealing"
0 156 35 204 100 565 0 0 1 "Stealing"
0 156 35 204 98 566 0 0 1 "Stealing"
0 157 34 204 95 567 0 0 1 "Stealing"
0 157 33 205 93 568 0 0 1 "Stealing"
0 158 33 205 90 569 0 0 1 "Stealing"
0 158 32 205 88 570 0 0 1 "Stealing"
0 159 32 206 86 571 0 0 0 "Stealing"
0 159 31 205 85 572 0 0 1 "Stealing"
0 160 31 205 85 573 0 0 1 "Stealing"
0 161 30 205 84 574 0 0 1 "Stealing"
0 162 30 205 84 575 0 0 1 "Stealing"
0 163 30 205 83 576 0 0 1 "Stealing"
0 164 29 204 83 577 0 0 1 "Stealing"
0 165 29 204 82 578 0 0 1 "Stealing"
0 166 28 204 82 579 0 0 1 "Stealing"
0 167 28 204 81 580 0 0 1 "Stealing"
0 168 28 204 81 581 0 0 0 "Stealing"
0 168 27 204 80 582 0 0 1 "Stealing"
0 169 26 205 79 583 0 0 1 "Stealing"
0 169 25 205 78 584 0 0 1 "Stealing"
0 170 24 206 77 585 0 0 1 "Stealing"
0 171 24 207 77 586 0 0 1 "Stealing"
0 171 23 207 76 587 0 0 1 "Stealing"
0 172 22 208 75 588 0 0 1 "Stealing"
0 172 21 208 74 589 0 0 1 "Stealing"
0 173 20 209 73 590 0 0 1 "Stealing"
0 174 20 210 73 591 0 0 0 "Stealing"
0 174 19 210 72 592 0 0 1 "Stealing"
0 174 19 210 72 593 0 0 1 "Stealing"
0 174 18 210 71 594 0 0 1 "Stealing"
0 174 18 210 71 595 0 0 1 "Stealing"
0 175 17 211 70 596 0 0 1 "Stealing"
0 175 17 211 70 597 0 0 1 "Stealing"
0 175 16 211 69 598 0 0 1 "Stealing"
0 175 16 211 69 599 0 0 1 "Stealing"
0 175 15 211 68 600 0 0 1 "Stealing"
0 176 15 212 68 601 1 0 0 "Stealing"
0 176 15 212 68 602 1 0 1 "Stealing"
0 176 15 212 68 603 1 0 1 "Stealing"
0 176 15 212 68 604 1 0 1 "Stealing"
0 176 15 212 68 605 1 0 1 "Stealing"
0 176 15 212 68 606 1 0 1 "Stealing"
0 176 15 212 68 607 1 0 1 "Stealing"
0 176 15 212 68 608 1 0 1 "Stealing"
0 176 15 212 68 609 1 0 1 "Stealing"
0 176 15 212 68 610 1 0 1 "Stealing"
0 176 15 212 68 611 1 0 0 "Stealing"
0 176 15 212 68 612 1 0 1 "Stealing"
0 176 15 212 68 613 1 0 1 "Stealing"
0 176 15 212 68 614 1 0 1 "Stealing"
0 176 15 212 68 615 1 0 1 "Stealing"
0 176 15 212 68 616 1 0 1 "Stealing"
0 176 15 212 68 617 1 0 1 "Stealing"
0 176 15 212 68 618 1 0 1 "Stealing"
0 176 15 212 68 619 1 0 1 "Stealing"
0 176 15 212 68 620 1 0 1 "Stealing"
0 176 15 212 68 621 1 0 1 "Stealing"
0 176 15 212 68 622 1 0 1 "Stealing"
0 176 15 212 68 623 1 0 1 "Stealing"
0 176 15 212 68 624 1 0 1 "Stealing"
0 176 15 212 68 625 1 0 1 "Stealing"
0 176 15 212 68 626 1 0 1 "Stealing"
0 176 15 212 68 627 1 0 1 "Stealing"
0 176 15 212 68 628 1 0 1 "Stealing"
0 176 15 212 68 629 1 0 1 "Stealing"
0 176 15 212 68 630 1 0 1 "Stealing"
0 176 15 212 68 631 1 0 1 "Stealing"
0 176 15 212 68 632 1 0 1 "Stealing"
0 176 15 212 68 633 1 0 1 "Stealing"
0 176 15 212 68 634 1 0 1 "Stealing"
0 176 15 212 68 635 1 0 1 "Stealing"
0 176 15 212 68 636 1 0 1 "Stealing"
0 176 15 212 68 637 1 0 1 "Stealing"
0 176 15 212 68 638 1 0 1 "Stealing"
0 176 15 212 68 639 1 0 1 "Stealing"
0 176 15 212 68 640 1 0 1 "Stealing"
0 176 15 212 68 641 1 0 1 "Stealing"
0 176 15 212 68 642 1 0 1 "Stealing"
0 176 15 212 68 643 1 0 1 "Stealing"
0 176 15 212 68 644 1 0 1 "Stealing"
0 176 15 212 68 645 1 0 1 "Stealing"
0 176 15 212 68 646 1 0 1 "Stealing"
0 176 15 212 68 647 1 0 1 "Stealing"
0 176 15 212 68 648 1 0 1 "Stealing"
0 176 15 212 68 649 1 0 1 "Stealing"
0 176 15 212 68 650 1 0 1 "Stealing"
0 176 15 212 68 651 1 0 1 "Stealing"
0 176 15 212 68 652 1 0 1 "Stealing"
0 176 15 212 68 653 1 0 1 "Stealing"
0 176 15 212 68 654 1 0 1 "Stealing"
0 176 15 212 68 655 1 0 1 "Stealing"
0 176 15 212 68 656 1 0 1 "Stealing"
0 176 15 212 68 657 1 0 1 "Stealing"
0 176 15 212 68 658 1 0 1 "Stealing"
0 176 15 212 68 659 1 0 1 "Stealing"
0 176 15 212 68 660 1 0 1 "Stealing"
0 176 15 212 68 661 1 0 1 "Stealing"
0 176 15 212 68 662 1 0 1 "Stealing"
0 176 15 212 68 663 1 0 1 "Stealing"
0 176 15 212 68 664 1 0 1 "Stealing"
0 176 15 212 68 665 1 0 1 "Stealing"
0 176 15 212 68 666 1 0 1 "Stealing"
0 176 15 212 68 667 1 0 1 "Stealing"
0 176 15 212 68 668 1 0 1 "Stealing"
0 176 15 212 68 669 1 0 1 "Stealing"
0 176 15 212 68 670 1 0 1 "Stealing"
0 176 15 212 68 671 1 0 1 "Stealing"
0 176 15 212 68 672 1 0 1 "Stealing"
0 176 15 212 68 673 1 0 1 "Stealing"
0 176 15 212 68 674 1 0 1 "Stealing"
0 176 15 212 68 675 1 0 1 "Stealing"
0 176 15 212 68 676 1 0 1 "Stealing"
0 176 15 212 68 677 1 0 1 "Stealing"
0 176 15 212 68 678 1 0 1 "Stealing"
0 176 15 212 68 679 1 0 1 "Stealing"
0 176 15 212 68 680 1 0 1 "Stealing"
0 176 15 212 68 681 1 0 1 "Stealing"
0 176 15 212 68 682 1 0 1 "Stealing"
0 176 15 212 68 683 1 0 1 "Stealing"
0 176 15 212 68 684 1 0 1 "Stealing"
0 176 15 212 68 685 1 0 1 "Stealing"
0 176 15 212 68 686 1 0 1 "Stealing"
0 176 15 212 68 687 1 0 1 "Stealing"
0 176 15 212 68 688 1 0 1 "Stealing"
0 176 15 212 68 689 1 0 1 "Stealing"
0 176 15 212 68 690 1 0 1 "Stealing"
0 176 15 212 68 691 1 0 1 "Stealing"
0 176 15 212 68 692 1 0 1 "Stealing"
0 176 15 212 68 693 1 0 1 "Stealing"
0 176 15 212 68 694 1 0 1 "Stealing"
0 176 15 212 68 695 1 0 1 "Stealing"
0 176 15 212 68 696 1 0 1 "Stealing"
0 176 15 212 68 697 1 0 1 "Stealing"
0 176 15 212 68 698 1 0 1 "Stealing"
0 176 15 212 68 699 1 0 1 "Stealing"
0 176 15 212 68 700 1 0 1 "Stealing"
0 176 15 212 68 701 1 0 1 "Stealing"
0 176 15 212 68 702 1 0 1 "Stealing"
0 176 15 212 68 703 1 0 1 "Stealing"
0 176 15 212 68 704 1 0 1 "Stealing"
0 176 15 212 68 705 1 0 1 "Stealing"
0 176 15 212 68 706 1 0 1 "Stealing"
0 176 15 212 68 707 1 0 1 "Stealing"
0 176 15 212 68 708 1 0 1 "Stealing"
0 176 15 212 68 709 1 0 1 "Stealing"
0 176 15 212 68 710 1 0 1 "Stealing"
0 176 15 212 68 711 1 0 1 "Stealing"
0 176 15 212 68 712 1 0 1 "Stealing"
0 176 15 212 68 713 1 0 1 "Stealing"
0 176 15 212 68 714 1 0 1 "Stealing"
0 176 15 212 68 715 1 0 1 "Stealing"
0 176 15 212 68 716 1 0 1 "Stealing"
0 176 15 212 68 717 1 0 1 "Stealing"
0 176 15 212 68 718 1 0 1 "Stealing"
0 176 15 212 68 719 1 0 1 "Stealing"
0 176 15 212 68 720 1 0 1 "Stealing"
0 176 15 212 68 721 1 0 1 "Stealing"
0 176 15 212 68 722 1 0 1 "Stealing"
0 176 15 212 68 723 1 0 1 "Stealing"
0 176 15 212 68 724 1 0 1 "Stealing"
0 176 15 212 68 725 1 0 1 "Stealing"
0 176 15 212 68 726 1 0 1 "Stealing"
0 176 15 212 68 727 1 0 1 "Stealing"
0 176 15 212 68 728 1 0 1 "Stealing"
0 176 15 212 68 729 1 0 1 "Stealing"
0 176 15 212 68 730 1 0 1 "Stealing"
0 176 15 212 68 731 1 0 1 "Stealing"
0 176 15 212 68 732 1 0 1 "Stealing"
0 176 15 212 68 733 1 0 1 "Stealing"
0 176 15 212 68 734 1 0 1 "Stealing"
0 176 15 212 68 735 1 0 1 "Stealing"
0 176 15 212 68 736 1 0 1 "Stealing"
0 176 15 212 68 737 1 0 1 "Stealing"
0 176 15 212 68 738 1 0 1 "Stealing"
0 176 15 212 68 739 1 0 1 "Stealing"
0 176 15 212 68 740 1 0 1 "Stealing"
0 176 15 212 68 741 1 0 1 "Stealing"
0 176 15 212 68 742 1 0 1 "Stealing"
0 176 15 212 68 743 1 0 1 "Stealing"
0 176 15 212 68 744 1 0 1 "Stealing"
0 176 15 212 68 745 1 0 1 "Stealing"
0 176 15 212 68 746 1 0 1 "Stealing"
0 176 15 212 68 747 1 0 1 "Stealing"
0 176 15 212 68 748 1 0 1 "Stealing"
0 176 15 212 68 749 1 0 1 "Stealing"
0 176 15 212 68 750 1 0 1 "Stealing"
0 176 15 212 68 751 1 0 0 "Stealing"
