0 176 49 285 239 0 1 0 0 "Stealing"
0 176 49 285 239 1 1 0 1 "Stealing"
0 176 49 285 239 2 1 0 1 "Stealing"
0 176 49 285 239 3 1 0 1 "Stealing"
0 176 49 285 239 4 1 0 1 "Stealing"
0 176 49 285 239 5 1 0 1 "Stealing"
0 176 49 285 239 6 1 0 1 "Stealing"
0 176 49 285 239 7 1 0 1 "Stealing"
0 176 49 285 239 8 1 0 1 "Stealing"
0 176 49 285 239 9 1 0 1 "Stealing"
0 176 49 285 239 10 1 0 1 "Stealing"
0 176 49 285 239 11 1 0 1 "Stealing"
0 176 49 285 239 12 1 0 1 "Stealing"
0 176 49 285 239 13 1 0 1 "Stealing"
0 176 49 285 239 14 1 0 1 "Stealing"
0 176 49 285 239 15 1 0 1 "Stealing"
0 176 49 285 239 16 1 0 1 "Stealing"
0 176 49 285 239 17 1 0 1 "Stealing"
0 176 49 285 239 18 1 0 1 "Stealing"
0 176 49 285 239 19 1 0 1 "Stealing"
0 176 49 285 239 20 1 0 1 "Stealing"
0 176 49 285 239 21 1 0 1 "Stealing"
0 176 49 285 239 22 1 0 1 "Stealing"
0 176 49 285 239 23 1 0 1 "Stealing"
0 176 49 285 239 24 1 0 1 "Stealing"
0 176 49 285 239 25 1 0 1 "Stealing"
0 176 49 285 239 26 1 0 1 "Stealing"
0 176 49 285 239 27 1 0 1 "Stealing"
0 176 49 285 239 28 1 0 1 "Stealing"
0 176 49 285 239 29 1 0 1 "Stealing"
0 176 49 285 239 30 1 0 1 "Stealing"
0 176 49 285 239 31 1 0 1 "Stealing"
0 176 49 285 239 32 1 0 1 "Stealing"
0 176 49 285 239 33 1 0 1 "Stealing"
0 176 49 285 239 34 1 0 1 "Stealing"
0 176 49 285 239 35 1 0 1 "Stealing"
0 176 49 285 239 36 1 0 1 "Stealing"
0 176 49 285 239 37 1 0 1 "Stealing"
0 176 49 285 239 38 1 0 1 "Stealing"
0 176 49 285 239 39 1 0 1 "Stealing"
0 176 49 285 239 40 1 0 1 "Stealing"
0 176 49 285 239 41 1 0 1 "Stealing"
0 176 49 285 239 42 1 0 1 "Stealing"
0 176 49 285 239 43 1 0 1 "Stealing"
0 176 49 285 239 44 1 0 1 "Stealing"
0 176 49 285 239 45 1 0 1 "Stealing"
0 176 49 285 239 46 1 0 1 "Stealing"
0 176 49 285 239 47 1 0 1 "Stealing"
0 176 49 285 239 48 1 0 1 "Stealing"
0 176 49 285 239 49 1 0 1 "Stealing"
0 176 49 285 239 50 1 0 1 "Stealing"
0 176 49 285 239 51 1 0 1 "Stealing"
0 176 49 285 239 52 1 0 1 "Stealing"
0 176 49 285 239 53 1 0 1 "Stealing"
0 176 49 285 239 54 1 0 1 "Stealing"
0 176 49 285 239 55 1 0 1 "Stealing"
0 176 49 285 239 56 1 0 1 "Stealing"
0 176 49 285 239 57 1 0 1 "Stealing"
0 176 49 285 239 58 1 0 1 "Stealing"
0 176 49 285 239 59 1 0 1 "Stealing"
0 176 49 285 239 60 1 0 1 "Stealing"
0 176 49 285 239 61 1 0 1 "Stealing"
0 176 49 285 239 62 1 0 1 "Stealing"
0 176 49 285 239 63 1 0 1 "Stealing"
0 176 49 285 239 64 1 0 1 "Stealing"
0 176 49 285 239 65 1 0 1 "Stealing"
0 176 49 285 239 66 1 0 1 "Stealing"
0 176 49 285 239 67 1 0 1 "Stealing"
0 176 49 285 239 68 1 0 1 "Stealing"
0 176 49 285 239 69 1 0 1 "Stealing"
0 176 49 285 239 70 1 0 1 "Stealing"
0 176 49 285 239 71 1 0 1 "Stealing"
0 176 49 285 239 72 1 0 1 "Stealing"
0 176 49 285 239 73 1 0 1 "Stealing"
0 176 49 285 239 74 1 0 1 "Stealing"
0 176 49 285 239 75 1 0 1 "Stealing"
0 176 49 285 239 76 1 0 1 "Stealing"
0 176 49 285 239 77 1 0 1 "Stealing"
0 176 49 285 239 78 1 0 1 "Stealing"
0 176 49 285 239 79 1 0 1 "Stealing"
0 176 49 285 239 80 1 0 1 "Stealing"
0 176 49 285 239 81 1 0 1 "Stealing"
0 176 49 285 239 82 1 0 1 "Stealing"
0 176 49 285 239 83 1 0 1 "Stealing"
0 176 49 285 239 84 1 0 1 "Stealing"
0 176 49 285 239 85 1 0 1 "Stealing"
0 176 49 285 239 86 1 0 1 "Stealing"
0 176 49 285 239 87 1 0 1 "Stealing"
0 176 49 285 239 88 1 0 1 "Stealing"
0 176 49 285 239 89 1 0 1 "Stealing"
0 176 49 285 239 90 1 0 1 "Stealing"
0 176 49 285 239 91 1 0 1 "Stealing"
0 176 49 285 239 92 1 0 1 "Stealing"
0 176 49 285 239 93 1 0 1 "Stealing"
0 176 49 285 239 94 1 0 1 "Stealing"
0 176 49 285 239 95 1 0 1 "Stealing"
0 176 49 285 239 96 1 0 1 "Stealing"
0 176 49 285 239 97 1 0 1 "Stealing"
0 176 49 285 239 98 1 0 1 "Stealing"
0 176 49 285 239 99 1 0 1 "Stealing"
0 176 49 285 239 100 1 0 1 "Stealing"
0 176 49 285 239 101 1 0 1 "Stealing"
0 176 49 285 239 102 1 0 1 "Stealing"
0 176 49 285 239 103 1 0 1 "Stealing"
0 176 49 285 239 104 1 0 1 "Stealing"
0 176 49 285 239 105 1 0 1 "Stealing"
0 176 49 285 239 106 1 0 1 "Stealing"
0 176 49 285 239 107 1 0 1 "Stealing"
0 176 49 285 239 108 1 0 1 "Stealing"
0 176 49 285 239 109 1 0 1 "Stealing"
0 176 49 285 239 110 1 0 1 "Stealing"
0 176 49 285 239 111 1 0 1 "Stealing"
0 176 49 285 239 112 1 0 1 "Stealing"
0 176 49 285 239 113 1 0 1 "Stealing"
0 176 49 285 239 114 1 0 1 "Stealing"
0 176 49 285 239 115 1 0 1 "Stealing"
0 176 49 285 239 116 1 0 1 "Stealing"
0 176 49 285 239 117 1 0 1 "Stealing"
0 176 49 285 239 118 1 0 1 "Stealing"
0 176 49 285 239 119 1 0 1 "Stealing"
0 176 49 285 239 120 1 0 1 "Stealing"
0 176 49 285 239 121 1 0 1 "Stealing"
0 176 49 285 239 122 1 0 1 "Stealing"
0 176 49 285 239 123 1 0 1 "Stealing"
0 176 49 285 239 124 1 0 1 "Stealing"
0 176 49 285 239 125 1 0 1 "Stealing"
0 176 49 285 239 126 1 0 1 "Stealing"
0 176 49 285 239 127 1 0 1 "Stealing"
0 176 49 285 239 128 1 0 1 "Stealing"
0 176 49 285 239 129 1 0 1 "Stealing"
0 176 49 285 239 130 1 0 1 "Stealing"
0 176 49 285 239 131 1 0 1 "Stealing"
0 176 49 285 239 132 1 0 1 "Stealing"
0 176 49 285 239 133 1 0 1 "Stealing"
0 176 49 285 239 134 1 0 1 "Stealing"
0 176 49 285 239 135 1 0 1 "Stealing"
0 176 49 285 239 136 1 0 1 "Stealing"
0 176 49 285 239 137 1 0 1 "Stealing"
0 176 49 285 239 138 1 0 1 "Stealing"
0 176 49 285 239 139 1 0 1 "Stealing"
0 176 49 285 239 140 1 0 1 "Stealing"
0 176 49 285 239 141 1 0 1 "Stealing"
0 176 49 285 239 142 1 0 1 "Stealing"
0 176 49 285 239 143 1 0 1 "Stealing"
0 176 49 285 239 144 1 0 1 "Stealing"
0 176 49 285 239 145 1 0 1 "Stealing"
0 176 49 285 239 146 1 0 1 "Stealing"
0 176 49 285 239 147 1 0 1 "Stealing"
0 176 49 285 239 148 1 0 1 "Stealing"
0 176 49 285 239 149 1 0 1 "Stealing"
0 176 49 285 239 150 1 0 1 "Stealing"
0 176 49 285 239 151 1 0 1 "Stealing"
0 176 49 285 239 152 1 0 1 "Stealing"
0 176 49 285 239 153 1 0 1 "Stealing"
0 176 49 285 239 154 1 0 1 "Stealing"
0 176 49 285 239 155 1 0 1 "Stealing"
0 176 49 285 239 156 1 0 1 "Stealing"
0 176 49 285 239 157 1 0 1 "Stealing"
0 176 49 285 239 158 1 0 1 "Stealing"
0 176 49 285 239 159 1 0 1 "Stealing"
0 176 49 285 239 160 1 0 1 "Stealing"
0 176 49 285 239 161 1 0 1 "Stealing"
0 176 49 285 239 162 1 0 1 "Stealing"
0 176 49 285 239 163 1 0 1 "Stealing"
0 176 49 285 239 164 1 0 1 "Stealing"
0 176 49 285 239 165 1 0 1 "Stealing"
0 176 49 285 239 166 1 0 1 "Stealing"
0 176 49 285 239 167 1 0 1 "Stealing"
0 176 49 285 239 168 1 0 1 "Stealing"
0 176 49 285 239 169 1 0 1 "Stealing"
0 176 49 285 239 170 1 0 1 "Stealing"
0 176 49 285 239 171 1 0 1 "Stealing"
0 176 49 285 239 172 1 0 1 "Stealing"
0 176 49 285 239 173 1 0 1 "Stealing"
0 176 49 285 239 174 1 0 1 "Stealing"
0 176 49 285 239 175 1 0 1 "Stealing"
0 176 49 285 239 176 1 0 1 "Stealing"
0 176 49 285 239 177 1 0 1 "Stealing"
0 176 49 285 239 178 1 0 1 "Stealing"
0 176 49 285 239 179 1 0 1 "Stealing"
0 176 49 285 239 180 1 0 1 "Stealing"
0 176 49 285 239 181 1 0 1 "Stealing"
0 176 49 285 239 182 1 0 1 "Stealing"
0 176 49 285 239 183 1 0 1 "Stealing"
0 176 49 285 239 184 1 0 1 "Stealing"
0 176 49 285 239 185 1 0 1 "Stealing"
0 176 49 285 239 186 1 0 1 "Stealing"
0 176 49 285 239 187 1 0 1 "Stealing"
0 176 49 285 239 188 1 0 1 "Stealing"
0 176 49 285 239 189 1 0 1 "Stealing"
0 176 49 285 239 190 1 0 1 "Stealing"
0 176 49 285 239 191 1 0 1 "Stealing"
0 176 49 285 239 192 1 0 1 "Stealing"
0 176 49 285 239 193 1 0 1 "Stealing"
0 176 49 285 239 194 1 0 1 "Stealing"
0 176 49 285 239 195 1 0 1 "Stealing"
0 176 49 285 239 196 1 0 1 "Stealing"
0 176 49 285 239 197 1 0 1 "Stealing"
0 176 49 285 239 198 1 0 1 "Stealing"
0 176 49 285 239 199 1 0 1 "Stealing"
0 176 49 285 239 200 1 0 1 "Stealing"
0 176 49 285 239 201 1 0 1 "Stealing"
0 176 49 285 239 202 1 0 1 "Stealing"
0 176 49 285 239 203 1 0 1 "Stealing"
0 176 49 285 239 204 1 0 1 "Stealing"
0 176 49 285 239 205 1 0 1 "Stealing"
0 176 49 285 239 206 1 0 1 "Stealing"
0 176 49 285 239 207 1 0 1 "Stealing"
0 176 49 285 239 208 1 0 1 "Stealing"
0 176 49 285 239 209 1 0 1 "Stealing"
0 176 49 285 239 210 1 0 1 "Stealing"
0 176 49 285 239 211 1 0 1 "Stealing"
0 176 49 285 239 212 1 0 1 "Stealing"
0 176 49 285 239 213 1 0 1 "Stealing"
0 176 49 285 239 214 1 0 1 "Stealing"
0 176 49 285 239 215 1 0 1 "Stealing"
0 176 49 285 239 216 0 0 0 "Stealing"
0 176 50 285 239 217 0 0 1 "Stealing"
0 177 52 286 239 218 0 0 1 "Stealing"
0 178 53 286 239 219 0 0 1 "Stealing"
0 178 55 287 239 220 0 0 1 "Stealing"
0 179 56 287 239 221 0 0 1 "Stealing"
0 180 58 288 239 222 0 0 0 "Stealing"
0 167 62 293 239 223 0 0 1 "Stealing"
0 154 67 298 239 224 0 0 1 "Stealing"
0 142 71 303 239 225 0 0 1 "Stealing"
0 129 76 308 239 226 0 0 1 "Stealing"
0 116 80 313 239 227 0 0 1 "Stealing"
0 104 85 319 239 228 0 0 0 "Stealing"
0 107 85 319 239 229 0 0 1 "Stealing"
0 110 85 319 239 230 0 0 1 "Stealing"
0 114 85 319 239 231 0 0 1 "Stealing"
0 117 85 319 239 232 0 0 1 "Stealing"
0 120 86 319 239 233 0 0 1 "Stealing"
0 124 86 319 239 234 0 0 1 "Stealing"
0 127 86 319 239 235 0 0 1 "Stealing"
0 130 86 319 239 236 0 0 1 "Stealing"
0 134 87 319 239 237 0 0 0 "Stealing"
0 134 87 319 239 238 0 0 1 "Stealing"
0 135 87 319 239 239 0 0 1 "Stealing"
0 136 87 319 239 240 0 0 1 "Stealing"
0 136 87 319 239 241 0 0 1 "Stealing"
0 137 87 319 239 242 0 0 1 "Stealing"
0 138 87 319 239 243 0 0 1 "Stealing"
0 139 87 319 239 244 0 0 1 "Stealing"
0 139 88 319 239 245 0 0 1 "Stealing"
0 140 88 319 239 246 0 0 1 "Stealing"
0 141 88 319 239 247 0 0 1 "Stealing"
0 142 88 319 239 248 0 0 1 "Stealing"
0 142 88 319 239 249 0 0 1 "Stealing"
0 143 88 319 239 250 0 0 1 "Stealing"
0 144 88 319 239 251 0 0 1 "Stealing"
0 145 89 319 239 252 0 0 0 "Stealing"
0 146 88 318 238 253 0 0 1 "Stealing"
0 147 87 318 238 254 0 0 1 "Stealing"
0 148 87 318 238 255 0 0 1 "Stealing"
0 149 86 318 238 256 0 0 1 "Stealing"
0 150 86 318 238 257 0 0 1 "Stealing"
0 151 85 318 238 258 0 0 1 "Stealing"
0 152 85 318 238 259 0 0 1 "Stealing"
0 153 84 318 237 260 0 0 1 "Stealing"
0 154 84 318 237 261 0 0 1 "Stealing"
0 155 83 318 237 262 0 0 1 "Stealing"
0 156 83 318 237 263 0 0 1 "Stealing"
0 157 82 318 237 264 0 0 1 "Stealing"
0 158 82 318 237 265 0 0 1 "Stealing"
0 159 81 318 237 266 0 0 1 "Stealing"
0 161 81 318 237 267 0 0 0 "Stealing"
0 159 79 316 237 268 0 0 1 "Stealing"
0 157 77 314 237 269 0 0 1 "Stealing"
0 155 75 312 237 270 0 0 1 "Stealing"
0 154 73 310 237 271 0 0 1 "Stealing"
0 152 71 308 237 272 0 0 1 "Stealing"
0 150 69 307 238 273 0 0 1 "Stealing"
0 148 67 305 238 274 0 0 1 "Stealing"
0 147 65 303 238 275 0 0 1 "Stealing"
0 145 63 301 238 276 0 0 1 "Stealing"
0 143 61 299 238 277 0 0 1 "Stealing"
0 142 59 298 239 278 0 0 0 "Stealing"
0 138 58 298 238 279 0 0 1 "Stealing"
0 135 58 298 237 280 0 0 1 "Stealing"
0 131 58 298 236 281 0 0 1 "Stealing"
0 128 58 298 235 282 0 0 1 "Stealing"
0 125 58 299 235 283 0 0 0 "Stealing"
0 119 58 299 234 284 0 0 1 "Stealing"
0 113 58 299 234 285 0 0 1 "Stealing"
0 107 58 299 234 286 0 0 1 "Stealing"
0 102 58 299 234 287 0 0 0 "Stealing"
0 102 58 299 234 288 0 0 1 "Stealing"
0 102 58 299 234 289 0 0 1 "Stealing"
0 102 59 299 235 290 0 0 0 "Stealing"
0 101 59 302 234 291 0 0 1 "Stealing"
0 101 59 306 234 292 0 0 1 "Stealing"
0 101 59 310 234 293 0 0 0 "Stealing"
0 97 59 306 234 294 0 0 1 "Stealing"
0 93 59 302 234 295 0 0 1 "Stealing"
0 89 59 298 234 296 0 0 0 "Stealing"
0 87 57 296 232 297 0 0 1 "Stealing"
0 86 56 295 231 298 0 0 1 "Stealing"
0 84 55 293 230 299 0 0 1 "Stealing"
0 83 54 292 229 300 0 0 0 "Stealing"
0 83 53 288 228 301 0 0 1 "Stealing"
0 83 53 285 228 302 0 0 1 "Stealing"
0 83 53 282 227 303 0 0 1 "Stealing"
0 83 52 279 227 304 0 0 1 "Stealing"
0 83 52 276 226 305 0 0 1 "Stealing"
0 83 52 273 226 306 0 0 1 "Stealing"
0 83 52 270 226 307 0 0 0 "Stealing"
0 83 52 268 225 308 0 0 1 "Stealing"
0 83 52 267 225 309 0 0 1 "Stealing"
0 83 52 266 225 310 0 0 1 "Stealing"
0 83 52 264 225 311 0 0 1 "Stealing"
0 83 52 263 225 312 0 0 1 "Stealing"
0 83 52 262 225 313 0 0 1 "Stealing"
0 83 52 261 225 314 0 0 0 "Stealing"
0 84 52 261 225 315 0 0 1 "Stealing"
0 86 53 261 226 316 0 0 1 "Stealing"
0 88 54 261 226 317 0 0 1 "Stealing"
0 90 54 261 227 318 0 0 1 "Stealing"
0 92 55 261 227 319 0 0 1 "Stealing"
0 94 56 261 228 320 0 0 1 "Stealing"
0 96 57 261 229 321 0 0 0 "Stealing"
0 99 58 261 230 322 0 0 1 "Stealing"
0 102 60 262 232 323 0 0 1 "Stealing"
0 105 62 262 233 324 0 0 1 "Stealing"
0 108 64 263 235 325 0 0 1 "Stealing"
0 112 66 264 237 326 0 0 0 "Stealing"
0 115 65 267 237 327 0 0 1 "Stealing"
0 118 64 270 237 328 0 0 1 "Stealing"
0 121 63 273 237 329 0 0 1 "Stealing"
0 125 62 276 237 330 0 0 1 "Stealing"
0 128 61 279 237 331 0 0 1 "Stealing"
0 131 60 283 238 332 0 0 1 "Stealing"
0 134 59 286 238 333 0 0 1 "Stealing"
0 138 58 289 238 334 0 0 1 "Stealing"
0 141 57 292 238 335 0 0 1 "Stealing"
0 144 56 295 238 336 0 0 1 "Stealing"
0 148 56 299 239 337 0 0 0 "Stealing"
0 152 56 303 239 338 0 0 1 "Stealing"
0 156 57 307 239 339 0 0 1 "Stealing"
0 160 57 311 239 340 0 0 1 "Stealing"
0 165 58 316 239 341 0 0 0 "Stealing"
0 168 58 316 239 342 0 0 1 "Stealing"
0 172 59 317 239 343 0 0 1 "Stealing"
0 175 59 318 239 344 0 0 1 "Stealing"
0 179 60 319 239 345 0 0 0 "Stealing"
0 181 61 319 239 346 0 0 1 "Stealing"
0 183 62 319 239 347 0 0 1 "Stealing"
0 185 63 319 239 348 0 0 1 "Stealing"
0 187 64 319 239 349 0 0 1 "Stealing"
0 190 66 319 239 350 0 0 0 "Stealing"
0 190 66 318 239 351 0 0 1 "Stealing"
0 190 67 318 239 352 0 0 1 "Stealing"
0 190 67 318 239 353 0 0 1 "Stealing"
0 190 68 318 239 354 0 0 1 "Stealing"
0 190 69 318 239 355 0 0 1 "Stealing"
0 190 69 318 239 356 0 0 1 "Stealing"
0 190 70 318 239 357 0 0 1 "Stealing"
0 190 70 318 239 358 0 0 1 "Stealing"
0 190 71 318 239 359 0 0 1 "Stealing"
0 190 72 318 239 360 0 0 1 "Stealing"
0 190 72 318 239 361 0 0 1 "Stealing"
0 190 73 318 239 362 0 0 1 "Stealing"
0 190 74 318 239 363 0 0 1 "Stealing"
0 190 74 318 239 364 0 0 1 "Stealing"
0 190 75 318 239 365 0 0 1 "Stealing"
0 190 75 318 239 366 0 0 1 "Stealing"
0 190 76 318 239 367 0 0 1 "Stealing"
0 190 77 318 239 368 0 0 1 "Stealing"
0 190 77 318 239 369 0 0 1 "Stealing"
0 190 78 318 239 370 0 0 1 "Stealing"
0 190 78 318 239 371 0 0 1 "Stealing"
0 190 79 318 239 372 0 0 1 "Stealing"
0 190 80 318 239 373 0 0 1 "Stealing"
0 190 80 318 239 374 0 0 1 "Stealing"
0 190 81 318 239 375 0 0 1 "Stealing"
0 190 82 318 239 376 0 0 1 "Stealing"
0 190 82 318 239 377 0 0 1 "Stealing"
0 190 83 318 239 378 0 0 1 "Stealing"
0 190 83 318 239 379 0 0 1 "Stealing"
0 190 84 318 239 380 0 0 1 "Stealing"
0 190 85 318 239 381 0 0 1 "Stealing"
0 190 85 318 239 382 0 0 1 "Stealing"
0 190 86 318 239 383 0 0 1 "Stealing"
0 190 86 318 239 384 0 0 1 "Stealing"
0 190 87 318 239 385 0 0 1 "Stealing"
0 190 88 318 239 386 0 0 1 "Stealing"
0 190 88 318 239 387 0 0 1 "Stealing"
0 190 89 318 239 388 0 0 1 "Stealing"
0 190 90 318 239 389 0 0 1 "Stealing"
0 190 90 318 239 390 0 0 1 "Stealing"
0 190 91 318 239 391 0 0 1 "Stealing"
0 190 91 318 239 392 0 0 1 "Stealing"
0 190 92 318 239 393 0 0 1 "Stealing"
0 190 93 318 239 394 0 0 1 "Stealing"
0 190 93 318 239 395 0 0 1 "Stealing"
0 190 94 318 239 396 0 0 1 "Stealing"
0 190 95 318 239 397 0 0 0 "Stealing"
0 191 94 318 238 398 0 0 1 "Stealing"
0 192 93 318 237 399 0 0 1 "Stealing"
0 193 92 318 236 400 0 0 1 "Stealing"
0 194 92 318 236 401 0 0 1 "Stealing"
0 195 91 318 235 402 0 0 1 "Stealing"
0 196 90 318 234 403 0 0 1 "Stealing"
0 198 90 318 234 404 0 0 1 "Stealing"
0 199 89 318 233 405 0 0 1 "Stealing"
0 200 88 318 232 406 0 0 1 "Stealing"
0 201 87 318 231 407 0 0 1 "Stealing"
0 202 87 318 231 408 0 0 1 "Stealing"
0 203 86 318 230 409 0 0 1 "Stealing"
0 204 85 318 229 410 0 0 1 "Stealing"
0 206 85 319 229 411 0 0 0 "Stealing"
0 204 84 317 228 412 0 0 1 "Stealing"
0 202 84 315 228 413 0 0 1 "Stealing"
0 200 84 313 228 414 0 0 1 "Stealing"
0 198 83 311 227 415 0 0 1 "Stealing"
0 196 83 309 227 416 0 0 1 "Stealing"
0 195 83 308 227 417 0 0 1 "Stealing"
0 193 83 306 227 418 0 0 1 "Stealing"
0 191 82 304 226 419 0 0 1 "Stealing"
0 189 82 302 226 420 0 0 1 "Stealing"
0 187 82 300 226 421 0 0 1 "Stealing"
0 186 82 299 226 422 0 0 0 "Stealing"
0 185 81 298 225 423 0 0 1 "Stealing"
0 185 80 298 224 424 0 0 1 "Stealing"
0 184 80 297 224 425 0 0 1 "Stealing"
0 184 79 297 223 426 0 0 1 "Stealing"
0 184 79 297 223 427 0 0 1 "Stealing"
0 183 78 296 222 428 0 0 1 "Stealing"
0 183 78 296 222 429 0 0 1 "Stealing"
0 183 77 296 221 430 0 0 1 "Stealing"
0 182 76 295 220 431 0 0 1 "Stealing"
0 182 76 295 220 432 0 0 1 "Stealing"
0 181 75 294 219 433 0 0 1 "Stealing"
0 181 75 294 219 434 0 0 1 "Stealing"
0 181 74 294 218 435 0 0 1 "Stealing"
0 180 74 293 218 436 0 0 1 "Stealing"
0 180 73 293 217 437 0 0 1 "Stealing"
0 180 73 293 217 438 0 0 0 "Stealing"
0 177 72 290 216 439 0 0 1 "Stealing"
0 175 72 288 216 440 0 0 1 "Stealing"
0 173 71 286 215 441 0 0 1 "Stealing"
0 171 71 284 215 442 0 0 1 "Stealing"
0 169 71 282 215 443 0 0 1 "Stealing"
0 166 70 279 214 444 0 0 1 "Stealing"
0 164 70 277 214 445 0 0 1 "Stealing"
0 162 69 275 213 446 0 0 1 "Stealing"
0 160 69 273 213 447 0 0 1 "Stealing"
0 158 69 271 213 448 0 0 0 "Stealing"
0 158 69 271 212 449 0 0 1 "Stealing"
0 158 69 271 212 450 0 0 1 "Stealing"
0 158 69 271 212 451 0 0 1 "Stealing"
0 158 69 272 212 452 0 0 1 "Stealing"
0 158 69 272 212 453 0 0 1 "Stealing"
0 158 69 272 212 454 0 0 1 "Stealing"
0 158 69 273 212 455 0 0 1 "Stealing"
0 158 69 273 212 456 0 0 1 "Stealing"
0 158 69 273 212 457 0 0 1 "Stealing"
0 158 69 274 212 458 0 0 1 "Stealing"
0 158 69 274 212 459 0 0 1 "Stealing"
0 158 69 274 212 460 0 0 1 "Stealing"
0 158 69 275 212 461 0 0 1 "Stealing"
0 158 69 275 212 462 0 0 1 "Stealing"
0 158 69 275 212 463 0 0 1 "Stealing"
0 158 69 276 212 464 0 0 1 "Stealing"
0 158 69 276 212 465 0 0 1 "Stealing"
0 158 69 276 212 466 0 0 1 "Stealing"
0 158 69 277 212 467 0 0 1 "Stealing"
0 158 69 277 212 468 0 0 1 "Stealing"
0 158 69 277 212 469 0 0 1 "Stealing"
0 158 69 278 212 470 0 0 1 "Stealing"
0 158 69 278 212 471 0 0 1 "Stealing"
0 158 69 278 212 472 0 0 1 "Stealing"
0 158 69 279 212 473 0 0 1 "Stealing"
0 158 69 279 212 474 0 0 1 "Stealing"
0 158 69 279 212 475 0 0 1 "Stealing"
0 158 69 280 212 476 0 0 1 "Stealing"
0 158 69 280 212 477 0 0 1 "Stealing"
0 158 69 280 212 478 0 0 1 "Stealing"
0 158 69 281 212 479 0 0 1 "Stealing"
0 158 69 281 212 480 0 0 1 "Stealing"
0 158 69 281 212 481 0 0 1 "Stealing"
0 158 69 282 212 482 0 0 1 "Stealing"
0 158 69 282 212 483 0 0 1 "Stealing"
0 158 69 282 212 484 0 0 1 "Stealing"
0 158 69 283 212 485 0 0 1 "Stealing"
0 158 69 283 212 486 0 0 1 "Stealing"
0 158 69 283 212 487 0 0 1 "Stealing"
0 158 69 284 212 488 0 0 1 "Stealing"
0 158 69 284 212 489 0 0 1 "Stealing"
0 158 69 284 212 490 0 0 1 "Stealing"
0 158 69 285 212 491 0 0 1 "Stealing"
0 158 69 285 212 492 0 0 1 "Stealing"
0 158 69 285 212 493 0 0 1 "Stealing"
0 158 69 286 212 494 0 0 1 "Stealing"
0 158 69 286 212 495 0 0 1 "Stealing"
0 158 69 286 212 496 0 0 1 "Stealing"
0 158 69 287 212 497 0 0 1 "Stealing"
0 158 69 287 212 498 0 0 1 "Stealing"
0 158 69 287 212 499 0 0 1 "Stealing"
0 158 69 288 212 500 0 0 0 "Stealing"
0 158 68 288 211 501 0 0 1 "Stealing"
0 159 68 289 211 502 0 0 1 "Stealing"
0 160 67 290 210 503 0 0 1 "Stealing"
0 161 67 291 210 504 0 0 1 "Stealing"
0 162 67 292 210 505 0 0 1 "Stealing"
0 162 66 292 209 506 0 0 1 "Stealing"
0 163 66 293 209 507 0 0 1 "Stealing"
0 164 66 294 209 508 0 0 1 "Stealing"
0 165 65 295 208 509 0 0 1 "Stealing"
0 166 65 296 208 510 0 0 1 "Stealing"
0 166 65 296 208 511 0 0 1 "Stealing"
0 167 64 297 207 512 0 0 1 "Stealing"
0 168 64 298 207 513 0 0 1 "Stealing"
0 169 64 299 207 514 0 0 1 "Stealing"
0 170 63 300 206 515 0 0 1 "Stealing"
0 170 63 300 206 516 0 0 1 "Stealing"
0 171 63 301 206 517 0 0 1 "Stealing"
0 172 62 302 205 518 0 0 1 "Stealing"
0 173 62 303 205 519 0 0 1 "Stealing"
0 174 62 304 205 520 0 0 0 "Stealing"
0 175 60 303 203 521 0 0 1 "Stealing"
0 176 59 302 202 522 0 0 1 "Stealing"
0 177 57 301 200 523 0 0 1 "Stealing"
0 178 56 301 199 524 0 0 1 "Stealing"
0 179 55 300 197 525 0 0 1 "Stealing"
0 180 53 299 196 526 0 0 1 "Stealing"
0 181 52 298 194 527 0 0 1 "Stealing"
0 182 51 298 193 528 0 0 1 "Stealing"
0 183 49 297 191 529 0 0 1 "Stealing"
0 184 48 296 190 530 0 0 1 "Stealing"
0 185 47 296 189 531 1 0 0 "Stealing"
0 184 46 295 188 532 1 0 1 "Stealing"
0 183 45 294 187 533 1 0 1 "Stealing"
0 183 44 294 186 534 1 0 1 "Stealing"
0 182 43 293 185 535 1 0 1 "Stealing"
0 182 42 293 184 536 1 0 1 "Stealing"
0 181 41 292 183 537 1 0 1 "Stealing"
0 181 40 292 182 538 1 0 1 "Stealing"
0 180 39 291 181 539 1 0 1 "Stealing"
0 180 38 291 180 540 1 0 1 "Stealing"
0 179 37 290 179 541 1 0 1 "Stealing"
0 179 37 290 179 542 1 0 0 "Stealing"
0 179 37 290 179 543 1 0 1 "Stealing"
0 179 37 290 179 544 1 0 1 "Stealing"
0 179 37 290 179 545 1 0 1 "Stealing"
0 179 37 290 179 546 1 0 1 "Stealing"
0 179 37 290 179 547 1 0 1 "Stealing"
0 179 37 290 179 548 1 0 1 "Stealing"
0 179 37 290 179 549 1 0 1 "Stealing"
0 179 37 290 179 550 1 0 1 "Stealing"
0 179 37 290 179 551 1 0 1 "Stealing"
0 179 37 290 179 552 1 0 1 "Stealing"
0 179 37 290 179 553 1 0 1 "Stealing"
0 179 37 290 179 554 1 0 1 "Stealing"
0 179 37 290 179 555 1 0 1 "Stealing"
0 179 37 290 179 556 1 0 1 "Stealing"
0 179 37 290 179 557 1 0 1 "Stealing"
0 179 37 290 179 558 1 0 1 "Stealing"
0 179 37 290 179 559 1 0 1 "Stealing"
0 179 37 290 179 560 1 0 1 "Stealing"
0 179 37 290 179 561 1 0 1 "Stealing"
0 179 37 290 179 562 1 0 1 "Stealing"
0 179 37 290 179 563 1 0 1 "Stealing"
0 179 37 290 179 564 1 0 1 "Stealing"
0 179 37 290 179 565 1 0 1 "Stealing"
0 179 37 290 179 566 1 0 1 "Stealing"
0 179 37 290 179 567 1 0 1 "Stealing"
0 179 37 290 179 568 1 0 1 "Stealing"
0 179 37 290 179 569 1 0 1 "Stealing"
0 179 37 290 179 570 1 0 1 "Stealing"
0 179 37 290 179 571 1 0 1 "Stealing"
0 179 37 290 179 572 1 0 1 "Stealing"
0 179 37 290 179 573 1 0 1 "Stealing"
0 179 37 290 179 574 1 0 1 "Stealing"
0 179 37 290 179 575 1 0 1 "Stealing"
0 179 37 290 179 576 1 0 1 "Stealing"
0 179 37 290 179 577 1 0 1 "Stealing"
0 179 37 290 179 578 1 0 1 "Stealing"
0 179 37 290 179 579 1 0 1 "Stealing"
0 179 37 290 179 580 1 0 1 "Stealing"
0 179 37 290 179 581 1 0 1 "Stealing"
0 179 37 290 179 582 1 0 1 "Stealing"
0 179 37 290 179 583 1 0 1 "Stealing"
0 179 37 290 179 584 1 0 1 "Stealing"
0 179 37 290 179 585 1 0 1 "Stealing"
0 179 37 290 179 586 1 0 1 "Stealing"
0 179 37 290 179 587 1 0 1 "Stealing"
0 179 37 290 179 588 1 0 1 "Stealing"
0 179 37 290 179 589 1 0 1 "Stealing"
0 179 37 290 179 590 1 0 1 "Stealing"
0 179 37 290 179 591 1 0 1 "Stealing"
0 179 37 290 179 592 1 0 1 "Stealing"
0 179 37 290 179 593 1 0 1 "Stealing"
0 179 37 290 179 594 1 0 1 "Stealing"
0 179 37 290 179 595 1 0 1 "Stealing"
0 179 37 290 179 596 1 0 1 "Stealing"
0 179 37 290 179 597 1 0 1 "Stealing"
0 179 37 290 179 598 1 0 1 "Stealing"
0 179 37 290 179 599 1 0 1 "Stealing"
0 179 37 290 179 600 1 0 1 "Stealing"
0 179 37 290 179 601 1 0 1 "Stealing"
0 179 37 290 179 602 1 0 1 "Stealing"
0 179 37 290 179 603 1 0 1 "Stealing"
0 179 37 290 179 604 1 0 1 "Stealing"
0 179 37 290 179 605 1 0 1 "Stealing"
0 179 37 290 179 606 1 0 1 "Stealing"
0 179 37 290 179 607 1 0 1 "Stealing"
0 179 37 290 179 608 1 0 1 "Stealing"
0 179 37 290 179 609 1 0 1 "Stealing"
0 179 37 290 179 610 1 0 1 "Stealing"
0 179 37 290 179 611 1 0 1 "Stealing"
0 179 37 290 179 612 1 0 1 "Stealing"
0 179 37 290 179 613 1 0 1 "Stealing"
0 179 37 290 179 614 1 0 1 "Stealing"
0 179 37 290 179 615 1 0 1 "Stealing"
0 179 37 290 179 616 1 0 1 "Stealing"
0 179 37 290 179 617 1 0 1 "Stealing"
0 179 37 290 179 618 1 0 1 "Stealing"
0 179 37 290 179 619 1 0 1 "Stealing"
0 179 37 290 179 620 1 0 1 "Stealing"
0 179 37 290 179 621 1 0 1 "Stealing"
0 179 37 290 179 622 1 0 1 "Stealing"
0 179 37 290 179 623 1 0 1 "Stealing"
0 179 37 290 179 624 1 0 1 "Stealing"
0 179 37 290 179 625 1 0 1 "Stealing"
0 179 37 290 179 626 1 0 1 "Stealing"
0 179 37 290 179 627 1 0 1 "Stealing"
0 179 37 290 179 628 1 0 1 "Stealing"
0 179 37 290 179 629 1 0 0 "Stealing"
