0 99 75 177 183 0 1 0 0 "Stealing"
0 99 75 177 183 1 1 0 1 "Stealing"
0 99 75 177 183 2 1 0 1 "Stealing"
0 99 75 177 183 3 1 0 1 "Stealing"
0 99 75 177 183 4 1 0 1 "Stealing"
0 99 75 177 183 5 1 0 1 "Stealing"
0 99 75 177 183 6 1 0 1 "Stealing"
0 99 75 177 183 7 1 0 1 "Stealing"
0 99 75 177 183 8 1 0 1 "Stealing"
0 99 75 177 183 9 1 0 1 "Stealing"
0 99 75 177 183 10 1 0 1 "Stealing"
0 99 75 177 183 11 1 0 1 "Stealing"
0 99 75 177 183 12 1 0 1 "Stealing"
0 99 75 177 183 13 1 0 1 "Stealing"
0 99 75 177 183 14 1 0 1 "Stealing"
0 99 75 177 183 15 1 0 1 "Stealing"
0 99 75 177 183 16 1 0 1 "Stealing"
0 99 75 177 183 17 1 0 1 "Stealing"
0 99 75 177 183 18 1 0 1 "Stealing"
0 99 75 177 183 19 1 0 1 "Stealing"
0 99 75 177 183 20 1 0 1 "Stealing"
0 99 75 177 183 21 1 0 1 "Stealing"
0 99 75 177 183 22 1 0 1 "Stealing"
0 99 75 177 183 23 1 0 1 "Stealing"
0 99 75 177 183 24 1 0 1 "Stealing"
0 99 75 177 183 25 1 0 1 "Stealing"
0 99 75 177 183 26 1 0 1 "Stealing"
0 99 75 177 183 27 1 0 1 "Stealing"
0 99 75 177 183 28 1 0 1 "Stealing"
0 99 75 177 183 29 1 0 1 "Stealing"
0 99 75 177 183 30 1 0 1 "Stealing"
0 99 75 177 183 31 1 0 1 "Stealing"
0 99 75 177 183 32 1 0 1 "Stealing"
0 99 75 177 183 33 1 0 1 "Stealing"
0 99 75 177 183 34 1 0 1 "Stealing"
0 99 75 177 183 35 1 0 1 "Stealing"
0 99 75 177 183 36 1 0 1 "Stealing"
0 99 75 177 183 37 1 0 1 "Stealing"
0 99 75 177 183 38 1 0 1 "Stealing"
0 99 75 177 183 39 1 0 1 "Stealing"
0 99 75 177 183 40 1 0 1 "Stealing"
0 99 75 177 183 41 1 0 1 "Stealing"
0 99 75 177 183 42 1 0 1 "Stealing"
0 99 75 177 183 43 1 0 1 "Stealing"
0 99 75 177 183 44 1 0 1 "Stealing"
0 99 75 177 183 45 1 0 1 "Stealing"
0 99 75 177 183 46 1 0 1 "Stealing"
0 99 75 177 183 47 1 0 1 "Stealing"
0 99 75 177 183 48 1 0 1 "Stealing"
0 99 75 177 183 49 1 0 1 "Stealing"
0 99 75 177 183 50 1 0 1 "Stealing"
0 99 75 177 183 51 1 0 1 "Stealing"
0 99 75 177 183 52 1 0 1 "Stealing"
0 99 75 177 183 53 1 0 1 "Stealing"
0 99 75 177 183 54 1 0 1 "Stealing"
0 99 75 177 183 55 1 0 1 "Stealing"
0 99 75 177 183 56 1 0 1 "Stealing"
0 99 75 177 183 57 1 0 1 "Stealing"
0 99 75 177 183 58 1 0 1 "Stealing"
0 99 75 177 183 59 1 0 1 "Stealing"
0 99 75 177 183 60 1 0 1 "Stealing"
0 99 75 177 183 61 1 0 1 "Stealing"
0 99 75 177 183 62 1 0 1 "Stealing"
0 99 75 177 183 63 1 0 1 "Stealing"
0 99 75 177 183 64 1 0 1 "Stealing"
0 99 75 177 183 65 1 0 1 "Stealing"
0 99 75 177 183 66 1 0 1 "Stealing"
0 99 75 177 183 67 1 0 1 "Stealing"
0 99 75 177 183 68 1 0 1 "Stealing"
0 99 75 177 183 69 1 0 1 "Stealing"
0 99 75 177 183 70 1 0 1 "Stealing"
0 99 75 177 183 71 1 0 1 "Stealing"
0 99 75 177 183 72 1 0 1 "Stealing"
0 99 75 177 183 73 1 0 1 "Stealing"
0 99 75 177 183 74 1 0 1 "Stealing"
0 99 75 177 183 75 1 0 1 "Stealing"
0 99 75 177 183 76 1 0 1 "Stealing"
0 99 75 177 183 77 1 0 1 "Stealing"
0 99 75 177 183 78 1 0 1 "Stealing"
0 99 75 177 183 79 1 0 1 "Stealing"
0 99 75 177 183 80 1 0 1 "Stealing"
0 99 75 177 183 81 1 0 1 "Stealing"
0 99 75 177 183 82 1 0 1 "Stealing"
0 99 75 177 183 83 1 0 1 "Stealing"
0 99 75 177 183 84 1 0 1 "Stealing"
0 99 75 177 183 85 1 0 1 "Stealing"
0 99 75 177 183 86 1 0 1 "Stealing"
0 99 75 177 183 87 1 0 1 "Stealing"
0 99 75 177 183 88 1 0 1 "Stealing"
0 99 75 177 183 89 1 0 1 "Stealing"
0 99 75 177 183 90 1 0 1 "Stealing"
0 99 75 177 183 91 1 0 1 "Stealing"
0 99 75 177 183 92 1 0 1 "Stealing"
0 99 75 177 183 93 1 0 1 "Stealing"
0 99 75 177 183 94 1 0 1 "Stealing"
0 99 75 177 183 95 1 0 1 "Stealing"
0 99 75 177 183 96 1 0 1 "Stealing"
0 99 75 177 183 97 1 0 1 "Stealing"
0 99 75 177 183 98 1 0 1 "Stealing"
0 99 75 177 183 99 1 0 1 "Stealing"
0 99 75 177 183 100 1 0 1 "Stealing"
0 99 75 177 183 101 1 0 1 "Stealing"
0 99 75 177 183 102 1 0 1 "Stealing"
0 99 75 177 183 103 1 0 1 "Stealing"
0 99 75 177 183 104 1 0 1 "Stealing"
0 99 75 177 183 105 1 0 1 "Stealing"
0 99 75 177 183 106 1 0 1 "Stealing"
0 99 75 177 183 107 1 0 1 "Stealing"
0 99 75 177 183 108 1 0 1 "Stealing"
0 99 75 177 183 109 1 0 1 "Stealing"
0 99 75 177 183 110 1 0 1 "Stealing"
0 99 75 177 183 111 1 0 1 "Stealing"
0 99 75 177 183 112 1 0 1 "Stealing"
0 99 75 177 183 113 1 0 1 "Stealing"
0 99 75 177 183 114 1 0 1 "Stealing"
0 99 75 177 183 115 1 0 1 "Stealing"
0 99 75 177 183 116 1 0 1 "Stealing"
0 99 75 177 183 117 1 0 1 "Stealing"
0 99 75 177 183 118 1 0 1 "Stealing"
0 99 75 177 183 119 1 0 1 "Stealing"
0 99 75 177 183 120 1 0 1 "Stealing"
0 99 75 177 183 121 1 0 1 "Stealing"
0 99 75 177 183 122 1 0 1 "Stealing"
0 99 75 177 183 123 1 0 1 "Stealing"
0 99 75 177 183 124 1 0 1 "Stealing"
0 99 75 177 183 125 1 0 1 "Stealing"
0 99 75 177 183 126 1 0 1 "Stealing"
0 99 75 177 183 127 1 0 1 "Stealing"
0 99 75 177 183 128 1 0 1 "Stealing"
0 99 75 177 183 129 1 0 1 "Stealing"
0 99 75 177 183 130 1 0 1 "Stealing"
0 99 75 177 183 131 1 0 1 "Stealing"
0 99 75 177 183 132 1 0 1 "Stealing"
0 99 75 177 183 133 1 0 1 "Stealing"
0 99 75 177 183 134 1 0 1 "Stealing"
0 99 75 177 183 135 1 0 1 "Stealing"
0 99 75 177 183 136 1 0 1 "Stealing"
0 99 75 177 183 137 1 0 1 "Stealing"
0 99 75 177 183 138 1 0 1 "Stealing"
0 99 75 177 183 139 1 0 1 "Stealing"
0 99 75 177 183 140 1 0 1 "Stealing"
0 99 75 177 183 141 1 0 1 "Stealing"
0 99 75 177 183 142 1 0 1 "Stealing"
0 99 75 177 183 143 1 0 1 "Stealing"
0 99 75 177 183 144 1 0 1 "Stealing"
0 99 75 177 183 145 1 0 1 "Stealing"
0 99 75 177 183 146 1 0 1 "Stealing"
0 99 75 177 183 147 1 0 1 "Stealing"
0 99 75 177 183 148 1 0 1 "Stealing"
0 99 75 177 183 149 1 0 1 "Stealing"
0 99 75 177 183 150 1 0 1 "Stealing"
0 99 75 177 183 151 1 0 1 "Stealing"
0 99 75 177 183 152 1 0 1 "Stealing"
0 99 75 177 183 153 1 0 1 "Stealing"
0 99 75 177 183 154 1 0 1 "Stealing"
0 99 75 177 183 155 1 0 1 "Stealing"
0 99 75 177 183 156 1 0 1 "Stealing"
0 99 75 177 183 157 1 0 1 "Stealing"
0 99 75 177 183 158 1 0 1 "Stealing"
0 99 75 177 183 159 1 0 1 "Stealing"
0 99 75 177 183 160 1 0 1 "Stealing"
0 99 75 177 183 161 1 0 1 "Stealing"
0 99 75 177 183 162 1 0 1 "Stealing"
0 99 75 177 183 163 1 0 1 "Stealing"
0 99 75 177 183 164 1 0 1 "Stealing"
0 99 75 177 183 165 1 0 1 "Stealing"
0 99 75 177 183 166 1 0 1 "Stealing"
0 99 75 177 183 167 1 0 1 "Stealing"
0 99 75 177 183 168 1 0 1 "Stealing"
0 99 75 177 183 169 1 0 1 "Stealing"
0 99 75 177 183 170 1 0 1 "Stealing"
0 99 75 177 183 171 1 0 1 "Stealing"
0 99 75 177 183 172 1 0 1 "Stealing"
0 99 75 177 183 173 1 0 1 "Stealing"
0 99 75 177 183 174 1 0 1 "Stealing"
0 99 75 177 183 175 1 0 1 "Stealing"
0 99 75 177 183 176 1 0 1 "Stealing"
0 99 75 177 183 177 1 0 1 "Stealing"
0 99 75 177 183 178 1 0 1 "Stealing"
0 99 75 177 183 179 1 0 1 "Stealing"
0 99 75 177 183 180 1 0 1 "Stealing"
0 99 75 177 183 181 1 0 1 "Stealing"
0 99 75 177 183 182 1 0 1 "Stealing"
0 99 75 177 183 183 1 0 1 "Stealing"
0 99 75 177 183 184 1 0 1 "Stealing"
0 99 75 177 183 185 1 0 1 "Stealing"
0 99 75 177 183 186 1 0 1 "Stealing"
0 99 75 177 183 187 1 0 1 "Stealing"
0 99 75 177 183 188 1 0 1 "Stealing"
0 99 75 177 183 189 1 0 1 "Stealing"
0 99 75 177 183 190 1 0 1 "Stealing"
0 99 75 177 183 191 1 0 1 "Stealing"
0 99 75 177 183 192 1 0 1 "Stealing"
0 99 75 177 183 193 1 0 1 "Stealing"
0 99 75 177 183 194 1 0 1 "Stealing"
0 99 75 177 183 195 1 0 1 "Stealing"
0 99 75 177 183 196 1 0 1 "Stealing"
0 99 75 177 183 197 1 0 1 "Stealing"
0 99 75 177 183 198 1 0 1 "Stealing"
0 99 75 177 183 199 1 0 1 "Stealing"
0 99 75 177 183 200 1 0 1 "Stealing"
0 99 75 177 183 201 1 0 1 "Stealing"
0 99 75 177 183 202 1 0 1 "Stealing"
0 99 75 177 183 203 1 0 1 "Stealing"
0 99 75 177 183 204 1 0 1 "Stealing"
0 99 75 177 183 205 1 0 1 "Stealing"
0 99 75 177 183 206 1 0 1 "Stealing"
0 99 75 177 183 207 1 0 1 "Stealing"
0 99 75 177 183 208 1 0 1 "Stealing"
0 99 75 177 183 209 1 0 1 "Stealing"
0 99 75 177 183 210 1 0 1 "Stealing"
0 99 75 177 183 211 1 0 1 "Stealing"
0 99 75 177 183 212 1 0 1 "Stealing"
0 99 75 177 183 213 1 0 1 "Stealing"
0 99 75 177 183 214 1 0 1 "Stealing"
0 99 75 177 183 215 1 0 1 "Stealing"
0 99 75 177 183 216 1 0 1 "Stealing"
0 99 75 177 183 217 1 0 1 "Stealing"
0 99 75 177 183 218 1 0 1 "Stealing"
0 99 75 177 183 219 1 0 1 "Stealing"
0 99 75 177 183 220 1 0 1 "Stealing"
0 99 75 177 183 221 1 0 1 "Stealing"
0 99 75 177 183 222 1 0 1 "Stealing"
0 99 75 177 183 223 1 0 1 "Stealing"
0 99 75 177 183 224 1 0 1 "Stealing"
0 99 75 177 183 225 1 0 1 "Stealing"
0 99 75 177 183 226 1 0 1 "Stealing"
0 99 75 177 183 227 1 0 1 "Stealing"
0 99 75 177 183 228 1 0 1 "Stealing"
0 99 75 177 183 229 1 0 1 "Stealing"
0 99 75 177 183 230 1 0 1 "Stealing"
0 99 75 177 183 231 1 0 1 "Stealing"
0 99 75 177 183 232 1 0 1 "Stealing"
0 99 75 177 183 233 1 0 1 "Stealing"
0 99 75 177 183 234 1 0 1 "Stealing"
0 99 75 177 183 235 1 0 1 "Stealing"
0 99 75 177 183 236 1 0 1 "Stealing"
0 99 75 177 183 237 1 0 1 "Stealing"
0 99 75 177 183 238 1 0 1 "Stealing"
0 99 75 177 183 239 1 0 1 "Stealing"
0 99 75 177 183 240 1 0 1 "Stealing"
0 99 75 177 183 241 1 0 1 "Stealing"
0 99 75 177 183 242 1 0 1 "Stealing"
0 99 75 177 183 243 1 0 1 "Stealing"
0 99 75 177 183 244 1 0 1 "Stealing"
0 99 75 177 183 245 1 0 1 "Stealing"
0 99 75 177 183 246 1 0 1 "Stealing"
0 99 75 177 183 247 1 0 1 "Stealing"
0 99 75 177 183 248 1 0 1 "Stealing"
0 99 75 177 183 249 1 0 1 "Stealing"
0 99 75 177 183 250 1 0 1 "Stealing"
0 99 75 177 183 251 1 0 1 "Stealing"
0 99 75 177 183 252 1 0 1 "Stealing"
0 99 75 177 183 253 1 0 1 "Stealing"
0 99 75 177 183 254 1 0 1 "Stealing"
0 99 75 177 183 255 1 0 1 "Stealing"
0 99 75 177 183 256 1 0 1 "Stealing"
0 99 75 177 183 257 1 0 1 "Stealing"
0 99 75 177 183 258 1 0 1 "Stealing"
0 99 75 177 183 259 1 0 1 "Stealing"
0 99 75 177 183 260 1 0 1 "Stealing"
0 99 75 177 183 261 1 0 1 "Stealing"
0 99 75 177 183 262 1 0 1 "Stealing"
0 99 75 177 183 263 1 0 1 "Stealing"
0 99 75 177 183 264 1 0 1 "Stealing"
0 99 75 177 183 265 1 0 1 "Stealing"
0 99 75 177 183 266 1 0 1 "Stealing"
0 99 75 177 183 267 1 0 1 "Stealing"
0 99 75 177 183 268 1 0 1 "Stealing"
0 99 75 177 183 269 1 0 1 "Stealing"
0 99 75 177 183 270 1 0 1 "Stealing"
0 99 75 177 183 271 1 0 1 "Stealing"
0 99 75 177 183 272 1 0 1 "Stealing"
0 99 75 177 183 273 1 0 1 "Stealing"
0 99 75 177 183 274 1 0 1 "Stealing"
0 99 75 177 183 275 1 0 1 "Stealing"
0 99 75 177 183 276 1 0 1 "Stealing"
0 99 75 177 183 277 1 0 1 "Stealing"
0 99 75 177 183 278 1 0 1 "Stealing"
0 99 75 177 183 279 1 0 1 "Stealing"
0 99 75 177 183 280 1 0 1 "Stealing"
0 99 75 177 183 281 1 0 1 "Stealing"
0 99 75 177 183 282 1 0 1 "Stealing"
0 99 75 177 183 283 1 0 1 "Stealing"
0 99 75 177 183 284 1 0 1 "Stealing"
0 99 75 177 183 285 1 0 1 "Stealing"
0 99 75 177 183 286 1 0 1 "Stealing"
0 99 75 177 183 287 1 0 1 "Stealing"
0 99 75 177 183 288 1 0 1 "Stealing"
0 99 75 177 183 289 1 0 1 "Stealing"
0 99 75 177 183 290 1 0 1 "Stealing"
0 99 75 177 183 291 1 0 1 "Stealing"
0 99 75 177 183 292 1 0 1 "Stealing"
0 99 75 177 183 293 1 0 1 "Stealing"
0 99 75 177 183 294 1 0 1 "Stealing"
0 99 75 177 183 295 1 0 1 "Stealing"
0 99 75 177 183 296 1 0 1 "Stealing"
0 99 75 177 183 297 1 0 1 "Stealing"
0 99 75 177 183 298 1 0 1 "Stealing"
0 99 75 177 183 299 1 0 1 "Stealing"
0 99 75 177 183 300 1 0 1 "Stealing"
0 99 75 177 183 301 1 0 1 "Stealing"
0 99 75 177 183 302 1 0 1 "Stealing"
0 99 75 177 183 303 1 0 1 "Stealing"
0 99 75 177 183 304 1 0 1 "Stealing"
0 99 75 177 183 305 1 0 1 "Stealing"
0 99 75 177 183 306 1 0 1 "Stealing"
0 99 75 177 183 307 1 0 1 "Stealing"
0 99 75 177 183 308 1 0 1 "Stealing"
0 99 75 177 183 309 1 0 1 "Stealing"
0 99 75 177 183 310 1 0 1 "Stealing"
0 99 75 177 183 311 1 0 1 "Stealing"
0 99 75 177 183 312 1 0 1 "Stealing"
0 99 75 177 183 313 1 0 1 "Stealing"
0 99 75 177 183 314 1 0 1 "Stealing"
0 99 75 177 183 315 1 0 1 "Stealing"
0 99 75 177 183 316 1 0 1 "Stealing"
0 99 75 177 183 317 1 0 1 "Stealing"
0 99 75 177 183 318 1 0 1 "Stealing"
0 99 75 177 183 319 1 0 1 "Stealing"
0 99 75 177 183 320 1 0 1 "Stealing"
0 99 75 177 183 321 1 0 1 "Stealing"
0 99 75 177 183 322 1 0 1 "Stealing"
0 99 75 177 183 323 1 0 1 "Stealing"
0 99 75 177 183 324 1 0 1 "Stealing"
0 99 75 177 183 325 1 0 1 "Stealing"
0 99 75 177 183 326 1 0 1 "Stealing"
0 99 75 177 183 327 1 0 1 "Stealing"
0 99 75 177 183 328 1 0 1 "Stealing"
0 99 75 177 183 329 1 0 1 "Stealing"
0 99 75 177 183 330 1 0 1 "Stealing"
0 99 75 177 183 331 1 0 1 "Stealing"
0 99 75 177 183 332 1 0 1 "Stealing"
0 99 75 177 183 333 1 0 1 "Stealing"
0 99 75 177 183 334 1 0 1 "Stealing"
0 99 75 177 183 335 1 0 1 "Stealing"
0 99 75 177 183 336 1 0 1 "Stealing"
0 99 75 177 183 337 1 0 1 "Stealing"
0 99 75 177 183 338 1 0 1 "Stealing"
0 99 75 177 183 339 1 0 1 "Stealing"
0 99 75 177 183 340 1 0 1 "Stealing"
0 99 75 177 183 341 1 0 1 "Stealing"
0 99 75 177 183 342 1 0 1 "Stealing"
0 99 75 177 183 343 1 0 1 "Stealing"
0 99 75 177 183 344 1 0 1 "Stealing"
0 99 75 177 183 345 1 0 1 "Stealing"
0 99 75 177 183 346 1 0 1 "Stealing"
0 99 75 177 183 347 1 0 1 "Stealing"
0 99 75 177 183 348 1 0 1 "Stealing"
0 99 75 177 183 349 1 0 1 "Stealing"
0 99 75 177 183 350 1 0 1 "Stealing"
0 99 75 177 183 351 1 0 1 "Stealing"
0 99 75 177 183 352 1 0 1 "Stealing"
0 99 75 177 183 353 1 0 1 "Stealing"
0 99 75 177 183 354 1 0 1 "Stealing"
0 99 75 177 183 355 1 0 1 "Stealing"
0 99 75 177 183 356 1 0 1 "Stealing"
0 99 75 177 183 357 1 0 1 "Stealing"
0 99 75 177 183 358 1 0 1 "Stealing"
0 99 75 177 183 359 1 0 1 "Stealing"
0 99 75 177 183 360 1 0 1 "Stealing"
0 99 75 177 183 361 1 0 1 "Stealing"
0 99 75 177 183 362 1 0 1 "Stealing"
0 99 75 177 183 363 1 0 1 "Stealing"
0 99 75 177 183 364 1 0 1 "Stealing"
0 99 75 177 183 365 1 0 1 "Stealing"
0 99 75 177 183 366 1 0 1 "Stealing"
0 99 75 177 183 367 1 0 1 "Stealing"
0 99 75 177 183 368 1 0 1 "Stealing"
0 99 75 177 183 369 1 0 1 "Stealing"
0 99 75 177 183 370 1 0 1 "Stealing"
0 99 75 177 183 371 1 0 1 "Stealing"
0 99 75 177 183 372 1 0 1 "Stealing"
0 99 75 177 183 373 1 0 1 "Stealing"
0 99 75 177 183 374 1 0 1 "Stealing"
0 99 75 177 183 375 1 0 1 "Stealing"
0 99 75 177 183 376 1 0 1 "Stealing"
0 99 75 177 183 377 1 0 1 "Stealing"
0 99 75 177 183 378 1 0 1 "Stealing"
0 99 75 177 183 379 1 0 1 "Stealing"
0 99 75 177 183 380 1 0 1 "Stealing"
0 99 75 177 183 381 1 0 1 "Stealing"
0 99 75 177 183 382 1 0 1 "Stealing"
0 99 75 177 183 383 1 0 1 "Stealing"
0 99 75 177 183 384 1 0 1 "Stealing"
0 99 75 177 183 385 1 0 1 "Stealing"
0 99 75 177 183 386 1 0 1 "Stealing"
0 99 75 177 183 387 1 0 1 "Stealing"
0 99 75 177 183 388 1 0 1 "Stealing"
0 99 75 177 183 389 1 0 1 "Stealing"
0 99 75 177 183 390 1 0 1 "Stealing"
0 99 75 177 183 391 1 0 1 "Stealing"
0 99 75 177 183 392 1 0 1 "Stealing"
0 99 75 177 183 393 1 0 1 "Stealing"
0 99 75 177 183 394 1 0 1 "Stealing"
0 99 75 177 183 395 1 0 1 "Stealing"
0 99 75 177 183 396 1 0 1 "Stealing"
0 99 75 177 183 397 1 0 1 "Stealing"
0 99 75 177 183 398 1 0 1 "Stealing"
0 99 75 177 183 399 1 0 1 "Stealing"
0 99 75 177 183 400 1 0 1 "Stealing"
0 99 75 177 183 401 1 0 1 "Stealing"
0 99 75 177 183 402 1 0 1 "Stealing"
0 99 75 177 183 403 1 0 1 "Stealing"
0 99 75 177 183 404 1 0 1 "Stealing"
0 99 75 177 183 405 1 0 1 "Stealing"
0 99 75 177 183 406 1 0 1 "Stealing"
0 99 75 177 183 407 1 0 1 "Stealing"
0 99 75 177 183 408 1 0 1 "Stealing"
0 99 75 177 183 409 1 0 1 "Stealing"
0 99 75 177 183 410 1 0 1 "Stealing"
0 99 75 177 183 411 1 0 1 "Stealing"
0 99 75 177 183 412 1 0 1 "Stealing"
0 99 75 177 183 413 1 0 1 "Stealing"
0 99 75 177 183 414 1 0 1 "Stealing"
0 99 75 177 183 415 1 0 1 "Stealing"
0 99 75 177 183 416 1 0 1 "Stealing"
0 99 75 177 183 417 1 0 1 "Stealing"
0 99 75 177 183 418 1 0 1 "Stealing"
0 99 75 177 183 419 1 0 1 "Stealing"
0 99 75 177 183 420 1 0 1 "Stealing"
0 99 75 177 183 421 1 0 1 "Stealing"
0 99 75 177 183 422 1 0 1 "Stealing"
0 99 75 177 183 423 1 0 1 "Stealing"
0 99 75 177 183 424 1 0 1 "Stealing"
0 99 75 177 183 425 1 0 1 "Stealing"
0 99 75 177 183 426 1 0 1 "Stealing"
0 99 75 177 183 427 1 0 1 "Stealing"
0 99 75 177 183 428 1 0 1 "Stealing"
0 99 75 177 183 429 1 0 1 "Stealing"
0 99 75 177 183 430 1 0 1 "Stealing"
0 99 75 177 183 431 1 0 1 "Stealing"
0 99 75 177 183 432 1 0 1 "Stealing"
0 99 75 177 183 433 1 0 1 "Stealing"
0 99 75 177 183 434 1 0 1 "Stealing"
0 99 75 177 183 435 1 0 1 "Stealing"
0 99 75 177 183 436 1 0 1 "Stealing"
0 99 75 177 183 437 1 0 1 "Stealing"
0 99 75 177 183 438 1 0 1 "Stealing"
0 99 75 177 183 439 1 0 1 "Stealing"
0 99 75 177 183 440 1 0 1 "Stealing"
0 99 75 177 183 441 1 0 1 "Stealing"
0 99 75 177 183 442 1 0 1 "Stealing"
0 99 75 177 183 443 1 0 1 "Stealing"
0 99 75 177 183 444 1 0 1 "Stealing"
0 99 75 177 183 445 1 0 1 "Stealing"
0 99 75 177 183 446 1 0 1 "Stealing"
0 99 75 177 183 447 1 0 1 "Stealing"
0 99 75 177 183 448 1 0 1 "Stealing"
0 99 75 177 183 449 1 0 1 "Stealing"
0 99 75 177 183 450 1 0 1 "Stealing"
0 99 75 177 183 451 1 0 1 "Stealing"
0 99 75 177 183 452 1 0 1 "Stealing"
0 99 75 177 183 453 1 0 1 "Stealing"
0 99 75 177 183 454 1 0 1 "Stealing"
0 99 75 177 183 455 1 0 1 "Stealing"
0 99 75 177 183 456 1 0 1 "Stealing"
0 99 75 177 183 457 1 0 1 "Stealing"
0 99 75 177 183 458 1 0 1 "Stealing"
0 99 75 177 183 459 1 0 1 "Stealing"
0 99 75 177 183 460 1 0 1 "Stealing"
0 99 75 177 183 461 1 0 1 "Stealing"
0 99 75 177 183 462 1 0 1 "Stealing"
0 99 75 177 183 463 1 0 1 "Stealing"
0 99 75 177 183 464 1 0 1 "Stealing"
0 99 75 177 183 465 1 0 1 "Stealing"
0 99 75 177 183 466 1 0 1 "Stealing"
0 99 75 177 183 467 1 0 1 "Stealing"
0 99 75 177 183 468 1 0 1 "Stealing"
0 99 75 177 183 469 1 0 1 "Stealing"
0 99 75 177 183 470 1 0 1 "Stealing"
0 99 75 177 183 471 1 0 1 "Stealing"
0 99 75 177 183 472 1 0 1 "Stealing"
0 99 75 177 183 473 1 0 1 "Stealing"
0 99 75 177 183 474 1 0 1 "Stealing"
0 99 75 177 183 475 1 0 1 "Stealing"
0 99 75 177 183 476 1 0 1 "Stealing"
0 99 75 177 183 477 1 0 1 "Stealing"
0 99 75 177 183 478 1 0 1 "Stealing"
0 99 75 177 183 479 1 0 1 "Stealing"
0 99 75 177 183 480 1 0 1 "Stealing"
0 99 75 177 183 481 1 0 1 "Stealing"
0 99 75 177 183 482 1 0 1 "Stealing"
0 99 75 177 183 483 1 0 1 "Stealing"
0 99 75 177 183 484 1 0 1 "Stealing"
0 99 75 177 183 485 1 0 1 "Stealing"
0 99 75 177 183 486 1 0 1 "Stealing"
0 99 75 177 183 487 1 0 1 "Stealing"
0 99 75 177 183 488 1 0 1 "Stealing"
0 99 75 177 183 489 1 0 1 "Stealing"
0 99 75 177 183 490 1 0 1 "Stealing"
0 99 75 177 183 491 1 0 1 "Stealing"
0 99 75 177 183 492 1 0 1 "Stealing"
0 99 75 177 183 493 1 0 1 "Stealing"
0 99 75 177 183 494 1 0 1 "Stealing"
0 99 75 177 183 495 1 0 1 "Stealing"
0 99 75 177 183 496 1 0 1 "Stealing"
0 99 75 177 183 497 1 0 1 "Stealing"
0 99 75 177 183 498 1 0 1 "Stealing"
0 99 75 177 183 499 1 0 1 "Stealing"
0 99 75 177 183 500 1 0 1 "Stealing"
0 99 75 177 183 501 1 0 1 "Stealing"
0 99 75 177 183 502 1 0 1 "Stealing"
0 99 75 177 183 503 1 0 1 "Stealing"
0 99 75 177 183 504 1 0 1 "Stealing"
0 99 75 177 183 505 1 0 1 "Stealing"
0 99 75 177 183 506 1 0 1 "Stealing"
0 99 75 177 183 507 1 0 1 "Stealing"
0 99 75 177 183 508 1 0 1 "Stealing"
0 99 75 177 183 509 1 0 1 "Stealing"
0 99 75 177 183 510 1 0 1 "Stealing"
0 99 75 177 183 511 1 0 1 "Stealing"
0 99 75 177 183 512 1 0 1 "Stealing"
0 99 75 177 183 513 1 0 1 "Stealing"
0 99 75 177 183 514 1 0 1 "Stealing"
0 99 75 177 183 515 1 0 1 "Stealing"
0 99 75 177 183 516 1 0 1 "Stealing"
0 99 75 177 183 517 1 0 1 "Stealing"
0 99 75 177 183 518 1 0 1 "Stealing"
0 99 75 177 183 519 1 0 1 "Stealing"
0 99 75 177 183 520 1 0 1 "Stealing"
0 99 75 177 183 521 1 0 1 "Stealing"
0 99 75 177 183 522 1 0 1 "Stealing"
0 99 75 177 183 523 1 0 1 "Stealing"
0 99 75 177 183 524 1 0 1 "Stealing"
0 99 75 177 183 525 1 0 1 "Stealing"
0 99 75 177 183 526 1 0 1 "Stealing"
0 99 75 177 183 527 1 0 1 "Stealing"
0 99 75 177 183 528 1 0 1 "Stealing"
0 99 75 177 183 529 1 0 1 "Stealing"
0 99 75 177 183 530 1 0 1 "Stealing"
0 99 75 177 183 531 1 0 1 "Stealing"
0 99 75 177 183 532 1 0 1 "Stealing"
0 99 75 177 183 533 1 0 1 "Stealing"
0 99 75 177 183 534 1 0 1 "Stealing"
0 99 75 177 183 535 1 0 1 "Stealing"
0 99 75 177 183 536 1 0 1 "Stealing"
0 99 75 177 183 537 1 0 1 "Stealing"
0 99 75 177 183 538 1 0 1 "Stealing"
0 99 75 177 183 539 1 0 1 "Stealing"
0 99 75 177 183 540 1 0 1 "Stealing"
0 99 75 177 183 541 1 0 1 "Stealing"
0 99 75 177 183 542 1 0 1 "Stealing"
0 99 75 177 183 543 1 0 1 "Stealing"
0 99 75 177 183 544 1 0 1 "Stealing"
0 99 75 177 183 545 1 0 1 "Stealing"
0 99 75 177 183 546 1 0 1 "Stealing"
0 99 75 177 183 547 1 0 1 "Stealing"
0 99 75 177 183 548 1 0 1 "Stealing"
0 99 75 177 183 549 1 0 1 "Stealing"
0 99 75 177 183 550 1 0 1 "Stealing"
0 99 75 177 183 551 1 0 1 "Stealing"
0 99 75 177 183 552 1 0 1 "Stealing"
0 99 75 177 183 553 1 0 1 "Stealing"
0 99 75 177 183 554 1 0 1 "Stealing"
0 99 75 177 183 555 1 0 1 "Stealing"
0 99 75 177 183 556 1 0 1 "Stealing"
0 99 75 177 183 557 1 0 1 "Stealing"
0 99 75 177 183 558 1 0 1 "Stealing"
0 99 75 177 183 559 1 0 1 "Stealing"
0 99 75 177 183 560 1 0 1 "Stealing"
0 99 75 177 183 561 1 0 1 "Stealing"
0 99 75 177 183 562 1 0 1 "Stealing"
0 99 75 177 183 563 1 0 1 "Stealing"
0 99 75 177 183 564 1 0 1 "Stealing"
0 99 75 177 183 565 1 0 1 "Stealing"
0 99 75 177 183 566 1 0 1 "Stealing"
0 99 75 177 183 567 1 0 1 "Stealing"
0 99 75 177 183 568 1 0 1 "Stealing"
0 99 75 177 183 569 1 0 1 "Stealing"
0 99 75 177 183 570 1 0 1 "Stealing"
0 99 75 177 183 571 1 0 1 "Stealing"
0 99 75 177 183 572 1 0 1 "Stealing"
0 99 75 177 183 573 1 0 1 "Stealing"
0 99 75 177 183 574 1 0 1 "Stealing"
0 99 75 177 183 575 1 0 1 "Stealing"
0 99 75 177 183 576 1 0 1 "Stealing"
0 99 75 177 183 577 1 0 1 "Stealing"
0 99 75 177 183 578 1 0 1 "Stealing"
0 99 75 177 183 579 1 0 1 "Stealing"
0 99 75 177 183 580 1 0 1 "Stealing"
0 99 75 177 183 581 1 0 1 "Stealing"
0 99 75 177 183 582 1 0 1 "Stealing"
0 99 75 177 183 583 1 0 1 "Stealing"
0 99 75 177 183 584 1 0 1 "Stealing"
0 99 75 177 183 585 1 0 1 "Stealing"
0 99 75 177 183 586 1 0 1 "Stealing"
0 99 75 177 183 587 0 0 0 "Stealing"
0 99 75 176 183 588 0 0 1 "Stealing"
0 99 76 175 183 589 0 0 1 "Stealing"
0 99 76 174 183 590 0 0 1 "Stealing"
0 99 77 173 183 591 0 0 1 "Stealing"
0 99 77 172 183 592 0 0 1 "Stealing"
0 99 78 171 183 593 0 0 1 "Stealing"
0 99 78 170 183 594 0 0 1 "Stealing"
0 99 79 169 183 595 0 0 1 "Stealing"
0 99 79 168 183 596 0 0 1 "Stealing"
0 99 80 168 183 597 0 0 0 "Stealing"
0 98 80 167 183 598 0 0 1 "Stealing"
0 98 80 167 183 599 0 0 1 "Stealing"
0 98 80 167 183 600 0 0 1 "Stealing"
0 98 80 167 183 601 0 0 1 "Stealing"
0 98 80 167 183 602 0 0 1 "Stealing"
0 98 80 167 183 603 0 0 1 "Stealing"
0 98 80 167 183 604 0 0 1 "Stealing"
0 98 80 167 183 605 0 0 1 "Stealing"
0 98 81 167 184 606 0 0 1 "Stealing"
0 98 81 167 184 607 0 0 1 "Stealing"
0 98 81 167 184 608 0 0 1 "Stealing"
0 98 81 167 184 609 0 0 1 "Stealing"
0 97 81 166 184 610 0 0 1 "Stealing"
0 97 81 166 184 611 0 0 1 "Stealing"
0 97 81 166 184 612 0 0 1 "Stealing"
0 97 81 166 184 613 0 0 1 "Stealing"
0 97 82 166 185 614 0 0 1 "Stealing"
0 97 82 166 185 615 0 0 1 "Stealing"
0 97 82 166 185 616 0 0 1 "Stealing"
0 97 82 166 185 617 0 0 1 "Stealing"
0 97 82 166 185 618 0 0 1 "Stealing"
0 97 82 166 185 619 0 0 1 "Stealing"
0 97 82 166 185 620 0 0 1 "Stealing"
0 97 82 166 185 621 0 0 1 "Stealing"
0 97 83 166 186 622 0 0 0 "Stealing"
0 97 83 166 186 623 0 0 1 "Stealing"
0 97 84 166 187 624 0 0 1 "Stealing"
0 97 84 166 187 625 0 0 1 "Stealing"
0 97 85 166 188 626 0 0 1 "Stealing"
0 97 85 166 188 627 0 0 1 "Stealing"
0 98 86 167 189 628 0 0 1 "Stealing"
0 98 86 167 189 629 0 0 1 "Stealing"
0 98 87 167 190 630 0 0 1 "Stealing"
0 98 87 167 190 631 0 0 1 "Stealing"
0 98 88 167 191 632 0 0 1 "Stealing"
0 99 88 168 191 633 0 0 1 "Stealing"
0 99 89 168 192 634 0 0 1 "Stealing"
0 99 89 168 192 635 0 0 1 "Stealing"
0 99 90 168 193 636 0 0 1 "Stealing"
0 99 90 168 193 637 0 0 1 "Stealing"
0 100 91 169 194 638 0 0 0 "Stealing"
0 100 89 172 192 639 0 0 1 "Stealing"
0 100 88 175 191 640 0 0 1 "Stealing"
0 100 87 178 190 641 0 0 1 "Stealing"
0 100 86 182 188 642 0 0 1 "Stealing"
0 100 85 185 187 643 0 0 1 "Stealing"
0 100 84 188 186 644 0 0 1 "Stealing"
0 100 83 192 184 645 0 0 1 "Stealing"
0 100 82 195 183 646 0 0 1 "Stealing"
0 100 81 198 182 647 0 0 1 "Stealing"
0 101 80 202 181 648 0 0 0 "Stealing"
0 100 79 203 181 649 0 0 1 "Stealing"
0 100 79 205 182 650 0 0 1 "Stealing"
0 100 79 206 183 651 0 0 1 "Stealing"
0 100 79 208 184 652 0 0 1 "Stealing"
0 100 79 210 185 653 0 0 0 "Stealing"
0 100 81 207 186 654 0 0 1 "Stealing"
0 100 83 205 187 655 0 0 1 "Stealing"
0 100 85 202 188 656 0 0 1 "Stealing"
0 101 88 200 189 657 0 0 0 "Stealing"
0 101 88 197 189 658 0 0 1 "Stealing"
0 101 89 195 190 659 0 0 1 "Stealing"
0 101 89 193 191 660 0 0 1 "Stealing"
0 102 90 191 192 661 0 0 1 "Stealing"
0 102 90 189 192 662 0 0 1 "Stealing"
0 102 91 187 193 663 0 0 1 "Stealing"
0 102 91 185 194 664 0 0 1 "Stealing"
0 103 92 183 195 665 0 0 0 "Stealing"
0 103 89 181 195 666 0 0 1 "Stealing"
0 103 86 179 195 667 0 0 1 "Stealing"
0 103 83 177 195 668 0 0 1 "Stealing"
0 103 80 175 195 669 0 0 1 "Stealing"
0 103 78 173 195 670 0 0 0 "Stealing"
0 103 78 172 195 671 0 0 1 "Stealing"
0 103 78 172 195 672 0 0 1 "Stealing"
0 103 79 171 196 673 0 0 1 "Stealing"
0 103 79 171 196 674 0 0 1 "Stealing"
0 103 80 171 196 675 0 0 1 "Stealing"
0 103 80 170 197 676 0 0 1 "Stealing"
0 103 80 170 197 677 0 0 1 "Stealing"
0 103 81 169 197 678 0 0 1 "Stealing"
0 103 81 169 198 679 0 0 1 "Stealing"
0 103 82 169 198 680 0 0 1 "Stealing"
0 103 82 168 198 681 0 0 1 "Stealing"
0 103 82 168 199 682 0 0 1 "Stealing"
0 103 83 167 199 683 0 0 1 "Stealing"
0 103 83 167 199 684 0 0 1 "Stealing"
0 103 84 167 200 685 0 0 0 "Stealing"
0 103 84 167 200 686 0 0 1 "Stealing"
0 103 85 167 201 687 0 0 1 "Stealing"
0 103 85 167 201 688 0 0 1 "Stealing"
0 103 86 167 202 689 0 0 0 "Stealing"
0 102 87 167 202 690 0 0 1 "Stealing"
0 102 89 168 202 691 0 0 1 "Stealing"
0 102 91 169 203 692 0 0 1 "Stealing"
0 102 93 170 203 693 0 0 1 "Stealing"
0 102 95 171 204 694 0 0 1 "Stealing"
0 102 97 172 204 695 0 0 1 "Stealing"
0 102 99 173 205 696 0 0 0 "Stealing"
0 102 95 176 204 697 0 0 1 "Stealing"
0 102 92 179 204 698 0 0 1 "Stealing"
0 102 89 182 204 699 0 0 1 "Stealing"
0 102 86 185 204 700 0 0 0 "Stealing"
0 101 83 187 203 701 0 0 1 "Stealing"
0 101 81 190 202 702 0 0 1 "Stealing"
0 101 79 192 201 703 0 0 1 "Stealing"
0 100 77 195 200 704 0 0 1 "Stealing"
0 100 75 197 199 705 0 0 1 "Stealing"
0 100 73 200 198 706 0 0 0 "Stealing"
0 96 74 200 197 707 0 0 1 "Stealing"
0 92 76 200 197 708 0 0 1 "Stealing"
0 89 78 200 197 709 0 0 1 "Stealing"
0 85 80 200 196 710 0 0 1 "Stealing"
0 81 82 200 196 711 0 0 1 "Stealing"
0 78 84 201 196 712 0 0 0 "Stealing"
0 79 85 198 196 713 0 0 1 "Stealing"
0 80 86 195 197 714 0 0 1 "Stealing"
0 81 88 192 198 715 0 0 1 "Stealing"
0 82 89 190 198 716 0 0 1 "Stealing"
0 83 91 187 199 717 0 0 1 "Stealing"
0 84 92 184 200 718 0 0 1 "Stealing"
0 85 94 182 201 719 0 0 0 "Stealing"
0 86 93 181 200 720 0 0 1 "Stealing"
0 87 93 180 200 721 0 0 1 "Stealing"
0 88 93 179 200 722 0 0 1 "Stealing"
0 90 92 178 199 723 0 0 1 "Stealing"
0 91 92 177 199 724 0 0 1 "Stealing"
0 92 92 177 199 725 0 0 1 "Stealing"
0 93 92 176 199 726 0 0 1 "Stealing"
0 95 91 175 198 727 0 0 1 "Stealing"
0 96 91 174 198 728 0 0 1 "Stealing"
0 97 91 173 198 729 0 0 1 "Stealing"
0 99 91 173 198 730 0 0 0 "Stealing"
0 99 91 172 198 731 0 0 1 "Stealing"
0 99 91 172 198 732 0 0 1 "Stealing"
0 99 91 171 198 733 0 0 1 "Stealing"
0 99 92 171 198 734 0 0 1 "Stealing"
0 99 92 171 199 735 0 0 1 "Stealing"
0 99 92 170 199 736 0 0 1 "Stealing"
0 99 93 170 199 737 0 0 1 "Stealing"
0 99 93 169 199 738 0 0 1 "Stealing"
0 99 93 169 199 739 0 0 1 "Stealing"
0 100 94 169 200 740 0 0 0 "Stealing"
0 100 92 168 200 741 0 0 1 "Stealing"
0 100 91 167 200 742 0 0 1 "Stealing"
0 100 89 166 200 743 0 0 1 "Stealing"
0 100 88 165 200 744 0 0 1 "Stealing"
0 101 87 165 200 745 0 0 1 "Stealing"
0 101 85 164 200 746 0 0 1 "Stealing"
0 101 84 163 200 747 0 0 1 "Stealing"
0 101 82 162 200 748 0 0 1 "Stealing"
0 101 81 161 200 749 0 0 1 "Stealing"
0 102 80 161 201 750 0 0 0 "Stealing"
0 101 78 159 200 751 0 0 1 "Stealing"
0 101 77 158 199 752 0 0 1 "Stealing"
0 101 76 157 198 753 0 0 1 "Stealing"
0 101 75 156 197 754 0 0 1 "Stealing"
0 101 74 155 197 755 0 0 1 "Stealing"
0 101 72 154 196 756 0 0 1 "Stealing"
0 101 71 153 195 757 0 0 1 "Stealing"
0 101 70 152 194 758 0 0 1 "Stealing"
0 101 69 151 193 759 0 0 1 "Stealing"
0 101 68 150 193 760 0 0 0 "Stealing"
0 101 67 150 192 761 0 0 1 "Stealing"
0 101 66 150 191 762 0 0 1 "Stealing"
0 101 65 150 190 763 0 0 1 "Stealing"
0 101 65 150 190 764 0 0 1 "Stealing"
0 101 64 150 189 765 0 0 1 "Stealing"
0 101 63 150 188 766 0 0 1 "Stealing"
0 101 63 150 188 767 0 0 1 "Stealing"
0 101 62 150 187 768 0 0 1 "Stealing"
0 101 61 150 186 769 0 0 1 "Stealing"
0 102 61 151 186 770 0 0 0 "Stealing"
0 101 61 151 185 771 0 0 1 "Stealing"
0 101 62 151 185 772 0 0 1 "Stealing"
0 101 63 152 185 773 0 0 1 "Stealing"
0 101 64 152 185 774 0 0 1 "Stealing"
0 101 65 153 185 775 0 0 1 "Stealing"
0 101 65 153 184 776 0 0 1 "Stealing"
0 101 66 153 184 777 0 0 1 "Stealing"
0 101 67 154 184 778 0 0 1 "Stealing"
0 101 68 154 184 779 0 0 1 "Stealing"
0 101 69 155 184 780 0 0 0 "Stealing"
0 101 70 156 183 781 0 0 1 "Stealing"
0 101 72 157 183 782 0 0 1 "Stealing"
0 101 73 158 183 783 0 0 1 "Stealing"
0 101 75 159 183 784 0 0 1 "Stealing"
0 101 76 160 183 785 0 0 1 "Stealing"
0 101 78 161 183 786 0 0 1 "Stealing"
0 101 79 162 183 787 0 0 1 "Stealing"
0 101 81 163 183 788 0 0 1 "Stealing"
0 101 82 164 183 789 0 0 1 "Stealing"
0 101 84 166 183 790 0 0 0 "Stealing"
0 100 83 165 182 791 0 0 1 "Stealing"
0 100 83 165 182 792 0 0 1 "Stealing"
0 100 83 165 182 793 0 0 1 "Stealing"
0 100 83 165 182 794 0 0 1 "Stealing"
0 100 83 165 182 795 0 0 1 "Stealing"
0 100 83 165 182 796 0 0 1 "Stealing"
0 100 83 165 182 797 0 0 1 "Stealing"
0 100 83 165 182 798 0 0 1 "Stealing"
0 100 83 165 182 799 0 0 1 "Stealing"
0 100 83 165 182 800 0 0 0 "Stealing"
0 99 83 164 182 801 0 0 1 "Stealing"
0 98 83 164 183 802 0 0 1 "Stealing"
0 98 83 164 184 803 0 0 1 "Stealing"
0 97 83 164 184 804 0 0 1 "Stealing"
0 97 83 164 185 805 0 0 1 "Stealing"
0 96 83 164 186 806 0 0 1 "Stealing"
0 96 83 164 186 807 0 0 1 "Stealing"
0 95 83 164 187 808 0 0 1 "Stealing"
0 95 83 164 188 809 0 0 1 "Stealing"
0 94 83 164 189 810 0 0 1 "Stealing"
0 94 83 164 189 811 0 0 1 "Stealing"
0 93 83 164 190 812 0 0 1 "Stealing"
0 92 83 164 191 813 0 0 1 "Stealing"
0 92 83 164 191 814 0 0 1 "Stealing"
0 91 83 164 192 815 0 0 1 "Stealing"
0 91 83 164 193 816 0 0 1 "Stealing"
0 90 83 164 194 817 0 0 1 "Stealing"
0 90 83 164 194 818 0 0 1 "Stealing"
0 89 83 164 195 819 0 0 1 "Stealing"
0 89 83 164 196 820 0 0 1 "Stealing"
0 88 83 164 196 821 0 0 1 "Stealing"
0 88 83 164 197 822 0 0 1 "Stealing"
0 87 83 164 198 823 0 0 1 "Stealing"
0 87 83 164 199 824 0 0 0 "Stealing"
0 86 83 162 199 825 0 0 1 "Stealing"
0 86 84 161 200 826 0 0 1 "Stealing"
0 85 85 160 201 827 0 0 1 "Stealing"
0 85 86 159 202 828 0 0 1 "Stealing"
0 84 87 158 203 829 0 0 1 "Stealing"
0 84 88 157 204 830 0 0 0 "Stealing"
0 84 89 157 204 831 0 0 1 "Stealing"
0 84 91 157 205 832 0 0 1 "Stealing"
0 84 93 157 205 833 0 0 1 "Stealing"
0 84 94 157 206 834 0 0 1 "Stealing"
0 84 96 157 206 835 0 0 1 "Stealing"
0 84 98 157 207 836 0 0 1 "Stealing"
0 84 99 157 207 837 0 0 1 "Stealing"
0 84 101 157 208 838 0 0 1 "Stealing"
0 84 103 157 208 839 0 0 1 "Stealing"
0 85 105 157 209 840 0 0 0 "Stealing"
0 85 105 158 209 841 0 0 1 "Stealing"
0 85 105 159 209 842 0 0 1 "Stealing"
0 85 105 160 209 843 0 0 1 "Stealing"
0 86 105 161 209 844 0 0 1 "Stealing"
0 86 105 163 209 845 0 0 1 "Stealing"
0 86 105 164 209 846 0 0 1 "Stealing"
0 87 105 165 209 847 0 0 1 "Stealing"
0 87 105 166 209 848 0 0 1 "Stealing"
0 87 105 167 209 849 0 0 1 "Stealing"
0 88 105 169 210 850 0 0 0 "Stealing"
0 88 106 168 209 851 0 0 1 "Stealing"
0 88 107 167 209 852 0 0 1 "Stealing"
0 88 108 166 209 853 0 0 1 "Stealing"
0 88 109 165 209 854 0 0 1 "Stealing"
0 88 111 164 209 855 0 0 1 "Stealing"
0 88 112 163 209 856 0 0 1 "Stealing"
0 88 113 162 209 857 0 0 1 "Stealing"
0 88 114 161 209 858 0 0 1 "Stealing"
0 88 115 160 209 859 0 0 1 "Stealing"
0 88 117 159 209 860 0 0 0 "Stealing"
0 88 117 159 209 861 0 0 1 "Stealing"
0 89 118 159 209 862 0 0 1 "Stealing"
0 89 119 160 209 863 0 0 1 "Stealing"
0 90 120 160 209 864 0 0 1 "Stealing"
0 90 121 161 209 865 0 0 1 "Stealing"
0 91 122 161 209 866 0 0 1 "Stealing"
0 91 123 161 209 867 0 0 1 "Stealing"
0 92 124 162 209 868 0 0 1 "Stealing"
0 92 125 162 209 869 0 0 1 "Stealing"
0 93 126 163 209 870 0 0 0 "Stealing"
0 92 131 162 209 871 0 0 1 "Stealing"
0 91 136 162 209 872 0 0 1 "Stealing"
0 90 141 162 209 873 0 0 1 "Stealing"
0 89 146 161 209 874 0 0 1 "Stealing"
0 88 151 161 209 875 0 0 1 "Stealing"
0 87 157 161 210 876 1 0 0 "Stealing"
0 88 160 159 209 877 1 0 1 "Stealing"
0 89 163 158 209 878 1 0 1 "Stealing"
0 90 166 156 209 879 1 0 1 "Stealing"
0 91 169 155 208 880 1 0 1 "Stealing"
0 92 172 153 208 881 1 0 1 "Stealing"
0 93 176 152 208 882 1 0 0 "Stealing"
0 93 176 152 208 883 1 0 1 "Stealing"
0 93 176 152 208 884 1 0 1 "Stealing"
0 93 176 152 208 885 1 0 1 "Stealing"
0 93 176 152 208 886 1 0 1 "Stealing"
0 93 176 152 208 887 1 0 1 "Stealing"
0 93 176 152 208 888 1 0 1 "Stealing"
0 93 176 152 208 889 1 0 1 "Stealing"
0 93 176 152 208 890 1 0 1 "Stealing"
0 93 176 152 208 891 1 0 1 "Stealing"
0 93 176 152 208 892 1 0 1 "Stealing"
0 93 176 152 208 893 1 0 1 "Stealing"
0 93 176 152 208 894 1 0 1 "Stealing"
0 93 176 152 208 895 1 0 1 "Stealing"
0 93 176 152 208 896 1 0 1 "Stealing"
0 93 176 152 208 897 1 0 1 "Stealing"
0 93 176 152 208 898 1 0 1 "Stealing"
0 93 176 152 208 899 1 0 1 "Stealing"
0 93 176 152 208 900 1 0 1 "Stealing"
0 93 176 152 208 901 1 0 1 "Stealing"
0 93 176 152 208 902 1 0 1 "Stealing"
0 93 176 152 208 903 1 0 1 "Stealing"
0 93 176 152 208 904 1 0 1 "Stealing"
0 93 176 152 208 905 1 0 1 "Stealing"
0 93 176 152 208 906 1 0 1 "Stealing"
0 93 176 152 208 907 1 0 1 "Stealing"
0 93 176 152 208 908 1 0 1 "Stealing"
0 93 176 152 208 909 1 0 1 "Stealing"
0 93 176 152 208 910 1 0 1 "Stealing"
0 93 176 152 208 911 1 0 1 "Stealing"
0 93 176 152 208 912 1 0 1 "Stealing"
0 93 176 152 208 913 1 0 1 "Stealing"
0 93 176 152 208 914 1 0 1 "Stealing"
0 93 176 152 208 915 1 0 1 "Stealing"
0 93 176 152 208 916 1 0 1 "Stealing"
0 93 176 152 208 917 1 0 1 "Stealing"
0 93 176 152 208 918 1 0 1 "Stealing"
0 93 176 152 208 919 1 0 1 "Stealing"
0 93 176 152 208 920 1 0 1 "Stealing"
0 93 176 152 208 921 1 0 1 "Stealing"
0 93 176 152 208 922 1 0 1 "Stealing"
0 93 176 152 208 923 1 0 1 "Stealing"
0 93 176 152 208 924 1 0 1 "Stealing"
0 93 176 152 208 925 1 0 1 "Stealing"
0 93 176 152 208 926 1 0 1 "Stealing"
0 93 176 152 208 927 1 0 1 "Stealing"
0 93 176 152 208 928 1 0 1 "Stealing"
0 93 176 152 208 929 1 0 1 "Stealing"
0 93 176 152 208 930 1 0 1 "Stealing"
0 93 176 152 208 931 1 0 1 "Stealing"
0 93 176 152 208 932 1 0 1 "Stealing"
0 93 176 152 208 933 1 0 1 "Stealing"
0 93 176 152 208 934 1 0 1 "Stealing"
0 93 176 152 208 935 1 0 1 "Stealing"
0 93 176 152 208 936 1 0 1 "Stealing"
0 93 176 152 208 937 1 0 1 "Stealing"
0 93 176 152 208 938 1 0 1 "Stealing"
0 93 176 152 208 939 1 0 1 "Stealing"
0 93 176 152 208 940 1 0 1 "Stealing"
0 93 176 152 208 941 1 0 1 "Stealing"
0 93 176 152 208 942 1 0 1 "Stealing"
0 93 176 152 208 943 1 0 1 "Stealing"
0 93 176 152 208 944 1 0 1 "Stealing"
0 93 176 152 208 945 1 0 1 "Stealing"
0 93 176 152 208 946 1 0 1 "Stealing"
0 93 176 152 208 947 1 0 1 "Stealing"
0 93 176 152 208 948 1 0 1 "Stealing"
0 93 176 152 208 949 1 0 1 "Stealing"
0 93 176 152 208 950 1 0 1 "Stealing"
0 93 176 152 208 951 1 0 1 "Stealing"
0 93 176 152 208 952 1 0 1 "Stealing"
0 93 176 152 208 953 1 0 1 "Stealing"
0 93 176 152 208 954 1 0 1 "Stealing"
0 93 176 152 208 955 1 0 1 "Stealing"
0 93 176 152 208 956 1 0 1 "Stealing"
0 93 176 152 208 957 1 0 1 "Stealing"
0 93 176 152 208 958 1 0 1 "Stealing"
0 93 176 152 208 959 1 0 1 "Stealing"
0 93 176 152 208 960 1 0 1 "Stealing"
0 93 176 152 208 961 1 0 1 "Stealing"
0 93 176 152 208 962 1 0 1 "Stealing"
0 93 176 152 208 963 1 0 1 "Stealing"
0 93 176 152 208 964 1 0 1 "Stealing"
0 93 176 152 208 965 1 0 1 "Stealing"
0 93 176 152 208 966 1 0 1 "Stealing"
0 93 176 152 208 967 1 0 1 "Stealing"
0 93 176 152 208 968 1 0 1 "Stealing"
0 93 176 152 208 969 1 0 1 "Stealing"
0 93 176 152 208 970 1 0 1 "Stealing"
0 93 176 152 208 971 1 0 1 "Stealing"
0 93 176 152 208 972 1 0 1 "Stealing"
0 93 176 152 208 973 1 0 1 "Stealing"
0 93 176 152 208 974 1 0 1 "Stealing"
0 93 176 152 208 975 1 0 1 "Stealing"
0 93 176 152 208 976 1 0 1 "Stealing"
0 93 176 152 208 977 1 0 1 "Stealing"
0 93 176 152 208 978 1 0 1 "Stealing"
0 93 176 152 208 979 1 0 1 "Stealing"
0 93 176 152 208 980 1 0 1 "Stealing"
0 93 176 152 208 981 1 0 1 "Stealing"
0 93 176 152 208 982 1 0 1 "Stealing"
0 93 176 152 208 983 1 0 1 "Stealing"
0 93 176 152 208 984 1 0 1 "Stealing"
0 93 176 152 208 985 1 0 1 "Stealing"
0 93 176 152 208 986 1 0 1 "Stealing"
0 93 176 152 208 987 1 0 1 "Stealing"
0 93 176 152 208 988 1 0 1 "Stealing"
0 93 176 152 208 989 1 0 1 "Stealing"
0 93 176 152 208 990 1 0 1 "Stealing"
0 93 176 152 208 991 1 0 1 "Stealing"
0 93 176 152 208 992 1 0 1 "Stealing"
0 93 176 152 208 993 1 0 1 "Stealing"
0 93 176 152 208 994 1 0 1 "Stealing"
0 93 176 152 208 995 1 0 1 "Stealing"
0 93 176 152 208 996 1 0 1 "Stealing"
0 93 176 152 208 997 1 0 1 "Stealing"
0 93 176 152 208 998 1 0 1 "Stealing"
0 93 176 152 208 999 1 0 1 "Stealing"
0 93 176 152 208 1000 1 0 1 "Stealing"
0 93 176 152 208 1001 1 0 1 "Stealing"
0 93 176 152 208 1002 1 0 1 "Stealing"
0 93 176 152 208 1003 1 0 1 "Stealing"
0 93 176 152 208 1004 1 0 1 "Stealing"
0 93 176 152 208 1005 1 0 1 "Stealing"
0 93 176 152 208 1006 1 0 1 "Stealing"
0 93 176 152 208 1007 1 0 1 "Stealing"
0 93 176 152 208 1008 1 0 1 "Stealing"
0 93 176 152 208 1009 1 0 1 "Stealing"
0 93 176 152 208 1010 1 0 1 "Stealing"
0 93 176 152 208 1011 1 0 1 "Stealing"
0 93 176 152 208 1012 1 0 1 "Stealing"
0 93 176 152 208 1013 1 0 1 "Stealing"
0 93 176 152 208 1014 1 0 1 "Stealing"
0 93 176 152 208 1015 1 0 1 "Stealing"
0 93 176 152 208 1016 1 0 1 "Stealing"
0 93 176 152 208 1017 1 0 1 "Stealing"
0 93 176 152 208 1018 1 0 1 "Stealing"
0 93 176 152 208 1019 1 0 1 "Stealing"
0 93 176 152 208 1020 1 0 1 "Stealing"
0 93 176 152 208 1021 1 0 1 "Stealing"
0 93 176 152 208 1022 1 0 1 "Stealing"
0 93 176 152 208 1023 1 0 1 "Stealing"
0 93 176 152 208 1024 1 0 1 "Stealing"
0 93 176 152 208 1025 1 0 1 "Stealing"
0 93 176 152 208 1026 1 0 1 "Stealing"
0 93 176 152 208 1027 1 0 1 "Stealing"
0 93 176 152 208 1028 1 0 1 "Stealing"
0 93 176 152 208 1029 1 0 1 "Stealing"
0 93 176 152 208 1030 1 0 1 "Stealing"
0 93 176 152 208 1031 1 0 1 "Stealing"
0 93 176 152 208 1032 1 0 1 "Stealing"
0 93 176 152 208 1033 1 0 1 "Stealing"
0 93 176 152 208 1034 1 0 1 "Stealing"
0 93 176 152 208 1035 1 0 1 "Stealing"
0 93 176 152 208 1036 1 0 1 "Stealing"
0 93 176 152 208 1037 1 0 1 "Stealing"
0 93 176 152 208 1038 1 0 1 "Stealing"
0 93 176 152 208 1039 1 0 1 "Stealing"
0 93 176 152 208 1040 1 0 1 "Stealing"
0 93 176 152 208 1041 1 0 1 "Stealing"
0 93 176 152 208 1042 1 0 1 "Stealing"
0 93 176 152 208 1043 1 0 1 "Stealing"
0 93 176 152 208 1044 1 0 1 "Stealing"
0 93 176 152 208 1045 1 0 1 "Stealing"
0 93 176 152 208 1046 1 0 1 "Stealing"
0 93 176 152 208 1047 1 0 1 "Stealing"
0 93 176 152 208 1048 1 0 1 "Stealing"
0 93 176 152 208 1049 1 0 1 "Stealing"
0 93 176 152 208 1050 1 0 1 "Stealing"
0 93 176 152 208 1051 1 0 1 "Stealing"
0 93 176 152 208 1052 1 0 1 "Stealing"
0 93 176 152 208 1053 1 0 1 "Stealing"
0 93 176 152 208 1054 1 0 1 "Stealing"
0 93 176 152 208 1055 1 0 1 "Stealing"
0 93 176 152 208 1056 1 0 1 "Stealing"
0 93 176 152 208 1057 1 0 1 "Stealing"
0 93 176 152 208 1058 1 0 1 "Stealing"
0 93 176 152 208 1059 1 0 1 "Stealing"
0 93 176 152 208 1060 1 0 1 "Stealing"
0 93 176 152 208 1061 1 0 1 "Stealing"
0 93 176 152 208 1062 1 0 1 "Stealing"
0 93 176 152 208 1063 1 0 1 "Stealing"
0 93 176 152 208 1064 1 0 1 "Stealing"
0 93 176 152 208 1065 1 0 1 "Stealing"
0 93 176 152 208 1066 1 0 1 "Stealing"
0 93 176 152 208 1067 1 0 1 "Stealing"
0 93 176 152 208 1068 1 0 1 "Stealing"
0 93 176 152 208 1069 1 0 1 "Stealing"
0 93 176 152 208 1070 1 0 1 "Stealing"
0 93 176 152 208 1071 1 0 1 "Stealing"
0 93 176 152 208 1072 1 0 1 "Stealing"
0 93 176 152 208 1073 1 0 1 "Stealing"
0 93 176 152 208 1074 1 0 1 "Stealing"
0 93 176 152 208 1075 1 0 1 "Stealing"
0 93 176 152 208 1076 1 0 1 "Stealing"
0 93 176 152 208 1077 1 0 1 "Stealing"
0 93 176 152 208 1078 1 0 1 "Stealing"
0 93 176 152 208 1079 1 0 1 "Stealing"
0 93 176 152 208 1080 1 0 1 "Stealing"
0 93 176 152 208 1081 1 0 1 "Stealing"
0 93 176 152 208 1082 1 0 1 "Stealing"
0 93 176 152 208 1083 1 0 1 "Stealing"
0 93 176 152 208 1084 1 0 1 "Stealing"
0 93 176 152 208 1085 1 0 1 "Stealing"
0 93 176 152 208 1086 1 0 1 "Stealing"
0 93 176 152 208 1087 1 0 1 "Stealing"
0 93 176 152 208 1088 1 0 1 "Stealing"
0 93 176 152 208 1089 1 0 1 "Stealing"
0 93 176 152 208 1090 1 0 1 "Stealing"
0 93 176 152 208 1091 1 0 1 "Stealing"
0 93 176 152 208 1092 1 0 1 "Stealing"
0 93 176 152 208 1093 1 0 1 "Stealing"
0 93 176 152 208 1094 1 0 1 "Stealing"
0 93 176 152 208 1095 1 0 1 "Stealing"
0 93 176 152 208 1096 1 0 1 "Stealing"
0 93 176 152 208 1097 1 0 1 "Stealing"
0 93 176 152 208 1098 1 0 1 "Stealing"
0 93 176 152 208 1099 1 0 1 "Stealing"
0 93 176 152 208 1100 1 0 1 "Stealing"
0 93 176 152 208 1101 1 0 1 "Stealing"
0 93 176 152 208 1102 1 0 1 "Stealing"
0 93 176 152 208 1103 1 0 1 "Stealing"
0 93 176 152 208 1104 1 0 1 "Stealing"
0 93 176 152 208 1105 1 0 1 "Stealing"
0 93 176 152 208 1106 1 0 1 "Stealing"
0 93 176 152 208 1107 1 0 1 "Stealing"
0 93 176 152 208 1108 1 0 1 "Stealing"
0 93 176 152 208 1109 1 0 1 "Stealing"
0 93 176 152 208 1110 1 0 1 "Stealing"
0 93 176 152 208 1111 1 0 1 "Stealing"
0 93 176 152 208 1112 1 0 1 "Stealing"
0 93 176 152 208 1113 1 0 1 "Stealing"
0 93 176 152 208 1114 1 0 1 "Stealing"
0 93 176 152 208 1115 1 0 1 "Stealing"
0 93 176 152 208 1116 1 0 1 "Stealing"
0 93 176 152 208 1117 1 0 1 "Stealing"
0 93 176 152 208 1118 1 0 1 "Stealing"
0 93 176 152 208 1119 1 0 1 "Stealing"
0 93 176 152 208 1120 1 0 1 "Stealing"
0 93 176 152 208 1121 1 0 1 "Stealing"
0 93 176 152 208 1122 1 0 1 "Stealing"
0 93 176 152 208 1123 1 0 1 "Stealing"
0 93 176 152 208 1124 1 0 1 "Stealing"
0 93 176 152 208 1125 1 0 1 "Stealing"
0 93 176 152 208 1126 1 0 1 "Stealing"
0 93 176 152 208 1127 1 0 1 "Stealing"
0 93 176 152 208 1128 1 0 1 "Stealing"
0 93 176 152 208 1129 1 0 1 "Stealing"
0 93 176 152 208 1130 1 0 1 "Stealing"
0 93 176 152 208 1131 1 0 1 "Stealing"
0 93 176 152 208 1132 1 0 1 "Stealing"
0 93 176 152 208 1133 1 0 1 "Stealing"
0 93 176 152 208 1134 1 0 1 "Stealing"
0 93 176 152 208 1135 1 0 1 "Stealing"
0 93 176 152 208 1136 1 0 1 "Stealing"
0 93 176 152 208 1137 1 0 1 "Stealing"
0 93 176 152 208 1138 1 0 1 "Stealing"
0 93 176 152 208 1139 1 0 1 "Stealing"
0 93 176 152 208 1140 1 0 1 "Stealing"
0 93 176 152 208 1141 1 0 1 "Stealing"
0 93 176 152 208 1142 1 0 1 "Stealing"
0 93 176 152 208 1143 1 0 1 "Stealing"
0 93 176 152 208 1144 1 0 1 "Stealing"
0 93 176 152 208 1145 1 0 1 "Stealing"
0 93 176 152 208 1146 1 0 1 "Stealing"
0 93 176 152 208 1147 1 0 1 "Stealing"
0 93 176 152 208 1148 1 0 1 "Stealing"
0 93 176 152 208 1149 1 0 1 "Stealing"
0 93 176 152 208 1150 1 0 1 "Stealing"
0 93 176 152 208 1151 1 0 1 "Stealing"
0 93 176 152 208 1152 1 0 1 "Stealing"
0 93 176 152 208 1153 1 0 1 "Stealing"
0 93 176 152 208 1154 1 0 1 "Stealing"
0 93 176 152 208 1155 1 0 1 "Stealing"
0 93 176 152 208 1156 1 0 1 "Stealing"
0 93 176 152 208 1157 1 0 1 "Stealing"
0 93 176 152 208 1158 1 0 1 "Stealing"
0 93 176 152 208 1159 1 0 1 "Stealing"
0 93 176 152 208 1160 1 0 1 "Stealing"
0 93 176 152 208 1161 1 0 1 "Stealing"
0 93 176 152 208 1162 1 0 1 "Stealing"
0 93 176 152 208 1163 1 0 1 "Stealing"
0 93 176 152 208 1164 1 0 1 "Stealing"
0 93 176 152 208 1165 1 0 1 "Stealing"
0 93 176 152 208 1166 1 0 1 "Stealing"
0 93 176 152 208 1167 1 0 1 "Stealing"
0 93 176 152 208 1168 1 0 1 "Stealing"
0 93 176 152 208 1169 1 0 1 "Stealing"
0 93 176 152 208 1170 1 0 1 "Stealing"
0 93 176 152 208 1171 1 0 1 "Stealing"
0 93 176 152 208 1172 1 0 1 "Stealing"
0 93 176 152 208 1173 1 0 1 "Stealing"
0 93 176 152 208 1174 1 0 1 "Stealing"
0 93 176 152 208 1175 1 0 1 "Stealing"
0 93 176 152 208 1176 1 0 1 "Stealing"
0 93 176 152 208 1177 1 0 1 "Stealing"
0 93 176 152 208 1178 1 0 1 "Stealing"
0 93 176 152 208 1179 1 0 1 "Stealing"
0 93 176 152 208 1180 1 0 1 "Stealing"
0 93 176 152 208 1181 1 0 1 "Stealing"
0 93 176 152 208 1182 1 0 1 "Stealing"
0 93 176 152 208 1183 1 0 1 "Stealing"
0 93 176 152 208 1184 1 0 1 "Stealing"
0 93 176 152 208 1185 1 0 1 "Stealing"
0 93 176 152 208 1186 1 0 1 "Stealing"
0 93 176 152 208 1187 1 0 1 "Stealing"
0 93 176 152 208 1188 1 0 1 "Stealing"
0 93 176 152 208 1189 1 0 1 "Stealing"
0 93 176 152 208 1190 1 0 1 "Stealing"
0 93 176 152 208 1191 1 0 1 "Stealing"
0 93 176 152 208 1192 1 0 1 "Stealing"
0 93 176 152 208 1193 1 0 1 "Stealing"
0 93 176 152 208 1194 1 0 1 "Stealing"
0 93 176 152 208 1195 1 0 1 "Stealing"
0 93 176 152 208 1196 1 0 1 "Stealing"
0 93 176 152 208 1197 1 0 1 "Stealing"
0 93 176 152 208 1198 1 0 1 "Stealing"
0 93 176 152 208 1199 1 0 1 "Stealing"
0 93 176 152 208 1200 1 0 1 "Stealing"
0 93 176 152 208 1201 1 0 1 "Stealing"
0 93 176 152 208 1202 1 0 1 "Stealing"
0 93 176 152 208 1203 1 0 1 "Stealing"
0 93 176 152 208 1204 1 0 1 "Stealing"
0 93 176 152 208 1205 1 0 1 "Stealing"
0 93 176 152 208 1206 1 0 1 "Stealing"
0 93 176 152 208 1207 1 0 1 "Stealing"
0 93 176 152 208 1208 1 0 1 "Stealing"
0 93 176 152 208 1209 1 0 1 "Stealing"
0 93 176 152 208 1210 1 0 1 "Stealing"
0 93 176 152 208 1211 1 0 1 "Stealing"
0 93 176 152 208 1212 1 0 1 "Stealing"
0 93 176 152 208 1213 1 0 1 "Stealing"
0 93 176 152 208 1214 1 0 1 "Stealing"
0 93 176 152 208 1215 1 0 1 "Stealing"
0 93 176 152 208 1216 1 0 1 "Stealing"
0 93 176 152 208 1217 1 0 1 "Stealing"
0 93 176 152 208 1218 1 0 1 "Stealing"
0 93 176 152 208 1219 1 0 1 "Stealing"
0 93 176 152 208 1220 1 0 1 "Stealing"
0 93 176 152 208 1221 1 0 1 "Stealing"
0 93 176 152 208 1222 1 0 1 "Stealing"
0 93 176 152 208 1223 1 0 1 "Stealing"
0 93 176 152 208 1224 1 0 1 "Stealing"
0 93 176 152 208 1225 1 0 1 "Stealing"
0 93 176 152 208 1226 1 0 1 "Stealing"
0 93 176 152 208 1227 1 0 1 "Stealing"
0 93 176 152 208 1228 1 0 1 "Stealing"
0 93 176 152 208 1229 1 0 1 "Stealing"
0 93 176 152 208 1230 1 0 1 "Stealing"
0 93 176 152 208 1231 1 0 1 "Stealing"
0 93 176 152 208 1232 1 0 1 "Stealing"
0 93 176 152 208 1233 1 0 1 "Stealing"
0 93 176 152 208 1234 1 0 1 "Stealing"
0 93 176 152 208 1235 1 0 1 "Stealing"
0 93 176 152 208 1236 1 0 1 "Stealing"
0 93 176 152 208 1237 1 0 1 "Stealing"
0 93 176 152 208 1238 1 0 1 "Stealing"
0 93 176 152 208 1239 1 0 1 "Stealing"
0 93 176 152 208 1240 1 0 1 "Stealing"
0 93 176 152 208 1241 1 0 1 "Stealing"
0 93 176 152 208 1242 1 0 1 "Stealing"
0 93 176 152 208 1243 1 0 1 "Stealing"
0 93 176 152 208 1244 1 0 1 "Stealing"
0 93 176 152 208 1245 1 0 1 "Stealing"
0 93 176 152 208 1246 1 0 1 "Stealing"
0 93 176 152 208 1247 1 0 1 "Stealing"
0 93 176 152 208 1248 1 0 1 "Stealing"
0 93 176 152 208 1249 1 0 1 "Stealing"
0 93 176 152 208 1250 1 0 1 "Stealing"
0 93 176 152 208 1251 1 0 1 "Stealing"
0 93 176 152 208 1252 1 0 1 "Stealing"
0 93 176 152 208 1253 1 0 1 "Stealing"
0 93 176 152 208 1254 1 0 1 "Stealing"
0 93 176 152 208 1255 1 0 1 "Stealing"
0 93 176 152 208 1256 1 0 1 "Stealing"
0 93 176 152 208 1257 1 0 1 "Stealing"
0 93 176 152 208 1258 1 0 1 "Stealing"
0 93 176 152 208 1259 1 0 1 "Stealing"
0 93 176 152 208 1260 1 0 1 "Stealing"
0 93 176 152 208 1261 1 0 1 "Stealing"
0 93 176 152 208 1262 1 0 1 "Stealing"
0 93 176 152 208 1263 1 0 1 "Stealing"
0 93 176 152 208 1264 1 0 1 "Stealing"
0 93 176 152 208 1265 1 0 1 "Stealing"
0 93 176 152 208 1266 1 0 1 "Stealing"
0 93 176 152 208 1267 1 0 1 "Stealing"
0 93 176 152 208 1268 1 0 1 "Stealing"
0 93 176 152 208 1269 1 0 1 "Stealing"
0 93 176 152 208 1270 1 0 1 "Stealing"
0 93 176 152 208 1271 1 0 1 "Stealing"
0 93 176 152 208 1272 1 0 1 "Stealing"
0 93 176 152 208 1273 1 0 1 "Stealing"
0 93 176 152 208 1274 1 0 1 "Stealing"
0 93 176 152 208 1275 1 0 1 "Stealing"
0 93 176 152 208 1276 1 0 1 "Stealing"
0 93 176 152 208 1277 1 0 1 "Stealing"
0 93 176 152 208 1278 1 0 1 "Stealing"
0 93 176 152 208 1279 1 0 1 "Stealing"
0 93 176 152 208 1280 1 0 1 "Stealing"
0 93 176 152 208 1281 1 0 1 "Stealing"
0 93 176 152 208 1282 1 0 1 "Stealing"
0 93 176 152 208 1283 1 0 1 "Stealing"
0 93 176 152 208 1284 1 0 1 "Stealing"
0 93 176 152 208 1285 1 0 1 "Stealing"
0 93 176 152 208 1286 1 0 1 "Stealing"
0 93 176 152 208 1287 1 0 1 "Stealing"
0 93 176 152 208 1288 1 0 1 "Stealing"
0 93 176 152 208 1289 1 0 1 "Stealing"
0 93 176 152 208 1290 1 0 1 "Stealing"
0 93 176 152 208 1291 1 0 1 "Stealing"
0 93 176 152 208 1292 1 0 1 "Stealing"
0 93 176 152 208 1293 1 0 1 "Stealing"
0 93 176 152 208 1294 1 0 1 "Stealing"
0 93 176 152 208 1295 1 0 1 "Stealing"
0 93 176 152 208 1296 1 0 1 "Stealing"
0 93 176 152 208 1297 1 0 1 "Stealing"
0 93 176 152 208 1298 1 0 1 "Stealing"
0 93 176 152 208 1299 1 0 1 "Stealing"
0 93 176 152 208 1300 1 0 1 "Stealing"
0 93 176 152 208 1301 1 0 1 "Stealing"
0 93 176 152 208 1302 1 0 1 "Stealing"
0 93 176 152 208 1303 1 0 1 "Stealing"
0 93 176 152 208 1304 1 0 1 "Stealing"
0 93 176 152 208 1305 1 0 1 "Stealing"
0 93 176 152 208 1306 1 0 1 "Stealing"
0 93 176 152 208 1307 1 0 1 "Stealing"
0 93 176 152 208 1308 1 0 1 "Stealing"
0 93 176 152 208 1309 1 0 1 "Stealing"
0 93 176 152 208 1310 1 0 1 "Stealing"
0 93 176 152 208 1311 1 0 1 "Stealing"
0 93 176 152 208 1312 1 0 1 "Stealing"
0 93 176 152 208 1313 1 0 1 "Stealing"
0 93 176 152 208 1314 1 0 1 "Stealing"
0 93 176 152 208 1315 1 0 1 "Stealing"
0 93 176 152 208 1316 1 0 1 "Stealing"
0 93 176 152 208 1317 1 0 1 "Stealing"
0 93 176 152 208 1318 1 0 1 "Stealing"
0 93 176 152 208 1319 1 0 1 "Stealing"
0 93 176 152 208 1320 1 0 1 "Stealing"
0 93 176 152 208 1321 1 0 1 "Stealing"
0 93 176 152 208 1322 1 0 1 "Stealing"
0 93 176 152 208 1323 1 0 1 "Stealing"
0 93 176 152 208 1324 1 0 1 "Stealing"
0 93 176 152 208 1325 1 0 1 "Stealing"
0 93 176 152 208 1326 1 0 1 "Stealing"
0 93 176 152 208 1327 1 0 1 "Stealing"
0 93 176 152 208 1328 1 0 1 "Stealing"
0 93 176 152 208 1329 1 0 1 "Stealing"
0 93 176 152 208 1330 1 0 1 "Stealing"
0 93 176 152 208 1331 1 0 1 "Stealing"
0 93 176 152 208 1332 1 0 1 "Stealing"
0 93 176 152 208 1333 1 0 1 "Stealing"
0 93 176 152 208 1334 1 0 1 "Stealing"
0 93 176 152 208 1335 1 0 1 "Stealing"
0 93 176 152 208 1336 1 0 1 "Stealing"
0 93 176 152 208 1337 1 0 1 "Stealing"
0 93 176 152 208 1338 1 0 1 "Stealing"
0 93 176 152 208 1339 1 0 1 "Stealing"
0 93 176 152 208 1340 1 0 1 "Stealing"
0 93 176 152 208 1341 1 0 1 "Stealing"
0 93 176 152 208 1342 1 0 1 "Stealing"
0 93 176 152 208 1343 1 0 1 "Stealing"
0 93 176 152 208 1344 1 0 1 "Stealing"
0 93 176 152 208 1345 1 0 1 "Stealing"
0 93 176 152 208 1346 1 0 1 "Stealing"
0 93 176 152 208 1347 1 0 1 "Stealing"
0 93 176 152 208 1348 1 0 1 "Stealing"
0 93 176 152 208 1349 1 0 1 "Stealing"
0 93 176 152 208 1350 1 0 1 "Stealing"
0 93 176 152 208 1351 1 0 0 "Stealing"
