0 171 121 275 240 0 1 0 0 "Stealing"
0 171 121 275 240 1 1 0 1 "Stealing"
0 171 121 275 240 2 1 0 1 "Stealing"
0 171 121 275 240 3 1 0 1 "Stealing"
0 171 121 275 240 4 1 0 1 "Stealing"
0 171 121 275 240 5 1 0 1 "Stealing"
0 171 121 275 240 6 1 0 1 "Stealing"
0 171 121 275 240 7 1 0 1 "Stealing"
0 171 121 275 240 8 1 0 1 "Stealing"
0 171 121 275 240 9 1 0 1 "Stealing"
0 171 121 275 240 10 1 0 1 "Stealing"
0 171 121 275 240 11 1 0 1 "Stealing"
0 171 121 275 240 12 1 0 1 "Stealing"
0 171 121 275 240 13 1 0 1 "Stealing"
0 171 121 275 240 14 1 0 1 "Stealing"
0 171 121 275 240 15 1 0 1 "Stealing"
0 171 121 275 240 16 1 0 1 "Stealing"
0 171 121 275 240 17 1 0 1 "Stealing"
0 171 121 275 240 18 1 0 1 "Stealing"
0 171 121 275 240 19 1 0 1 "Stealing"
0 171 121 275 240 20 1 0 1 "Stealing"
0 171 121 275 240 21 1 0 1 "Stealing"
0 171 121 275 240 22 1 0 1 "Stealing"
0 171 121 275 240 23 1 0 1 "Stealing"
0 171 121 275 240 24 1 0 1 "Stealing"
0 171 121 275 240 25 1 0 1 "Stealing"
0 171 121 275 240 26 1 0 1 "Stealing"
0 171 121 275 240 27 1 0 1 "Stealing"
0 171 121 275 240 28 1 0 1 "Stealing"
0 171 121 275 240 29 1 0 1 "Stealing"
0 171 121 275 240 30 1 0 1 "Stealing"
0 171 121 275 240 31 1 0 1 "Stealing"
0 171 121 275 240 32 1 0 1 "Stealing"
0 171 121 275 240 33 1 0 1 "Stealing"
0 171 121 275 240 34 1 0 1 "Stealing"
0 171 121 275 240 35 1 0 1 "Stealing"
0 171 121 275 240 36 1 0 1 "Stealing"
0 171 121 275 240 37 1 0 1 "Stealing"
0 171 121 275 240 38 1 0 1 "Stealing"
0 171 121 275 240 39 1 0 1 "Stealing"
0 171 121 275 240 40 1 0 1 "Stealing"
0 171 121 275 240 41 1 0 1 "Stealing"
0 171 121 275 240 42 1 0 1 "Stealing"
0 171 121 275 240 43 1 0 1 "Stealing"
0 171 121 275 240 44 1 0 1 "Stealing"
0 171 121 275 240 45 1 0 1 "Stealing"
0 171 121 275 240 46 1 0 1 "Stealing"
0 171 121 275 240 47 1 0 1 "Stealing"
0 171 121 275 240 48 1 0 1 "Stealing"
0 171 121 275 240 49 1 0 1 "Stealing"
0 171 121 275 240 50 1 0 1 "Stealing"
0 171 121 275 240 51 1 0 1 "Stealing"
0 171 121 275 240 52 1 0 1 "Stealing"
0 171 121 275 240 53 1 0 1 "Stealing"
0 171 121 275 240 54 1 0 1 "Stealing"
0 171 121 275 240 55 1 0 1 "Stealing"
0 171 121 275 240 56 1 0 1 "Stealing"
0 171 121 275 240 57 1 0 1 "Stealing"
0 171 121 275 240 58 1 0 1 "Stealing"
0 171 121 275 240 59 1 0 1 "Stealing"
0 171 121 275 240 60 1 0 1 "Stealing"
0 171 121 275 240 61 1 0 1 "Stealing"
0 171 121 275 240 62 1 0 1 "Stealing"
0 171 121 275 240 63 1 0 1 "Stealing"
0 171 121 275 240 64 1 0 1 "Stealing"
0 171 121 275 240 65 1 0 1 "Stealing"
0 171 121 275 240 66 1 0 1 "Stealing"
0 171 121 275 240 67 1 0 1 "Stealing"
0 171 121 275 240 68 1 0 1 "Stealing"
0 171 121 275 240 69 1 0 1 "Stealing"
0 171 121 275 240 70 1 0 1 "Stealing"
0 171 121 275 240 71 1 0 1 "Stealing"
0 171 121 275 240 72 1 0 1 "Stealing"
0 171 121 275 240 73 1 0 1 "Stealing"
0 171 121 275 240 74 1 0 1 "Stealing"
0 171 121 275 240 75 1 0 1 "Stealing"
0 171 121 275 240 76 1 0 1 "Stealing"
0 171 121 275 240 77 1 0 1 "Stealing"
0 171 121 275 240 78 1 0 1 "Stealing"
0 171 121 275 240 79 1 0 1 "Stealing"
0 171 121 275 240 80 1 0 1 "Stealing"
0 171 121 275 240 81 1 0 1 "Stealing"
0 171 121 275 240 82 1 0 1 "Stealing"
0 171 121 275 240 83 1 0 1 "Stealing"
0 171 121 275 240 84 1 0 1 "Stealing"
0 171 121 275 240 85 1 0 1 "Stealing"
0 171 121 275 240 86 1 0 1 "Stealing"
0 171 121 275 240 87 1 0 1 "Stealing"
0 171 121 275 240 88 1 0 1 "Stealing"
0 171 121 275 240 89 1 0 1 "Stealing"
0 171 121 275 240 90 1 0 1 "Stealing"
0 171 121 275 240 91 1 0 1 "Stealing"
0 171 121 275 240 92 1 0 1 "Stealing"
0 171 121 275 240 93 1 0 1 "Stealing"
0 171 121 275 240 94 1 0 1 "Stealing"
0 171 121 275 240 95 1 0 1 "Stealing"
0 171 121 275 240 96 1 0 1 "Stealing"
0 171 121 275 240 97 1 0 1 "Stealing"
0 171 121 275 240 98 1 0 1 "Stealing"
0 171 121 275 240 99 1 0 1 "Stealing"
0 171 121 275 240 100 1 0 1 "Stealing"
0 171 121 275 240 101 1 0 1 "Stealing"
0 171 121 275 240 102 1 0 1 "Stealing"
0 171 121 275 240 103 1 0 1 "Stealing"
0 171 121 275 240 104 1 0 1 "Stealing"
0 171 121 275 240 105 1 0 1 "Stealing"
0 171 121 275 240 106 1 0 1 "Stealing"
0 171 121 275 240 107 1 0 1 "Stealing"
0 171 121 275 240 108 1 0 1 "Stealing"
0 171 121 275 240 109 1 0 1 "Stealing"
0 171 121 275 240 110 1 0 1 "Stealing"
0 171 121 275 240 111 1 0 1 "Stealing"
0 171 121 275 240 112 1 0 1 "Stealing"
0 171 121 275 240 113 1 0 1 "Stealing"
0 171 121 275 240 114 1 0 1 "Stealing"
0 171 121 275 240 115 1 0 1 "Stealing"
0 171 121 275 240 116 1 0 1 "Stealing"
0 171 121 275 240 117 1 0 1 "Stealing"
0 171 121 275 240 118 1 0 1 "Stealing"
0 171 121 275 240 119 1 0 1 "Stealing"
0 171 121 275 240 120 1 0 1 "Stealing"
0 171 121 275 240 121 1 0 1 "Stealing"
0 171 121 275 240 122 1 0 1 "Stealing"
0 171 121 275 240 123 1 0 1 "Stealing"
0 171 121 275 240 124 1 0 1 "Stealing"
0 171 121 275 240 125 1 0 1 "Stealing"
0 171 121 275 240 126 1 0 1 "Stealing"
0 171 121 275 240 127 1 0 1 "Stealing"
0 171 121 275 240 128 1 0 1 "Stealing"
0 171 121 275 240 129 1 0 1 "Stealing"
0 171 121 275 240 130 1 0 1 "Stealing"
0 171 121 275 240 131 1 0 1 "Stealing"
0 171 121 275 240 132 1 0 1 "Stealing"
0 171 121 275 240 133 1 0 1 "Stealing"
0 171 121 275 240 134 1 0 1 "Stealing"
0 171 121 275 240 135 1 0 1 "Stealing"
0 171 121 275 240 136 1 0 1 "Stealing"
0 171 121 275 240 137 1 0 1 "Stealing"
0 171 121 275 240 138 1 0 1 "Stealing"
0 171 121 275 240 139 1 0 1 "Stealing"
0 171 121 275 240 140 1 0 1 "Stealing"
0 171 121 275 240 141 1 0 1 "Stealing"
0 171 121 275 240 142 1 0 1 "Stealing"
0 171 121 275 240 143 1 0 1 "Stealing"
0 171 121 275 240 144 1 0 1 "Stealing"
0 171 121 275 240 145 1 0 1 "Stealing"
0 171 121 275 240 146 1 0 1 "Stealing"
0 171 121 275 240 147 1 0 1 "Stealing"
0 171 121 275 240 148 1 0 1 "Stealing"
0 171 121 275 240 149 1 0 1 "Stealing"
0 171 121 275 240 150 1 0 1 "Stealing"
0 171 121 275 240 151 1 0 1 "Stealing"
0 171 121 275 240 152 1 0 1 "Stealing"
0 171 121 275 240 153 1 0 1 "Stealing"
0 171 121 275 240 154 1 0 1 "Stealing"
0 171 121 275 240 155 1 0 1 "Stealing"
0 171 121 275 240 156 1 0 1 "Stealing"
0 171 121 275 240 157 1 0 1 "Stealing"
0 171 121 275 240 158 1 0 1 "Stealing"
0 171 121 275 240 159 1 0 1 "Stealing"
0 171 121 275 240 160 1 0 1 "Stealing"
0 171 121 275 240 161 1 0 1 "Stealing"
0 171 121 275 240 162 1 0 1 "Stealing"
0 171 121 275 240 163 1 0 1 "Stealing"
0 171 121 275 240 164 1 0 1 "Stealing"
0 171 121 275 240 165 1 0 1 "Stealing"
0 171 121 275 240 166 1 0 1 "Stealing"
0 171 121 275 240 167 1 0 1 "Stealing"
0 171 121 275 240 168 1 0 1 "Stealing"
0 171 121 275 240 169 1 0 1 "Stealing"
0 171 121 275 240 170 1 0 1 "Stealing"
0 171 121 275 240 171 1 0 1 "Stealing"
0 171 121 275 240 172 1 0 1 "Stealing"
0 171 121 275 240 173 1 0 1 "Stealing"
0 171 121 275 240 174 1 0 1 "Stealing"
0 171 121 275 240 175 1 0 1 "Stealing"
0 171 121 275 240 176 1 0 1 "Stealing"
0 171 121 275 240 177 1 0 1 "Stealing"
0 171 121 275 240 178 1 0 1 "Stealing"
0 171 121 275 240 179 1 0 1 "Stealing"
0 171 121 275 240 180 1 0 1 "Stealing"
0 171 121 275 240 181 1 0 1 "Stealing"
0 171 121 275 240 182 1 0 1 "Stealing"
0 171 121 275 240 183 1 0 1 "Stealing"
0 171 121 275 240 184 1 0 1 "Stealing"
0 171 121 275 240 185 1 0 1 "Stealing"
0 171 121 275 240 186 1 0 1 "Stealing"
0 171 121 275 240 187 1 0 1 "Stealing"
0 171 121 275 240 188 1 0 1 "Stealing"
0 171 121 275 240 189 1 0 1 "Stealing"
0 171 121 275 240 190 1 0 1 "Stealing"
0 171 121 275 240 191 1 0 1 "Stealing"
0 171 121 275 240 192 1 0 1 "Stealing"
0 171 121 275 240 193 1 0 1 "Stealing"
0 171 121 275 240 194 1 0 1 "Stealing"
0 171 121 275 240 195 1 0 1 "Stealing"
0 171 121 275 240 196 1 0 1 "Stealing"
0 171 121 275 240 197 1 0 1 "Stealing"
0 171 121 275 240 198 1 0 1 "Stealing"
0 171 121 275 240 199 1 0 1 "Stealing"
0 171 121 275 240 200 1 0 1 "Stealing"
0 171 121 275 240 201 1 0 1 "Stealing"
0 171 121 275 240 202 1 0 1 "Stealing"
0 171 121 275 240 203 1 0 1 "Stealing"
0 171 121 275 240 204 1 0 1 "Stealing"
0 171 121 275 240 205 1 0 1 "Stealing"
0 171 121 275 240 206 1 0 1 "Stealing"
0 171 121 275 240 207 1 0 1 "Stealing"
0 171 121 275 240 208 1 0 1 "Stealing"
0 171 121 275 240 209 1 0 1 "Stealing"
0 171 121 275 240 210 1 0 1 "Stealing"
0 171 121 275 240 211 1 0 1 "Stealing"
0 171 121 275 240 212 1 0 1 "Stealing"
0 171 121 275 240 213 1 0 1 "Stealing"
0 171 121 275 240 214 1 0 1 "Stealing"
0 171 121 275 240 215 1 0 1 "Stealing"
0 171 121 275 240 216 1 0 1 "Stealing"
0 171 121 275 240 217 1 0 1 "Stealing"
0 171 121 275 240 218 1 0 1 "Stealing"
0 171 121 275 240 219 1 0 1 "Stealing"
0 171 121 275 240 220 1 0 1 "Stealing"
0 171 121 275 240 221 1 0 1 "Stealing"
0 171 121 275 240 222 1 0 1 "Stealing"
0 171 121 275 240 223 1 0 1 "Stealing"
0 171 121 275 240 224 1 0 1 "Stealing"
0 171 121 275 240 225 1 0 1 "Stealing"
0 171 121 275 240 226 1 0 1 "Stealing"
0 171 121 275 240 227 1 0 1 "Stealing"
0 171 121 275 240 228 1 0 1 "Stealing"
0 171 121 275 240 229 1 0 1 "Stealing"
0 171 121 275 240 230 1 0 1 "Stealing"
0 171 121 275 240 231 1 0 1 "Stealing"
0 171 121 275 240 232 1 0 1 "Stealing"
0 171 121 275 240 233 1 0 1 "Stealing"
0 171 121 275 240 234 1 0 1 "Stealing"
0 171 121 275 240 235 1 0 1 "Stealing"
0 171 121 275 240 236 1 0 1 "Stealing"
0 171 121 275 240 237 1 0 1 "Stealing"
0 171 121 275 240 238 1 0 1 "Stealing"
0 171 121 275 240 239 1 0 1 "Stealing"
0 171 121 275 240 240 1 0 1 "Stealing"
0 171 121 275 240 241 1 0 1 "Stealing"
0 171 121 275 240 242 1 0 1 "Stealing"
0 171 121 275 240 243 1 0 1 "Stealing"
0 171 121 275 240 244 1 0 1 "Stealing"
0 171 121 275 240 245 1 0 1 "Stealing"
0 171 121 275 240 246 1 0 1 "Stealing"
0 171 121 275 240 247 1 0 1 "Stealing"
0 171 121 275 240 248 1 0 1 "Stealing"
0 171 121 275 240 249 1 0 1 "Stealing"
0 171 121 275 240 250 1 0 1 "Stealing"
0 171 121 275 240 251 1 0 1 "Stealing"
0 171 121 275 240 252 1 0 1 "Stealing"
0 171 121 275 240 253 1 0 1 "Stealing"
0 171 121 275 240 254 1 0 1 "Stealing"
0 171 121 275 240 255 1 0 1 "Stealing"
0 171 121 275 240 256 1 0 1 "Stealing"
0 171 121 275 240 257 1 0 1 "Stealing"
0 171 121 275 240 258 1 0 1 "Stealing"
0 171 121 275 240 259 1 0 1 "Stealing"
0 171 121 275 240 260 1 0 1 "Stealing"
0 171 121 275 240 261 1 0 1 "Stealing"
0 171 121 275 240 262 1 0 1 "Stealing"
0 171 121 275 240 263 1 0 1 "Stealing"
0 171 121 275 240 264 1 0 1 "Stealing"
0 171 121 275 240 265 1 0 1 "Stealing"
0 171 121 275 240 266 1 0 1 "Stealing"
0 171 121 275 240 267 1 0 1 "Stealing"
0 171 121 275 240 268 1 0 1 "Stealing"
0 171 121 275 240 269 1 0 1 "Stealing"
0 171 121 275 240 270 1 0 1 "Stealing"
0 171 121 275 240 271 1 0 1 "Stealing"
0 171 121 275 240 272 1 0 1 "Stealing"
0 171 121 275 240 273 1 0 1 "Stealing"
0 171 121 275 240 274 1 0 1 "Stealing"
0 171 121 275 240 275 1 0 1 "Stealing"
0 171 121 275 240 276 1 0 1 "Stealing"
0 171 121 275 240 277 1 0 1 "Stealing"
0 171 121 275 240 278 1 0 1 "Stealing"
0 171 121 275 240 279 1 0 1 "Stealing"
0 171 121 275 240 280 1 0 1 "Stealing"
0 171 121 275 240 281 1 0 1 "Stealing"
0 171 121 275 240 282 1 0 1 "Stealing"
0 171 121 275 240 283 1 0 1 "Stealing"
0 171 121 275 240 284 1 0 1 "Stealing"
0 171 121 275 240 285 1 0 1 "Stealing"
0 171 121 275 240 286 1 0 1 "Stealing"
0 171 121 275 240 287 1 0 1 "Stealing"
0 171 121 275 240 288 1 0 1 "Stealing"
0 171 121 275 240 289 1 0 1 "Stealing"
0 171 121 275 240 290 1 0 1 "Stealing"
0 171 121 275 240 291 1 0 1 "Stealing"
0 171 121 275 240 292 1 0 1 "Stealing"
0 171 121 275 240 293 1 0 1 "Stealing"
0 171 121 275 240 294 1 0 1 "Stealing"
0 171 121 275 240 295 1 0 1 "Stealing"
0 171 121 275 240 296 1 0 1 "Stealing"
0 171 121 275 240 297 1 0 1 "Stealing"
0 171 121 275 240 298 1 0 1 "Stealing"
0 171 121 275 240 299 1 0 1 "Stealing"
0 171 121 275 240 300 1 0 1 "Stealing"
0 171 121 275 240 301 1 0 1 "Stealing"
0 171 121 275 240 302 1 0 1 "Stealing"
0 171 121 275 240 303 1 0 1 "Stealing"
0 171 121 275 240 304 1 0 1 "Stealing"
0 171 121 275 240 305 1 0 1 "Stealing"
0 171 121 275 240 306 1 0 1 "Stealing"
0 171 121 275 240 307 1 0 1 "Stealing"
0 171 121 275 240 308 1 0 1 "Stealing"
0 171 121 275 240 309 1 0 1 "Stealing"
0 171 121 275 240 310 1 0 1 "Stealing"
0 171 121 275 240 311 1 0 1 "Stealing"
0 171 121 275 240 312 1 0 1 "Stealing"
0 171 121 275 240 313 1 0 1 "Stealing"
0 171 121 275 240 314 1 0 1 "Stealing"
0 171 121 275 240 315 1 0 1 "Stealing"
0 171 121 275 240 316 1 0 1 "Stealing"
0 171 121 275 240 317 1 0 1 "Stealing"
0 171 121 275 240 318 1 0 1 "Stealing"
0 171 121 275 240 319 1 0 1 "Stealing"
0 171 121 275 240 320 1 0 1 "Stealing"
0 171 121 275 240 321 1 0 1 "Stealing"
0 171 121 275 240 322 1 0 1 "Stealing"
0 171 121 275 240 323 1 0 1 "Stealing"
0 171 121 275 240 324 1 0 1 "Stealing"
0 171 121 275 240 325 1 0 1 "Stealing"
0 171 121 275 240 326 1 0 1 "Stealing"
0 171 121 275 240 327 1 0 1 "Stealing"
0 171 121 275 240 328 1 0 1 "Stealing"
0 171 121 275 240 329 1 0 1 "Stealing"
0 171 121 275 240 330 1 0 1 "Stealing"
0 171 121 275 240 331 1 0 1 "Stealing"
0 171 121 275 240 332 1 0 1 "Stealing"
0 171 121 275 240 333 1 0 1 "Stealing"
0 171 121 275 240 334 1 0 1 "Stealing"
0 171 121 275 240 335 1 0 1 "Stealing"
0 171 121 275 240 336 1 0 1 "Stealing"
0 171 121 275 240 337 1 0 1 "Stealing"
0 171 121 275 240 338 1 0 1 "Stealing"
0 171 121 275 240 339 1 0 1 "Stealing"
0 171 121 275 240 340 1 0 1 "Stealing"
0 171 121 275 240 341 1 0 1 "Stealing"
0 171 121 275 240 342 1 0 1 "Stealing"
0 171 121 275 240 343 1 0 1 "Stealing"
0 171 121 275 240 344 1 0 1 "Stealing"
0 171 121 275 240 345 1 0 1 "Stealing"
0 171 121 275 240 346 1 0 1 "Stealing"
0 171 121 275 240 347 1 0 1 "Stealing"
0 171 121 275 240 348 1 0 1 "Stealing"
0 171 121 275 240 349 1 0 1 "Stealing"
0 171 121 275 240 350 1 0 1 "Stealing"
0 171 121 275 240 351 1 0 1 "Stealing"
0 171 121 275 240 352 1 0 1 "Stealing"
0 171 121 275 240 353 1 0 1 "Stealing"
0 171 121 275 240 354 1 0 1 "Stealing"
0 171 121 275 240 355 1 0 1 "Stealing"
0 171 121 275 240 356 1 0 1 "Stealing"
0 171 121 275 240 357 1 0 1 "Stealing"
0 171 121 275 240 358 1 0 1 "Stealing"
0 171 121 275 240 359 1 0 1 "Stealing"
0 171 121 275 240 360 1 0 1 "Stealing"
0 171 121 275 240 361 1 0 1 "Stealing"
0 171 121 275 240 362 1 0 1 "Stealing"
0 171 121 275 240 363 1 0 1 "Stealing"
0 171 121 275 240 364 1 0 1 "Stealing"
0 171 121 275 240 365 1 0 1 "Stealing"
0 171 121 275 240 366 1 0 1 "Stealing"
0 171 121 275 240 367 1 0 1 "Stealing"
0 171 121 275 240 368 1 0 1 "Stealing"
0 171 121 275 240 369 1 0 1 "Stealing"
0 171 121 275 240 370 1 0 1 "Stealing"
0 171 121 275 240 371 1 0 1 "Stealing"
0 171 121 275 240 372 1 0 1 "Stealing"
0 171 121 275 240 373 1 0 1 "Stealing"
0 171 121 275 240 374 1 0 1 "Stealing"
0 171 121 275 240 375 0 0 0 "Stealing"
0 171 121 275 239 376 0 0 1 "Stealing"
0 171 121 275 239 377 0 0 1 "Stealing"
0 171 121 275 239 378 0 0 1 "Stealing"
0 171 121 275 239 379 0 0 1 "Stealing"
0 171 121 275 239 380 0 0 1 "Stealing"
0 171 121 275 239 381 0 0 1 "Stealing"
0 171 121 275 239 382 0 0 1 "Stealing"
0 171 121 275 239 383 0 0 1 "Stealing"
0 171 121 275 239 384 0 0 1 "Stealing"
0 171 121 275 239 385 0 0 1 "Stealing"
0 171 121 275 239 386 0 0 1 "Stealing"
0 171 121 275 239 387 0 0 1 "Stealing"
0 171 121 275 239 388 0 0 1 "Stealing"
0 171 121 275 239 389 0 0 1 "Stealing"
0 171 121 275 239 390 0 0 1 "Stealing"
0 171 121 275 239 391 0 0 1 "Stealing"
0 171 121 275 239 392 0 0 1 "Stealing"
0 171 121 275 239 393 0 0 1 "Stealing"
0 171 121 275 239 394 0 0 1 "Stealing"
0 171 121 275 239 395 0 0 1 "Stealing"
0 171 121 275 239 396 0 0 1 "Stealing"
0 171 121 275 239 397 0 0 1 "Stealing"
0 171 121 275 239 398 0 0 1 "Stealing"
0 171 121 275 239 399 0 0 1 "Stealing"
0 171 121 275 239 400 0 0 1 "Stealing"
0 171 121 275 239 401 0 0 1 "Stealing"
0 171 121 275 239 402 0 0 1 "Stealing"
0 171 121 275 239 403 0 0 1 "Stealing"
0 171 121 275 239 404 0 0 1 "Stealing"
0 171 121 275 239 405 0 0 1 "Stealing"
0 171 121 275 239 406 0 0 1 "Stealing"
0 171 121 275 239 407 0 0 1 "Stealing"
0 171 121 275 239 408 0 0 1 "Stealing"
0 171 121 275 239 409 0 0 1 "Stealing"
0 171 121 275 239 410 0 0 1 "Stealing"
0 171 121 275 239 411 0 0 1 "Stealing"
0 171 121 275 239 412 0 0 1 "Stealing"
0 171 121 275 239 413 0 0 1 "Stealing"
0 171 121 275 239 414 0 0 1 "Stealing"
0 171 121 275 239 415 0 0 1 "Stealing"
0 171 121 275 239 416 0 0 1 "Stealing"
0 171 121 275 239 417 0 0 1 "Stealing"
0 171 121 275 239 418 0 0 1 "Stealing"
0 171 121 275 239 419 0 0 1 "Stealing"
0 171 121 275 239 420 0 0 1 "Stealing"
0 171 121 275 239 421 0 0 1 "Stealing"
0 171 121 275 239 422 0 0 1 "Stealing"
0 171 121 275 239 423 0 0 1 "Stealing"
0 171 121 275 239 424 0 0 1 "Stealing"
0 171 121 275 239 425 0 0 1 "Stealing"
0 171 121 275 239 426 0 0 1 "Stealing"
0 171 121 275 239 427 0 0 1 "Stealing"
0 171 121 275 239 428 0 0 1 "Stealing"
0 171 121 275 239 429 0 0 1 "Stealing"
0 171 121 275 239 430 0 0 1 "Stealing"
0 171 121 275 239 431 0 0 1 "Stealing"
0 171 121 275 239 432 0 0 1 "Stealing"
0 171 121 275 239 433 0 0 1 "Stealing"
0 171 121 275 239 434 0 0 1 "Stealing"
0 171 121 275 239 435 0 0 1 "Stealing"
0 171 121 275 239 436 0 0 1 "Stealing"
0 171 121 275 239 437 0 0 1 "Stealing"
0 171 121 275 239 438 0 0 1 "Stealing"
0 171 121 275 239 439 0 0 1 "Stealing"
0 171 121 275 239 440 0 0 1 "Stealing"
0 171 121 275 239 441 0 0 1 "Stealing"
0 171 121 275 239 442 0 0 1 "Stealing"
0 171 121 275 239 443 0 0 1 "Stealing"
0 171 121 275 239 444 0 0 1 "Stealing"
0 171 121 275 239 445 0 0 1 "Stealing"
0 171 121 275 239 446 0 0 1 "Stealing"
0 171 121 275 239 447 0 0 1 "Stealing"
0 171 121 275 239 448 0 0 1 "Stealing"
0 171 121 275 239 449 0 0 1 "Stealing"
0 171 121 275 239 450 0 0 1 "Stealing"
0 171 121 275 239 451 0 0 1 "Stealing"
0 171 121 275 239 452 0 0 1 "Stealing"
0 171 121 275 239 453 0 0 1 "Stealing"
0 171 121 275 239 454 0 0 1 "Stealing"
0 171 121 275 239 455 0 0 1 "Stealing"
0 171 121 275 239 456 0 0 1 "Stealing"
0 171 121 275 239 457 0 0 1 "Stealing"
0 171 121 275 239 458 0 0 1 "Stealing"
0 171 121 275 239 459 0 0 1 "Stealing"
0 171 121 275 239 460 0 0 1 "Stealing"
0 171 121 275 239 461 0 0 1 "Stealing"
0 171 121 275 239 462 0 0 1 "Stealing"
0 171 121 275 239 463 0 0 1 "Stealing"
0 171 121 275 239 464 0 0 1 "Stealing"
0 171 121 275 239 465 0 0 1 "Stealing"
0 171 121 275 239 466 0 0 1 "Stealing"
0 171 121 275 239 467 0 0 1 "Stealing"
0 171 121 275 239 468 0 0 1 "Stealing"
0 171 121 275 239 469 0 0 1 "Stealing"
0 171 121 275 239 470 0 0 1 "Stealing"
0 171 121 275 239 471 0 0 1 "Stealing"
0 171 121 275 239 472 0 0 1 "Stealing"
0 171 121 275 239 473 0 0 1 "Stealing"
0 171 121 275 239 474 0 0 1 "Stealing"
0 171 121 275 239 475 0 0 1 "Stealing"
0 171 121 275 239 476 0 0 1 "Stealing"
0 171 121 275 239 477 0 0 1 "Stealing"
0 171 121 275 239 478 0 0 1 "Stealing"
0 171 121 275 239 479 0 0 1 "Stealing"
0 171 121 275 239 480 0 0 1 "Stealing"
0 171 121 275 239 481 0 0 1 "Stealing"
0 171 121 275 239 482 0 0 1 "Stealing"
0 171 121 275 239 483 0 0 1 "Stealing"
0 171 121 275 239 484 0 0 1 "Stealing"
0 171 121 275 239 485 0 0 1 "Stealing"
0 171 121 275 239 486 0 0 1 "Stealing"
0 171 121 275 239 487 0 0 1 "Stealing"
0 171 121 275 239 488 0 0 1 "Stealing"
0 171 121 275 239 489 0 0 1 "Stealing"
0 171 121 275 239 490 0 0 1 "Stealing"
0 171 121 275 239 491 0 0 1 "Stealing"
0 171 121 275 239 492 0 0 1 "Stealing"
0 171 121 275 239 493 0 0 1 "Stealing"
0 171 121 275 239 494 0 0 1 "Stealing"
0 171 121 275 239 495 0 0 1 "Stealing"
0 171 121 275 239 496 0 0 1 "Stealing"
0 171 121 275 239 497 0 0 1 "Stealing"
0 171 121 275 239 498 0 0 1 "Stealing"
0 171 121 275 239 499 0 0 1 "Stealing"
0 171 121 275 239 500 0 0 1 "Stealing"
0 171 121 275 239 501 0 0 1 "Stealing"
0 171 121 275 239 502 0 0 1 "Stealing"
0 171 121 275 239 503 0 0 1 "Stealing"
0 171 121 275 239 504 0 0 1 "Stealing"
0 171 121 275 239 505 0 0 1 "Stealing"
0 171 121 275 239 506 0 0 1 "Stealing"
0 171 121 275 239 507 0 0 1 "Stealing"
0 171 121 275 239 508 0 0 1 "Stealing"
0 171 121 275 239 509 0 0 1 "Stealing"
0 171 121 275 239 510 0 0 1 "Stealing"
0 171 121 275 239 511 0 0 1 "Stealing"
0 171 121 275 239 512 0 0 1 "Stealing"
0 171 121 275 239 513 0 0 1 "Stealing"
0 171 121 275 239 514 0 0 1 "Stealing"
0 171 121 275 239 515 0 0 1 "Stealing"
0 171 121 275 239 516 0 0 1 "Stealing"
0 171 121 275 239 517 0 0 1 "Stealing"
0 171 121 275 239 518 0 0 1 "Stealing"
0 171 121 275 239 519 0 0 1 "Stealing"
0 171 121 275 239 520 0 0 1 "Stealing"
0 171 121 275 239 521 0 0 1 "Stealing"
0 171 121 275 239 522 0 0 1 "Stealing"
0 171 121 275 239 523 0 0 1 "Stealing"
0 171 121 275 239 524 0 0 1 "Stealing"
0 171 121 275 239 525 0 0 1 "Stealing"
0 171 121 275 239 526 0 0 1 "Stealing"
0 171 121 275 239 527 0 0 1 "Stealing"
0 171 121 275 239 528 0 0 1 "Stealing"
0 171 121 275 239 529 0 0 1 "Stealing"
0 171 121 275 239 530 0 0 1 "Stealing"
0 171 121 275 239 531 0 0 1 "Stealing"
0 171 121 275 239 532 0 0 1 "Stealing"
0 171 121 275 239 533 0 0 1 "Stealing"
0 171 121 275 239 534 0 0 1 "Stealing"
0 171 121 275 239 535 0 0 1 "Stealing"
0 171 121 275 239 536 0 0 1 "Stealing"
0 171 121 275 239 537 0 0 1 "Stealing"
0 171 121 275 239 538 0 0 1 "Stealing"
0 171 121 275 239 539 0 0 1 "Stealing"
0 171 121 275 239 540 0 0 1 "Stealing"
0 171 121 275 239 541 0 0 1 "Stealing"
0 171 121 275 239 542 0 0 1 "Stealing"
0 171 121 275 239 543 0 0 1 "Stealing"
0 171 121 275 239 544 0 0 1 "Stealing"
0 171 121 275 239 545 0 0 1 "Stealing"
0 171 121 275 239 546 0 0 1 "Stealing"
0 171 121 275 239 547 0 0 1 "Stealing"
0 171 121 275 239 548 0 0 1 "Stealing"
0 171 121 275 239 549 0 0 1 "Stealing"
0 171 121 275 239 550 0 0 1 "Stealing"
0 171 121 275 239 551 0 0 1 "Stealing"
0 171 121 275 239 552 0 0 1 "Stealing"
0 171 121 275 239 553 0 0 1 "Stealing"
0 171 121 275 239 554 0 0 1 "Stealing"
0 171 121 275 239 555 0 0 1 "Stealing"
0 171 121 275 239 556 0 0 1 "Stealing"
0 171 121 275 239 557 0 0 1 "Stealing"
0 171 121 275 239 558 0 0 1 "Stealing"
0 171 121 275 239 559 0 0 1 "Stealing"
0 171 121 275 239 560 0 0 1 "Stealing"
0 171 121 275 239 561 0 0 1 "Stealing"
0 171 121 275 239 562 0 0 1 "Stealing"
0 171 121 275 239 563 0 0 1 "Stealing"
0 171 121 275 239 564 0 0 1 "Stealing"
0 171 121 275 239 565 0 0 1 "Stealing"
0 171 121 275 239 566 0 0 1 "Stealing"
0 171 121 275 239 567 0 0 1 "Stealing"
0 171 121 275 239 568 0 0 1 "Stealing"
0 171 121 275 239 569 0 0 1 "Stealing"
0 171 121 275 239 570 0 0 1 "Stealing"
0 171 121 275 239 571 0 0 1 "Stealing"
0 171 121 275 239 572 0 0 1 "Stealing"
0 171 121 275 239 573 0 0 1 "Stealing"
0 171 121 275 239 574 0 0 1 "Stealing"
0 171 121 275 239 575 0 0 1 "Stealing"
0 171 121 275 239 576 0 0 1 "Stealing"
0 171 121 275 239 577 0 0 1 "Stealing"
0 171 121 275 239 578 0 0 1 "Stealing"
0 171 121 275 239 579 0 0 1 "Stealing"
0 171 121 275 239 580 0 0 1 "Stealing"
0 171 121 275 239 581 0 0 1 "Stealing"
0 171 121 275 239 582 0 0 1 "Stealing"
0 171 121 275 239 583 0 0 1 "Stealing"
0 171 121 275 239 584 0 0 1 "Stealing"
0 171 121 275 239 585 0 0 1 "Stealing"
0 171 121 275 239 586 0 0 1 "Stealing"
0 171 121 275 239 587 0 0 1 "Stealing"
0 171 121 275 239 588 0 0 1 "Stealing"
0 171 121 275 239 589 0 0 1 "Stealing"
0 171 121 275 239 590 0 0 1 "Stealing"
0 171 121 275 239 591 0 0 1 "Stealing"
0 171 121 275 239 592 0 0 1 "Stealing"
0 171 121 275 239 593 0 0 1 "Stealing"
0 171 121 275 239 594 0 0 1 "Stealing"
0 171 121 275 239 595 0 0 1 "Stealing"
0 171 121 275 239 596 0 0 1 "Stealing"
0 171 121 275 239 597 0 0 1 "Stealing"
0 171 121 275 239 598 0 0 1 "Stealing"
0 171 121 275 239 599 0 0 1 "Stealing"
0 171 121 275 239 600 0 0 1 "Stealing"
0 171 121 275 239 601 0 0 1 "Stealing"
0 171 121 275 239 602 0 0 1 "Stealing"
0 171 121 275 239 603 0 0 1 "Stealing"
0 171 121 275 239 604 0 0 1 "Stealing"
0 171 121 275 239 605 0 0 1 "Stealing"
0 171 121 275 239 606 0 0 1 "Stealing"
0 171 121 275 239 607 0 0 1 "Stealing"
0 171 121 275 239 608 0 0 1 "Stealing"
0 171 121 275 239 609 0 0 1 "Stealing"
0 171 121 275 239 610 0 0 1 "Stealing"
0 171 121 275 239 611 0 0 1 "Stealing"
0 171 121 275 239 612 0 0 1 "Stealing"
0 171 121 275 239 613 0 0 1 "Stealing"
0 171 121 275 239 614 0 0 1 "Stealing"
0 171 121 275 239 615 0 0 1 "Stealing"
0 171 121 275 239 616 0 0 1 "Stealing"
0 171 121 275 239 617 0 0 1 "Stealing"
0 171 121 275 239 618 0 0 1 "Stealing"
0 171 121 275 239 619 0 0 1 "Stealing"
0 171 121 275 239 620 0 0 1 "Stealing"
0 171 121 275 239 621 0 0 1 "Stealing"
0 171 121 275 239 622 0 0 1 "Stealing"
0 171 121 275 239 623 0 0 1 "Stealing"
0 171 121 275 239 624 0 0 1 "Stealing"
0 171 121 275 239 625 0 0 1 "Stealing"
0 171 121 275 239 626 0 0 1 "Stealing"
0 171 121 275 239 627 0 0 1 "Stealing"
0 171 121 275 239 628 0 0 1 "Stealing"
0 171 121 275 239 629 0 0 1 "Stealing"
0 171 121 275 239 630 0 0 1 "Stealing"
0 171 121 275 239 631 0 0 1 "Stealing"
0 171 121 275 239 632 0 0 1 "Stealing"
0 171 121 275 239 633 0 0 1 "Stealing"
0 171 121 275 239 634 0 0 1 "Stealing"
0 171 121 275 239 635 0 0 1 "Stealing"
0 171 121 275 239 636 0 0 1 "Stealing"
0 171 121 275 239 637 0 0 1 "Stealing"
0 171 121 275 239 638 0 0 1 "Stealing"
0 171 121 275 239 639 0 0 1 "Stealing"
0 171 121 275 239 640 0 0 1 "Stealing"
0 171 121 275 239 641 0 0 1 "Stealing"
0 171 121 275 239 642 0 0 1 "Stealing"
0 171 121 275 239 643 0 0 1 "Stealing"
0 171 121 275 239 644 0 0 1 "Stealing"
0 171 121 275 239 645 0 0 1 "Stealing"
0 171 121 275 239 646 0 0 1 "Stealing"
0 171 121 275 239 647 0 0 1 "Stealing"
0 171 121 275 239 648 0 0 1 "Stealing"
0 171 121 275 239 649 0 0 1 "Stealing"
0 171 121 275 239 650 0 0 1 "Stealing"
0 171 121 275 239 651 0 0 1 "Stealing"
0 171 121 275 239 652 0 0 1 "Stealing"
0 171 121 275 239 653 0 0 1 "Stealing"
0 171 121 275 239 654 0 0 1 "Stealing"
0 171 121 275 239 655 0 0 1 "Stealing"
0 171 121 275 239 656 0 0 1 "Stealing"
0 171 121 275 239 657 0 0 1 "Stealing"
0 171 121 275 239 658 0 0 1 "Stealing"
0 171 121 275 239 659 0 0 1 "Stealing"
0 171 121 275 239 660 0 0 1 "Stealing"
0 171 121 275 239 661 0 0 1 "Stealing"
0 171 121 275 239 662 0 0 1 "Stealing"
0 171 121 275 239 663 0 0 1 "Stealing"
0 171 121 275 239 664 0 0 1 "Stealing"
0 171 121 275 239 665 0 0 1 "Stealing"
0 171 121 275 239 666 0 0 1 "Stealing"
0 171 121 275 239 667 0 0 1 "Stealing"
0 171 121 275 239 668 0 0 1 "Stealing"
0 171 121 275 239 669 0 0 1 "Stealing"
0 171 121 275 239 670 0 0 1 "Stealing"
0 171 121 275 239 671 0 0 1 "Stealing"
0 171 121 275 239 672 0 0 1 "Stealing"
0 171 121 275 239 673 0 0 1 "Stealing"
0 171 121 275 239 674 0 0 1 "Stealing"
0 171 121 275 239 675 0 0 1 "Stealing"
0 171 121 275 239 676 0 0 1 "Stealing"
0 171 121 275 239 677 0 0 1 "Stealing"
0 171 121 275 239 678 0 0 1 "Stealing"
0 171 121 275 239 679 0 0 1 "Stealing"
0 171 121 275 239 680 0 0 1 "Stealing"
0 171 121 275 239 681 0 0 1 "Stealing"
0 171 121 275 239 682 0 0 1 "Stealing"
0 171 121 275 239 683 0 0 1 "Stealing"
0 171 121 275 239 684 0 0 1 "Stealing"
0 171 121 275 239 685 0 0 1 "Stealing"
0 171 121 275 239 686 0 0 1 "Stealing"
0 171 121 275 239 687 0 0 1 "Stealing"
0 171 121 275 239 688 0 0 1 "Stealing"
0 171 121 275 239 689 0 0 1 "Stealing"
0 171 121 275 239 690 0 0 1 "Stealing"
0 171 121 275 239 691 0 0 1 "Stealing"
0 171 121 275 239 692 0 0 1 "Stealing"
0 171 121 275 239 693 0 0 1 "Stealing"
0 171 121 275 239 694 0 0 1 "Stealing"
0 171 121 275 239 695 0 0 1 "Stealing"
0 171 121 275 239 696 0 0 1 "Stealing"
0 171 121 275 239 697 0 0 1 "Stealing"
0 171 121 275 239 698 0 0 1 "Stealing"
0 171 121 275 239 699 0 0 1 "Stealing"
0 171 121 275 239 700 0 0 1 "Stealing"
0 171 121 275 239 701 0 0 1 "Stealing"
0 171 121 275 239 702 0 0 1 "Stealing"
0 171 121 275 239 703 0 0 1 "Stealing"
0 171 121 275 239 704 0 0 1 "Stealing"
0 171 121 275 239 705 0 0 1 "Stealing"
0 171 121 275 239 706 0 0 1 "Stealing"
0 171 121 275 239 707 0 0 1 "Stealing"
0 171 121 275 239 708 0 0 1 "Stealing"
0 171 121 275 239 709 0 0 1 "Stealing"
0 171 121 275 239 710 0 0 1 "Stealing"
0 171 121 275 239 711 0 0 1 "Stealing"
0 171 121 275 239 712 0 0 1 "Stealing"
0 171 121 275 239 713 0 0 1 "Stealing"
0 171 121 275 239 714 0 0 1 "Stealing"
0 171 121 275 239 715 0 0 1 "Stealing"
0 171 121 275 239 716 0 0 1 "Stealing"
0 171 121 275 239 717 0 0 1 "Stealing"
0 171 121 275 239 718 0 0 1 "Stealing"
0 171 121 275 239 719 0 0 1 "Stealing"
0 171 121 275 239 720 0 0 1 "Stealing"
0 171 121 275 239 721 0 0 1 "Stealing"
0 171 121 275 239 722 0 0 1 "Stealing"
0 171 121 275 239 723 0 0 1 "Stealing"
0 171 121 275 239 724 0 0 1 "Stealing"
0 171 121 275 239 725 0 0 1 "Stealing"
0 171 121 275 239 726 0 0 1 "Stealing"
0 171 121 275 239 727 0 0 1 "Stealing"
0 171 121 275 239 728 0 0 1 "Stealing"
0 171 121 275 239 729 0 0 1 "Stealing"
0 171 121 275 239 730 0 0 1 "Stealing"
0 171 121 275 239 731 0 0 1 "Stealing"
0 171 121 275 239 732 0 0 1 "Stealing"
0 171 121 275 239 733 0 0 1 "Stealing"
0 171 121 275 239 734 0 0 1 "Stealing"
0 171 121 275 239 735 0 0 1 "Stealing"
0 171 121 275 239 736 0 0 1 "Stealing"
0 171 121 275 239 737 0 0 1 "Stealing"
0 171 121 275 239 738 0 0 1 "Stealing"
0 171 121 275 239 739 0 0 1 "Stealing"
0 171 121 275 239 740 0 0 1 "Stealing"
0 171 121 275 239 741 0 0 1 "Stealing"
0 171 121 275 239 742 0 0 1 "Stealing"
0 171 121 275 239 743 0 0 1 "Stealing"
0 171 121 275 239 744 0 0 1 "Stealing"
0 171 121 275 239 745 0 0 1 "Stealing"
0 171 121 275 239 746 0 0 1 "Stealing"
0 171 121 275 239 747 0 0 1 "Stealing"
0 171 121 275 239 748 0 0 1 "Stealing"
0 171 121 275 239 749 0 0 1 "Stealing"
0 171 121 275 239 750 0 0 1 "Stealing"
0 171 121 275 239 751 0 0 1 "Stealing"
0 171 121 275 239 752 0 0 1 "Stealing"
0 171 121 275 239 753 0 0 1 "Stealing"
0 171 121 275 239 754 0 0 1 "Stealing"
0 171 121 275 239 755 0 0 1 "Stealing"
0 171 121 275 239 756 0 0 1 "Stealing"
0 171 121 275 239 757 0 0 1 "Stealing"
0 171 121 275 239 758 0 0 1 "Stealing"
0 171 121 275 239 759 0 0 1 "Stealing"
0 171 121 275 239 760 0 0 1 "Stealing"
0 171 121 275 239 761 0 0 1 "Stealing"
0 171 121 275 239 762 0 0 1 "Stealing"
0 171 121 275 239 763 0 0 1 "Stealing"
0 171 121 275 239 764 0 0 1 "Stealing"
0 171 121 275 239 765 0 0 1 "Stealing"
0 171 121 275 239 766 0 0 1 "Stealing"
0 171 121 275 239 767 0 0 1 "Stealing"
0 171 121 275 239 768 0 0 1 "Stealing"
0 171 121 275 239 769 0 0 1 "Stealing"
0 171 121 275 239 770 0 0 1 "Stealing"
0 171 121 275 239 771 0 0 1 "Stealing"
0 171 121 275 239 772 0 0 1 "Stealing"
0 171 121 275 239 773 0 0 1 "Stealing"
0 171 121 275 239 774 0 0 1 "Stealing"
0 171 121 275 239 775 0 0 1 "Stealing"
0 171 121 275 239 776 0 0 1 "Stealing"
0 171 121 275 239 777 0 0 1 "Stealing"
0 171 121 275 239 778 0 0 1 "Stealing"
0 171 121 275 239 779 0 0 1 "Stealing"
0 171 121 275 239 780 0 0 1 "Stealing"
0 171 121 275 239 781 0 0 1 "Stealing"
0 171 121 275 239 782 0 0 1 "Stealing"
0 171 121 275 239 783 0 0 1 "Stealing"
0 171 121 275 239 784 0 0 1 "Stealing"
0 171 121 275 239 785 0 0 1 "Stealing"
0 171 121 275 239 786 0 0 1 "Stealing"
0 171 121 275 239 787 0 0 1 "Stealing"
0 171 121 275 239 788 0 0 1 "Stealing"
0 171 121 275 239 789 0 0 1 "Stealing"
0 171 121 275 239 790 0 0 1 "Stealing"
0 171 121 275 239 791 0 0 1 "Stealing"
0 171 121 275 239 792 0 0 1 "Stealing"
0 171 121 275 239 793 0 0 1 "Stealing"
0 171 121 275 239 794 0 0 1 "Stealing"
0 171 121 275 239 795 0 0 1 "Stealing"
0 171 121 275 239 796 0 0 1 "Stealing"
0 171 121 275 239 797 0 0 1 "Stealing"
0 171 121 275 239 798 0 0 1 "Stealing"
0 171 121 275 239 799 0 0 1 "Stealing"
0 171 121 275 239 800 0 0 1 "Stealing"
0 171 121 275 239 801 0 0 1 "Stealing"
0 171 121 275 239 802 0 0 1 "Stealing"
0 171 121 275 239 803 0 0 1 "Stealing"
0 171 121 275 239 804 0 0 1 "Stealing"
0 171 121 275 239 805 0 0 1 "Stealing"
0 171 121 275 239 806 0 0 1 "Stealing"
0 171 121 275 239 807 0 0 1 "Stealing"
0 171 121 275 239 808 0 0 1 "Stealing"
0 171 121 275 239 809 0 0 1 "Stealing"
0 171 121 275 239 810 0 0 1 "Stealing"
0 171 121 275 239 811 0 0 1 "Stealing"
0 171 121 275 239 812 0 0 1 "Stealing"
0 171 121 275 239 813 0 0 1 "Stealing"
0 171 121 275 239 814 0 0 1 "Stealing"
0 171 121 275 239 815 0 0 1 "Stealing"
0 171 121 275 239 816 0 0 1 "Stealing"
0 171 121 275 239 817 0 0 1 "Stealing"
0 171 121 275 239 818 0 0 1 "Stealing"
0 171 121 275 239 819 0 0 1 "Stealing"
0 171 121 275 239 820 0 0 1 "Stealing"
0 171 121 275 239 821 0 0 1 "Stealing"
0 171 121 275 239 822 0 0 1 "Stealing"
0 171 121 275 239 823 0 0 1 "Stealing"
0 171 121 275 239 824 0 0 1 "Stealing"
0 171 121 275 239 825 0 0 1 "Stealing"
0 171 121 275 239 826 0 0 1 "Stealing"
0 171 121 275 239 827 0 0 1 "Stealing"
0 171 121 275 239 828 0 0 1 "Stealing"
0 171 121 275 239 829 0 0 1 "Stealing"
0 171 121 275 239 830 0 0 1 "Stealing"
0 171 121 275 239 831 0 0 1 "Stealing"
0 171 121 275 239 832 0 0 1 "Stealing"
0 171 121 275 239 833 0 0 1 "Stealing"
0 171 121 275 239 834 0 0 1 "Stealing"
0 171 121 275 239 835 0 0 1 "Stealing"
0 171 121 275 239 836 0 0 1 "Stealing"
0 171 121 275 239 837 0 0 1 "Stealing"
0 171 121 275 239 838 0 0 1 "Stealing"
0 171 121 275 239 839 0 0 1 "Stealing"
0 171 121 275 239 840 0 0 1 "Stealing"
0 171 121 275 239 841 0 0 1 "Stealing"
0 171 121 275 239 842 0 0 1 "Stealing"
0 171 121 275 239 843 0 0 1 "Stealing"
0 171 121 275 239 844 0 0 1 "Stealing"
0 171 121 275 239 845 0 0 1 "Stealing"
0 171 121 275 239 846 0 0 1 "Stealing"
0 171 121 275 239 847 0 0 1 "Stealing"
0 171 121 275 239 848 0 0 1 "Stealing"
0 171 121 275 239 849 0 0 1 "Stealing"
0 171 121 275 239 850 0 0 1 "Stealing"
0 171 121 275 239 851 0 0 1 "Stealing"
0 171 121 275 239 852 0 0 1 "Stealing"
0 171 121 275 239 853 0 0 1 "Stealing"
0 171 121 275 239 854 0 0 1 "Stealing"
0 171 121 275 239 855 0 0 1 "Stealing"
0 171 121 275 239 856 0 0 1 "Stealing"
0 171 121 275 239 857 0 0 1 "Stealing"
0 171 121 275 239 858 0 0 1 "Stealing"
0 171 121 275 239 859 0 0 1 "Stealing"
0 171 121 275 239 860 0 0 1 "Stealing"
0 171 121 275 239 861 0 0 1 "Stealing"
0 171 121 275 239 862 0 0 1 "Stealing"
0 171 121 275 239 863 0 0 1 "Stealing"
0 171 121 275 239 864 0 0 1 "Stealing"
0 171 121 275 239 865 0 0 1 "Stealing"
0 171 121 275 239 866 0 0 1 "Stealing"
0 171 121 275 239 867 0 0 1 "Stealing"
0 171 121 275 239 868 0 0 1 "Stealing"
0 171 121 275 239 869 0 0 1 "Stealing"
0 171 121 275 239 870 0 0 1 "Stealing"
0 171 121 275 239 871 0 0 1 "Stealing"
0 171 121 275 239 872 0 0 1 "Stealing"
0 171 121 275 239 873 0 0 1 "Stealing"
0 171 121 275 239 874 0 0 1 "Stealing"
0 171 121 275 239 875 0 0 1 "Stealing"
0 171 121 275 239 876 0 0 1 "Stealing"
0 171 121 275 239 877 0 0 1 "Stealing"
0 171 121 275 239 878 0 0 1 "Stealing"
0 171 121 275 239 879 0 0 1 "Stealing"
0 171 121 275 239 880 0 0 1 "Stealing"
0 171 121 275 239 881 0 0 1 "Stealing"
0 171 121 275 239 882 0 0 1 "Stealing"
0 171 121 275 239 883 0 0 1 "Stealing"
0 171 121 275 239 884 0 0 1 "Stealing"
0 171 121 275 239 885 0 0 1 "Stealing"
0 171 121 275 239 886 0 0 1 "Stealing"
0 171 121 275 239 887 0 0 1 "Stealing"
0 171 121 275 239 888 0 0 1 "Stealing"
0 171 121 275 239 889 0 0 1 "Stealing"
0 171 121 275 239 890 0 0 1 "Stealing"
0 171 121 275 239 891 0 0 1 "Stealing"
0 171 121 275 239 892 0 0 1 "Stealing"
0 171 121 275 239 893 0 0 1 "Stealing"
0 171 121 275 239 894 0 0 1 "Stealing"
0 171 121 275 239 895 0 0 1 "Stealing"
0 171 121 275 239 896 0 0 1 "Stealing"
0 171 121 275 239 897 0 0 1 "Stealing"
0 171 121 275 239 898 0 0 1 "Stealing"
0 171 121 275 239 899 0 0 1 "Stealing"
0 171 121 275 239 900 0 0 1 "Stealing"
0 171 121 275 239 901 0 0 1 "Stealing"
0 171 121 275 239 902 0 0 1 "Stealing"
0 171 121 275 239 903 0 0 1 "Stealing"
0 171 121 275 239 904 0 0 1 "Stealing"
0 171 121 275 239 905 0 0 1 "Stealing"
0 171 121 275 239 906 0 0 1 "Stealing"
0 171 121 275 239 907 0 0 1 "Stealing"
0 171 121 275 239 908 0 0 1 "Stealing"
0 171 121 275 239 909 0 0 1 "Stealing"
0 171 121 275 239 910 0 0 1 "Stealing"
0 171 121 275 239 911 0 0 1 "Stealing"
0 171 121 275 239 912 0 0 1 "Stealing"
0 171 121 275 239 913 0 0 1 "Stealing"
0 171 121 275 239 914 0 0 1 "Stealing"
0 171 121 275 239 915 0 0 1 "Stealing"
0 171 121 275 239 916 0 0 1 "Stealing"
0 171 121 275 239 917 0 0 1 "Stealing"
0 171 121 275 239 918 0 0 1 "Stealing"
0 171 121 275 239 919 0 0 1 "Stealing"
0 171 121 275 239 920 0 0 1 "Stealing"
0 171 121 275 239 921 0 0 1 "Stealing"
0 171 121 275 239 922 0 0 1 "Stealing"
0 171 121 275 239 923 0 0 1 "Stealing"
0 171 121 275 239 924 0 0 1 "Stealing"
0 171 121 275 239 925 0 0 1 "Stealing"
0 171 121 275 239 926 0 0 1 "Stealing"
0 171 121 275 239 927 0 0 1 "Stealing"
0 171 121 275 239 928 0 0 1 "Stealing"
0 171 121 275 239 929 0 0 1 "Stealing"
0 171 121 275 239 930 0 0 1 "Stealing"
0 171 121 275 239 931 0 0 1 "Stealing"
0 171 121 275 239 932 0 0 1 "Stealing"
0 171 121 275 239 933 0 0 1 "Stealing"
0 171 121 275 239 934 0 0 1 "Stealing"
0 171 121 275 239 935 0 0 1 "Stealing"
0 171 121 275 239 936 0 0 1 "Stealing"
0 171 121 275 239 937 0 0 1 "Stealing"
0 171 121 275 239 938 0 0 1 "Stealing"
0 171 121 275 239 939 0 0 1 "Stealing"
0 171 121 275 239 940 0 0 1 "Stealing"
0 171 121 275 239 941 0 0 1 "Stealing"
0 171 121 275 239 942 0 0 1 "Stealing"
0 171 121 275 239 943 0 0 1 "Stealing"
0 171 121 275 239 944 0 0 1 "Stealing"
0 171 121 275 239 945 0 0 1 "Stealing"
0 171 121 275 239 946 0 0 1 "Stealing"
0 171 121 275 239 947 0 0 1 "Stealing"
0 171 121 275 239 948 0 0 1 "Stealing"
0 171 121 275 239 949 0 0 1 "Stealing"
0 171 121 275 239 950 0 0 1 "Stealing"
0 171 121 275 239 951 0 0 1 "Stealing"
0 171 121 275 239 952 0 0 1 "Stealing"
0 171 121 275 239 953 0 0 1 "Stealing"
0 171 121 275 239 954 0 0 1 "Stealing"
0 171 121 275 239 955 0 0 1 "Stealing"
0 171 121 275 239 956 0 0 1 "Stealing"
0 171 121 275 239 957 0 0 1 "Stealing"
0 171 121 275 239 958 0 0 1 "Stealing"
0 171 121 275 239 959 0 0 1 "Stealing"
0 171 121 275 239 960 0 0 1 "Stealing"
0 171 121 275 239 961 0 0 1 "Stealing"
0 171 121 275 239 962 0 0 1 "Stealing"
0 171 121 275 239 963 0 0 1 "Stealing"
0 171 121 275 239 964 0 0 1 "Stealing"
0 171 121 275 239 965 0 0 1 "Stealing"
0 171 121 275 239 966 0 0 1 "Stealing"
0 171 121 275 239 967 0 0 1 "Stealing"
0 171 121 275 239 968 0 0 1 "Stealing"
0 171 121 275 239 969 0 0 1 "Stealing"
0 171 121 275 239 970 0 0 1 "Stealing"
0 171 121 275 239 971 0 0 1 "Stealing"
0 171 121 275 239 972 0 0 1 "Stealing"
0 171 121 275 239 973 0 0 1 "Stealing"
0 171 121 275 239 974 0 0 1 "Stealing"
0 171 121 275 239 975 0 0 1 "Stealing"
0 171 121 275 239 976 0 0 1 "Stealing"
0 171 121 275 239 977 0 0 1 "Stealing"
0 171 121 275 239 978 0 0 1 "Stealing"
0 171 121 275 239 979 0 0 1 "Stealing"
0 171 121 275 239 980 0 0 1 "Stealing"
0 171 121 275 239 981 0 0 1 "Stealing"
0 171 121 275 239 982 0 0 1 "Stealing"
0 171 121 275 239 983 0 0 1 "Stealing"
0 171 121 275 239 984 0 0 1 "Stealing"
0 171 121 275 239 985 0 0 1 "Stealing"
0 171 121 275 239 986 0 0 1 "Stealing"
0 171 121 275 239 987 0 0 1 "Stealing"
0 171 121 275 239 988 0 0 1 "Stealing"
0 171 121 275 239 989 0 0 1 "Stealing"
0 171 121 275 239 990 0 0 1 "Stealing"
0 171 121 275 239 991 0 0 1 "Stealing"
0 171 121 275 239 992 0 0 1 "Stealing"
0 171 121 275 239 993 0 0 1 "Stealing"
0 171 121 275 239 994 0 0 1 "Stealing"
0 171 121 275 239 995 0 0 1 "Stealing"
0 171 121 275 239 996 0 0 1 "Stealing"
0 171 121 275 239 997 0 0 1 "Stealing"
0 171 121 275 239 998 0 0 1 "Stealing"
0 171 121 275 239 999 0 0 1 "Stealing"
0 171 121 275 239 1000 0 0 1 "Stealing"
0 171 121 275 239 1001 0 0 1 "Stealing"
0 171 121 275 239 1002 0 0 1 "Stealing"
0 171 121 275 239 1003 0 0 1 "Stealing"
0 171 121 275 239 1004 0 0 1 "Stealing"
0 171 121 275 239 1005 0 0 1 "Stealing"
0 171 121 275 239 1006 0 0 1 "Stealing"
0 171 121 275 239 1007 0 0 1 "Stealing"
0 171 121 275 239 1008 0 0 1 "Stealing"
0 171 121 275 239 1009 0 0 1 "Stealing"
0 171 121 275 239 1010 0 0 1 "Stealing"
0 171 121 275 239 1011 0 0 1 "Stealing"
0 171 121 275 239 1012 0 0 1 "Stealing"
0 171 121 275 239 1013 0 0 1 "Stealing"
0 171 121 275 239 1014 0 0 1 "Stealing"
0 171 121 275 239 1015 0 0 1 "Stealing"
0 171 121 275 239 1016 0 0 1 "Stealing"
0 171 121 275 239 1017 0 0 1 "Stealing"
0 171 121 275 239 1018 0 0 1 "Stealing"
0 171 121 275 239 1019 0 0 1 "Stealing"
0 171 121 275 239 1020 0 0 1 "Stealing"
0 171 121 275 239 1021 0 0 1 "Stealing"
0 171 121 275 239 1022 0 0 1 "Stealing"
0 171 121 275 239 1023 0 0 1 "Stealing"
0 171 121 275 239 1024 0 0 1 "Stealing"
0 171 121 275 239 1025 0 0 1 "Stealing"
0 171 121 275 239 1026 0 0 1 "Stealing"
0 171 121 275 239 1027 0 0 1 "Stealing"
0 171 121 275 239 1028 0 0 1 "Stealing"
0 171 121 275 239 1029 0 0 1 "Stealing"
0 171 121 275 239 1030 0 0 1 "Stealing"
0 171 121 275 239 1031 0 0 1 "Stealing"
0 171 121 275 239 1032 0 0 1 "Stealing"
0 171 121 275 239 1033 0 0 1 "Stealing"
0 171 121 275 239 1034 0 0 1 "Stealing"
0 171 121 275 239 1035 0 0 1 "Stealing"
0 171 121 275 239 1036 0 0 1 "Stealing"
0 171 121 275 239 1037 0 0 1 "Stealing"
0 171 121 275 239 1038 0 0 1 "Stealing"
0 171 121 275 239 1039 0 0 1 "Stealing"
0 171 121 275 239 1040 0 0 1 "Stealing"
0 171 121 275 239 1041 0 0 1 "Stealing"
0 171 121 275 239 1042 0 0 1 "Stealing"
0 171 121 275 239 1043 0 0 1 "Stealing"
0 171 121 275 239 1044 0 0 1 "Stealing"
0 171 121 275 239 1045 0 0 1 "Stealing"
0 171 121 275 239 1046 0 0 1 "Stealing"
0 171 121 275 239 1047 0 0 1 "Stealing"
0 171 121 275 239 1048 0 0 1 "Stealing"
0 171 121 275 239 1049 0 0 1 "Stealing"
0 171 121 275 239 1050 0 0 1 "Stealing"
0 171 121 275 239 1051 0 0 1 "Stealing"
0 171 121 275 239 1052 0 0 1 "Stealing"
0 171 121 275 239 1053 0 0 1 "Stealing"
0 171 121 275 239 1054 0 0 1 "Stealing"
0 171 121 275 239 1055 0 0 1 "Stealing"
0 171 121 275 239 1056 0 0 1 "Stealing"
0 171 121 275 239 1057 0 0 1 "Stealing"
0 171 121 275 239 1058 0 0 1 "Stealing"
0 171 121 275 239 1059 0 0 1 "Stealing"
0 171 121 275 239 1060 0 0 1 "Stealing"
0 171 121 275 239 1061 0 0 1 "Stealing"
0 171 121 275 239 1062 0 0 1 "Stealing"
0 171 121 275 239 1063 0 0 1 "Stealing"
0 171 121 275 239 1064 0 0 1 "Stealing"
0 171 121 275 239 1065 0 0 1 "Stealing"
0 171 121 275 239 1066 0 0 1 "Stealing"
0 171 121 275 239 1067 0 0 1 "Stealing"
0 171 121 275 239 1068 0 0 1 "Stealing"
0 171 121 275 239 1069 0 0 1 "Stealing"
0 171 121 275 239 1070 0 0 1 "Stealing"
0 171 121 275 239 1071 0 0 1 "Stealing"
0 171 121 275 239 1072 0 0 1 "Stealing"
0 171 121 275 239 1073 0 0 1 "Stealing"
0 171 121 275 239 1074 0 0 1 "Stealing"
0 171 121 275 239 1075 0 0 1 "Stealing"
0 171 121 275 239 1076 0 0 1 "Stealing"
0 171 121 275 239 1077 0 0 1 "Stealing"
0 171 121 275 239 1078 0 0 1 "Stealing"
0 171 121 275 239 1079 0 0 1 "Stealing"
0 171 121 275 239 1080 0 0 1 "Stealing"
0 171 121 275 239 1081 0 0 1 "Stealing"
0 171 121 275 239 1082 0 0 1 "Stealing"
0 171 121 275 239 1083 0 0 1 "Stealing"
0 171 121 275 239 1084 0 0 1 "Stealing"
0 171 121 275 239 1085 0 0 1 "Stealing"
0 171 121 275 239 1086 0 0 1 "Stealing"
0 171 121 275 239 1087 0 0 1 "Stealing"
0 171 121 275 239 1088 0 0 1 "Stealing"
0 171 121 275 239 1089 0 0 1 "Stealing"
0 171 121 275 239 1090 0 0 1 "Stealing"
0 171 121 275 239 1091 0 0 1 "Stealing"
0 171 121 275 239 1092 0 0 1 "Stealing"
0 171 121 275 239 1093 0 0 1 "Stealing"
0 171 121 275 239 1094 0 0 1 "Stealing"
0 171 121 275 239 1095 0 0 1 "Stealing"
0 171 121 275 239 1096 0 0 1 "Stealing"
0 171 121 275 239 1097 0 0 1 "Stealing"
0 171 121 275 239 1098 0 0 1 "Stealing"
0 171 121 275 239 1099 0 0 1 "Stealing"
0 171 121 275 239 1100 0 0 1 "Stealing"
0 171 121 275 239 1101 0 0 1 "Stealing"
0 171 121 275 239 1102 0 0 1 "Stealing"
0 171 121 275 239 1103 0 0 1 "Stealing"
0 171 121 275 239 1104 0 0 1 "Stealing"
0 171 121 275 239 1105 0 0 1 "Stealing"
0 171 121 275 239 1106 0 0 1 "Stealing"
0 171 121 275 239 1107 0 0 1 "Stealing"
0 171 121 275 239 1108 0 0 1 "Stealing"
0 171 121 275 239 1109 0 0 1 "Stealing"
0 171 121 275 239 1110 0 0 1 "Stealing"
0 171 121 275 239 1111 0 0 1 "Stealing"
0 171 121 275 239 1112 0 0 1 "Stealing"
0 171 121 275 239 1113 0 0 1 "Stealing"
0 171 121 275 239 1114 0 0 1 "Stealing"
0 171 121 275 239 1115 0 0 1 "Stealing"
0 171 121 275 239 1116 0 0 1 "Stealing"
0 171 121 275 239 1117 0 0 1 "Stealing"
0 171 121 275 239 1118 0 0 1 "Stealing"
0 171 121 275 239 1119 0 0 1 "Stealing"
0 171 121 275 239 1120 0 0 1 "Stealing"
0 171 121 275 239 1121 0 0 1 "Stealing"
0 171 121 275 239 1122 0 0 1 "Stealing"
0 171 121 275 239 1123 0 0 1 "Stealing"
0 171 121 275 239 1124 0 0 1 "Stealing"
0 171 121 275 239 1125 0 0 1 "Stealing"
0 171 121 275 239 1126 0 0 1 "Stealing"
0 171 121 275 239 1127 0 0 1 "Stealing"
0 171 121 275 239 1128 0 0 1 "Stealing"
0 171 121 275 239 1129 0 0 1 "Stealing"
0 171 121 275 239 1130 0 0 1 "Stealing"
0 171 121 275 239 1131 0 0 1 "Stealing"
0 171 121 275 239 1132 0 0 1 "Stealing"
0 172 121 275 239 1133 0 0 0 "Stealing"
0 172 121 275 238 1134 0 0 1 "Stealing"
0 172 121 275 238 1135 0 0 1 "Stealing"
0 172 121 275 238 1136 0 0 1 "Stealing"
0 172 121 275 238 1137 0 0 1 "Stealing"
0 172 121 275 238 1138 0 0 1 "Stealing"
0 172 121 275 238 1139 0 0 1 "Stealing"
0 172 121 275 238 1140 0 0 1 "Stealing"
0 172 121 275 238 1141 0 0 1 "Stealing"
0 172 121 275 238 1142 0 0 1 "Stealing"
0 172 121 275 238 1143 0 0 1 "Stealing"
0 172 121 275 238 1144 0 0 1 "Stealing"
0 172 121 275 238 1145 0 0 1 "Stealing"
0 172 121 275 238 1146 0 0 1 "Stealing"
0 172 121 275 238 1147 0 0 1 "Stealing"
0 172 121 275 238 1148 0 0 1 "Stealing"
0 172 121 275 238 1149 0 0 1 "Stealing"
0 172 121 275 238 1150 0 0 1 "Stealing"
0 172 121 275 238 1151 0 0 1 "Stealing"
0 172 121 275 238 1152 0 0 1 "Stealing"
0 172 121 275 238 1153 0 0 1 "Stealing"
0 173 121 275 238 1154 0 0 0 "Stealing"
0 173 120 274 238 1155 0 0 1 "Stealing"
0 173 120 274 238 1156 0 0 1 "Stealing"
0 173 119 274 238 1157 0 0 1 "Stealing"
0 173 119 274 238 1158 0 0 1 "Stealing"
0 173 118 274 238 1159 0 0 1 "Stealing"
0 173 118 274 238 1160 0 0 1 "Stealing"
0 173 117 274 238 1161 0 0 1 "Stealing"
0 173 117 274 238 1162 0 0 1 "Stealing"
0 173 116 274 238 1163 0 0 1 "Stealing"
0 173 116 274 238 1164 0 0 0 "Stealing"
0 173 115 273 238 1165 0 0 1 "Stealing"
0 173 114 273 238 1166 0 0 1 "Stealing"
0 173 113 273 238 1167 0 0 1 "Stealing"
0 173 112 273 238 1168 0 0 1 "Stealing"
0 173 111 273 238 1169 0 0 1 "Stealing"
0 173 110 273 238 1170 0 0 1 "Stealing"
0 173 109 273 238 1171 0 0 1 "Stealing"
0 173 108 273 238 1172 0 0 1 "Stealing"
0 173 107 273 238 1173 0 0 1 "Stealing"
0 173 106 273 238 1174 0 0 0 "Stealing"
0 173 105 272 238 1175 0 0 1 "Stealing"
0 173 105 272 238 1176 0 0 1 "Stealing"
0 173 105 272 238 1177 0 0 1 "Stealing"
0 173 105 272 238 1178 0 0 1 "Stealing"
0 173 105 272 238 1179 0 0 1 "Stealing"
0 173 105 272 238 1180 0 0 1 "Stealing"
0 173 105 272 238 1181 0 0 1 "Stealing"
0 173 105 272 238 1182 0 0 1 "Stealing"
0 173 104 272 238 1183 0 0 1 "Stealing"
0 173 104 272 238 1184 0 0 1 "Stealing"
0 173 104 272 238 1185 0 0 1 "Stealing"
0 173 104 272 238 1186 0 0 1 "Stealing"
0 173 104 272 238 1187 0 0 1 "Stealing"
0 173 104 272 238 1188 0 0 1 "Stealing"
0 173 104 272 238 1189 0 0 1 "Stealing"
0 173 104 272 238 1190 0 0 1 "Stealing"
0 173 103 272 238 1191 0 0 1 "Stealing"
0 173 103 272 238 1192 0 0 1 "Stealing"
0 173 103 272 238 1193 0 0 1 "Stealing"
0 173 103 272 238 1194 0 0 1 "Stealing"
0 173 103 272 238 1195 0 0 1 "Stealing"
0 173 103 272 238 1196 0 0 1 "Stealing"
0 173 103 272 238 1197 0 0 1 "Stealing"
0 173 103 272 238 1198 0 0 1 "Stealing"
0 173 102 272 238 1199 0 0 1 "Stealing"
0 173 102 272 238 1200 0 0 1 "Stealing"
0 173 102 272 238 1201 0 0 1 "Stealing"
0 173 102 272 238 1202 0 0 1 "Stealing"
0 173 102 272 238 1203 0 0 1 "Stealing"
0 173 102 272 238 1204 0 0 1 "Stealing"
0 173 102 272 238 1205 0 0 1 "Stealing"
0 173 102 272 238 1206 0 0 1 "Stealing"
0 173 101 272 238 1207 0 0 1 "Stealing"
0 173 101 272 238 1208 0 0 1 "Stealing"
0 173 101 272 238 1209 0 0 1 "Stealing"
0 173 101 272 238 1210 0 0 1 "Stealing"
0 173 101 272 238 1211 0 0 1 "Stealing"
0 173 101 272 238 1212 0 0 1 "Stealing"
0 173 101 272 238 1213 0 0 1 "Stealing"
0 173 101 272 238 1214 0 0 0 "Stealing"
0 173 101 272 238 1215 0 0 1 "Stealing"
0 173 101 272 238 1216 0 0 1 "Stealing"
0 174 101 272 238 1217 0 0 1 "Stealing"
0 174 101 272 238 1218 0 0 1 "Stealing"
0 174 102 272 238 1219 0 0 1 "Stealing"
0 175 102 272 238 1220 0 0 1 "Stealing"
0 175 102 272 238 1221 0 0 1 "Stealing"
0 176 102 272 238 1222 0 0 1 "Stealing"
0 176 102 272 238 1223 0 0 1 "Stealing"
0 176 103 272 238 1224 0 0 1 "Stealing"
0 177 103 272 238 1225 0 0 1 "Stealing"
0 177 103 272 238 1226 0 0 1 "Stealing"
0 177 103 272 238 1227 0 0 1 "Stealing"
0 178 103 272 238 1228 0 0 1 "Stealing"
0 178 104 272 238 1229 0 0 1 "Stealing"
0 179 104 272 238 1230 0 0 1 "Stealing"
0 179 104 272 238 1231 0 0 1 "Stealing"
0 179 104 272 238 1232 0 0 1 "Stealing"
0 180 104 272 238 1233 0 0 1 "Stealing"
0 180 105 273 238 1234 0 0 1 "Stealing"
0 180 105 273 238 1235 0 0 1 "Stealing"
0 181 105 273 238 1236 0 0 1 "Stealing"
0 181 105 273 238 1237 0 0 1 "Stealing"
0 182 105 273 238 1238 0 0 1 "Stealing"
0 182 106 273 238 1239 0 0 1 "Stealing"
0 182 106 273 238 1240 0 0 1 "Stealing"
0 183 106 273 238 1241 0 0 1 "Stealing"
0 183 106 273 238 1242 0 0 1 "Stealing"
0 183 106 273 238 1243 0 0 1 "Stealing"
0 184 107 273 238 1244 0 0 1 "Stealing"
0 184 107 273 238 1245 0 0 1 "Stealing"
0 185 107 273 238 1246 0 0 1 "Stealing"
0 185 107 273 238 1247 0 0 1 "Stealing"
0 185 107 273 238 1248 0 0 1 "Stealing"
0 186 108 273 238 1249 0 0 1 "Stealing"
0 186 108 273 238 1250 0 0 1 "Stealing"
0 186 108 273 238 1251 0 0 1 "Stealing"
0 187 108 273 238 1252 0 0 1 "Stealing"
0 187 108 273 238 1253 0 0 1 "Stealing"
0 188 109 274 239 1254 0 0 0 "Stealing"
0 187 109 274 239 1255 0 0 1 "Stealing"
0 186 110 274 239 1256 0 0 1 "Stealing"
0 185 110 274 239 1257 0 0 1 "Stealing"
0 184 111 274 239 1258 0 0 1 "Stealing"
0 184 112 274 239 1259 0 0 1 "Stealing"
0 183 112 274 239 1260 0 0 1 "Stealing"
0 182 113 274 239 1261 0 0 1 "Stealing"
0 181 114 274 239 1262 0 0 1 "Stealing"
0 180 114 274 239 1263 0 0 1 "Stealing"
0 180 115 275 239 1264 0 0 1 "Stealing"
0 179 116 275 239 1265 0 0 1 "Stealing"
0 178 116 275 239 1266 0 0 1 "Stealing"
0 177 117 275 239 1267 0 0 1 "Stealing"
0 176 118 275 239 1268 0 0 1 "Stealing"
0 176 118 275 239 1269 0 0 1 "Stealing"
0 175 119 275 239 1270 0 0 1 "Stealing"
0 174 120 275 239 1271 0 0 1 "Stealing"
0 173 120 275 239 1272 0 0 1 "Stealing"
0 172 121 275 239 1273 0 0 1 "Stealing"
0 172 122 276 239 1274 0 0 0 "Stealing"
0 172 121 276 238 1275 0 0 1 "Stealing"
0 172 121 276 238 1276 0 0 1 "Stealing"
0 172 121 276 238 1277 0 0 1 "Stealing"
0 172 121 276 238 1278 0 0 1 "Stealing"
0 172 121 276 238 1279 0 0 1 "Stealing"
0 172 121 276 238 1280 0 0 1 "Stealing"
0 172 121 276 238 1281 0 0 1 "Stealing"
0 172 121 276 238 1282 0 0 1 "Stealing"
0 172 121 276 238 1283 0 0 1 "Stealing"
0 172 121 276 238 1284 0 0 1 "Stealing"
0 172 120 276 237 1285 0 0 1 "Stealing"
0 172 120 276 237 1286 0 0 1 "Stealing"
0 172 120 276 237 1287 0 0 1 "Stealing"
0 172 120 276 237 1288 0 0 1 "Stealing"
0 172 120 276 237 1289 0 0 1 "Stealing"
0 172 120 276 237 1290 0 0 1 "Stealing"
0 172 120 276 237 1291 0 0 1 "Stealing"
0 172 120 276 237 1292 0 0 1 "Stealing"
0 172 120 276 237 1293 0 0 1 "Stealing"
0 172 120 276 237 1294 0 0 1 "Stealing"
0 172 119 276 236 1295 0 0 1 "Stealing"
0 172 119 276 236 1296 0 0 1 "Stealing"
0 172 119 276 236 1297 0 0 1 "Stealing"
0 172 119 276 236 1298 0 0 1 "Stealing"
0 172 119 276 236 1299 0 0 1 "Stealing"
0 172 119 276 236 1300 0 0 1 "Stealing"
0 172 119 276 236 1301 0 0 1 "Stealing"
0 172 119 276 236 1302 0 0 1 "Stealing"
0 172 119 276 236 1303 0 0 1 "Stealing"
0 172 119 276 236 1304 0 0 0 "Stealing"
0 172 119 275 235 1305 0 0 1 "Stealing"
0 172 119 275 235 1306 0 0 1 "Stealing"
0 172 119 275 234 1307 0 0 1 "Stealing"
0 172 119 275 234 1308 0 0 1 "Stealing"
0 172 119 275 233 1309 0 0 1 "Stealing"
0 172 119 275 233 1310 0 0 1 "Stealing"
0 172 119 275 232 1311 0 0 1 "Stealing"
0 172 119 275 232 1312 0 0 1 "Stealing"
0 172 119 275 231 1313 0 0 1 "Stealing"
0 172 119 275 231 1314 0 0 1 "Stealing"
0 172 119 275 231 1315 0 0 1 "Stealing"
0 172 119 275 230 1316 0 0 1 "Stealing"
0 172 119 275 230 1317 0 0 1 "Stealing"
0 172 119 275 229 1318 0 0 1 "Stealing"
0 172 119 275 229 1319 0 0 1 "Stealing"
0 172 119 275 228 1320 0 0 1 "Stealing"
0 172 119 275 228 1321 0 0 1 "Stealing"
0 172 119 275 227 1322 0 0 1 "Stealing"
0 172 119 275 227 1323 0 0 1 "Stealing"
0 172 119 275 227 1324 0 0 0 "Stealing"
0 171 118 274 225 1325 0 0 1 "Stealing"
0 171 118 274 224 1326 0 0 1 "Stealing"
0 171 117 274 223 1327 0 0 1 "Stealing"
0 171 117 274 221 1328 0 0 1 "Stealing"
0 171 117 274 220 1329 0 0 1 "Stealing"
0 171 116 273 219 1330 0 0 1 "Stealing"
0 171 116 273 217 1331 0 0 1 "Stealing"
0 171 115 273 216 1332 0 0 1 "Stealing"
0 171 115 273 215 1333 0 0 1 "Stealing"
0 171 115 273 214 1334 0 0 0 "Stealing"
0 171 114 273 213 1335 0 0 1 "Stealing"
0 171 114 273 213 1336 0 0 1 "Stealing"
0 171 114 273 213 1337 0 0 1 "Stealing"
0 172 114 274 213 1338 0 0 1 "Stealing"
0 172 114 274 213 1339 0 0 1 "Stealing"
0 172 113 274 212 1340 0 0 1 "Stealing"
0 173 113 275 212 1341 0 0 1 "Stealing"
0 173 113 275 212 1342 0 0 1 "Stealing"
0 173 113 275 212 1343 0 0 1 "Stealing"
0 174 113 276 212 1344 0 0 0 "Stealing"
0 174 113 275 212 1345 0 0 1 "Stealing"
0 174 113 275 212 1346 0 0 1 "Stealing"
0 174 114 275 212 1347 0 0 1 "Stealing"
0 174 114 275 212 1348 0 0 1 "Stealing"
0 174 115 275 212 1349 0 0 1 "Stealing"
0 174 115 275 212 1350 0 0 1 "Stealing"
0 174 115 275 212 1351 0 0 1 "Stealing"
0 174 116 275 212 1352 0 0 1 "Stealing"
0 174 116 275 212 1353 0 0 1 "Stealing"
0 174 117 275 212 1354 0 0 1 "Stealing"
0 174 117 275 212 1355 0 0 1 "Stealing"
0 174 117 275 212 1356 0 0 1 "Stealing"
0 174 118 275 212 1357 0 0 1 "Stealing"
0 174 118 275 212 1358 0 0 1 "Stealing"
0 174 119 275 213 1359 0 0 1 "Stealing"
0 174 119 275 213 1360 0 0 1 "Stealing"
0 174 119 275 213 1361 0 0 1 "Stealing"
0 174 120 275 213 1362 0 0 1 "Stealing"
0 174 120 275 213 1363 0 0 1 "Stealing"
0 174 121 275 213 1364 0 0 1 "Stealing"
0 174 121 275 213 1365 0 0 1 "Stealing"
0 174 121 275 213 1366 0 0 1 "Stealing"
0 174 122 275 213 1367 0 0 1 "Stealing"
0 174 122 275 213 1368 0 0 1 "Stealing"
0 174 123 275 213 1369 0 0 1 "Stealing"
0 174 123 275 213 1370 0 0 1 "Stealing"
0 174 123 275 213 1371 0 0 1 "Stealing"
0 174 124 275 213 1372 0 0 1 "Stealing"
0 174 124 275 213 1373 0 0 1 "Stealing"
0 174 125 275 214 1374 0 0 0 "Stealing"
0 174 125 274 213 1375 0 0 1 "Stealing"
0 174 125 274 213 1376 0 0 1 "Stealing"
0 174 125 274 213 1377 0 0 1 "Stealing"
0 174 125 274 213 1378 0 0 1 "Stealing"
0 174 125 274 213 1379 0 0 1 "Stealing"
0 174 125 274 213 1380 0 0 1 "Stealing"
0 174 125 274 213 1381 0 0 1 "Stealing"
0 174 125 274 213 1382 0 0 1 "Stealing"
0 174 125 274 213 1383 0 0 1 "Stealing"
0 174 125 274 213 1384 0 0 1 "Stealing"
0 174 125 273 213 1385 0 0 1 "Stealing"
0 174 125 273 213 1386 0 0 1 "Stealing"
0 174 125 273 213 1387 0 0 1 "Stealing"
0 174 125 273 213 1388 0 0 1 "Stealing"
0 174 125 273 213 1389 0 0 1 "Stealing"
0 174 125 273 213 1390 0 0 1 "Stealing"
0 174 125 273 213 1391 0 0 1 "Stealing"
0 174 125 273 213 1392 0 0 1 "Stealing"
0 174 125 273 213 1393 0 0 1 "Stealing"
0 174 125 273 213 1394 0 0 1 "Stealing"
0 174 125 272 213 1395 0 0 1 "Stealing"
0 174 125 272 213 1396 0 0 1 "Stealing"
0 174 125 272 213 1397 0 0 1 "Stealing"
0 174 125 272 213 1398 0 0 1 "Stealing"
0 174 125 272 213 1399 0 0 1 "Stealing"
0 174 125 272 213 1400 0 0 1 "Stealing"
0 174 125 272 213 1401 0 0 1 "Stealing"
0 174 125 272 213 1402 0 0 1 "Stealing"
0 174 125 272 213 1403 0 0 1 "Stealing"
0 174 125 272 213 1404 0 0 0 "Stealing"
0 173 124 271 212 1405 0 0 1 "Stealing"
0 173 124 271 212 1406 0 0 1 "Stealing"
0 173 124 271 212 1407 0 0 1 "Stealing"
0 173 124 271 212 1408 0 0 1 "Stealing"
0 173 124 271 212 1409 0 0 1 "Stealing"
0 173 124 271 212 1410 0 0 1 "Stealing"
0 173 124 271 212 1411 0 0 1 "Stealing"
0 172 123 271 212 1412 0 0 1 "Stealing"
0 172 123 271 212 1413 0 0 1 "Stealing"
0 172 123 271 212 1414 0 0 1 "Stealing"
0 172 123 271 212 1415 0 0 1 "Stealing"
0 172 123 271 212 1416 0 0 1 "Stealing"
0 172 123 271 212 1417 0 0 1 "Stealing"
0 172 123 271 212 1418 0 0 1 "Stealing"
0 172 123 271 212 1419 0 0 1 "Stealing"
0 171 122 271 212 1420 0 0 1 "Stealing"
0 171 122 271 212 1421 0 0 1 "Stealing"
0 171 122 271 212 1422 0 0 1 "Stealing"
0 171 122 271 212 1423 0 0 1 "Stealing"
0 171 122 271 212 1424 0 0 1 "Stealing"
0 171 122 271 212 1425 0 0 1 "Stealing"
0 171 122 271 212 1426 0 0 1 "Stealing"
0 170 121 271 212 1427 0 0 1 "Stealing"
0 170 121 271 212 1428 0 0 1 "Stealing"
0 170 121 271 212 1429 0 0 1 "Stealing"
0 170 121 271 212 1430 0 0 1 "Stealing"
0 170 121 271 212 1431 0 0 1 "Stealing"
0 170 121 271 212 1432 0 0 1 "Stealing"
0 170 121 271 212 1433 0 0 1 "Stealing"
0 170 121 271 212 1434 0 0 0 "Stealing"
0 170 120 271 211 1435 0 0 1 "Stealing"
0 170 120 271 211 1436 0 0 1 "Stealing"
0 170 120 271 211 1437 0 0 1 "Stealing"
0 170 120 271 211 1438 0 0 1 "Stealing"
0 170 120 271 211 1439 0 0 1 "Stealing"
0 170 120 271 211 1440 0 0 1 "Stealing"
0 170 120 271 211 1441 0 0 1 "Stealing"
0 170 119 271 210 1442 0 0 1 "Stealing"
0 170 119 271 210 1443 0 0 1 "Stealing"
0 170 119 271 210 1444 0 0 1 "Stealing"
0 170 119 271 210 1445 0 0 1 "Stealing"
0 170 119 271 210 1446 0 0 1 "Stealing"
0 170 119 271 210 1447 0 0 1 "Stealing"
0 170 119 271 210 1448 0 0 1 "Stealing"
0 170 119 271 210 1449 0 0 1 "Stealing"
0 170 118 271 209 1450 0 0 1 "Stealing"
0 170 118 271 209 1451 0 0 1 "Stealing"
0 170 118 271 209 1452 0 0 1 "Stealing"
0 170 118 271 209 1453 0 0 1 "Stealing"
0 170 118 271 209 1454 0 0 1 "Stealing"
0 170 118 271 209 1455 0 0 1 "Stealing"
0 170 118 271 209 1456 0 0 1 "Stealing"
0 170 117 271 208 1457 0 0 1 "Stealing"
0 170 117 271 208 1458 0 0 1 "Stealing"
0 170 117 271 208 1459 0 0 1 "Stealing"
0 170 117 271 208 1460 0 0 1 "Stealing"
0 170 117 271 208 1461 0 0 1 "Stealing"
0 170 117 271 208 1462 0 0 1 "Stealing"
0 170 117 271 208 1463 0 0 1 "Stealing"
0 170 117 271 208 1464 0 0 0 "Stealing"
0 169 116 270 207 1465 0 0 1 "Stealing"
0 168 115 270 207 1466 0 0 1 "Stealing"
0 168 114 270 207 1467 0 0 1 "Stealing"
0 167 113 270 207 1468 0 0 1 "Stealing"
0 167 112 270 206 1469 0 0 1 "Stealing"
0 166 111 270 206 1470 0 0 1 "Stealing"
0 166 111 270 206 1471 0 0 1 "Stealing"
0 165 110 270 206 1472 0 0 1 "Stealing"
0 165 109 270 205 1473 0 0 1 "Stealing"
0 164 108 270 205 1474 0 0 1 "Stealing"
0 163 107 269 205 1475 0 0 1 "Stealing"
0 163 106 269 205 1476 0 0 1 "Stealing"
0 162 105 269 204 1477 0 0 1 "Stealing"
0 162 105 269 204 1478 0 0 1 "Stealing"
0 161 104 269 204 1479 0 0 1 "Stealing"
0 161 103 269 204 1480 0 0 1 "Stealing"
0 160 102 269 203 1481 0 0 1 "Stealing"
0 160 101 269 203 1482 0 0 1 "Stealing"
0 159 100 269 203 1483 0 0 1 "Stealing"
0 159 100 269 203 1484 0 0 0 "Stealing"
0 157 98 267 201 1485 0 0 1 "Stealing"
0 156 97 266 200 1486 0 0 1 "Stealing"
0 154 96 264 199 1487 0 0 1 "Stealing"
0 153 94 263 197 1488 0 0 1 "Stealing"
0 152 93 262 196 1489 0 0 1 "Stealing"
0 150 92 260 195 1490 0 0 1 "Stealing"
0 149 90 259 193 1491 0 0 1 "Stealing"
0 147 89 257 192 1492 0 0 1 "Stealing"
0 146 88 256 191 1493 0 0 1 "Stealing"
0 145 87 255 190 1494 0 0 0 "Stealing"
0 144 85 251 188 1495 0 0 1 "Stealing"
0 144 83 247 186 1496 0 0 1 "Stealing"
0 143 82 244 184 1497 0 0 1 "Stealing"
0 143 80 240 183 1498 0 0 1 "Stealing"
0 142 79 237 181 1499 0 0 1 "Stealing"
0 142 77 233 179 1500 0 0 1 "Stealing"
0 141 75 229 178 1501 0 0 1 "Stealing"
0 141 74 226 176 1502 0 0 1 "Stealing"
0 140 72 222 174 1503 0 0 1 "Stealing"
0 140 71 219 173 1504 0 0 0 "Stealing"
0 137 69 216 171 1505 0 0 1 "Stealing"
0 134 67 213 169 1506 0 0 1 "Stealing"
0 132 65 211 167 1507 0 0 1 "Stealing"
0 129 63 208 165 1508 0 0 1 "Stealing"
0 127 62 206 164 1509 0 0 1 "Stealing"
0 124 60 203 162 1510 0 0 1 "Stealing"
0 121 58 200 160 1511 0 0 1 "Stealing"
0 119 56 198 158 1512 0 0 1 "Stealing"
0 116 54 195 156 1513 0 0 1 "Stealing"
0 114 53 193 155 1514 0 0 0 "Stealing"
0 112 51 189 152 1515 0 0 1 "Stealing"
0 110 50 185 149 1516 0 0 1 "Stealing"
0 109 49 181 146 1517 0 0 1 "Stealing"
0 107 47 177 143 1518 0 0 1 "Stealing"
0 106 46 174 141 1519 0 0 1 "Stealing"
0 104 45 170 138 1520 0 0 1 "Stealing"
0 102 43 166 135 1521 0 0 1 "Stealing"
0 101 42 162 132 1522 0 0 1 "Stealing"
0 99 41 158 129 1523 0 0 1 "Stealing"
0 98 40 155 127 1524 0 0 0 "Stealing"
0 95 39 152 124 1525 0 0 1 "Stealing"
0 92 38 149 122 1526 0 0 1 "Stealing"
0 90 38 146 119 1527 0 0 1 "Stealing"
0 87 37 144 117 1528 0 0 1 "Stealing"
0 85 37 141 114 1529 0 0 1 "Stealing"
0 82 36 138 112 1530 0 0 1 "Stealing"
0 79 35 136 109 1531 0 0 1 "Stealing"
0 77 35 133 107 1532 0 0 1 "Stealing"
0 74 34 130 104 1533 0 0 1 "Stealing"
0 72 34 128 102 1534 1 0 0 "Stealing"
0 69 32 125 100 1535 1 0 1 "Stealing"
0 66 31 122 99 1536 1 0 1 "Stealing"
0 64 30 120 98 1537 1 0 1 "Stealing"
0 61 28 117 96 1538 1 0 1 "Stealing"
0 59 27 115 95 1539 1 0 1 "Stealing"
0 56 26 112 94 1540 1 0 1 "Stealing"
0 54 25 110 93 1541 1 0 0 "Stealing"
0 55 26 112 95 1542 1 0 1 "Stealing"
0 57 27 114 97 1543 1 0 1 "Stealing"
0 58 29 116 99 1544 1 0 1 "Stealing"
0 60 30 119 101 1545 1 0 1 "Stealing"
0 62 31 121 103 1546 1 0 1 "Stealing"
0 63 33 123 105 1547 1 0 1 "Stealing"
0 65 34 126 107 1548 1 0 1 "Stealing"
0 67 35 128 109 1549 1 0 1 "Stealing"
0 68 37 130 111 1550 1 0 1 "Stealing"
0 70 38 132 113 1551 1 0 1 "Stealing"
0 71 39 135 115 1552 1 0 1 "Stealing"
0 73 41 137 117 1553 1 0 1 "Stealing"
0 75 42 139 119 1554 1 0 1 "Stealing"
0 76 43 142 121 1555 1 0 1 "Stealing"
0 78 45 144 123 1556 1 0 1 "Stealing"
0 80 46 146 125 1557 1 0 1 "Stealing"
0 81 47 148 127 1558 1 0 1 "Stealing"
0 83 49 151 129 1559 1 0 1 "Stealing"
0 84 50 153 131 1560 1 0 1 "Stealing"
0 86 51 155 133 1561 1 0 1 "Stealing"
0 88 53 158 135 1562 1 0 1 "Stealing"
0 89 54 160 137 1563 1 0 1 "Stealing"
0 91 55 162 139 1564 1 0 1 "Stealing"
0 93 57 165 142 1565 1 0 1 "Stealing"
0 94 58 167 144 1566 1 0 1 "Stealing"
0 96 59 169 146 1567 1 0 1 "Stealing"
0 97 61 171 148 1568 1 0 1 "Stealing"
0 99 62 174 150 1569 1 0 1 "Stealing"
0 101 63 176 152 1570 1 0 1 "Stealing"
0 102 65 178 154 1571 1 0 1 "Stealing"
0 104 66 181 156 1572 1 0 1 "Stealing"
0 106 67 183 158 1573 1 0 1 "Stealing"
0 107 69 185 160 1574 1 0 1 "Stealing"
0 109 70 187 162 1575 1 0 1 "Stealing"
0 110 71 190 164 1576 1 0 1 "Stealing"
0 112 73 192 166 1577 1 0 1 "Stealing"
0 114 74 194 168 1578 1 0 1 "Stealing"
0 115 75 197 170 1579 1 0 1 "Stealing"
0 117 77 199 172 1580 1 0 1 "Stealing"
0 119 78 201 174 1581 1 0 1 "Stealing"
0 120 79 203 176 1582 1 0 1 "Stealing"
0 122 81 206 178 1583 1 0 1 "Stealing"
0 123 82 208 180 1584 1 0 1 "Stealing"
0 125 83 210 182 1585 1 0 1 "Stealing"
0 127 85 213 184 1586 1 0 1 "Stealing"
0 128 86 215 186 1587 1 0 1 "Stealing"
0 130 87 217 188 1588 1 0 1 "Stealing"
0 132 89 220 191 1589 1 0 1 "Stealing"
0 133 90 222 193 1590 1 0 1 "Stealing"
0 135 91 224 195 1591 1 0 1 "Stealing"
0 136 93 226 197 1592 1 0 1 "Stealing"
0 138 94 229 199 1593 1 0 1 "Stealing"
0 140 95 231 201 1594 1 0 1 "Stealing"
0 141 97 233 203 1595 1 0 1 "Stealing"
0 143 98 236 205 1596 1 0 1 "Stealing"
0 145 99 238 207 1597 1 0 1 "Stealing"
0 146 101 240 209 1598 1 0 1 "Stealing"
0 148 102 242 211 1599 1 0 1 "Stealing"
0 149 103 245 213 1600 1 0 1 "Stealing"
0 151 105 247 215 1601 1 0 1 "Stealing"
0 153 106 249 217 1602 1 0 1 "Stealing"
0 154 107 252 219 1603 1 0 1 "Stealing"
0 156 109 254 221 1604 1 0 1 "Stealing"
0 158 110 256 223 1605 1 0 1 "Stealing"
0 159 111 258 225 1606 1 0 1 "Stealing"
0 161 113 261 227 1607 1 0 1 "Stealing"
0 162 114 263 229 1608 1 0 1 "Stealing"
0 164 115 265 231 1609 1 0 1 "Stealing"
0 166 117 268 233 1610 1 0 1 "Stealing"
0 167 118 270 235 1611 1 0 1 "Stealing"
0 169 119 272 237 1612 1 0 1 "Stealing"
0 171 121 275 240 1613 1 0 0 "Stealing"
