0 181 17 230 68 0 1 0 0 "Stealing"
0 181 17 230 68 1 1 0 1 "Stealing"
0 181 17 230 68 2 1 0 1 "Stealing"
0 181 17 230 68 3 1 0 1 "Stealing"
0 181 17 230 68 4 1 0 1 "Stealing"
0 181 17 230 68 5 1 0 1 "Stealing"
0 181 17 230 68 6 1 0 1 "Stealing"
0 181 17 230 68 7 1 0 1 "Stealing"
0 181 17 230 68 8 1 0 1 "Stealing"
0 181 17 230 68 9 1 0 1 "Stealing"
0 181 17 230 68 10 1 0 1 "Stealing"
0 181 17 230 68 11 1 0 1 "Stealing"
0 181 17 230 68 12 1 0 1 "Stealing"
0 181 17 230 68 13 1 0 1 "Stealing"
0 181 17 230 68 14 1 0 1 "Stealing"
0 181 17 230 68 15 1 0 1 "Stealing"
0 181 17 230 68 16 1 0 1 "Stealing"
0 181 17 230 68 17 1 0 1 "Stealing"
0 181 17 230 68 18 1 0 1 "Stealing"
0 181 17 230 68 19 1 0 1 "Stealing"
0 181 17 230 68 20 1 0 1 "Stealing"
0 181 17 230 68 21 1 0 1 "Stealing"
0 181 17 230 68 22 1 0 1 "Stealing"
0 181 17 230 68 23 1 0 1 "Stealing"
0 181 17 230 68 24 1 0 1 "Stealing"
0 181 17 230 68 25 1 0 1 "Stealing"
0 181 17 230 68 26 1 0 1 "Stealing"
0 181 17 230 68 27 1 0 1 "Stealing"
0 181 17 230 68 28 1 0 1 "Stealing"
0 181 17 230 68 29 1 0 1 "Stealing"
0 181 17 230 68 30 1 0 1 "Stealing"
0 181 17 230 68 31 1 0 1 "Stealing"
0 181 17 230 68 32 1 0 1 "Stealing"
0 181 17 230 68 33 1 0 1 "Stealing"
0 181 17 230 68 34 1 0 1 "Stealing"
0 181 17 230 68 35 1 0 1 "Stealing"
0 181 17 230 68 36 1 0 1 "Stealing"
0 181 17 230 68 37 1 0 1 "Stealing"
0 181 17 230 68 38 1 0 1 "Stealing"
0 181 17 230 68 39 1 0 1 "Stealing"
0 181 17 230 68 40 1 0 1 "Stealing"
0 181 17 230 68 41 1 0 1 "Stealing"
0 181 17 230 68 42 1 0 1 "Stealing"
0 181 17 230 68 43 1 0 1 "Stealing"
0 181 17 230 68 44 1 0 1 "Stealing"
0 181 17 230 68 45 1 0 1 "Stealing"
0 181 17 230 68 46 1 0 1 "Stealing"
0 181 17 230 68 47 1 0 1 "Stealing"
0 181 17 230 68 48 1 0 1 "Stealing"
0 181 17 230 68 49 1 0 1 "Stealing"
0 181 17 230 68 50 1 0 1 "Stealing"
0 181 17 230 68 51 1 0 1 "Stealing"
0 181 17 230 68 52 1 0 1 "Stealing"
0 181 17 230 68 53 1 0 1 "Stealing"
0 181 17 230 68 54 1 0 1 "Stealing"
0 181 17 230 68 55 1 0 1 "Stealing"
0 181 17 230 68 56 1 0 1 "Stealing"
0 181 17 230 68 57 1 0 1 "Stealing"
0 181 17 230 68 58 1 0 1 "Stealing"
0 181 17 230 68 59 1 0 1 "Stealing"
0 181 17 230 68 60 1 0 1 "Stealing"
0 181 17 230 68 61 1 0 1 "Stealing"
0 181 17 230 68 62 1 0 1 "Stealing"
0 181 17 230 68 63 1 0 1 "Stealing"
0 181 17 230 68 64 1 0 1 "Stealing"
0 181 17 230 68 65 1 0 1 "Stealing"
0 181 17 230 68 66 1 0 1 "Stealing"
0 181 17 230 68 67 1 0 1 "Stealing"
0 181 17 230 68 68 1 0 1 "Stealing"
0 181 17 230 68 69 1 0 1 "Stealing"
0 181 17 230 68 70 1 0 1 "Stealing"
0 181 17 230 68 71 1 0 1 "Stealing"
0 181 17 230 68 72 1 0 1 "Stealing"
0 181 17 230 68 73 1 0 1 "Stealing"
0 181 17 230 68 74 1 0 1 "Stealing"
0 181 17 230 68 75 1 0 1 "Stealing"
0 181 17 230 68 76 1 0 1 "Stealing"
0 181 17 230 68 77 1 0 1 "Stealing"
0 181 17 230 68 78 1 0 1 "Stealing"
0 181 17 230 68 79 1 0 1 "Stealing"
0 181 17 230 68 80 1 0 1 "Stealing"
0 181 17 230 68 81 1 0 1 "Stealing"
0 181 17 230 68 82 1 0 1 "Stealing"
0 181 17 230 68 83 1 0 1 "Stealing"
0 181 17 230 68 84 1 0 1 "Stealing"
0 181 17 230 68 85 1 0 1 "Stealing"
0 181 17 230 68 86 1 0 1 "Stealing"
0 181 17 230 68 87 1 0 1 "Stealing"
0 181 17 230 68 88 1 0 1 "Stealing"
0 181 17 230 68 89 1 0 1 "Stealing"
0 181 17 230 68 90 1 0 1 "Stealing"
0 181 17 230 68 91 1 0 1 "Stealing"
0 181 17 230 68 92 1 0 1 "Stealing"
0 181 17 230 68 93 1 0 1 "Stealing"
0 181 17 230 68 94 1 0 1 "Stealing"
0 181 17 230 68 95 1 0 1 "Stealing"
0 181 17 230 68 96 1 0 1 "Stealing"
0 181 17 230 68 97 1 0 1 "Stealing"
0 181 17 230 68 98 1 0 1 "Stealing"
0 181 17 230 68 99 1 0 1 "Stealing"
0 181 17 230 68 100 1 0 1 "Stealing"
0 181 17 230 68 101 1 0 1 "Stealing"
0 181 17 230 68 102 1 0 1 "Stealing"
0 181 17 230 68 103 1 0 1 "Stealing"
0 181 17 230 68 104 1 0 1 "Stealing"
0 181 17 230 68 105 1 0 1 "Stealing"
0 181 17 230 68 106 1 0 1 "Stealing"
0 181 17 230 68 107 1 0 1 "Stealing"
0 181 17 230 68 108 1 0 1 "Stealing"
0 181 17 230 68 109 1 0 1 "Stealing"
0 181 17 230 68 110 1 0 1 "Stealing"
0 181 17 230 68 111 1 0 1 "Stealing"
0 181 17 230 68 112 1 0 1 "Stealing"
0 181 17 230 68 113 1 0 1 "Stealing"
0 181 17 230 68 114 1 0 1 "Stealing"
0 181 17 230 68 115 1 0 1 "Stealing"
0 181 17 230 68 116 1 0 1 "Stealing"
0 181 17 230 68 117 1 0 1 "Stealing"
0 181 17 230 68 118 1 0 1 "Stealing"
0 181 17 230 68 119 1 0 1 "Stealing"
0 181 17 230 68 120 1 0 1 "Stealing"
0 181 17 230 68 121 1 0 1 "Stealing"
0 181 17 230 68 122 1 0 1 "Stealing"
0 181 17 230 68 123 1 0 1 "Stealing"
0 181 17 230 68 124 1 0 1 "Stealing"
0 181 17 230 68 125 1 0 1 "Stealing"
0 181 17 230 68 126 1 0 1 "Stealing"
0 181 17 230 68 127 1 0 1 "Stealing"
0 181 17 230 68 128 1 0 1 "Stealing"
0 181 17 230 68 129 1 0 1 "Stealing"
0 181 17 230 68 130 1 0 1 "Stealing"
0 181 17 230 68 131 1 0 1 "Stealing"
0 181 17 230 68 132 1 0 1 "Stealing"
0 181 17 230 68 133 1 0 1 "Stealing"
0 181 17 230 68 134 1 0 1 "Stealing"
0 181 17 230 68 135 1 0 1 "Stealing"
0 181 17 230 68 136 1 0 1 "Stealing"
0 181 17 230 68 137 1 0 1 "Stealing"
0 181 17 230 68 138 1 0 1 "Stealing"
0 181 17 230 68 139 1 0 1 "Stealing"
0 181 17 230 68 140 1 0 1 "Stealing"
0 181 17 230 68 141 1 0 1 "Stealing"
0 181 17 230 68 142 1 0 1 "Stealing"
0 181 17 230 68 143 1 0 1 "Stealing"
0 181 17 230 68 144 1 0 1 "Stealing"
0 181 17 230 68 145 1 0 1 "Stealing"
0 181 17 230 68 146 1 0 1 "Stealing"
0 181 17 230 68 147 1 0 1 "Stealing"
0 181 17 230 68 148 1 0 1 "Stealing"
0 181 17 230 68 149 1 0 1 "Stealing"
0 181 17 230 68 150 1 0 1 "Stealing"
0 181 17 230 68 151 1 0 1 "Stealing"
0 181 17 230 68 152 1 0 1 "Stealing"
0 181 17 230 68 153 1 0 1 "Stealing"
0 181 17 230 68 154 1 0 1 "Stealing"
0 181 17 230 68 155 1 0 1 "Stealing"
0 181 17 230 68 156 1 0 1 "Stealing"
0 181 17 230 68 157 1 0 1 "Stealing"
0 181 17 230 68 158 1 0 1 "Stealing"
0 181 17 230 68 159 1 0 1 "Stealing"
0 181 17 230 68 160 1 0 1 "Stealing"
0 181 17 230 68 161 1 0 1 "Stealing"
0 181 17 230 68 162 1 0 1 "Stealing"
0 181 17 230 68 163 1 0 1 "Stealing"
0 181 17 230 68 164 1 0 1 "Stealing"
0 181 17 230 68 165 1 0 1 "Stealing"
0 181 17 230 68 166 1 0 1 "Stealing"
0 181 17 230 68 167 1 0 1 "Stealing"
0 181 17 230 68 168 1 0 1 "Stealing"
0 181 17 230 68 169 1 0 1 "Stealing"
0 181 17 230 68 170 1 0 1 "Stealing"
0 181 17 230 68 171 1 0 1 "Stealing"
0 181 17 230 68 172 1 0 1 "Stealing"
0 181 17 230 68 173 1 0 1 "Stealing"
0 181 17 230 68 174 1 0 1 "Stealing"
0 181 17 230 68 175 1 0 1 "Stealing"
0 181 17 230 68 176 1 0 1 "Stealing"
0 181 17 230 68 177 1 0 1 "Stealing"
0 181 17 230 68 178 1 0 1 "Stealing"
0 181 17 230 68 179 1 0 1 "Stealing"
0 181 17 230 68 180 1 0 1 "Stealing"
0 181 17 230 68 181 1 0 1 "Stealing"
0 181 17 230 68 182 1 0 1 "Stealing"
0 181 17 230 68 183 1 0 1 "Stealing"
0 181 17 230 68 184 1 0 1 "Stealing"
0 181 17 230 68 185 1 0 1 "Stealing"
0 181 17 230 68 186 1 0 1 "Stealing"
0 181 17 230 68 187 1 0 1 "Stealing"
0 181 17 230 68 188 1 0 1 "Stealing"
0 181 17 230 68 189 1 0 1 "Stealing"
0 181 17 230 68 190 1 0 1 "Stealing"
0 181 17 230 68 191 1 0 1 "Stealing"
0 181 17 230 68 192 1 0 1 "Stealing"
0 181 17 230 68 193 1 0 1 "Stealing"
0 181 17 230 68 194 1 0 1 "Stealing"
0 181 17 230 68 195 1 0 1 "Stealing"
0 181 17 230 68 196 1 0 1 "Stealing"
0 181 17 230 68 197 1 0 1 "Stealing"
0 181 17 230 68 198 1 0 1 "Stealing"
0 181 17 230 68 199 1 0 1 "Stealing"
0 181 17 230 68 200 1 0 1 "Stealing"
0 181 17 230 68 201 1 0 1 "Stealing"
0 181 17 230 68 202 1 0 1 "Stealing"
0 181 17 230 68 203 1 0 1 "Stealing"
0 181 17 230 68 204 1 0 1 "Stealing"
0 181 17 230 68 205 1 0 1 "Stealing"
0 181 17 230 68 206 1 0 1 "Stealing"
0 181 17 230 68 207 1 0 1 "Stealing"
0 181 17 230 68 208 1 0 1 "Stealing"
0 181 17 230 68 209 1 0 1 "Stealing"
0 181 17 230 68 210 1 0 1 "Stealing"
0 181 17 230 68 211 1 0 1 "Stealing"
0 181 17 230 68 212 1 0 1 "Stealing"
0 181 17 230 68 213 1 0 1 "Stealing"
0 181 17 230 68 214 1 0 1 "Stealing"
0 181 17 230 68 215 1 0 1 "Stealing"
0 181 17 230 68 216 1 0 1 "Stealing"
0 181 17 230 68 217 1 0 1 "Stealing"
0 181 17 230 68 218 1 0 1 "Stealing"
0 181 17 230 68 219 1 0 1 "Stealing"
0 181 17 230 68 220 1 0 1 "Stealing"
0 181 17 230 68 221 1 0 1 "Stealing"
0 181 17 230 68 222 1 0 1 "Stealing"
0 181 17 230 68 223 1 0 1 "Stealing"
0 181 17 230 68 224 1 0 1 "Stealing"
0 181 17 230 68 225 1 0 1 "Stealing"
0 181 17 230 68 226 1 0 1 "Stealing"
0 181 17 230 68 227 1 0 1 "Stealing"
0 181 17 230 68 228 1 0 1 "Stealing"
0 181 17 230 68 229 1 0 1 "Stealing"
0 181 17 230 68 230 1 0 1 "Stealing"
0 181 17 230 68 231 1 0 1 "Stealing"
0 181 17 230 68 232 1 0 1 "Stealing"
0 181 17 230 68 233 1 0 1 "Stealing"
0 181 17 230 68 234 1 0 1 "Stealing"
0 181 17 230 68 235 1 0 1 "Stealing"
0 181 17 230 68 236 1 0 1 "Stealing"
0 181 17 230 68 237 1 0 1 "Stealing"
0 181 17 230 68 238 1 0 1 "Stealing"
0 181 17 230 68 239 1 0 1 "Stealing"
0 181 17 230 68 240 1 0 1 "Stealing"
0 181 17 230 68 241 1 0 1 "Stealing"
0 181 17 230 68 242 1 0 1 "Stealing"
0 181 17 230 68 243 1 0 1 "Stealing"
0 181 17 230 68 244 1 0 1 "Stealing"
0 181 17 230 68 245 1 0 1 "Stealing"
0 181 17 230 68 246 1 0 1 "Stealing"
0 181 17 230 68 247 1 0 1 "Stealing"
0 181 17 230 68 248 1 0 1 "Stealing"
0 181 17 230 68 249 1 0 1 "Stealing"
0 181 17 230 68 250 1 0 1 "Stealing"
0 181 17 230 68 251 1 0 1 "Stealing"
0 181 17 230 68 252 1 0 1 "Stealing"
0 181 17 230 68 253 1 0 1 "Stealing"
0 181 17 230 68 254 1 0 1 "Stealing"
0 181 17 230 68 255 1 0 1 "Stealing"
0 181 17 230 68 256 1 0 1 "Stealing"
0 181 17 230 68 257 1 0 1 "Stealing"
0 181 17 230 68 258 1 0 1 "Stealing"
0 181 17 230 68 259 1 0 1 "Stealing"
0 181 17 230 68 260 1 0 1 "Stealing"
0 181 17 230 68 261 1 0 1 "Stealing"
0 181 17 230 68 262 1 0 1 "Stealing"
0 181 17 230 68 263 1 0 1 "Stealing"
0 181 17 230 68 264 1 0 1 "Stealing"
0 181 17 230 68 265 1 0 1 "Stealing"
0 181 17 230 68 266 1 0 1 "Stealing"
0 181 17 230 68 267 1 0 1 "Stealing"
0 181 17 230 68 268 1 0 1 "Stealing"
0 181 17 230 68 269 1 0 1 "Stealing"
0 181 17 230 68 270 1 0 1 "Stealing"
0 181 17 230 68 271 1 0 1 "Stealing"
0 181 17 230 68 272 1 0 1 "Stealing"
0 181 17 230 68 273 1 0 1 "Stealing"
0 181 17 230 68 274 1 0 1 "Stealing"
0 181 17 230 68 275 1 0 1 "Stealing"
0 181 17 230 68 276 1 0 1 "Stealing"
0 181 17 230 68 277 1 0 1 "Stealing"
0 181 17 230 68 278 1 0 1 "Stealing"
0 181 17 230 68 279 1 0 1 "Stealing"
0 181 17 230 68 280 1 0 1 "Stealing"
0 181 17 230 68 281 1 0 1 "Stealing"
0 181 17 230 68 282 1 0 1 "Stealing"
0 181 17 230 68 283 1 0 1 "Stealing"
0 181 17 230 68 284 1 0 1 "Stealing"
0 181 17 230 68 285 1 0 1 "Stealing"
0 181 17 230 68 286 1 0 1 "Stealing"
0 181 17 230 68 287 1 0 1 "Stealing"
0 181 17 230 68 288 1 0 1 "Stealing"
0 181 17 230 68 289 1 0 1 "Stealing"
0 181 17 230 68 290 1 0 1 "Stealing"
0 181 17 230 68 291 1 0 1 "Stealing"
0 181 17 230 68 292 1 0 1 "Stealing"
0 181 17 230 68 293 1 0 1 "Stealing"
0 181 17 230 68 294 1 0 1 "Stealing"
0 181 17 230 68 295 1 0 1 "Stealing"
0 181 17 230 68 296 1 0 1 "Stealing"
0 181 17 230 68 297 1 0 1 "Stealing"
0 181 17 230 68 298 1 0 1 "Stealing"
0 181 17 230 68 299 1 0 1 "Stealing"
0 181 17 230 68 300 1 0 1 "Stealing"
0 181 17 230 68 301 1 0 1 "Stealing"
0 181 17 230 68 302 1 0 1 "Stealing"
0 181 17 230 68 303 1 0 1 "Stealing"
0 181 17 230 68 304 1 0 1 "Stealing"
0 181 17 230 68 305 1 0 1 "Stealing"
0 181 17 230 68 306 1 0 1 "Stealing"
0 181 17 230 68 307 1 0 1 "Stealing"
0 181 17 230 68 308 1 0 1 "Stealing"
0 181 17 230 68 309 1 0 1 "Stealing"
0 181 17 230 68 310 1 0 1 "Stealing"
0 181 17 230 68 311 1 0 1 "Stealing"
0 181 17 230 68 312 1 0 1 "Stealing"
0 181 17 230 68 313 1 0 1 "Stealing"
0 181 17 230 68 314 1 0 1 "Stealing"
0 181 17 230 68 315 1 0 1 "Stealing"
0 181 17 230 68 316 1 0 1 "Stealing"
0 181 17 230 68 317 1 0 1 "Stealing"
0 181 17 230 68 318 1 0 1 "Stealing"
0 181 17 230 68 319 1 0 1 "Stealing"
0 181 17 230 68 320 1 0 1 "Stealing"
0 181 17 230 68 321 1 0 1 "Stealing"
0 181 17 230 68 322 1 0 1 "Stealing"
0 181 17 230 68 323 1 0 1 "Stealing"
0 181 17 230 68 324 1 0 1 "Stealing"
0 181 17 230 68 325 1 0 1 "Stealing"
0 181 17 230 68 326 1 0 1 "Stealing"
0 181 17 230 68 327 1 0 1 "Stealing"
0 181 17 230 68 328 1 0 1 "Stealing"
0 181 17 230 68 329 1 0 1 "Stealing"
0 181 17 230 68 330 1 0 1 "Stealing"
0 181 17 230 68 331 1 0 1 "Stealing"
0 181 17 230 68 332 1 0 1 "Stealing"
0 181 17 230 68 333 1 0 1 "Stealing"
0 181 17 230 68 334 1 0 1 "Stealing"
0 181 17 230 68 335 1 0 1 "Stealing"
0 181 17 230 68 336 1 0 1 "Stealing"
0 181 17 230 68 337 1 0 1 "Stealing"
0 181 17 230 68 338 1 0 1 "Stealing"
0 181 17 230 68 339 1 0 1 "Stealing"
0 181 17 230 68 340 1 0 1 "Stealing"
0 181 17 230 68 341 1 0 1 "Stealing"
0 181 17 230 68 342 1 0 1 "Stealing"
0 181 17 230 68 343 1 0 1 "Stealing"
0 181 17 230 68 344 1 0 1 "Stealing"
0 181 17 230 68 345 1 0 1 "Stealing"
0 181 17 230 68 346 1 0 1 "Stealing"
0 181 17 230 68 347 1 0 1 "Stealing"
0 181 17 230 68 348 1 0 1 "Stealing"
0 181 17 230 68 349 1 0 1 "Stealing"
0 181 17 230 68 350 1 0 1 "Stealing"
0 181 17 230 68 351 1 0 1 "Stealing"
0 181 17 230 68 352 1 0 1 "Stealing"
0 181 17 230 68 353 1 0 1 "Stealing"
0 181 17 230 68 354 1 0 1 "Stealing"
0 181 17 230 68 355 0 0 0 "Stealing"
0 182 18 231 70 356 0 0 1 "Stealing"
0 183 19 233 73 357 0 0 1 "Stealing"
0 184 21 235 75 358 0 0 1 "Stealing"
0 185 22 237 78 359 0 0 1 "Stealing"
0 186 24 239 81 360 0 0 1 "Stealing"
0 187 25 241 83 361 0 0 1 "Stealing"
0 188 26 243 86 362 0 0 1 "Stealing"
0 189 28 245 88 363 0 0 1 "Stealing"
0 190 29 247 91 364 0 0 1 "Stealing"
0 192 31 249 94 365 0 0 0 "Stealing"
0 194 31 251 94 366 0 0 1 "Stealing"
0 197 32 254 95 367 0 0 1 "Stealing"
0 199 32 256 95 368 0 0 1 "Stealing"
0 202 33 259 96 369 0 0 1 "Stealing"
0 204 34 261 97 370 0 0 1 "Stealing"
0 207 34 264 97 371 0 0 1 "Stealing"
0 209 35 266 98 372 0 0 1 "Stealing"
0 212 36 269 99 373 0 0 1 "Stealing"
0 214 36 271 99 374 0 0 1 "Stealing"
0 217 37 274 100 375 0 0 1 "Stealing"
0 220 38 277 101 376 0 0 0 "Stealing"
0 218 39 279 110 377 0 0 1 "Stealing"
0 216 40 281 119 378 0 0 1 "Stealing"
0 215 41 283 128 379 0 0 1 "Stealing"
0 213 42 285 137 380 0 0 1 "Stealing"
0 211 43 288 146 381 0 0 1 "Stealing"
0 210 44 290 155 382 0 0 1 "Stealing"
0 208 45 292 164 383 0 0 1 "Stealing"
0 206 46 294 173 384 0 0 1 "Stealing"
0 205 48 297 182 385 0 0 0 "Stealing"
0 206 48 298 182 386 0 0 1 "Stealing"
0 207 48 299 182 387 0 0 1 "Stealing"
0 208 48 300 182 388 0 0 1 "Stealing"
0 209 48 301 182 389 0 0 1 "Stealing"
0 210 48 302 182 390 0 0 1 "Stealing"
0 211 48 303 182 391 0 0 1 "Stealing"
0 212 48 304 182 392 0 0 1 "Stealing"
0 213 48 305 182 393 0 0 1 "Stealing"
0 215 48 307 182 394 0 0 0 "Stealing"
0 215 48 307 182 395 0 0 1 "Stealing"
0 215 48 307 182 396 0 0 1 "Stealing"
0 215 48 307 182 397 0 0 1 "Stealing"
0 215 48 307 182 398 0 0 1 "Stealing"
0 215 49 307 183 399 0 0 1 "Stealing"
0 215 49 307 183 400 0 0 1 "Stealing"
0 215 49 307 183 401 0 0 1 "Stealing"
0 215 49 307 183 402 0 0 1 "Stealing"
0 215 49 307 183 403 0 0 1 "Stealing"
0 215 50 307 184 404 0 0 0 "Stealing"
0 214 51 307 184 405 0 0 1 "Stealing"
0 214 52 308 184 406 0 0 1 "Stealing"
0 214 53 309 184 407 0 0 1 "Stealing"
0 214 54 309 184 408 0 0 1 "Stealing"
0 214 55 310 184 409 0 0 1 "Stealing"
0 214 56 311 184 410 0 0 1 "Stealing"
0 214 57 312 184 411 0 0 1 "Stealing"
0 214 58 312 184 412 0 0 1 "Stealing"
0 214 59 313 184 413 0 0 1 "Stealing"
0 214 60 314 184 414 0 0 1 "Stealing"
0 214 62 315 184 415 0 0 0 "Stealing"
0 214 62 315 184 416 0 0 1 "Stealing"
0 214 62 315 184 417 0 0 1 "Stealing"
0 214 62 315 184 418 0 0 1 "Stealing"
0 214 62 315 184 419 0 0 1 "Stealing"
0 214 62 315 184 420 0 0 1 "Stealing"
0 215 62 316 184 421 0 0 1 "Stealing"
0 215 62 316 184 422 0 0 1 "Stealing"
0 215 62 316 184 423 0 0 1 "Stealing"
0 215 62 316 184 424 0 0 1 "Stealing"
0 215 62 316 184 425 0 0 1 "Stealing"
0 215 62 316 184 426 0 0 1 "Stealing"
0 216 62 317 184 427 0 0 1 "Stealing"
0 216 62 317 184 428 0 0 1 "Stealing"
0 216 62 317 184 429 0 0 1 "Stealing"
0 216 62 317 184 430 0 0 1 "Stealing"
0 216 62 317 184 431 0 0 1 "Stealing"
0 216 62 317 184 432 0 0 1 "Stealing"
0 217 62 318 184 433 0 0 0 "Stealing"
0 216 62 317 184 434 0 0 1 "Stealing"
0 216 62 317 184 435 0 0 1 "Stealing"
0 216 62 317 184 436 0 0 1 "Stealing"
0 216 62 317 184 437 0 0 1 "Stealing"
0 216 62 317 184 438 0 0 1 "Stealing"
0 216 62 317 184 439 0 0 1 "Stealing"
0 216 62 317 184 440 0 0 1 "Stealing"
0 216 62 317 184 441 0 0 1 "Stealing"
0 216 62 317 184 442 0 0 1 "Stealing"
0 215 62 316 184 443 0 0 1 "Stealing"
0 215 62 316 184 444 0 0 1 "Stealing"
0 215 62 316 184 445 0 0 1 "Stealing"
0 215 62 316 184 446 0 0 1 "Stealing"
0 215 62 316 184 447 0 0 1 "Stealing"
0 215 62 316 184 448 0 0 1 "Stealing"
0 215 62 316 184 449 0 0 1 "Stealing"
0 215 62 316 184 450 0 0 1 "Stealing"
0 215 62 316 184 451 0 0 1 "Stealing"
0 214 62 315 184 452 0 0 1 "Stealing"
0 214 62 315 184 453 0 0 1 "Stealing"
0 214 62 315 184 454 0 0 1 "Stealing"
0 214 62 315 184 455 0 0 1 "Stealing"
0 214 62 315 184 456 0 0 1 "Stealing"
0 214 62 315 184 457 0 0 1 "Stealing"
0 214 62 315 184 458 0 0 1 "Stealing"
0 214 62 315 184 459 0 0 1 "Stealing"
0 214 62 315 184 460 0 0 1 "Stealing"
0 213 62 314 184 461 0 0 1 "Stealing"
0 213 62 314 184 462 0 0 1 "Stealing"
0 213 62 314 184 463 0 0 1 "Stealing"
0 213 62 314 184 464 0 0 1 "Stealing"
0 213 62 314 184 465 0 0 1 "Stealing"
0 213 62 314 184 466 0 0 1 "Stealing"
0 213 62 314 184 467 0 0 1 "Stealing"
0 213 62 314 184 468 0 0 1 "Stealing"
0 213 62 314 184 469 0 0 1 "Stealing"
0 213 63 314 185 470 0 0 0 "Stealing"
0 213 62 314 184 471 0 0 1 "Stealing"
0 213 62 314 184 472 0 0 1 "Stealing"
0 213 62 314 184 473 0 0 1 "Stealing"
0 213 62 314 184 474 0 0 1 "Stealing"
0 213 62 314 184 475 0 0 1 "Stealing"
0 213 62 314 184 476 0 0 1 "Stealing"
0 213 61 314 183 477 0 0 1 "Stealing"
0 213 61 314 183 478 0 0 1 "Stealing"
0 213 61 314 183 479 0 0 1 "Stealing"
0 213 61 314 183 480 0 0 1 "Stealing"
0 214 61 314 183 481 0 0 1 "Stealing"
0 214 61 314 183 482 0 0 1 "Stealing"
0 214 60 315 182 483 0 0 1 "Stealing"
0 214 60 315 182 484 0 0 1 "Stealing"
0 214 60 315 182 485 0 0 1 "Stealing"
0 214 60 315 182 486 0 0 1 "Stealing"
0 214 60 315 182 487 0 0 1 "Stealing"
0 214 60 315 182 488 0 0 1 "Stealing"
0 214 59 315 181 489 0 0 1 "Stealing"
0 214 59 315 181 490 0 0 1 "Stealing"
0 215 59 315 181 491 0 0 1 "Stealing"
0 215 59 315 181 492 0 0 1 "Stealing"
0 215 59 315 181 493 0 0 1 "Stealing"
0 215 59 315 181 494 0 0 1 "Stealing"
0 215 58 316 180 495 0 0 1 "Stealing"
0 215 58 316 180 496 0 0 1 "Stealing"
0 215 58 316 180 497 0 0 1 "Stealing"
0 215 58 316 180 498 0 0 1 "Stealing"
0 215 58 316 180 499 0 0 1 "Stealing"
0 215 58 316 180 500 0 0 1 "Stealing"
0 216 58 316 180 501 0 0 1 "Stealing"
0 216 57 316 179 502 0 0 1 "Stealing"
0 216 57 316 179 503 0 0 1 "Stealing"
0 216 57 316 179 504 0 0 1 "Stealing"
0 216 57 316 179 505 0 0 1 "Stealing"
0 216 57 316 179 506 0 0 1 "Stealing"
0 216 57 316 179 507 0 0 1 "Stealing"
0 216 56 317 178 508 0 0 1 "Stealing"
0 216 56 317 178 509 0 0 1 "Stealing"
0 216 56 317 178 510 0 0 1 "Stealing"
0 216 56 317 178 511 0 0 1 "Stealing"
0 217 56 317 178 512 0 0 1 "Stealing"
0 217 56 317 178 513 0 0 1 "Stealing"
0 217 55 317 177 514 0 0 1 "Stealing"
0 217 55 317 177 515 0 0 1 "Stealing"
0 217 55 317 177 516 0 0 1 "Stealing"
0 217 55 317 177 517 0 0 1 "Stealing"
0 217 55 317 177 518 0 0 1 "Stealing"
0 217 55 317 177 519 0 0 1 "Stealing"
0 217 54 318 176 520 0 0 1 "Stealing"
0 217 54 318 176 521 0 0 1 "Stealing"
0 218 54 318 176 522 0 0 1 "Stealing"
0 218 54 318 176 523 0 0 1 "Stealing"
0 218 54 318 176 524 0 0 1 "Stealing"
0 218 54 318 176 525 0 0 1 "Stealing"
0 218 53 318 175 526 0 0 1 "Stealing"
0 218 53 318 175 527 0 0 1 "Stealing"
0 218 53 318 175 528 0 0 1 "Stealing"
0 218 53 318 175 529 0 0 1 "Stealing"
0 218 53 318 175 530 0 0 1 "Stealing"
0 218 53 318 175 531 0 0 1 "Stealing"
0 219 53 319 175 532 0 0 0 "Stealing"
0 219 52 319 172 533 0 0 1 "Stealing"
0 219 51 319 170 534 0 0 1 "Stealing"
0 219 50 319 167 535 0 0 1 "Stealing"
0 219 49 319 165 536 0 0 1 "Stealing"
0 219 48 319 162 537 0 0 1 "Stealing"
0 219 48 319 160 538 0 0 1 "Stealing"
0 219 47 319 158 539 0 0 1 "Stealing"
0 219 46 319 155 540 0 0 1 "Stealing"
0 219 45 319 153 541 0 0 1 "Stealing"
0 219 44 319 150 542 0 0 1 "Stealing"
0 219 43 319 148 543 0 0 1 "Stealing"
0 220 43 319 146 544 0 0 0 "Stealing"
0 219 42 316 144 545 0 0 1 "Stealing"
0 218 41 314 143 546 0 0 1 "Stealing"
0 217 40 312 142 547 0 0 1 "Stealing"
0 216 39 310 141 548 0 0 1 "Stealing"
0 215 39 308 140 549 0 0 1 "Stealing"
0 214 38 306 138 550 0 0 1 "Stealing"
0 213 37 304 137 551 0 0 1 "Stealing"
0 212 36 302 136 552 0 0 1 "Stealing"
0 211 35 300 135 553 0 0 1 "Stealing"
0 211 35 298 134 554 0 0 0 "Stealing"
0 211 34 298 133 555 0 0 1 "Stealing"
0 211 33 298 132 556 0 0 1 "Stealing"
0 211 32 298 131 557 0 0 1 "Stealing"
0 211 31 298 130 558 0 0 1 "Stealing"
0 211 31 298 130 559 0 0 1 "Stealing"
0 211 30 298 129 560 0 0 1 "Stealing"
0 211 29 298 128 561 0 0 1 "Stealing"
0 211 28 298 127 562 0 0 1 "Stealing"
0 211 27 298 126 563 0 0 1 "Stealing"
0 211 27 298 126 564 0 0 0 "Stealing"
0 211 27 296 125 565 0 0 1 "Stealing"
0 211 27 294 124 566 0 0 1 "Stealing"
0 211 27 292 123 567 0 0 1 "Stealing"
0 211 27 290 122 568 0 0 1 "Stealing"
0 211 27 288 121 569 0 0 1 "Stealing"
0 211 27 286 120 570 0 0 1 "Stealing"
0 211 27 284 119 571 0 0 1 "Stealing"
0 211 27 282 118 572 0 0 1 "Stealing"
0 211 27 280 117 573 0 0 1 "Stealing"
0 211 27 278 116 574 0 0 0 "Stealing"
0 209 26 276 114 575 0 0 1 "Stealing"
0 208 25 274 113 576 0 0 1 "Stealing"
0 206 25 273 111 577 0 0 1 "Stealing"
0 205 24 271 110 578 0 0 1 "Stealing"
0 203 24 270 109 579 0 0 1 "Stealing"
0 202 23 268 107 580 0 0 1 "Stealing"
0 200 22 266 106 581 0 0 1 "Stealing"
0 199 22 265 104 582 0 0 1 "Stealing"
0 197 21 263 103 583 0 0 1 "Stealing"
0 196 21 262 102 584 0 0 0 "Stealing"
0 195 20 261 101 585 0 0 1 "Stealing"
0 194 20 260 101 586 0 0 1 "Stealing"
0 194 20 260 101 587 0 0 1 "Stealing"
0 193 19 259 100 588 0 0 1 "Stealing"
0 193 19 259 100 589 0 0 1 "Stealing"
0 192 19 258 100 590 0 0 1 "Stealing"
0 191 18 257 99 591 0 0 1 "Stealing"
0 191 18 257 99 592 0 0 1 "Stealing"
0 190 18 256 99 593 0 0 1 "Stealing"
0 190 18 256 99 594 0 0 0 "Stealing"
0 188 17 254 97 595 0 0 1 "Stealing"
0 187 16 253 95 596 0 0 1 "Stealing"
0 186 16 252 93 597 0 0 1 "Stealing"
0 185 15 251 91 598 0 0 1 "Stealing"
0 184 15 250 90 599 0 0 1 "Stealing"
0 183 14 248 88 600 0 0 1 "Stealing"
0 182 13 247 86 601 0 0 1 "Stealing"
0 181 13 246 84 602 0 0 1 "Stealing"
0 180 12 245 82 603 0 0 1 "Stealing"
0 179 12 244 81 604 0 0 0 "Stealing"
0 178 11 242 79 605 0 0 1 "Stealing"
0 177 11 241 78 606 0 0 1 "Stealing"
0 176 11 239 77 607 0 0 1 "Stealing"
0 176 11 238 76 608 0 0 1 "Stealing"
0 175 11 236 75 609 0 0 1 "Stealing"
0 174 10 235 74 610 0 0 1 "Stealing"
0 174 10 233 73 611 0 0 1 "Stealing"
0 173 10 232 72 612 0 0 1 "Stealing"
0 172 10 230 71 613 0 0 1 "Stealing"
0 172 10 229 70 614 0 0 0 "Stealing"
0 171 10 228 69 615 0 0 1 "Stealing"
0 171 10 227 68 616 0 0 1 "Stealing"
0 170 10 227 67 617 0 0 1 "Stealing"
0 170 11 226 67 618 0 0 1 "Stealing"
0 169 11 226 66 619 0 0 1 "Stealing"
0 169 11 225 65 620 0 0 1 "Stealing"
0 168 12 224 65 621 0 0 1 "Stealing"
0 168 12 224 64 622 0 0 1 "Stealing"
0 167 12 223 63 623 0 0 1 "Stealing"
0 167 13 223 63 624 0 0 0 "Stealing"
0 166 13 222 62 625 0 0 1 "Stealing"
0 166 13 222 61 626 0 0 1 "Stealing"
0 166 13 221 61 627 0 0 1 "Stealing"
0 165 13 221 60 628 0 0 1 "Stealing"
0 165 13 221 60 629 0 0 1 "Stealing"
0 165 13 220 59 630 0 0 1 "Stealing"
0 164 13 220 58 631 0 0 1 "Stealing"
0 164 13 219 58 632 0 0 1 "Stealing"
0 164 13 219 57 633 0 0 1 "Stealing"
0 164 14 219 57 634 0 0 0 "Stealing"
0 163 13 218 56 635 0 0 1 "Stealing"
0 163 13 218 56 636 0 0 1 "Stealing"
0 163 13 218 56 637 0 0 1 "Stealing"
0 163 12 218 55 638 0 0 1 "Stealing"
0 163 12 218 55 639 0 0 1 "Stealing"
0 163 12 218 55 640 0 0 1 "Stealing"
0 163 11 218 54 641 0 0 1 "Stealing"
0 163 11 218 54 642 0 0 1 "Stealing"
0 163 11 218 54 643 0 0 1 "Stealing"
0 163 11 218 54 644 0 0 0 "Stealing"
0 162 10 217 53 645 0 0 1 "Stealing"
0 162 10 217 53 646 0 0 1 "Stealing"
0 162 10 217 53 647 0 0 1 "Stealing"
0 162 10 217 53 648 0 0 1 "Stealing"
0 162 10 217 53 649 0 0 1 "Stealing"
0 161 10 216 53 650 0 0 1 "Stealing"
0 161 10 216 53 651 0 0 1 "Stealing"
0 161 10 216 53 652 0 0 1 "Stealing"
0 161 10 216 53 653 0 0 1 "Stealing"
0 161 10 216 53 654 0 0 1 "Stealing"
0 160 10 215 53 655 0 0 1 "Stealing"
0 160 10 215 53 656 0 0 1 "Stealing"
0 160 10 215 53 657 0 0 1 "Stealing"
0 160 10 215 53 658 0 0 1 "Stealing"
0 160 10 215 53 659 0 0 1 "Stealing"
0 159 10 214 53 660 0 0 1 "Stealing"
0 159 10 214 53 661 0 0 1 "Stealing"
0 159 10 214 53 662 0 0 1 "Stealing"
0 159 10 214 53 663 0 0 1 "Stealing"
0 159 10 214 53 664 0 0 0 "Stealing"
0 159 10 214 53 665 0 0 1 "Stealing"
0 160 10 215 53 666 0 0 1 "Stealing"
0 161 10 216 53 667 0 0 1 "Stealing"
0 162 10 217 53 668 0 0 1 "Stealing"
0 163 11 218 54 669 0 0 1 "Stealing"
0 164 11 219 54 670 0 0 1 "Stealing"
0 165 11 220 54 671 0 0 1 "Stealing"
0 166 11 221 54 672 0 0 1 "Stealing"
0 167 11 222 54 673 0 0 1 "Stealing"
0 168 12 223 55 674 0 0 0 "Stealing"
0 167 11 224 56 675 0 0 1 "Stealing"
0 167 10 226 57 676 0 0 1 "Stealing"
0 167 9 228 58 677 0 0 1 "Stealing"
0 166 8 230 60 678 0 0 1 "Stealing"
0 166 7 232 61 679 0 0 1 "Stealing"
0 166 6 233 62 680 0 0 1 "Stealing"
0 165 5 235 64 681 0 0 1 "Stealing"
0 165 4 237 65 682 0 0 1 "Stealing"
0 165 3 239 66 683 0 0 1 "Stealing"
0 165 3 241 68 684 0 0 0 "Stealing"
0 167 2 243 67 685 0 0 1 "Stealing"
0 169 2 245 67 686 0 0 1 "Stealing"
0 171 2 247 67 687 0 0 1 "Stealing"
0 173 2 249 67 688 0 0 1 "Stealing"
0 175 2 251 67 689 0 0 1 "Stealing"
0 177 1 253 66 690 0 0 1 "Stealing"
0 179 1 255 66 691 0 0 1 "Stealing"
0 181 1 257 66 692 0 0 1 "Stealing"
0 183 1 259 66 693 0 0 1 "Stealing"
0 185 1 261 66 694 0 0 0 "Stealing"
0 184 1 263 66 695 0 0 1 "Stealing"
0 184 2 265 67 696 0 0 1 "Stealing"
0 183 2 268 67 697 0 0 1 "Stealing"
0 183 3 270 68 698 0 0 1 "Stealing"
0 182 4 273 68 699 0 0 1 "Stealing"
0 182 4 275 69 700 0 0 1 "Stealing"
0 181 5 277 69 701 0 0 1 "Stealing"
0 181 5 280 70 702 0 0 1 "Stealing"
0 180 6 282 70 703 0 0 1 "Stealing"
0 180 7 285 71 704 0 0 0 "Stealing"
0 181 7 286 71 705 0 0 1 "Stealing"
0 183 7 288 71 706 0 0 1 "Stealing"
0 185 7 290 71 707 0 0 1 "Stealing"
0 187 7 292 71 708 0 0 1 "Stealing"
0 189 8 294 72 709 0 0 1 "Stealing"
0 191 8 296 72 710 0 0 1 "Stealing"
0 193 8 298 72 711 0 0 1 "Stealing"
0 195 8 300 72 712 0 0 1 "Stealing"
0 197 8 302 72 713 0 0 1 "Stealing"
0 199 9 304 73 714 0 0 0 "Stealing"
0 201 9 305 73 715 0 0 1 "Stealing"
0 204 9 307 73 716 0 0 1 "Stealing"
0 206 9 308 73 717 0 0 1 "Stealing"
0 209 9 310 73 718 0 0 1 "Stealing"
0 211 10 311 74 719 0 0 1 "Stealing"
0 214 10 313 74 720 0 0 1 "Stealing"
0 216 10 314 74 721 0 0 1 "Stealing"
0 219 10 316 74 722 0 0 1 "Stealing"
0 221 10 317 74 723 0 0 1 "Stealing"
0 224 11 319 75 724 0 0 0 "Stealing"
0 224 11 319 75 725 0 0 1 "Stealing"
0 225 11 319 75 726 0 0 1 "Stealing"
0 225 11 319 75 727 0 0 1 "Stealing"
0 226 11 319 75 728 0 0 1 "Stealing"
0 227 11 319 75 729 0 0 1 "Stealing"
0 227 11 319 75 730 0 0 1 "Stealing"
0 228 11 319 75 731 0 0 1 "Stealing"
0 228 11 319 75 732 0 0 1 "Stealing"
0 229 11 319 75 733 0 0 1 "Stealing"
0 230 11 319 75 734 0 0 0 "Stealing"
0 230 11 319 75 735 0 0 1 "Stealing"
0 231 11 319 75 736 0 0 1 "Stealing"
0 231 11 319 75 737 0 0 1 "Stealing"
0 232 11 319 75 738 0 0 1 "Stealing"
0 232 11 319 75 739 0 0 1 "Stealing"
0 233 11 319 75 740 0 0 1 "Stealing"
0 233 11 319 75 741 0 0 1 "Stealing"
0 234 11 319 75 742 0 0 1 "Stealing"
0 234 11 319 75 743 0 0 1 "Stealing"
0 235 11 319 75 744 0 0 0 "Stealing"
0 235 11 319 75 745 0 0 1 "Stealing"
0 235 11 319 75 746 0 0 1 "Stealing"
0 235 11 319 75 747 0 0 1 "Stealing"
0 236 11 319 75 748 0 0 1 "Stealing"
0 236 11 319 75 749 0 0 1 "Stealing"
0 236 11 319 75 750 0 0 1 "Stealing"
0 237 11 319 75 751 0 0 1 "Stealing"
0 237 11 319 75 752 0 0 1 "Stealing"
0 237 11 319 75 753 0 0 1 "Stealing"
0 238 11 319 75 754 0 0 0 "Stealing"
0 238 11 319 75 755 0 0 1 "Stealing"
0 239 11 319 75 756 0 0 1 "Stealing"
0 239 11 319 75 757 0 0 1 "Stealing"
0 240 11 319 75 758 0 0 1 "Stealing"
0 240 12 319 76 759 0 0 1 "Stealing"
0 241 12 319 76 760 0 0 1 "Stealing"
0 241 12 319 76 761 0 0 1 "Stealing"
0 242 12 319 76 762 0 0 1 "Stealing"
0 242 12 319 76 763 0 0 1 "Stealing"
0 243 13 319 77 764 0 0 1 "Stealing"
0 244 13 319 77 765 0 0 1 "Stealing"
0 244 13 319 77 766 0 0 1 "Stealing"
0 245 13 319 77 767 0 0 1 "Stealing"
0 245 13 319 77 768 0 0 1 "Stealing"
0 246 14 319 78 769 0 0 1 "Stealing"
0 246 14 319 78 770 0 0 1 "Stealing"
0 247 14 319 78 771 0 0 1 "Stealing"
0 247 14 319 78 772 0 0 1 "Stealing"
0 248 14 319 78 773 0 0 1 "Stealing"
0 249 15 319 79 774 0 0 0 "Stealing"
0 249 15 319 79 775 0 0 1 "Stealing"
0 250 15 319 79 776 0 0 1 "Stealing"
0 251 15 319 79 777 0 0 1 "Stealing"
0 252 15 319 79 778 0 0 1 "Stealing"
0 253 15 319 79 779 0 0 1 "Stealing"
0 253 15 319 79 780 0 0 1 "Stealing"
0 254 15 319 79 781 0 0 1 "Stealing"
0 255 15 319 79 782 0 0 1 "Stealing"
0 256 15 319 79 783 0 0 1 "Stealing"
0 257 16 319 80 784 0 0 0 "Stealing"
0 258 16 319 80 785 0 0 1 "Stealing"
0 260 16 319 80 786 0 0 1 "Stealing"
0 262 16 319 80 787 0 0 1 "Stealing"
0 263 16 319 80 788 0 0 1 "Stealing"
0 265 16 319 80 789 0 0 1 "Stealing"
0 267 16 319 80 790 0 0 1 "Stealing"
0 268 16 319 80 791 0 0 1 "Stealing"
0 270 16 319 80 792 0 0 1 "Stealing"
0 272 16 319 80 793 0 0 1 "Stealing"
0 274 16 319 80 794 1 0 0 "Stealing"
0 274 16 319 80 795 1 0 1 "Stealing"
0 274 16 319 80 796 1 0 1 "Stealing"
0 274 16 319 80 797 1 0 0 "Stealing"
0 273 15 318 79 798 1 0 1 "Stealing"
0 273 15 318 79 799 1 0 1 "Stealing"
0 272 15 317 79 800 1 0 1 "Stealing"
0 272 15 317 79 801 1 0 1 "Stealing"
0 271 15 316 79 802 1 0 1 "Stealing"
0 271 15 316 79 803 1 0 1 "Stealing"
0 270 15 315 79 804 1 0 1 "Stealing"
0 270 15 315 79 805 1 0 1 "Stealing"
0 269 15 314 79 806 1 0 1 "Stealing"
0 269 15 314 79 807 1 0 1 "Stealing"
0 268 15 313 79 808 1 0 1 "Stealing"
0 268 15 313 79 809 1 0 1 "Stealing"
0 267 15 312 79 810 1 0 1 "Stealing"
0 267 15 312 79 811 1 0 1 "Stealing"
0 267 15 312 79 812 1 0 1 "Stealing"
0 266 15 311 79 813 1 0 1 "Stealing"
0 266 15 311 79 814 1 0 1 "Stealing"
0 265 15 310 79 815 1 0 1 "Stealing"
0 265 15 310 79 816 1 0 1 "Stealing"
0 264 15 309 79 817 1 0 1 "Stealing"
0 264 15 309 79 818 1 0 1 "Stealing"
0 263 15 308 79 819 1 0 1 "Stealing"
0 263 15 308 79 820 1 0 1 "Stealing"
0 262 15 307 79 821 1 0 1 "Stealing"
0 262 15 307 79 822 1 0 1 "Stealing"
0 261 15 306 79 823 1 0 1 "Stealing"
0 261 15 306 79 824 1 0 1 "Stealing"
0 261 15 305 79 825 1 0 1 "Stealing"
0 260 15 305 79 826 1 0 1 "Stealing"
0 260 15 305 79 827 1 0 1 "Stealing"
0 259 15 304 79 828 1 0 1 "Stealing"
0 259 15 304 79 829 1 0 1 "Stealing"
0 258 15 303 79 830 1 0 1 "Stealing"
0 258 15 303 79 831 1 0 1 "Stealing"
0 257 15 302 79 832 1 0 1 "Stealing"
0 257 15 302 79 833 1 0 1 "Stealing"
0 256 15 301 79 834 1 0 1 "Stealing"
0 256 15 301 79 835 1 0 1 "Stealing"
0 255 15 300 79 836 1 0 1 "Stealing"
0 255 15 300 79 837 1 0 1 "Stealing"
0 254 15 299 79 838 1 0 1 "Stealing"
0 254 15 299 79 839 1 0 1 "Stealing"
0 254 15 298 79 840 1 0 1 "Stealing"
0 253 15 298 79 841 1 0 1 "Stealing"
0 253 15 298 79 842 1 0 1 "Stealing"
0 252 15 297 79 843 1 0 1 "Stealing"
0 252 15 297 79 844 1 0 1 "Stealing"
0 251 15 296 79 845 1 0 1 "Stealing"
0 251 15 296 79 846 1 0 1 "Stealing"
0 250 15 295 79 847 1 0 1 "Stealing"
0 250 15 295 79 848 1 0 1 "Stealing"
0 249 15 294 79 849 1 0 1 "Stealing"
0 249 15 294 79 850 1 0 1 "Stealing"
0 248 15 293 79 851 1 0 1 "Stealing"
0 248 15 293 79 852 1 0 1 "Stealing"
0 248 15 292 79 853 1 0 1 "Stealing"
0 247 15 292 79 854 1 0 1 "Stealing"
0 247 15 291 79 855 1 0 1 "Stealing"
0 246 15 291 79 856 1 0 1 "Stealing"
0 246 15 291 79 857 1 0 1 "Stealing"
0 245 15 290 79 858 1 0 1 "Stealing"
0 245 15 290 79 859 1 0 1 "Stealing"
0 244 15 289 79 860 1 0 1 "Stealing"
0 244 15 289 79 861 1 0 1 "Stealing"
0 243 15 288 79 862 1 0 1 "Stealing"
0 243 15 288 79 863 1 0 1 "Stealing"
0 242 15 287 79 864 1 0 1 "Stealing"
0 242 15 287 79 865 1 0 1 "Stealing"
0 242 15 286 79 866 1 0 1 "Stealing"
0 241 15 286 79 867 1 0 1 "Stealing"
0 241 15 285 79 868 1 0 1 "Stealing"
0 240 15 285 79 869 1 0 1 "Stealing"
0 240 15 285 79 870 1 0 1 "Stealing"
0 239 15 284 79 871 1 0 1 "Stealing"
0 239 15 284 79 872 1 0 1 "Stealing"
0 238 15 283 79 873 1 0 1 "Stealing"
0 238 15 283 79 874 1 0 1 "Stealing"
0 237 15 282 79 875 1 0 1 "Stealing"
0 237 15 282 79 876 1 0 1 "Stealing"
0 236 15 281 79 877 1 0 1 "Stealing"
0 236 15 281 79 878 1 0 1 "Stealing"
0 235 15 280 79 879 1 0 1 "Stealing"
0 235 15 280 79 880 1 0 1 "Stealing"
0 235 15 279 79 881 1 0 1 "Stealing"
0 234 15 279 79 882 1 0 1 "Stealing"
0 234 15 278 79 883 1 0 1 "Stealing"
0 233 15 278 79 884 1 0 1 "Stealing"
0 233 14 278 78 885 1 0 1 "Stealing"
0 232 14 277 78 886 1 0 1 "Stealing"
0 232 14 277 78 887 1 0 1 "Stealing"
0 231 14 276 78 888 1 0 1 "Stealing"
0 231 14 276 78 889 1 0 1 "Stealing"
0 230 14 275 78 890 1 0 1 "Stealing"
0 230 14 275 78 891 1 0 1 "Stealing"
0 229 14 274 78 892 1 0 1 "Stealing"
0 229 14 274 78 893 1 0 1 "Stealing"
0 229 14 273 78 894 1 0 1 "Stealing"
0 228 14 273 78 895 1 0 1 "Stealing"
0 228 14 272 78 896 1 0 1 "Stealing"
0 227 14 272 78 897 1 0 1 "Stealing"
0 227 14 271 78 898 1 0 1 "Stealing"
0 226 14 271 78 899 1 0 1 "Stealing"
0 226 14 271 78 900 1 0 1 "Stealing"
0 225 14 270 78 901 1 0 1 "Stealing"
0 225 14 270 78 902 1 0 1 "Stealing"
0 224 14 269 78 903 1 0 1 "Stealing"
0 224 14 269 78 904 1 0 1 "Stealing"
0 223 14 268 78 905 1 0 1 "Stealing"
0 223 14 268 78 906 1 0 1 "Stealing"
0 222 14 267 78 907 1 0 1 "Stealing"
0 222 14 267 78 908 1 0 1 "Stealing"
0 222 14 266 78 909 1 0 1 "Stealing"
0 221 14 266 78 910 1 0 1 "Stealing"
0 221 14 265 78 911 1 0 1 "Stealing"
0 220 14 265 78 912 1 0 1 "Stealing"
0 220 14 264 78 913 1 0 1 "Stealing"
0 219 14 264 78 914 1 0 1 "Stealing"
0 219 14 264 78 915 1 0 1 "Stealing"
0 218 14 263 78 916 1 0 1 "Stealing"
0 218 14 263 78 917 1 0 1 "Stealing"
0 217 14 262 78 918 1 0 1 "Stealing"
0 217 14 262 78 919 1 0 1 "Stealing"
0 216 14 261 78 920 1 0 1 "Stealing"
0 216 14 261 78 921 1 0 1 "Stealing"
0 216 14 260 78 922 1 0 1 "Stealing"
0 215 14 260 78 923 1 0 1 "Stealing"
0 215 14 259 78 924 1 0 1 "Stealing"
0 214 14 259 78 925 1 0 1 "Stealing"
0 214 14 258 78 926 1 0 1 "Stealing"
0 213 14 258 78 927 1 0 1 "Stealing"
0 213 14 258 78 928 1 0 1 "Stealing"
0 212 14 257 78 929 1 0 1 "Stealing"
0 212 14 257 78 930 1 0 1 "Stealing"
0 211 14 256 78 931 1 0 1 "Stealing"
0 211 14 256 78 932 1 0 1 "Stealing"
0 210 14 255 78 933 1 0 1 "Stealing"
0 210 14 255 78 934 1 0 1 "Stealing"
0 210 14 254 78 935 1 0 1 "Stealing"
0 209 14 254 78 936 1 0 1 "Stealing"
0 209 14 253 78 937 1 0 1 "Stealing"
0 208 14 253 78 938 1 0 1 "Stealing"
0 208 14 252 78 939 1 0 1 "Stealing"
0 207 14 252 78 940 1 0 1 "Stealing"
0 207 14 251 78 941 1 0 1 "Stealing"
0 206 14 251 78 942 1 0 1 "Stealing"
0 206 14 251 78 943 1 0 1 "Stealing"
0 205 14 250 78 944 1 0 1 "Stealing"
0 205 14 250 78 945 1 0 1 "Stealing"
0 204 14 249 78 946 1 0 1 "Stealing"
0 204 14 249 78 947 1 0 1 "Stealing"
0 203 14 248 78 948 1 0 1 "Stealing"
0 203 14 248 78 949 1 0 1 "Stealing"
0 203 14 247 78 950 1 0 1 "Stealing"
0 202 14 247 78 951 1 0 1 "Stealing"
0 202 14 246 78 952 1 0 1 "Stealing"
0 201 14 246 78 953 1 0 1 "Stealing"
0 201 14 245 78 954 1 0 1 "Stealing"
0 200 14 245 78 955 1 0 1 "Stealing"
0 200 14 244 78 956 1 0 1 "Stealing"
0 199 14 244 78 957 1 0 1 "Stealing"
0 199 14 244 78 958 1 0 1 "Stealing"
0 198 14 243 78 959 1 0 1 "Stealing"
0 198 14 243 78 960 1 0 1 "Stealing"
0 197 14 242 78 961 1 0 1 "Stealing"
0 197 14 242 78 962 1 0 1 "Stealing"
0 197 14 241 78 963 1 0 1 "Stealing"
0 196 14 241 78 964 1 0 1 "Stealing"
0 196 14 240 78 965 1 0 1 "Stealing"
0 195 14 240 78 966 1 0 1 "Stealing"
0 195 14 239 78 967 1 0 1 "Stealing"
0 194 14 239 78 968 1 0 1 "Stealing"
0 194 14 238 78 969 1 0 1 "Stealing"
0 193 14 238 78 970 1 0 1 "Stealing"
0 193 14 237 78 971 1 0 1 "Stealing"
0 192 13 237 77 972 1 0 1 "Stealing"
0 192 13 237 77 973 1 0 1 "Stealing"
0 191 13 236 77 974 1 0 1 "Stealing"
0 191 13 236 77 975 1 0 1 "Stealing"
0 190 13 235 77 976 1 0 1 "Stealing"
0 190 13 235 77 977 1 0 1 "Stealing"
0 190 13 234 77 978 1 0 1 "Stealing"
0 189 13 234 77 979 1 0 1 "Stealing"
0 189 13 233 77 980 1 0 1 "Stealing"
0 188 13 233 77 981 1 0 1 "Stealing"
0 188 13 232 77 982 1 0 1 "Stealing"
0 187 13 232 77 983 1 0 1 "Stealing"
0 187 13 231 77 984 1 0 1 "Stealing"
0 186 13 231 77 985 1 0 1 "Stealing"
0 186 13 230 77 986 1 0 1 "Stealing"
0 185 13 230 77 987 1 0 1 "Stealing"
0 185 13 230 77 988 1 0 1 "Stealing"
0 184 13 229 77 989 1 0 1 "Stealing"
0 184 13 229 77 990 1 0 1 "Stealing"
0 184 13 228 77 991 1 0 1 "Stealing"
0 183 13 228 77 992 1 0 1 "Stealing"
0 183 13 227 77 993 1 0 1 "Stealing"
0 182 13 227 77 994 1 0 1 "Stealing"
0 182 13 226 77 995 1 0 1 "Stealing"
0 181 13 226 77 996 1 0 1 "Stealing"
0 181 13 225 77 997 1 0 1 "Stealing"
0 180 13 225 77 998 1 0 1 "Stealing"
0 180 13 224 77 999 1 0 1 "Stealing"
0 179 13 224 77 1000 1 0 1 "Stealing"
0 179 13 224 77 1001 1 0 1 "Stealing"
0 178 13 223 77 1002 1 0 1 "Stealing"
0 178 13 223 77 1003 1 0 1 "Stealing"
0 178 13 222 77 1004 1 0 1 "Stealing"
0 177 13 222 77 1005 1 0 1 "Stealing"
0 177 13 221 77 1006 1 0 1 "Stealing"
0 176 13 221 77 1007 1 0 1 "Stealing"
0 176 13 220 77 1008 1 0 1 "Stealing"
0 175 13 220 77 1009 1 0 1 "Stealing"
0 175 13 219 77 1010 1 0 1 "Stealing"
0 174 13 219 77 1011 1 0 1 "Stealing"
0 174 13 218 77 1012 1 0 1 "Stealing"
0 173 13 218 77 1013 1 0 1 "Stealing"
0 173 13 217 77 1014 1 0 1 "Stealing"
0 172 13 217 77 1015 1 0 1 "Stealing"
0 172 13 217 77 1016 1 0 1 "Stealing"
0 171 13 216 77 1017 1 0 1 "Stealing"
0 171 13 216 77 1018 1 0 1 "Stealing"
0 171 13 215 77 1019 1 0 1 "Stealing"
0 170 13 215 77 1020 1 0 1 "Stealing"
0 170 13 214 77 1021 1 0 1 "Stealing"
0 169 13 214 77 1022 1 0 1 "Stealing"
0 169 13 213 77 1023 1 0 1 "Stealing"
0 168 13 213 77 1024 1 0 1 "Stealing"
0 168 13 212 77 1025 1 0 1 "Stealing"
0 167 13 212 77 1026 1 0 1 "Stealing"
0 167 13 211 77 1027 1 0 1 "Stealing"
0 166 13 211 77 1028 1 0 1 "Stealing"
0 166 13 210 77 1029 1 0 1 "Stealing"
0 165 13 210 77 1030 1 0 1 "Stealing"
0 165 13 210 77 1031 1 0 1 "Stealing"
0 165 13 209 77 1032 1 0 1 "Stealing"
0 164 13 209 77 1033 1 0 1 "Stealing"
0 164 13 208 77 1034 1 0 1 "Stealing"
0 163 13 208 77 1035 1 0 1 "Stealing"
0 163 13 207 77 1036 1 0 1 "Stealing"
0 162 13 207 77 1037 1 0 1 "Stealing"
0 162 13 206 77 1038 1 0 1 "Stealing"
0 161 13 206 77 1039 1 0 1 "Stealing"
0 161 13 205 77 1040 1 0 1 "Stealing"
0 160 13 205 77 1041 1 0 1 "Stealing"
0 160 13 204 77 1042 1 0 1 "Stealing"
0 159 13 204 77 1043 1 0 1 "Stealing"
0 159 13 203 77 1044 1 0 1 "Stealing"
0 158 13 203 77 1045 1 0 1 "Stealing"
0 158 13 203 77 1046 1 0 1 "Stealing"
0 158 13 202 77 1047 1 0 1 "Stealing"
0 157 13 202 77 1048 1 0 1 "Stealing"
0 157 13 201 77 1049 1 0 1 "Stealing"
0 156 13 201 77 1050 1 0 1 "Stealing"
0 156 13 200 77 1051 1 0 1 "Stealing"
0 155 13 200 77 1052 1 0 1 "Stealing"
0 155 13 199 77 1053 1 0 1 "Stealing"
0 154 13 199 77 1054 1 0 1 "Stealing"
0 154 13 198 77 1055 1 0 1 "Stealing"
0 153 13 198 77 1056 1 0 1 "Stealing"
0 153 13 197 77 1057 1 0 1 "Stealing"
0 152 13 197 77 1058 1 0 1 "Stealing"
0 152 13 197 77 1059 1 0 1 "Stealing"
0 152 12 196 76 1060 1 0 1 "Stealing"
0 151 12 196 76 1061 1 0 1 "Stealing"
0 151 12 195 76 1062 1 0 1 "Stealing"
0 150 12 195 76 1063 1 0 1 "Stealing"
0 150 12 194 76 1064 1 0 1 "Stealing"
0 149 12 194 76 1065 1 0 1 "Stealing"
0 149 12 193 76 1066 1 0 1 "Stealing"
0 148 12 193 76 1067 1 0 1 "Stealing"
0 148 12 192 76 1068 1 0 1 "Stealing"
0 147 12 192 76 1069 1 0 1 "Stealing"
0 147 12 191 76 1070 1 0 1 "Stealing"
0 146 12 191 76 1071 1 0 1 "Stealing"
0 146 12 190 76 1072 1 0 1 "Stealing"
0 146 12 190 76 1073 1 0 1 "Stealing"
0 145 12 190 76 1074 1 0 1 "Stealing"
0 145 12 189 76 1075 1 0 1 "Stealing"
0 144 12 189 76 1076 1 0 1 "Stealing"
0 144 12 188 76 1077 1 0 1 "Stealing"
0 143 12 188 76 1078 1 0 1 "Stealing"
0 143 12 187 76 1079 1 0 1 "Stealing"
0 142 12 187 76 1080 1 0 1 "Stealing"
0 142 12 186 76 1081 1 0 1 "Stealing"
0 141 12 186 76 1082 1 0 1 "Stealing"
0 141 12 185 76 1083 1 0 1 "Stealing"
0 140 12 185 76 1084 1 0 1 "Stealing"
0 140 12 184 76 1085 1 0 1 "Stealing"
0 139 12 184 76 1086 1 0 1 "Stealing"
0 139 12 183 76 1087 1 0 1 "Stealing"
0 139 12 183 76 1088 1 0 1 "Stealing"
0 138 12 183 76 1089 1 0 1 "Stealing"
0 138 12 182 76 1090 1 0 1 "Stealing"
0 137 12 182 76 1091 1 0 1 "Stealing"
0 137 12 181 76 1092 1 0 1 "Stealing"
0 136 12 181 76 1093 1 0 1 "Stealing"
0 136 12 180 76 1094 1 0 1 "Stealing"
0 135 12 180 76 1095 1 0 1 "Stealing"
0 135 12 179 76 1096 1 0 1 "Stealing"
0 134 12 179 76 1097 1 0 1 "Stealing"
0 134 12 178 76 1098 1 0 1 "Stealing"
0 133 12 178 76 1099 1 0 1 "Stealing"
0 133 12 177 76 1100 1 0 1 "Stealing"
0 133 12 177 76 1101 1 0 1 "Stealing"
0 132 12 176 76 1102 1 0 1 "Stealing"
0 132 12 176 76 1103 1 0 1 "Stealing"
0 131 12 176 76 1104 1 0 1 "Stealing"
0 131 12 175 76 1105 1 0 1 "Stealing"
0 130 12 175 76 1106 1 0 1 "Stealing"
0 130 12 174 76 1107 1 0 1 "Stealing"
0 129 12 174 76 1108 1 0 1 "Stealing"
0 129 12 173 76 1109 1 0 1 "Stealing"
0 128 12 173 76 1110 1 0 1 "Stealing"
0 128 12 172 76 1111 1 0 1 "Stealing"
0 127 12 172 76 1112 1 0 1 "Stealing"
0 127 12 171 76 1113 1 0 1 "Stealing"
0 126 12 171 76 1114 1 0 1 "Stealing"
0 126 12 170 76 1115 1 0 1 "Stealing"
0 126 12 170 76 1116 1 0 1 "Stealing"
0 125 12 169 76 1117 1 0 1 "Stealing"
0 125 12 169 76 1118 1 0 1 "Stealing"
0 124 12 169 76 1119 1 0 1 "Stealing"
0 124 12 168 76 1120 1 0 1 "Stealing"
0 123 12 168 76 1121 1 0 1 "Stealing"
0 123 12 167 76 1122 1 0 1 "Stealing"
0 122 12 167 76 1123 1 0 1 "Stealing"
0 122 12 166 76 1124 1 0 1 "Stealing"
0 121 12 166 76 1125 1 0 1 "Stealing"
0 121 12 165 76 1126 1 0 1 "Stealing"
0 120 12 165 76 1127 1 0 1 "Stealing"
0 120 12 164 76 1128 1 0 1 "Stealing"
0 120 12 164 76 1129 1 0 1 "Stealing"
0 119 12 163 76 1130 1 0 1 "Stealing"
0 119 12 163 76 1131 1 0 1 "Stealing"
0 118 12 163 76 1132 1 0 1 "Stealing"
0 118 12 162 76 1133 1 0 1 "Stealing"
0 117 12 162 76 1134 1 0 1 "Stealing"
0 117 12 161 76 1135 1 0 1 "Stealing"
0 116 12 161 76 1136 1 0 1 "Stealing"
0 116 12 160 76 1137 1 0 1 "Stealing"
0 115 12 160 76 1138 1 0 1 "Stealing"
0 115 12 159 76 1139 1 0 1 "Stealing"
0 114 12 159 76 1140 1 0 1 "Stealing"
0 114 12 158 76 1141 1 0 1 "Stealing"
0 114 12 158 76 1142 1 0 1 "Stealing"
0 113 12 157 76 1143 1 0 1 "Stealing"
0 113 12 157 76 1144 1 0 1 "Stealing"
0 112 12 156 76 1145 1 0 1 "Stealing"
0 112 12 156 76 1146 1 0 1 "Stealing"
0 111 11 156 75 1147 1 0 1 "Stealing"
0 111 11 155 75 1148 1 0 1 "Stealing"
0 110 11 155 75 1149 1 0 1 "Stealing"
0 110 11 154 75 1150 1 0 1 "Stealing"
0 109 11 154 75 1151 1 0 1 "Stealing"
0 109 11 153 75 1152 1 0 1 "Stealing"
0 108 11 153 75 1153 1 0 1 "Stealing"
0 108 11 152 75 1154 1 0 1 "Stealing"
0 107 11 152 75 1155 1 0 1 "Stealing"
0 107 11 151 75 1156 1 0 1 "Stealing"
0 107 11 151 75 1157 1 0 1 "Stealing"
0 106 11 150 75 1158 1 0 1 "Stealing"
0 106 11 150 75 1159 1 0 1 "Stealing"
0 105 11 149 75 1160 1 0 1 "Stealing"
0 105 11 149 75 1161 1 0 1 "Stealing"
0 104 11 149 75 1162 1 0 1 "Stealing"
0 104 11 148 75 1163 1 0 1 "Stealing"
0 103 11 148 75 1164 1 0 1 "Stealing"
0 103 11 147 75 1165 1 0 1 "Stealing"
0 102 11 147 75 1166 1 0 1 "Stealing"
0 102 11 146 75 1167 1 0 1 "Stealing"
0 101 11 146 75 1168 1 0 1 "Stealing"
0 101 11 145 75 1169 1 0 1 "Stealing"
0 101 11 145 75 1170 1 0 1 "Stealing"
0 100 11 144 75 1171 1 0 1 "Stealing"
0 100 11 144 75 1172 1 0 1 "Stealing"
0 99 11 143 75 1173 1 0 1 "Stealing"
0 99 11 143 75 1174 1 0 1 "Stealing"
0 98 11 142 75 1175 1 0 1 "Stealing"
0 98 11 142 75 1176 1 0 1 "Stealing"
0 97 11 142 75 1177 1 0 1 "Stealing"
0 97 11 141 75 1178 1 0 1 "Stealing"
0 96 11 141 75 1179 1 0 1 "Stealing"
0 96 11 140 75 1180 1 0 1 "Stealing"
0 95 11 140 75 1181 1 0 1 "Stealing"
0 95 11 139 75 1182 1 0 1 "Stealing"
0 94 11 139 75 1183 1 0 1 "Stealing"
0 94 11 138 75 1184 1 0 1 "Stealing"
0 94 11 138 75 1185 1 0 1 "Stealing"
0 93 11 137 75 1186 1 0 1 "Stealing"
0 93 11 137 75 1187 1 0 1 "Stealing"
0 92 11 136 75 1188 1 0 1 "Stealing"
0 92 11 136 75 1189 1 0 1 "Stealing"
0 91 11 136 75 1190 1 0 1 "Stealing"
0 91 11 135 75 1191 1 0 1 "Stealing"
0 90 11 135 75 1192 1 0 1 "Stealing"
0 90 11 134 75 1193 1 0 1 "Stealing"
0 89 11 134 75 1194 1 0 1 "Stealing"
0 89 11 133 75 1195 1 0 1 "Stealing"
0 88 11 133 75 1196 1 0 1 "Stealing"
0 88 11 132 75 1197 1 0 1 "Stealing"
0 88 11 132 75 1198 1 0 1 "Stealing"
0 87 11 131 75 1199 1 0 1 "Stealing"
0 87 11 131 75 1200 1 0 1 "Stealing"
0 86 11 130 75 1201 1 0 1 "Stealing"
0 86 11 130 75 1202 1 0 1 "Stealing"
0 85 11 129 75 1203 1 0 1 "Stealing"
0 85 11 129 75 1204 1 0 1 "Stealing"
0 84 11 129 75 1205 1 0 1 "Stealing"
0 84 11 128 75 1206 1 0 1 "Stealing"
0 83 11 128 75 1207 1 0 1 "Stealing"
0 83 11 127 75 1208 1 0 1 "Stealing"
0 82 11 127 75 1209 1 0 1 "Stealing"
0 82 11 126 75 1210 1 0 1 "Stealing"
0 82 11 126 75 1211 1 0 1 "Stealing"
0 81 11 125 75 1212 1 0 1 "Stealing"
0 81 11 125 75 1213 1 0 1 "Stealing"
0 80 11 124 75 1214 1 0 1 "Stealing"
0 80 11 124 75 1215 1 0 1 "Stealing"
0 79 11 123 75 1216 1 0 1 "Stealing"
0 79 11 123 75 1217 1 0 1 "Stealing"
0 78 11 122 75 1218 1 0 1 "Stealing"
0 78 11 122 75 1219 1 0 1 "Stealing"
0 77 11 122 75 1220 1 0 1 "Stealing"
0 77 11 121 75 1221 1 0 1 "Stealing"
0 76 11 121 75 1222 1 0 1 "Stealing"
0 76 11 120 75 1223 1 0 1 "Stealing"
0 75 11 120 75 1224 1 0 1 "Stealing"
0 75 11 119 75 1225 1 0 1 "Stealing"
0 75 11 119 75 1226 1 0 1 "Stealing"
0 74 11 118 75 1227 1 0 1 "Stealing"
0 74 11 118 75 1228 1 0 1 "Stealing"
0 73 11 117 75 1229 1 0 1 "Stealing"
0 73 11 117 75 1230 1 0 1 "Stealing"
0 72 11 116 75 1231 1 0 1 "Stealing"
0 72 11 116 75 1232 1 0 1 "Stealing"
0 71 11 115 75 1233 1 0 1 "Stealing"
0 71 10 115 74 1234 1 0 1 "Stealing"
0 70 10 115 74 1235 1 0 1 "Stealing"
0 70 10 114 74 1236 1 0 1 "Stealing"
0 69 10 114 74 1237 1 0 1 "Stealing"
0 69 10 113 74 1238 1 0 1 "Stealing"
0 69 10 113 74 1239 1 0 1 "Stealing"
0 68 10 112 74 1240 1 0 1 "Stealing"
0 68 10 112 74 1241 1 0 1 "Stealing"
0 67 10 111 74 1242 1 0 1 "Stealing"
0 67 10 111 74 1243 1 0 1 "Stealing"
0 66 10 110 74 1244 1 0 1 "Stealing"
0 66 10 110 74 1245 1 0 1 "Stealing"
0 65 10 109 74 1246 1 0 1 "Stealing"
0 65 10 109 74 1247 1 0 1 "Stealing"
0 64 10 108 74 1248 1 0 1 "Stealing"
0 64 10 108 74 1249 1 0 1 "Stealing"
0 63 10 108 74 1250 1 0 1 "Stealing"
0 63 10 107 74 1251 1 0 1 "Stealing"
0 62 10 107 74 1252 1 0 1 "Stealing"
0 62 10 106 74 1253 1 0 1 "Stealing"
0 62 10 106 74 1254 1 0 1 "Stealing"
0 61 10 105 74 1255 1 0 1 "Stealing"
0 61 10 105 74 1256 1 0 1 "Stealing"
0 60 10 104 74 1257 1 0 1 "Stealing"
0 60 10 104 74 1258 1 0 1 "Stealing"
0 59 10 103 74 1259 1 0 1 "Stealing"
0 59 10 103 74 1260 1 0 1 "Stealing"
0 58 10 102 74 1261 1 0 1 "Stealing"
0 58 10 102 74 1262 1 0 1 "Stealing"
0 57 10 102 74 1263 1 0 1 "Stealing"
0 57 10 101 74 1264 1 0 1 "Stealing"
0 56 10 101 74 1265 1 0 1 "Stealing"
0 56 10 100 74 1266 1 0 1 "Stealing"
0 56 10 100 74 1267 1 0 1 "Stealing"
0 55 10 99 74 1268 1 0 1 "Stealing"
0 55 10 99 74 1269 1 0 1 "Stealing"
0 54 10 98 74 1270 1 0 1 "Stealing"
0 54 10 98 74 1271 1 0 1 "Stealing"
0 53 10 97 74 1272 1 0 1 "Stealing"
0 53 10 97 74 1273 1 0 1 "Stealing"
0 52 10 96 74 1274 1 0 1 "Stealing"
0 52 10 96 74 1275 1 0 1 "Stealing"
0 51 10 95 74 1276 1 0 1 "Stealing"
0 51 10 95 74 1277 1 0 1 "Stealing"
0 50 10 95 74 1278 1 0 1 "Stealing"
0 50 10 94 74 1279 1 0 1 "Stealing"
0 50 10 94 74 1280 1 0 1 "Stealing"
0 49 10 93 74 1281 1 0 1 "Stealing"
0 49 10 93 74 1282 1 0 1 "Stealing"
0 48 10 92 74 1283 1 0 1 "Stealing"
0 48 10 92 74 1284 1 0 1 "Stealing"
0 47 10 91 74 1285 1 0 1 "Stealing"
0 47 10 91 74 1286 1 0 1 "Stealing"
0 46 10 90 74 1287 1 0 1 "Stealing"
0 46 10 90 74 1288 1 0 1 "Stealing"
0 45 10 89 74 1289 1 0 1 "Stealing"
0 45 10 89 74 1290 1 0 1 "Stealing"
0 44 10 88 74 1291 1 0 1 "Stealing"
0 44 10 88 74 1292 1 0 1 "Stealing"
0 43 10 88 74 1293 1 0 1 "Stealing"
0 43 10 87 74 1294 1 0 1 "Stealing"
0 43 10 87 74 1295 1 0 1 "Stealing"
0 42 10 86 74 1296 1 0 1 "Stealing"
0 42 10 86 74 1297 1 0 1 "Stealing"
0 41 10 85 74 1298 1 0 1 "Stealing"
0 41 10 85 74 1299 1 0 1 "Stealing"
0 40 10 84 74 1300 1 0 1 "Stealing"
0 40 10 84 74 1301 1 0 1 "Stealing"
0 39 10 83 74 1302 1 0 1 "Stealing"
0 39 10 83 74 1303 1 0 1 "Stealing"
0 38 10 82 74 1304 1 0 1 "Stealing"
0 38 10 82 74 1305 1 0 1 "Stealing"
0 37 10 81 74 1306 1 0 1 "Stealing"
0 37 10 81 74 1307 1 0 1 "Stealing"
0 37 10 81 74 1308 1 0 1 "Stealing"
0 36 10 80 74 1309 1 0 1 "Stealing"
0 36 10 80 74 1310 1 0 1 "Stealing"
0 35 10 79 74 1311 1 0 1 "Stealing"
0 35 10 79 74 1312 1 0 1 "Stealing"
0 34 10 78 74 1313 1 0 1 "Stealing"
0 34 10 78 74 1314 1 0 1 "Stealing"
0 33 10 77 74 1315 1 0 1 "Stealing"
0 33 10 77 74 1316 1 0 1 "Stealing"
0 32 10 76 74 1317 1 0 1 "Stealing"
0 32 10 76 74 1318 1 0 1 "Stealing"
0 31 10 75 74 1319 1 0 1 "Stealing"
0 31 10 75 74 1320 1 0 1 "Stealing"
0 31 10 75 74 1321 1 0 0 "Stealing"
0 31 10 75 74 1322 1 0 1 "Stealing"
0 31 10 75 74 1323 1 0 1 "Stealing"
0 31 11 75 75 1324 1 0 1 "Stealing"
0 31 11 75 75 1325 1 0 1 "Stealing"
0 32 12 76 76 1326 1 0 1 "Stealing"
0 32 12 76 76 1327 1 0 1 "Stealing"
0 32 12 76 76 1328 1 0 1 "Stealing"
0 32 13 76 77 1329 1 0 1 "Stealing"
0 32 13 76 77 1330 1 0 1 "Stealing"
0 33 14 77 78 1331 0 0 0 "Stealing"
0 34 14 79 78 1332 0 0 1 "Stealing"
0 35 14 82 79 1333 0 0 1 "Stealing"
0 36 14 85 80 1334 0 0 1 "Stealing"
0 37 14 88 81 1335 0 0 1 "Stealing"
0 39 14 91 82 1336 0 0 1 "Stealing"
0 40 14 93 82 1337 0 0 1 "Stealing"
0 41 14 96 83 1338 0 0 1 "Stealing"
0 42 14 99 84 1339 0 0 1 "Stealing"
0 43 14 102 85 1340 0 0 1 "Stealing"
0 45 15 105 86 1341 0 0 0 "Stealing"
0 45 14 105 85 1342 0 0 1 "Stealing"
0 46 14 106 85 1343 0 0 1 "Stealing"
0 46 13 106 84 1344 0 0 1 "Stealing"
0 47 13 107 84 1345 0 0 1 "Stealing"
0 47 13 107 84 1346 0 0 1 "Stealing"
0 48 12 108 83 1347 0 0 1 "Stealing"
0 48 12 108 83 1348 0 0 1 "Stealing"
0 49 11 109 82 1349 0 0 1 "Stealing"
0 49 11 109 82 1350 0 0 1 "Stealing"
0 50 11 110 82 1351 0 0 0 "Stealing"
0 50 11 110 82 1352 0 0 1 "Stealing"
0 51 11 111 82 1353 0 0 1 "Stealing"
0 51 11 111 82 1354 0 0 1 "Stealing"
0 52 11 112 82 1355 0 0 1 "Stealing"
0 52 12 112 83 1356 0 0 1 "Stealing"
0 53 12 113 83 1357 0 0 1 "Stealing"
0 53 12 113 83 1358 0 0 1 "Stealing"
0 54 12 114 83 1359 0 0 1 "Stealing"
0 54 12 114 83 1360 0 0 1 "Stealing"
0 55 13 115 84 1361 0 0 0 "Stealing"
0 55 13 115 84 1362 0 0 1 "Stealing"
0 56 13 116 84 1363 0 0 1 "Stealing"
0 56 13 116 84 1364 0 0 1 "Stealing"
0 57 13 117 84 1365 0 0 1 "Stealing"
0 58 13 118 84 1366 0 0 1 "Stealing"
0 58 13 118 84 1367 0 0 1 "Stealing"
0 59 13 119 84 1368 0 0 1 "Stealing"
0 59 13 119 84 1369 0 0 1 "Stealing"
0 60 13 120 84 1370 0 0 1 "Stealing"
0 61 13 121 84 1371 0 0 0 "Stealing"
0 61 13 121 84 1372 0 0 1 "Stealing"
0 61 13 121 84 1373 0 0 1 "Stealing"
0 61 13 121 84 1374 0 0 1 "Stealing"
0 61 13 121 84 1375 0 0 1 "Stealing"
0 62 13 122 84 1376 0 0 1 "Stealing"
0 62 13 122 84 1377 0 0 1 "Stealing"
0 62 13 122 84 1378 0 0 1 "Stealing"
0 62 13 122 84 1379 0 0 1 "Stealing"
0 62 13 122 84 1380 0 0 1 "Stealing"
0 63 13 123 84 1381 0 0 0 "Stealing"
0 65 13 123 83 1382 0 0 1 "Stealing"
0 67 13 124 83 1383 0 0 1 "Stealing"
0 69 13 125 83 1384 0 0 1 "Stealing"
0 71 13 125 83 1385 0 0 1 "Stealing"
0 73 13 126 83 1386 0 0 1 "Stealing"
0 75 13 127 83 1387 0 0 1 "Stealing"
0 77 13 127 83 1388 0 0 1 "Stealing"
0 79 13 128 83 1389 0 0 1 "Stealing"
0 81 13 129 83 1390 0 0 1 "Stealing"
0 83 13 130 83 1391 1 0 0 "Stealing"
0 83 13 130 83 1392 1 0 1 "Stealing"
0 83 13 130 83 1393 1 0 1 "Stealing"
0 83 13 130 83 1394 1 0 1 "Stealing"
0 83 13 130 83 1395 1 0 1 "Stealing"
0 83 13 130 83 1396 1 0 1 "Stealing"
0 83 13 130 83 1397 1 0 1 "Stealing"
0 83 13 130 83 1398 1 0 1 "Stealing"
0 83 13 130 83 1399 1 0 1 "Stealing"
0 83 13 130 83 1400 1 0 1 "Stealing"
0 83 13 130 83 1401 1 0 1 "Stealing"
0 83 13 130 83 1402 1 0 1 "Stealing"
0 83 13 130 83 1403 1 0 0 "Stealing"
0 83 13 130 82 1404 1 0 1 "Stealing"
0 83 13 130 82 1405 1 0 1 "Stealing"
0 84 13 131 82 1406 1 0 1 "Stealing"
0 84 13 131 82 1407 1 0 1 "Stealing"
0 84 13 131 82 1408 1 0 1 "Stealing"
0 85 13 132 82 1409 1 0 1 "Stealing"
0 85 13 132 82 1410 1 0 1 "Stealing"
0 86 13 133 82 1411 1 0 1 "Stealing"
0 86 13 133 82 1412 1 0 1 "Stealing"
0 86 13 133 82 1413 1 0 1 "Stealing"
0 87 13 134 82 1414 1 0 1 "Stealing"
0 87 13 134 82 1415 1 0 1 "Stealing"
0 88 13 135 82 1416 1 0 1 "Stealing"
0 88 13 135 82 1417 1 0 1 "Stealing"
0 88 13 135 82 1418 1 0 1 "Stealing"
0 89 13 136 82 1419 1 0 1 "Stealing"
0 89 13 136 82 1420 1 0 1 "Stealing"
0 90 13 137 82 1421 1 0 1 "Stealing"
0 90 13 137 82 1422 1 0 1 "Stealing"
0 90 13 137 82 1423 1 0 1 "Stealing"
0 91 13 138 82 1424 1 0 1 "Stealing"
0 91 13 138 82 1425 1 0 1 "Stealing"
0 92 13 139 82 1426 1 0 1 "Stealing"
0 92 13 139 82 1427 1 0 1 "Stealing"
0 92 13 139 82 1428 1 0 1 "Stealing"
0 93 13 140 82 1429 1 0 1 "Stealing"
0 93 13 140 82 1430 1 0 1 "Stealing"
0 94 13 140 82 1431 1 0 1 "Stealing"
0 94 13 141 82 1432 1 0 1 "Stealing"
0 94 13 141 82 1433 1 0 1 "Stealing"
0 95 13 142 82 1434 1 0 1 "Stealing"
0 95 13 142 82 1435 1 0 1 "Stealing"
0 96 13 142 82 1436 1 0 1 "Stealing"
0 96 13 143 82 1437 1 0 1 "Stealing"
0 96 13 143 82 1438 1 0 1 "Stealing"
0 97 13 144 82 1439 1 0 1 "Stealing"
0 97 13 144 82 1440 1 0 1 "Stealing"
0 98 13 144 82 1441 1 0 1 "Stealing"
0 98 13 145 82 1442 1 0 1 "Stealing"
0 98 13 145 82 1443 1 0 1 "Stealing"
0 99 13 146 82 1444 1 0 1 "Stealing"
0 99 13 146 82 1445 1 0 1 "Stealing"
0 100 13 146 82 1446 1 0 1 "Stealing"
0 100 13 147 82 1447 1 0 1 "Stealing"
0 100 13 147 82 1448 1 0 1 "Stealing"
0 101 13 148 82 1449 1 0 1 "Stealing"
0 101 13 148 82 1450 1 0 1 "Stealing"
0 101 13 148 82 1451 1 0 1 "Stealing"
0 102 13 149 82 1452 1 0 1 "Stealing"
0 102 13 149 82 1453 1 0 1 "Stealing"
0 103 13 149 82 1454 1 0 1 "Stealing"
0 103 13 150 82 1455 1 0 1 "Stealing"
0 103 13 150 82 1456 1 0 1 "Stealing"
0 104 13 151 82 1457 1 0 1 "Stealing"
0 104 13 151 82 1458 1 0 1 "Stealing"
0 105 13 151 82 1459 1 0 1 "Stealing"
0 105 13 152 82 1460 1 0 1 "Stealing"
0 105 13 152 82 1461 1 0 1 "Stealing"
0 106 13 153 82 1462 1 0 1 "Stealing"
0 106 13 153 82 1463 1 0 1 "Stealing"
0 107 13 153 82 1464 1 0 1 "Stealing"
0 107 13 154 82 1465 1 0 1 "Stealing"
0 107 13 154 82 1466 1 0 1 "Stealing"
0 108 13 155 82 1467 1 0 1 "Stealing"
0 108 13 155 82 1468 1 0 1 "Stealing"
0 109 13 155 82 1469 1 0 1 "Stealing"
0 109 13 156 82 1470 1 0 1 "Stealing"
0 109 13 156 82 1471 1 0 1 "Stealing"
0 110 13 157 82 1472 1 0 1 "Stealing"
0 110 13 157 82 1473 1 0 1 "Stealing"
0 111 13 157 82 1474 1 0 1 "Stealing"
0 111 13 158 82 1475 1 0 1 "Stealing"
0 111 13 158 82 1476 1 0 1 "Stealing"
0 112 13 158 82 1477 1 0 1 "Stealing"
0 112 13 159 82 1478 1 0 1 "Stealing"
0 113 13 159 82 1479 1 0 1 "Stealing"
0 113 13 160 82 1480 1 0 1 "Stealing"
0 113 13 160 82 1481 1 0 1 "Stealing"
0 114 13 160 82 1482 1 0 1 "Stealing"
0 114 13 161 82 1483 1 0 1 "Stealing"
0 115 13 161 82 1484 1 0 1 "Stealing"
0 115 13 162 82 1485 1 0 1 "Stealing"
0 115 13 162 82 1486 1 0 1 "Stealing"
0 116 13 162 82 1487 1 0 1 "Stealing"
0 116 13 163 82 1488 1 0 1 "Stealing"
0 117 13 163 82 1489 1 0 1 "Stealing"
0 117 13 164 82 1490 1 0 1 "Stealing"
0 117 13 164 82 1491 1 0 1 "Stealing"
0 118 13 164 82 1492 1 0 1 "Stealing"
0 118 13 165 82 1493 1 0 1 "Stealing"
0 118 13 165 82 1494 1 0 1 "Stealing"
0 119 13 166 82 1495 1 0 1 "Stealing"
0 119 13 166 82 1496 1 0 1 "Stealing"
0 120 13 166 82 1497 1 0 1 "Stealing"
0 120 13 167 82 1498 1 0 1 "Stealing"
0 120 13 167 82 1499 1 0 1 "Stealing"
0 121 13 167 82 1500 1 0 1 "Stealing"
0 121 13 168 82 1501 1 0 1 "Stealing"
0 122 13 168 82 1502 1 0 1 "Stealing"
0 122 13 169 82 1503 1 0 1 "Stealing"
0 122 13 169 82 1504 1 0 1 "Stealing"
0 123 13 169 82 1505 1 0 1 "Stealing"
0 123 13 170 82 1506 1 0 1 "Stealing"
0 124 13 170 82 1507 1 0 1 "Stealing"
0 124 13 171 82 1508 1 0 1 "Stealing"
0 124 13 171 82 1509 1 0 1 "Stealing"
0 125 13 171 82 1510 1 0 1 "Stealing"
0 125 13 172 82 1511 1 0 1 "Stealing"
0 126 13 172 82 1512 1 0 1 "Stealing"
0 126 13 173 82 1513 1 0 1 "Stealing"
0 126 13 173 82 1514 1 0 1 "Stealing"
0 127 13 173 82 1515 1 0 1 "Stealing"
0 127 13 174 82 1516 1 0 1 "Stealing"
0 128 13 174 82 1517 1 0 1 "Stealing"
0 128 13 175 82 1518 1 0 1 "Stealing"
0 128 13 175 82 1519 1 0 1 "Stealing"
0 129 13 175 82 1520 1 0 1 "Stealing"
0 129 13 176 82 1521 1 0 1 "Stealing"
0 130 13 176 82 1522 1 0 1 "Stealing"
0 130 13 176 82 1523 1 0 1 "Stealing"
0 130 13 177 82 1524 1 0 1 "Stealing"
0 131 13 177 82 1525 1 0 1 "Stealing"
0 131 13 178 82 1526 1 0 1 "Stealing"
0 132 13 178 82 1527 1 0 1 "Stealing"
0 132 13 178 82 1528 1 0 1 "Stealing"
0 132 13 179 82 1529 1 0 1 "Stealing"
0 133 13 179 82 1530 1 0 1 "Stealing"
0 133 13 180 82 1531 1 0 1 "Stealing"
0 134 13 180 82 1532 1 0 1 "Stealing"
0 134 13 180 82 1533 1 0 1 "Stealing"
0 134 13 181 82 1534 1 0 1 "Stealing"
0 135 13 181 82 1535 1 0 1 "Stealing"
0 135 13 182 82 1536 1 0 1 "Stealing"
0 135 13 182 82 1537 1 0 1 "Stealing"
0 136 13 182 82 1538 1 0 1 "Stealing"
0 136 13 183 82 1539 1 0 1 "Stealing"
0 137 13 183 82 1540 1 0 1 "Stealing"
0 137 13 184 82 1541 1 0 1 "Stealing"
0 137 13 184 82 1542 1 0 1 "Stealing"
0 138 13 184 82 1543 1 0 1 "Stealing"
0 138 13 185 82 1544 1 0 1 "Stealing"
0 139 13 185 82 1545 1 0 1 "Stealing"
0 139 13 185 82 1546 1 0 1 "Stealing"
0 139 13 186 82 1547 1 0 1 "Stealing"
0 140 13 186 82 1548 1 0 1 "Stealing"
0 140 13 187 82 1549 1 0 1 "Stealing"
0 141 13 187 82 1550 1 0 1 "Stealing"
0 141 13 187 82 1551 1 0 1 "Stealing"
0 141 13 188 82 1552 1 0 1 "Stealing"
0 142 13 188 82 1553 1 0 1 "Stealing"
0 142 13 189 82 1554 1 0 1 "Stealing"
0 143 13 189 82 1555 1 0 1 "Stealing"
0 143 13 189 82 1556 1 0 1 "Stealing"
0 143 13 190 82 1557 1 0 1 "Stealing"
0 144 13 190 82 1558 1 0 1 "Stealing"
0 144 13 191 82 1559 1 0 1 "Stealing"
0 145 13 191 82 1560 1 0 1 "Stealing"
0 145 13 191 82 1561 1 0 1 "Stealing"
0 145 13 192 82 1562 1 0 1 "Stealing"
0 146 13 192 82 1563 1 0 1 "Stealing"
0 146 14 193 82 1564 1 0 1 "Stealing"
0 147 14 193 81 1565 1 0 1 "Stealing"
0 147 14 193 81 1566 1 0 1 "Stealing"
0 147 14 194 81 1567 1 0 1 "Stealing"
0 148 14 194 81 1568 1 0 1 "Stealing"
0 148 14 194 81 1569 1 0 1 "Stealing"
0 149 14 195 81 1570 1 0 1 "Stealing"
0 149 14 195 81 1571 1 0 1 "Stealing"
0 149 14 196 81 1572 1 0 1 "Stealing"
0 150 14 196 81 1573 1 0 1 "Stealing"
0 150 14 196 81 1574 1 0 1 "Stealing"
0 151 14 197 81 1575 1 0 1 "Stealing"
0 151 14 197 81 1576 1 0 1 "Stealing"
0 151 14 198 81 1577 1 0 1 "Stealing"
0 152 14 198 81 1578 1 0 1 "Stealing"
0 152 14 198 81 1579 1 0 1 "Stealing"
0 152 14 199 81 1580 1 0 1 "Stealing"
0 153 14 199 81 1581 1 0 1 "Stealing"
0 153 14 200 81 1582 1 0 1 "Stealing"
0 154 14 200 81 1583 1 0 1 "Stealing"
0 154 14 200 81 1584 1 0 1 "Stealing"
0 154 14 201 81 1585 1 0 1 "Stealing"
0 155 14 201 81 1586 1 0 1 "Stealing"
0 155 14 202 81 1587 1 0 1 "Stealing"
0 156 14 202 81 1588 1 0 1 "Stealing"
0 156 14 202 81 1589 1 0 1 "Stealing"
0 156 14 203 81 1590 1 0 1 "Stealing"
0 157 14 203 81 1591 1 0 1 "Stealing"
0 157 14 203 81 1592 1 0 1 "Stealing"
0 158 14 204 81 1593 1 0 1 "Stealing"
0 158 14 204 81 1594 1 0 1 "Stealing"
0 158 14 205 81 1595 1 0 1 "Stealing"
0 159 14 205 81 1596 1 0 1 "Stealing"
0 159 14 205 81 1597 1 0 1 "Stealing"
0 160 14 206 81 1598 1 0 1 "Stealing"
0 160 14 206 81 1599 1 0 1 "Stealing"
0 160 14 207 81 1600 1 0 1 "Stealing"
0 161 14 207 81 1601 1 0 1 "Stealing"
0 161 14 207 81 1602 1 0 1 "Stealing"
0 162 14 208 81 1603 1 0 1 "Stealing"
0 162 14 208 81 1604 1 0 1 "Stealing"
0 162 14 209 81 1605 1 0 1 "Stealing"
0 163 14 209 81 1606 1 0 1 "Stealing"
0 163 14 209 81 1607 1 0 1 "Stealing"
0 164 14 210 81 1608 1 0 1 "Stealing"
0 164 14 210 81 1609 1 0 1 "Stealing"
0 164 14 211 81 1610 1 0 1 "Stealing"
0 165 14 211 81 1611 1 0 1 "Stealing"
0 165 14 211 81 1612 1 0 1 "Stealing"
0 166 14 212 81 1613 1 0 1 "Stealing"
0 166 14 212 81 1614 1 0 1 "Stealing"
0 166 14 212 81 1615 1 0 1 "Stealing"
0 167 14 213 81 1616 1 0 1 "Stealing"
0 167 14 213 81 1617 1 0 1 "Stealing"
0 168 14 214 81 1618 1 0 1 "Stealing"
0 168 14 214 81 1619 1 0 1 "Stealing"
0 168 14 214 81 1620 1 0 1 "Stealing"
0 169 14 215 81 1621 1 0 1 "Stealing"
0 169 14 215 81 1622 1 0 1 "Stealing"
0 169 14 216 81 1623 1 0 1 "Stealing"
0 170 14 216 81 1624 1 0 1 "Stealing"
0 170 14 216 81 1625 1 0 1 "Stealing"
0 171 14 217 81 1626 1 0 1 "Stealing"
0 171 14 217 81 1627 1 0 1 "Stealing"
0 171 14 218 81 1628 1 0 1 "Stealing"
0 172 14 218 81 1629 1 0 1 "Stealing"
0 172 14 218 81 1630 1 0 1 "Stealing"
0 173 14 219 81 1631 1 0 1 "Stealing"
0 173 14 219 81 1632 1 0 1 "Stealing"
0 173 14 220 81 1633 1 0 1 "Stealing"
0 174 14 220 81 1634 1 0 1 "Stealing"
0 174 14 220 81 1635 1 0 1 "Stealing"
0 175 14 221 81 1636 1 0 1 "Stealing"
0 175 14 221 81 1637 1 0 1 "Stealing"
0 175 14 221 81 1638 1 0 1 "Stealing"
0 176 14 222 81 1639 1 0 1 "Stealing"
0 176 14 222 81 1640 1 0 1 "Stealing"
0 177 14 223 81 1641 1 0 1 "Stealing"
0 177 14 223 81 1642 1 0 1 "Stealing"
0 177 14 223 81 1643 1 0 1 "Stealing"
0 178 14 224 81 1644 1 0 1 "Stealing"
0 178 14 224 81 1645 1 0 1 "Stealing"
0 179 14 225 81 1646 1 0 1 "Stealing"
0 179 14 225 81 1647 1 0 1 "Stealing"
0 179 14 225 81 1648 1 0 1 "Stealing"
0 180 14 226 81 1649 1 0 1 "Stealing"
0 180 14 226 81 1650 1 0 1 "Stealing"
0 181 14 227 81 1651 1 0 1 "Stealing"
0 181 14 227 81 1652 1 0 1 "Stealing"
0 181 14 227 81 1653 1 0 1 "Stealing"
0 182 14 228 81 1654 1 0 1 "Stealing"
0 182 14 228 81 1655 1 0 1 "Stealing"
0 183 14 229 81 1656 1 0 1 "Stealing"
0 183 14 229 81 1657 1 0 1 "Stealing"
0 183 14 229 81 1658 1 0 1 "Stealing"
0 184 14 230 81 1659 1 0 1 "Stealing"
0 184 14 230 81 1660 1 0 1 "Stealing"
0 185 14 230 81 1661 1 0 1 "Stealing"
0 185 14 231 81 1662 1 0 1 "Stealing"
0 185 14 231 81 1663 1 0 1 "Stealing"
0 186 14 232 81 1664 1 0 1 "Stealing"
0 186 14 232 81 1665 1 0 1 "Stealing"
0 187 14 232 81 1666 1 0 1 "Stealing"
0 187 14 233 81 1667 1 0 1 "Stealing"
0 187 14 233 81 1668 1 0 1 "Stealing"
0 188 14 234 81 1669 1 0 1 "Stealing"
0 188 14 234 81 1670 1 0 1 "Stealing"
0 188 14 234 81 1671 1 0 1 "Stealing"
0 189 14 235 81 1672 1 0 1 "Stealing"
0 189 14 235 81 1673 1 0 1 "Stealing"
0 190 14 236 81 1674 1 0 1 "Stealing"
0 190 14 236 81 1675 1 0 1 "Stealing"
0 190 14 236 81 1676 1 0 1 "Stealing"
0 191 14 237 81 1677 1 0 1 "Stealing"
0 191 14 237 81 1678 1 0 1 "Stealing"
0 192 14 238 81 1679 1 0 1 "Stealing"
0 192 14 238 81 1680 1 0 1 "Stealing"
0 192 14 238 81 1681 1 0 1 "Stealing"
0 193 14 239 81 1682 1 0 1 "Stealing"
0 193 14 239 81 1683 1 0 1 "Stealing"
0 194 14 239 81 1684 1 0 1 "Stealing"
0 194 14 240 81 1685 1 0 1 "Stealing"
0 194 14 240 81 1686 1 0 1 "Stealing"
0 195 14 241 81 1687 1 0 1 "Stealing"
0 195 14 241 81 1688 1 0 1 "Stealing"
0 196 14 241 81 1689 1 0 1 "Stealing"
0 196 14 242 81 1690 1 0 1 "Stealing"
0 196 14 242 81 1691 1 0 1 "Stealing"
0 197 14 243 81 1692 1 0 1 "Stealing"
0 197 14 243 81 1693 1 0 1 "Stealing"
0 198 14 243 81 1694 1 0 1 "Stealing"
0 198 14 244 81 1695 1 0 1 "Stealing"
0 198 14 244 81 1696 1 0 1 "Stealing"
0 199 14 245 81 1697 1 0 1 "Stealing"
0 199 14 245 81 1698 1 0 1 "Stealing"
0 200 14 245 81 1699 1 0 1 "Stealing"
0 200 14 246 81 1700 1 0 1 "Stealing"
0 200 14 246 81 1701 1 0 1 "Stealing"
0 201 14 247 81 1702 1 0 1 "Stealing"
0 201 14 247 81 1703 1 0 1 "Stealing"
0 202 14 247 81 1704 1 0 1 "Stealing"
0 202 14 248 81 1705 1 0 1 "Stealing"
0 202 14 248 81 1706 1 0 1 "Stealing"
0 203 14 248 81 1707 1 0 1 "Stealing"
0 203 14 249 81 1708 1 0 1 "Stealing"
0 204 14 249 81 1709 1 0 1 "Stealing"
0 204 14 250 81 1710 1 0 1 "Stealing"
0 204 14 250 81 1711 1 0 1 "Stealing"
0 205 14 250 81 1712 1 0 1 "Stealing"
0 205 14 251 81 1713 1 0 1 "Stealing"
0 205 14 251 81 1714 1 0 1 "Stealing"
0 206 14 252 81 1715 1 0 1 "Stealing"
0 206 14 252 81 1716 1 0 1 "Stealing"
0 207 14 252 81 1717 1 0 1 "Stealing"
0 207 14 253 81 1718 1 0 1 "Stealing"
0 207 14 253 81 1719 1 0 1 "Stealing"
0 208 14 254 81 1720 1 0 1 "Stealing"
0 208 14 254 81 1721 1 0 1 "Stealing"
0 209 14 254 81 1722 1 0 1 "Stealing"
0 209 14 255 81 1723 1 0 1 "Stealing"
0 209 14 255 81 1724 1 0 1 "Stealing"
0 210 15 256 81 1725 1 0 1 "Stealing"
0 210 15 256 80 1726 1 0 1 "Stealing"
0 211 15 256 80 1727 1 0 1 "Stealing"
0 211 15 257 80 1728 1 0 1 "Stealing"
0 211 15 257 80 1729 1 0 1 "Stealing"
0 212 15 257 80 1730 1 0 1 "Stealing"
0 212 15 258 80 1731 1 0 1 "Stealing"
0 213 15 258 80 1732 1 0 1 "Stealing"
0 213 15 259 80 1733 1 0 1 "Stealing"
0 213 15 259 80 1734 1 0 1 "Stealing"
0 214 15 259 80 1735 1 0 1 "Stealing"
0 214 15 260 80 1736 1 0 1 "Stealing"
0 215 15 260 80 1737 1 0 1 "Stealing"
0 215 15 261 80 1738 1 0 1 "Stealing"
0 215 15 261 80 1739 1 0 1 "Stealing"
0 216 15 261 80 1740 1 0 1 "Stealing"
0 216 15 262 80 1741 1 0 1 "Stealing"
0 217 15 262 80 1742 1 0 1 "Stealing"
0 217 15 263 80 1743 1 0 1 "Stealing"
0 217 15 263 80 1744 1 0 1 "Stealing"
0 218 15 263 80 1745 1 0 1 "Stealing"
0 218 15 264 80 1746 1 0 1 "Stealing"
0 219 15 264 80 1747 1 0 1 "Stealing"
0 219 15 265 80 1748 1 0 1 "Stealing"
0 219 15 265 80 1749 1 0 1 "Stealing"
0 220 15 265 80 1750 1 0 1 "Stealing"
0 220 15 266 80 1751 1 0 1 "Stealing"
0 221 15 266 80 1752 1 0 1 "Stealing"
0 221 15 266 80 1753 1 0 1 "Stealing"
0 221 15 267 80 1754 1 0 1 "Stealing"
0 222 15 267 80 1755 1 0 1 "Stealing"
0 222 15 268 80 1756 1 0 1 "Stealing"
0 222 15 268 80 1757 1 0 1 "Stealing"
0 223 15 268 80 1758 1 0 1 "Stealing"
0 223 15 269 80 1759 1 0 1 "Stealing"
0 224 15 269 80 1760 1 0 1 "Stealing"
0 224 15 270 80 1761 1 0 1 "Stealing"
0 224 15 270 80 1762 1 0 1 "Stealing"
0 225 15 270 80 1763 1 0 1 "Stealing"
0 225 15 271 80 1764 1 0 1 "Stealing"
0 226 15 271 80 1765 1 0 1 "Stealing"
0 226 15 272 80 1766 1 0 1 "Stealing"
0 226 15 272 80 1767 1 0 1 "Stealing"
0 227 15 272 80 1768 1 0 1 "Stealing"
0 227 15 273 80 1769 1 0 1 "Stealing"
0 228 15 273 80 1770 1 0 1 "Stealing"
0 228 15 274 80 1771 1 0 1 "Stealing"
0 228 15 274 80 1772 1 0 1 "Stealing"
0 229 15 274 80 1773 1 0 1 "Stealing"
0 229 15 275 80 1774 1 0 1 "Stealing"
0 230 15 275 80 1775 1 0 1 "Stealing"
0 230 15 275 80 1776 1 0 1 "Stealing"
0 230 15 276 80 1777 1 0 1 "Stealing"
0 231 15 276 80 1778 1 0 1 "Stealing"
0 231 15 277 80 1779 1 0 1 "Stealing"
0 232 15 277 80 1780 1 0 1 "Stealing"
0 232 15 277 80 1781 1 0 1 "Stealing"
0 232 15 278 80 1782 1 0 1 "Stealing"
0 233 15 278 80 1783 1 0 1 "Stealing"
0 233 15 279 80 1784 1 0 1 "Stealing"
0 234 15 279 80 1785 1 0 1 "Stealing"
0 234 15 279 80 1786 1 0 1 "Stealing"
0 234 15 280 80 1787 1 0 1 "Stealing"
0 235 15 280 80 1788 1 0 1 "Stealing"
0 235 15 281 80 1789 1 0 1 "Stealing"
0 236 15 281 80 1790 1 0 1 "Stealing"
0 236 15 281 80 1791 1 0 1 "Stealing"
0 236 15 282 80 1792 1 0 1 "Stealing"
0 237 15 282 80 1793 1 0 1 "Stealing"
0 237 15 283 80 1794 1 0 1 "Stealing"
0 238 15 283 80 1795 1 0 1 "Stealing"
0 238 15 283 80 1796 1 0 1 "Stealing"
0 238 15 284 80 1797 1 0 1 "Stealing"
0 239 15 284 80 1798 1 0 1 "Stealing"
0 239 15 284 80 1799 1 0 1 "Stealing"
0 239 15 285 80 1800 1 0 1 "Stealing"
0 240 15 285 80 1801 1 0 1 "Stealing"
0 240 15 286 80 1802 1 0 1 "Stealing"
0 241 15 286 80 1803 1 0 1 "Stealing"
0 241 15 286 80 1804 1 0 1 "Stealing"
0 241 15 287 80 1805 1 0 1 "Stealing"
0 242 15 287 80 1806 1 0 1 "Stealing"
0 242 15 288 80 1807 1 0 1 "Stealing"
0 243 15 288 80 1808 1 0 1 "Stealing"
0 243 15 288 80 1809 1 0 1 "Stealing"
0 243 15 289 80 1810 1 0 1 "Stealing"
0 244 15 289 80 1811 1 0 1 "Stealing"
0 244 15 290 80 1812 1 0 1 "Stealing"
0 245 15 290 80 1813 1 0 1 "Stealing"
0 245 15 290 80 1814 1 0 1 "Stealing"
0 245 15 291 80 1815 1 0 1 "Stealing"
0 246 15 291 80 1816 1 0 1 "Stealing"
0 246 15 292 80 1817 1 0 1 "Stealing"
0 247 15 292 80 1818 1 0 1 "Stealing"
0 247 15 292 80 1819 1 0 1 "Stealing"
0 247 15 293 80 1820 1 0 1 "Stealing"
0 248 15 293 80 1821 1 0 1 "Stealing"
0 248 15 293 80 1822 1 0 1 "Stealing"
0 249 15 294 80 1823 1 0 1 "Stealing"
0 249 15 294 80 1824 1 0 1 "Stealing"
0 249 15 295 80 1825 1 0 1 "Stealing"
0 250 15 295 80 1826 1 0 1 "Stealing"
0 250 15 295 80 1827 1 0 1 "Stealing"
0 251 15 296 80 1828 1 0 1 "Stealing"
0 251 15 296 80 1829 1 0 1 "Stealing"
0 251 15 297 80 1830 1 0 1 "Stealing"
0 252 15 297 80 1831 1 0 1 "Stealing"
0 252 15 297 80 1832 1 0 1 "Stealing"
0 253 15 298 80 1833 1 0 1 "Stealing"
0 253 15 298 80 1834 1 0 1 "Stealing"
0 253 15 299 80 1835 1 0 1 "Stealing"
0 254 15 299 80 1836 1 0 1 "Stealing"
0 254 15 299 80 1837 1 0 1 "Stealing"
0 255 15 300 80 1838 1 0 1 "Stealing"
0 255 15 300 80 1839 1 0 1 "Stealing"
0 255 15 301 80 1840 1 0 1 "Stealing"
0 256 15 301 80 1841 1 0 1 "Stealing"
0 256 15 301 80 1842 1 0 1 "Stealing"
0 256 15 302 80 1843 1 0 1 "Stealing"
0 257 15 302 80 1844 1 0 1 "Stealing"
0 257 15 302 80 1845 1 0 1 "Stealing"
0 258 15 303 80 1846 1 0 1 "Stealing"
0 258 15 303 80 1847 1 0 1 "Stealing"
0 258 15 304 80 1848 1 0 1 "Stealing"
0 259 15 304 80 1849 1 0 1 "Stealing"
0 259 15 304 80 1850 1 0 1 "Stealing"
0 260 15 305 80 1851 1 0 1 "Stealing"
0 260 15 305 80 1852 1 0 1 "Stealing"
0 260 15 306 80 1853 1 0 1 "Stealing"
0 261 15 306 80 1854 1 0 1 "Stealing"
0 261 15 306 80 1855 1 0 1 "Stealing"
0 262 15 307 80 1856 1 0 1 "Stealing"
0 262 15 307 80 1857 1 0 1 "Stealing"
0 262 15 308 80 1858 1 0 1 "Stealing"
0 263 15 308 80 1859 1 0 1 "Stealing"
0 263 15 308 80 1860 1 0 1 "Stealing"
0 264 15 309 80 1861 1 0 1 "Stealing"
0 264 15 309 80 1862 1 0 1 "Stealing"
0 264 15 310 80 1863 1 0 1 "Stealing"
0 265 15 310 80 1864 1 0 1 "Stealing"
0 265 15 310 80 1865 1 0 1 "Stealing"
0 266 15 311 80 1866 1 0 1 "Stealing"
0 266 15 311 80 1867 1 0 1 "Stealing"
0 266 15 311 80 1868 1 0 1 "Stealing"
0 267 15 312 80 1869 1 0 1 "Stealing"
0 267 15 312 80 1870 1 0 1 "Stealing"
0 268 15 313 80 1871 1 0 1 "Stealing"
0 268 15 313 80 1872 1 0 1 "Stealing"
0 268 15 313 80 1873 1 0 1 "Stealing"
0 269 15 314 80 1874 1 0 1 "Stealing"
0 269 15 314 80 1875 1 0 1 "Stealing"
0 270 15 315 80 1876 1 0 1 "Stealing"
0 270 15 315 80 1877 1 0 1 "Stealing"
0 270 15 315 80 1878 1 0 1 "Stealing"
0 271 15 316 80 1879 1 0 1 "Stealing"
0 271 15 316 80 1880 1 0 1 "Stealing"
0 272 15 317 80 1881 1 0 1 "Stealing"
0 272 15 317 80 1882 1 0 1 "Stealing"
0 272 15 317 80 1883 1 0 1 "Stealing"
0 273 15 318 80 1884 1 0 1 "Stealing"
0 273 15 318 80 1885 1 0 1 "Stealing"
0 274 16 319 80 1886 1 0 0 "Stealing"
