0 213 97 271 210 0 1 0 0 "Stealing"
0 213 97 271 210 1 1 0 1 "Stealing"
0 213 97 271 210 2 1 0 1 "Stealing"
0 213 97 271 210 3 1 0 1 "Stealing"
0 213 97 271 210 4 1 0 1 "Stealing"
0 213 97 271 210 5 1 0 1 "Stealing"
0 213 97 271 210 6 1 0 1 "Stealing"
0 213 97 271 210 7 1 0 1 "Stealing"
0 213 97 271 210 8 1 0 1 "Stealing"
0 213 97 271 210 9 1 0 1 "Stealing"
0 213 97 271 210 10 1 0 1 "Stealing"
0 213 97 271 210 11 1 0 1 "Stealing"
0 213 97 271 210 12 1 0 1 "Stealing"
0 213 97 271 210 13 1 0 1 "Stealing"
0 213 97 271 210 14 1 0 1 "Stealing"
0 213 97 271 210 15 1 0 1 "Stealing"
0 213 97 271 210 16 1 0 1 "Stealing"
0 213 97 271 210 17 1 0 1 "Stealing"
0 213 97 271 210 18 1 0 1 "Stealing"
0 213 97 271 210 19 1 0 1 "Stealing"
0 213 97 271 210 20 1 0 1 "Stealing"
0 213 97 271 210 21 1 0 1 "Stealing"
0 213 97 271 210 22 1 0 1 "Stealing"
0 213 97 271 210 23 1 0 1 "Stealing"
0 213 97 271 210 24 1 0 1 "Stealing"
0 213 97 271 210 25 1 0 1 "Stealing"
0 213 97 271 210 26 1 0 1 "Stealing"
0 213 97 271 210 27 1 0 1 "Stealing"
0 213 97 271 210 28 1 0 1 "Stealing"
0 213 97 271 210 29 1 0 1 "Stealing"
0 213 97 271 210 30 1 0 1 "Stealing"
0 213 97 271 210 31 1 0 1 "Stealing"
0 213 97 271 210 32 1 0 1 "Stealing"
0 213 97 271 210 33 1 0 1 "Stealing"
0 213 97 271 210 34 1 0 1 "Stealing"
0 213 97 271 210 35 1 0 1 "Stealing"
0 213 97 271 210 36 1 0 1 "Stealing"
0 213 97 271 210 37 1 0 1 "Stealing"
0 213 97 271 210 38 1 0 1 "Stealing"
0 213 97 271 210 39 1 0 1 "Stealing"
0 213 97 271 210 40 1 0 1 "Stealing"
0 213 97 271 210 41 1 0 1 "Stealing"
0 213 97 271 210 42 1 0 1 "Stealing"
0 213 97 271 210 43 1 0 1 "Stealing"
0 213 97 271 210 44 1 0 1 "Stealing"
0 213 97 271 210 45 1 0 1 "Stealing"
0 213 97 271 210 46 1 0 1 "Stealing"
0 213 97 271 210 47 1 0 1 "Stealing"
0 213 97 271 210 48 1 0 1 "Stealing"
0 213 97 271 210 49 1 0 1 "Stealing"
0 213 97 271 210 50 1 0 1 "Stealing"
0 213 97 271 210 51 1 0 1 "Stealing"
0 213 97 271 210 52 1 0 1 "Stealing"
0 213 97 271 210 53 1 0 1 "Stealing"
0 213 97 271 210 54 1 0 1 "Stealing"
0 213 97 271 210 55 1 0 1 "Stealing"
0 213 97 271 210 56 1 0 1 "Stealing"
0 213 97 271 210 57 1 0 1 "Stealing"
0 213 97 271 210 58 1 0 1 "Stealing"
0 213 97 271 210 59 1 0 1 "Stealing"
0 213 97 271 210 60 1 0 1 "Stealing"
0 213 97 271 210 61 1 0 1 "Stealing"
0 213 97 271 210 62 1 0 1 "Stealing"
0 213 97 271 210 63 1 0 1 "Stealing"
0 213 97 271 210 64 1 0 1 "Stealing"
0 213 97 271 210 65 1 0 1 "Stealing"
0 213 97 271 210 66 1 0 1 "Stealing"
0 213 97 271 210 67 1 0 1 "Stealing"
0 213 97 271 210 68 1 0 1 "Stealing"
0 213 97 271 210 69 1 0 1 "Stealing"
0 213 97 271 210 70 1 0 1 "Stealing"
0 213 97 271 210 71 1 0 1 "Stealing"
0 213 97 271 210 72 1 0 1 "Stealing"
0 213 97 271 210 73 1 0 1 "Stealing"
0 213 97 271 210 74 1 0 1 "Stealing"
0 213 97 271 210 75 1 0 1 "Stealing"
0 213 97 271 210 76 1 0 1 "Stealing"
0 213 97 271 210 77 1 0 1 "Stealing"
0 213 97 271 210 78 1 0 1 "Stealing"
0 213 97 271 210 79 1 0 1 "Stealing"
0 213 97 271 210 80 1 0 1 "Stealing"
0 213 97 271 210 81 1 0 1 "Stealing"
0 213 97 271 210 82 1 0 1 "Stealing"
0 213 97 271 210 83 1 0 1 "Stealing"
0 213 97 271 210 84 1 0 1 "Stealing"
0 213 97 271 210 85 1 0 1 "Stealing"
0 213 97 271 210 86 1 0 1 "Stealing"
0 213 97 271 210 87 1 0 1 "Stealing"
0 213 97 271 210 88 1 0 1 "Stealing"
0 213 97 271 210 89 1 0 1 "Stealing"
0 213 97 271 210 90 1 0 1 "Stealing"
0 213 97 271 210 91 1 0 1 "Stealing"
0 213 97 271 210 92 1 0 1 "Stealing"
0 213 97 271 210 93 1 0 1 "Stealing"
0 213 97 271 210 94 1 0 1 "Stealing"
0 213 97 271 210 95 1 0 1 "Stealing"
0 213 97 271 210 96 1 0 1 "Stealing"
0 213 97 271 210 97 1 0 1 "Stealing"
0 213 97 271 210 98 1 0 1 "Stealing"
0 213 97 271 210 99 1 0 1 "Stealing"
0 213 97 271 210 100 1 0 1 "Stealing"
0 213 97 271 210 101 1 0 1 "Stealing"
0 213 97 271 210 102 1 0 1 "Stealing"
0 213 97 271 210 103 1 0 1 "Stealing"
0 213 97 271 210 104 1 0 1 "Stealing"
0 213 97 271 210 105 1 0 1 "Stealing"
0 213 97 271 210 106 1 0 1 "Stealing"
0 213 97 271 210 107 1 0 1 "Stealing"
0 213 97 271 210 108 1 0 1 "Stealing"
0 213 97 271 210 109 1 0 1 "Stealing"
0 213 97 271 210 110 1 0 1 "Stealing"
0 213 97 271 210 111 1 0 1 "Stealing"
0 213 97 271 210 112 1 0 1 "Stealing"
0 213 97 271 210 113 1 0 1 "Stealing"
0 213 97 271 210 114 1 0 1 "Stealing"
0 213 97 271 210 115 1 0 1 "Stealing"
0 213 97 271 210 116 1 0 1 "Stealing"
0 213 97 271 210 117 1 0 1 "Stealing"
0 213 97 271 210 118 1 0 1 "Stealing"
0 213 97 271 210 119 1 0 1 "Stealing"
0 213 97 271 210 120 1 0 1 "Stealing"
0 213 97 271 210 121 1 0 1 "Stealing"
0 213 97 271 210 122 1 0 1 "Stealing"
0 213 97 271 210 123 1 0 1 "Stealing"
0 213 97 271 210 124 1 0 1 "Stealing"
0 213 97 271 210 125 1 0 1 "Stealing"
0 213 97 271 210 126 1 0 1 "Stealing"
0 213 97 271 210 127 1 0 1 "Stealing"
0 213 97 271 210 128 1 0 1 "Stealing"
0 213 97 271 210 129 1 0 1 "Stealing"
0 213 97 271 210 130 1 0 1 "Stealing"
0 213 97 271 210 131 1 0 1 "Stealing"
0 213 97 271 210 132 1 0 1 "Stealing"
0 213 97 271 210 133 1 0 1 "Stealing"
0 213 97 271 210 134 1 0 1 "Stealing"
0 213 97 271 210 135 1 0 1 "Stealing"
0 213 97 271 210 136 1 0 1 "Stealing"
0 213 97 271 210 137 1 0 1 "Stealing"
0 213 97 271 210 138 1 0 1 "Stealing"
0 213 97 271 210 139 1 0 1 "Stealing"
0 213 97 271 210 140 1 0 1 "Stealing"
0 213 97 271 210 141 1 0 1 "Stealing"
0 213 97 271 210 142 1 0 1 "Stealing"
0 213 97 271 210 143 1 0 1 "Stealing"
0 213 97 271 210 144 1 0 1 "Stealing"
0 213 97 271 210 145 1 0 1 "Stealing"
0 213 97 271 210 146 1 0 1 "Stealing"
0 213 97 271 210 147 1 0 1 "Stealing"
0 213 97 271 210 148 1 0 1 "Stealing"
0 213 97 271 210 149 1 0 1 "Stealing"
0 213 97 271 210 150 1 0 1 "Stealing"
0 213 97 271 210 151 1 0 1 "Stealing"
0 213 97 271 210 152 1 0 1 "Stealing"
0 213 97 271 210 153 1 0 1 "Stealing"
0 213 97 271 210 154 1 0 1 "Stealing"
0 213 97 271 210 155 1 0 1 "Stealing"
0 213 97 271 210 156 1 0 1 "Stealing"
0 213 97 271 210 157 1 0 1 "Stealing"
0 213 97 271 210 158 1 0 1 "Stealing"
0 213 97 271 210 159 1 0 1 "Stealing"
0 213 97 271 210 160 1 0 1 "Stealing"
0 213 97 271 210 161 1 0 1 "Stealing"
0 213 97 271 210 162 1 0 1 "Stealing"
0 213 97 271 210 163 1 0 1 "Stealing"
0 213 97 271 210 164 1 0 1 "Stealing"
0 213 97 271 210 165 1 0 1 "Stealing"
0 213 97 271 210 166 1 0 1 "Stealing"
0 213 97 271 210 167 1 0 1 "Stealing"
0 213 97 271 210 168 1 0 1 "Stealing"
0 213 97 271 210 169 1 0 1 "Stealing"
0 213 97 271 210 170 1 0 1 "Stealing"
0 213 97 271 210 171 1 0 1 "Stealing"
0 213 97 271 210 172 1 0 1 "Stealing"
0 213 97 271 210 173 1 0 1 "Stealing"
0 213 97 271 210 174 1 0 1 "Stealing"
0 213 97 271 210 175 1 0 1 "Stealing"
0 213 97 271 210 176 1 0 1 "Stealing"
0 213 97 271 210 177 1 0 1 "Stealing"
0 213 97 271 210 178 1 0 1 "Stealing"
0 213 97 271 210 179 1 0 1 "Stealing"
0 213 97 271 210 180 1 0 1 "Stealing"
0 213 97 271 210 181 1 0 1 "Stealing"
0 213 97 271 210 182 1 0 1 "Stealing"
0 213 97 271 210 183 1 0 1 "Stealing"
0 213 97 271 210 184 1 0 1 "Stealing"
0 213 97 271 210 185 1 0 1 "Stealing"
0 213 97 271 210 186 1 0 1 "Stealing"
0 213 97 271 210 187 1 0 1 "Stealing"
0 213 97 271 210 188 1 0 1 "Stealing"
0 213 97 271 210 189 1 0 1 "Stealing"
0 213 97 271 210 190 1 0 1 "Stealing"
0 213 97 271 210 191 1 0 1 "Stealing"
0 213 97 271 210 192 1 0 1 "Stealing"
0 213 97 271 210 193 1 0 1 "Stealing"
0 213 97 271 210 194 1 0 1 "Stealing"
0 213 97 271 210 195 1 0 1 "Stealing"
0 213 97 271 210 196 1 0 1 "Stealing"
0 213 97 271 210 197 1 0 1 "Stealing"
0 213 97 271 210 198 1 0 1 "Stealing"
0 213 97 271 210 199 1 0 1 "Stealing"
0 213 97 271 210 200 1 0 1 "Stealing"
0 213 97 271 210 201 1 0 1 "Stealing"
0 213 97 271 210 202 1 0 1 "Stealing"
0 213 97 271 210 203 1 0 1 "Stealing"
0 213 97 271 210 204 1 0 1 "Stealing"
0 213 97 271 210 205 1 0 1 "Stealing"
0 213 97 271 210 206 1 0 1 "Stealing"
0 213 97 271 210 207 1 0 1 "Stealing"
0 213 97 271 210 208 1 0 1 "Stealing"
0 213 97 271 210 209 1 0 1 "Stealing"
0 213 97 271 210 210 1 0 1 "Stealing"
0 213 97 271 210 211 1 0 1 "Stealing"
0 213 97 271 210 212 1 0 1 "Stealing"
0 213 97 271 210 213 1 0 1 "Stealing"
0 213 97 271 210 214 1 0 1 "Stealing"
0 213 97 271 210 215 1 0 1 "Stealing"
0 213 97 271 210 216 1 0 1 "Stealing"
0 213 97 271 210 217 1 0 1 "Stealing"
0 213 97 271 210 218 1 0 1 "Stealing"
0 213 97 271 210 219 1 0 1 "Stealing"
0 213 97 271 210 220 1 0 1 "Stealing"
0 213 97 271 210 221 1 0 1 "Stealing"
0 213 97 271 210 222 1 0 1 "Stealing"
0 213 97 271 210 223 1 0 1 "Stealing"
0 213 97 271 210 224 1 0 1 "Stealing"
0 213 97 271 210 225 1 0 1 "Stealing"
0 213 97 271 210 226 1 0 1 "Stealing"
0 213 97 271 210 227 1 0 1 "Stealing"
0 213 97 271 210 228 1 0 1 "Stealing"
0 213 97 271 210 229 1 0 1 "Stealing"
0 213 97 271 210 230 1 0 1 "Stealing"
0 213 97 271 210 231 1 0 1 "Stealing"
0 213 97 271 210 232 1 0 1 "Stealing"
0 213 97 271 210 233 1 0 1 "Stealing"
0 213 97 271 210 234 1 0 1 "Stealing"
0 213 97 271 210 235 1 0 1 "Stealing"
0 213 97 271 210 236 1 0 1 "Stealing"
0 213 97 271 210 237 1 0 1 "Stealing"
0 213 97 271 210 238 1 0 1 "Stealing"
0 213 97 271 210 239 1 0 1 "Stealing"
0 213 97 271 210 240 1 0 1 "Stealing"
0 213 97 271 210 241 1 0 1 "Stealing"
0 213 97 271 210 242 1 0 1 "Stealing"
0 213 97 271 210 243 1 0 1 "Stealing"
0 213 97 271 210 244 0 0 0 "Stealing"
0 210 95 270 209 245 0 0 1 "Stealing"
0 207 94 270 209 246 0 0 1 "Stealing"
0 204 93 270 209 247 0 0 1 "Stealing"
0 201 92 270 209 248 0 0 1 "Stealing"
0 198 91 270 209 249 0 0 1 "Stealing"
0 196 89 270 209 250 0 0 1 "Stealing"
0 193 88 270 209 251 0 0 1 "Stealing"
0 190 87 270 209 252 0 0 1 "Stealing"
0 187 86 270 209 253 0 0 1 "Stealing"
0 184 85 270 209 254 0 0 1 "Stealing"
0 182 84 270 209 255 0 0 0 "Stealing"
0 181 84 271 209 256 0 0 1 "Stealing"
0 181 84 272 209 257 0 0 1 "Stealing"
0 181 84 273 209 258 0 0 1 "Stealing"
0 181 84 274 209 259 0 0 1 "Stealing"
0 181 85 276 209 260 0 0 1 "Stealing"
0 180 85 277 209 261 0 0 1 "Stealing"
0 180 85 278 209 262 0 0 1 "Stealing"
0 180 85 279 209 263 0 0 1 "Stealing"
0 180 85 280 209 264 0 0 1 "Stealing"
0 180 86 282 210 265 0 0 0 "Stealing"
0 179 86 282 210 266 0 0 1 "Stealing"
0 179 86 282 210 267 0 0 1 "Stealing"
0 179 86 283 210 268 0 0 1 "Stealing"
0 179 86 283 210 269 0 0 1 "Stealing"
0 179 86 283 210 270 0 0 1 "Stealing"
0 178 86 284 210 271 0 0 1 "Stealing"
0 178 86 284 210 272 0 0 1 "Stealing"
0 178 86 284 210 273 0 0 1 "Stealing"
0 178 86 285 210 274 0 0 1 "Stealing"
0 178 86 285 210 275 0 0 1 "Stealing"
0 178 86 286 210 276 0 0 1 "Stealing"
0 177 86 286 210 277 0 0 1 "Stealing"
0 177 86 286 210 278 0 0 1 "Stealing"
0 177 86 287 210 279 0 0 1 "Stealing"
0 177 86 287 210 280 0 0 1 "Stealing"
0 177 86 287 210 281 0 0 1 "Stealing"
0 176 86 288 210 282 0 0 1 "Stealing"
0 176 86 288 210 283 0 0 1 "Stealing"
0 176 86 288 210 284 0 0 1 "Stealing"
0 176 86 289 210 285 0 0 1 "Stealing"
0 176 86 289 210 286 0 0 1 "Stealing"
0 176 87 290 210 287 0 0 0 "Stealing"
0 175 87 289 209 288 0 0 1 "Stealing"
0 175 87 289 209 289 0 0 1 "Stealing"
0 175 88 289 209 290 0 0 1 "Stealing"
0 175 88 289 209 291 0 0 1 "Stealing"
0 175 89 289 209 292 0 0 1 "Stealing"
0 175 89 289 209 293 0 0 1 "Stealing"
0 175 89 289 209 294 0 0 1 "Stealing"
0 175 90 289 209 295 0 0 1 "Stealing"
0 175 90 289 209 296 0 0 1 "Stealing"
0 175 91 289 209 297 0 0 1 "Stealing"
0 175 91 288 209 298 0 0 1 "Stealing"
0 175 92 288 209 299 0 0 1 "Stealing"
0 175 92 288 209 300 0 0 1 "Stealing"
0 175 92 288 209 301 0 0 1 "Stealing"
0 175 93 288 209 302 0 0 1 "Stealing"
0 174 93 288 209 303 0 0 1 "Stealing"
0 174 94 288 209 304 0 0 1 "Stealing"
0 174 94 288 209 305 0 0 1 "Stealing"
0 174 94 288 209 306 0 0 1 "Stealing"
0 174 95 288 209 307 0 0 1 "Stealing"
0 174 95 287 209 308 0 0 1 "Stealing"
0 174 96 287 209 309 0 0 1 "Stealing"
0 174 96 287 209 310 0 0 1 "Stealing"
0 174 97 287 209 311 0 0 1 "Stealing"
0 174 97 287 209 312 0 0 1 "Stealing"
0 174 97 287 209 313 0 0 1 "Stealing"
0 174 98 287 209 314 0 0 1 "Stealing"
0 174 98 287 209 315 0 0 1 "Stealing"
0 174 99 287 209 316 0 0 1 "Stealing"
0 174 99 287 209 317 0 0 1 "Stealing"
0 174 100 287 209 318 0 0 0 "Stealing"
0 173 100 286 209 319 0 0 1 "Stealing"
0 172 100 285 209 320 0 0 1 "Stealing"
0 172 100 285 209 321 0 0 1 "Stealing"
0 171 100 284 209 322 0 0 1 "Stealing"
0 171 100 284 209 323 0 0 1 "Stealing"
0 170 100 283 209 324 0 0 1 "Stealing"
0 169 100 282 209 325 0 0 1 "Stealing"
0 169 100 282 209 326 0 0 1 "Stealing"
0 168 100 281 209 327 0 0 1 "Stealing"
0 168 100 281 209 328 0 0 0 "Stealing"
0 168 100 280 208 329 0 0 1 "Stealing"
0 168 100 280 208 330 0 0 1 "Stealing"
0 169 100 279 208 331 0 0 1 "Stealing"
0 169 100 279 208 332 0 0 1 "Stealing"
0 170 100 279 208 333 0 0 1 "Stealing"
0 170 100 278 208 334 0 0 1 "Stealing"
0 170 100 278 208 335 0 0 1 "Stealing"
0 171 100 277 208 336 0 0 1 "Stealing"
0 171 100 277 208 337 0 0 1 "Stealing"
0 172 100 277 208 338 0 0 0 "Stealing"
0 171 99 276 207 339 0 0 1 "Stealing"
0 171 99 276 207 340 0 0 1 "Stealing"
0 171 99 276 207 341 0 0 1 "Stealing"
0 171 99 276 207 342 0 0 1 "Stealing"
0 171 99 276 207 343 0 0 1 "Stealing"
0 170 99 275 207 344 0 0 1 "Stealing"
0 170 99 275 207 345 0 0 1 "Stealing"
0 170 99 275 207 346 0 0 1 "Stealing"
0 170 99 275 207 347 0 0 1 "Stealing"
0 170 99 275 207 348 0 0 0 "Stealing"
0 170 98 274 207 349 0 0 1 "Stealing"
0 170 97 274 207 350 0 0 1 "Stealing"
0 170 96 274 207 351 0 0 1 "Stealing"
0 170 95 274 207 352 0 0 1 "Stealing"
0 170 95 274 207 353 0 0 1 "Stealing"
0 170 94 274 207 354 0 0 1 "Stealing"
0 170 93 274 207 355 0 0 1 "Stealing"
0 170 92 274 207 356 0 0 1 "Stealing"
0 170 91 274 207 357 0 0 1 "Stealing"
0 170 91 274 207 358 0 0 0 "Stealing"
0 170 91 273 206 359 0 0 1 "Stealing"
0 170 91 272 206 360 0 0 1 "Stealing"
0 170 91 271 206 361 0 0 1 "Stealing"
0 170 91 270 206 362 0 0 1 "Stealing"
0 170 91 269 206 363 0 0 1 "Stealing"
0 170 91 268 206 364 0 0 1 "Stealing"
0 170 91 267 206 365 0 0 1 "Stealing"
0 170 91 266 206 366 0 0 1 "Stealing"
0 170 91 265 206 367 0 0 1 "Stealing"
0 170 91 264 206 368 0 0 0 "Stealing"
0 169 90 263 205 369 0 0 1 "Stealing"
0 168 90 262 205 370 0 0 1 "Stealing"
0 168 89 262 204 371 0 0 1 "Stealing"
0 167 89 261 204 372 0 0 1 "Stealing"
0 167 89 261 204 373 0 0 1 "Stealing"
0 166 88 260 203 374 0 0 1 "Stealing"
0 165 88 259 203 375 0 0 1 "Stealing"
0 165 87 259 202 376 0 0 1 "Stealing"
0 164 87 258 202 377 0 0 1 "Stealing"
0 164 87 258 202 378 0 0 0 "Stealing"
0 163 86 257 201 379 0 0 1 "Stealing"
0 162 86 256 201 380 0 0 1 "Stealing"
0 161 86 256 201 381 0 0 1 "Stealing"
0 160 86 255 201 382 0 0 1 "Stealing"
0 160 86 255 201 383 0 0 1 "Stealing"
0 159 86 254 200 384 0 0 1 "Stealing"
0 158 86 253 200 385 0 0 1 "Stealing"
0 157 86 253 200 386 0 0 1 "Stealing"
0 156 86 252 200 387 0 0 1 "Stealing"
0 156 86 252 200 388 0 0 0 "Stealing"
0 156 85 252 199 389 0 0 1 "Stealing"
0 156 85 252 199 390 0 0 1 "Stealing"
0 156 85 252 199 391 0 0 1 "Stealing"
0 156 85 252 199 392 0 0 1 "Stealing"
0 156 85 253 199 393 0 0 1 "Stealing"
0 156 85 253 198 394 0 0 1 "Stealing"
0 156 85 253 198 395 0 0 1 "Stealing"
0 156 85 253 198 396 0 0 1 "Stealing"
0 156 85 253 198 397 0 0 1 "Stealing"
0 156 85 254 198 398 0 0 0 "Stealing"
0 155 84 253 198 399 0 0 1 "Stealing"
0 155 84 253 198 400 0 0 1 "Stealing"
0 155 84 252 198 401 0 0 1 "Stealing"
0 154 84 252 198 402 0 0 1 "Stealing"
0 154 84 252 198 403 0 0 1 "Stealing"
0 154 84 251 198 404 0 0 1 "Stealing"
0 153 84 251 198 405 0 0 1 "Stealing"
0 153 84 250 198 406 0 0 1 "Stealing"
0 153 84 250 198 407 0 0 1 "Stealing"
0 153 84 250 199 408 0 0 0 "Stealing"
0 152 83 249 199 409 0 0 1 "Stealing"
0 152 83 249 200 410 0 0 1 "Stealing"
0 151 82 248 200 411 0 0 1 "Stealing"
0 151 82 248 201 412 0 0 1 "Stealing"
0 151 81 247 202 413 0 0 1 "Stealing"
0 150 81 247 202 414 0 0 1 "Stealing"
0 150 80 246 203 415 0 0 1 "Stealing"
0 149 80 246 203 416 0 0 1 "Stealing"
0 149 79 245 204 417 0 0 1 "Stealing"
0 149 79 245 205 418 0 0 0 "Stealing"
0 149 78 244 205 419 0 0 1 "Stealing"
0 149 78 244 205 420 0 0 1 "Stealing"
0 149 77 244 205 421 0 0 1 "Stealing"
0 149 77 244 205 422 0 0 1 "Stealing"
0 149 77 244 205 423 0 0 1 "Stealing"
0 149 76 244 205 424 0 0 1 "Stealing"
0 149 76 244 205 425 0 0 1 "Stealing"
0 149 75 244 205 426 0 0 1 "Stealing"
0 149 75 244 205 427 0 0 1 "Stealing"
0 149 75 244 205 428 0 0 0 "Stealing"
0 149 76 243 205 429 0 0 1 "Stealing"
0 149 77 243 205 430 0 0 1 "Stealing"
0 149 78 243 205 431 0 0 1 "Stealing"
0 149 80 243 205 432 0 0 1 "Stealing"
0 149 81 243 205 433 0 0 1 "Stealing"
0 149 82 243 205 434 0 0 1 "Stealing"
0 149 84 243 205 435 0 0 1 "Stealing"
0 149 85 243 205 436 0 0 1 "Stealing"
0 149 86 243 205 437 0 0 1 "Stealing"
0 149 88 243 205 438 0 0 0 "Stealing"
0 149 90 239 205 439 0 0 1 "Stealing"
0 149 92 236 205 440 0 0 1 "Stealing"
0 149 94 233 205 441 0 0 1 "Stealing"
0 149 96 229 205 442 0 0 1 "Stealing"
0 149 99 226 206 443 0 0 1 "Stealing"
0 149 101 223 206 444 0 0 1 "Stealing"
0 149 103 219 206 445 0 0 1 "Stealing"
0 149 105 216 206 446 0 0 1 "Stealing"
0 149 107 213 206 447 0 0 1 "Stealing"
0 149 110 210 207 448 0 0 0 "Stealing"
0 150 110 210 207 449 0 0 1 "Stealing"
0 151 111 211 207 450 0 0 1 "Stealing"
0 152 112 212 207 451 0 0 1 "Stealing"
0 153 113 213 207 452 0 0 1 "Stealing"
0 154 114 214 208 453 0 0 1 "Stealing"
0 155 115 215 208 454 0 0 1 "Stealing"
0 156 116 216 208 455 0 0 1 "Stealing"
0 157 117 217 208 456 0 0 1 "Stealing"
0 158 118 218 208 457 0 0 1 "Stealing"
0 159 119 219 209 458 0 0 0 "Stealing"
0 160 119 220 209 459 0 0 1 "Stealing"
0 161 120 221 209 460 0 0 1 "Stealing"
0 162 121 222 209 461 0 0 1 "Stealing"
0 164 122 223 209 462 0 0 1 "Stealing"
0 165 123 225 209 463 0 0 1 "Stealing"
0 166 123 226 209 464 0 0 1 "Stealing"
0 168 124 227 209 465 0 0 1 "Stealing"
0 169 125 228 209 466 0 0 1 "Stealing"
0 170 126 229 209 467 0 0 1 "Stealing"
0 172 127 231 209 468 1 0 0 "Stealing"
0 172 128 230 209 469 1 0 1 "Stealing"
0 172 130 230 209 470 1 0 1 "Stealing"
0 172 131 230 209 471 1 0 1 "Stealing"
0 172 133 230 209 472 1 0 1 "Stealing"
0 172 134 230 209 473 1 0 1 "Stealing"
0 172 136 230 209 474 1 0 1 "Stealing"
0 172 137 229 209 475 1 0 1 "Stealing"
0 172 139 229 209 476 1 0 1 "Stealing"
0 172 140 229 209 477 1 0 1 "Stealing"
0 172 142 229 209 478 1 0 1 "Stealing"
0 172 143 229 209 479 1 0 1 "Stealing"
0 172 145 229 209 480 1 0 0 "Stealing"
0 172 145 229 209 481 1 0 1 "Stealing"
0 172 145 229 209 482 1 0 1 "Stealing"
0 172 145 229 209 483 1 0 1 "Stealing"
0 172 145 229 209 484 1 0 1 "Stealing"
0 172 145 229 209 485 1 0 1 "Stealing"
0 172 145 229 209 486 1 0 1 "Stealing"
0 172 145 229 209 487 1 0 1 "Stealing"
0 172 145 229 209 488 1 0 1 "Stealing"
0 172 145 229 209 489 1 0 1 "Stealing"
0 172 145 229 209 490 1 0 1 "Stealing"
0 172 145 229 209 491 1 0 1 "Stealing"
0 172 145 229 209 492 1 0 1 "Stealing"
0 172 145 229 209 493 1 0 1 "Stealing"
0 172 145 229 209 494 1 0 1 "Stealing"
0 172 145 229 209 495 1 0 1 "Stealing"
0 172 145 229 209 496 1 0 1 "Stealing"
0 172 145 229 209 497 1 0 1 "Stealing"
0 172 145 229 209 498 1 0 1 "Stealing"
0 172 145 229 209 499 1 0 1 "Stealing"
0 172 145 229 209 500 1 0 1 "Stealing"
0 172 145 229 209 501 1 0 1 "Stealing"
0 172 145 229 209 502 1 0 1 "Stealing"
0 172 145 229 209 503 1 0 1 "Stealing"
0 172 145 229 209 504 1 0 1 "Stealing"
0 172 145 229 209 505 1 0 1 "Stealing"
0 172 145 229 209 506 1 0 1 "Stealing"
0 172 145 229 209 507 1 0 1 "Stealing"
0 172 145 229 209 508 1 0 1 "Stealing"
0 172 145 229 209 509 1 0 1 "Stealing"
0 172 145 229 209 510 1 0 1 "Stealing"
0 172 145 229 209 511 1 0 1 "Stealing"
0 172 145 229 209 512 1 0 1 "Stealing"
0 172 145 229 209 513 1 0 1 "Stealing"
0 172 145 229 209 514 1 0 1 "Stealing"
0 172 145 229 209 515 1 0 1 "Stealing"
0 172 145 229 209 516 1 0 1 "Stealing"
0 172 145 229 209 517 1 0 1 "Stealing"
0 172 145 229 209 518 1 0 1 "Stealing"
0 172 145 229 209 519 1 0 1 "Stealing"
0 172 145 229 209 520 1 0 1 "Stealing"
0 172 145 229 209 521 1 0 1 "Stealing"
0 172 145 229 209 522 1 0 1 "Stealing"
0 172 145 229 209 523 1 0 1 "Stealing"
0 172 145 229 209 524 1 0 1 "Stealing"
0 172 145 229 209 525 1 0 1 "Stealing"
0 172 145 229 209 526 1 0 1 "Stealing"
0 172 145 229 209 527 1 0 1 "Stealing"
0 172 145 229 209 528 1 0 1 "Stealing"
0 172 145 229 209 529 1 0 1 "Stealing"
0 172 145 229 209 530 1 0 1 "Stealing"
0 172 145 229 209 531 1 0 1 "Stealing"
0 172 145 229 209 532 1 0 1 "Stealing"
0 172 145 229 209 533 1 0 1 "Stealing"
0 172 145 229 209 534 1 0 1 "Stealing"
0 172 145 229 209 535 1 0 1 "Stealing"
0 172 145 229 209 536 1 0 1 "Stealing"
0 172 145 229 209 537 1 0 1 "Stealing"
0 172 145 229 209 538 1 0 1 "Stealing"
0 172 145 229 209 539 1 0 1 "Stealing"
0 172 145 229 209 540 1 0 1 "Stealing"
0 172 145 229 209 541 1 0 1 "Stealing"
0 172 145 229 209 542 1 0 1 "Stealing"
0 172 145 229 209 543 1 0 1 "Stealing"
0 172 145 229 209 544 1 0 1 "Stealing"
0 172 145 229 209 545 1 0 1 "Stealing"
0 172 145 229 209 546 1 0 1 "Stealing"
0 172 145 229 209 547 1 0 1 "Stealing"
0 172 145 229 209 548 1 0 1 "Stealing"
0 172 145 229 209 549 1 0 1 "Stealing"
0 172 145 229 209 550 1 0 1 "Stealing"
0 172 145 229 209 551 1 0 1 "Stealing"
0 172 145 229 209 552 1 0 1 "Stealing"
0 172 145 229 209 553 1 0 1 "Stealing"
0 172 145 229 209 554 1 0 1 "Stealing"
0 172 145 229 209 555 1 0 1 "Stealing"
0 172 145 229 209 556 1 0 1 "Stealing"
0 172 145 229 209 557 1 0 1 "Stealing"
0 172 145 229 209 558 1 0 1 "Stealing"
0 172 145 229 209 559 1 0 1 "Stealing"
0 172 145 229 209 560 1 0 1 "Stealing"
0 172 145 229 209 561 1 0 1 "Stealing"
0 172 145 229 209 562 1 0 1 "Stealing"
0 172 145 229 209 563 1 0 1 "Stealing"
0 172 145 229 209 564 1 0 1 "Stealing"
0 172 145 229 209 565 1 0 1 "Stealing"
0 172 145 229 209 566 1 0 1 "Stealing"
0 172 145 229 209 567 1 0 1 "Stealing"
0 172 145 229 209 568 1 0 1 "Stealing"
0 172 145 229 209 569 1 0 1 "Stealing"
0 172 145 229 209 570 1 0 1 "Stealing"
0 172 145 229 209 571 1 0 1 "Stealing"
0 172 145 229 209 572 1 0 1 "Stealing"
0 172 145 229 209 573 1 0 1 "Stealing"
0 172 145 229 209 574 1 0 1 "Stealing"
0 172 145 229 209 575 1 0 1 "Stealing"
0 172 145 229 209 576 1 0 1 "Stealing"
0 172 145 229 209 577 1 0 1 "Stealing"
0 172 145 229 209 578 1 0 1 "Stealing"
0 172 145 229 209 579 1 0 1 "Stealing"
0 172 145 229 209 580 1 0 1 "Stealing"
0 172 145 229 209 581 1 0 1 "Stealing"
0 172 145 229 209 582 1 0 1 "Stealing"
0 172 145 229 209 583 1 0 1 "Stealing"
0 172 145 229 209 584 1 0 1 "Stealing"
0 172 145 229 209 585 1 0 1 "Stealing"
0 172 145 229 209 586 1 0 1 "Stealing"
0 172 145 229 209 587 1 0 1 "Stealing"
0 172 145 229 209 588 1 0 1 "Stealing"
0 172 145 229 209 589 1 0 1 "Stealing"
0 172 145 229 209 590 1 0 1 "Stealing"
0 172 145 229 209 591 1 0 1 "Stealing"
0 172 145 229 209 592 1 0 1 "Stealing"
0 172 145 229 209 593 1 0 1 "Stealing"
0 172 145 229 209 594 1 0 1 "Stealing"
0 172 145 229 209 595 1 0 1 "Stealing"
0 172 145 229 209 596 1 0 1 "Stealing"
0 172 145 229 209 597 1 0 1 "Stealing"
0 172 145 229 209 598 1 0 0 "Stealing"
