0 84 171 151 219 0 1 0 0 "Stealing"
0 84 171 151 219 1 1 0 1 "Stealing"
0 84 171 151 219 2 1 0 1 "Stealing"
0 84 171 151 219 3 1 0 1 "Stealing"
0 84 171 151 219 4 1 0 1 "Stealing"
0 84 171 151 219 5 1 0 1 "Stealing"
0 84 171 151 219 6 1 0 1 "Stealing"
0 84 171 151 219 7 1 0 1 "Stealing"
0 84 171 151 219 8 1 0 1 "Stealing"
0 84 171 151 219 9 1 0 1 "Stealing"
0 84 171 151 219 10 1 0 1 "Stealing"
0 84 171 151 219 11 1 0 1 "Stealing"
0 84 171 151 219 12 1 0 1 "Stealing"
0 84 171 151 219 13 1 0 1 "Stealing"
0 84 171 151 219 14 1 0 1 "Stealing"
0 84 171 151 219 15 1 0 1 "Stealing"
0 84 171 151 219 16 1 0 1 "Stealing"
0 84 171 151 219 17 1 0 1 "Stealing"
0 84 171 151 219 18 1 0 1 "Stealing"
0 84 171 151 219 19 1 0 1 "Stealing"
0 84 171 151 219 20 1 0 1 "Stealing"
0 84 171 151 219 21 1 0 1 "Stealing"
0 84 171 151 219 22 1 0 1 "Stealing"
0 84 171 151 219 23 1 0 1 "Stealing"
0 84 171 151 219 24 1 0 1 "Stealing"
0 84 171 151 219 25 1 0 1 "Stealing"
0 84 171 151 219 26 1 0 1 "Stealing"
0 84 171 151 219 27 1 0 1 "Stealing"
0 84 171 151 219 28 1 0 1 "Stealing"
0 84 171 151 219 29 1 0 1 "Stealing"
0 84 171 151 219 30 1 0 1 "Stealing"
0 84 171 151 219 31 1 0 1 "Stealing"
0 84 171 151 219 32 1 0 1 "Stealing"
0 84 171 151 219 33 1 0 1 "Stealing"
0 84 171 151 219 34 1 0 1 "Stealing"
0 84 171 151 219 35 1 0 1 "Stealing"
0 84 171 151 219 36 1 0 1 "Stealing"
0 84 171 151 219 37 1 0 1 "Stealing"
0 84 171 151 219 38 1 0 1 "Stealing"
0 84 171 151 219 39 1 0 1 "Stealing"
0 84 171 151 219 40 1 0 1 "Stealing"
0 84 171 151 219 41 1 0 1 "Stealing"
0 84 171 151 219 42 1 0 1 "Stealing"
0 84 171 151 219 43 1 0 1 "Stealing"
0 84 171 151 219 44 1 0 1 "Stealing"
0 84 171 151 219 45 1 0 1 "Stealing"
0 84 171 151 219 46 1 0 1 "Stealing"
0 84 171 151 219 47 1 0 1 "Stealing"
0 84 171 151 219 48 1 0 1 "Stealing"
0 84 171 151 219 49 1 0 1 "Stealing"
0 84 171 151 219 50 1 0 1 "Stealing"
0 84 171 151 219 51 1 0 1 "Stealing"
0 84 171 151 219 52 1 0 1 "Stealing"
0 84 171 151 219 53 1 0 1 "Stealing"
0 84 171 151 219 54 1 0 1 "Stealing"
0 84 171 151 219 55 1 0 1 "Stealing"
0 84 171 151 219 56 1 0 1 "Stealing"
0 84 171 151 219 57 1 0 1 "Stealing"
0 84 171 151 219 58 1 0 1 "Stealing"
0 84 171 151 219 59 1 0 1 "Stealing"
0 84 171 151 219 60 1 0 1 "Stealing"
0 84 171 151 219 61 1 0 1 "Stealing"
0 84 171 151 219 62 1 0 1 "Stealing"
0 84 171 151 219 63 1 0 1 "Stealing"
0 84 171 151 219 64 1 0 1 "Stealing"
0 84 171 151 219 65 1 0 1 "Stealing"
0 84 171 151 219 66 1 0 1 "Stealing"
0 84 171 151 219 67 1 0 1 "Stealing"
0 84 171 151 219 68 1 0 1 "Stealing"
0 84 171 151 219 69 1 0 1 "Stealing"
0 84 171 151 219 70 1 0 1 "Stealing"
0 84 171 151 219 71 1 0 1 "Stealing"
0 84 171 151 219 72 1 0 1 "Stealing"
0 84 171 151 219 73 1 0 1 "Stealing"
0 84 171 151 219 74 1 0 1 "Stealing"
0 84 171 151 219 75 1 0 1 "Stealing"
0 84 171 151 219 76 1 0 1 "Stealing"
0 84 171 151 219 77 1 0 1 "Stealing"
0 84 171 151 219 78 1 0 1 "Stealing"
0 84 171 151 219 79 1 0 1 "Stealing"
0 84 171 151 219 80 1 0 1 "Stealing"
0 84 171 151 219 81 1 0 1 "Stealing"
0 84 171 151 219 82 1 0 1 "Stealing"
0 84 171 151 219 83 1 0 1 "Stealing"
0 84 171 151 219 84 1 0 1 "Stealing"
0 84 171 151 219 85 1 0 1 "Stealing"
0 84 171 151 219 86 1 0 1 "Stealing"
0 84 171 151 219 87 1 0 1 "Stealing"
0 84 171 151 219 88 1 0 1 "Stealing"
0 84 171 151 219 89 1 0 1 "Stealing"
0 84 171 151 219 90 1 0 1 "Stealing"
0 84 171 151 219 91 1 0 1 "Stealing"
0 84 171 151 219 92 1 0 1 "Stealing"
0 84 171 151 219 93 1 0 1 "Stealing"
0 84 171 151 219 94 1 0 1 "Stealing"
0 84 171 151 219 95 1 0 1 "Stealing"
0 84 171 151 219 96 1 0 1 "Stealing"
0 84 171 151 219 97 1 0 1 "Stealing"
0 84 171 151 219 98 1 0 1 "Stealing"
0 84 171 151 219 99 1 0 1 "Stealing"
0 84 171 151 219 100 1 0 1 "Stealing"
0 84 171 151 219 101 1 0 1 "Stealing"
0 84 171 151 219 102 1 0 1 "Stealing"
0 84 171 151 219 103 1 0 1 "Stealing"
0 84 171 151 219 104 1 0 1 "Stealing"
0 84 171 151 219 105 1 0 1 "Stealing"
0 84 171 151 219 106 1 0 1 "Stealing"
0 84 171 151 219 107 1 0 1 "Stealing"
0 84 171 151 219 108 1 0 1 "Stealing"
0 84 171 151 219 109 1 0 1 "Stealing"
0 84 171 151 219 110 1 0 1 "Stealing"
0 84 171 151 219 111 1 0 1 "Stealing"
0 84 171 151 219 112 1 0 1 "Stealing"
0 84 171 151 219 113 1 0 1 "Stealing"
0 84 171 151 219 114 1 0 1 "Stealing"
0 84 171 151 219 115 1 0 1 "Stealing"
0 84 171 151 219 116 1 0 1 "Stealing"
0 84 171 151 219 117 1 0 1 "Stealing"
0 84 171 151 219 118 1 0 1 "Stealing"
0 84 171 151 219 119 1 0 1 "Stealing"
0 84 171 151 219 120 1 0 1 "Stealing"
0 84 171 151 219 121 1 0 1 "Stealing"
0 84 171 151 219 122 1 0 1 "Stealing"
0 84 171 151 219 123 1 0 1 "Stealing"
0 84 171 151 219 124 1 0 1 "Stealing"
0 84 171 151 219 125 1 0 1 "Stealing"
0 84 171 151 219 126 1 0 1 "Stealing"
0 84 171 151 219 127 1 0 1 "Stealing"
0 84 171 151 219 128 1 0 1 "Stealing"
0 84 171 151 219 129 1 0 1 "Stealing"
0 84 171 151 219 130 1 0 1 "Stealing"
0 84 171 151 219 131 1 0 1 "Stealing"
0 84 171 151 219 132 1 0 1 "Stealing"
0 84 171 151 219 133 1 0 1 "Stealing"
0 84 171 151 219 134 1 0 1 "Stealing"
0 84 171 151 219 135 1 0 1 "Stealing"
0 84 171 151 219 136 1 0 1 "Stealing"
0 84 171 151 219 137 1 0 1 "Stealing"
0 84 171 151 219 138 1 0 1 "Stealing"
0 84 171 151 219 139 1 0 1 "Stealing"
0 84 171 151 219 140 1 0 1 "Stealing"
0 84 171 151 219 141 1 0 1 "Stealing"
0 84 171 151 219 142 1 0 1 "Stealing"
0 84 171 151 219 143 1 0 1 "Stealing"
0 84 171 151 219 144 1 0 1 "Stealing"
0 84 171 151 219 145 1 0 1 "Stealing"
0 84 171 151 219 146 1 0 1 "Stealing"
0 84 171 151 219 147 1 0 1 "Stealing"
0 84 171 151 219 148 1 0 1 "Stealing"
0 84 171 151 219 149 1 0 1 "Stealing"
0 84 171 151 219 150 1 0 1 "Stealing"
0 84 171 151 219 151 1 0 1 "Stealing"
0 84 171 151 219 152 1 0 1 "Stealing"
0 84 171 151 219 153 1 0 1 "Stealing"
0 84 171 151 219 154 1 0 1 "Stealing"
0 84 171 151 219 155 1 0 1 "Stealing"
0 84 171 151 219 156 1 0 1 "Stealing"
0 84 171 151 219 157 1 0 1 "Stealing"
0 84 171 151 219 158 1 0 1 "Stealing"
0 84 171 151 219 159 1 0 1 "Stealing"
0 84 171 151 219 160 1 0 1 "Stealing"
0 84 171 151 219 161 1 0 1 "Stealing"
0 84 171 151 219 162 1 0 1 "Stealing"
0 84 171 151 219 163 1 0 1 "Stealing"
0 84 171 151 219 164 1 0 1 "Stealing"
0 84 171 151 219 165 1 0 1 "Stealing"
0 84 171 151 219 166 1 0 1 "Stealing"
0 84 171 151 219 167 1 0 1 "Stealing"
0 84 171 151 219 168 1 0 1 "Stealing"
0 84 171 151 219 169 1 0 1 "Stealing"
0 84 171 151 219 170 1 0 1 "Stealing"
0 84 171 151 219 171 1 0 1 "Stealing"
0 84 171 151 219 172 1 0 1 "Stealing"
0 84 171 151 219 173 1 0 1 "Stealing"
0 84 171 151 219 174 1 0 1 "Stealing"
0 84 171 151 219 175 1 0 1 "Stealing"
0 84 171 151 219 176 1 0 1 "Stealing"
0 84 171 151 219 177 1 0 1 "Stealing"
0 84 171 151 219 178 1 0 1 "Stealing"
0 84 171 151 219 179 1 0 1 "Stealing"
0 84 171 151 219 180 1 0 1 "Stealing"
0 84 171 151 219 181 1 0 1 "Stealing"
0 84 171 151 219 182 1 0 1 "Stealing"
0 84 171 151 219 183 1 0 1 "Stealing"
0 84 171 151 219 184 1 0 1 "Stealing"
0 84 171 151 219 185 1 0 1 "Stealing"
0 84 171 151 219 186 1 0 1 "Stealing"
0 84 171 151 219 187 1 0 1 "Stealing"
0 84 171 151 219 188 1 0 1 "Stealing"
0 84 171 151 219 189 1 0 1 "Stealing"
0 84 171 151 219 190 1 0 1 "Stealing"
0 84 171 151 219 191 1 0 1 "Stealing"
0 84 171 151 219 192 1 0 1 "Stealing"
0 84 171 151 219 193 1 0 1 "Stealing"
0 84 171 151 219 194 1 0 1 "Stealing"
0 84 171 151 219 195 1 0 1 "Stealing"
0 84 171 151 219 196 1 0 1 "Stealing"
0 84 171 151 219 197 1 0 1 "Stealing"
0 84 171 151 219 198 1 0 1 "Stealing"
0 84 171 151 219 199 1 0 1 "Stealing"
0 84 171 151 219 200 1 0 1 "Stealing"
0 84 171 151 219 201 1 0 1 "Stealing"
0 84 171 151 219 202 1 0 1 "Stealing"
0 84 171 151 219 203 1 0 1 "Stealing"
0 84 171 151 219 204 1 0 1 "Stealing"
0 84 171 151 219 205 1 0 1 "Stealing"
0 84 171 151 219 206 1 0 1 "Stealing"
0 84 171 151 219 207 1 0 1 "Stealing"
0 84 171 151 219 208 1 0 1 "Stealing"
0 84 171 151 219 209 1 0 1 "Stealing"
0 84 171 151 219 210 1 0 1 "Stealing"
0 84 171 151 219 211 1 0 1 "Stealing"
0 84 171 151 219 212 1 0 1 "Stealing"
0 84 171 151 219 213 1 0 1 "Stealing"
0 84 171 151 219 214 1 0 1 "Stealing"
0 84 171 151 219 215 1 0 1 "Stealing"
0 84 171 151 219 216 1 0 1 "Stealing"
0 84 171 151 219 217 1 0 1 "Stealing"
0 84 171 151 219 218 1 0 1 "Stealing"
0 84 171 151 219 219 1 0 1 "Stealing"
0 84 171 151 219 220 1 0 1 "Stealing"
0 84 171 151 219 221 1 0 1 "Stealing"
0 84 171 151 219 222 1 0 1 "Stealing"
0 84 171 151 219 223 1 0 1 "Stealing"
0 84 171 151 219 224 1 0 1 "Stealing"
0 84 171 151 219 225 1 0 1 "Stealing"
0 84 171 151 219 226 1 0 1 "Stealing"
0 84 171 151 219 227 1 0 1 "Stealing"
0 84 171 151 219 228 1 0 1 "Stealing"
0 84 171 151 219 229 1 0 1 "Stealing"
0 84 171 151 219 230 1 0 1 "Stealing"
0 84 171 151 219 231 1 0 1 "Stealing"
0 84 171 151 219 232 1 0 1 "Stealing"
0 84 171 151 219 233 1 0 1 "Stealing"
0 84 171 151 219 234 1 0 1 "Stealing"
0 84 171 151 219 235 1 0 1 "Stealing"
0 84 171 151 219 236 1 0 1 "Stealing"
0 84 171 151 219 237 1 0 1 "Stealing"
0 84 171 151 219 238 1 0 1 "Stealing"
0 84 171 151 219 239 1 0 1 "Stealing"
0 84 171 151 219 240 1 0 1 "Stealing"
0 84 171 151 219 241 1 0 1 "Stealing"
0 84 171 151 219 242 1 0 1 "Stealing"
0 84 171 151 219 243 1 0 1 "Stealing"
0 84 171 151 219 244 1 0 1 "Stealing"
0 84 171 151 219 245 1 0 1 "Stealing"
0 84 171 151 219 246 1 0 1 "Stealing"
0 84 171 151 219 247 1 0 1 "Stealing"
0 84 171 151 219 248 1 0 1 "Stealing"
0 84 171 151 219 249 1 0 1 "Stealing"
0 84 171 151 219 250 1 0 1 "Stealing"
0 84 171 151 219 251 1 0 1 "Stealing"
0 84 171 151 219 252 1 0 1 "Stealing"
0 84 171 151 219 253 1 0 1 "Stealing"
0 84 171 151 219 254 1 0 1 "Stealing"
0 84 171 151 219 255 1 0 1 "Stealing"
0 84 171 151 219 256 1 0 1 "Stealing"
0 84 171 151 219 257 1 0 1 "Stealing"
0 84 171 151 219 258 1 0 1 "Stealing"
0 84 171 151 219 259 1 0 1 "Stealing"
0 84 171 151 219 260 1 0 1 "Stealing"
0 84 171 151 219 261 1 0 1 "Stealing"
0 84 171 151 219 262 1 0 1 "Stealing"
0 84 171 151 219 263 1 0 1 "Stealing"
0 84 171 151 219 264 1 0 1 "Stealing"
0 84 171 151 219 265 1 0 1 "Stealing"
0 84 171 151 219 266 1 0 1 "Stealing"
0 84 171 151 219 267 1 0 1 "Stealing"
0 84 171 151 219 268 1 0 1 "Stealing"
0 84 171 151 219 269 1 0 1 "Stealing"
0 84 171 151 219 270 1 0 1 "Stealing"
0 84 171 151 219 271 1 0 1 "Stealing"
0 84 171 151 219 272 1 0 1 "Stealing"
0 84 171 151 219 273 1 0 1 "Stealing"
0 84 171 151 219 274 1 0 1 "Stealing"
0 84 171 151 219 275 1 0 1 "Stealing"
0 84 171 151 219 276 1 0 1 "Stealing"
0 84 171 151 219 277 1 0 1 "Stealing"
0 84 171 151 219 278 1 0 1 "Stealing"
0 84 171 151 219 279 1 0 1 "Stealing"
0 84 171 151 219 280 1 0 1 "Stealing"
0 84 171 151 219 281 1 0 1 "Stealing"
0 84 171 151 219 282 1 0 1 "Stealing"
0 84 171 151 219 283 1 0 1 "Stealing"
0 84 171 151 219 284 1 0 1 "Stealing"
0 84 171 151 219 285 1 0 1 "Stealing"
0 84 171 151 219 286 1 0 1 "Stealing"
0 84 171 151 219 287 1 0 1 "Stealing"
0 84 171 151 219 288 1 0 1 "Stealing"
0 84 171 151 219 289 1 0 1 "Stealing"
0 84 171 151 219 290 1 0 1 "Stealing"
0 84 171 151 219 291 1 0 1 "Stealing"
0 84 171 151 219 292 1 0 1 "Stealing"
0 84 171 151 219 293 1 0 1 "Stealing"
0 84 171 151 219 294 1 0 1 "Stealing"
0 84 171 151 219 295 1 0 1 "Stealing"
0 84 171 151 219 296 1 0 1 "Stealing"
0 84 171 151 219 297 1 0 1 "Stealing"
0 84 171 151 219 298 1 0 1 "Stealing"
0 84 171 151 219 299 1 0 1 "Stealing"
0 84 171 151 219 300 1 0 1 "Stealing"
0 84 171 151 219 301 1 0 1 "Stealing"
0 84 171 151 219 302 1 0 1 "Stealing"
0 84 171 151 219 303 1 0 1 "Stealing"
0 84 171 151 219 304 1 0 1 "Stealing"
0 84 171 151 219 305 1 0 1 "Stealing"
0 84 171 151 219 306 1 0 1 "Stealing"
0 84 171 151 219 307 1 0 1 "Stealing"
0 84 171 151 219 308 1 0 1 "Stealing"
0 84 171 151 219 309 1 0 1 "Stealing"
0 84 171 151 219 310 1 0 1 "Stealing"
0 84 171 151 219 311 1 0 1 "Stealing"
0 84 171 151 219 312 1 0 1 "Stealing"
0 84 171 151 219 313 1 0 1 "Stealing"
0 84 171 151 219 314 1 0 1 "Stealing"
0 84 171 151 219 315 1 0 1 "Stealing"
0 84 171 151 219 316 1 0 1 "Stealing"
0 84 171 151 219 317 1 0 1 "Stealing"
0 84 171 151 219 318 1 0 1 "Stealing"
0 84 171 151 219 319 1 0 1 "Stealing"
0 84 171 151 219 320 1 0 1 "Stealing"
0 84 171 151 219 321 1 0 1 "Stealing"
0 84 171 151 219 322 1 0 1 "Stealing"
0 84 171 151 219 323 1 0 1 "Stealing"
0 84 171 151 219 324 1 0 1 "Stealing"
0 84 171 151 219 325 1 0 1 "Stealing"
0 84 171 151 219 326 1 0 1 "Stealing"
0 84 171 151 219 327 1 0 1 "Stealing"
0 84 171 151 219 328 1 0 1 "Stealing"
0 84 171 151 219 329 1 0 1 "Stealing"
0 84 171 151 219 330 1 0 1 "Stealing"
0 84 171 151 219 331 1 0 1 "Stealing"
0 84 171 151 219 332 1 0 1 "Stealing"
0 84 171 151 219 333 1 0 1 "Stealing"
0 84 171 151 219 334 1 0 1 "Stealing"
0 84 171 151 219 335 1 0 1 "Stealing"
0 84 171 151 219 336 1 0 1 "Stealing"
0 84 171 151 219 337 1 0 1 "Stealing"
0 84 171 151 219 338 1 0 1 "Stealing"
0 84 171 151 219 339 1 0 1 "Stealing"
0 84 171 151 219 340 1 0 1 "Stealing"
0 84 171 151 219 341 1 0 1 "Stealing"
0 84 171 151 219 342 1 0 1 "Stealing"
0 84 171 151 219 343 1 0 1 "Stealing"
0 84 171 151 219 344 1 0 1 "Stealing"
0 84 171 151 219 345 1 0 1 "Stealing"
0 84 171 151 219 346 1 0 1 "Stealing"
0 84 171 151 219 347 1 0 1 "Stealing"
0 84 171 151 219 348 1 0 1 "Stealing"
0 84 171 151 219 349 1 0 1 "Stealing"
0 84 171 151 219 350 1 0 1 "Stealing"
0 84 171 151 219 351 1 0 1 "Stealing"
0 84 171 151 219 352 1 0 1 "Stealing"
0 84 171 151 219 353 1 0 1 "Stealing"
0 84 171 151 219 354 1 0 1 "Stealing"
0 84 171 151 219 355 1 0 1 "Stealing"
0 84 171 151 219 356 1 0 1 "Stealing"
0 84 171 151 219 357 1 0 1 "Stealing"
0 84 171 151 219 358 1 0 1 "Stealing"
0 84 171 151 219 359 1 0 1 "Stealing"
0 84 171 151 219 360 1 0 1 "Stealing"
0 84 171 151 219 361 1 0 1 "Stealing"
0 84 171 151 219 362 1 0 1 "Stealing"
0 84 171 151 219 363 1 0 1 "Stealing"
0 84 171 151 219 364 1 0 1 "Stealing"
0 84 171 151 219 365 1 0 1 "Stealing"
0 84 171 151 219 366 1 0 1 "Stealing"
0 84 171 151 219 367 1 0 1 "Stealing"
0 84 171 151 219 368 1 0 1 "Stealing"
0 84 171 151 219 369 1 0 1 "Stealing"
0 84 171 151 219 370 1 0 1 "Stealing"
0 84 171 151 219 371 1 0 1 "Stealing"
0 84 171 151 219 372 1 0 1 "Stealing"
0 84 171 151 219 373 1 0 1 "Stealing"
0 84 171 151 219 374 1 0 1 "Stealing"
0 84 171 151 219 375 1 0 1 "Stealing"
0 84 171 151 219 376 1 0 1 "Stealing"
0 84 171 151 219 377 1 0 1 "Stealing"
0 84 171 151 219 378 1 0 1 "Stealing"
0 84 171 151 219 379 1 0 1 "Stealing"
0 84 171 151 219 380 1 0 1 "Stealing"
0 84 171 151 219 381 1 0 1 "Stealing"
0 84 171 151 219 382 1 0 1 "Stealing"
0 84 171 151 219 383 1 0 1 "Stealing"
0 84 171 151 219 384 1 0 1 "Stealing"
0 84 171 151 219 385 1 0 1 "Stealing"
0 84 171 151 219 386 1 0 1 "Stealing"
0 84 171 151 219 387 1 0 1 "Stealing"
0 84 171 151 219 388 1 0 1 "Stealing"
0 84 171 151 219 389 1 0 1 "Stealing"
0 84 171 151 219 390 1 0 1 "Stealing"
0 84 171 151 219 391 1 0 1 "Stealing"
0 84 171 151 219 392 1 0 1 "Stealing"
0 84 171 151 219 393 1 0 1 "Stealing"
0 84 171 151 219 394 1 0 1 "Stealing"
0 84 171 151 219 395 1 0 1 "Stealing"
0 84 171 151 219 396 1 0 1 "Stealing"
0 84 171 151 219 397 1 0 1 "Stealing"
0 84 171 151 219 398 1 0 1 "Stealing"
0 84 171 151 219 399 1 0 1 "Stealing"
0 84 171 151 219 400 1 0 1 "Stealing"
0 84 171 151 219 401 1 0 1 "Stealing"
0 84 171 151 219 402 1 0 1 "Stealing"
0 84 171 151 219 403 1 0 1 "Stealing"
0 84 171 151 219 404 1 0 1 "Stealing"
0 84 171 151 219 405 1 0 1 "Stealing"
0 84 171 151 219 406 1 0 1 "Stealing"
0 84 171 151 219 407 1 0 1 "Stealing"
0 84 171 151 219 408 1 0 1 "Stealing"
0 84 171 151 219 409 1 0 1 "Stealing"
0 84 171 151 219 410 1 0 1 "Stealing"
0 84 171 151 219 411 1 0 1 "Stealing"
0 84 171 151 219 412 1 0 1 "Stealing"
0 84 171 151 219 413 1 0 1 "Stealing"
0 84 171 151 219 414 1 0 1 "Stealing"
0 84 171 151 219 415 1 0 1 "Stealing"
0 84 171 151 219 416 1 0 1 "Stealing"
0 84 171 151 219 417 1 0 1 "Stealing"
0 84 171 151 219 418 1 0 1 "Stealing"
0 84 171 151 219 419 1 0 1 "Stealing"
0 84 171 151 219 420 1 0 1 "Stealing"
0 84 171 151 219 421 1 0 1 "Stealing"
0 84 171 151 219 422 1 0 1 "Stealing"
0 84 171 151 219 423 1 0 1 "Stealing"
0 84 171 151 219 424 1 0 1 "Stealing"
0 84 171 151 219 425 1 0 1 "Stealing"
0 84 171 151 219 426 1 0 1 "Stealing"
0 84 171 151 219 427 1 0 1 "Stealing"
0 84 171 151 219 428 1 0 1 "Stealing"
0 84 171 151 219 429 1 0 1 "Stealing"
0 84 171 151 219 430 1 0 1 "Stealing"
0 84 171 151 219 431 1 0 1 "Stealing"
0 84 171 151 219 432 1 0 1 "Stealing"
0 84 171 151 219 433 1 0 1 "Stealing"
0 84 171 151 219 434 1 0 1 "Stealing"
0 84 171 151 219 435 1 0 1 "Stealing"
0 84 171 151 219 436 1 0 1 "Stealing"
0 84 171 151 219 437 1 0 1 "Stealing"
0 84 171 151 219 438 1 0 1 "Stealing"
0 84 171 151 219 439 1 0 1 "Stealing"
0 84 171 151 219 440 1 0 1 "Stealing"
0 84 171 151 219 441 1 0 1 "Stealing"
0 84 171 151 219 442 1 0 1 "Stealing"
0 84 171 151 219 443 1 0 1 "Stealing"
0 84 171 151 219 444 1 0 1 "Stealing"
0 84 171 151 219 445 1 0 1 "Stealing"
0 84 171 151 219 446 1 0 1 "Stealing"
0 84 171 151 219 447 1 0 1 "Stealing"
0 84 171 151 219 448 1 0 1 "Stealing"
0 84 171 151 219 449 1 0 1 "Stealing"
0 84 171 151 219 450 1 0 1 "Stealing"
0 84 171 151 219 451 1 0 1 "Stealing"
0 84 171 151 219 452 1 0 1 "Stealing"
0 84 171 151 219 453 1 0 1 "Stealing"
0 84 171 151 219 454 1 0 1 "Stealing"
0 84 171 151 219 455 1 0 1 "Stealing"
0 84 171 151 219 456 1 0 1 "Stealing"
0 84 171 151 219 457 1 0 1 "Stealing"
0 84 171 151 219 458 1 0 1 "Stealing"
0 84 171 151 219 459 1 0 1 "Stealing"
0 84 171 151 219 460 1 0 1 "Stealing"
0 84 171 151 219 461 1 0 1 "Stealing"
0 84 171 151 219 462 1 0 1 "Stealing"
0 84 171 151 219 463 1 0 1 "Stealing"
0 84 171 151 219 464 1 0 1 "Stealing"
0 84 171 151 219 465 1 0 1 "Stealing"
0 84 171 151 219 466 1 0 1 "Stealing"
0 84 171 151 219 467 1 0 1 "Stealing"
0 84 171 151 219 468 1 0 1 "Stealing"
0 84 171 151 219 469 1 0 1 "Stealing"
0 84 171 151 219 470 1 0 1 "Stealing"
0 84 171 151 219 471 1 0 1 "Stealing"
0 84 171 151 219 472 1 0 1 "Stealing"
0 84 171 151 219 473 1 0 1 "Stealing"
0 84 171 151 219 474 1 0 1 "Stealing"
0 84 171 151 219 475 1 0 1 "Stealing"
0 84 171 151 219 476 1 0 1 "Stealing"
0 84 171 151 219 477 1 0 1 "Stealing"
0 84 171 151 219 478 1 0 1 "Stealing"
0 84 171 151 219 479 1 0 1 "Stealing"
0 84 171 151 219 480 1 0 1 "Stealing"
0 84 171 151 219 481 1 0 1 "Stealing"
0 84 171 151 219 482 1 0 1 "Stealing"
0 84 171 151 219 483 1 0 1 "Stealing"
0 84 171 151 219 484 1 0 1 "Stealing"
0 84 171 151 219 485 1 0 1 "Stealing"
0 84 171 151 219 486 1 0 1 "Stealing"
0 84 171 151 219 487 1 0 1 "Stealing"
0 84 171 151 219 488 1 0 1 "Stealing"
0 84 171 151 219 489 1 0 1 "Stealing"
0 84 171 151 219 490 1 0 1 "Stealing"
0 84 171 151 219 491 1 0 1 "Stealing"
0 84 171 151 219 492 1 0 1 "Stealing"
0 84 171 151 219 493 1 0 1 "Stealing"
0 84 171 151 219 494 1 0 1 "Stealing"
0 84 171 151 219 495 1 0 1 "Stealing"
0 84 171 151 219 496 1 0 1 "Stealing"
0 84 171 151 219 497 1 0 1 "Stealing"
0 84 171 151 219 498 1 0 1 "Stealing"
0 84 171 151 219 499 1 0 1 "Stealing"
0 84 171 151 219 500 1 0 1 "Stealing"
0 84 171 151 219 501 1 0 1 "Stealing"
0 84 171 151 219 502 1 0 1 "Stealing"
0 84 171 151 219 503 1 0 1 "Stealing"
0 84 171 151 219 504 1 0 1 "Stealing"
0 84 171 151 219 505 1 0 1 "Stealing"
0 84 171 151 219 506 1 0 1 "Stealing"
0 84 171 151 219 507 1 0 1 "Stealing"
0 84 171 151 219 508 1 0 1 "Stealing"
0 84 171 151 219 509 1 0 1 "Stealing"
0 84 171 151 219 510 1 0 1 "Stealing"
0 84 171 151 219 511 1 0 1 "Stealing"
0 84 171 151 219 512 1 0 1 "Stealing"
0 84 171 151 219 513 1 0 1 "Stealing"
0 84 171 151 219 514 1 0 1 "Stealing"
0 84 171 151 219 515 1 0 1 "Stealing"
0 84 171 151 219 516 1 0 1 "Stealing"
0 84 171 151 219 517 1 0 1 "Stealing"
0 84 171 151 219 518 1 0 1 "Stealing"
0 84 171 151 219 519 1 0 1 "Stealing"
0 84 171 151 219 520 1 0 1 "Stealing"
0 84 171 151 219 521 1 0 1 "Stealing"
0 84 171 151 219 522 1 0 1 "Stealing"
0 84 171 151 219 523 1 0 1 "Stealing"
0 84 171 151 219 524 1 0 1 "Stealing"
0 84 171 151 219 525 1 0 1 "Stealing"
0 84 171 151 219 526 1 0 1 "Stealing"
0 84 171 151 219 527 1 0 1 "Stealing"
0 84 171 151 219 528 1 0 1 "Stealing"
0 84 171 151 219 529 1 0 1 "Stealing"
0 84 171 151 219 530 1 0 1 "Stealing"
0 84 171 151 219 531 1 0 1 "Stealing"
0 84 171 151 219 532 0 0 0 "Stealing"
0 84 170 151 218 533 0 0 1 "Stealing"
0 84 170 151 218 534 0 0 1 "Stealing"
0 84 170 151 218 535 0 0 1 "Stealing"
0 84 170 151 218 536 0 0 1 "Stealing"
0 84 170 151 218 537 0 0 1 "Stealing"
0 84 170 151 218 538 0 0 1 "Stealing"
0 84 170 151 218 539 0 0 1 "Stealing"
0 84 170 151 218 540 0 0 1 "Stealing"
0 84 170 151 218 541 0 0 1 "Stealing"
0 84 170 151 218 542 0 0 1 "Stealing"
0 84 170 151 218 543 0 0 1 "Stealing"
0 84 170 151 218 544 0 0 1 "Stealing"
0 84 170 151 218 545 0 0 1 "Stealing"
0 84 170 151 218 546 0 0 1 "Stealing"
0 84 169 151 218 547 0 0 1 "Stealing"
0 84 169 151 218 548 0 0 1 "Stealing"
0 84 169 151 218 549 0 0 1 "Stealing"
0 84 169 151 218 550 0 0 1 "Stealing"
0 84 169 151 218 551 0 0 1 "Stealing"
0 84 169 151 218 552 0 0 1 "Stealing"
0 84 169 151 218 553 0 0 1 "Stealing"
0 84 169 152 218 554 0 0 1 "Stealing"
0 84 169 152 218 555 0 0 1 "Stealing"
0 84 169 152 218 556 0 0 1 "Stealing"
0 84 169 152 218 557 0 0 1 "Stealing"
0 84 169 152 218 558 0 0 1 "Stealing"
0 84 169 152 218 559 0 0 1 "Stealing"
0 84 169 152 218 560 0 0 1 "Stealing"
0 84 169 152 218 561 0 0 1 "Stealing"
0 84 168 152 218 562 0 0 1 "Stealing"
0 84 168 152 218 563 0 0 1 "Stealing"
0 84 168 152 218 564 0 0 1 "Stealing"
0 84 168 152 218 565 0 0 1 "Stealing"
0 84 168 152 218 566 0 0 1 "Stealing"
0 84 168 152 218 567 0 0 1 "Stealing"
0 84 168 152 218 568 0 0 1 "Stealing"
0 84 168 152 218 569 0 0 1 "Stealing"
0 84 168 152 218 570 0 0 1 "Stealing"
0 84 168 152 218 571 0 0 1 "Stealing"
0 84 168 152 218 572 0 0 1 "Stealing"
0 84 168 152 218 573 0 0 1 "Stealing"
0 84 168 152 218 574 0 0 1 "Stealing"
0 84 168 152 218 575 0 0 1 "Stealing"
0 84 168 153 218 576 0 0 0 "Stealing"
0 85 166 156 217 577 0 0 1 "Stealing"
0 87 164 160 217 578 0 0 1 "Stealing"
0 88 162 164 217 579 0 0 1 "Stealing"
0 90 160 168 217 580 0 0 1 "Stealing"
0 91 158 171 216 581 0 0 1 "Stealing"
0 93 156 175 216 582 0 0 1 "Stealing"
0 94 154 179 216 583 0 0 1 "Stealing"
0 96 152 183 216 584 0 0 0 "Stealing"
0 96 151 183 215 585 0 0 1 "Stealing"
0 96 151 183 215 586 0 0 1 "Stealing"
0 96 151 183 215 587 0 0 1 "Stealing"
0 97 151 184 215 588 0 0 1 "Stealing"
0 97 151 184 215 589 0 0 1 "Stealing"
0 97 151 184 215 590 0 0 1 "Stealing"
0 97 151 184 215 591 0 0 1 "Stealing"
0 98 151 185 215 592 0 0 1 "Stealing"
0 98 151 185 215 593 0 0 1 "Stealing"
0 98 151 185 215 594 0 0 1 "Stealing"
0 98 151 185 215 595 0 0 1 "Stealing"
0 99 151 186 215 596 0 0 1 "Stealing"
0 99 151 186 215 597 0 0 1 "Stealing"
0 99 151 186 215 598 0 0 1 "Stealing"
0 99 151 186 215 599 0 0 1 "Stealing"
0 100 151 187 215 600 0 0 1 "Stealing"
0 100 151 187 215 601 0 0 1 "Stealing"
0 100 151 187 215 602 0 0 1 "Stealing"
0 100 150 187 214 603 0 0 1 "Stealing"
0 101 150 188 214 604 0 0 1 "Stealing"
0 101 150 188 214 605 0 0 1 "Stealing"
0 101 150 188 214 606 0 0 1 "Stealing"
0 101 150 188 214 607 0 0 1 "Stealing"
0 102 150 189 214 608 0 0 1 "Stealing"
0 102 150 189 214 609 0 0 1 "Stealing"
0 102 150 189 214 610 0 0 1 "Stealing"
0 102 150 189 214 611 0 0 1 "Stealing"
0 103 150 190 214 612 0 0 1 "Stealing"
0 103 150 190 214 613 0 0 1 "Stealing"
0 103 150 190 214 614 0 0 1 "Stealing"
0 103 150 190 214 615 0 0 1 "Stealing"
0 104 150 191 214 616 0 0 1 "Stealing"
0 104 150 191 214 617 0 0 1 "Stealing"
0 104 150 191 214 618 0 0 1 "Stealing"
0 104 150 191 214 619 0 0 1 "Stealing"
0 105 150 192 214 620 0 0 0 "Stealing"
0 106 150 193 214 621 0 0 1 "Stealing"
0 108 150 195 214 622 0 0 1 "Stealing"
0 109 150 196 214 623 0 0 1 "Stealing"
0 111 150 198 214 624 0 0 1 "Stealing"
0 113 151 200 215 625 0 0 0 "Stealing"
0 112 151 200 214 626 0 0 1 "Stealing"
0 112 151 200 214 627 0 0 1 "Stealing"
0 112 151 200 214 628 0 0 1 "Stealing"
0 112 151 200 214 629 0 0 1 "Stealing"
0 112 151 200 214 630 0 0 1 "Stealing"
0 112 151 200 214 631 0 0 1 "Stealing"
0 112 151 200 214 632 0 0 1 "Stealing"
0 112 151 200 214 633 0 0 1 "Stealing"
0 112 151 200 214 634 0 0 1 "Stealing"
0 112 151 200 214 635 0 0 1 "Stealing"
0 112 151 200 214 636 0 0 1 "Stealing"
0 112 151 200 214 637 0 0 1 "Stealing"
0 112 151 200 214 638 0 0 1 "Stealing"
0 112 151 200 214 639 0 0 1 "Stealing"
0 112 151 200 214 640 0 0 1 "Stealing"
0 112 151 200 214 641 0 0 1 "Stealing"
0 112 151 200 214 642 0 0 1 "Stealing"
0 112 151 200 214 643 0 0 1 "Stealing"
0 112 151 200 214 644 0 0 1 "Stealing"
0 112 151 200 214 645 0 0 1 "Stealing"
0 112 151 200 214 646 0 0 1 "Stealing"
0 112 151 200 214 647 0 0 1 "Stealing"
0 112 151 201 214 648 0 0 1 "Stealing"
0 112 151 201 214 649 0 0 1 "Stealing"
0 112 151 201 214 650 0 0 1 "Stealing"
0 112 151 201 214 651 0 0 1 "Stealing"
0 112 151 201 214 652 0 0 1 "Stealing"
0 112 151 201 214 653 0 0 1 "Stealing"
0 112 151 201 214 654 0 0 1 "Stealing"
0 112 151 201 214 655 0 0 1 "Stealing"
0 112 151 201 214 656 0 0 1 "Stealing"
0 112 151 201 214 657 0 0 1 "Stealing"
0 112 151 201 214 658 0 0 1 "Stealing"
0 112 151 201 214 659 0 0 1 "Stealing"
0 112 151 201 214 660 0 0 1 "Stealing"
0 112 151 201 214 661 0 0 1 "Stealing"
0 112 151 201 214 662 0 0 1 "Stealing"
0 112 151 201 214 663 0 0 1 "Stealing"
0 112 151 201 214 664 0 0 1 "Stealing"
0 112 151 201 214 665 0 0 1 "Stealing"
0 112 151 201 214 666 0 0 1 "Stealing"
0 112 151 201 214 667 0 0 1 "Stealing"
0 112 151 201 214 668 0 0 1 "Stealing"
0 112 151 201 214 669 0 0 1 "Stealing"
0 112 151 201 214 670 0 0 1 "Stealing"
0 112 151 202 214 671 0 0 0 "Stealing"
0 112 151 202 214 672 0 0 1 "Stealing"
0 112 151 202 214 673 0 0 1 "Stealing"
0 112 151 202 214 674 0 0 1 "Stealing"
0 112 151 202 214 675 0 0 1 "Stealing"
0 112 151 202 214 676 0 0 1 "Stealing"
0 112 151 202 214 677 0 0 1 "Stealing"
0 112 151 202 214 678 0 0 1 "Stealing"
0 112 151 202 214 679 0 0 1 "Stealing"
0 112 151 202 214 680 0 0 1 "Stealing"
0 112 151 202 214 681 0 0 1 "Stealing"
0 112 151 202 214 682 0 0 1 "Stealing"
0 112 151 202 214 683 0 0 1 "Stealing"
0 112 151 202 214 684 0 0 1 "Stealing"
0 113 151 202 214 685 0 0 1 "Stealing"
0 113 151 202 214 686 0 0 1 "Stealing"
0 113 151 202 214 687 0 0 1 "Stealing"
0 113 151 202 214 688 0 0 1 "Stealing"
0 113 151 203 214 689 0 0 1 "Stealing"
0 113 151 203 214 690 0 0 1 "Stealing"
0 113 151 203 214 691 0 0 1 "Stealing"
0 113 151 203 214 692 0 0 1 "Stealing"
0 113 151 203 214 693 0 0 1 "Stealing"
0 113 151 203 214 694 0 0 1 "Stealing"
0 113 151 203 214 695 0 0 1 "Stealing"
0 113 151 203 214 696 0 0 1 "Stealing"
0 113 151 203 214 697 0 0 1 "Stealing"
0 114 151 203 214 698 0 0 1 "Stealing"
0 114 151 203 214 699 0 0 1 "Stealing"
0 114 151 203 214 700 0 0 1 "Stealing"
0 114 151 203 214 701 0 0 1 "Stealing"
0 114 151 203 214 702 0 0 1 "Stealing"
0 114 151 203 214 703 0 0 1 "Stealing"
0 114 151 203 214 704 0 0 1 "Stealing"
0 114 151 203 214 705 0 0 1 "Stealing"
0 114 151 204 214 706 0 0 1 "Stealing"
0 114 151 204 214 707 0 0 1 "Stealing"
0 114 151 204 214 708 0 0 1 "Stealing"
0 114 151 204 214 709 0 0 1 "Stealing"
0 114 151 204 214 710 0 0 1 "Stealing"
0 114 151 204 214 711 0 0 1 "Stealing"
0 115 151 204 214 712 0 0 1 "Stealing"
0 115 151 204 214 713 0 0 1 "Stealing"
0 115 151 204 214 714 0 0 1 "Stealing"
0 115 151 204 214 715 0 0 1 "Stealing"
0 115 151 204 214 716 0 0 1 "Stealing"
0 115 151 204 214 717 0 0 1 "Stealing"
0 115 151 204 214 718 0 0 1 "Stealing"
0 115 151 204 214 719 0 0 1 "Stealing"
0 115 151 204 214 720 0 0 1 "Stealing"
0 115 151 204 214 721 0 0 1 "Stealing"
0 115 151 204 214 722 0 0 1 "Stealing"
0 115 151 204 214 723 0 0 1 "Stealing"
0 115 151 205 214 724 0 0 1 "Stealing"
0 116 151 205 214 725 0 0 1 "Stealing"
0 116 151 205 214 726 0 0 1 "Stealing"
0 116 151 205 214 727 0 0 1 "Stealing"
0 116 151 205 214 728 0 0 1 "Stealing"
0 116 151 205 214 729 0 0 1 "Stealing"
0 116 151 205 214 730 0 0 1 "Stealing"
0 116 151 205 214 731 0 0 1 "Stealing"
0 116 151 205 214 732 0 0 1 "Stealing"
0 116 151 205 214 733 0 0 1 "Stealing"
0 116 151 205 214 734 0 0 1 "Stealing"
0 116 151 205 214 735 0 0 1 "Stealing"
0 116 151 205 214 736 0 0 1 "Stealing"
0 116 151 205 214 737 0 0 1 "Stealing"
0 116 151 205 214 738 0 0 1 "Stealing"
0 117 151 205 214 739 0 0 1 "Stealing"
0 117 151 205 214 740 0 0 1 "Stealing"
0 117 151 206 214 741 0 0 1 "Stealing"
0 117 151 206 214 742 0 0 1 "Stealing"
0 117 151 206 214 743 0 0 1 "Stealing"
0 117 151 206 214 744 0 0 1 "Stealing"
0 117 151 206 214 745 0 0 1 "Stealing"
0 117 151 206 214 746 0 0 1 "Stealing"
0 117 151 206 214 747 0 0 1 "Stealing"
0 117 151 206 214 748 0 0 1 "Stealing"
0 117 151 206 214 749 0 0 1 "Stealing"
0 117 151 206 214 750 0 0 1 "Stealing"
0 117 151 206 214 751 0 0 1 "Stealing"
0 118 151 206 214 752 0 0 1 "Stealing"
0 118 151 206 214 753 0 0 1 "Stealing"
0 118 151 206 214 754 0 0 1 "Stealing"
0 118 151 206 214 755 0 0 1 "Stealing"
0 118 151 206 214 756 0 0 1 "Stealing"
0 118 151 206 214 757 0 0 1 "Stealing"
0 118 151 206 214 758 0 0 1 "Stealing"
0 118 151 207 215 759 0 0 1 "Stealing"
0 118 151 207 215 760 0 0 1 "Stealing"
0 118 151 207 215 761 0 0 1 "Stealing"
0 118 151 207 215 762 0 0 1 "Stealing"
0 118 151 207 215 763 0 0 1 "Stealing"
0 118 151 207 215 764 0 0 1 "Stealing"
0 118 151 207 215 765 0 0 1 "Stealing"
0 119 151 207 215 766 0 0 1 "Stealing"
0 119 151 207 215 767 0 0 1 "Stealing"
0 119 151 207 215 768 0 0 1 "Stealing"
0 119 151 207 215 769 0 0 1 "Stealing"
0 119 151 207 215 770 0 0 1 "Stealing"
0 119 151 207 215 771 0 0 1 "Stealing"
0 119 151 207 215 772 0 0 1 "Stealing"
0 119 151 207 215 773 0 0 1 "Stealing"
0 119 151 207 215 774 0 0 1 "Stealing"
0 119 151 207 215 775 0 0 1 "Stealing"
0 119 151 208 215 776 0 0 1 "Stealing"
0 119 151 208 215 777 0 0 1 "Stealing"
0 119 151 208 215 778 0 0 1 "Stealing"
0 120 151 208 215 779 0 0 1 "Stealing"
0 120 151 208 215 780 0 0 1 "Stealing"
0 120 151 208 215 781 0 0 1 "Stealing"
0 120 151 208 215 782 0 0 1 "Stealing"
0 120 151 208 215 783 0 0 1 "Stealing"
0 120 151 208 215 784 0 0 1 "Stealing"
0 120 151 208 215 785 0 0 1 "Stealing"
0 120 151 208 215 786 0 0 1 "Stealing"
0 120 151 208 215 787 0 0 1 "Stealing"
0 120 151 208 215 788 0 0 1 "Stealing"
0 120 151 208 215 789 0 0 1 "Stealing"
0 120 151 208 215 790 0 0 1 "Stealing"
0 120 151 208 215 791 0 0 1 "Stealing"
0 120 151 208 215 792 0 0 1 "Stealing"
0 121 151 208 215 793 0 0 1 "Stealing"
0 121 151 209 215 794 0 0 1 "Stealing"
0 121 151 209 215 795 0 0 1 "Stealing"
0 121 151 209 215 796 0 0 1 "Stealing"
0 121 151 209 215 797 0 0 1 "Stealing"
0 121 151 209 215 798 0 0 1 "Stealing"
0 121 151 209 215 799 0 0 1 "Stealing"
0 121 151 209 215 800 0 0 1 "Stealing"
0 121 151 209 215 801 0 0 1 "Stealing"
0 121 151 209 215 802 0 0 1 "Stealing"
0 121 151 209 215 803 0 0 1 "Stealing"
0 121 151 209 215 804 0 0 1 "Stealing"
0 121 151 209 215 805 0 0 1 "Stealing"
0 122 151 209 215 806 0 0 1 "Stealing"
0 122 151 209 215 807 0 0 1 "Stealing"
0 122 151 209 215 808 0 0 1 "Stealing"
0 122 151 209 215 809 0 0 1 "Stealing"
0 122 151 209 215 810 0 0 1 "Stealing"
0 122 151 210 215 811 0 0 1 "Stealing"
0 122 151 210 215 812 0 0 1 "Stealing"
0 122 151 210 215 813 0 0 1 "Stealing"
0 122 151 210 215 814 0 0 1 "Stealing"
0 122 151 210 215 815 0 0 1 "Stealing"
0 122 151 210 215 816 0 0 1 "Stealing"
0 122 151 210 215 817 0 0 1 "Stealing"
0 122 151 210 215 818 0 0 1 "Stealing"
0 122 151 210 215 819 0 0 1 "Stealing"
0 123 151 210 215 820 0 0 1 "Stealing"
0 123 151 210 215 821 0 0 1 "Stealing"
0 123 151 210 215 822 0 0 1 "Stealing"
0 123 151 210 215 823 0 0 1 "Stealing"
0 123 151 210 215 824 0 0 1 "Stealing"
0 123 151 210 215 825 0 0 1 "Stealing"
0 123 151 210 215 826 0 0 1 "Stealing"
0 123 151 210 215 827 0 0 1 "Stealing"
0 123 151 210 215 828 0 0 1 "Stealing"
0 123 151 211 215 829 0 0 1 "Stealing"
0 123 151 211 215 830 0 0 1 "Stealing"
0 123 151 211 215 831 0 0 1 "Stealing"
0 123 151 211 215 832 0 0 1 "Stealing"
0 124 151 211 215 833 0 0 1 "Stealing"
0 124 151 211 215 834 0 0 1 "Stealing"
0 124 151 211 215 835 0 0 1 "Stealing"
0 124 151 211 215 836 0 0 1 "Stealing"
0 124 151 211 215 837 0 0 1 "Stealing"
0 124 151 211 215 838 0 0 1 "Stealing"
0 124 151 211 215 839 0 0 1 "Stealing"
0 124 151 211 215 840 0 0 1 "Stealing"
0 124 151 211 215 841 0 0 1 "Stealing"
0 124 151 211 215 842 0 0 1 "Stealing"
0 124 151 211 215 843 0 0 1 "Stealing"
0 124 151 211 215 844 0 0 1 "Stealing"
0 124 151 211 215 845 0 0 1 "Stealing"
0 125 152 212 216 846 1 0 0 "Stealing"
0 125 152 212 216 847 1 0 1 "Stealing"
0 125 152 212 216 848 1 0 1 "Stealing"
0 125 152 212 216 849 1 0 1 "Stealing"
0 125 152 212 216 850 1 0 1 "Stealing"
0 125 152 212 216 851 1 0 1 "Stealing"
0 125 152 212 216 852 1 0 1 "Stealing"
0 125 152 212 216 853 1 0 1 "Stealing"
0 125 152 212 216 854 1 0 1 "Stealing"
0 125 152 212 216 855 1 0 1 "Stealing"
0 125 152 212 216 856 1 0 1 "Stealing"
0 125 152 212 216 857 1 0 1 "Stealing"
0 125 152 212 216 858 1 0 1 "Stealing"
0 125 152 212 216 859 1 0 1 "Stealing"
0 125 152 212 216 860 1 0 1 "Stealing"
0 125 152 212 216 861 1 0 1 "Stealing"
0 125 152 212 216 862 1 0 1 "Stealing"
0 125 152 212 216 863 1 0 1 "Stealing"
0 125 152 212 216 864 1 0 1 "Stealing"
0 125 152 212 216 865 1 0 1 "Stealing"
0 125 152 212 216 866 1 0 1 "Stealing"
0 125 152 212 216 867 1 0 1 "Stealing"
0 125 152 212 216 868 1 0 1 "Stealing"
0 125 152 212 216 869 1 0 1 "Stealing"
0 125 152 212 216 870 1 0 0 "Stealing"
0 125 152 212 216 871 1 0 1 "Stealing"
0 125 152 212 216 872 1 0 1 "Stealing"
0 125 152 212 216 873 1 0 1 "Stealing"
0 125 152 212 216 874 1 0 1 "Stealing"
0 125 152 212 216 875 1 0 1 "Stealing"
0 125 152 212 216 876 1 0 1 "Stealing"
0 125 152 212 216 877 1 0 1 "Stealing"
0 125 152 212 216 878 1 0 1 "Stealing"
0 125 152 212 216 879 1 0 1 "Stealing"
0 125 152 212 216 880 1 0 1 "Stealing"
0 125 152 212 216 881 1 0 1 "Stealing"
0 125 152 212 216 882 1 0 1 "Stealing"
0 125 152 212 216 883 1 0 1 "Stealing"
0 125 152 212 216 884 1 0 1 "Stealing"
0 125 152 212 216 885 1 0 1 "Stealing"
0 125 152 212 216 886 1 0 1 "Stealing"
0 125 152 212 216 887 1 0 1 "Stealing"
0 125 152 212 216 888 1 0 1 "Stealing"
0 125 152 212 216 889 1 0 1 "Stealing"
0 125 152 212 216 890 1 0 1 "Stealing"
0 125 152 212 216 891 1 0 1 "Stealing"
0 125 152 212 216 892 1 0 1 "Stealing"
0 125 152 212 216 893 1 0 1 "Stealing"
0 125 152 212 216 894 1 0 1 "Stealing"
0 125 152 212 216 895 1 0 1 "Stealing"
0 125 152 212 216 896 1 0 1 "Stealing"
0 125 152 212 216 897 1 0 1 "Stealing"
0 125 152 212 216 898 1 0 1 "Stealing"
0 125 152 212 216 899 1 0 1 "Stealing"
0 125 152 212 216 900 1 0 1 "Stealing"
0 125 152 212 216 901 1 0 1 "Stealing"
0 125 152 212 216 902 1 0 1 "Stealing"
0 125 152 212 216 903 1 0 1 "Stealing"
0 125 152 212 216 904 1 0 1 "Stealing"
0 125 152 212 216 905 1 0 1 "Stealing"
0 125 152 212 216 906 1 0 1 "Stealing"
0 125 152 212 216 907 1 0 1 "Stealing"
0 125 152 212 216 908 1 0 1 "Stealing"
0 125 152 212 216 909 1 0 1 "Stealing"
0 125 152 212 216 910 1 0 1 "Stealing"
0 125 152 212 216 911 1 0 1 "Stealing"
0 125 152 212 216 912 1 0 1 "Stealing"
0 125 152 212 216 913 1 0 1 "Stealing"
0 125 152 212 216 914 1 0 1 "Stealing"
0 125 152 212 216 915 1 0 1 "Stealing"
0 125 152 212 216 916 1 0 1 "Stealing"
0 125 152 212 216 917 1 0 1 "Stealing"
0 125 152 212 216 918 1 0 1 "Stealing"
0 125 152 212 216 919 1 0 1 "Stealing"
0 125 152 212 216 920 1 0 1 "Stealing"
0 125 152 212 216 921 1 0 1 "Stealing"
0 125 152 212 216 922 1 0 1 "Stealing"
0 125 152 212 216 923 1 0 1 "Stealing"
0 125 152 212 216 924 1 0 1 "Stealing"
0 125 152 212 216 925 1 0 1 "Stealing"
0 125 152 212 216 926 1 0 1 "Stealing"
0 125 152 212 216 927 1 0 1 "Stealing"
0 125 152 212 216 928 1 0 1 "Stealing"
0 125 152 212 216 929 1 0 1 "Stealing"
0 125 152 212 216 930 1 0 1 "Stealing"
0 125 152 212 216 931 1 0 1 "Stealing"
0 125 152 212 216 932 1 0 1 "Stealing"
0 125 152 212 216 933 1 0 1 "Stealing"
0 125 152 212 216 934 1 0 1 "Stealing"
0 125 152 212 216 935 1 0 1 "Stealing"
0 125 152 212 216 936 1 0 1 "Stealing"
0 125 152 212 216 937 1 0 1 "Stealing"
0 125 152 212 216 938 1 0 1 "Stealing"
0 125 152 212 216 939 1 0 1 "Stealing"
0 125 152 212 216 940 1 0 1 "Stealing"
0 125 152 212 216 941 1 0 1 "Stealing"
0 125 152 212 216 942 1 0 1 "Stealing"
0 125 152 212 216 943 1 0 1 "Stealing"
0 125 152 212 216 944 1 0 1 "Stealing"
0 125 152 212 216 945 1 0 1 "Stealing"
0 125 152 212 216 946 1 0 1 "Stealing"
0 125 152 212 216 947 1 0 1 "Stealing"
0 125 152 212 216 948 1 0 1 "Stealing"
0 125 152 212 216 949 1 0 1 "Stealing"
0 125 152 212 216 950 1 0 1 "Stealing"
0 125 152 212 216 951 1 0 1 "Stealing"
0 125 152 212 216 952 1 0 1 "Stealing"
0 125 152 212 216 953 1 0 1 "Stealing"
0 125 152 212 216 954 1 0 1 "Stealing"
0 125 152 212 216 955 1 0 1 "Stealing"
0 125 152 212 216 956 1 0 1 "Stealing"
0 125 152 212 216 957 1 0 1 "Stealing"
0 125 152 212 216 958 1 0 1 "Stealing"
0 125 152 212 216 959 1 0 1 "Stealing"
0 125 152 212 216 960 1 0 1 "Stealing"
0 125 152 212 216 961 1 0 1 "Stealing"
0 125 152 212 216 962 1 0 1 "Stealing"
0 125 152 212 216 963 1 0 1 "Stealing"
0 125 152 212 216 964 1 0 1 "Stealing"
0 125 152 212 216 965 1 0 1 "Stealing"
0 125 152 212 216 966 1 0 1 "Stealing"
0 125 152 212 216 967 1 0 1 "Stealing"
0 125 152 212 216 968 1 0 1 "Stealing"
0 125 152 212 216 969 1 0 1 "Stealing"
0 125 152 212 216 970 1 0 1 "Stealing"
0 125 152 212 216 971 1 0 1 "Stealing"
0 125 152 212 216 972 1 0 1 "Stealing"
0 125 152 212 216 973 1 0 1 "Stealing"
0 125 152 212 216 974 1 0 1 "Stealing"
0 125 152 212 216 975 1 0 1 "Stealing"
0 125 152 212 216 976 1 0 1 "Stealing"
0 125 152 212 216 977 1 0 1 "Stealing"
0 125 152 212 216 978 1 0 1 "Stealing"
0 125 152 212 216 979 1 0 1 "Stealing"
0 125 152 212 216 980 1 0 1 "Stealing"
0 125 152 212 216 981 1 0 1 "Stealing"
0 125 152 212 216 982 1 0 1 "Stealing"
0 125 152 212 216 983 1 0 1 "Stealing"
0 125 152 212 216 984 1 0 1 "Stealing"
0 125 152 212 216 985 1 0 1 "Stealing"
0 125 152 212 216 986 1 0 1 "Stealing"
0 125 152 212 216 987 1 0 1 "Stealing"
0 125 152 212 216 988 1 0 1 "Stealing"
0 125 152 212 216 989 1 0 1 "Stealing"
0 125 152 212 216 990 1 0 1 "Stealing"
0 125 152 212 216 991 1 0 1 "Stealing"
0 125 152 212 216 992 1 0 1 "Stealing"
0 125 152 212 216 993 1 0 1 "Stealing"
0 125 152 212 216 994 1 0 1 "Stealing"
0 125 152 212 216 995 1 0 1 "Stealing"
0 125 152 212 216 996 1 0 1 "Stealing"
0 125 152 212 216 997 1 0 1 "Stealing"
0 125 152 212 216 998 1 0 1 "Stealing"
0 125 152 212 216 999 1 0 1 "Stealing"
0 125 152 212 216 1000 1 0 1 "Stealing"
0 125 152 212 216 1001 1 0 1 "Stealing"
0 125 152 212 216 1002 1 0 1 "Stealing"
0 125 152 212 216 1003 1 0 1 "Stealing"
0 125 152 212 216 1004 1 0 1 "Stealing"
0 125 152 212 216 1005 1 0 1 "Stealing"
0 125 152 212 216 1006 1 0 1 "Stealing"
0 125 152 212 216 1007 1 0 1 "Stealing"
0 125 152 212 216 1008 1 0 1 "Stealing"
0 125 152 212 216 1009 1 0 1 "Stealing"
0 125 152 212 216 1010 1 0 1 "Stealing"
0 125 152 212 216 1011 1 0 1 "Stealing"
0 125 152 212 216 1012 1 0 1 "Stealing"
0 125 152 212 216 1013 1 0 1 "Stealing"
0 125 152 212 216 1014 1 0 1 "Stealing"
0 125 152 212 216 1015 1 0 1 "Stealing"
0 125 152 212 216 1016 1 0 1 "Stealing"
0 125 152 212 216 1017 1 0 1 "Stealing"
0 125 152 212 216 1018 1 0 1 "Stealing"
0 125 152 212 216 1019 1 0 1 "Stealing"
0 125 152 212 216 1020 1 0 1 "Stealing"
0 125 152 212 216 1021 1 0 1 "Stealing"
0 125 152 212 216 1022 1 0 1 "Stealing"
0 125 152 212 216 1023 1 0 1 "Stealing"
0 125 152 212 216 1024 1 0 1 "Stealing"
0 125 152 212 216 1025 1 0 1 "Stealing"
0 125 152 212 216 1026 1 0 1 "Stealing"
0 125 152 212 216 1027 1 0 1 "Stealing"
0 125 152 212 216 1028 1 0 1 "Stealing"
0 125 152 212 216 1029 1 0 1 "Stealing"
0 125 152 212 216 1030 1 0 1 "Stealing"
0 125 152 212 216 1031 1 0 1 "Stealing"
0 125 152 212 216 1032 1 0 1 "Stealing"
0 125 152 212 216 1033 1 0 1 "Stealing"
0 125 152 212 216 1034 1 0 1 "Stealing"
0 125 152 212 216 1035 1 0 1 "Stealing"
0 125 152 212 216 1036 1 0 1 "Stealing"
0 125 152 212 216 1037 1 0 1 "Stealing"
0 125 152 212 216 1038 1 0 1 "Stealing"
0 125 152 212 216 1039 1 0 1 "Stealing"
0 125 152 212 216 1040 1 0 1 "Stealing"
0 125 152 212 216 1041 1 0 1 "Stealing"
0 125 152 212 216 1042 1 0 1 "Stealing"
0 125 152 212 216 1043 1 0 1 "Stealing"
0 125 152 212 216 1044 1 0 1 "Stealing"
0 125 152 212 216 1045 1 0 1 "Stealing"
0 125 152 212 216 1046 1 0 1 "Stealing"
0 125 152 212 216 1047 1 0 1 "Stealing"
0 125 152 212 216 1048 1 0 1 "Stealing"
0 125 152 212 216 1049 1 0 1 "Stealing"
0 125 152 212 216 1050 1 0 1 "Stealing"
0 125 152 212 216 1051 1 0 1 "Stealing"
0 125 152 212 216 1052 1 0 1 "Stealing"
0 125 152 212 216 1053 1 0 1 "Stealing"
0 125 152 212 216 1054 1 0 1 "Stealing"
0 125 152 212 216 1055 1 0 1 "Stealing"
0 125 152 212 216 1056 1 0 1 "Stealing"
0 125 152 212 216 1057 1 0 1 "Stealing"
0 125 152 212 216 1058 1 0 1 "Stealing"
0 125 152 212 216 1059 1 0 1 "Stealing"
0 125 152 212 216 1060 1 0 1 "Stealing"
0 125 152 212 216 1061 1 0 1 "Stealing"
0 125 152 212 216 1062 1 0 1 "Stealing"
0 125 152 212 216 1063 1 0 1 "Stealing"
0 125 152 212 216 1064 1 0 1 "Stealing"
0 125 152 212 216 1065 1 0 1 "Stealing"
0 125 152 212 216 1066 1 0 1 "Stealing"
0 125 152 212 216 1067 1 0 1 "Stealing"
0 125 152 212 216 1068 1 0 1 "Stealing"
0 125 152 212 216 1069 1 0 1 "Stealing"
0 125 152 212 216 1070 1 0 1 "Stealing"
0 125 152 212 216 1071 1 0 1 "Stealing"
0 125 152 212 216 1072 1 0 1 "Stealing"
0 125 152 212 216 1073 1 0 1 "Stealing"
0 125 152 212 216 1074 1 0 1 "Stealing"
0 125 152 212 216 1075 1 0 1 "Stealing"
0 125 152 212 216 1076 1 0 1 "Stealing"
0 125 152 212 216 1077 1 0 1 "Stealing"
0 125 152 212 216 1078 1 0 1 "Stealing"
0 125 152 212 216 1079 1 0 1 "Stealing"
0 125 152 212 216 1080 1 0 1 "Stealing"
0 125 152 212 216 1081 1 0 1 "Stealing"
0 125 152 212 216 1082 1 0 1 "Stealing"
0 125 152 212 216 1083 1 0 1 "Stealing"
0 125 152 212 216 1084 1 0 1 "Stealing"
0 125 152 212 216 1085 1 0 1 "Stealing"
0 125 152 212 216 1086 1 0 1 "Stealing"
0 125 152 212 216 1087 1 0 1 "Stealing"
0 125 152 212 216 1088 1 0 1 "Stealing"
0 125 152 212 216 1089 1 0 1 "Stealing"
0 125 152 212 216 1090 1 0 1 "Stealing"
0 125 152 212 216 1091 1 0 1 "Stealing"
0 125 152 212 216 1092 1 0 1 "Stealing"
0 125 152 212 216 1093 1 0 1 "Stealing"
0 125 152 212 216 1094 1 0 1 "Stealing"
0 125 152 212 216 1095 1 0 1 "Stealing"
0 125 152 212 216 1096 1 0 1 "Stealing"
0 125 152 212 216 1097 1 0 1 "Stealing"
0 125 152 212 216 1098 1 0 1 "Stealing"
0 125 152 212 216 1099 1 0 1 "Stealing"
0 125 152 212 216 1100 1 0 1 "Stealing"
0 125 152 212 216 1101 1 0 1 "Stealing"
0 125 152 212 216 1102 1 0 1 "Stealing"
0 125 152 212 216 1103 1 0 1 "Stealing"
0 125 152 212 216 1104 1 0 1 "Stealing"
0 125 152 212 216 1105 1 0 1 "Stealing"
0 125 152 212 216 1106 1 0 1 "Stealing"
0 125 152 212 216 1107 1 0 1 "Stealing"
0 125 152 212 216 1108 1 0 1 "Stealing"
0 125 152 212 216 1109 1 0 1 "Stealing"
0 125 152 212 216 1110 1 0 1 "Stealing"
0 125 152 212 216 1111 1 0 1 "Stealing"
0 125 152 212 216 1112 1 0 1 "Stealing"
0 125 152 212 216 1113 1 0 1 "Stealing"
0 125 152 212 216 1114 1 0 1 "Stealing"
0 125 152 212 216 1115 1 0 1 "Stealing"
0 125 152 212 216 1116 1 0 1 "Stealing"
0 125 152 212 216 1117 1 0 1 "Stealing"
0 125 152 212 216 1118 1 0 1 "Stealing"
0 125 152 212 216 1119 1 0 1 "Stealing"
0 125 152 212 216 1120 1 0 1 "Stealing"
0 125 152 212 216 1121 1 0 1 "Stealing"
0 125 152 212 216 1122 1 0 1 "Stealing"
0 125 152 212 216 1123 1 0 1 "Stealing"
0 125 152 212 216 1124 1 0 1 "Stealing"
0 125 152 212 216 1125 1 0 1 "Stealing"
0 125 152 212 216 1126 1 0 1 "Stealing"
0 125 152 212 216 1127 1 0 1 "Stealing"
0 125 152 212 216 1128 1 0 1 "Stealing"
0 125 152 212 216 1129 1 0 1 "Stealing"
0 125 152 212 216 1130 1 0 1 "Stealing"
0 125 152 212 216 1131 1 0 1 "Stealing"
0 125 152 212 216 1132 1 0 1 "Stealing"
0 125 152 212 216 1133 1 0 1 "Stealing"
0 125 152 212 216 1134 1 0 1 "Stealing"
0 125 152 212 216 1135 1 0 1 "Stealing"
0 125 152 212 216 1136 1 0 1 "Stealing"
0 125 152 212 216 1137 1 0 1 "Stealing"
0 125 152 212 216 1138 1 0 1 "Stealing"
0 125 152 212 216 1139 1 0 1 "Stealing"
0 125 152 212 216 1140 1 0 1 "Stealing"
0 125 152 212 216 1141 1 0 1 "Stealing"
0 125 152 212 216 1142 1 0 1 "Stealing"
0 125 152 212 216 1143 1 0 1 "Stealing"
0 125 152 212 216 1144 1 0 1 "Stealing"
0 125 152 212 216 1145 1 0 1 "Stealing"
0 125 152 212 216 1146 1 0 1 "Stealing"
0 125 152 212 216 1147 1 0 1 "Stealing"
0 125 152 212 216 1148 1 0 1 "Stealing"
0 125 152 212 216 1149 1 0 1 "Stealing"
0 125 152 212 216 1150 1 0 1 "Stealing"
0 125 152 212 216 1151 1 0 1 "Stealing"
0 125 152 212 216 1152 1 0 1 "Stealing"
0 125 152 212 216 1153 1 0 1 "Stealing"
0 125 152 212 216 1154 1 0 1 "Stealing"
0 125 152 212 216 1155 1 0 1 "Stealing"
0 125 152 212 216 1156 1 0 1 "Stealing"
0 125 152 212 216 1157 1 0 1 "Stealing"
0 125 152 212 216 1158 1 0 1 "Stealing"
0 125 152 212 216 1159 1 0 1 "Stealing"
0 125 152 212 216 1160 1 0 1 "Stealing"
0 125 152 212 216 1161 1 0 1 "Stealing"
0 125 152 212 216 1162 1 0 1 "Stealing"
0 125 152 212 216 1163 1 0 1 "Stealing"
0 125 152 212 216 1164 1 0 1 "Stealing"
0 125 152 212 216 1165 1 0 1 "Stealing"
0 125 152 212 216 1166 1 0 1 "Stealing"
0 125 152 212 216 1167 1 0 1 "Stealing"
0 125 152 212 216 1168 1 0 1 "Stealing"
0 125 152 212 216 1169 1 0 1 "Stealing"
0 125 152 212 216 1170 1 0 1 "Stealing"
0 125 152 212 216 1171 1 0 1 "Stealing"
0 125 152 212 216 1172 1 0 1 "Stealing"
0 125 152 212 216 1173 1 0 1 "Stealing"
0 125 152 212 216 1174 1 0 1 "Stealing"
0 125 152 212 216 1175 1 0 1 "Stealing"
0 125 152 212 216 1176 1 0 1 "Stealing"
0 125 152 212 216 1177 1 0 1 "Stealing"
0 125 152 212 216 1178 1 0 1 "Stealing"
0 125 152 212 216 1179 1 0 1 "Stealing"
0 125 152 212 216 1180 1 0 1 "Stealing"
0 125 152 212 216 1181 1 0 1 "Stealing"
0 125 152 212 216 1182 1 0 1 "Stealing"
0 125 152 212 216 1183 1 0 1 "Stealing"
0 125 152 212 216 1184 1 0 1 "Stealing"
0 125 152 212 216 1185 1 0 1 "Stealing"
0 125 152 212 216 1186 1 0 1 "Stealing"
0 125 152 212 216 1187 1 0 1 "Stealing"
0 125 152 212 216 1188 1 0 1 "Stealing"
0 125 152 212 216 1189 1 0 1 "Stealing"
0 125 152 212 216 1190 1 0 1 "Stealing"
0 125 152 212 216 1191 1 0 1 "Stealing"
0 125 152 212 216 1192 1 0 1 "Stealing"
0 125 152 212 216 1193 1 0 1 "Stealing"
0 125 152 212 216 1194 1 0 1 "Stealing"
0 125 152 212 216 1195 1 0 1 "Stealing"
0 125 152 212 216 1196 1 0 1 "Stealing"
0 125 152 212 216 1197 1 0 1 "Stealing"
0 125 152 212 216 1198 1 0 1 "Stealing"
0 125 152 212 216 1199 1 0 1 "Stealing"
0 125 152 212 216 1200 1 0 1 "Stealing"
0 125 152 212 216 1201 1 0 1 "Stealing"
0 125 152 212 216 1202 1 0 1 "Stealing"
0 125 152 212 216 1203 1 0 1 "Stealing"
0 125 152 212 216 1204 1 0 1 "Stealing"
0 125 152 212 216 1205 1 0 1 "Stealing"
0 125 152 212 216 1206 1 0 1 "Stealing"
0 125 152 212 216 1207 1 0 1 "Stealing"
0 125 152 212 216 1208 1 0 1 "Stealing"
0 125 152 212 216 1209 1 0 1 "Stealing"
0 125 152 212 216 1210 1 0 1 "Stealing"
0 125 152 212 216 1211 1 0 1 "Stealing"
0 125 152 212 216 1212 1 0 1 "Stealing"
0 125 152 212 216 1213 1 0 1 "Stealing"
0 125 152 212 216 1214 1 0 1 "Stealing"
0 125 152 212 216 1215 1 0 1 "Stealing"
0 125 152 212 216 1216 1 0 1 "Stealing"
0 125 152 212 216 1217 1 0 1 "Stealing"
0 125 152 212 216 1218 1 0 1 "Stealing"
0 125 152 212 216 1219 1 0 1 "Stealing"
0 125 152 212 216 1220 1 0 1 "Stealing"
0 125 152 212 216 1221 1 0 1 "Stealing"
0 125 152 212 216 1222 1 0 1 "Stealing"
0 125 152 212 216 1223 1 0 1 "Stealing"
0 125 152 212 216 1224 1 0 1 "Stealing"
0 125 152 212 216 1225 1 0 1 "Stealing"
0 125 152 212 216 1226 1 0 1 "Stealing"
0 125 152 212 216 1227 1 0 1 "Stealing"
0 125 152 212 216 1228 1 0 1 "Stealing"
0 125 152 212 216 1229 1 0 1 "Stealing"
0 125 152 212 216 1230 1 0 1 "Stealing"
0 125 152 212 216 1231 1 0 1 "Stealing"
0 125 152 212 216 1232 1 0 1 "Stealing"
0 125 152 212 216 1233 1 0 1 "Stealing"
0 125 152 212 216 1234 1 0 1 "Stealing"
0 125 152 212 216 1235 1 0 1 "Stealing"
0 125 152 212 216 1236 1 0 1 "Stealing"
0 125 152 212 216 1237 1 0 1 "Stealing"
0 125 152 212 216 1238 1 0 1 "Stealing"
0 125 152 212 216 1239 1 0 1 "Stealing"
0 125 152 212 216 1240 1 0 1 "Stealing"
0 125 152 212 216 1241 1 0 1 "Stealing"
0 125 152 212 216 1242 1 0 1 "Stealing"
0 125 152 212 216 1243 1 0 1 "Stealing"
0 125 152 212 216 1244 1 0 1 "Stealing"
0 125 152 212 216 1245 1 0 1 "Stealing"
0 125 152 212 216 1246 1 0 1 "Stealing"
0 125 152 212 216 1247 1 0 1 "Stealing"
0 125 152 212 216 1248 1 0 1 "Stealing"
0 125 152 212 216 1249 1 0 1 "Stealing"
0 125 152 212 216 1250 1 0 1 "Stealing"
0 125 152 212 216 1251 1 0 1 "Stealing"
0 125 152 212 216 1252 1 0 1 "Stealing"
0 125 152 212 216 1253 1 0 1 "Stealing"
0 125 152 212 216 1254 1 0 1 "Stealing"
0 125 152 212 216 1255 1 0 1 "Stealing"
0 125 152 212 216 1256 1 0 1 "Stealing"
0 125 152 212 216 1257 1 0 1 "Stealing"
0 125 152 212 216 1258 1 0 1 "Stealing"
0 125 152 212 216 1259 1 0 1 "Stealing"
0 125 152 212 216 1260 1 0 1 "Stealing"
0 125 152 212 216 1261 1 0 1 "Stealing"
0 125 152 212 216 1262 1 0 1 "Stealing"
0 125 152 212 216 1263 1 0 1 "Stealing"
0 125 152 212 216 1264 1 0 1 "Stealing"
0 125 152 212 216 1265 1 0 1 "Stealing"
0 125 152 212 216 1266 1 0 1 "Stealing"
0 125 152 212 216 1267 1 0 1 "Stealing"
0 125 152 212 216 1268 1 0 1 "Stealing"
0 125 152 212 216 1269 1 0 1 "Stealing"
0 125 152 212 216 1270 1 0 1 "Stealing"
0 125 152 212 216 1271 1 0 1 "Stealing"
0 125 152 212 216 1272 1 0 1 "Stealing"
0 125 152 212 216 1273 1 0 1 "Stealing"
0 125 152 212 216 1274 1 0 1 "Stealing"
0 125 152 212 216 1275 1 0 1 "Stealing"
0 125 152 212 216 1276 1 0 1 "Stealing"
0 125 152 212 216 1277 1 0 1 "Stealing"
0 125 152 212 216 1278 1 0 1 "Stealing"
0 125 152 212 216 1279 1 0 1 "Stealing"
0 125 152 212 216 1280 1 0 1 "Stealing"
0 125 152 212 216 1281 1 0 1 "Stealing"
0 125 152 212 216 1282 1 0 1 "Stealing"
0 125 152 212 216 1283 1 0 1 "Stealing"
0 125 152 212 216 1284 1 0 1 "Stealing"
0 125 152 212 216 1285 1 0 1 "Stealing"
0 125 152 212 216 1286 1 0 1 "Stealing"
0 125 152 212 216 1287 1 0 1 "Stealing"
0 125 152 212 216 1288 1 0 1 "Stealing"
0 125 152 212 216 1289 1 0 1 "Stealing"
0 125 152 212 216 1290 1 0 1 "Stealing"
0 125 152 212 216 1291 1 0 1 "Stealing"
0 125 152 212 216 1292 1 0 1 "Stealing"
0 125 152 212 216 1293 1 0 1 "Stealing"
0 125 152 212 216 1294 1 0 1 "Stealing"
0 125 152 212 216 1295 1 0 1 "Stealing"
0 125 152 212 216 1296 1 0 1 "Stealing"
0 125 152 212 216 1297 1 0 1 "Stealing"
0 125 152 212 216 1298 1 0 1 "Stealing"
0 125 152 212 216 1299 1 0 1 "Stealing"
0 125 152 212 216 1300 1 0 1 "Stealing"
0 125 152 212 216 1301 1 0 1 "Stealing"
0 125 152 212 216 1302 1 0 1 "Stealing"
0 125 152 212 216 1303 1 0 1 "Stealing"
0 125 152 212 216 1304 1 0 1 "Stealing"
0 125 152 212 216 1305 1 0 1 "Stealing"
0 125 152 212 216 1306 1 0 1 "Stealing"
0 125 152 212 216 1307 1 0 1 "Stealing"
0 125 152 212 216 1308 1 0 1 "Stealing"
0 125 152 212 216 1309 1 0 1 "Stealing"
0 125 152 212 216 1310 1 0 1 "Stealing"
0 125 152 212 216 1311 1 0 1 "Stealing"
0 125 152 212 216 1312 1 0 1 "Stealing"
0 125 152 212 216 1313 1 0 1 "Stealing"
0 125 152 212 216 1314 1 0 1 "Stealing"
0 125 152 212 216 1315 1 0 1 "Stealing"
0 125 152 212 216 1316 1 0 1 "Stealing"
0 125 152 212 216 1317 1 0 1 "Stealing"
0 125 152 212 216 1318 1 0 1 "Stealing"
0 125 152 212 216 1319 1 0 1 "Stealing"
0 125 152 212 216 1320 1 0 1 "Stealing"
0 125 152 212 216 1321 1 0 1 "Stealing"
0 125 152 212 216 1322 1 0 1 "Stealing"
0 125 152 212 216 1323 1 0 1 "Stealing"
0 125 152 212 216 1324 1 0 1 "Stealing"
0 125 152 212 216 1325 1 0 1 "Stealing"
0 125 152 212 216 1326 1 0 1 "Stealing"
0 125 152 212 216 1327 1 0 1 "Stealing"
0 125 152 212 216 1328 1 0 1 "Stealing"
0 125 152 212 216 1329 1 0 1 "Stealing"
0 125 152 212 216 1330 1 0 1 "Stealing"
0 125 152 212 216 1331 1 0 1 "Stealing"
0 125 152 212 216 1332 1 0 1 "Stealing"
0 125 152 212 216 1333 1 0 1 "Stealing"
0 125 152 212 216 1334 1 0 1 "Stealing"
0 125 152 212 216 1335 1 0 1 "Stealing"
0 125 152 212 216 1336 1 0 1 "Stealing"
0 125 152 212 216 1337 1 0 1 "Stealing"
0 125 152 212 216 1338 1 0 1 "Stealing"
0 125 152 212 216 1339 1 0 1 "Stealing"
0 125 152 212 216 1340 1 0 1 "Stealing"
0 125 152 212 216 1341 1 0 1 "Stealing"
0 125 152 212 216 1342 1 0 1 "Stealing"
0 125 152 212 216 1343 1 0 1 "Stealing"
0 125 152 212 216 1344 1 0 1 "Stealing"
0 125 152 212 216 1345 1 0 1 "Stealing"
0 125 152 212 216 1346 1 0 1 "Stealing"
0 125 152 212 216 1347 1 0 1 "Stealing"
0 125 152 212 216 1348 1 0 1 "Stealing"
0 125 152 212 216 1349 1 0 1 "Stealing"
0 125 152 212 216 1350 1 0 1 "Stealing"
0 125 152 212 216 1351 1 0 1 "Stealing"
0 125 152 212 216 1352 1 0 1 "Stealing"
0 125 152 212 216 1353 1 0 1 "Stealing"
0 125 152 212 216 1354 1 0 1 "Stealing"
0 125 152 212 216 1355 1 0 1 "Stealing"
0 125 152 212 216 1356 1 0 1 "Stealing"
0 125 152 212 216 1357 1 0 1 "Stealing"
0 125 152 212 216 1358 1 0 1 "Stealing"
0 125 152 212 216 1359 1 0 1 "Stealing"
0 125 152 212 216 1360 1 0 1 "Stealing"
0 125 152 212 216 1361 1 0 1 "Stealing"
0 125 152 212 216 1362 1 0 1 "Stealing"
0 125 152 212 216 1363 1 0 1 "Stealing"
0 125 152 212 216 1364 1 0 1 "Stealing"
0 125 152 212 216 1365 1 0 1 "Stealing"
0 125 152 212 216 1366 1 0 1 "Stealing"
0 125 152 212 216 1367 1 0 1 "Stealing"
0 125 152 212 216 1368 1 0 1 "Stealing"
0 125 152 212 216 1369 1 0 1 "Stealing"
0 125 152 212 216 1370 1 0 1 "Stealing"
0 125 152 212 216 1371 1 0 1 "Stealing"
0 125 152 212 216 1372 1 0 1 "Stealing"
0 125 152 212 216 1373 1 0 1 "Stealing"
0 125 152 212 216 1374 1 0 1 "Stealing"
0 125 152 212 216 1375 1 0 1 "Stealing"
0 125 152 212 216 1376 1 0 1 "Stealing"
0 125 152 212 216 1377 1 0 1 "Stealing"
0 125 152 212 216 1378 1 0 1 "Stealing"
0 125 152 212 216 1379 1 0 1 "Stealing"
0 125 152 212 216 1380 1 0 1 "Stealing"
0 125 152 212 216 1381 1 0 1 "Stealing"
0 125 152 212 216 1382 1 0 1 "Stealing"
0 125 152 212 216 1383 1 0 1 "Stealing"
0 125 152 212 216 1384 1 0 1 "Stealing"
0 125 152 212 216 1385 1 0 1 "Stealing"
0 125 152 212 216 1386 1 0 1 "Stealing"
0 125 152 212 216 1387 1 0 1 "Stealing"
0 125 152 212 216 1388 1 0 1 "Stealing"
0 125 152 212 216 1389 1 0 1 "Stealing"
0 125 152 212 216 1390 1 0 1 "Stealing"
0 125 152 212 216 1391 1 0 1 "Stealing"
0 125 152 212 216 1392 1 0 1 "Stealing"
0 125 152 212 216 1393 1 0 1 "Stealing"
0 125 152 212 216 1394 1 0 1 "Stealing"
0 125 152 212 216 1395 1 0 1 "Stealing"
0 125 152 212 216 1396 1 0 1 "Stealing"
0 125 152 212 216 1397 1 0 1 "Stealing"
0 125 152 212 216 1398 1 0 1 "Stealing"
0 125 152 212 216 1399 1 0 1 "Stealing"
0 125 152 212 216 1400 1 0 1 "Stealing"
0 125 152 212 216 1401 1 0 1 "Stealing"
0 125 152 212 216 1402 1 0 1 "Stealing"
0 125 152 212 216 1403 1 0 1 "Stealing"
0 125 152 212 216 1404 1 0 1 "Stealing"
0 125 152 212 216 1405 1 0 1 "Stealing"
0 125 152 212 216 1406 1 0 1 "Stealing"
0 125 152 212 216 1407 1 0 1 "Stealing"
0 125 152 212 216 1408 1 0 1 "Stealing"
0 125 152 212 216 1409 1 0 1 "Stealing"
0 125 152 212 216 1410 1 0 1 "Stealing"
0 125 152 212 216 1411 1 0 1 "Stealing"
0 125 152 212 216 1412 1 0 1 "Stealing"
0 125 152 212 216 1413 1 0 1 "Stealing"
0 125 152 212 216 1414 1 0 1 "Stealing"
0 125 152 212 216 1415 1 0 1 "Stealing"
0 125 152 212 216 1416 1 0 1 "Stealing"
0 125 152 212 216 1417 1 0 1 "Stealing"
0 125 152 212 216 1418 1 0 1 "Stealing"
0 125 152 212 216 1419 1 0 1 "Stealing"
0 125 152 212 216 1420 1 0 1 "Stealing"
0 125 152 212 216 1421 1 0 1 "Stealing"
0 125 152 212 216 1422 1 0 1 "Stealing"
0 125 152 212 216 1423 1 0 1 "Stealing"
0 125 152 212 216 1424 1 0 1 "Stealing"
0 125 152 212 216 1425 1 0 1 "Stealing"
0 125 152 212 216 1426 1 0 1 "Stealing"
0 125 152 212 216 1427 1 0 1 "Stealing"
0 125 152 212 216 1428 1 0 1 "Stealing"
0 125 152 212 216 1429 1 0 1 "Stealing"
0 125 152 212 216 1430 1 0 1 "Stealing"
0 125 152 212 216 1431 1 0 1 "Stealing"
0 125 152 212 216 1432 1 0 1 "Stealing"
0 125 152 212 216 1433 1 0 1 "Stealing"
0 125 152 212 216 1434 1 0 1 "Stealing"
0 125 152 212 216 1435 1 0 1 "Stealing"
0 125 152 212 216 1436 1 0 1 "Stealing"
0 125 152 212 216 1437 1 0 1 "Stealing"
0 125 152 212 216 1438 1 0 1 "Stealing"
0 125 152 212 216 1439 1 0 1 "Stealing"
0 125 152 212 216 1440 1 0 1 "Stealing"
0 125 152 212 216 1441 1 0 1 "Stealing"
0 125 152 212 216 1442 1 0 1 "Stealing"
0 125 152 212 216 1443 1 0 1 "Stealing"
0 125 152 212 216 1444 1 0 1 "Stealing"
0 125 152 212 216 1445 1 0 1 "Stealing"
0 125 152 212 216 1446 1 0 1 "Stealing"
0 125 152 212 216 1447 1 0 1 "Stealing"
0 125 152 212 216 1448 1 0 1 "Stealing"
0 125 152 212 216 1449 1 0 1 "Stealing"
0 125 152 212 216 1450 1 0 1 "Stealing"
0 125 152 212 216 1451 1 0 1 "Stealing"
0 125 152 212 216 1452 1 0 1 "Stealing"
0 125 152 212 216 1453 1 0 1 "Stealing"
0 125 152 212 216 1454 1 0 1 "Stealing"
0 125 152 212 216 1455 1 0 1 "Stealing"
0 125 152 212 216 1456 1 0 1 "Stealing"
0 125 152 212 216 1457 1 0 1 "Stealing"
0 125 152 212 216 1458 1 0 1 "Stealing"
0 125 152 212 216 1459 1 0 1 "Stealing"
0 125 152 212 216 1460 1 0 1 "Stealing"
0 125 152 212 216 1461 1 0 1 "Stealing"
0 125 152 212 216 1462 1 0 1 "Stealing"
0 125 152 212 216 1463 1 0 1 "Stealing"
0 125 152 212 216 1464 1 0 1 "Stealing"
0 125 152 212 216 1465 1 0 1 "Stealing"
0 125 152 212 216 1466 1 0 1 "Stealing"
0 125 152 212 216 1467 1 0 1 "Stealing"
0 125 152 212 216 1468 1 0 1 "Stealing"
0 125 152 212 216 1469 1 0 1 "Stealing"
0 125 152 212 216 1470 1 0 1 "Stealing"
0 125 152 212 216 1471 1 0 1 "Stealing"
0 125 152 212 216 1472 1 0 1 "Stealing"
0 125 152 212 216 1473 1 0 1 "Stealing"
0 125 152 212 216 1474 1 0 1 "Stealing"
0 125 152 212 216 1475 1 0 1 "Stealing"
0 125 152 212 216 1476 1 0 1 "Stealing"
0 125 152 212 216 1477 1 0 1 "Stealing"
0 125 152 212 216 1478 1 0 1 "Stealing"
0 125 152 212 216 1479 1 0 1 "Stealing"
0 125 152 212 216 1480 1 0 1 "Stealing"
0 125 152 212 216 1481 1 0 1 "Stealing"
0 125 152 212 216 1482 1 0 1 "Stealing"
0 125 152 212 216 1483 1 0 1 "Stealing"
0 125 152 212 216 1484 1 0 1 "Stealing"
0 125 152 212 216 1485 1 0 1 "Stealing"
0 125 152 212 216 1486 1 0 1 "Stealing"
0 125 152 212 216 1487 1 0 1 "Stealing"
0 125 152 212 216 1488 1 0 1 "Stealing"
0 125 152 212 216 1489 1 0 1 "Stealing"
0 125 152 212 216 1490 1 0 1 "Stealing"
0 125 152 212 216 1491 1 0 1 "Stealing"
0 125 152 212 216 1492 1 0 1 "Stealing"
0 125 152 212 216 1493 1 0 1 "Stealing"
0 125 152 212 216 1494 1 0 1 "Stealing"
0 125 152 212 216 1495 1 0 1 "Stealing"
0 125 152 212 216 1496 1 0 1 "Stealing"
0 125 152 212 216 1497 1 0 1 "Stealing"
0 125 152 212 216 1498 1 0 1 "Stealing"
0 125 152 212 216 1499 1 0 1 "Stealing"
0 125 152 212 216 1500 1 0 1 "Stealing"
0 125 152 212 216 1501 1 0 1 "Stealing"
0 125 152 212 216 1502 1 0 1 "Stealing"
0 125 152 212 216 1503 1 0 1 "Stealing"
0 125 152 212 216 1504 1 0 1 "Stealing"
0 125 152 212 216 1505 1 0 1 "Stealing"
0 125 152 212 216 1506 1 0 1 "Stealing"
0 125 152 212 216 1507 1 0 1 "Stealing"
0 125 152 212 216 1508 1 0 1 "Stealing"
0 125 152 212 216 1509 1 0 1 "Stealing"
0 125 152 212 216 1510 1 0 1 "Stealing"
0 125 152 212 216 1511 1 0 1 "Stealing"
0 125 152 212 216 1512 1 0 1 "Stealing"
0 125 152 212 216 1513 1 0 1 "Stealing"
0 125 152 212 216 1514 1 0 1 "Stealing"
0 125 152 212 216 1515 1 0 1 "Stealing"
0 125 152 212 216 1516 1 0 1 "Stealing"
0 125 152 212 216 1517 1 0 1 "Stealing"
0 125 152 212 216 1518 1 0 1 "Stealing"
0 125 152 212 216 1519 1 0 1 "Stealing"
0 125 152 212 216 1520 1 0 1 "Stealing"
0 125 152 212 216 1521 1 0 1 "Stealing"
0 125 152 212 216 1522 1 0 1 "Stealing"
0 125 152 212 216 1523 1 0 1 "Stealing"
0 125 152 212 216 1524 1 0 0 "Stealing"
