0 138 46 192 108 0 1 0 0 "Stealing"
0 138 46 192 108 1 1 0 1 "Stealing"
0 138 46 192 108 2 1 0 1 "Stealing"
0 138 46 192 108 3 1 0 1 "Stealing"
0 138 46 192 108 4 1 0 1 "Stealing"
0 138 46 192 108 5 1 0 1 "Stealing"
0 138 46 192 108 6 1 0 1 "Stealing"
0 138 46 192 108 7 1 0 1 "Stealing"
0 138 46 192 108 8 1 0 1 "Stealing"
0 138 46 192 108 9 1 0 1 "Stealing"
0 138 46 192 108 10 1 0 1 "Stealing"
0 138 46 192 108 11 1 0 1 "Stealing"
0 138 46 192 108 12 1 0 1 "Stealing"
0 138 46 192 108 13 1 0 1 "Stealing"
0 138 46 192 108 14 1 0 1 "Stealing"
0 138 46 192 108 15 1 0 1 "Stealing"
0 138 46 192 108 16 1 0 1 "Stealing"
0 138 46 192 108 17 1 0 1 "Stealing"
0 138 46 192 108 18 1 0 1 "Stealing"
0 138 46 192 108 19 1 0 1 "Stealing"
0 138 46 192 108 20 1 0 1 "Stealing"
0 138 46 192 108 21 1 0 1 "Stealing"
0 138 46 192 108 22 1 0 1 "Stealing"
0 138 46 192 108 23 1 0 1 "Stealing"
0 138 46 192 108 24 1 0 1 "Stealing"
0 138 46 192 108 25 1 0 1 "Stealing"
0 138 46 192 108 26 1 0 1 "Stealing"
0 138 46 192 108 27 1 0 1 "Stealing"
0 138 46 192 108 28 1 0 1 "Stealing"
0 138 46 192 108 29 1 0 1 "Stealing"
0 138 46 192 108 30 1 0 1 "Stealing"
0 138 46 192 108 31 1 0 1 "Stealing"
0 138 46 192 108 32 1 0 1 "Stealing"
0 138 46 192 108 33 1 0 1 "Stealing"
0 138 46 192 108 34 1 0 1 "Stealing"
0 138 46 192 108 35 1 0 1 "Stealing"
0 138 46 192 108 36 1 0 1 "Stealing"
0 138 46 192 108 37 1 0 1 "Stealing"
0 138 46 192 108 38 1 0 1 "Stealing"
0 138 46 192 108 39 1 0 1 "Stealing"
0 138 46 192 108 40 1 0 1 "Stealing"
0 138 46 192 108 41 1 0 1 "Stealing"
0 138 46 192 108 42 1 0 1 "Stealing"
0 138 46 192 108 43 1 0 1 "Stealing"
0 138 46 192 108 44 1 0 1 "Stealing"
0 138 46 192 108 45 1 0 1 "Stealing"
0 138 46 192 108 46 1 0 1 "Stealing"
0 138 46 192 108 47 1 0 1 "Stealing"
0 138 46 192 108 48 1 0 1 "Stealing"
0 138 46 192 108 49 1 0 1 "Stealing"
0 138 46 192 108 50 1 0 1 "Stealing"
0 138 46 192 108 51 1 0 1 "Stealing"
0 138 46 192 108 52 1 0 1 "Stealing"
0 138 46 192 108 53 1 0 1 "Stealing"
0 138 46 192 108 54 1 0 1 "Stealing"
0 138 46 192 108 55 1 0 1 "Stealing"
0 138 46 192 108 56 1 0 1 "Stealing"
0 138 46 192 108 57 1 0 1 "Stealing"
0 138 46 192 108 58 1 0 1 "Stealing"
0 138 46 192 108 59 1 0 1 "Stealing"
0 138 46 192 108 60 1 0 1 "Stealing"
0 138 46 192 108 61 1 0 1 "Stealing"
0 138 46 192 108 62 1 0 1 "Stealing"
0 138 46 192 108 63 1 0 1 "Stealing"
0 138 46 192 108 64 1 0 1 "Stealing"
0 138 46 192 108 65 1 0 1 "Stealing"
0 138 46 192 108 66 1 0 1 "Stealing"
0 138 46 192 108 67 1 0 1 "Stealing"
0 138 46 192 108 68 1 0 1 "Stealing"
0 138 46 192 108 69 1 0 1 "Stealing"
0 138 46 192 108 70 1 0 1 "Stealing"
0 138 46 192 108 71 1 0 1 "Stealing"
0 138 46 192 108 72 1 0 1 "Stealing"
0 138 46 192 108 73 1 0 1 "Stealing"
0 138 46 192 108 74 1 0 1 "Stealing"
0 138 46 192 108 75 1 0 1 "Stealing"
0 138 46 192 108 76 1 0 1 "Stealing"
0 138 46 192 108 77 1 0 1 "Stealing"
0 138 46 192 108 78 1 0 1 "Stealing"
0 138 46 192 108 79 1 0 1 "Stealing"
0 138 46 192 108 80 1 0 1 "Stealing"
0 138 46 192 108 81 1 0 1 "Stealing"
0 138 46 192 108 82 1 0 1 "Stealing"
0 138 46 192 108 83 1 0 1 "Stealing"
0 138 46 192 108 84 1 0 1 "Stealing"
0 138 46 192 108 85 1 0 1 "Stealing"
0 138 46 192 108 86 1 0 1 "Stealing"
0 138 46 192 108 87 1 0 1 "Stealing"
0 138 46 192 108 88 1 0 1 "Stealing"
0 138 46 192 108 89 1 0 1 "Stealing"
0 138 46 192 108 90 1 0 1 "Stealing"
0 138 46 192 108 91 1 0 1 "Stealing"
0 138 46 192 108 92 1 0 1 "Stealing"
0 138 46 192 108 93 1 0 1 "Stealing"
0 138 46 192 108 94 1 0 1 "Stealing"
0 138 46 192 108 95 1 0 1 "Stealing"
0 138 46 192 108 96 1 0 1 "Stealing"
0 138 46 192 108 97 1 0 1 "Stealing"
0 138 46 192 108 98 1 0 1 "Stealing"
0 138 46 192 108 99 1 0 1 "Stealing"
0 138 46 192 108 100 1 0 1 "Stealing"
0 138 46 192 108 101 1 0 1 "Stealing"
0 138 46 192 108 102 1 0 1 "Stealing"
0 138 46 192 108 103 1 0 1 "Stealing"
0 138 46 192 108 104 1 0 1 "Stealing"
0 138 46 192 108 105 1 0 1 "Stealing"
0 138 46 192 108 106 1 0 1 "Stealing"
0 138 46 192 108 107 1 0 1 "Stealing"
0 138 46 192 108 108 1 0 1 "Stealing"
0 138 46 192 108 109 1 0 1 "Stealing"
0 138 46 192 108 110 1 0 1 "Stealing"
0 138 46 192 108 111 1 0 1 "Stealing"
0 138 46 192 108 112 1 0 1 "Stealing"
0 138 46 192 108 113 1 0 1 "Stealing"
0 138 46 192 108 114 1 0 1 "Stealing"
0 138 46 192 108 115 1 0 1 "Stealing"
0 138 46 192 108 116 1 0 1 "Stealing"
0 138 46 192 108 117 1 0 1 "Stealing"
0 138 46 192 108 118 1 0 1 "Stealing"
0 138 46 192 108 119 1 0 1 "Stealing"
0 138 46 192 108 120 1 0 1 "Stealing"
0 138 46 192 108 121 1 0 1 "Stealing"
0 138 46 192 108 122 1 0 1 "Stealing"
0 138 46 192 108 123 1 0 1 "Stealing"
0 138 46 192 108 124 1 0 1 "Stealing"
0 138 46 192 108 125 1 0 1 "Stealing"
0 138 46 192 108 126 1 0 1 "Stealing"
0 138 46 192 108 127 1 0 1 "Stealing"
0 138 46 192 108 128 1 0 1 "Stealing"
0 138 46 192 108 129 1 0 1 "Stealing"
0 138 46 192 108 130 1 0 1 "Stealing"
0 138 46 192 108 131 1 0 1 "Stealing"
0 138 46 192 108 132 1 0 1 "Stealing"
0 138 46 192 108 133 1 0 1 "Stealing"
0 138 46 192 108 134 1 0 1 "Stealing"
0 138 46 192 108 135 1 0 1 "Stealing"
0 138 46 192 108 136 1 0 1 "Stealing"
0 138 46 192 108 137 1 0 1 "Stealing"
0 138 46 192 108 138 1 0 1 "Stealing"
0 138 46 192 108 139 1 0 1 "Stealing"
0 138 46 192 108 140 1 0 1 "Stealing"
0 138 46 192 108 141 1 0 1 "Stealing"
0 138 46 192 108 142 1 0 1 "Stealing"
0 138 46 192 108 143 1 0 1 "Stealing"
0 138 46 192 108 144 1 0 1 "Stealing"
0 138 46 192 108 145 1 0 1 "Stealing"
0 138 46 192 108 146 1 0 1 "Stealing"
0 138 46 192 108 147 1 0 1 "Stealing"
0 138 46 192 108 148 1 0 1 "Stealing"
0 138 46 192 108 149 1 0 1 "Stealing"
0 138 46 192 108 150 1 0 1 "Stealing"
0 138 46 192 108 151 1 0 1 "Stealing"
0 138 46 192 108 152 1 0 1 "Stealing"
0 138 46 192 108 153 1 0 1 "Stealing"
0 138 46 192 108 154 1 0 1 "Stealing"
0 138 46 192 108 155 1 0 1 "Stealing"
0 138 46 192 108 156 1 0 1 "Stealing"
0 138 46 192 108 157 1 0 1 "Stealing"
0 138 46 192 108 158 1 0 1 "Stealing"
0 138 46 192 108 159 1 0 1 "Stealing"
0 138 46 192 108 160 1 0 1 "Stealing"
0 138 46 192 108 161 1 0 1 "Stealing"
0 138 46 192 108 162 1 0 1 "Stealing"
0 138 46 192 108 163 1 0 1 "Stealing"
0 138 46 192 108 164 1 0 1 "Stealing"
0 138 46 192 108 165 1 0 1 "Stealing"
0 138 46 192 108 166 1 0 1 "Stealing"
0 138 46 192 108 167 1 0 1 "Stealing"
0 138 46 192 108 168 1 0 1 "Stealing"
0 138 46 192 108 169 1 0 1 "Stealing"
0 138 46 192 108 170 1 0 1 "Stealing"
0 138 46 192 108 171 1 0 1 "Stealing"
0 138 46 192 108 172 1 0 1 "Stealing"
0 138 46 192 108 173 1 0 1 "Stealing"
0 138 46 192 108 174 1 0 1 "Stealing"
0 138 46 192 108 175 1 0 1 "Stealing"
0 138 46 192 108 176 1 0 1 "Stealing"
0 138 46 192 108 177 1 0 1 "Stealing"
0 138 46 192 108 178 1 0 1 "Stealing"
0 138 46 192 108 179 1 0 1 "Stealing"
0 138 46 192 108 180 1 0 1 "Stealing"
0 138 46 192 108 181 1 0 1 "Stealing"
0 138 46 192 108 182 1 0 1 "Stealing"
0 138 46 192 108 183 1 0 1 "Stealing"
0 138 46 192 108 184 1 0 1 "Stealing"
0 138 46 192 108 185 1 0 1 "Stealing"
0 138 46 192 108 186 1 0 1 "Stealing"
0 138 46 192 108 187 1 0 1 "Stealing"
0 138 46 192 108 188 1 0 1 "Stealing"
0 138 46 192 108 189 1 0 1 "Stealing"
0 138 46 192 108 190 1 0 1 "Stealing"
0 138 46 192 108 191 1 0 1 "Stealing"
0 138 46 192 108 192 1 0 1 "Stealing"
0 138 46 192 108 193 1 0 1 "Stealing"
0 138 46 192 108 194 1 0 1 "Stealing"
0 138 46 192 108 195 1 0 1 "Stealing"
0 138 46 192 108 196 1 0 1 "Stealing"
0 138 46 192 108 197 1 0 1 "Stealing"
0 138 46 192 108 198 1 0 1 "Stealing"
0 138 46 192 108 199 1 0 1 "Stealing"
0 138 46 192 108 200 0 0 0 "Stealing"
0 138 46 192 108 201 0 0 1 "Stealing"
0 138 46 192 108 202 0 0 1 "Stealing"
0 138 46 192 108 203 0 0 1 "Stealing"
0 139 47 193 109 204 0 0 1 "Stealing"
0 139 47 193 109 205 0 0 1 "Stealing"
0 139 47 193 109 206 0 0 1 "Stealing"
0 140 47 194 109 207 0 0 1 "Stealing"
0 140 48 194 110 208 0 0 1 "Stealing"
0 140 48 194 110 209 0 0 1 "Stealing"
0 141 48 195 110 210 0 0 1 "Stealing"
0 141 48 195 110 211 0 0 1 "Stealing"
0 141 49 195 111 212 0 0 1 "Stealing"
0 141 49 195 111 213 0 0 1 "Stealing"
0 142 49 196 111 214 0 0 1 "Stealing"
0 142 49 196 111 215 0 0 1 "Stealing"
0 142 50 196 112 216 0 0 1 "Stealing"
0 143 50 197 112 217 0 0 1 "Stealing"
0 143 50 197 112 218 0 0 1 "Stealing"
0 143 50 197 112 219 0 0 1 "Stealing"
0 144 51 198 113 220 0 0 0 "Stealing"
0 144 51 198 113 221 0 0 1 "Stealing"
0 144 51 198 113 222 0 0 1 "Stealing"
0 144 52 198 114 223 0 0 1 "Stealing"
0 144 52 198 114 224 0 0 1 "Stealing"
0 145 52 199 114 225 0 0 1 "Stealing"
0 145 53 199 115 226 0 0 1 "Stealing"
0 145 53 199 115 227 0 0 1 "Stealing"
0 145 53 199 115 228 0 0 1 "Stealing"
0 146 54 200 116 229 0 0 0 "Stealing"
0 146 54 199 117 230 0 0 1 "Stealing"
0 146 54 199 119 231 0 0 1 "Stealing"
0 146 54 199 120 232 0 0 1 "Stealing"
0 146 54 199 122 233 0 0 1 "Stealing"
0 146 54 199 124 234 0 0 0 "Stealing"
0 146 54 199 124 235 0 0 1 "Stealing"
0 147 54 200 124 236 0 0 1 "Stealing"
0 148 55 201 125 237 0 0 1 "Stealing"
0 148 55 201 125 238 0 0 1 "Stealing"
0 149 56 202 126 239 0 0 1 "Stealing"
0 150 56 203 126 240 0 0 1 "Stealing"
0 150 57 203 127 241 0 0 1 "Stealing"
0 151 57 204 127 242 0 0 1 "Stealing"
0 152 58 205 128 243 0 0 0 "Stealing"
0 152 58 205 128 244 0 0 1 "Stealing"
0 152 58 205 128 245 0 0 1 "Stealing"
0 152 58 205 128 246 0 0 1 "Stealing"
0 152 58 205 128 247 0 0 1 "Stealing"
0 152 58 205 128 248 0 0 1 "Stealing"
0 152 59 205 129 249 0 0 1 "Stealing"
0 152 59 205 129 250 0 0 1 "Stealing"
0 152 59 205 129 251 0 0 1 "Stealing"
0 152 59 205 129 252 0 0 1 "Stealing"
0 152 59 205 129 253 0 0 1 "Stealing"
0 152 60 205 130 254 0 0 1 "Stealing"
0 152 60 205 130 255 0 0 1 "Stealing"
0 152 60 205 130 256 0 0 1 "Stealing"
0 152 60 205 130 257 0 0 1 "Stealing"
0 152 60 205 130 258 0 0 1 "Stealing"
0 152 60 205 130 259 0 0 1 "Stealing"
0 152 61 205 131 260 0 0 1 "Stealing"
0 152 61 205 131 261 0 0 1 "Stealing"
0 152 61 205 131 262 0 0 1 "Stealing"
0 152 61 205 131 263 0 0 1 "Stealing"
0 152 61 205 131 264 0 0 1 "Stealing"
0 152 62 205 132 265 0 0 1 "Stealing"
0 152 62 205 132 266 0 0 1 "Stealing"
0 152 62 205 132 267 0 0 1 "Stealing"
0 152 62 205 132 268 0 0 1 "Stealing"
0 152 62 205 132 269 0 0 1 "Stealing"
0 152 63 205 133 270 0 0 0 "Stealing"
0 151 63 205 133 271 0 0 1 "Stealing"
0 151 63 205 133 272 0 0 1 "Stealing"
0 151 63 205 133 273 0 0 1 "Stealing"
0 150 64 206 133 274 0 0 1 "Stealing"
0 150 64 206 133 275 0 0 1 "Stealing"
0 150 64 206 134 276 0 0 1 "Stealing"
0 150 64 206 134 277 0 0 1 "Stealing"
0 149 65 207 134 278 0 0 1 "Stealing"
0 149 65 207 134 279 0 0 1 "Stealing"
0 149 65 207 134 280 0 0 1 "Stealing"
0 149 66 208 135 281 0 0 0 "Stealing"
0 148 66 209 135 282 0 0 1 "Stealing"
0 148 66 210 136 283 0 0 1 "Stealing"
0 148 66 211 137 284 0 0 1 "Stealing"
0 147 66 212 138 285 0 0 1 "Stealing"
0 147 67 213 139 286 0 0 1 "Stealing"
0 147 67 214 140 287 0 0 1 "Stealing"
0 146 67 215 141 288 0 0 1 "Stealing"
0 146 67 216 142 289 0 0 1 "Stealing"
0 146 67 217 143 290 0 0 1 "Stealing"
0 146 68 219 144 291 0 0 0 "Stealing"
0 146 68 219 144 292 0 0 1 "Stealing"
0 146 68 219 144 293 0 0 1 "Stealing"
0 146 68 219 144 294 0 0 1 "Stealing"
0 146 68 219 144 295 0 0 1 "Stealing"
0 146 68 219 144 296 0 0 1 "Stealing"
0 146 68 219 144 297 0 0 1 "Stealing"
0 146 68 219 144 298 0 0 1 "Stealing"
0 146 68 219 144 299 0 0 1 "Stealing"
0 146 68 219 144 300 0 0 1 "Stealing"
0 147 68 220 144 301 0 0 0 "Stealing"
0 146 68 219 144 302 0 0 1 "Stealing"
0 146 68 219 144 303 0 0 1 "Stealing"
0 146 68 219 144 304 0 0 1 "Stealing"
0 146 68 219 144 305 0 0 1 "Stealing"
0 146 68 219 144 306 0 0 1 "Stealing"
0 146 68 219 144 307 0 0 1 "Stealing"
0 146 68 219 144 308 0 0 1 "Stealing"
0 146 68 219 144 309 0 0 1 "Stealing"
0 146 68 219 144 310 0 0 1 "Stealing"
0 146 68 219 144 311 0 0 1 "Stealing"
0 145 68 218 144 312 0 0 1 "Stealing"
0 145 68 218 144 313 0 0 1 "Stealing"
0 145 68 218 144 314 0 0 1 "Stealing"
0 145 68 218 144 315 0 0 1 "Stealing"
0 145 68 218 144 316 0 0 1 "Stealing"
0 145 68 218 144 317 0 0 1 "Stealing"
0 145 68 218 144 318 0 0 1 "Stealing"
0 145 68 218 144 319 0 0 1 "Stealing"
0 145 68 218 144 320 0 0 1 "Stealing"
0 145 68 218 144 321 0 0 0 "Stealing"
0 145 68 217 143 322 0 0 1 "Stealing"
0 145 68 217 143 323 0 0 1 "Stealing"
0 145 68 216 143 324 0 0 1 "Stealing"
0 145 68 216 143 325 0 0 1 "Stealing"
0 145 68 216 143 326 0 0 1 "Stealing"
0 145 68 215 143 327 0 0 1 "Stealing"
0 145 68 215 143 328 0 0 1 "Stealing"
0 145 68 214 143 329 0 0 1 "Stealing"
0 145 68 214 143 330 0 0 1 "Stealing"
0 145 68 214 143 331 0 0 0 "Stealing"
0 145 67 213 142 332 0 0 1 "Stealing"
0 145 67 213 142 333 0 0 1 "Stealing"
0 145 66 213 141 334 0 0 1 "Stealing"
0 145 66 212 141 335 0 0 1 "Stealing"
0 146 66 212 140 336 0 0 1 "Stealing"
0 146 65 212 140 337 0 0 1 "Stealing"
0 146 65 211 139 338 0 0 1 "Stealing"
0 146 64 211 139 339 0 0 1 "Stealing"
0 146 64 211 138 340 0 0 1 "Stealing"
0 147 64 211 138 341 0 0 0 "Stealing"
0 146 63 210 137 342 0 0 1 "Stealing"
0 145 63 209 137 343 0 0 1 "Stealing"
0 145 62 209 136 344 0 0 1 "Stealing"
0 144 62 208 136 345 0 0 1 "Stealing"
0 144 61 208 135 346 0 0 1 "Stealing"
0 143 61 207 135 347 0 0 1 "Stealing"
0 142 60 206 134 348 0 0 1 "Stealing"
0 142 60 206 134 349 0 0 1 "Stealing"
0 141 59 205 133 350 0 0 1 "Stealing"
0 141 59 205 133 351 0 0 0 "Stealing"
0 140 58 203 132 352 0 0 1 "Stealing"
0 139 57 201 132 353 0 0 1 "Stealing"
0 138 56 199 132 354 0 0 1 "Stealing"
0 138 55 197 132 355 0 0 1 "Stealing"
0 137 54 195 132 356 0 0 1 "Stealing"
0 136 53 193 132 357 0 0 1 "Stealing"
0 136 52 191 132 358 0 0 1 "Stealing"
0 135 51 189 132 359 0 0 1 "Stealing"
0 134 50 187 132 360 0 0 1 "Stealing"
0 134 50 186 132 361 0 0 0 "Stealing"
0 133 49 185 131 362 0 0 1 "Stealing"
0 133 49 185 131 363 0 0 1 "Stealing"
0 132 49 184 131 364 0 0 1 "Stealing"
0 132 48 184 130 365 0 0 1 "Stealing"
0 132 48 184 130 366 0 0 1 "Stealing"
0 131 48 183 130 367 0 0 1 "Stealing"
0 131 47 183 129 368 0 0 1 "Stealing"
0 130 47 182 129 369 0 0 1 "Stealing"
0 130 47 182 129 370 0 0 1 "Stealing"
0 130 47 182 129 371 0 0 0 "Stealing"
0 129 47 181 128 372 0 0 1 "Stealing"
0 129 47 181 128 373 0 0 1 "Stealing"
0 129 48 180 127 374 0 0 1 "Stealing"
0 129 48 180 127 375 0 0 1 "Stealing"
0 129 49 179 127 376 0 0 1 "Stealing"
0 129 49 179 126 377 0 0 1 "Stealing"
0 129 49 178 126 378 0 0 1 "Stealing"
0 129 50 178 125 379 0 0 1 "Stealing"
0 129 50 177 125 380 0 0 1 "Stealing"
0 129 51 177 125 381 0 0 0 "Stealing"
0 129 50 177 124 382 0 0 1 "Stealing"
0 129 50 177 124 383 0 0 1 "Stealing"
0 129 50 177 124 384 0 0 1 "Stealing"
0 129 50 177 124 385 0 0 1 "Stealing"
0 129 50 177 124 386 0 0 1 "Stealing"
0 129 49 177 123 387 0 0 1 "Stealing"
0 129 49 177 123 388 0 0 1 "Stealing"
0 129 49 177 123 389 0 0 1 "Stealing"
0 129 49 177 123 390 0 0 1 "Stealing"
0 130 49 178 123 391 0 0 0 "Stealing"
0 130 49 178 123 392 0 0 1 "Stealing"
0 130 49 178 123 393 0 0 1 "Stealing"
0 131 49 179 123 394 0 0 1 "Stealing"
0 131 49 179 123 395 0 0 1 "Stealing"
0 132 49 180 123 396 0 0 1 "Stealing"
0 132 49 180 123 397 0 0 1 "Stealing"
0 132 49 180 123 398 0 0 1 "Stealing"
0 133 49 181 123 399 0 0 1 "Stealing"
0 133 49 181 123 400 0 0 1 "Stealing"
0 134 49 182 123 401 0 0 0 "Stealing"
0 134 48 182 122 402 0 0 1 "Stealing"
0 135 48 183 122 403 0 0 1 "Stealing"
0 135 48 183 122 404 0 0 1 "Stealing"
0 136 47 184 121 405 0 0 1 "Stealing"
0 136 47 184 121 406 0 0 1 "Stealing"
0 137 47 185 121 407 0 0 1 "Stealing"
0 137 46 185 120 408 0 0 1 "Stealing"
0 138 46 186 120 409 0 0 1 "Stealing"
0 138 46 186 120 410 0 0 1 "Stealing"
0 139 46 187 120 411 0 0 0 "Stealing"
0 137 46 186 119 412 0 0 1 "Stealing"
0 135 46 186 119 413 0 0 1 "Stealing"
0 133 46 185 119 414 0 0 1 "Stealing"
0 131 46 185 119 415 0 0 1 "Stealing"
0 129 46 185 119 416 0 0 1 "Stealing"
0 127 46 184 119 417 0 0 1 "Stealing"
0 125 46 184 119 418 0 0 1 "Stealing"
0 123 46 183 119 419 0 0 1 "Stealing"
0 121 46 183 119 420 0 0 1 "Stealing"
0 120 46 183 119 421 0 0 0 "Stealing"
0 120 46 182 118 422 0 0 1 "Stealing"
0 120 46 182 118 423 0 0 1 "Stealing"
0 120 46 182 118 424 0 0 1 "Stealing"
0 120 47 182 118 425 0 0 1 "Stealing"
0 120 47 182 118 426 0 0 1 "Stealing"
0 120 47 182 118 427 0 0 1 "Stealing"
0 120 48 182 117 428 0 0 1 "Stealing"
0 120 48 182 117 429 0 0 1 "Stealing"
0 120 48 182 117 430 0 0 1 "Stealing"
0 120 49 182 117 431 0 0 1 "Stealing"
0 120 49 182 117 432 0 0 1 "Stealing"
0 120 49 182 117 433 0 0 1 "Stealing"
0 120 49 182 117 434 0 0 1 "Stealing"
0 120 50 182 116 435 0 0 1 "Stealing"
0 120 50 182 116 436 0 0 1 "Stealing"
0 120 50 182 116 437 0 0 1 "Stealing"
0 120 51 182 116 438 0 0 1 "Stealing"
0 120 51 182 116 439 0 0 1 "Stealing"
0 120 51 182 116 440 0 0 1 "Stealing"
0 120 52 182 116 441 0 0 0 "Stealing"
0 119 52 181 116 442 0 0 1 "Stealing"
0 119 52 181 116 443 0 0 1 "Stealing"
0 119 52 181 116 444 0 0 1 "Stealing"
0 119 52 181 116 445 0 0 1 "Stealing"
0 119 53 181 117 446 0 0 1 "Stealing"
0 119 53 181 117 447 0 0 1 "Stealing"
0 119 53 181 117 448 0 0 1 "Stealing"
0 119 53 181 117 449 0 0 1 "Stealing"
0 119 53 181 117 450 0 0 1 "Stealing"
0 119 54 181 118 451 0 0 0 "Stealing"
0 119 54 180 117 452 0 0 1 "Stealing"
0 119 54 180 116 453 0 0 1 "Stealing"
0 119 54 180 115 454 0 0 1 "Stealing"
0 119 54 180 114 455 0 0 1 "Stealing"
0 119 54 180 113 456 0 0 1 "Stealing"
0 119 54 180 112 457 0 0 1 "Stealing"
0 119 54 180 111 458 0 0 1 "Stealing"
0 119 54 180 110 459 0 0 1 "Stealing"
0 119 54 180 109 460 0 0 1 "Stealing"
0 119 54 180 109 461 0 0 0 "Stealing"
0 119 53 180 108 462 0 0 1 "Stealing"
0 120 53 181 108 463 0 0 1 "Stealing"
0 120 53 181 108 464 0 0 1 "Stealing"
0 121 52 182 107 465 0 0 1 "Stealing"
0 121 52 182 107 466 0 0 1 "Stealing"
0 122 52 183 107 467 0 0 1 "Stealing"
0 122 51 183 106 468 0 0 1 "Stealing"
0 123 51 184 106 469 0 0 1 "Stealing"
0 123 51 184 106 470 0 0 1 "Stealing"
0 124 51 185 106 471 0 0 0 "Stealing"
0 124 51 183 105 472 0 0 1 "Stealing"
0 124 51 182 105 473 0 0 1 "Stealing"
0 124 51 181 105 474 0 0 1 "Stealing"
0 124 51 180 105 475 0 0 1 "Stealing"
0 124 51 179 105 476 0 0 1 "Stealing"
0 124 51 178 105 477 0 0 1 "Stealing"
0 124 51 177 105 478 0 0 1 "Stealing"
0 124 51 176 105 479 0 0 1 "Stealing"
0 124 51 175 105 480 0 0 1 "Stealing"
0 124 51 174 105 481 0 0 0 "Stealing"
0 124 50 174 104 482 0 0 1 "Stealing"
0 124 49 174 103 483 0 0 1 "Stealing"
0 124 48 174 102 484 0 0 1 "Stealing"
0 124 47 174 101 485 0 0 1 "Stealing"
0 124 47 174 101 486 0 0 1 "Stealing"
0 124 46 174 100 487 0 0 1 "Stealing"
0 124 45 174 99 488 0 0 1 "Stealing"
0 124 44 174 98 489 0 0 1 "Stealing"
0 124 43 174 97 490 0 0 1 "Stealing"
0 124 43 174 97 491 0 0 0 "Stealing"
0 124 42 174 97 492 0 0 1 "Stealing"
0 125 42 174 97 493 0 0 1 "Stealing"
0 126 41 174 97 494 0 0 1 "Stealing"
0 126 41 175 97 495 0 0 1 "Stealing"
0 127 40 175 97 496 0 0 1 "Stealing"
0 128 40 175 97 497 0 0 1 "Stealing"
0 128 39 176 97 498 0 0 1 "Stealing"
0 129 39 176 97 499 0 0 1 "Stealing"
0 130 38 176 97 500 0 0 1 "Stealing"
0 131 38 177 97 501 0 0 0 "Stealing"
0 132 37 178 96 502 0 0 1 "Stealing"
0 134 37 180 96 503 0 0 1 "Stealing"
0 136 37 182 96 504 0 0 1 "Stealing"
0 137 37 183 96 505 0 0 1 "Stealing"
0 139 37 185 96 506 0 0 1 "Stealing"
0 141 36 187 95 507 0 0 1 "Stealing"
0 142 36 188 95 508 0 0 1 "Stealing"
0 144 36 190 95 509 0 0 1 "Stealing"
0 146 36 192 95 510 0 0 1 "Stealing"
0 148 36 194 95 511 0 0 0 "Stealing"
0 148 36 194 95 512 0 0 1 "Stealing"
0 148 36 194 95 513 0 0 1 "Stealing"
0 149 36 195 95 514 0 0 1 "Stealing"
0 149 36 195 95 515 0 0 1 "Stealing"
0 150 36 196 95 516 0 0 1 "Stealing"
0 150 36 196 95 517 0 0 1 "Stealing"
0 150 36 196 95 518 0 0 1 "Stealing"
0 151 36 197 95 519 0 0 1 "Stealing"
0 151 36 197 95 520 0 0 1 "Stealing"
0 152 36 198 95 521 1 0 0 "Stealing"
0 154 36 199 93 522 1 0 1 "Stealing"
0 156 36 200 91 523 1 0 1 "Stealing"
0 159 36 202 89 524 1 0 1 "Stealing"
0 161 37 203 88 525 1 0 1 "Stealing"
0 163 37 204 86 526 1 0 1 "Stealing"
0 166 37 206 84 527 1 0 1 "Stealing"
0 168 37 207 82 528 1 0 1 "Stealing"
0 170 38 208 81 529 1 0 1 "Stealing"
0 173 38 210 79 530 1 0 1 "Stealing"
0 175 38 211 77 531 1 0 1 "Stealing"
0 177 38 212 75 532 1 0 1 "Stealing"
0 180 39 214 74 533 1 0 0 "Stealing"
0 180 39 214 74 534 1 0 1 "Stealing"
0 180 39 214 74 535 1 0 1 "Stealing"
0 180 39 214 74 536 1 0 1 "Stealing"
0 180 39 214 74 537 1 0 1 "Stealing"
0 180 39 214 74 538 1 0 1 "Stealing"
0 180 39 214 74 539 1 0 1 "Stealing"
0 180 39 214 74 540 1 0 1 "Stealing"
0 180 39 214 74 541 1 0 1 "Stealing"
0 180 39 214 74 542 1 0 1 "Stealing"
0 180 39 214 74 543 1 0 1 "Stealing"
0 180 39 214 74 544 1 0 1 "Stealing"
0 180 39 214 74 545 1 0 1 "Stealing"
0 180 39 214 74 546 1 0 1 "Stealing"
0 180 39 214 74 547 1 0 1 "Stealing"
0 180 39 214 74 548 1 0 1 "Stealing"
0 180 39 214 74 549 1 0 1 "Stealing"
0 180 39 214 74 550 1 0 1 "Stealing"
0 180 39 214 74 551 1 0 1 "Stealing"
0 180 39 214 74 552 1 0 1 "Stealing"
0 180 39 214 74 553 1 0 1 "Stealing"
0 180 39 214 74 554 1 0 1 "Stealing"
0 180 39 214 74 555 1 0 1 "Stealing"
0 180 39 214 74 556 1 0 1 "Stealing"
0 180 39 214 74 557 1 0 1 "Stealing"
0 180 39 214 74 558 1 0 1 "Stealing"
0 180 39 214 74 559 1 0 1 "Stealing"
0 180 39 214 74 560 1 0 1 "Stealing"
0 180 39 214 74 561 1 0 1 "Stealing"
0 180 39 214 74 562 1 0 1 "Stealing"
0 180 39 214 74 563 1 0 1 "Stealing"
0 180 39 214 74 564 1 0 1 "Stealing"
0 180 39 214 74 565 1 0 1 "Stealing"
0 180 39 214 74 566 1 0 1 "Stealing"
0 180 39 214 74 567 1 0 1 "Stealing"
0 180 39 214 74 568 1 0 1 "Stealing"
0 180 39 214 74 569 1 0 1 "Stealing"
0 180 39 214 74 570 1 0 1 "Stealing"
0 180 39 214 74 571 1 0 1 "Stealing"
0 180 39 214 74 572 1 0 1 "Stealing"
0 180 39 214 74 573 1 0 1 "Stealing"
0 180 39 214 74 574 1 0 1 "Stealing"
0 180 39 214 74 575 1 0 1 "Stealing"
0 180 39 214 74 576 1 0 1 "Stealing"
0 180 39 214 74 577 1 0 1 "Stealing"
0 180 39 214 74 578 1 0 1 "Stealing"
0 180 39 214 74 579 1 0 1 "Stealing"
0 180 39 214 74 580 1 0 1 "Stealing"
0 180 39 214 74 581 1 0 1 "Stealing"
0 180 39 214 74 582 1 0 1 "Stealing"
0 180 39 214 74 583 1 0 1 "Stealing"
0 180 39 214 74 584 1 0 1 "Stealing"
0 180 39 214 74 585 1 0 1 "Stealing"
0 180 39 214 74 586 1 0 1 "Stealing"
0 180 39 214 74 587 1 0 1 "Stealing"
0 180 39 214 74 588 1 0 1 "Stealing"
0 180 39 214 74 589 1 0 1 "Stealing"
0 180 39 214 74 590 1 0 1 "Stealing"
0 180 39 214 74 591 1 0 1 "Stealing"
0 180 39 214 74 592 1 0 1 "Stealing"
0 180 39 214 74 593 1 0 1 "Stealing"
0 180 39 214 74 594 1 0 1 "Stealing"
0 180 39 214 74 595 1 0 1 "Stealing"
0 180 39 214 74 596 1 0 1 "Stealing"
0 180 39 214 74 597 1 0 1 "Stealing"
0 180 39 214 74 598 1 0 1 "Stealing"
0 180 39 214 74 599 1 0 1 "Stealing"
0 180 39 214 74 600 1 0 1 "Stealing"
0 180 39 214 74 601 1 0 1 "Stealing"
0 180 39 214 74 602 1 0 1 "Stealing"
0 180 39 214 74 603 1 0 1 "Stealing"
0 180 39 214 74 604 1 0 1 "Stealing"
0 180 39 214 74 605 1 0 1 "Stealing"
0 180 39 214 74 606 1 0 1 "Stealing"
0 180 39 214 74 607 1 0 1 "Stealing"
0 180 39 214 74 608 1 0 1 "Stealing"
0 180 39 214 74 609 1 0 1 "Stealing"
0 180 39 214 74 610 1 0 1 "Stealing"
0 180 39 214 74 611 1 0 1 "Stealing"
0 180 39 214 74 612 1 0 1 "Stealing"
0 180 39 214 74 613 1 0 1 "Stealing"
0 180 39 214 74 614 1 0 1 "Stealing"
0 180 39 214 74 615 1 0 1 "Stealing"
0 180 39 214 74 616 1 0 1 "Stealing"
0 180 39 214 74 617 1 0 1 "Stealing"
0 180 39 214 74 618 1 0 1 "Stealing"
0 180 39 214 74 619 1 0 1 "Stealing"
0 180 39 214 74 620 1 0 1 "Stealing"
0 180 39 214 74 621 1 0 1 "Stealing"
0 180 39 214 74 622 1 0 1 "Stealing"
0 180 39 214 74 623 1 0 1 "Stealing"
0 180 39 214 74 624 1 0 1 "Stealing"
0 180 39 214 74 625 1 0 1 "Stealing"
0 180 39 214 74 626 1 0 1 "Stealing"
0 180 39 214 74 627 1 0 1 "Stealing"
0 180 39 214 74 628 1 0 1 "Stealing"
0 180 39 214 74 629 1 0 1 "Stealing"
0 180 39 214 74 630 1 0 1 "Stealing"
0 180 39 214 74 631 1 0 1 "Stealing"
0 180 39 214 74 632 1 0 1 "Stealing"
0 180 39 214 74 633 1 0 1 "Stealing"
0 180 39 214 74 634 1 0 1 "Stealing"
0 180 39 214 74 635 1 0 1 "Stealing"
0 180 39 214 74 636 1 0 1 "Stealing"
0 180 39 214 74 637 1 0 1 "Stealing"
0 180 39 214 74 638 1 0 1 "Stealing"
0 180 39 214 74 639 1 0 1 "Stealing"
0 180 39 214 74 640 1 0 1 "Stealing"
0 180 39 214 74 641 1 0 1 "Stealing"
0 180 39 214 74 642 1 0 1 "Stealing"
0 180 39 214 74 643 1 0 1 "Stealing"
0 180 39 214 74 644 1 0 1 "Stealing"
0 180 39 214 74 645 1 0 1 "Stealing"
0 180 39 214 74 646 1 0 1 "Stealing"
0 180 39 214 74 647 1 0 1 "Stealing"
0 180 39 214 74 648 1 0 1 "Stealing"
0 180 39 214 74 649 1 0 1 "Stealing"
0 180 39 214 74 650 1 0 1 "Stealing"
0 180 39 214 74 651 1 0 1 "Stealing"
0 180 39 214 74 652 1 0 1 "Stealing"
0 180 39 214 74 653 1 0 1 "Stealing"
0 180 39 214 74 654 1 0 1 "Stealing"
0 180 39 214 74 655 1 0 1 "Stealing"
0 180 39 214 74 656 1 0 1 "Stealing"
0 180 39 214 74 657 1 0 1 "Stealing"
0 180 39 214 74 658 1 0 1 "Stealing"
0 180 39 214 74 659 1 0 1 "Stealing"
0 180 39 214 74 660 1 0 1 "Stealing"
0 180 39 214 74 661 1 0 1 "Stealing"
0 180 39 214 74 662 1 0 1 "Stealing"
0 180 39 214 74 663 1 0 1 "Stealing"
0 180 39 214 74 664 1 0 1 "Stealing"
0 180 39 214 74 665 1 0 1 "Stealing"
0 180 39 214 74 666 1 0 1 "Stealing"
0 180 39 214 74 667 1 0 1 "Stealing"
0 180 39 214 74 668 1 0 1 "Stealing"
0 180 39 214 74 669 1 0 1 "Stealing"
0 180 39 214 74 670 1 0 1 "Stealing"
0 180 39 214 74 671 1 0 1 "Stealing"
0 180 39 214 74 672 1 0 1 "Stealing"
0 180 39 214 74 673 1 0 1 "Stealing"
0 180 39 214 74 674 1 0 1 "Stealing"
0 180 39 214 74 675 1 0 1 "Stealing"
0 180 39 214 74 676 1 0 1 "Stealing"
0 180 39 214 74 677 1 0 1 "Stealing"
0 180 39 214 74 678 1 0 1 "Stealing"
0 180 39 214 74 679 1 0 1 "Stealing"
0 180 39 214 74 680 1 0 1 "Stealing"
0 180 39 214 74 681 1 0 1 "Stealing"
0 180 39 214 74 682 1 0 1 "Stealing"
0 180 39 214 74 683 1 0 1 "Stealing"
0 180 39 214 74 684 1 0 1 "Stealing"
0 180 39 214 74 685 1 0 1 "Stealing"
0 180 39 214 74 686 1 0 1 "Stealing"
0 180 39 214 74 687 1 0 1 "Stealing"
0 180 39 214 74 688 1 0 1 "Stealing"
0 180 39 214 74 689 1 0 1 "Stealing"
0 180 39 214 74 690 1 0 1 "Stealing"
0 180 39 214 74 691 1 0 1 "Stealing"
0 180 39 214 74 692 1 0 1 "Stealing"
0 180 39 214 74 693 1 0 1 "Stealing"
0 180 39 214 74 694 1 0 1 "Stealing"
0 180 39 214 74 695 1 0 1 "Stealing"
0 180 39 214 74 696 1 0 1 "Stealing"
0 180 39 214 74 697 1 0 1 "Stealing"
0 180 39 214 74 698 1 0 1 "Stealing"
0 180 39 214 74 699 1 0 1 "Stealing"
0 180 39 214 74 700 1 0 1 "Stealing"
0 180 39 214 74 701 1 0 1 "Stealing"
0 180 39 214 74 702 1 0 1 "Stealing"
0 180 39 214 74 703 1 0 1 "Stealing"
0 180 39 214 74 704 1 0 1 "Stealing"
0 180 39 214 74 705 1 0 1 "Stealing"
0 180 39 214 74 706 1 0 1 "Stealing"
0 180 39 214 74 707 1 0 1 "Stealing"
0 180 39 214 74 708 1 0 1 "Stealing"
0 180 39 214 74 709 1 0 1 "Stealing"
0 180 39 214 74 710 1 0 1 "Stealing"
0 180 39 214 74 711 1 0 1 "Stealing"
0 180 39 214 74 712 1 0 1 "Stealing"
0 180 39 214 74 713 1 0 1 "Stealing"
0 180 39 214 74 714 1 0 1 "Stealing"
0 180 39 214 74 715 1 0 1 "Stealing"
0 180 39 214 74 716 1 0 1 "Stealing"
0 180 39 214 74 717 1 0 1 "Stealing"
0 180 39 214 74 718 1 0 1 "Stealing"
0 180 39 214 74 719 1 0 1 "Stealing"
0 180 39 214 74 720 1 0 1 "Stealing"
0 180 39 214 74 721 1 0 1 "Stealing"
0 180 39 214 74 722 1 0 1 "Stealing"
0 180 39 214 74 723 1 0 1 "Stealing"
0 180 39 214 74 724 1 0 1 "Stealing"
0 180 39 214 74 725 1 0 1 "Stealing"
0 180 39 214 74 726 1 0 1 "Stealing"
0 180 39 214 74 727 1 0 1 "Stealing"
0 180 39 214 74 728 1 0 1 "Stealing"
0 180 39 214 74 729 1 0 1 "Stealing"
0 180 39 214 74 730 1 0 1 "Stealing"
0 180 39 214 74 731 1 0 1 "Stealing"
0 180 39 214 74 732 1 0 1 "Stealing"
0 180 39 214 74 733 1 0 1 "Stealing"
0 180 39 214 74 734 1 0 1 "Stealing"
0 180 39 214 74 735 1 0 1 "Stealing"
0 180 39 214 74 736 1 0 1 "Stealing"
0 180 39 214 74 737 1 0 1 "Stealing"
0 180 39 214 74 738 1 0 1 "Stealing"
0 180 39 214 74 739 1 0 1 "Stealing"
0 180 39 214 74 740 1 0 1 "Stealing"
0 180 39 214 74 741 1 0 1 "Stealing"
0 180 39 214 74 742 1 0 1 "Stealing"
0 180 39 214 74 743 1 0 1 "Stealing"
0 180 39 214 74 744 1 0 1 "Stealing"
0 180 39 214 74 745 1 0 1 "Stealing"
0 180 39 214 74 746 1 0 1 "Stealing"
0 180 39 214 74 747 1 0 1 "Stealing"
0 180 39 214 74 748 1 0 1 "Stealing"
0 180 39 214 74 749 1 0 1 "Stealing"
0 180 39 214 74 750 1 0 1 "Stealing"
0 180 39 214 74 751 1 0 1 "Stealing"
0 180 39 214 74 752 1 0 1 "Stealing"
0 180 39 214 74 753 1 0 1 "Stealing"
0 180 39 214 74 754 1 0 1 "Stealing"
0 180 39 214 74 755 1 0 1 "Stealing"
0 180 39 214 74 756 1 0 1 "Stealing"
0 180 39 214 74 757 1 0 1 "Stealing"
0 180 39 214 74 758 1 0 1 "Stealing"
0 180 39 214 74 759 1 0 1 "Stealing"
0 180 39 214 74 760 1 0 1 "Stealing"
0 180 39 214 74 761 1 0 1 "Stealing"
0 180 39 214 74 762 1 0 1 "Stealing"
0 180 39 214 74 763 1 0 1 "Stealing"
0 180 39 214 74 764 1 0 1 "Stealing"
0 180 39 214 74 765 1 0 1 "Stealing"
0 180 39 214 74 766 1 0 1 "Stealing"
0 180 39 214 74 767 1 0 1 "Stealing"
0 180 39 214 74 768 1 0 1 "Stealing"
0 180 39 214 74 769 1 0 1 "Stealing"
0 180 39 214 74 770 1 0 1 "Stealing"
0 180 39 214 74 771 1 0 1 "Stealing"
0 180 39 214 74 772 1 0 1 "Stealing"
0 180 39 214 74 773 1 0 1 "Stealing"
0 180 39 214 74 774 1 0 1 "Stealing"
0 180 39 214 74 775 1 0 1 "Stealing"
0 180 39 214 74 776 1 0 1 "Stealing"
0 180 39 214 74 777 1 0 1 "Stealing"
0 180 39 214 74 778 1 0 1 "Stealing"
0 180 39 214 74 779 1 0 1 "Stealing"
0 180 39 214 74 780 1 0 1 "Stealing"
0 180 39 214 74 781 1 0 1 "Stealing"
0 180 39 214 74 782 1 0 1 "Stealing"
0 180 39 214 74 783 1 0 1 "Stealing"
0 180 39 214 74 784 1 0 1 "Stealing"
0 180 39 214 74 785 1 0 1 "Stealing"
0 180 39 214 74 786 1 0 1 "Stealing"
0 180 39 214 74 787 1 0 1 "Stealing"
0 180 39 214 74 788 1 0 1 "Stealing"
0 180 39 214 74 789 1 0 1 "Stealing"
0 180 39 214 74 790 1 0 1 "Stealing"
0 180 39 214 74 791 1 0 1 "Stealing"
0 180 39 214 74 792 1 0 1 "Stealing"
0 180 39 214 74 793 1 0 1 "Stealing"
0 180 39 214 74 794 1 0 1 "Stealing"
0 180 39 214 74 795 1 0 1 "Stealing"
0 180 39 214 74 796 1 0 1 "Stealing"
0 180 39 214 74 797 1 0 1 "Stealing"
0 180 39 214 74 798 1 0 1 "Stealing"
0 180 39 214 74 799 1 0 1 "Stealing"
0 180 39 214 74 800 1 0 1 "Stealing"
0 180 39 214 74 801 1 0 1 "Stealing"
0 180 39 214 74 802 1 0 1 "Stealing"
0 180 39 214 74 803 1 0 1 "Stealing"
0 180 39 214 74 804 1 0 1 "Stealing"
0 180 39 214 74 805 1 0 1 "Stealing"
0 180 39 214 74 806 1 0 1 "Stealing"
0 180 39 214 74 807 1 0 1 "Stealing"
0 180 39 214 74 808 1 0 1 "Stealing"
0 180 39 214 74 809 1 0 1 "Stealing"
0 180 39 214 74 810 1 0 1 "Stealing"
0 180 39 214 74 811 1 0 1 "Stealing"
0 180 39 214 74 812 1 0 1 "Stealing"
0 180 39 214 74 813 1 0 1 "Stealing"
0 180 39 214 74 814 1 0 1 "Stealing"
0 180 39 214 74 815 1 0 1 "Stealing"
0 180 39 214 74 816 1 0 1 "Stealing"
0 180 39 214 74 817 1 0 1 "Stealing"
0 180 39 214 74 818 1 0 1 "Stealing"
0 180 39 214 74 819 1 0 1 "Stealing"
0 180 39 214 74 820 1 0 1 "Stealing"
0 180 39 214 74 821 1 0 1 "Stealing"
0 180 39 214 74 822 1 0 1 "Stealing"
0 180 39 214 74 823 1 0 1 "Stealing"
0 180 39 214 74 824 1 0 1 "Stealing"
0 180 39 214 74 825 1 0 1 "Stealing"
0 180 39 214 74 826 1 0 1 "Stealing"
0 180 39 214 74 827 1 0 1 "Stealing"
0 180 39 214 74 828 1 0 1 "Stealing"
0 180 39 214 74 829 1 0 1 "Stealing"
0 180 39 214 74 830 1 0 1 "Stealing"
0 180 39 214 74 831 1 0 1 "Stealing"
0 180 39 214 74 832 1 0 1 "Stealing"
0 180 39 214 74 833 1 0 1 "Stealing"
0 180 39 214 74 834 1 0 1 "Stealing"
0 180 39 214 74 835 1 0 1 "Stealing"
0 180 39 214 74 836 1 0 1 "Stealing"
0 180 39 214 74 837 1 0 1 "Stealing"
0 180 39 214 74 838 1 0 1 "Stealing"
0 180 39 214 74 839 1 0 1 "Stealing"
0 180 39 214 74 840 1 0 1 "Stealing"
0 180 39 214 74 841 1 0 1 "Stealing"
0 180 39 214 74 842 1 0 1 "Stealing"
0 180 39 214 74 843 1 0 1 "Stealing"
0 180 39 214 74 844 1 0 1 "Stealing"
0 180 39 214 74 845 1 0 1 "Stealing"
0 180 39 214 74 846 1 0 1 "Stealing"
0 180 39 214 74 847 1 0 1 "Stealing"
0 180 39 214 74 848 1 0 1 "Stealing"
0 180 39 214 74 849 1 0 1 "Stealing"
0 180 39 214 74 850 1 0 1 "Stealing"
0 180 39 214 74 851 1 0 1 "Stealing"
0 180 39 214 74 852 1 0 1 "Stealing"
0 180 39 214 74 853 1 0 1 "Stealing"
0 180 39 214 74 854 1 0 1 "Stealing"
0 180 39 214 74 855 1 0 1 "Stealing"
0 180 39 214 74 856 1 0 1 "Stealing"
0 180 39 214 74 857 1 0 1 "Stealing"
0 180 39 214 74 858 1 0 1 "Stealing"
0 180 39 214 74 859 1 0 1 "Stealing"
0 180 39 214 74 860 1 0 1 "Stealing"
0 180 39 214 74 861 1 0 1 "Stealing"
0 180 39 214 74 862 1 0 1 "Stealing"
0 180 39 214 74 863 1 0 1 "Stealing"
0 180 39 214 74 864 1 0 1 "Stealing"
0 180 39 214 74 865 1 0 1 "Stealing"
0 180 39 214 74 866 1 0 1 "Stealing"
0 180 39 214 74 867 1 0 1 "Stealing"
0 180 39 214 74 868 1 0 1 "Stealing"
0 180 39 214 74 869 1 0 1 "Stealing"
0 180 39 214 74 870 1 0 1 "Stealing"
0 180 39 214 74 871 1 0 1 "Stealing"
0 180 39 214 74 872 1 0 1 "Stealing"
0 180 39 214 74 873 1 0 1 "Stealing"
0 180 39 214 74 874 1 0 1 "Stealing"
0 180 39 214 74 875 1 0 1 "Stealing"
0 180 39 214 74 876 1 0 1 "Stealing"
0 180 39 214 74 877 1 0 1 "Stealing"
0 180 39 214 74 878 1 0 1 "Stealing"
0 180 39 214 74 879 1 0 1 "Stealing"
0 180 39 214 74 880 1 0 1 "Stealing"
0 180 39 214 74 881 1 0 1 "Stealing"
0 180 39 214 74 882 1 0 1 "Stealing"
0 180 39 214 74 883 1 0 1 "Stealing"
0 180 39 214 74 884 1 0 1 "Stealing"
0 180 39 214 74 885 1 0 1 "Stealing"
0 180 39 214 74 886 1 0 1 "Stealing"
0 180 39 214 74 887 1 0 1 "Stealing"
0 180 39 214 74 888 1 0 1 "Stealing"
0 180 39 214 74 889 1 0 1 "Stealing"
0 180 39 214 74 890 1 0 1 "Stealing"
0 180 39 214 74 891 1 0 1 "Stealing"
0 180 39 214 74 892 1 0 1 "Stealing"
0 180 39 214 74 893 1 0 1 "Stealing"
0 180 39 214 74 894 1 0 1 "Stealing"
0 180 39 214 74 895 1 0 1 "Stealing"
0 180 39 214 74 896 1 0 1 "Stealing"
0 180 39 214 74 897 1 0 1 "Stealing"
0 180 39 214 74 898 1 0 1 "Stealing"
0 180 39 214 74 899 1 0 1 "Stealing"
0 180 39 214 74 900 1 0 1 "Stealing"
0 180 39 214 74 901 1 0 1 "Stealing"
0 180 39 214 74 902 1 0 1 "Stealing"
0 180 39 214 74 903 1 0 1 "Stealing"
0 180 39 214 74 904 1 0 1 "Stealing"
0 180 39 214 74 905 1 0 1 "Stealing"
0 180 39 214 74 906 1 0 1 "Stealing"
0 180 39 214 74 907 1 0 1 "Stealing"
0 180 39 214 74 908 1 0 1 "Stealing"
0 180 39 214 74 909 1 0 1 "Stealing"
0 180 39 214 74 910 1 0 1 "Stealing"
0 180 39 214 74 911 1 0 1 "Stealing"
0 180 39 214 74 912 1 0 1 "Stealing"
0 180 39 214 74 913 1 0 1 "Stealing"
0 180 39 214 74 914 1 0 1 "Stealing"
0 180 39 214 74 915 1 0 1 "Stealing"
0 180 39 214 74 916 1 0 1 "Stealing"
0 180 39 214 74 917 1 0 1 "Stealing"
0 180 39 214 74 918 1 0 1 "Stealing"
0 180 39 214 74 919 1 0 1 "Stealing"
0 180 39 214 74 920 1 0 1 "Stealing"
0 180 39 214 74 921 1 0 1 "Stealing"
0 180 39 214 74 922 1 0 1 "Stealing"
0 180 39 214 74 923 1 0 1 "Stealing"
0 180 39 214 74 924 1 0 1 "Stealing"
0 180 39 214 74 925 1 0 1 "Stealing"
0 180 39 214 74 926 1 0 1 "Stealing"
0 180 39 214 74 927 1 0 1 "Stealing"
0 180 39 214 74 928 1 0 1 "Stealing"
0 180 39 214 74 929 1 0 1 "Stealing"
0 180 39 214 74 930 1 0 1 "Stealing"
0 180 39 214 74 931 1 0 1 "Stealing"
0 180 39 214 74 932 1 0 1 "Stealing"
0 180 39 214 74 933 1 0 1 "Stealing"
0 180 39 214 74 934 1 0 1 "Stealing"
0 180 39 214 74 935 1 0 1 "Stealing"
0 180 39 214 74 936 1 0 1 "Stealing"
0 180 39 214 74 937 1 0 1 "Stealing"
0 180 39 214 74 938 1 0 1 "Stealing"
0 180 39 214 74 939 1 0 1 "Stealing"
0 180 39 214 74 940 1 0 1 "Stealing"
0 180 39 214 74 941 1 0 1 "Stealing"
0 180 39 214 74 942 1 0 1 "Stealing"
0 180 39 214 74 943 1 0 1 "Stealing"
0 180 39 214 74 944 1 0 1 "Stealing"
0 180 39 214 74 945 1 0 1 "Stealing"
0 180 39 214 74 946 1 0 1 "Stealing"
0 180 39 214 74 947 1 0 1 "Stealing"
0 180 39 214 74 948 1 0 1 "Stealing"
0 180 39 214 74 949 1 0 1 "Stealing"
0 180 39 214 74 950 1 0 1 "Stealing"
0 180 39 214 74 951 1 0 1 "Stealing"
0 180 39 214 74 952 1 0 1 "Stealing"
0 180 39 214 74 953 1 0 1 "Stealing"
0 180 39 214 74 954 1 0 1 "Stealing"
0 180 39 214 74 955 1 0 1 "Stealing"
0 180 39 214 74 956 1 0 1 "Stealing"
0 180 39 214 74 957 1 0 1 "Stealing"
0 180 39 214 74 958 1 0 1 "Stealing"
0 180 39 214 74 959 1 0 1 "Stealing"
0 180 39 214 74 960 1 0 1 "Stealing"
0 180 39 214 74 961 1 0 1 "Stealing"
0 180 39 214 74 962 1 0 1 "Stealing"
0 180 39 214 74 963 1 0 1 "Stealing"
0 180 39 214 74 964 1 0 1 "Stealing"
0 180 39 214 74 965 1 0 1 "Stealing"
0 180 39 214 74 966 1 0 1 "Stealing"
0 180 39 214 74 967 1 0 1 "Stealing"
0 180 39 214 74 968 1 0 1 "Stealing"
0 180 39 214 74 969 1 0 1 "Stealing"
0 180 39 214 74 970 1 0 1 "Stealing"
0 180 39 214 74 971 1 0 1 "Stealing"
0 180 39 214 74 972 1 0 1 "Stealing"
0 180 39 214 74 973 1 0 1 "Stealing"
0 180 39 214 74 974 1 0 1 "Stealing"
0 180 39 214 74 975 1 0 1 "Stealing"
0 180 39 214 74 976 1 0 1 "Stealing"
0 180 39 214 74 977 1 0 1 "Stealing"
0 180 39 214 74 978 1 0 1 "Stealing"
0 180 39 214 74 979 1 0 1 "Stealing"
0 180 39 214 74 980 1 0 1 "Stealing"
0 180 39 214 74 981 1 0 1 "Stealing"
0 180 39 214 74 982 1 0 1 "Stealing"
0 180 39 214 74 983 1 0 1 "Stealing"
0 180 39 214 74 984 1 0 1 "Stealing"
0 180 39 214 74 985 1 0 1 "Stealing"
0 180 39 214 74 986 1 0 1 "Stealing"
0 180 39 214 74 987 1 0 1 "Stealing"
0 180 39 214 74 988 1 0 1 "Stealing"
0 180 39 214 74 989 1 0 1 "Stealing"
0 180 39 214 74 990 1 0 1 "Stealing"
0 180 39 214 74 991 1 0 1 "Stealing"
0 180 39 214 74 992 1 0 1 "Stealing"
0 180 39 214 74 993 1 0 1 "Stealing"
0 180 39 214 74 994 1 0 1 "Stealing"
0 180 39 214 74 995 1 0 1 "Stealing"
0 180 39 214 74 996 1 0 1 "Stealing"
0 180 39 214 74 997 1 0 1 "Stealing"
0 180 39 214 74 998 1 0 1 "Stealing"
0 180 39 214 74 999 1 0 1 "Stealing"
0 180 39 214 74 1000 1 0 1 "Stealing"
0 180 39 214 74 1001 1 0 1 "Stealing"
0 180 39 214 74 1002 1 0 1 "Stealing"
0 180 39 214 74 1003 1 0 1 "Stealing"
0 180 39 214 74 1004 1 0 1 "Stealing"
0 180 39 214 74 1005 1 0 1 "Stealing"
0 180 39 214 74 1006 1 0 1 "Stealing"
0 180 39 214 74 1007 1 0 1 "Stealing"
0 180 39 214 74 1008 1 0 1 "Stealing"
0 180 39 214 74 1009 1 0 1 "Stealing"
0 180 39 214 74 1010 1 0 1 "Stealing"
0 180 39 214 74 1011 1 0 1 "Stealing"
0 180 39 214 74 1012 1 0 1 "Stealing"
0 180 39 214 74 1013 1 0 1 "Stealing"
0 180 39 214 74 1014 1 0 1 "Stealing"
0 180 39 214 74 1015 1 0 1 "Stealing"
0 180 39 214 74 1016 1 0 1 "Stealing"
0 180 39 214 74 1017 1 0 1 "Stealing"
0 180 39 214 74 1018 1 0 1 "Stealing"
0 180 39 214 74 1019 1 0 1 "Stealing"
0 180 39 214 74 1020 1 0 1 "Stealing"
0 180 39 214 74 1021 1 0 1 "Stealing"
0 180 39 214 74 1022 1 0 1 "Stealing"
0 180 39 214 74 1023 1 0 1 "Stealing"
0 180 39 214 74 1024 1 0 1 "Stealing"
0 180 39 214 74 1025 1 0 1 "Stealing"
0 180 39 214 74 1026 1 0 1 "Stealing"
0 180 39 214 74 1027 1 0 1 "Stealing"
0 180 39 214 74 1028 1 0 1 "Stealing"
0 180 39 214 74 1029 1 0 1 "Stealing"
0 180 39 214 74 1030 1 0 1 "Stealing"
0 180 39 214 74 1031 1 0 1 "Stealing"
0 180 39 214 74 1032 1 0 1 "Stealing"
0 180 39 214 74 1033 1 0 1 "Stealing"
0 180 39 214 74 1034 1 0 1 "Stealing"
0 180 39 214 74 1035 1 0 1 "Stealing"
0 180 39 214 74 1036 1 0 1 "Stealing"
0 180 39 214 74 1037 1 0 1 "Stealing"
0 180 39 214 74 1038 1 0 1 "Stealing"
0 180 39 214 74 1039 1 0 1 "Stealing"
0 180 39 214 74 1040 1 0 1 "Stealing"
0 180 39 214 74 1041 1 0 1 "Stealing"
0 180 39 214 74 1042 1 0 1 "Stealing"
0 180 39 214 74 1043 1 0 1 "Stealing"
0 180 39 214 74 1044 1 0 1 "Stealing"
0 180 39 214 74 1045 1 0 1 "Stealing"
0 180 39 214 74 1046 1 0 1 "Stealing"
0 180 39 214 74 1047 1 0 1 "Stealing"
0 180 39 214 74 1048 1 0 1 "Stealing"
0 180 39 214 74 1049 1 0 1 "Stealing"
0 180 39 214 74 1050 1 0 1 "Stealing"
0 180 39 214 74 1051 1 0 1 "Stealing"
0 180 39 214 74 1052 1 0 1 "Stealing"
0 180 39 214 74 1053 1 0 1 "Stealing"
0 180 39 214 74 1054 1 0 1 "Stealing"
0 180 39 214 74 1055 1 0 1 "Stealing"
0 180 39 214 74 1056 1 0 1 "Stealing"
0 180 39 214 74 1057 1 0 1 "Stealing"
0 180 39 214 74 1058 1 0 1 "Stealing"
0 180 39 214 74 1059 1 0 1 "Stealing"
0 180 39 214 74 1060 1 0 1 "Stealing"
0 180 39 214 74 1061 1 0 1 "Stealing"
0 180 39 214 74 1062 1 0 1 "Stealing"
0 180 39 214 74 1063 1 0 1 "Stealing"
0 180 39 214 74 1064 1 0 1 "Stealing"
0 180 39 214 74 1065 1 0 1 "Stealing"
0 180 39 214 74 1066 1 0 1 "Stealing"
0 180 39 214 74 1067 1 0 1 "Stealing"
0 180 39 214 74 1068 1 0 1 "Stealing"
0 180 39 214 74 1069 1 0 1 "Stealing"
0 180 39 214 74 1070 1 0 1 "Stealing"
0 180 39 214 74 1071 1 0 1 "Stealing"
0 180 39 214 74 1072 1 0 1 "Stealing"
0 180 39 214 74 1073 1 0 1 "Stealing"
0 180 39 214 74 1074 1 0 1 "Stealing"
0 180 39 214 74 1075 1 0 1 "Stealing"
0 180 39 214 74 1076 1 0 1 "Stealing"
0 180 39 214 74 1077 1 0 1 "Stealing"
0 180 39 214 74 1078 1 0 1 "Stealing"
0 180 39 214 74 1079 1 0 1 "Stealing"
0 180 39 214 74 1080 1 0 1 "Stealing"
0 180 39 214 74 1081 1 0 1 "Stealing"
0 180 39 214 74 1082 1 0 1 "Stealing"
0 180 39 214 74 1083 1 0 1 "Stealing"
0 180 39 214 74 1084 1 0 1 "Stealing"
0 180 39 214 74 1085 1 0 1 "Stealing"
0 180 39 214 74 1086 1 0 1 "Stealing"
0 180 39 214 74 1087 1 0 1 "Stealing"
0 180 39 214 74 1088 1 0 1 "Stealing"
0 180 39 214 74 1089 1 0 1 "Stealing"
0 180 39 214 74 1090 1 0 1 "Stealing"
0 180 39 214 74 1091 1 0 1 "Stealing"
0 180 39 214 74 1092 1 0 1 "Stealing"
0 180 39 214 74 1093 1 0 1 "Stealing"
0 180 39 214 74 1094 1 0 1 "Stealing"
0 180 39 214 74 1095 1 0 1 "Stealing"
0 180 39 214 74 1096 1 0 1 "Stealing"
0 180 39 214 74 1097 1 0 1 "Stealing"
0 180 39 214 74 1098 1 0 1 "Stealing"
0 180 39 214 74 1099 1 0 1 "Stealing"
0 180 39 214 74 1100 1 0 1 "Stealing"
0 180 39 214 74 1101 1 0 1 "Stealing"
0 180 39 214 74 1102 1 0 1 "Stealing"
0 180 39 214 74 1103 1 0 1 "Stealing"
0 180 39 214 74 1104 1 0 1 "Stealing"
0 180 39 214 74 1105 1 0 1 "Stealing"
0 180 39 214 74 1106 1 0 1 "Stealing"
0 180 39 214 74 1107 1 0 1 "Stealing"
0 180 39 214 74 1108 1 0 1 "Stealing"
0 180 39 214 74 1109 1 0 1 "Stealing"
0 180 39 214 74 1110 1 0 1 "Stealing"
0 180 39 214 74 1111 1 0 1 "Stealing"
0 180 39 214 74 1112 1 0 1 "Stealing"
0 180 39 214 74 1113 1 0 1 "Stealing"
0 180 39 214 74 1114 1 0 1 "Stealing"
0 180 39 214 74 1115 1 0 1 "Stealing"
0 180 39 214 74 1116 1 0 1 "Stealing"
0 180 39 214 74 1117 1 0 1 "Stealing"
0 180 39 214 74 1118 1 0 1 "Stealing"
0 180 39 214 74 1119 1 0 1 "Stealing"
0 180 39 214 74 1120 1 0 1 "Stealing"
0 180 39 214 74 1121 1 0 1 "Stealing"
0 180 39 214 74 1122 1 0 1 "Stealing"
0 180 39 214 74 1123 1 0 1 "Stealing"
0 180 39 214 74 1124 1 0 1 "Stealing"
0 180 39 214 74 1125 1 0 1 "Stealing"
0 180 39 214 74 1126 1 0 1 "Stealing"
0 180 39 214 74 1127 1 0 1 "Stealing"
0 180 39 214 74 1128 1 0 1 "Stealing"
0 180 39 214 74 1129 1 0 1 "Stealing"
0 180 39 214 74 1130 1 0 1 "Stealing"
0 180 39 214 74 1131 1 0 1 "Stealing"
0 180 39 214 74 1132 1 0 1 "Stealing"
0 180 39 214 74 1133 1 0 1 "Stealing"
0 180 39 214 74 1134 1 0 1 "Stealing"
0 180 39 214 74 1135 1 0 1 "Stealing"
0 180 39 214 74 1136 1 0 1 "Stealing"
0 180 39 214 74 1137 1 0 1 "Stealing"
0 180 39 214 74 1138 1 0 1 "Stealing"
0 180 39 214 74 1139 1 0 1 "Stealing"
0 180 39 214 74 1140 1 0 1 "Stealing"
0 180 39 214 74 1141 1 0 1 "Stealing"
0 180 39 214 74 1142 1 0 1 "Stealing"
0 180 39 214 74 1143 1 0 1 "Stealing"
0 180 39 214 74 1144 1 0 1 "Stealing"
0 180 39 214 74 1145 1 0 1 "Stealing"
0 180 39 214 74 1146 1 0 1 "Stealing"
0 180 39 214 74 1147 1 0 1 "Stealing"
0 180 39 214 74 1148 1 0 1 "Stealing"
0 180 39 214 74 1149 1 0 0 "Stealing"
