0 63 113 174 199 0 1 0 0 "Stealing"
0 63 113 174 199 1 1 0 1 "Stealing"
0 63 113 174 199 2 1 0 1 "Stealing"
0 63 113 174 199 3 1 0 1 "Stealing"
0 63 113 174 199 4 1 0 1 "Stealing"
0 63 113 174 199 5 1 0 1 "Stealing"
0 63 113 174 199 6 1 0 1 "Stealing"
0 63 113 174 199 7 1 0 1 "Stealing"
0 63 113 174 199 8 1 0 1 "Stealing"
0 63 113 174 199 9 1 0 1 "Stealing"
0 63 113 174 199 10 1 0 1 "Stealing"
0 63 113 174 199 11 1 0 1 "Stealing"
0 63 113 174 199 12 1 0 1 "Stealing"
0 63 113 174 199 13 1 0 1 "Stealing"
0 63 113 174 199 14 1 0 1 "Stealing"
0 63 113 174 199 15 1 0 1 "Stealing"
0 63 113 174 199 16 1 0 1 "Stealing"
0 63 113 174 199 17 1 0 1 "Stealing"
0 63 113 174 199 18 1 0 1 "Stealing"
0 63 113 174 199 19 1 0 1 "Stealing"
0 63 113 174 199 20 1 0 1 "Stealing"
0 63 113 174 199 21 1 0 1 "Stealing"
0 63 113 174 199 22 1 0 1 "Stealing"
0 63 113 174 199 23 1 0 1 "Stealing"
0 63 113 174 199 24 1 0 1 "Stealing"
0 63 113 174 199 25 1 0 1 "Stealing"
0 63 113 174 199 26 1 0 1 "Stealing"
0 63 113 174 199 27 1 0 1 "Stealing"
0 63 113 174 199 28 1 0 1 "Stealing"
0 63 113 174 199 29 1 0 1 "Stealing"
0 63 113 174 199 30 1 0 1 "Stealing"
0 63 113 174 199 31 1 0 1 "Stealing"
0 63 113 174 199 32 1 0 1 "Stealing"
0 63 113 174 199 33 1 0 1 "Stealing"
0 63 113 174 199 34 1 0 1 "Stealing"
0 63 113 174 199 35 1 0 1 "Stealing"
0 63 113 174 199 36 1 0 1 "Stealing"
0 63 113 174 199 37 1 0 1 "Stealing"
0 63 113 174 199 38 1 0 1 "Stealing"
0 63 113 174 199 39 1 0 1 "Stealing"
0 63 113 174 199 40 1 0 1 "Stealing"
0 63 113 174 199 41 1 0 1 "Stealing"
0 63 113 174 199 42 1 0 1 "Stealing"
0 63 113 174 199 43 1 0 1 "Stealing"
0 63 113 174 199 44 1 0 1 "Stealing"
0 63 113 174 199 45 1 0 1 "Stealing"
0 63 113 174 199 46 1 0 1 "Stealing"
0 63 113 174 199 47 1 0 1 "Stealing"
0 63 113 174 199 48 1 0 1 "Stealing"
0 63 113 174 199 49 1 0 1 "Stealing"
0 63 113 174 199 50 1 0 1 "Stealing"
0 63 113 174 199 51 1 0 1 "Stealing"
0 63 113 174 199 52 1 0 1 "Stealing"
0 63 113 174 199 53 1 0 1 "Stealing"
0 63 113 174 199 54 1 0 1 "Stealing"
0 63 113 174 199 55 1 0 1 "Stealing"
0 63 113 174 199 56 1 0 1 "Stealing"
0 63 113 174 199 57 1 0 1 "Stealing"
0 63 113 174 199 58 1 0 1 "Stealing"
0 63 113 174 199 59 1 0 1 "Stealing"
0 63 113 174 199 60 1 0 1 "Stealing"
0 63 113 174 199 61 1 0 1 "Stealing"
0 63 113 174 199 62 1 0 1 "Stealing"
0 63 113 174 199 63 1 0 1 "Stealing"
0 63 113 174 199 64 1 0 1 "Stealing"
0 63 113 174 199 65 1 0 1 "Stealing"
0 63 113 174 199 66 1 0 1 "Stealing"
0 63 113 174 199 67 1 0 1 "Stealing"
0 63 113 174 199 68 1 0 1 "Stealing"
0 63 113 174 199 69 1 0 1 "Stealing"
0 63 113 174 199 70 1 0 1 "Stealing"
0 63 113 174 199 71 1 0 1 "Stealing"
0 63 113 174 199 72 1 0 1 "Stealing"
0 63 113 174 199 73 1 0 1 "Stealing"
0 63 113 174 199 74 1 0 1 "Stealing"
0 63 113 174 199 75 1 0 1 "Stealing"
0 63 113 174 199 76 1 0 1 "Stealing"
0 63 113 174 199 77 1 0 1 "Stealing"
0 63 113 174 199 78 1 0 1 "Stealing"
0 63 113 174 199 79 1 0 1 "Stealing"
0 63 113 174 199 80 1 0 1 "Stealing"
0 63 113 174 199 81 1 0 1 "Stealing"
0 63 113 174 199 82 1 0 1 "Stealing"
0 63 113 174 199 83 1 0 1 "Stealing"
0 63 113 174 199 84 1 0 1 "Stealing"
0 63 113 174 199 85 1 0 1 "Stealing"
0 63 113 174 199 86 1 0 1 "Stealing"
0 63 113 174 199 87 1 0 1 "Stealing"
0 63 113 174 199 88 1 0 1 "Stealing"
0 63 113 174 199 89 1 0 1 "Stealing"
0 63 113 174 199 90 1 0 1 "Stealing"
0 63 113 174 199 91 1 0 1 "Stealing"
0 63 113 174 199 92 1 0 1 "Stealing"
0 63 113 174 199 93 1 0 1 "Stealing"
0 63 113 174 199 94 1 0 1 "Stealing"
0 63 113 174 199 95 1 0 1 "Stealing"
0 63 113 174 199 96 1 0 1 "Stealing"
0 63 113 174 199 97 1 0 1 "Stealing"
0 63 113 174 199 98 1 0 1 "Stealing"
0 63 113 174 199 99 1 0 1 "Stealing"
0 63 113 174 199 100 1 0 1 "Stealing"
0 63 113 174 199 101 1 0 1 "Stealing"
0 63 113 174 199 102 1 0 1 "Stealing"
0 63 113 174 199 103 1 0 1 "Stealing"
0 63 113 174 199 104 1 0 1 "Stealing"
0 63 113 174 199 105 1 0 1 "Stealing"
0 63 113 174 199 106 1 0 1 "Stealing"
0 63 113 174 199 107 1 0 1 "Stealing"
0 63 113 174 199 108 1 0 1 "Stealing"
0 63 113 174 199 109 1 0 1 "Stealing"
0 63 113 174 199 110 1 0 1 "Stealing"
0 63 113 174 199 111 1 0 1 "Stealing"
0 63 113 174 199 112 1 0 1 "Stealing"
0 63 113 174 199 113 1 0 1 "Stealing"
0 63 113 174 199 114 1 0 1 "Stealing"
0 63 113 174 199 115 1 0 1 "Stealing"
0 63 113 174 199 116 1 0 1 "Stealing"
0 63 113 174 199 117 1 0 1 "Stealing"
0 63 113 174 199 118 1 0 1 "Stealing"
0 63 113 174 199 119 1 0 1 "Stealing"
0 63 113 174 199 120 1 0 1 "Stealing"
0 63 113 174 199 121 1 0 1 "Stealing"
0 63 113 174 199 122 1 0 1 "Stealing"
0 63 113 174 199 123 1 0 1 "Stealing"
0 63 113 174 199 124 1 0 1 "Stealing"
0 63 113 174 199 125 1 0 1 "Stealing"
0 63 113 174 199 126 1 0 1 "Stealing"
0 63 113 174 199 127 1 0 1 "Stealing"
0 63 113 174 199 128 1 0 1 "Stealing"
0 63 113 174 199 129 1 0 1 "Stealing"
0 63 113 174 199 130 1 0 1 "Stealing"
0 63 113 174 199 131 1 0 1 "Stealing"
0 63 113 174 199 132 1 0 1 "Stealing"
0 63 113 174 199 133 1 0 1 "Stealing"
0 63 113 174 199 134 1 0 1 "Stealing"
0 63 113 174 199 135 1 0 1 "Stealing"
0 63 113 174 199 136 1 0 1 "Stealing"
0 63 113 174 199 137 1 0 1 "Stealing"
0 63 113 174 199 138 1 0 1 "Stealing"
0 63 113 174 199 139 1 0 1 "Stealing"
0 63 113 174 199 140 1 0 1 "Stealing"
0 63 113 174 199 141 1 0 1 "Stealing"
0 63 113 174 199 142 1 0 1 "Stealing"
0 63 113 174 199 143 1 0 1 "Stealing"
0 63 113 174 199 144 1 0 1 "Stealing"
0 63 113 174 199 145 1 0 1 "Stealing"
0 63 113 174 199 146 1 0 1 "Stealing"
0 63 113 174 199 147 1 0 1 "Stealing"
0 63 113 174 199 148 1 0 1 "Stealing"
0 63 113 174 199 149 1 0 1 "Stealing"
0 63 113 174 199 150 1 0 1 "Stealing"
0 63 113 174 199 151 1 0 1 "Stealing"
0 63 113 174 199 152 1 0 1 "Stealing"
0 63 113 174 199 153 1 0 1 "Stealing"
0 63 113 174 199 154 1 0 1 "Stealing"
0 63 113 174 199 155 1 0 1 "Stealing"
0 63 113 174 199 156 1 0 1 "Stealing"
0 63 113 174 199 157 1 0 1 "Stealing"
0 63 113 174 199 158 1 0 1 "Stealing"
0 63 113 174 199 159 1 0 1 "Stealing"
0 63 113 174 199 160 1 0 1 "Stealing"
0 63 113 174 199 161 1 0 1 "Stealing"
0 63 113 174 199 162 1 0 1 "Stealing"
0 63 113 174 199 163 1 0 1 "Stealing"
0 63 113 174 199 164 1 0 1 "Stealing"
0 63 113 174 199 165 1 0 1 "Stealing"
0 63 113 174 199 166 1 0 1 "Stealing"
0 63 113 174 199 167 1 0 1 "Stealing"
0 63 113 174 199 168 1 0 1 "Stealing"
0 63 113 174 199 169 1 0 1 "Stealing"
0 63 113 174 199 170 1 0 1 "Stealing"
0 63 113 174 199 171 1 0 1 "Stealing"
0 63 113 174 199 172 1 0 1 "Stealing"
0 63 113 174 199 173 1 0 1 "Stealing"
0 63 113 174 199 174 1 0 1 "Stealing"
0 63 113 174 199 175 1 0 1 "Stealing"
0 63 113 174 199 176 1 0 1 "Stealing"
0 63 113 174 199 177 1 0 1 "Stealing"
0 63 113 174 199 178 1 0 1 "Stealing"
0 63 113 174 199 179 1 0 1 "Stealing"
0 63 113 174 199 180 1 0 1 "Stealing"
0 63 113 174 199 181 1 0 1 "Stealing"
0 63 113 174 199 182 1 0 1 "Stealing"
0 63 113 174 199 183 1 0 1 "Stealing"
0 63 113 174 199 184 1 0 1 "Stealing"
0 63 113 174 199 185 1 0 1 "Stealing"
0 63 113 174 199 186 1 0 1 "Stealing"
0 63 113 174 199 187 1 0 1 "Stealing"
0 63 113 174 199 188 1 0 1 "Stealing"
0 63 113 174 199 189 1 0 1 "Stealing"
0 63 113 174 199 190 1 0 1 "Stealing"
0 63 113 174 199 191 1 0 1 "Stealing"
0 63 113 174 199 192 1 0 1 "Stealing"
0 63 113 174 199 193 1 0 1 "Stealing"
0 63 113 174 199 194 1 0 1 "Stealing"
0 63 113 174 199 195 1 0 1 "Stealing"
0 63 113 174 199 196 1 0 1 "Stealing"
0 63 113 174 199 197 1 0 1 "Stealing"
0 63 113 174 199 198 1 0 1 "Stealing"
0 63 113 174 199 199 1 0 1 "Stealing"
0 63 113 174 199 200 1 0 1 "Stealing"
0 63 113 174 199 201 1 0 1 "Stealing"
0 63 113 174 199 202 1 0 1 "Stealing"
0 63 113 174 199 203 1 0 1 "Stealing"
0 63 113 174 199 204 1 0 1 "Stealing"
0 63 113 174 199 205 1 0 1 "Stealing"
0 63 113 174 199 206 1 0 1 "Stealing"
0 63 113 174 199 207 1 0 1 "Stealing"
0 63 113 174 199 208 1 0 1 "Stealing"
0 63 113 174 199 209 1 0 1 "Stealing"
0 63 113 174 199 210 1 0 1 "Stealing"
0 63 113 174 199 211 1 0 1 "Stealing"
0 63 113 174 199 212 1 0 1 "Stealing"
0 63 113 174 199 213 1 0 1 "Stealing"
0 63 113 174 199 214 1 0 1 "Stealing"
0 63 113 174 199 215 1 0 1 "Stealing"
0 63 113 174 199 216 1 0 1 "Stealing"
0 63 113 174 199 217 1 0 1 "Stealing"
0 63 113 174 199 218 1 0 1 "Stealing"
0 63 113 174 199 219 1 0 1 "Stealing"
0 63 113 174 199 220 1 0 1 "Stealing"
0 63 113 174 199 221 1 0 1 "Stealing"
0 63 113 174 199 222 1 0 1 "Stealing"
0 63 113 174 199 223 1 0 1 "Stealing"
0 63 113 174 199 224 1 0 1 "Stealing"
0 63 113 174 199 225 1 0 1 "Stealing"
0 63 113 174 199 226 1 0 1 "Stealing"
0 63 113 174 199 227 1 0 1 "Stealing"
0 63 113 174 199 228 1 0 1 "Stealing"
0 63 113 174 199 229 1 0 1 "Stealing"
0 63 113 174 199 230 1 0 1 "Stealing"
0 63 113 174 199 231 1 0 1 "Stealing"
0 63 113 174 199 232 1 0 1 "Stealing"
0 63 113 174 199 233 1 0 1 "Stealing"
0 63 113 174 199 234 1 0 1 "Stealing"
0 63 113 174 199 235 1 0 1 "Stealing"
0 63 113 174 199 236 1 0 1 "Stealing"
0 63 113 174 199 237 1 0 1 "Stealing"
0 63 113 174 199 238 1 0 1 "Stealing"
0 63 113 174 199 239 1 0 1 "Stealing"
0 63 113 174 199 240 1 0 1 "Stealing"
0 63 113 174 199 241 1 0 1 "Stealing"
0 63 113 174 199 242 1 0 1 "Stealing"
0 63 113 174 199 243 1 0 1 "Stealing"
0 63 113 174 199 244 1 0 1 "Stealing"
0 63 113 174 199 245 1 0 1 "Stealing"
0 63 113 174 199 246 1 0 1 "Stealing"
0 63 113 174 199 247 1 0 1 "Stealing"
0 63 113 174 199 248 1 0 1 "Stealing"
0 63 113 174 199 249 1 0 1 "Stealing"
0 63 113 174 199 250 1 0 1 "Stealing"
0 63 113 174 199 251 1 0 1 "Stealing"
0 63 113 174 199 252 1 0 1 "Stealing"
0 63 113 174 199 253 1 0 1 "Stealing"
0 63 113 174 199 254 1 0 1 "Stealing"
0 63 113 174 199 255 1 0 1 "Stealing"
0 63 113 174 199 256 1 0 1 "Stealing"
0 63 113 174 199 257 1 0 1 "Stealing"
0 63 113 174 199 258 1 0 1 "Stealing"
0 63 113 174 199 259 1 0 1 "Stealing"
0 63 113 174 199 260 1 0 1 "Stealing"
0 63 113 174 199 261 1 0 1 "Stealing"
0 63 113 174 199 262 1 0 1 "Stealing"
0 63 113 174 199 263 1 0 1 "Stealing"
0 63 113 174 199 264 1 0 1 "Stealing"
0 63 113 174 199 265 1 0 1 "Stealing"
0 63 113 174 199 266 1 0 1 "Stealing"
0 63 113 174 199 267 1 0 1 "Stealing"
0 63 113 174 199 268 1 0 1 "Stealing"
0 63 113 174 199 269 1 0 1 "Stealing"
0 63 113 174 199 270 1 0 1 "Stealing"
0 63 113 174 199 271 1 0 1 "Stealing"
0 63 113 174 199 272 1 0 1 "Stealing"
0 63 113 174 199 273 1 0 1 "Stealing"
0 63 113 174 199 274 1 0 1 "Stealing"
0 63 113 174 199 275 1 0 1 "Stealing"
0 63 113 174 199 276 1 0 1 "Stealing"
0 63 113 174 199 277 1 0 1 "Stealing"
0 63 113 174 199 278 1 0 1 "Stealing"
0 63 113 174 199 279 1 0 1 "Stealing"
0 63 113 174 199 280 1 0 1 "Stealing"
0 63 113 174 199 281 1 0 1 "Stealing"
0 63 113 174 199 282 1 0 1 "Stealing"
0 63 113 174 199 283 1 0 1 "Stealing"
0 63 113 174 199 284 1 0 1 "Stealing"
0 63 113 174 199 285 1 0 1 "Stealing"
0 63 113 174 199 286 1 0 1 "Stealing"
0 63 113 174 199 287 1 0 1 "Stealing"
0 63 113 174 199 288 1 0 1 "Stealing"
0 63 113 174 199 289 1 0 1 "Stealing"
0 63 113 174 199 290 1 0 1 "Stealing"
0 63 113 174 199 291 1 0 1 "Stealing"
0 63 113 174 199 292 1 0 1 "Stealing"
0 63 113 174 199 293 1 0 1 "Stealing"
0 63 113 174 199 294 1 0 1 "Stealing"
0 63 113 174 199 295 1 0 1 "Stealing"
0 63 113 174 199 296 1 0 1 "Stealing"
0 63 113 174 199 297 1 0 1 "Stealing"
0 63 113 174 199 298 1 0 1 "Stealing"
0 63 113 174 199 299 1 0 1 "Stealing"
0 63 113 174 199 300 1 0 1 "Stealing"
0 63 113 174 199 301 1 0 1 "Stealing"
0 63 113 174 199 302 1 0 1 "Stealing"
0 63 113 174 199 303 1 0 1 "Stealing"
0 63 113 174 199 304 1 0 1 "Stealing"
0 63 113 174 199 305 1 0 1 "Stealing"
0 63 113 174 199 306 1 0 1 "Stealing"
0 63 113 174 199 307 1 0 1 "Stealing"
0 63 113 174 199 308 1 0 1 "Stealing"
0 63 113 174 199 309 1 0 1 "Stealing"
0 63 113 174 199 310 1 0 1 "Stealing"
0 63 113 174 199 311 1 0 1 "Stealing"
0 63 113 174 199 312 1 0 1 "Stealing"
0 63 113 174 199 313 1 0 1 "Stealing"
0 63 113 174 199 314 1 0 1 "Stealing"
0 63 113 174 199 315 1 0 1 "Stealing"
0 63 113 174 199 316 1 0 1 "Stealing"
0 63 113 174 199 317 1 0 1 "Stealing"
0 63 113 174 199 318 1 0 1 "Stealing"
0 63 113 174 199 319 1 0 1 "Stealing"
0 63 113 174 199 320 1 0 1 "Stealing"
0 63 113 174 199 321 1 0 1 "Stealing"
0 63 113 174 199 322 1 0 1 "Stealing"
0 63 113 174 199 323 1 0 1 "Stealing"
0 63 113 174 199 324 1 0 1 "Stealing"
0 63 113 174 199 325 1 0 1 "Stealing"
0 63 113 174 199 326 1 0 1 "Stealing"
0 63 113 174 199 327 1 0 1 "Stealing"
0 63 113 174 199 328 1 0 1 "Stealing"
0 63 113 174 199 329 1 0 1 "Stealing"
0 63 113 174 199 330 1 0 1 "Stealing"
0 63 113 174 199 331 1 0 1 "Stealing"
0 63 113 174 199 332 1 0 1 "Stealing"
0 63 113 174 199 333 1 0 1 "Stealing"
0 63 113 174 199 334 1 0 1 "Stealing"
0 63 113 174 199 335 1 0 1 "Stealing"
0 63 113 174 199 336 1 0 1 "Stealing"
0 63 113 174 199 337 1 0 1 "Stealing"
0 63 113 174 199 338 1 0 1 "Stealing"
0 63 113 174 199 339 1 0 1 "Stealing"
0 63 113 174 199 340 1 0 1 "Stealing"
0 63 113 174 199 341 1 0 1 "Stealing"
0 63 113 174 199 342 1 0 1 "Stealing"
0 63 113 174 199 343 1 0 1 "Stealing"
0 63 113 174 199 344 1 0 1 "Stealing"
0 63 113 174 199 345 1 0 1 "Stealing"
0 63 113 174 199 346 1 0 1 "Stealing"
0 63 113 174 199 347 1 0 1 "Stealing"
0 63 113 174 199 348 1 0 1 "Stealing"
0 63 113 174 199 349 1 0 1 "Stealing"
0 63 113 174 199 350 1 0 1 "Stealing"
0 63 113 174 199 351 1 0 1 "Stealing"
0 63 113 174 199 352 1 0 1 "Stealing"
0 63 113 174 199 353 1 0 1 "Stealing"
0 63 113 174 199 354 1 0 1 "Stealing"
0 63 113 174 199 355 1 0 1 "Stealing"
0 63 113 174 199 356 1 0 1 "Stealing"
0 63 113 174 199 357 1 0 1 "Stealing"
0 63 113 174 199 358 1 0 1 "Stealing"
0 63 113 174 199 359 1 0 1 "Stealing"
0 63 113 174 199 360 1 0 1 "Stealing"
0 63 113 174 199 361 1 0 1 "Stealing"
0 63 113 174 199 362 1 0 1 "Stealing"
0 63 113 174 199 363 1 0 1 "Stealing"
0 63 113 174 199 364 1 0 1 "Stealing"
0 63 113 174 199 365 1 0 1 "Stealing"
0 63 113 174 199 366 1 0 1 "Stealing"
0 63 113 174 199 367 1 0 1 "Stealing"
0 63 113 174 199 368 1 0 1 "Stealing"
0 63 113 174 199 369 1 0 1 "Stealing"
0 63 113 174 199 370 1 0 1 "Stealing"
0 63 113 174 199 371 1 0 1 "Stealing"
0 63 113 174 199 372 1 0 1 "Stealing"
0 63 113 174 199 373 1 0 1 "Stealing"
0 63 113 174 199 374 1 0 1 "Stealing"
0 63 113 174 199 375 1 0 1 "Stealing"
0 63 113 174 199 376 1 0 1 "Stealing"
0 63 113 174 199 377 1 0 1 "Stealing"
0 63 113 174 199 378 1 0 1 "Stealing"
0 63 113 174 199 379 1 0 1 "Stealing"
0 63 113 174 199 380 1 0 1 "Stealing"
0 63 113 174 199 381 1 0 1 "Stealing"
0 63 113 174 199 382 1 0 1 "Stealing"
0 63 113 174 199 383 1 0 1 "Stealing"
0 63 113 174 199 384 1 0 1 "Stealing"
0 63 113 174 199 385 1 0 1 "Stealing"
0 63 113 174 199 386 1 0 1 "Stealing"
0 63 113 174 199 387 1 0 1 "Stealing"
0 63 113 174 199 388 1 0 1 "Stealing"
0 63 113 174 199 389 1 0 1 "Stealing"
0 63 113 174 199 390 1 0 1 "Stealing"
0 63 113 174 199 391 1 0 1 "Stealing"
0 63 113 174 199 392 1 0 1 "Stealing"
0 63 113 174 199 393 1 0 1 "Stealing"
0 63 113 174 199 394 1 0 1 "Stealing"
0 63 113 174 199 395 1 0 1 "Stealing"
0 63 113 174 199 396 1 0 1 "Stealing"
0 63 113 174 199 397 1 0 1 "Stealing"
0 63 113 174 199 398 1 0 1 "Stealing"
0 63 113 174 199 399 1 0 1 "Stealing"
0 63 113 174 199 400 1 0 1 "Stealing"
0 63 113 174 199 401 1 0 1 "Stealing"
0 63 113 174 199 402 1 0 1 "Stealing"
0 63 113 174 199 403 1 0 1 "Stealing"
0 63 113 174 199 404 1 0 1 "Stealing"
0 63 113 174 199 405 1 0 1 "Stealing"
0 63 113 174 199 406 1 0 1 "Stealing"
0 63 113 174 199 407 1 0 1 "Stealing"
0 63 113 174 199 408 1 0 1 "Stealing"
0 63 113 174 199 409 1 0 1 "Stealing"
0 63 113 174 199 410 1 0 1 "Stealing"
0 63 113 174 199 411 1 0 1 "Stealing"
0 63 113 174 199 412 1 0 1 "Stealing"
0 63 113 174 199 413 1 0 1 "Stealing"
0 63 113 174 199 414 1 0 1 "Stealing"
0 63 113 174 199 415 1 0 1 "Stealing"
0 63 113 174 199 416 1 0 1 "Stealing"
0 63 113 174 199 417 1 0 1 "Stealing"
0 63 113 174 199 418 1 0 1 "Stealing"
0 63 113 174 199 419 1 0 1 "Stealing"
0 63 113 174 199 420 1 0 1 "Stealing"
0 63 113 174 199 421 1 0 1 "Stealing"
0 63 113 174 199 422 1 0 1 "Stealing"
0 63 113 174 199 423 1 0 1 "Stealing"
0 63 113 174 199 424 1 0 1 "Stealing"
0 63 113 174 199 425 1 0 1 "Stealing"
0 63 113 174 199 426 1 0 1 "Stealing"
0 63 113 174 199 427 1 0 1 "Stealing"
0 63 113 174 199 428 1 0 1 "Stealing"
0 63 113 174 199 429 1 0 1 "Stealing"
0 63 113 174 199 430 1 0 1 "Stealing"
0 63 113 174 199 431 1 0 1 "Stealing"
0 63 113 174 199 432 1 0 1 "Stealing"
0 63 113 174 199 433 1 0 1 "Stealing"
0 63 113 174 199 434 1 0 1 "Stealing"
0 63 113 174 199 435 1 0 1 "Stealing"
0 63 113 174 199 436 1 0 1 "Stealing"
0 63 113 174 199 437 1 0 1 "Stealing"
0 63 113 174 199 438 1 0 1 "Stealing"
0 63 113 174 199 439 1 0 1 "Stealing"
0 63 113 174 199 440 1 0 1 "Stealing"
0 63 113 174 199 441 1 0 1 "Stealing"
0 63 113 174 199 442 1 0 1 "Stealing"
0 63 113 174 199 443 1 0 1 "Stealing"
0 63 113 174 199 444 1 0 1 "Stealing"
0 63 113 174 199 445 1 0 1 "Stealing"
0 63 113 174 199 446 1 0 1 "Stealing"
0 63 113 174 199 447 1 0 1 "Stealing"
0 63 113 174 199 448 1 0 1 "Stealing"
0 63 113 174 199 449 1 0 1 "Stealing"
0 63 113 174 199 450 1 0 1 "Stealing"
0 63 113 174 199 451 1 0 1 "Stealing"
0 63 113 174 199 452 1 0 1 "Stealing"
0 63 113 174 199 453 1 0 1 "Stealing"
0 63 113 174 199 454 1 0 1 "Stealing"
0 63 113 174 199 455 1 0 1 "Stealing"
0 63 113 174 199 456 1 0 1 "Stealing"
0 63 113 174 199 457 1 0 1 "Stealing"
0 63 113 174 199 458 1 0 1 "Stealing"
0 63 113 174 199 459 1 0 1 "Stealing"
0 63 113 174 199 460 1 0 1 "Stealing"
0 63 113 174 199 461 1 0 1 "Stealing"
0 63 113 174 199 462 1 0 1 "Stealing"
0 63 113 174 199 463 1 0 1 "Stealing"
0 63 113 174 199 464 1 0 1 "Stealing"
0 63 113 174 199 465 1 0 1 "Stealing"
0 63 113 174 199 466 1 0 1 "Stealing"
0 63 113 174 199 467 1 0 1 "Stealing"
0 63 113 174 199 468 1 0 1 "Stealing"
0 63 113 174 199 469 1 0 1 "Stealing"
0 63 113 174 199 470 1 0 1 "Stealing"
0 63 113 174 199 471 1 0 1 "Stealing"
0 63 113 174 199 472 1 0 1 "Stealing"
0 63 113 174 199 473 1 0 1 "Stealing"
0 63 113 174 199 474 1 0 1 "Stealing"
0 63 113 174 199 475 1 0 1 "Stealing"
0 63 113 174 199 476 1 0 1 "Stealing"
0 63 113 174 199 477 1 0 1 "Stealing"
0 63 113 174 199 478 1 0 1 "Stealing"
0 63 113 174 199 479 1 0 1 "Stealing"
0 63 113 174 199 480 1 0 1 "Stealing"
0 63 113 174 199 481 1 0 1 "Stealing"
0 63 113 174 199 482 1 0 1 "Stealing"
0 63 113 174 199 483 1 0 1 "Stealing"
0 63 113 174 199 484 1 0 1 "Stealing"
0 63 113 174 199 485 1 0 1 "Stealing"
0 63 113 174 199 486 1 0 1 "Stealing"
0 63 113 174 199 487 1 0 1 "Stealing"
0 63 113 174 199 488 1 0 1 "Stealing"
0 63 113 174 199 489 1 0 1 "Stealing"
0 63 113 174 199 490 1 0 1 "Stealing"
0 63 113 174 199 491 1 0 1 "Stealing"
0 63 113 174 199 492 1 0 1 "Stealing"
0 63 113 174 199 493 1 0 1 "Stealing"
0 63 113 174 199 494 1 0 1 "Stealing"
0 63 113 174 199 495 1 0 1 "Stealing"
0 63 113 174 199 496 1 0 1 "Stealing"
0 63 113 174 199 497 1 0 1 "Stealing"
0 63 113 174 199 498 1 0 1 "Stealing"
0 63 113 174 199 499 1 0 1 "Stealing"
0 63 113 174 199 500 1 0 1 "Stealing"
0 63 113 174 199 501 1 0 1 "Stealing"
0 63 113 174 199 502 1 0 1 "Stealing"
0 63 113 174 199 503 1 0 1 "Stealing"
0 63 113 174 199 504 1 0 1 "Stealing"
0 63 113 174 199 505 1 0 1 "Stealing"
0 63 113 174 199 506 1 0 1 "Stealing"
0 63 113 174 199 507 1 0 1 "Stealing"
0 63 113 174 199 508 1 0 1 "Stealing"
0 63 113 174 199 509 1 0 1 "Stealing"
0 63 113 174 199 510 1 0 1 "Stealing"
0 63 113 174 199 511 1 0 1 "Stealing"
0 63 113 174 199 512 1 0 1 "Stealing"
0 63 113 174 199 513 1 0 1 "Stealing"
0 63 113 174 199 514 1 0 1 "Stealing"
0 63 113 174 199 515 1 0 1 "Stealing"
0 63 113 174 199 516 1 0 1 "Stealing"
0 63 113 174 199 517 1 0 1 "Stealing"
0 63 113 174 199 518 1 0 1 "Stealing"
0 63 113 174 199 519 1 0 1 "Stealing"
0 63 113 174 199 520 1 0 1 "Stealing"
0 63 113 174 199 521 0 0 0 "Stealing"
0 63 113 173 199 522 0 0 1 "Stealing"
0 63 113 173 199 523 0 0 1 "Stealing"
0 63 113 173 199 524 0 0 1 "Stealing"
0 63 113 173 199 525 0 0 1 "Stealing"
0 63 113 173 200 526 0 0 1 "Stealing"
0 63 113 173 200 527 0 0 1 "Stealing"
0 63 113 173 200 528 0 0 1 "Stealing"
0 63 113 173 200 529 0 0 1 "Stealing"
0 63 113 173 200 530 0 0 1 "Stealing"
0 63 113 173 201 531 0 0 1 "Stealing"
0 63 113 173 201 532 0 0 1 "Stealing"
0 63 113 173 201 533 0 0 1 "Stealing"
0 63 113 173 201 534 0 0 1 "Stealing"
0 63 113 173 202 535 0 0 1 "Stealing"
0 63 113 173 202 536 0 0 1 "Stealing"
0 63 113 173 202 537 0 0 1 "Stealing"
0 63 113 173 202 538 0 0 1 "Stealing"
0 63 113 173 202 539 0 0 1 "Stealing"
0 63 113 173 203 540 0 0 1 "Stealing"
0 63 113 173 203 541 0 0 1 "Stealing"
0 63 113 173 203 542 0 0 1 "Stealing"
0 63 113 173 203 543 0 0 1 "Stealing"
0 63 113 173 204 544 0 0 1 "Stealing"
0 63 113 173 204 545 0 0 1 "Stealing"
0 63 113 173 204 546 0 0 1 "Stealing"
0 63 113 173 204 547 0 0 1 "Stealing"
0 63 113 173 204 548 0 0 1 "Stealing"
0 63 113 173 205 549 0 0 1 "Stealing"
0 63 113 173 205 550 0 0 1 "Stealing"
0 63 113 173 205 551 0 0 1 "Stealing"
0 63 113 173 205 552 0 0 1 "Stealing"
0 63 113 173 205 553 0 0 1 "Stealing"
0 63 113 173 206 554 0 0 1 "Stealing"
0 63 113 173 206 555 0 0 1 "Stealing"
0 63 113 173 206 556 0 0 1 "Stealing"
0 63 113 173 206 557 0 0 1 "Stealing"
0 63 113 173 207 558 0 0 1 "Stealing"
0 63 113 173 207 559 0 0 1 "Stealing"
0 63 113 173 207 560 0 0 1 "Stealing"
0 63 113 173 207 561 0 0 1 "Stealing"
0 63 113 173 207 562 0 0 1 "Stealing"
0 63 113 173 208 563 0 0 1 "Stealing"
0 63 113 173 208 564 0 0 1 "Stealing"
0 63 113 173 208 565 0 0 1 "Stealing"
0 63 113 173 208 566 0 0 1 "Stealing"
0 63 113 173 209 567 0 0 0 "Stealing"
0 63 113 172 208 568 0 0 1 "Stealing"
0 63 113 172 208 569 0 0 1 "Stealing"
0 63 113 172 208 570 0 0 1 "Stealing"
0 63 113 172 208 571 0 0 1 "Stealing"
0 63 113 171 208 572 0 0 1 "Stealing"
0 63 113 171 208 573 0 0 1 "Stealing"
0 63 113 171 208 574 0 0 1 "Stealing"
0 63 113 171 208 575 0 0 1 "Stealing"
0 63 113 170 208 576 0 0 1 "Stealing"
0 63 113 170 208 577 0 0 1 "Stealing"
0 63 113 170 208 578 0 0 1 "Stealing"
0 63 113 170 208 579 0 0 1 "Stealing"
0 63 113 169 208 580 0 0 1 "Stealing"
0 63 113 169 208 581 0 0 1 "Stealing"
0 63 113 169 208 582 0 0 1 "Stealing"
0 63 113 169 208 583 0 0 1 "Stealing"
0 63 113 168 208 584 0 0 1 "Stealing"
0 63 113 168 208 585 0 0 1 "Stealing"
0 63 113 168 208 586 0 0 1 "Stealing"
0 63 113 168 208 587 0 0 1 "Stealing"
0 63 113 167 208 588 0 0 1 "Stealing"
0 63 113 167 208 589 0 0 1 "Stealing"
0 63 113 167 208 590 0 0 1 "Stealing"
0 63 113 167 208 591 0 0 1 "Stealing"
0 63 113 166 208 592 0 0 1 "Stealing"
0 63 113 166 208 593 0 0 1 "Stealing"
0 63 113 166 208 594 0 0 1 "Stealing"
0 63 113 166 208 595 0 0 1 "Stealing"
0 63 113 165 208 596 0 0 1 "Stealing"
0 63 113 165 208 597 0 0 1 "Stealing"
0 63 113 165 208 598 0 0 1 "Stealing"
0 63 113 165 208 599 0 0 1 "Stealing"
0 63 113 164 208 600 0 0 1 "Stealing"
0 63 113 164 208 601 0 0 1 "Stealing"
0 63 113 164 208 602 0 0 1 "Stealing"
0 63 113 164 208 603 0 0 1 "Stealing"
0 63 113 163 208 604 0 0 1 "Stealing"
0 63 113 163 208 605 0 0 1 "Stealing"
0 63 113 163 208 606 0 0 1 "Stealing"
0 63 113 163 208 607 0 0 1 "Stealing"
0 63 113 163 208 608 0 0 0 "Stealing"
0 62 113 162 208 609 0 0 1 "Stealing"
0 62 113 162 208 610 0 0 1 "Stealing"
0 62 113 162 208 611 0 0 1 "Stealing"
0 62 113 162 208 612 0 0 1 "Stealing"
0 62 113 162 208 613 0 0 1 "Stealing"
0 62 113 162 208 614 0 0 1 "Stealing"
0 62 113 162 208 615 0 0 1 "Stealing"
0 62 113 162 208 616 0 0 1 "Stealing"
0 62 113 162 208 617 0 0 1 "Stealing"
0 62 113 162 208 618 0 0 1 "Stealing"
0 62 113 162 208 619 0 0 1 "Stealing"
0 62 113 162 208 620 0 0 1 "Stealing"
0 62 113 161 208 621 0 0 1 "Stealing"
0 62 113 161 208 622 0 0 1 "Stealing"
0 62 113 161 208 623 0 0 1 "Stealing"
0 62 113 161 208 624 0 0 1 "Stealing"
0 62 113 161 208 625 0 0 1 "Stealing"
0 62 113 161 208 626 0 0 1 "Stealing"
0 62 113 161 208 627 0 0 1 "Stealing"
0 62 113 161 208 628 0 0 1 "Stealing"
0 62 113 161 208 629 0 0 1 "Stealing"
0 62 114 161 208 630 0 0 1 "Stealing"
0 62 114 161 208 631 0 0 1 "Stealing"
0 62 114 161 208 632 0 0 1 "Stealing"
0 62 114 160 208 633 0 0 1 "Stealing"
0 62 114 160 208 634 0 0 1 "Stealing"
0 62 114 160 208 635 0 0 1 "Stealing"
0 62 114 160 208 636 0 0 1 "Stealing"
0 62 114 160 208 637 0 0 1 "Stealing"
0 62 114 160 208 638 0 0 1 "Stealing"
0 62 114 160 208 639 0 0 1 "Stealing"
0 62 114 160 208 640 0 0 1 "Stealing"
0 62 114 160 208 641 0 0 1 "Stealing"
0 62 114 160 208 642 0 0 1 "Stealing"
0 62 114 160 208 643 0 0 1 "Stealing"
0 62 114 160 208 644 0 0 1 "Stealing"
0 62 114 160 208 645 0 0 1 "Stealing"
0 62 114 159 208 646 0 0 1 "Stealing"
0 62 114 159 208 647 0 0 1 "Stealing"
0 62 114 159 208 648 0 0 1 "Stealing"
0 62 114 159 208 649 0 0 1 "Stealing"
0 62 114 159 208 650 0 0 1 "Stealing"
0 62 114 159 208 651 0 0 1 "Stealing"
0 62 115 159 208 652 0 0 1 "Stealing"
0 62 115 159 208 653 0 0 1 "Stealing"
0 62 115 159 208 654 0 0 1 "Stealing"
0 62 115 159 208 655 0 0 1 "Stealing"
0 62 115 159 208 656 0 0 1 "Stealing"
0 62 115 159 208 657 0 0 1 "Stealing"
0 62 115 158 208 658 0 0 1 "Stealing"
0 62 115 158 208 659 0 0 1 "Stealing"
0 62 115 158 208 660 0 0 1 "Stealing"
0 62 115 158 208 661 0 0 1 "Stealing"
0 62 115 158 208 662 0 0 1 "Stealing"
0 62 115 158 208 663 0 0 1 "Stealing"
0 62 115 158 208 664 0 0 1 "Stealing"
0 62 115 158 208 665 0 0 1 "Stealing"
0 62 115 158 208 666 0 0 1 "Stealing"
0 62 115 158 208 667 0 0 1 "Stealing"
0 62 115 158 208 668 0 0 1 "Stealing"
0 62 115 158 208 669 0 0 1 "Stealing"
0 62 115 158 208 670 0 0 1 "Stealing"
0 62 115 157 208 671 0 0 1 "Stealing"
0 62 115 157 208 672 0 0 1 "Stealing"
0 62 115 157 208 673 0 0 1 "Stealing"
0 62 116 157 208 674 0 0 1 "Stealing"
0 62 116 157 208 675 0 0 1 "Stealing"
0 62 116 157 208 676 0 0 1 "Stealing"
0 62 116 157 208 677 0 0 1 "Stealing"
0 62 116 157 208 678 0 0 1 "Stealing"
0 62 116 157 208 679 0 0 1 "Stealing"
0 62 116 157 208 680 0 0 1 "Stealing"
0 62 116 157 208 681 0 0 1 "Stealing"
0 62 116 157 208 682 0 0 1 "Stealing"
0 62 116 156 208 683 0 0 1 "Stealing"
0 62 116 156 208 684 0 0 1 "Stealing"
0 62 116 156 208 685 0 0 1 "Stealing"
0 62 116 156 208 686 0 0 1 "Stealing"
0 62 116 156 208 687 0 0 1 "Stealing"
0 62 116 156 208 688 0 0 1 "Stealing"
0 62 116 156 208 689 0 0 1 "Stealing"
0 62 116 156 208 690 0 0 1 "Stealing"
0 62 116 156 208 691 0 0 1 "Stealing"
0 62 116 156 208 692 0 0 1 "Stealing"
0 62 116 156 208 693 0 0 1 "Stealing"
0 62 116 156 208 694 0 0 1 "Stealing"
0 62 117 156 208 695 0 0 0 "Stealing"
0 61 117 155 208 696 0 0 1 "Stealing"
0 61 117 155 208 697 0 0 1 "Stealing"
0 61 117 155 208 698 0 0 1 "Stealing"
0 61 117 155 208 699 0 0 1 "Stealing"
0 61 117 155 208 700 0 0 1 "Stealing"
0 61 117 155 208 701 0 0 1 "Stealing"
0 61 117 155 208 702 0 0 1 "Stealing"
0 61 117 155 208 703 0 0 1 "Stealing"
0 61 117 155 208 704 0 0 1 "Stealing"
0 61 117 155 208 705 0 0 1 "Stealing"
0 61 117 155 208 706 0 0 1 "Stealing"
0 61 117 155 208 707 0 0 1 "Stealing"
0 60 117 154 208 708 0 0 1 "Stealing"
0 60 117 154 208 709 0 0 1 "Stealing"
0 60 117 154 208 710 0 0 1 "Stealing"
0 60 117 154 208 711 0 0 1 "Stealing"
0 60 117 154 208 712 0 0 1 "Stealing"
0 60 117 154 208 713 0 0 1 "Stealing"
0 60 117 154 208 714 0 0 1 "Stealing"
0 60 117 154 208 715 0 0 1 "Stealing"
0 60 117 154 208 716 0 0 1 "Stealing"
0 60 117 154 208 717 0 0 1 "Stealing"
0 60 117 154 208 718 0 0 1 "Stealing"
0 60 117 154 208 719 0 0 1 "Stealing"
0 59 117 153 208 720 0 0 1 "Stealing"
0 59 117 153 208 721 0 0 1 "Stealing"
0 59 117 153 208 722 0 0 1 "Stealing"
0 59 117 153 208 723 0 0 1 "Stealing"
0 59 117 153 208 724 0 0 1 "Stealing"
0 59 117 153 208 725 0 0 1 "Stealing"
0 59 117 153 208 726 0 0 1 "Stealing"
0 59 117 153 208 727 0 0 1 "Stealing"
0 59 117 153 208 728 0 0 1 "Stealing"
0 59 117 153 208 729 0 0 1 "Stealing"
0 59 117 153 208 730 0 0 1 "Stealing"
0 59 117 153 208 731 0 0 1 "Stealing"
0 59 117 153 208 732 0 0 1 "Stealing"
0 58 117 152 208 733 0 0 1 "Stealing"
0 58 117 152 208 734 0 0 1 "Stealing"
0 58 117 152 208 735 0 0 1 "Stealing"
0 58 117 152 208 736 0 0 1 "Stealing"
0 58 117 152 208 737 0 0 1 "Stealing"
0 58 117 152 208 738 0 0 1 "Stealing"
0 58 117 152 208 739 0 0 1 "Stealing"
0 58 117 152 208 740 0 0 1 "Stealing"
0 58 117 152 208 741 0 0 1 "Stealing"
0 58 117 152 208 742 0 0 1 "Stealing"
0 58 117 152 208 743 0 0 1 "Stealing"
0 58 117 152 208 744 0 0 1 "Stealing"
0 57 117 151 208 745 0 0 1 "Stealing"
0 57 117 151 208 746 0 0 1 "Stealing"
0 57 117 151 208 747 0 0 1 "Stealing"
0 57 117 151 208 748 0 0 1 "Stealing"
0 57 117 151 208 749 0 0 1 "Stealing"
0 57 117 151 208 750 0 0 1 "Stealing"
0 57 117 151 208 751 0 0 1 "Stealing"
0 57 117 151 208 752 0 0 1 "Stealing"
0 57 117 151 208 753 0 0 1 "Stealing"
0 57 117 151 208 754 0 0 1 "Stealing"
0 57 117 151 208 755 0 0 1 "Stealing"
0 57 117 151 208 756 0 0 1 "Stealing"
0 57 117 151 208 757 0 0 1 "Stealing"
0 56 117 150 208 758 0 0 1 "Stealing"
0 56 117 150 208 759 0 0 1 "Stealing"
0 56 117 150 208 760 0 0 1 "Stealing"
0 56 117 150 208 761 0 0 1 "Stealing"
0 56 117 150 208 762 0 0 1 "Stealing"
0 56 117 150 208 763 0 0 1 "Stealing"
0 56 117 150 208 764 0 0 1 "Stealing"
0 56 117 150 208 765 0 0 1 "Stealing"
0 56 117 150 208 766 0 0 1 "Stealing"
0 56 117 150 208 767 0 0 1 "Stealing"
0 56 117 150 208 768 0 0 1 "Stealing"
0 56 117 150 208 769 0 0 1 "Stealing"
0 55 117 149 208 770 0 0 1 "Stealing"
0 55 117 149 208 771 0 0 1 "Stealing"
0 55 117 149 208 772 0 0 1 "Stealing"
0 55 117 149 208 773 0 0 1 "Stealing"
0 55 117 149 208 774 0 0 1 "Stealing"
0 55 117 149 208 775 0 0 1 "Stealing"
0 55 117 149 208 776 0 0 1 "Stealing"
0 55 117 149 208 777 0 0 1 "Stealing"
0 55 117 149 208 778 0 0 1 "Stealing"
0 55 117 149 208 779 0 0 1 "Stealing"
0 55 117 149 208 780 0 0 1 "Stealing"
0 55 117 149 208 781 0 0 1 "Stealing"
0 55 117 149 208 782 0 0 0 "Stealing"
0 54 116 148 207 783 0 0 1 "Stealing"
0 54 116 148 207 784 0 0 1 "Stealing"
0 54 116 148 207 785 0 0 1 "Stealing"
0 54 116 148 207 786 0 0 1 "Stealing"
0 54 116 148 207 787 0 0 1 "Stealing"
0 54 116 148 207 788 0 0 1 "Stealing"
0 54 116 148 207 789 0 0 1 "Stealing"
0 54 116 148 207 790 0 0 1 "Stealing"
0 54 116 148 207 791 0 0 1 "Stealing"
0 54 116 148 207 792 0 0 1 "Stealing"
0 54 116 148 207 793 0 0 1 "Stealing"
0 54 116 148 207 794 0 0 1 "Stealing"
0 54 116 148 207 795 0 0 1 "Stealing"
0 54 116 148 207 796 0 0 1 "Stealing"
0 54 116 148 207 797 0 0 1 "Stealing"
0 54 116 148 207 798 0 0 1 "Stealing"
0 54 116 148 207 799 0 0 1 "Stealing"
0 53 116 147 207 800 0 0 1 "Stealing"
0 53 116 147 207 801 0 0 1 "Stealing"
0 53 116 147 207 802 0 0 1 "Stealing"
0 53 116 147 207 803 0 0 1 "Stealing"
0 53 116 147 207 804 0 0 1 "Stealing"
0 53 116 147 207 805 0 0 1 "Stealing"
0 53 116 147 207 806 0 0 1 "Stealing"
0 53 116 147 207 807 0 0 1 "Stealing"
0 53 116 147 207 808 0 0 1 "Stealing"
0 53 116 147 207 809 0 0 1 "Stealing"
0 53 116 147 207 810 0 0 1 "Stealing"
0 53 116 147 207 811 0 0 1 "Stealing"
0 53 116 147 207 812 0 0 1 "Stealing"
0 53 116 147 207 813 0 0 1 "Stealing"
0 53 116 147 207 814 0 0 1 "Stealing"
0 53 116 147 207 815 0 0 1 "Stealing"
0 53 116 147 207 816 0 0 0 "Stealing"
0 51 115 139 206 817 0 0 1 "Stealing"
0 49 114 131 205 818 0 0 1 "Stealing"
0 48 114 123 204 819 0 0 0 "Stealing"
0 47 113 122 203 820 0 0 1 "Stealing"
0 47 113 122 203 821 0 0 1 "Stealing"
0 46 113 121 203 822 0 0 1 "Stealing"
0 46 112 121 202 823 0 0 1 "Stealing"
0 45 112 120 202 824 0 0 1 "Stealing"
0 45 112 120 202 825 0 0 1 "Stealing"
0 45 111 120 201 826 0 0 1 "Stealing"
0 44 111 119 201 827 0 0 1 "Stealing"
0 44 111 119 201 828 0 0 1 "Stealing"
0 43 110 118 200 829 0 0 1 "Stealing"
0 43 110 118 200 830 0 0 1 "Stealing"
0 43 110 118 200 831 0 0 0 "Stealing"
0 43 109 118 199 832 0 0 1 "Stealing"
0 43 109 118 199 833 0 0 1 "Stealing"
0 43 108 118 198 834 0 0 1 "Stealing"
0 44 108 119 198 835 0 0 1 "Stealing"
0 44 108 119 198 836 0 0 1 "Stealing"
0 44 107 119 197 837 0 0 1 "Stealing"
0 44 107 119 197 838 0 0 1 "Stealing"
0 45 107 120 197 839 0 0 1 "Stealing"
0 45 106 120 196 840 0 0 1 "Stealing"
0 45 106 120 196 841 0 0 1 "Stealing"
0 45 106 120 196 842 0 0 1 "Stealing"
0 46 105 121 195 843 0 0 1 "Stealing"
0 46 105 121 195 844 0 0 1 "Stealing"
0 46 105 121 195 845 0 0 1 "Stealing"
0 46 104 121 194 846 0 0 1 "Stealing"
0 47 104 122 194 847 0 0 1 "Stealing"
0 47 104 122 194 848 0 0 1 "Stealing"
0 47 103 122 193 849 0 0 1 "Stealing"
0 47 103 122 193 850 0 0 1 "Stealing"
0 48 103 123 193 851 1 0 0 "Stealing"
0 48 102 123 192 852 1 0 1 "Stealing"
0 49 102 124 192 853 1 0 1 "Stealing"
0 50 101 125 191 854 1 0 1 "Stealing"
0 50 101 125 191 855 1 0 1 "Stealing"
0 51 100 126 190 856 1 0 1 "Stealing"
0 52 100 127 190 857 1 0 0 "Stealing"
0 52 100 127 190 858 1 0 1 "Stealing"
0 52 100 128 190 859 1 0 1 "Stealing"
0 53 100 129 190 860 1 0 1 "Stealing"
0 53 100 129 190 861 1 0 1 "Stealing"
0 54 101 130 190 862 1 0 1 "Stealing"
0 54 101 131 190 863 1 0 1 "Stealing"
0 55 101 132 191 864 1 0 1 "Stealing"
0 55 101 132 191 865 1 0 1 "Stealing"
0 55 102 133 191 866 1 0 1 "Stealing"
0 56 102 134 191 867 1 0 1 "Stealing"
0 56 102 134 191 868 1 0 1 "Stealing"
0 57 102 135 191 869 1 0 1 "Stealing"
0 57 102 136 192 870 1 0 1 "Stealing"
0 58 103 137 192 871 1 0 1 "Stealing"
0 58 103 137 192 872 1 0 1 "Stealing"
0 58 103 138 192 873 1 0 1 "Stealing"
0 59 103 139 192 874 1 0 1 "Stealing"
0 59 104 139 192 875 1 0 1 "Stealing"
0 60 104 140 193 876 1 0 1 "Stealing"
0 60 104 141 193 877 1 0 1 "Stealing"
0 61 104 142 193 878 1 0 1 "Stealing"
0 61 105 142 193 879 1 0 1 "Stealing"
0 62 105 143 193 880 1 0 1 "Stealing"
0 62 105 144 193 881 1 0 1 "Stealing"
0 62 105 144 193 882 1 0 1 "Stealing"
0 63 105 145 194 883 1 0 1 "Stealing"
0 63 106 146 194 884 1 0 1 "Stealing"
0 64 106 147 194 885 1 0 1 "Stealing"
0 64 106 147 194 886 1 0 1 "Stealing"
0 65 106 148 194 887 1 0 1 "Stealing"
0 65 107 149 194 888 1 0 1 "Stealing"
0 65 107 149 195 889 1 0 1 "Stealing"
0 66 107 150 195 890 1 0 1 "Stealing"
0 66 107 151 195 891 1 0 1 "Stealing"
0 67 108 152 195 892 1 0 1 "Stealing"
0 67 108 152 195 893 1 0 1 "Stealing"
0 68 108 153 195 894 1 0 1 "Stealing"
0 68 108 154 196 895 1 0 1 "Stealing"
0 69 108 154 196 896 1 0 1 "Stealing"
0 69 109 155 196 897 1 0 1 "Stealing"
0 69 109 156 196 898 1 0 1 "Stealing"
0 70 109 157 196 899 1 0 1 "Stealing"
0 70 109 157 196 900 1 0 1 "Stealing"
0 71 110 158 196 901 1 0 1 "Stealing"
0 71 110 159 197 902 1 0 1 "Stealing"
0 72 110 159 197 903 1 0 1 "Stealing"
0 72 110 160 197 904 1 0 1 "Stealing"
0 72 111 161 197 905 1 0 1 "Stealing"
0 73 111 162 197 906 1 0 1 "Stealing"
0 73 111 162 197 907 1 0 1 "Stealing"
0 74 111 163 198 908 1 0 1 "Stealing"
0 74 111 164 198 909 1 0 1 "Stealing"
0 75 112 164 198 910 1 0 1 "Stealing"
0 75 112 165 198 911 1 0 1 "Stealing"
0 76 112 166 198 912 1 0 1 "Stealing"
0 76 112 167 198 913 1 0 1 "Stealing"
0 76 113 167 199 914 1 0 1 "Stealing"
0 77 113 168 199 915 1 0 1 "Stealing"
0 77 113 169 199 916 1 0 1 "Stealing"
0 78 113 169 199 917 1 0 1 "Stealing"
0 78 114 170 199 918 1 0 1 "Stealing"
0 79 114 171 199 919 1 0 1 "Stealing"
0 79 114 172 200 920 1 0 1 "Stealing"
0 79 114 172 200 921 1 0 1 "Stealing"
0 80 114 173 200 922 1 0 1 "Stealing"
0 80 115 174 200 923 1 0 1 "Stealing"
0 81 115 174 200 924 1 0 1 "Stealing"
0 81 115 175 200 925 1 0 1 "Stealing"
0 82 115 176 200 926 1 0 1 "Stealing"
0 82 116 177 201 927 1 0 1 "Stealing"
0 82 116 177 201 928 1 0 1 "Stealing"
0 83 116 178 201 929 1 0 1 "Stealing"
0 83 116 179 201 930 1 0 1 "Stealing"
0 84 117 179 201 931 1 0 1 "Stealing"
0 84 117 180 201 932 1 0 1 "Stealing"
0 85 117 181 202 933 1 0 1 "Stealing"
0 85 117 182 202 934 1 0 1 "Stealing"
0 86 117 182 202 935 1 0 1 "Stealing"
0 86 118 183 202 936 1 0 1 "Stealing"
0 86 118 184 202 937 1 0 1 "Stealing"
0 87 118 184 202 938 1 0 1 "Stealing"
0 87 118 185 203 939 1 0 1 "Stealing"
0 88 119 186 203 940 1 0 1 "Stealing"
0 88 119 187 203 941 1 0 1 "Stealing"
0 89 119 187 203 942 1 0 1 "Stealing"
0 89 119 188 203 943 1 0 1 "Stealing"
0 89 120 189 203 944 1 0 1 "Stealing"
0 90 120 189 203 945 1 0 1 "Stealing"
0 90 120 190 204 946 1 0 1 "Stealing"
0 91 120 191 204 947 1 0 1 "Stealing"
0 91 120 192 204 948 1 0 1 "Stealing"
0 92 121 192 204 949 1 0 1 "Stealing"
0 92 121 193 204 950 1 0 1 "Stealing"
0 93 121 194 204 951 1 0 1 "Stealing"
0 93 121 194 205 952 1 0 1 "Stealing"
0 93 122 195 205 953 1 0 1 "Stealing"
0 94 122 196 205 954 1 0 1 "Stealing"
0 94 122 197 205 955 1 0 1 "Stealing"
0 95 122 197 205 956 1 0 1 "Stealing"
0 95 123 198 205 957 1 0 1 "Stealing"
0 96 123 199 206 958 1 0 1 "Stealing"
0 96 123 199 206 959 1 0 1 "Stealing"
0 96 123 200 206 960 1 0 1 "Stealing"
0 97 123 201 206 961 1 0 1 "Stealing"
0 97 124 202 206 962 1 0 1 "Stealing"
0 98 124 202 206 963 1 0 1 "Stealing"
0 98 124 203 206 964 1 0 1 "Stealing"
0 99 124 204 207 965 1 0 1 "Stealing"
0 99 125 204 207 966 1 0 1 "Stealing"
0 100 125 205 207 967 1 0 1 "Stealing"
0 100 125 206 207 968 1 0 1 "Stealing"
0 100 125 207 207 969 1 0 1 "Stealing"
0 101 126 207 207 970 1 0 1 "Stealing"
0 101 126 208 208 971 1 0 1 "Stealing"
0 102 126 209 208 972 1 0 1 "Stealing"
0 102 126 209 208 973 1 0 1 "Stealing"
0 103 126 210 208 974 1 0 1 "Stealing"
0 103 127 211 208 975 1 0 1 "Stealing"
0 103 127 212 208 976 1 0 1 "Stealing"
0 104 127 212 209 977 1 0 1 "Stealing"
0 104 127 213 209 978 1 0 1 "Stealing"
0 105 128 214 209 979 1 0 1 "Stealing"
0 105 128 214 209 980 1 0 1 "Stealing"
0 106 128 215 209 981 1 0 1 "Stealing"
0 106 128 216 209 982 1 0 1 "Stealing"
0 107 129 217 210 983 0 0 0 "Stealing"
0 106 129 216 210 984 0 0 1 "Stealing"
0 106 129 216 210 985 0 0 1 "Stealing"
0 106 129 216 210 986 0 0 1 "Stealing"
0 106 129 216 210 987 0 0 1 "Stealing"
0 106 129 216 210 988 0 0 1 "Stealing"
0 106 129 216 210 989 0 0 1 "Stealing"
0 106 129 216 210 990 0 0 1 "Stealing"
0 106 129 216 210 991 0 0 1 "Stealing"
0 106 129 216 210 992 0 0 1 "Stealing"
0 106 129 216 210 993 0 0 1 "Stealing"
0 106 129 216 210 994 0 0 1 "Stealing"
0 106 129 216 210 995 0 0 1 "Stealing"
0 106 129 216 210 996 0 0 1 "Stealing"
0 106 129 216 210 997 0 0 1 "Stealing"
0 106 129 216 210 998 0 0 1 "Stealing"
0 106 129 216 210 999 0 0 1 "Stealing"
0 106 129 216 210 1000 0 0 1 "Stealing"
0 106 129 216 210 1001 0 0 1 "Stealing"
0 106 129 216 210 1002 0 0 1 "Stealing"
0 106 129 216 210 1003 0 0 1 "Stealing"
0 106 129 216 210 1004 0 0 1 "Stealing"
0 106 129 216 210 1005 0 0 1 "Stealing"
0 106 129 216 210 1006 0 0 1 "Stealing"
0 106 129 216 210 1007 0 0 1 "Stealing"
0 105 129 215 210 1008 0 0 1 "Stealing"
0 105 129 215 210 1009 0 0 1 "Stealing"
0 105 129 215 210 1010 0 0 1 "Stealing"
0 105 129 215 210 1011 0 0 1 "Stealing"
0 105 129 215 210 1012 0 0 1 "Stealing"
0 105 129 215 210 1013 0 0 1 "Stealing"
0 105 129 215 210 1014 0 0 1 "Stealing"
0 105 129 215 210 1015 0 0 1 "Stealing"
0 105 129 215 210 1016 0 0 1 "Stealing"
0 105 129 215 210 1017 0 0 1 "Stealing"
0 105 129 215 210 1018 0 0 1 "Stealing"
0 105 129 215 210 1019 0 0 1 "Stealing"
0 105 129 215 210 1020 0 0 1 "Stealing"
0 105 129 215 210 1021 0 0 1 "Stealing"
0 105 129 215 210 1022 0 0 1 "Stealing"
0 105 129 215 210 1023 0 0 1 "Stealing"
0 105 129 215 210 1024 0 0 1 "Stealing"
0 105 129 215 210 1025 0 0 1 "Stealing"
0 105 129 215 210 1026 0 0 1 "Stealing"
0 105 129 215 210 1027 0 0 1 "Stealing"
0 105 129 215 210 1028 0 0 1 "Stealing"
0 105 129 215 210 1029 0 0 1 "Stealing"
0 105 129 215 210 1030 0 0 1 "Stealing"
0 105 129 215 210 1031 0 0 0 "Stealing"
0 104 128 214 209 1032 0 0 1 "Stealing"
0 104 128 214 209 1033 0 0 1 "Stealing"
0 104 128 214 209 1034 0 0 1 "Stealing"
0 104 128 214 209 1035 0 0 1 "Stealing"
0 104 128 214 209 1036 0 0 1 "Stealing"
0 103 128 213 209 1037 0 0 1 "Stealing"
0 103 128 213 209 1038 0 0 1 "Stealing"
0 103 128 213 209 1039 0 0 1 "Stealing"
0 103 128 213 209 1040 0 0 1 "Stealing"
0 103 128 213 209 1041 0 0 1 "Stealing"
0 103 128 213 209 1042 0 0 1 "Stealing"
0 102 128 212 209 1043 0 0 1 "Stealing"
0 102 128 212 209 1044 0 0 1 "Stealing"
0 102 128 212 209 1045 0 0 1 "Stealing"
0 102 128 212 209 1046 0 0 1 "Stealing"
0 102 128 212 209 1047 0 0 1 "Stealing"
0 101 128 211 209 1048 0 0 1 "Stealing"
0 101 128 211 209 1049 0 0 1 "Stealing"
0 101 128 211 209 1050 0 0 1 "Stealing"
0 101 128 211 209 1051 0 0 1 "Stealing"
0 101 128 211 209 1052 0 0 1 "Stealing"
0 101 128 211 209 1053 0 0 1 "Stealing"
0 100 128 210 209 1054 0 0 1 "Stealing"
0 100 128 210 209 1055 0 0 1 "Stealing"
0 100 128 210 209 1056 0 0 1 "Stealing"
0 100 128 210 209 1057 0 0 1 "Stealing"
0 100 128 210 209 1058 0 0 1 "Stealing"
0 99 128 209 209 1059 0 0 1 "Stealing"
0 99 128 209 209 1060 0 0 1 "Stealing"
0 99 128 209 209 1061 0 0 1 "Stealing"
0 99 128 209 209 1062 0 0 1 "Stealing"
0 99 128 209 209 1063 0 0 1 "Stealing"
0 99 128 209 209 1064 0 0 1 "Stealing"
0 98 128 208 209 1065 0 0 1 "Stealing"
0 98 128 208 209 1066 0 0 1 "Stealing"
0 98 128 208 209 1067 0 0 1 "Stealing"
0 98 128 208 209 1068 0 0 1 "Stealing"
0 98 128 208 209 1069 0 0 1 "Stealing"
0 97 128 207 209 1070 0 0 1 "Stealing"
0 97 128 207 209 1071 0 0 1 "Stealing"
0 97 128 207 209 1072 0 0 1 "Stealing"
0 97 128 207 209 1073 0 0 1 "Stealing"
0 97 128 207 209 1074 0 0 1 "Stealing"
0 97 128 207 209 1075 0 0 1 "Stealing"
0 96 128 206 209 1076 0 0 1 "Stealing"
0 96 128 206 209 1077 0 0 1 "Stealing"
0 96 128 206 209 1078 0 0 1 "Stealing"
0 96 128 206 209 1079 0 0 1 "Stealing"
0 96 128 206 209 1080 0 0 1 "Stealing"
0 96 128 206 209 1081 0 0 0 "Stealing"
0 96 127 206 208 1082 0 0 1 "Stealing"
0 96 127 206 208 1083 0 0 1 "Stealing"
0 96 127 206 208 1084 0 0 1 "Stealing"
0 96 127 206 208 1085 0 0 1 "Stealing"
0 96 127 206 208 1086 0 0 1 "Stealing"
0 96 127 206 208 1087 0 0 1 "Stealing"
0 96 127 206 208 1088 0 0 1 "Stealing"
0 96 127 206 208 1089 0 0 1 "Stealing"
0 97 127 207 208 1090 0 0 1 "Stealing"
0 97 127 207 208 1091 0 0 1 "Stealing"
0 97 127 207 208 1092 0 0 1 "Stealing"
0 97 127 207 208 1093 0 0 1 "Stealing"
0 97 127 207 208 1094 0 0 1 "Stealing"
0 97 127 207 208 1095 0 0 1 "Stealing"
0 97 127 207 208 1096 0 0 1 "Stealing"
0 97 127 207 208 1097 0 0 1 "Stealing"
0 97 127 207 208 1098 0 0 1 "Stealing"
0 98 127 208 208 1099 0 0 1 "Stealing"
0 98 127 208 208 1100 0 0 1 "Stealing"
0 98 127 208 208 1101 0 0 1 "Stealing"
0 98 127 208 208 1102 0 0 1 "Stealing"
0 98 127 208 208 1103 0 0 1 "Stealing"
0 98 127 208 208 1104 0 0 1 "Stealing"
0 98 127 208 208 1105 0 0 1 "Stealing"
0 98 127 208 208 1106 0 0 1 "Stealing"
0 99 127 209 208 1107 0 0 1 "Stealing"
0 99 127 209 208 1108 0 0 1 "Stealing"
0 99 127 209 208 1109 0 0 1 "Stealing"
0 99 127 209 208 1110 0 0 1 "Stealing"
0 99 127 209 208 1111 0 0 1 "Stealing"
0 99 127 209 208 1112 0 0 1 "Stealing"
0 99 127 209 208 1113 0 0 1 "Stealing"
0 99 127 209 208 1114 0 0 1 "Stealing"
0 99 127 209 208 1115 0 0 1 "Stealing"
0 100 127 210 208 1116 0 0 1 "Stealing"
0 100 127 210 208 1117 0 0 1 "Stealing"
0 100 127 210 208 1118 0 0 1 "Stealing"
0 100 127 210 208 1119 0 0 1 "Stealing"
0 100 127 210 208 1120 0 0 1 "Stealing"
0 100 127 210 208 1121 0 0 1 "Stealing"
0 100 127 210 208 1122 0 0 1 "Stealing"
0 100 127 210 208 1123 0 0 1 "Stealing"
0 101 127 211 208 1124 0 0 1 "Stealing"
0 101 127 211 208 1125 0 0 1 "Stealing"
0 101 127 211 208 1126 0 0 1 "Stealing"
0 101 127 211 208 1127 0 0 1 "Stealing"
0 101 127 211 208 1128 0 0 1 "Stealing"
0 101 127 211 208 1129 0 0 1 "Stealing"
0 101 127 211 208 1130 0 0 1 "Stealing"
0 101 127 211 208 1131 0 0 1 "Stealing"
0 101 127 211 208 1132 0 0 1 "Stealing"
0 102 127 212 208 1133 0 0 1 "Stealing"
0 102 127 212 208 1134 0 0 1 "Stealing"
0 102 127 212 208 1135 0 0 1 "Stealing"
0 102 127 212 208 1136 0 0 1 "Stealing"
0 102 127 212 208 1137 0 0 1 "Stealing"
0 102 127 212 208 1138 0 0 1 "Stealing"
0 102 127 212 208 1139 0 0 1 "Stealing"
0 102 127 212 208 1140 0 0 1 "Stealing"
0 103 127 213 208 1141 0 0 0 "Stealing"
0 103 127 213 208 1142 0 0 1 "Stealing"
0 103 127 213 208 1143 0 0 1 "Stealing"
0 103 127 213 208 1144 0 0 1 "Stealing"
0 103 127 213 208 1145 0 0 1 "Stealing"
0 103 127 213 208 1146 0 0 1 "Stealing"
0 103 127 213 208 1147 0 0 1 "Stealing"
0 103 127 213 208 1148 0 0 1 "Stealing"
0 103 127 213 208 1149 0 0 1 "Stealing"
0 103 127 213 208 1150 0 0 1 "Stealing"
0 103 127 213 208 1151 0 0 1 "Stealing"
0 103 127 213 208 1152 0 0 1 "Stealing"
0 103 127 213 208 1153 0 0 1 "Stealing"
0 103 127 213 208 1154 0 0 1 "Stealing"
0 103 127 213 208 1155 0 0 1 "Stealing"
0 103 127 213 208 1156 0 0 1 "Stealing"
0 103 127 213 208 1157 0 0 1 "Stealing"
0 103 127 213 208 1158 0 0 1 "Stealing"
0 103 127 213 208 1159 0 0 1 "Stealing"
0 103 127 213 208 1160 0 0 1 "Stealing"
0 103 127 213 208 1161 0 0 1 "Stealing"
0 103 127 213 208 1162 0 0 1 "Stealing"
0 103 127 213 208 1163 0 0 1 "Stealing"
0 103 127 213 208 1164 0 0 1 "Stealing"
0 103 127 213 208 1165 0 0 1 "Stealing"
0 103 127 213 208 1166 0 0 1 "Stealing"
0 103 127 213 208 1167 0 0 1 "Stealing"
0 103 127 213 208 1168 0 0 1 "Stealing"
0 103 127 213 208 1169 0 0 1 "Stealing"
0 103 127 213 208 1170 0 0 1 "Stealing"
0 103 127 213 208 1171 0 0 1 "Stealing"
0 103 127 213 208 1172 0 0 1 "Stealing"
0 103 127 213 208 1173 0 0 1 "Stealing"
0 103 127 213 208 1174 0 0 1 "Stealing"
0 103 127 213 208 1175 0 0 1 "Stealing"
0 103 127 213 208 1176 0 0 1 "Stealing"
0 103 127 213 208 1177 0 0 1 "Stealing"
0 103 127 213 208 1178 0 0 1 "Stealing"
0 103 127 213 208 1179 0 0 1 "Stealing"
0 103 127 213 208 1180 0 0 1 "Stealing"
0 103 127 213 208 1181 0 0 1 "Stealing"
0 103 127 213 208 1182 0 0 1 "Stealing"
0 103 127 213 208 1183 0 0 1 "Stealing"
0 103 127 213 208 1184 0 0 1 "Stealing"
0 103 127 213 208 1185 0 0 1 "Stealing"
0 103 127 213 208 1186 0 0 1 "Stealing"
0 103 127 213 208 1187 0 0 1 "Stealing"
0 103 127 213 208 1188 0 0 1 "Stealing"
0 103 127 213 208 1189 0 0 1 "Stealing"
0 103 127 213 208 1190 0 0 1 "Stealing"
0 103 127 213 208 1191 0 0 1 "Stealing"
0 103 127 213 208 1192 0 0 1 "Stealing"
0 103 127 213 208 1193 0 0 1 "Stealing"
0 103 127 213 208 1194 0 0 1 "Stealing"
0 103 127 213 208 1195 0 0 1 "Stealing"
0 103 127 213 208 1196 0 0 1 "Stealing"
0 103 127 213 208 1197 0 0 1 "Stealing"
0 103 127 213 208 1198 0 0 1 "Stealing"
0 103 127 213 208 1199 0 0 1 "Stealing"
0 103 127 213 208 1200 0 0 1 "Stealing"
0 103 127 213 208 1201 0 0 1 "Stealing"
0 103 127 213 208 1202 0 0 1 "Stealing"
0 103 127 213 208 1203 0 0 1 "Stealing"
0 103 127 213 208 1204 0 0 1 "Stealing"
0 103 127 213 208 1205 0 0 1 "Stealing"
0 103 127 213 208 1206 0 0 1 "Stealing"
0 103 127 213 208 1207 0 0 1 "Stealing"
0 103 127 213 208 1208 0 0 1 "Stealing"
0 103 127 213 208 1209 0 0 1 "Stealing"
0 103 127 213 208 1210 0 0 1 "Stealing"
0 103 127 213 208 1211 0 0 1 "Stealing"
0 103 127 213 208 1212 0 0 1 "Stealing"
0 103 127 213 208 1213 0 0 1 "Stealing"
0 103 127 213 208 1214 0 0 1 "Stealing"
0 103 127 213 208 1215 0 0 1 "Stealing"
0 103 127 213 208 1216 0 0 1 "Stealing"
0 103 127 213 208 1217 0 0 1 "Stealing"
0 103 127 213 208 1218 0 0 1 "Stealing"
0 103 127 213 208 1219 0 0 1 "Stealing"
0 103 127 213 208 1220 0 0 1 "Stealing"
0 103 127 213 208 1221 0 0 1 "Stealing"
0 103 127 213 208 1222 0 0 1 "Stealing"
0 103 127 213 208 1223 0 0 0 "Stealing"
0 103 127 213 208 1224 0 0 1 "Stealing"
0 103 127 213 208 1225 0 0 1 "Stealing"
0 103 127 213 208 1226 0 0 1 "Stealing"
0 103 127 213 208 1227 0 0 1 "Stealing"
0 103 127 213 208 1228 0 0 1 "Stealing"
0 103 127 213 208 1229 0 0 1 "Stealing"
0 103 127 213 208 1230 0 0 1 "Stealing"
0 103 127 213 208 1231 0 0 1 "Stealing"
0 103 127 213 208 1232 0 0 1 "Stealing"
0 103 127 213 208 1233 0 0 1 "Stealing"
0 103 127 213 208 1234 0 0 1 "Stealing"
0 103 127 213 208 1235 0 0 1 "Stealing"
0 103 127 213 208 1236 0 0 1 "Stealing"
0 103 127 213 208 1237 0 0 1 "Stealing"
0 103 127 213 208 1238 0 0 1 "Stealing"
0 103 127 213 208 1239 0 0 1 "Stealing"
0 103 127 213 208 1240 0 0 1 "Stealing"
0 103 127 213 208 1241 0 0 1 "Stealing"
0 103 127 213 208 1242 0 0 1 "Stealing"
0 103 127 213 208 1243 0 0 1 "Stealing"
0 103 127 213 208 1244 0 0 0 "Stealing"
0 102 127 211 208 1245 0 0 1 "Stealing"
0 101 127 210 208 1246 0 0 1 "Stealing"
0 101 127 209 208 1247 0 0 1 "Stealing"
0 100 127 208 208 1248 0 0 1 "Stealing"
0 100 127 206 208 1249 0 0 1 "Stealing"
0 99 127 205 208 1250 0 0 1 "Stealing"
0 99 127 204 208 1251 0 0 1 "Stealing"
0 98 127 203 208 1252 0 0 1 "Stealing"
0 98 127 202 208 1253 0 0 1 "Stealing"
0 97 127 200 208 1254 0 0 1 "Stealing"
0 97 127 199 208 1255 0 0 1 "Stealing"
0 96 127 198 208 1256 0 0 1 "Stealing"
0 96 127 197 208 1257 0 0 1 "Stealing"
0 95 127 195 208 1258 0 0 1 "Stealing"
0 95 127 194 208 1259 0 0 1 "Stealing"
0 94 127 193 208 1260 0 0 1 "Stealing"
0 94 127 192 208 1261 0 0 1 "Stealing"
0 93 127 191 208 1262 0 0 1 "Stealing"
0 93 127 189 208 1263 0 0 1 "Stealing"
0 92 127 188 208 1264 0 0 1 "Stealing"
0 92 127 187 208 1265 0 0 1 "Stealing"
0 91 127 186 208 1266 0 0 1 "Stealing"
0 91 128 185 208 1267 0 0 0 "Stealing"
0 85 127 179 207 1268 0 0 1 "Stealing"
0 80 126 174 206 1269 0 0 1 "Stealing"
0 75 126 169 206 1270 0 0 0 "Stealing"
0 74 126 168 206 1271 0 0 1 "Stealing"
0 74 126 167 206 1272 0 0 1 "Stealing"
0 74 126 166 206 1273 0 0 1 "Stealing"
0 74 126 165 206 1274 0 0 1 "Stealing"
0 74 126 165 206 1275 0 0 1 "Stealing"
0 74 126 164 206 1276 0 0 1 "Stealing"
0 74 126 163 206 1277 0 0 1 "Stealing"
0 74 126 162 206 1278 0 0 1 "Stealing"
0 73 126 162 206 1279 0 0 1 "Stealing"
0 73 126 161 206 1280 0 0 1 "Stealing"
0 73 126 160 206 1281 0 0 1 "Stealing"
0 73 126 159 206 1282 0 0 1 "Stealing"
0 73 127 159 206 1283 0 0 1 "Stealing"
0 73 127 158 206 1284 0 0 1 "Stealing"
0 73 127 157 206 1285 0 0 1 "Stealing"
0 73 127 156 206 1286 0 0 1 "Stealing"
0 73 127 155 206 1287 0 0 1 "Stealing"
0 72 127 155 206 1288 0 0 1 "Stealing"
0 72 127 154 206 1289 0 0 1 "Stealing"
0 72 127 153 206 1290 0 0 1 "Stealing"
0 72 127 152 206 1291 0 0 1 "Stealing"
0 72 127 152 206 1292 0 0 1 "Stealing"
0 72 127 151 206 1293 0 0 1 "Stealing"
0 72 127 150 206 1294 0 0 1 "Stealing"
0 72 127 149 206 1295 0 0 1 "Stealing"
0 72 128 149 207 1296 0 0 0 "Stealing"
0 72 128 149 207 1297 0 0 1 "Stealing"
0 73 128 150 207 1298 0 0 1 "Stealing"
0 74 128 151 207 1299 0 0 1 "Stealing"
0 75 128 152 207 1300 0 0 1 "Stealing"
0 76 128 153 207 1301 0 0 1 "Stealing"
0 77 128 154 207 1302 0 0 1 "Stealing"
0 78 128 155 207 1303 0 0 1 "Stealing"
0 79 129 156 208 1304 0 0 1 "Stealing"
0 80 129 157 208 1305 0 0 1 "Stealing"
0 81 129 158 208 1306 0 0 1 "Stealing"
0 82 129 159 208 1307 0 0 1 "Stealing"
0 83 129 160 208 1308 0 0 1 "Stealing"
0 84 129 161 208 1309 0 0 1 "Stealing"
0 85 129 162 208 1310 0 0 1 "Stealing"
0 86 129 163 208 1311 0 0 1 "Stealing"
0 87 130 164 209 1312 0 0 1 "Stealing"
0 88 130 165 209 1313 0 0 1 "Stealing"
0 89 130 166 209 1314 0 0 1 "Stealing"
0 90 130 167 209 1315 0 0 1 "Stealing"
0 91 130 168 209 1316 0 0 1 "Stealing"
0 92 130 169 209 1317 0 0 1 "Stealing"
0 93 130 170 209 1318 0 0 1 "Stealing"
0 94 131 171 210 1319 0 0 0 "Stealing"
0 93 130 170 209 1320 0 0 1 "Stealing"
0 93 130 170 209 1321 0 0 1 "Stealing"
0 92 130 169 209 1322 0 0 1 "Stealing"
0 92 130 169 209 1323 0 0 1 "Stealing"
0 92 130 169 209 1324 0 0 1 "Stealing"
0 91 130 168 209 1325 0 0 1 "Stealing"
0 91 130 168 209 1326 0 0 1 "Stealing"
0 90 130 167 209 1327 0 0 1 "Stealing"
0 90 130 167 209 1328 0 0 1 "Stealing"
0 90 130 167 209 1329 0 0 1 "Stealing"
0 89 130 166 209 1330 0 0 1 "Stealing"
0 89 130 166 209 1331 0 0 1 "Stealing"
0 88 130 165 209 1332 0 0 1 "Stealing"
0 88 130 165 209 1333 0 0 1 "Stealing"
0 88 130 165 209 1334 0 0 1 "Stealing"
0 87 130 164 209 1335 0 0 1 "Stealing"
0 87 130 164 209 1336 0 0 1 "Stealing"
0 87 130 164 209 1337 0 0 0 "Stealing"
0 86 129 163 208 1338 0 0 1 "Stealing"
0 85 129 162 208 1339 0 0 1 "Stealing"
0 85 129 162 208 1340 0 0 1 "Stealing"
0 84 129 161 208 1341 0 0 1 "Stealing"
0 83 129 160 208 1342 0 0 1 "Stealing"
0 83 129 160 208 1343 0 0 1 "Stealing"
0 82 129 159 208 1344 0 0 1 "Stealing"
0 82 129 159 208 1345 0 0 1 "Stealing"
0 81 129 158 208 1346 0 0 1 "Stealing"
0 80 129 157 208 1347 0 0 1 "Stealing"
0 80 129 157 208 1348 0 0 1 "Stealing"
0 79 129 156 208 1349 0 0 1 "Stealing"
0 79 129 156 208 1350 0 0 0 "Stealing"
0 78 128 155 207 1351 0 0 1 "Stealing"
0 78 128 155 207 1352 0 0 1 "Stealing"
0 77 128 154 207 1353 0 0 1 "Stealing"
0 77 128 154 207 1354 0 0 1 "Stealing"
0 76 128 153 207 1355 0 0 1 "Stealing"
0 76 128 153 207 1356 0 0 1 "Stealing"
0 76 128 153 207 1357 0 0 1 "Stealing"
0 75 128 152 207 1358 0 0 1 "Stealing"
0 75 128 152 207 1359 0 0 1 "Stealing"
0 74 128 151 207 1360 0 0 1 "Stealing"
0 74 128 151 207 1361 0 0 1 "Stealing"
0 73 128 150 207 1362 0 0 1 "Stealing"
0 73 128 150 207 1363 0 0 1 "Stealing"
0 73 128 150 207 1364 0 0 0 "Stealing"
0 72 128 149 207 1365 0 0 1 "Stealing"
0 72 128 149 207 1366 0 0 1 "Stealing"
0 72 128 149 207 1367 0 0 1 "Stealing"
0 72 128 149 207 1368 0 0 1 "Stealing"
0 72 128 149 207 1369 0 0 1 "Stealing"
0 72 128 149 207 1370 0 0 1 "Stealing"
0 72 128 149 207 1371 0 0 1 "Stealing"
0 72 128 149 207 1372 0 0 1 "Stealing"
0 71 128 148 207 1373 0 0 1 "Stealing"
0 71 128 148 207 1374 0 0 1 "Stealing"
0 71 128 148 207 1375 0 0 1 "Stealing"
0 71 128 148 207 1376 0 0 1 "Stealing"
0 71 128 148 207 1377 0 0 1 "Stealing"
0 71 128 148 207 1378 0 0 1 "Stealing"
0 71 128 148 207 1379 0 0 1 "Stealing"
0 71 128 148 207 1380 0 0 1 "Stealing"
0 70 128 147 207 1381 0 0 1 "Stealing"
0 70 128 147 207 1382 0 0 1 "Stealing"
0 70 128 147 207 1383 0 0 1 "Stealing"
0 70 128 147 207 1384 0 0 1 "Stealing"
0 70 128 147 207 1385 0 0 1 "Stealing"
0 70 128 147 207 1386 0 0 1 "Stealing"
0 70 128 147 207 1387 0 0 1 "Stealing"
0 70 128 147 207 1388 0 0 1 "Stealing"
0 69 128 146 207 1389 0 0 1 "Stealing"
0 69 128 146 207 1390 0 0 1 "Stealing"
0 69 128 146 207 1391 0 0 1 "Stealing"
0 69 128 146 207 1392 0 0 1 "Stealing"
0 69 128 146 207 1393 0 0 1 "Stealing"
0 69 128 146 207 1394 0 0 1 "Stealing"
0 69 128 146 207 1395 0 0 1 "Stealing"
0 69 128 146 207 1396 0 0 1 "Stealing"
0 69 129 146 208 1397 0 0 0 "Stealing"
0 69 129 145 207 1398 0 0 1 "Stealing"
0 69 129 145 207 1399 0 0 1 "Stealing"
0 69 129 145 207 1400 0 0 1 "Stealing"
0 69 129 145 207 1401 0 0 1 "Stealing"
0 69 129 145 207 1402 0 0 1 "Stealing"
0 69 129 145 207 1403 0 0 1 "Stealing"
0 69 129 145 207 1404 0 0 1 "Stealing"
0 69 129 145 207 1405 0 0 1 "Stealing"
0 69 129 145 207 1406 0 0 1 "Stealing"
0 69 129 145 207 1407 0 0 1 "Stealing"
0 69 129 145 207 1408 0 0 1 "Stealing"
0 69 129 145 207 1409 0 0 1 "Stealing"
0 69 129 145 207 1410 0 0 1 "Stealing"
0 69 129 145 207 1411 0 0 1 "Stealing"
0 69 129 145 207 1412 0 0 1 "Stealing"
0 69 129 145 207 1413 0 0 1 "Stealing"
0 69 129 145 207 1414 0 0 1 "Stealing"
0 69 129 145 207 1415 0 0 1 "Stealing"
0 69 129 145 207 1416 0 0 1 "Stealing"
0 69 129 145 207 1417 0 0 1 "Stealing"
0 69 129 145 207 1418 0 0 1 "Stealing"
0 69 129 145 207 1419 0 0 1 "Stealing"
0 69 129 145 207 1420 0 0 1 "Stealing"
0 69 129 145 207 1421 0 0 1 "Stealing"
0 69 129 145 207 1422 0 0 1 "Stealing"
0 69 129 145 207 1423 0 0 1 "Stealing"
0 69 129 145 207 1424 0 0 1 "Stealing"
0 69 129 144 207 1425 0 0 1 "Stealing"
0 69 129 144 207 1426 0 0 1 "Stealing"
0 69 129 144 207 1427 0 0 1 "Stealing"
0 69 129 144 207 1428 0 0 1 "Stealing"
0 69 129 144 207 1429 0 0 1 "Stealing"
0 69 129 144 207 1430 0 0 1 "Stealing"
0 69 129 144 207 1431 0 0 1 "Stealing"
0 69 129 144 207 1432 0 0 1 "Stealing"
0 69 129 144 207 1433 0 0 1 "Stealing"
0 69 129 144 207 1434 0 0 1 "Stealing"
0 69 129 144 207 1435 0 0 1 "Stealing"
0 69 129 144 207 1436 0 0 1 "Stealing"
0 69 129 144 207 1437 0 0 1 "Stealing"
0 69 129 144 207 1438 0 0 1 "Stealing"
0 69 129 144 207 1439 0 0 1 "Stealing"
0 69 129 144 207 1440 0 0 1 "Stealing"
0 69 129 144 207 1441 0 0 1 "Stealing"
0 69 129 144 207 1442 0 0 1 "Stealing"
0 69 129 144 207 1443 0 0 1 "Stealing"
0 69 129 144 207 1444 0 0 1 "Stealing"
0 69 129 144 207 1445 0 0 1 "Stealing"
0 69 129 144 207 1446 0 0 1 "Stealing"
0 69 129 144 207 1447 0 0 1 "Stealing"
0 69 129 144 207 1448 0 0 1 "Stealing"
0 69 129 144 207 1449 0 0 1 "Stealing"
0 69 129 144 207 1450 0 0 1 "Stealing"
0 69 129 144 207 1451 0 0 1 "Stealing"
0 69 129 143 207 1452 0 0 1 "Stealing"
0 69 129 143 207 1453 0 0 1 "Stealing"
0 69 129 143 207 1454 0 0 1 "Stealing"
0 69 129 143 207 1455 0 0 1 "Stealing"
0 69 129 143 207 1456 0 0 1 "Stealing"
0 69 129 143 207 1457 0 0 1 "Stealing"
0 69 129 143 207 1458 0 0 1 "Stealing"
0 69 129 143 207 1459 0 0 1 "Stealing"
0 69 129 143 207 1460 0 0 1 "Stealing"
0 69 129 143 207 1461 0 0 1 "Stealing"
0 69 129 143 207 1462 0 0 1 "Stealing"
0 69 129 143 207 1463 0 0 1 "Stealing"
0 69 129 143 207 1464 0 0 1 "Stealing"
0 69 129 143 207 1465 0 0 1 "Stealing"
0 69 129 143 207 1466 0 0 1 "Stealing"
0 69 129 143 207 1467 0 0 1 "Stealing"
0 69 129 143 207 1468 0 0 1 "Stealing"
0 69 129 143 207 1469 0 0 1 "Stealing"
0 69 129 143 207 1470 0 0 1 "Stealing"
0 69 129 143 207 1471 0 0 1 "Stealing"
0 69 129 143 207 1472 0 0 1 "Stealing"
0 69 129 143 207 1473 0 0 1 "Stealing"
0 69 129 143 207 1474 0 0 1 "Stealing"
0 69 129 143 207 1475 0 0 1 "Stealing"
0 69 129 143 207 1476 0 0 1 "Stealing"
0 69 129 143 207 1477 0 0 1 "Stealing"
0 69 129 143 207 1478 0 0 1 "Stealing"
0 69 129 142 207 1479 0 0 1 "Stealing"
0 69 129 142 207 1480 0 0 1 "Stealing"
0 69 129 142 207 1481 0 0 1 "Stealing"
0 69 129 142 207 1482 0 0 1 "Stealing"
0 69 129 142 207 1483 0 0 1 "Stealing"
0 69 129 142 207 1484 0 0 1 "Stealing"
0 69 129 142 207 1485 0 0 1 "Stealing"
0 69 129 142 207 1486 0 0 1 "Stealing"
0 69 129 142 207 1487 0 0 1 "Stealing"
0 69 129 142 207 1488 0 0 1 "Stealing"
0 69 129 142 207 1489 0 0 1 "Stealing"
0 69 129 142 207 1490 0 0 1 "Stealing"
0 69 129 142 207 1491 0 0 1 "Stealing"
0 69 129 142 207 1492 0 0 1 "Stealing"
0 69 129 142 207 1493 0 0 1 "Stealing"
0 69 129 142 207 1494 0 0 1 "Stealing"
0 69 129 142 207 1495 0 0 1 "Stealing"
0 69 129 142 207 1496 0 0 1 "Stealing"
0 69 129 142 207 1497 0 0 1 "Stealing"
0 69 129 142 207 1498 0 0 1 "Stealing"
0 69 129 142 207 1499 0 0 1 "Stealing"
0 69 129 142 207 1500 0 0 1 "Stealing"
0 69 129 142 207 1501 0 0 1 "Stealing"
0 69 129 142 207 1502 0 0 1 "Stealing"
0 69 129 142 207 1503 0 0 1 "Stealing"
0 69 129 142 207 1504 0 0 1 "Stealing"
0 69 129 142 207 1505 0 0 1 "Stealing"
0 69 129 142 207 1506 0 0 0 "Stealing"
0 68 129 141 207 1507 0 0 1 "Stealing"
0 68 129 141 207 1508 0 0 1 "Stealing"
0 68 129 141 207 1509 0 0 1 "Stealing"
0 68 129 141 207 1510 0 0 1 "Stealing"
0 68 129 141 207 1511 0 0 1 "Stealing"
0 68 129 141 207 1512 0 0 1 "Stealing"
0 68 129 141 207 1513 0 0 1 "Stealing"
0 67 129 140 207 1514 0 0 1 "Stealing"
0 67 129 140 207 1515 0 0 1 "Stealing"
0 67 129 140 207 1516 0 0 1 "Stealing"
0 67 129 140 207 1517 0 0 1 "Stealing"
0 67 129 140 207 1518 0 0 1 "Stealing"
0 67 129 140 207 1519 0 0 1 "Stealing"
0 67 129 140 207 1520 0 0 1 "Stealing"
0 66 129 139 207 1521 0 0 1 "Stealing"
0 66 129 139 207 1522 0 0 1 "Stealing"
0 66 129 139 207 1523 0 0 1 "Stealing"
0 66 129 139 207 1524 0 0 1 "Stealing"
0 66 129 139 207 1525 0 0 1 "Stealing"
0 66 129 139 207 1526 0 0 1 "Stealing"
0 66 129 139 207 1527 0 0 0 "Stealing"
0 66 129 139 207 1528 0 0 1 "Stealing"
0 66 129 139 207 1529 0 0 1 "Stealing"
0 66 129 139 207 1530 0 0 1 "Stealing"
0 66 129 139 207 1531 0 0 1 "Stealing"
0 66 129 139 207 1532 0 0 1 "Stealing"
0 66 129 139 207 1533 0 0 1 "Stealing"
0 66 129 139 207 1534 0 0 1 "Stealing"
0 66 129 139 207 1535 0 0 1 "Stealing"
0 66 129 139 207 1536 0 0 1 "Stealing"
0 67 129 140 207 1537 0 0 1 "Stealing"
0 67 129 140 207 1538 0 0 1 "Stealing"
0 67 129 140 207 1539 0 0 1 "Stealing"
0 67 129 140 207 1540 0 0 1 "Stealing"
0 67 129 140 207 1541 0 0 1 "Stealing"
0 67 129 140 207 1542 0 0 1 "Stealing"
0 67 129 140 207 1543 0 0 1 "Stealing"
0 67 129 140 207 1544 0 0 1 "Stealing"
0 67 129 140 207 1545 0 0 1 "Stealing"
0 67 129 140 207 1546 0 0 1 "Stealing"
0 68 129 141 207 1547 0 0 1 "Stealing"
0 68 129 141 207 1548 0 0 1 "Stealing"
0 68 129 141 207 1549 0 0 1 "Stealing"
0 68 129 141 207 1550 0 0 1 "Stealing"
0 68 129 141 207 1551 0 0 1 "Stealing"
0 68 130 141 208 1552 0 0 1 "Stealing"
0 68 130 141 208 1553 0 0 1 "Stealing"
0 68 130 141 208 1554 0 0 1 "Stealing"
0 68 130 141 208 1555 0 0 1 "Stealing"
0 68 130 141 208 1556 0 0 1 "Stealing"
0 69 130 142 208 1557 0 0 1 "Stealing"
0 69 130 142 208 1558 0 0 1 "Stealing"
0 69 130 142 208 1559 0 0 1 "Stealing"
0 69 130 142 208 1560 0 0 1 "Stealing"
0 69 130 142 208 1561 0 0 1 "Stealing"
0 69 130 142 208 1562 0 0 1 "Stealing"
0 69 130 142 208 1563 0 0 1 "Stealing"
0 69 130 142 208 1564 0 0 1 "Stealing"
0 69 130 142 208 1565 0 0 1 "Stealing"
0 69 130 142 208 1566 0 0 1 "Stealing"
0 70 130 143 208 1567 0 0 1 "Stealing"
0 70 130 143 208 1568 0 0 1 "Stealing"
0 70 130 143 208 1569 0 0 1 "Stealing"
0 70 130 143 208 1570 0 0 1 "Stealing"
0 70 130 143 208 1571 0 0 1 "Stealing"
0 70 130 143 208 1572 0 0 1 "Stealing"
0 70 130 143 208 1573 0 0 1 "Stealing"
0 70 130 143 208 1574 0 0 1 "Stealing"
0 70 130 143 208 1575 0 0 1 "Stealing"
0 71 131 144 209 1576 0 0 0 "Stealing"
0 70 130 143 208 1577 0 0 1 "Stealing"
0 69 130 142 208 1578 0 0 1 "Stealing"
0 69 130 142 208 1579 0 0 1 "Stealing"
0 68 129 141 207 1580 0 0 1 "Stealing"
0 68 129 141 207 1581 0 0 1 "Stealing"
0 67 129 140 207 1582 0 0 1 "Stealing"
0 67 129 140 207 1583 0 0 1 "Stealing"
0 66 128 139 206 1584 0 0 1 "Stealing"
0 66 128 139 206 1585 0 0 1 "Stealing"
0 65 128 138 206 1586 0 0 1 "Stealing"
0 65 128 138 206 1587 0 0 1 "Stealing"
0 64 127 137 205 1588 0 0 1 "Stealing"
0 64 127 137 205 1589 0 0 1 "Stealing"
0 63 127 136 205 1590 0 0 1 "Stealing"
0 63 127 136 205 1591 0 0 1 "Stealing"
0 62 126 135 204 1592 0 0 1 "Stealing"
0 62 126 135 204 1593 0 0 1 "Stealing"
0 61 126 134 204 1594 0 0 1 "Stealing"
0 61 126 134 204 1595 0 0 0 "Stealing"
0 59 124 132 202 1596 0 0 1 "Stealing"
0 57 122 130 200 1597 0 0 1 "Stealing"
0 56 120 129 198 1598 0 0 1 "Stealing"
0 54 118 127 196 1599 0 0 1 "Stealing"
0 53 116 126 194 1600 0 0 0 "Stealing"
0 52 115 125 193 1601 0 0 1 "Stealing"
0 51 114 124 192 1602 0 0 1 "Stealing"
0 50 113 123 191 1603 0 0 1 "Stealing"
0 49 112 122 190 1604 0 0 1 "Stealing"
0 48 111 121 189 1605 0 0 1 "Stealing"
0 47 110 120 188 1606 0 0 1 "Stealing"
0 46 109 119 187 1607 0 0 1 "Stealing"
0 45 109 118 187 1608 1 0 0 "Stealing"
0 45 109 117 187 1609 1 0 1 "Stealing"
0 46 109 116 187 1610 1 0 1 "Stealing"
0 46 109 115 187 1611 1 0 1 "Stealing"
0 47 109 114 187 1612 1 0 1 "Stealing"
0 47 109 113 187 1613 1 0 1 "Stealing"
0 48 109 112 187 1614 1 0 1 "Stealing"
0 48 109 111 187 1615 1 0 1 "Stealing"
0 49 109 110 187 1616 1 0 1 "Stealing"
0 49 109 109 187 1617 1 0 1 "Stealing"
0 50 110 109 187 1618 1 0 0 "Stealing"
