0 274 43 307 94 0 1 0 0 "Vandalism"
0 274 43 307 94 1 1 0 1 "Vandalism"
0 274 43 307 94 2 1 0 1 "Vandalism"
0 274 43 307 94 3 1 0 1 "Vandalism"
0 274 43 307 94 4 1 0 1 "Vandalism"
0 274 43 307 94 5 1 0 1 "Vandalism"
0 274 43 307 94 6 1 0 1 "Vandalism"
0 274 43 307 94 7 1 0 1 "Vandalism"
0 274 43 307 94 8 1 0 1 "Vandalism"
0 274 43 307 94 9 1 0 1 "Vandalism"
0 274 43 307 94 10 1 0 1 "Vandalism"
0 274 43 307 94 11 1 0 1 "Vandalism"
0 274 43 307 94 12 1 0 1 "Vandalism"
0 274 43 307 94 13 1 0 1 "Vandalism"
0 274 43 307 94 14 1 0 1 "Vandalism"
0 274 43 307 94 15 1 0 1 "Vandalism"
0 274 43 307 94 16 1 0 1 "Vandalism"
0 274 43 307 94 17 1 0 1 "Vandalism"
0 274 43 307 94 18 1 0 1 "Vandalism"
0 274 43 307 94 19 1 0 1 "Vandalism"
0 274 43 307 94 20 1 0 1 "Vandalism"
0 274 43 307 94 21 1 0 1 "Vandalism"
0 274 43 307 94 22 1 0 1 "Vandalism"
0 274 43 307 94 23 1 0 1 "Vandalism"
0 274 43 307 94 24 1 0 1 "Vandalism"
0 274 43 307 94 25 1 0 1 "Vandalism"
0 274 43 307 94 26 1 0 1 "Vandalism"
0 274 43 307 94 27 1 0 1 "Vandalism"
0 274 43 307 94 28 1 0 1 "Vandalism"
0 274 43 307 94 29 1 0 1 "Vandalism"
0 274 43 307 94 30 1 0 1 "Vandalism"
0 274 43 307 94 31 1 0 1 "Vandalism"
0 274 43 307 94 32 1 0 1 "Vandalism"
0 274 43 307 94 33 1 0 1 "Vandalism"
0 274 43 307 94 34 1 0 1 "Vandalism"
0 274 43 307 94 35 1 0 1 "Vandalism"
0 274 43 307 94 36 1 0 1 "Vandalism"
0 274 43 307 94 37 1 0 1 "Vandalism"
0 274 43 307 94 38 1 0 1 "Vandalism"
0 274 43 307 94 39 1 0 1 "Vandalism"
0 274 43 307 94 40 1 0 1 "Vandalism"
0 274 43 307 94 41 1 0 1 "Vandalism"
0 274 43 307 94 42 1 0 1 "Vandalism"
0 274 43 307 94 43 1 0 1 "Vandalism"
0 274 43 307 94 44 1 0 1 "Vandalism"
0 274 43 307 94 45 1 0 1 "Vandalism"
0 274 43 307 94 46 1 0 1 "Vandalism"
0 274 43 307 94 47 1 0 1 "Vandalism"
0 274 43 307 94 48 1 0 1 "Vandalism"
0 274 43 307 94 49 1 0 1 "Vandalism"
0 274 43 307 94 50 1 0 1 "Vandalism"
0 274 43 307 94 51 1 0 1 "Vandalism"
0 274 43 307 94 52 1 0 1 "Vandalism"
0 274 43 307 94 53 1 0 1 "Vandalism"
0 274 43 307 94 54 1 0 1 "Vandalism"
0 274 43 307 94 55 1 0 1 "Vandalism"
0 274 43 307 94 56 1 0 1 "Vandalism"
0 274 43 307 94 57 1 0 1 "Vandalism"
0 274 43 307 94 58 1 0 1 "Vandalism"
0 274 43 307 94 59 1 0 1 "Vandalism"
0 274 43 307 94 60 1 0 1 "Vandalism"
0 274 43 307 94 61 1 0 1 "Vandalism"
0 274 43 307 94 62 1 0 1 "Vandalism"
0 274 43 307 94 63 1 0 1 "Vandalism"
0 274 43 307 94 64 1 0 1 "Vandalism"
0 274 43 307 94 65 1 0 1 "Vandalism"
0 274 43 307 94 66 1 0 1 "Vandalism"
0 274 43 307 94 67 1 0 1 "Vandalism"
0 274 43 307 94 68 1 0 1 "Vandalism"
0 274 43 307 94 69 1 0 1 "Vandalism"
0 274 43 307 94 70 1 0 1 "Vandalism"
0 274 43 307 94 71 1 0 1 "Vandalism"
0 274 43 307 94 72 1 0 1 "Vandalism"
0 274 43 307 94 73 1 0 1 "Vandalism"
0 274 43 307 94 74 1 0 1 "Vandalism"
0 274 43 307 94 75 1 0 1 "Vandalism"
0 274 43 307 94 76 1 0 1 "Vandalism"
0 274 43 307 94 77 1 0 1 "Vandalism"
0 274 43 307 94 78 1 0 1 "Vandalism"
0 274 43 307 94 79 1 0 1 "Vandalism"
0 274 43 307 94 80 1 0 1 "Vandalism"
0 274 43 307 94 81 1 0 1 "Vandalism"
0 274 43 307 94 82 1 0 1 "Vandalism"
0 274 43 307 94 83 1 0 1 "Vandalism"
0 274 43 307 94 84 1 0 1 "Vandalism"
0 274 43 307 94 85 1 0 1 "Vandalism"
0 274 43 307 94 86 1 0 1 "Vandalism"
0 274 43 307 94 87 1 0 1 "Vandalism"
0 274 43 307 94 88 1 0 1 "Vandalism"
0 274 43 307 94 89 1 0 1 "Vandalism"
0 274 43 307 94 90 1 0 1 "Vandalism"
0 274 43 307 94 91 1 0 1 "Vandalism"
0 274 43 307 94 92 1 0 1 "Vandalism"
0 274 43 307 94 93 1 0 1 "Vandalism"
0 274 43 307 94 94 1 0 1 "Vandalism"
0 274 43 307 94 95 1 0 1 "Vandalism"
0 274 43 307 94 96 1 0 1 "Vandalism"
0 274 43 307 94 97 1 0 1 "Vandalism"
0 274 43 307 94 98 1 0 1 "Vandalism"
0 274 43 307 94 99 1 0 1 "Vandalism"
0 274 43 307 94 100 1 0 1 "Vandalism"
0 274 43 307 94 101 1 0 1 "Vandalism"
0 274 43 307 94 102 1 0 1 "Vandalism"
0 274 43 307 94 103 1 0 1 "Vandalism"
0 274 43 307 94 104 1 0 1 "Vandalism"
0 274 43 307 94 105 1 0 1 "Vandalism"
0 274 43 307 94 106 1 0 1 "Vandalism"
0 274 43 307 94 107 1 0 1 "Vandalism"
0 274 43 307 94 108 1 0 1 "Vandalism"
0 274 43 307 94 109 1 0 1 "Vandalism"
0 274 43 307 94 110 1 0 1 "Vandalism"
0 274 43 307 94 111 1 0 1 "Vandalism"
0 274 43 307 94 112 1 0 1 "Vandalism"
0 274 43 307 94 113 1 0 1 "Vandalism"
0 274 43 307 94 114 1 0 1 "Vandalism"
0 274 43 307 94 115 1 0 1 "Vandalism"
0 274 43 307 94 116 1 0 1 "Vandalism"
0 274 43 307 94 117 1 0 1 "Vandalism"
0 274 43 307 94 118 1 0 1 "Vandalism"
0 274 43 307 94 119 1 0 1 "Vandalism"
0 274 43 307 94 120 1 0 1 "Vandalism"
0 274 43 307 94 121 1 0 1 "Vandalism"
0 274 43 307 94 122 1 0 1 "Vandalism"
0 274 43 307 94 123 1 0 1 "Vandalism"
0 274 43 307 94 124 1 0 1 "Vandalism"
0 274 43 307 94 125 1 0 1 "Vandalism"
0 274 43 307 94 126 1 0 1 "Vandalism"
0 274 43 307 94 127 1 0 1 "Vandalism"
0 274 43 307 94 128 1 0 1 "Vandalism"
0 274 43 307 94 129 1 0 1 "Vandalism"
0 274 43 307 94 130 1 0 1 "Vandalism"
0 274 43 307 94 131 1 0 1 "Vandalism"
0 274 43 307 94 132 1 0 1 "Vandalism"
0 274 43 307 94 133 1 0 1 "Vandalism"
0 274 43 307 94 134 1 0 1 "Vandalism"
0 274 43 307 94 135 1 0 1 "Vandalism"
0 274 43 307 94 136 1 0 1 "Vandalism"
0 274 43 307 94 137 1 0 1 "Vandalism"
0 274 43 307 94 138 1 0 1 "Vandalism"
0 274 43 307 94 139 1 0 1 "Vandalism"
0 274 43 307 94 140 1 0 1 "Vandalism"
0 274 43 307 94 141 1 0 1 "Vandalism"
0 274 43 307 94 142 1 0 1 "Vandalism"
0 274 43 307 94 143 1 0 1 "Vandalism"
0 274 43 307 94 144 1 0 1 "Vandalism"
0 274 43 307 94 145 1 0 1 "Vandalism"
0 274 43 307 94 146 0 0 0 "Vandalism"
0 271 42 306 93 147 0 0 1 "Vandalism"
0 269 41 306 93 148 0 0 1 "Vandalism"
0 266 40 306 92 149 0 0 1 "Vandalism"
0 264 39 306 92 150 0 0 1 "Vandalism"
0 262 38 306 92 151 0 0 0 "Vandalism"
0 262 38 306 92 152 0 0 1 "Vandalism"
0 263 39 307 93 153 0 0 1 "Vandalism"
0 264 39 308 93 154 0 0 1 "Vandalism"
0 264 40 308 94 155 0 0 1 "Vandalism"
0 265 40 309 94 156 0 0 1 "Vandalism"
0 266 41 310 95 157 0 0 1 "Vandalism"
0 267 42 311 96 158 0 0 0 "Vandalism"
0 264 42 311 96 159 0 0 1 "Vandalism"
0 261 43 312 96 160 0 0 1 "Vandalism"
0 258 43 312 96 161 0 0 1 "Vandalism"
0 256 44 313 97 162 0 0 0 "Vandalism"
0 251 44 312 101 163 0 0 1 "Vandalism"
0 246 44 312 106 164 0 0 1 "Vandalism"
0 242 45 312 111 165 0 0 0 "Vandalism"
0 245 45 312 110 166 0 0 1 "Vandalism"
0 248 46 312 109 167 0 0 1 "Vandalism"
0 252 46 312 108 168 0 0 1 "Vandalism"
0 255 47 313 108 169 0 0 1 "Vandalism"
0 259 47 313 107 170 0 0 1 "Vandalism"
0 262 48 313 106 171 0 0 1 "Vandalism"
0 265 48 314 106 172 0 0 1 "Vandalism"
0 269 49 314 105 173 0 0 1 "Vandalism"
0 272 49 314 104 174 0 0 1 "Vandalism"
0 276 50 315 104 175 0 0 0 "Vandalism"
0 276 50 315 104 176 0 0 1 "Vandalism"
0 276 50 315 104 177 0 0 1 "Vandalism"
0 277 50 315 104 178 0 0 1 "Vandalism"
0 277 50 316 104 179 0 0 1 "Vandalism"
0 278 51 316 105 180 0 0 1 "Vandalism"
0 278 51 316 105 181 0 0 1 "Vandalism"
0 279 51 316 105 182 0 0 1 "Vandalism"
0 279 51 317 105 183 0 0 1 "Vandalism"
0 280 51 317 105 184 0 0 1 "Vandalism"
0 280 52 317 106 185 0 0 1 "Vandalism"
0 281 52 317 106 186 0 0 1 "Vandalism"
0 281 52 318 106 187 0 0 1 "Vandalism"
0 282 52 318 106 188 0 0 1 "Vandalism"
0 282 52 318 106 189 0 0 1 "Vandalism"
0 283 53 319 107 190 0 0 0 "Vandalism"
0 284 53 319 107 191 0 0 1 "Vandalism"
0 285 53 319 107 192 0 0 1 "Vandalism"
0 286 54 319 108 193 1 0 0 "Vandalism"
0 286 54 319 108 194 1 0 1 "Vandalism"
0 286 54 319 108 195 1 0 1 "Vandalism"
0 286 54 319 108 196 1 0 0 "Vandalism"
0 285 54 318 108 197 1 0 1 "Vandalism"
0 284 54 317 108 198 1 0 1 "Vandalism"
0 283 54 316 108 199 1 0 1 "Vandalism"
0 282 54 316 108 200 1 0 1 "Vandalism"
0 282 54 315 108 201 1 0 1 "Vandalism"
0 281 54 314 108 202 1 0 1 "Vandalism"
0 280 55 314 109 203 1 0 1 "Vandalism"
0 279 55 313 109 204 1 0 1 "Vandalism"
0 279 55 312 109 205 1 0 1 "Vandalism"
0 278 55 311 109 206 1 0 1 "Vandalism"
0 277 55 311 109 207 1 0 1 "Vandalism"
0 276 55 310 109 208 1 0 1 "Vandalism"
0 275 55 309 109 209 1 0 1 "Vandalism"
0 275 56 309 110 210 1 0 1 "Vandalism"
0 274 56 308 110 211 1 0 1 "Vandalism"
0 273 56 307 110 212 1 0 1 "Vandalism"
0 272 56 307 110 213 1 0 1 "Vandalism"
0 272 56 306 110 214 1 0 1 "Vandalism"
0 271 56 305 110 215 1 0 1 "Vandalism"
0 270 57 304 110 216 1 0 1 "Vandalism"
0 269 57 304 111 217 1 0 1 "Vandalism"
0 268 57 303 111 218 1 0 1 "Vandalism"
0 268 57 302 111 219 1 0 1 "Vandalism"
0 267 57 302 111 220 1 0 1 "Vandalism"
0 266 57 301 111 221 1 0 1 "Vandalism"
0 265 57 300 111 222 1 0 1 "Vandalism"
0 265 58 299 111 223 1 0 1 "Vandalism"
0 264 58 299 112 224 1 0 1 "Vandalism"
0 263 58 298 112 225 1 0 1 "Vandalism"
0 262 58 297 112 226 1 0 1 "Vandalism"
0 261 58 297 112 227 1 0 1 "Vandalism"
0 261 58 296 112 228 1 0 1 "Vandalism"
0 260 59 295 112 229 1 0 1 "Vandalism"
0 259 59 295 112 230 1 0 1 "Vandalism"
0 258 59 294 113 231 1 0 1 "Vandalism"
0 258 59 293 113 232 1 0 1 "Vandalism"
0 257 59 292 113 233 1 0 1 "Vandalism"
0 256 59 292 113 234 1 0 1 "Vandalism"
0 255 59 291 113 235 1 0 1 "Vandalism"
0 254 60 290 113 236 1 0 1 "Vandalism"
0 254 60 290 113 237 1 0 1 "Vandalism"
0 253 60 289 114 238 1 0 1 "Vandalism"
0 252 60 288 114 239 1 0 1 "Vandalism"
0 251 60 288 114 240 1 0 1 "Vandalism"
0 251 60 287 114 241 1 0 1 "Vandalism"
0 250 61 286 114 242 1 0 1 "Vandalism"
0 249 61 285 114 243 1 0 1 "Vandalism"
0 248 61 285 114 244 1 0 1 "Vandalism"
0 248 61 284 115 245 1 0 1 "Vandalism"
0 247 61 283 115 246 1 0 1 "Vandalism"
0 246 61 283 115 247 1 0 1 "Vandalism"
0 245 61 282 115 248 1 0 1 "Vandalism"
0 244 62 281 115 249 1 0 1 "Vandalism"
0 244 62 280 115 250 1 0 1 "Vandalism"
0 243 62 280 115 251 1 0 1 "Vandalism"
0 242 62 279 116 252 1 0 1 "Vandalism"
0 241 62 278 116 253 1 0 1 "Vandalism"
0 241 62 278 116 254 1 0 1 "Vandalism"
0 240 63 277 116 255 1 0 1 "Vandalism"
0 239 63 276 116 256 1 0 1 "Vandalism"
0 238 63 276 116 257 1 0 1 "Vandalism"
0 237 63 275 116 258 1 0 1 "Vandalism"
0 237 63 274 117 259 1 0 1 "Vandalism"
0 236 63 273 117 260 1 0 1 "Vandalism"
0 235 63 273 117 261 1 0 1 "Vandalism"
0 234 64 272 117 262 1 0 1 "Vandalism"
0 234 64 271 117 263 1 0 1 "Vandalism"
0 233 64 271 117 264 1 0 1 "Vandalism"
0 232 64 270 117 265 1 0 1 "Vandalism"
0 231 64 269 118 266 1 0 1 "Vandalism"
0 230 64 269 118 267 1 0 1 "Vandalism"
0 230 65 268 118 268 1 0 1 "Vandalism"
0 229 65 267 118 269 1 0 1 "Vandalism"
0 228 65 266 118 270 1 0 1 "Vandalism"
0 227 65 266 118 271 1 0 1 "Vandalism"
0 227 65 265 118 272 1 0 1 "Vandalism"
0 226 65 264 119 273 1 0 1 "Vandalism"
0 225 65 264 119 274 1 0 1 "Vandalism"
0 224 66 263 119 275 1 0 1 "Vandalism"
0 223 66 262 119 276 1 0 1 "Vandalism"
0 223 66 261 119 277 1 0 1 "Vandalism"
0 222 66 261 119 278 1 0 1 "Vandalism"
0 221 66 260 119 279 1 0 1 "Vandalism"
0 220 66 259 120 280 1 0 1 "Vandalism"
0 220 67 259 120 281 1 0 1 "Vandalism"
0 219 67 258 120 282 1 0 1 "Vandalism"
0 218 67 257 120 283 1 0 1 "Vandalism"
0 217 67 257 120 284 1 0 1 "Vandalism"
0 216 67 256 120 285 1 0 1 "Vandalism"
0 216 67 255 120 286 1 0 1 "Vandalism"
0 215 67 254 121 287 1 0 1 "Vandalism"
0 214 68 254 121 288 1 0 1 "Vandalism"
0 213 68 253 121 289 1 0 1 "Vandalism"
0 213 68 252 121 290 1 0 1 "Vandalism"
0 212 68 252 121 291 1 0 1 "Vandalism"
0 211 68 251 121 292 1 0 1 "Vandalism"
0 210 68 250 121 293 1 0 1 "Vandalism"
0 210 69 250 122 294 1 0 1 "Vandalism"
0 209 69 249 122 295 1 0 1 "Vandalism"
0 208 69 248 122 296 1 0 1 "Vandalism"
0 207 69 247 122 297 1 0 1 "Vandalism"
0 206 69 247 122 298 1 0 1 "Vandalism"
0 206 69 246 122 299 1 0 1 "Vandalism"
0 205 69 245 122 300 1 0 1 "Vandalism"
0 204 70 245 123 301 1 0 1 "Vandalism"
0 203 70 244 123 302 1 0 1 "Vandalism"
0 203 70 243 123 303 1 0 1 "Vandalism"
0 202 70 242 123 304 1 0 1 "Vandalism"
0 201 70 242 123 305 1 0 1 "Vandalism"
0 200 70 241 123 306 1 0 1 "Vandalism"
0 199 70 240 123 307 1 0 1 "Vandalism"
0 199 71 240 124 308 1 0 1 "Vandalism"
0 198 71 239 124 309 1 0 1 "Vandalism"
0 197 71 238 124 310 1 0 1 "Vandalism"
0 196 71 238 124 311 1 0 1 "Vandalism"
0 196 71 237 124 312 1 0 1 "Vandalism"
0 195 71 236 124 313 1 0 1 "Vandalism"
0 194 72 235 124 314 1 0 1 "Vandalism"
0 193 72 235 125 315 1 0 1 "Vandalism"
0 192 72 234 125 316 1 0 1 "Vandalism"
0 192 72 233 125 317 1 0 1 "Vandalism"
0 191 72 233 125 318 1 0 1 "Vandalism"
0 190 72 232 125 319 1 0 1 "Vandalism"
0 189 72 231 125 320 1 0 1 "Vandalism"
0 189 73 230 125 321 1 0 1 "Vandalism"
0 188 73 230 126 322 1 0 1 "Vandalism"
0 187 73 229 126 323 1 0 1 "Vandalism"
0 186 73 228 126 324 1 0 1 "Vandalism"
0 185 73 228 126 325 1 0 1 "Vandalism"
0 185 73 227 126 326 1 0 1 "Vandalism"
0 184 74 226 126 327 1 0 1 "Vandalism"
0 183 74 226 126 328 1 0 1 "Vandalism"
0 182 74 225 127 329 1 0 1 "Vandalism"
0 182 74 224 127 330 1 0 1 "Vandalism"
0 181 74 223 127 331 1 0 1 "Vandalism"
0 180 74 223 127 332 1 0 1 "Vandalism"
0 179 74 222 127 333 1 0 1 "Vandalism"
0 178 75 221 127 334 1 0 1 "Vandalism"
0 178 75 221 127 335 1 0 1 "Vandalism"
0 177 75 220 128 336 1 0 1 "Vandalism"
0 176 75 219 128 337 1 0 1 "Vandalism"
0 175 75 219 128 338 1 0 1 "Vandalism"
0 175 75 218 128 339 1 0 1 "Vandalism"
0 174 76 217 128 340 1 0 1 "Vandalism"
0 173 76 216 128 341 1 0 1 "Vandalism"
0 172 76 216 128 342 1 0 1 "Vandalism"
0 172 76 215 129 343 1 0 1 "Vandalism"
0 171 76 214 129 344 1 0 1 "Vandalism"
0 170 76 214 129 345 1 0 1 "Vandalism"
0 169 76 213 129 346 1 0 1 "Vandalism"
0 168 77 212 129 347 1 0 1 "Vandalism"
0 168 77 211 129 348 1 0 1 "Vandalism"
0 167 77 211 129 349 1 0 1 "Vandalism"
0 166 77 210 130 350 1 0 1 "Vandalism"
0 165 77 209 130 351 1 0 1 "Vandalism"
0 165 77 209 130 352 1 0 1 "Vandalism"
0 164 78 208 130 353 1 0 1 "Vandalism"
0 163 78 207 130 354 1 0 1 "Vandalism"
0 162 78 207 130 355 1 0 1 "Vandalism"
0 161 78 206 130 356 1 0 1 "Vandalism"
0 161 78 205 131 357 1 0 1 "Vandalism"
0 160 78 204 131 358 1 0 1 "Vandalism"
0 159 78 204 131 359 1 0 1 "Vandalism"
0 158 79 203 131 360 1 0 1 "Vandalism"
0 158 79 202 131 361 1 0 1 "Vandalism"
0 157 79 202 131 362 1 0 1 "Vandalism"
0 156 79 201 131 363 1 0 1 "Vandalism"
0 155 79 200 132 364 1 0 1 "Vandalism"
0 154 79 200 132 365 1 0 1 "Vandalism"
0 154 80 199 132 366 1 0 1 "Vandalism"
0 153 80 198 132 367 1 0 1 "Vandalism"
0 152 80 197 132 368 1 0 1 "Vandalism"
0 151 80 197 132 369 1 0 1 "Vandalism"
0 151 80 196 132 370 1 0 1 "Vandalism"
0 150 80 195 133 371 1 0 1 "Vandalism"
0 149 80 195 133 372 1 0 1 "Vandalism"
0 148 81 194 133 373 1 0 1 "Vandalism"
0 147 81 193 133 374 1 0 1 "Vandalism"
0 147 81 192 133 375 1 0 1 "Vandalism"
0 146 81 192 133 376 1 0 1 "Vandalism"
0 145 81 191 133 377 1 0 1 "Vandalism"
0 144 81 190 134 378 1 0 1 "Vandalism"
0 144 82 190 134 379 1 0 1 "Vandalism"
0 143 82 189 134 380 1 0 1 "Vandalism"
0 142 82 188 134 381 1 0 1 "Vandalism"
0 141 82 188 134 382 1 0 1 "Vandalism"
0 140 82 187 134 383 1 0 1 "Vandalism"
0 140 82 186 134 384 1 0 1 "Vandalism"
0 139 82 185 135 385 1 0 1 "Vandalism"
0 138 83 185 135 386 1 0 1 "Vandalism"
0 137 83 184 135 387 1 0 1 "Vandalism"
0 137 83 183 135 388 1 0 1 "Vandalism"
0 136 83 183 135 389 1 0 1 "Vandalism"
0 135 83 182 135 390 1 0 1 "Vandalism"
0 134 83 181 135 391 1 0 1 "Vandalism"
0 134 84 181 136 392 0 0 0 "Vandalism"
0 135 85 182 137 393 0 0 1 "Vandalism"
0 137 86 184 138 394 0 0 1 "Vandalism"
0 139 87 186 139 395 0 0 1 "Vandalism"
0 141 88 188 140 396 0 0 1 "Vandalism"
0 143 90 190 142 397 0 0 0 "Vandalism"
0 144 90 191 143 398 0 0 1 "Vandalism"
0 146 91 193 145 399 0 0 1 "Vandalism"
0 148 92 195 147 400 0 0 1 "Vandalism"
0 150 93 197 149 401 0 0 1 "Vandalism"
0 152 94 199 150 402 0 0 1 "Vandalism"
0 154 95 201 152 403 0 0 1 "Vandalism"
0 155 96 203 154 404 0 0 1 "Vandalism"
0 157 97 205 156 405 0 0 1 "Vandalism"
0 159 98 207 157 406 0 0 1 "Vandalism"
0 161 99 209 159 407 0 0 1 "Vandalism"
0 163 100 211 161 408 0 0 1 "Vandalism"
0 165 101 213 163 409 0 0 0 "Vandalism"
0 166 102 215 163 410 0 0 1 "Vandalism"
0 167 103 217 164 411 0 0 1 "Vandalism"
0 168 104 219 165 412 0 0 1 "Vandalism"
0 169 105 221 166 413 0 0 1 "Vandalism"
0 170 106 223 167 414 0 0 0 "Vandalism"
0 169 107 225 166 415 0 0 1 "Vandalism"
0 168 109 227 166 416 0 0 1 "Vandalism"
0 167 111 229 166 417 0 0 1 "Vandalism"
0 166 112 231 166 418 0 0 1 "Vandalism"
0 165 114 233 166 419 0 0 1 "Vandalism"
0 165 116 235 166 420 0 0 0 "Vandalism"
0 165 115 234 165 421 0 0 1 "Vandalism"
0 166 114 234 165 422 0 0 1 "Vandalism"
0 166 113 234 165 423 0 0 1 "Vandalism"
0 167 112 234 165 424 0 0 1 "Vandalism"
0 167 111 234 165 425 0 0 1 "Vandalism"
0 168 111 234 165 426 0 0 1 "Vandalism"
0 168 110 234 165 427 0 0 1 "Vandalism"
0 169 109 234 165 428 0 0 1 "Vandalism"
0 169 108 234 165 429 0 0 1 "Vandalism"
0 170 107 234 165 430 0 0 1 "Vandalism"
0 171 107 234 165 431 0 0 0 "Vandalism"
0 170 107 233 165 432 0 0 1 "Vandalism"
0 170 107 233 165 433 0 0 1 "Vandalism"
0 169 108 232 166 434 0 0 1 "Vandalism"
0 169 108 232 166 435 0 0 1 "Vandalism"
0 168 109 231 167 436 0 0 1 "Vandalism"
0 168 109 231 167 437 0 0 1 "Vandalism"
0 167 109 230 167 438 0 0 1 "Vandalism"
0 167 110 230 168 439 0 0 1 "Vandalism"
0 166 110 229 168 440 0 0 1 "Vandalism"
0 166 111 229 169 441 0 0 0 "Vandalism"
0 166 111 233 168 442 0 0 1 "Vandalism"
0 166 111 238 168 443 0 0 1 "Vandalism"
0 166 111 243 168 444 0 0 1 "Vandalism"
0 166 111 248 168 445 0 0 1 "Vandalism"
0 166 111 252 168 446 0 0 1 "Vandalism"
0 166 111 257 168 447 0 0 1 "Vandalism"
0 166 111 262 168 448 0 0 1 "Vandalism"
0 166 111 267 168 449 0 0 0 "Vandalism"
0 166 113 266 168 450 0 0 1 "Vandalism"
0 166 115 266 168 451 0 0 1 "Vandalism"
0 166 117 266 168 452 0 0 1 "Vandalism"
0 166 119 266 168 453 0 0 1 "Vandalism"
0 166 121 266 168 454 0 0 1 "Vandalism"
0 166 123 266 168 455 0 0 1 "Vandalism"
0 166 125 266 168 456 0 0 1 "Vandalism"
0 166 127 266 168 457 0 0 0 "Vandalism"
0 166 126 265 167 458 0 0 1 "Vandalism"
0 166 126 264 167 459 0 0 1 "Vandalism"
0 166 125 263 167 460 0 0 1 "Vandalism"
0 166 125 262 167 461 0 0 1 "Vandalism"
0 166 124 261 167 462 0 0 1 "Vandalism"
0 166 124 260 167 463 0 0 1 "Vandalism"
0 166 124 259 167 464 0 0 1 "Vandalism"
0 166 123 258 167 465 0 0 1 "Vandalism"
0 166 123 257 167 466 0 0 1 "Vandalism"
0 166 122 256 167 467 0 0 1 "Vandalism"
0 166 122 256 167 468 0 0 1 "Vandalism"
0 166 121 255 167 469 0 0 1 "Vandalism"
0 166 121 254 167 470 0 0 1 "Vandalism"
0 166 121 253 167 471 0 0 1 "Vandalism"
0 166 120 252 167 472 0 0 1 "Vandalism"
0 166 120 251 167 473 0 0 1 "Vandalism"
0 166 119 250 167 474 0 0 1 "Vandalism"
0 166 119 249 167 475 0 0 1 "Vandalism"
0 166 118 248 167 476 0 0 1 "Vandalism"
0 166 118 247 167 477 0 0 1 "Vandalism"
0 166 118 247 167 478 0 0 0 "Vandalism"
0 164 118 245 167 479 0 0 1 "Vandalism"
0 163 118 244 167 480 0 0 1 "Vandalism"
0 162 118 243 167 481 0 0 1 "Vandalism"
0 161 119 242 168 482 0 0 1 "Vandalism"
0 159 119 240 168 483 0 0 1 "Vandalism"
0 158 119 239 168 484 0 0 1 "Vandalism"
0 157 119 238 168 485 0 0 1 "Vandalism"
0 156 120 237 169 486 0 0 0 "Vandalism"
0 153 120 234 169 487 0 0 1 "Vandalism"
0 151 121 232 170 488 0 0 1 "Vandalism"
0 148 121 229 170 489 0 0 1 "Vandalism"
0 146 122 227 171 490 0 0 1 "Vandalism"
0 143 123 224 172 491 0 0 1 "Vandalism"
0 141 123 222 172 492 0 0 1 "Vandalism"
0 138 124 219 173 493 0 0 1 "Vandalism"
0 136 124 217 173 494 0 0 1 "Vandalism"
0 133 125 214 174 495 0 0 1 "Vandalism"
0 131 126 212 175 496 0 0 0 "Vandalism"
0 128 125 209 177 497 0 0 1 "Vandalism"
0 126 125 206 179 498 0 0 1 "Vandalism"
0 123 125 204 181 499 0 0 1 "Vandalism"
0 121 125 201 183 500 0 0 1 "Vandalism"
0 118 125 199 185 501 0 0 1 "Vandalism"
0 116 125 196 187 502 0 0 1 "Vandalism"
0 113 125 194 189 503 0 0 1 "Vandalism"
0 111 125 191 191 504 0 0 1 "Vandalism"
0 109 125 189 194 505 0 0 0 "Vandalism"
0 107 125 187 194 506 0 0 1 "Vandalism"
0 105 125 185 194 507 0 0 1 "Vandalism"
0 103 125 183 194 508 0 0 1 "Vandalism"
0 102 125 182 194 509 0 0 1 "Vandalism"
0 100 125 180 194 510 0 0 1 "Vandalism"
0 98 125 178 194 511 0 0 1 "Vandalism"
0 97 126 177 195 512 0 0 0 "Vandalism"
0 95 126 175 195 513 0 0 1 "Vandalism"
0 93 126 173 195 514 0 0 1 "Vandalism"
0 91 127 171 196 515 0 0 1 "Vandalism"
0 89 127 169 196 516 0 0 1 "Vandalism"
0 87 127 167 196 517 0 0 1 "Vandalism"
0 85 128 165 197 518 0 0 1 "Vandalism"
0 83 128 163 197 519 0 0 1 "Vandalism"
0 81 129 161 198 520 0 0 0 "Vandalism"
0 79 118 158 198 521 0 0 1 "Vandalism"
0 77 107 156 199 522 0 0 1 "Vandalism"
0 75 96 154 199 523 0 0 1 "Vandalism"
0 73 85 152 200 524 0 0 0 "Vandalism"
0 76 85 150 190 525 0 0 1 "Vandalism"
0 80 85 148 181 526 0 0 1 "Vandalism"
0 84 86 146 172 527 0 0 1 "Vandalism"
0 88 86 144 163 528 0 0 1 "Vandalism"
0 92 87 143 154 529 0 0 0 "Vandalism"
0 94 87 145 154 530 0 0 1 "Vandalism"
0 96 87 147 154 531 0 0 1 "Vandalism"
0 99 87 150 154 532 0 0 1 "Vandalism"
0 101 87 152 154 533 0 0 1 "Vandalism"
0 104 87 155 154 534 0 0 0 "Vandalism"
0 106 86 159 153 535 0 0 1 "Vandalism"
0 108 86 164 153 536 0 0 1 "Vandalism"
0 111 86 168 152 537 0 0 1 "Vandalism"
0 113 86 173 152 538 0 0 1 "Vandalism"
0 116 86 178 152 539 0 0 0 "Vandalism"
0 119 86 181 152 540 0 0 1 "Vandalism"
0 122 87 184 152 541 0 0 1 "Vandalism"
0 125 87 187 153 542 0 0 1 "Vandalism"
0 128 88 190 153 543 0 0 1 "Vandalism"
0 131 89 193 153 544 0 0 1 "Vandalism"
0 134 89 196 154 545 0 0 1 "Vandalism"
0 137 90 199 154 546 0 0 1 "Vandalism"
0 141 91 202 155 547 0 0 0 "Vandalism"
0 141 91 205 157 548 0 0 1 "Vandalism"
0 142 92 209 159 549 0 0 1 "Vandalism"
0 143 93 213 161 550 0 0 1 "Vandalism"
0 143 93 216 163 551 0 0 1 "Vandalism"
0 144 94 220 165 552 0 0 1 "Vandalism"
0 145 95 224 168 553 0 0 0 "Vandalism"
0 147 95 226 168 554 0 0 1 "Vandalism"
0 150 95 229 168 555 0 0 1 "Vandalism"
0 152 95 231 168 556 0 0 1 "Vandalism"
0 155 96 234 169 557 0 0 0 "Vandalism"
0 157 96 236 169 558 0 0 1 "Vandalism"
0 159 97 238 170 559 0 0 1 "Vandalism"
0 162 98 241 171 560 0 0 1 "Vandalism"
0 164 98 243 171 561 0 0 1 "Vandalism"
0 166 99 245 172 562 0 0 1 "Vandalism"
0 169 100 248 173 563 0 0 0 "Vandalism"
0 171 102 250 175 564 0 0 1 "Vandalism"
0 174 104 253 177 565 0 0 1 "Vandalism"
0 177 106 256 179 566 0 0 0 "Vandalism"
0 180 106 256 176 567 0 0 1 "Vandalism"
0 183 106 257 173 568 0 0 1 "Vandalism"
0 186 106 258 171 569 0 0 1 "Vandalism"
0 189 106 258 168 570 0 0 1 "Vandalism"
0 192 106 259 166 571 0 0 1 "Vandalism"
0 195 106 260 163 572 0 0 1 "Vandalism"
0 198 106 261 161 573 0 0 0 "Vandalism"
0 198 106 261 161 574 0 0 1 "Vandalism"
0 198 106 261 161 575 0 0 1 "Vandalism"
0 198 106 261 161 576 0 0 1 "Vandalism"
0 198 106 261 161 577 0 0 1 "Vandalism"
0 198 106 261 161 578 0 0 1 "Vandalism"
0 198 106 261 161 579 0 0 1 "Vandalism"
0 198 106 261 161 580 0 0 1 "Vandalism"
0 198 106 261 161 581 0 0 1 "Vandalism"
0 198 106 261 161 582 0 0 1 "Vandalism"
0 198 106 261 161 583 0 0 1 "Vandalism"
0 198 106 261 161 584 0 0 1 "Vandalism"
0 198 106 261 161 585 0 0 1 "Vandalism"
0 198 106 261 161 586 0 0 1 "Vandalism"
0 198 106 261 161 587 0 0 1 "Vandalism"
0 198 106 261 161 588 0 0 1 "Vandalism"
0 198 106 261 161 589 0 0 0 "Vandalism"
0 197 106 260 161 590 0 0 1 "Vandalism"
0 196 107 259 162 591 0 0 1 "Vandalism"
0 196 107 259 162 592 0 0 1 "Vandalism"
0 195 108 258 163 593 0 0 1 "Vandalism"
0 195 109 258 164 594 0 0 1 "Vandalism"
0 194 109 257 164 595 0 0 1 "Vandalism"
0 194 110 257 165 596 0 0 1 "Vandalism"
0 193 111 256 166 597 0 0 1 "Vandalism"
0 193 111 256 166 598 0 0 1 "Vandalism"
0 192 112 255 167 599 0 0 1 "Vandalism"
0 192 113 255 168 600 0 0 0 "Vandalism"
0 192 113 256 168 601 0 0 1 "Vandalism"
0 192 114 258 168 602 0 0 1 "Vandalism"
0 192 114 259 169 603 0 0 1 "Vandalism"
0 192 115 261 169 604 0 0 1 "Vandalism"
0 192 115 262 170 605 0 0 1 "Vandalism"
0 192 116 264 170 606 0 0 1 "Vandalism"
0 192 116 265 171 607 0 0 1 "Vandalism"
0 192 117 267 171 608 0 0 1 "Vandalism"
0 192 118 269 172 609 0 0 0 "Vandalism"
0 192 118 269 172 610 0 0 1 "Vandalism"
0 193 119 270 173 611 0 0 1 "Vandalism"
0 194 119 271 173 612 0 0 1 "Vandalism"
0 195 120 272 174 613 0 0 1 "Vandalism"
0 195 120 272 174 614 0 0 1 "Vandalism"
0 196 121 273 175 615 0 0 1 "Vandalism"
0 197 121 274 175 616 0 0 1 "Vandalism"
0 198 122 275 176 617 0 0 1 "Vandalism"
0 199 123 276 177 618 0 0 0 "Vandalism"
0 195 121 275 176 619 0 0 1 "Vandalism"
0 192 119 275 175 620 0 0 1 "Vandalism"
0 188 117 275 175 621 0 0 1 "Vandalism"
0 185 115 275 174 622 0 0 1 "Vandalism"
0 181 113 275 174 623 0 0 1 "Vandalism"
0 178 111 275 173 624 0 0 1 "Vandalism"
0 174 109 275 172 625 0 0 1 "Vandalism"
0 171 107 275 172 626 0 0 1 "Vandalism"
0 167 105 275 171 627 0 0 1 "Vandalism"
0 164 103 275 171 628 0 0 1 "Vandalism"
0 161 101 274 170 629 0 0 1 "Vandalism"
0 157 99 274 169 630 0 0 1 "Vandalism"
0 154 97 274 169 631 0 0 1 "Vandalism"
0 150 95 274 168 632 0 0 1 "Vandalism"
0 147 93 274 168 633 0 0 1 "Vandalism"
0 143 91 274 167 634 0 0 1 "Vandalism"
0 140 89 274 166 635 0 0 1 "Vandalism"
0 136 87 274 166 636 0 0 1 "Vandalism"
0 133 85 274 165 637 0 0 1 "Vandalism"
0 130 83 274 165 638 0 0 0 "Vandalism"
0 130 83 274 164 639 0 0 1 "Vandalism"
0 131 83 274 164 640 0 0 1 "Vandalism"
0 132 83 274 164 641 0 0 1 "Vandalism"
0 132 83 274 164 642 0 0 1 "Vandalism"
0 133 83 274 164 643 0 0 1 "Vandalism"
0 134 83 274 164 644 0 0 1 "Vandalism"
0 134 83 274 164 645 0 0 1 "Vandalism"
0 135 83 274 164 646 0 0 1 "Vandalism"
0 136 83 274 164 647 0 0 1 "Vandalism"
0 136 83 274 164 648 0 0 1 "Vandalism"
0 137 83 274 164 649 0 0 1 "Vandalism"
0 138 83 274 164 650 0 0 1 "Vandalism"
0 138 83 274 164 651 0 0 1 "Vandalism"
0 139 83 274 164 652 0 0 1 "Vandalism"
0 140 83 274 164 653 0 0 1 "Vandalism"
0 140 83 274 164 654 0 0 1 "Vandalism"
0 141 83 274 164 655 0 0 1 "Vandalism"
0 142 83 274 164 656 0 0 1 "Vandalism"
0 143 83 274 164 657 0 0 0 "Vandalism"
0 145 83 275 163 658 0 0 1 "Vandalism"
0 147 83 276 163 659 0 0 1 "Vandalism"
0 149 83 277 163 660 0 0 1 "Vandalism"
0 151 83 278 162 661 0 0 1 "Vandalism"
0 154 83 280 162 662 0 0 1 "Vandalism"
0 156 83 281 162 663 0 0 1 "Vandalism"
0 158 83 282 161 664 0 0 1 "Vandalism"
0 160 83 283 161 665 0 0 1 "Vandalism"
0 163 83 285 161 666 0 0 0 "Vandalism"
0 163 84 285 162 667 0 0 1 "Vandalism"
0 163 85 285 163 668 0 0 1 "Vandalism"
0 164 86 286 164 669 0 0 1 "Vandalism"
0 164 87 286 165 670 0 0 1 "Vandalism"
0 165 89 287 167 671 0 0 0 "Vandalism"
0 165 87 289 166 672 0 0 1 "Vandalism"
0 165 86 291 166 673 0 0 1 "Vandalism"
0 165 85 293 166 674 0 0 1 "Vandalism"
0 165 84 295 166 675 0 0 1 "Vandalism"
0 165 82 297 166 676 0 0 1 "Vandalism"
0 165 81 299 166 677 0 0 1 "Vandalism"
0 165 80 301 166 678 0 0 1 "Vandalism"
0 165 79 303 166 679 0 0 0 "Vandalism"
0 165 81 297 165 680 0 0 1 "Vandalism"
0 165 83 291 165 681 0 0 1 "Vandalism"
0 165 86 286 165 682 0 0 1 "Vandalism"
0 165 88 280 165 683 0 0 1 "Vandalism"
0 165 90 274 165 684 0 0 1 "Vandalism"
0 165 93 269 165 685 0 0 0 "Vandalism"
0 164 93 268 165 686 0 0 1 "Vandalism"
0 164 93 268 165 687 0 0 1 "Vandalism"
0 164 94 268 166 688 0 0 1 "Vandalism"
0 164 94 268 166 689 0 0 1 "Vandalism"
0 164 95 268 167 690 0 0 1 "Vandalism"
0 163 95 267 167 691 0 0 1 "Vandalism"
0 163 96 267 168 692 0 0 1 "Vandalism"
0 163 96 267 168 693 0 0 1 "Vandalism"
0 163 97 267 169 694 0 0 1 "Vandalism"
0 163 97 267 169 695 0 0 1 "Vandalism"
0 162 97 266 169 696 0 0 1 "Vandalism"
0 162 98 266 170 697 0 0 1 "Vandalism"
0 162 98 266 170 698 0 0 1 "Vandalism"
0 162 99 266 171 699 0 0 1 "Vandalism"
0 162 99 266 171 700 0 0 1 "Vandalism"
0 161 100 265 172 701 0 0 1 "Vandalism"
0 161 100 265 172 702 0 0 1 "Vandalism"
0 161 101 265 173 703 0 0 1 "Vandalism"
0 161 101 265 173 704 0 0 1 "Vandalism"
0 161 102 265 174 705 0 0 0 "Vandalism"
0 161 102 265 173 706 0 0 1 "Vandalism"
0 161 102 265 173 707 0 0 1 "Vandalism"
0 161 102 265 173 708 0 0 1 "Vandalism"
0 161 102 266 173 709 0 0 1 "Vandalism"
0 161 102 266 173 710 0 0 1 "Vandalism"
0 161 102 266 173 711 0 0 1 "Vandalism"
0 161 102 267 173 712 0 0 1 "Vandalism"
0 161 102 267 173 713 0 0 1 "Vandalism"
0 161 102 267 173 714 0 0 1 "Vandalism"
0 161 102 268 173 715 0 0 1 "Vandalism"
0 161 102 268 173 716 0 0 1 "Vandalism"
0 161 102 268 173 717 0 0 1 "Vandalism"
0 161 102 269 173 718 0 0 1 "Vandalism"
0 161 102 269 173 719 0 0 1 "Vandalism"
0 161 102 269 173 720 0 0 1 "Vandalism"
0 161 102 270 173 721 0 0 1 "Vandalism"
0 161 102 270 173 722 0 0 1 "Vandalism"
0 161 102 270 173 723 0 0 1 "Vandalism"
0 161 102 271 173 724 0 0 1 "Vandalism"
0 161 102 271 173 725 0 0 1 "Vandalism"
0 161 102 271 173 726 0 0 1 "Vandalism"
0 161 102 272 173 727 0 0 1 "Vandalism"
0 161 102 272 173 728 0 0 1 "Vandalism"
0 161 102 272 173 729 0 0 1 "Vandalism"
0 161 102 273 173 730 0 0 1 "Vandalism"
0 161 102 273 173 731 0 0 1 "Vandalism"
0 161 102 273 173 732 0 0 1 "Vandalism"
0 161 102 274 173 733 0 0 1 "Vandalism"
0 161 102 274 173 734 0 0 1 "Vandalism"
0 161 102 274 173 735 0 0 1 "Vandalism"
0 161 102 275 173 736 0 0 0 "Vandalism"
0 156 102 275 172 737 0 0 1 "Vandalism"
0 151 102 275 172 738 0 0 1 "Vandalism"
0 146 102 275 172 739 0 0 1 "Vandalism"
0 142 102 275 172 740 0 0 1 "Vandalism"
0 137 102 275 172 741 0 0 1 "Vandalism"
0 132 102 275 172 742 0 0 1 "Vandalism"
0 127 102 275 172 743 0 0 1 "Vandalism"
0 123 102 275 172 744 0 0 0 "Vandalism"
0 123 101 275 171 745 0 0 1 "Vandalism"
0 124 101 276 171 746 0 0 1 "Vandalism"
0 125 101 277 171 747 0 0 1 "Vandalism"
0 126 101 278 171 748 0 0 1 "Vandalism"
0 127 101 279 171 749 0 0 1 "Vandalism"
0 127 101 279 171 750 0 0 1 "Vandalism"
0 128 100 280 170 751 0 0 1 "Vandalism"
0 129 100 281 170 752 0 0 1 "Vandalism"
0 130 100 282 170 753 0 0 1 "Vandalism"
0 131 100 283 170 754 0 0 1 "Vandalism"
0 131 100 283 170 755 0 0 1 "Vandalism"
0 132 100 284 170 756 0 0 1 "Vandalism"
0 133 100 285 170 757 0 0 1 "Vandalism"
0 134 99 286 169 758 0 0 1 "Vandalism"
0 135 99 287 169 759 0 0 1 "Vandalism"
0 135 99 287 169 760 0 0 1 "Vandalism"
0 136 99 288 169 761 0 0 1 "Vandalism"
0 137 99 289 169 762 0 0 1 "Vandalism"
0 138 99 290 169 763 0 0 1 "Vandalism"
0 139 99 291 169 764 0 0 0 "Vandalism"
0 140 98 292 168 765 0 0 1 "Vandalism"
0 141 98 293 168 766 0 0 1 "Vandalism"
0 142 98 294 168 767 0 0 1 "Vandalism"
0 143 97 295 167 768 0 0 1 "Vandalism"
0 144 97 296 167 769 0 0 1 "Vandalism"
0 145 97 297 167 770 0 0 1 "Vandalism"
0 147 97 299 167 771 0 0 0 "Vandalism"
0 148 97 300 167 772 0 0 1 "Vandalism"
0 149 97 301 167 773 0 0 1 "Vandalism"
0 150 97 302 167 774 0 0 1 "Vandalism"
0 151 97 303 167 775 0 0 1 "Vandalism"
0 152 97 304 167 776 0 0 1 "Vandalism"
0 153 97 305 167 777 0 0 1 "Vandalism"
0 154 97 306 167 778 0 0 1 "Vandalism"
0 155 97 307 167 779 0 0 1 "Vandalism"
0 156 97 308 167 780 0 0 1 "Vandalism"
0 157 97 309 167 781 0 0 1 "Vandalism"
0 159 98 311 168 782 0 0 0 "Vandalism"
0 159 96 311 167 783 0 0 1 "Vandalism"
0 159 95 311 166 784 0 0 1 "Vandalism"
0 160 93 311 165 785 0 0 1 "Vandalism"
0 160 92 312 164 786 0 0 1 "Vandalism"
0 161 90 312 163 787 0 0 1 "Vandalism"
0 161 89 312 162 788 0 0 1 "Vandalism"
0 161 87 312 161 789 0 0 1 "Vandalism"
0 162 86 313 160 790 0 0 1 "Vandalism"
0 162 84 313 159 791 0 0 1 "Vandalism"
0 163 83 313 158 792 0 0 1 "Vandalism"
0 163 81 313 157 793 0 0 1 "Vandalism"
0 164 80 314 157 794 0 0 0 "Vandalism"
0 163 80 304 157 795 0 0 1 "Vandalism"
0 163 81 294 158 796 0 0 1 "Vandalism"
0 163 82 284 159 797 0 0 1 "Vandalism"
0 163 83 274 159 798 0 0 1 "Vandalism"
0 163 84 264 160 799 0 0 1 "Vandalism"
0 163 85 254 161 800 0 0 1 "Vandalism"
0 163 86 245 162 801 0 0 0 "Vandalism"
0 162 86 244 162 802 0 0 1 "Vandalism"
0 162 87 243 162 803 0 0 1 "Vandalism"
0 162 87 242 162 804 0 0 1 "Vandalism"
0 161 88 242 162 805 0 0 1 "Vandalism"
0 161 89 241 162 806 0 0 1 "Vandalism"
0 161 89 240 162 807 0 0 1 "Vandalism"
0 161 90 239 162 808 0 0 1 "Vandalism"
0 160 91 239 163 809 0 0 1 "Vandalism"
0 160 91 238 163 810 0 0 1 "Vandalism"
0 160 92 237 163 811 0 0 1 "Vandalism"
0 160 92 236 163 812 0 0 1 "Vandalism"
0 159 93 236 163 813 0 0 1 "Vandalism"
0 159 94 235 163 814 0 0 1 "Vandalism"
0 159 94 234 163 815 0 0 1 "Vandalism"
0 159 95 234 164 816 0 0 1 "Vandalism"
0 158 96 233 164 817 0 0 1 "Vandalism"
0 158 96 232 164 818 0 0 1 "Vandalism"
0 158 97 231 164 819 0 0 1 "Vandalism"
0 157 98 231 164 820 0 0 1 "Vandalism"
0 157 98 230 164 821 0 0 1 "Vandalism"
0 157 99 229 164 822 0 0 1 "Vandalism"
0 157 99 228 164 823 0 0 1 "Vandalism"
0 156 100 228 165 824 0 0 1 "Vandalism"
0 156 101 227 165 825 0 0 1 "Vandalism"
0 156 101 226 165 826 0 0 1 "Vandalism"
0 156 102 225 165 827 0 0 1 "Vandalism"
0 155 103 225 165 828 0 0 1 "Vandalism"
0 155 103 224 165 829 0 0 1 "Vandalism"
0 155 104 223 165 830 0 0 1 "Vandalism"
0 155 105 223 166 831 0 0 0 "Vandalism"
0 155 104 223 165 832 0 0 1 "Vandalism"
0 155 104 223 165 833 0 0 1 "Vandalism"
0 155 103 223 164 834 0 0 1 "Vandalism"
0 155 103 223 164 835 0 0 1 "Vandalism"
0 155 103 223 164 836 0 0 1 "Vandalism"
0 155 102 223 163 837 0 0 1 "Vandalism"
0 155 102 223 163 838 0 0 1 "Vandalism"
0 155 101 223 162 839 0 0 1 "Vandalism"
0 155 101 223 162 840 0 0 1 "Vandalism"
0 155 101 223 162 841 0 0 1 "Vandalism"
0 155 100 223 161 842 0 0 1 "Vandalism"
0 155 100 223 161 843 0 0 1 "Vandalism"
0 155 99 223 160 844 0 0 1 "Vandalism"
0 155 99 223 160 845 0 0 1 "Vandalism"
0 155 99 223 160 846 0 0 1 "Vandalism"
0 155 98 223 159 847 0 0 1 "Vandalism"
0 155 98 223 159 848 0 0 1 "Vandalism"
0 156 98 224 159 849 0 0 0 "Vandalism"
0 155 97 223 158 850 0 0 1 "Vandalism"
0 155 97 223 158 851 0 0 1 "Vandalism"
0 155 97 223 158 852 0 0 1 "Vandalism"
0 155 97 223 158 853 0 0 1 "Vandalism"
0 155 97 223 158 854 0 0 1 "Vandalism"
0 155 97 223 158 855 0 0 1 "Vandalism"
0 155 97 223 158 856 0 0 1 "Vandalism"
0 155 97 223 158 857 0 0 1 "Vandalism"
0 155 97 223 158 858 0 0 0 "Vandalism"
0 156 96 224 157 859 0 0 1 "Vandalism"
0 158 96 226 157 860 0 0 1 "Vandalism"
0 159 96 227 157 861 0 0 1 "Vandalism"
0 161 96 229 157 862 0 0 1 "Vandalism"
0 163 96 231 157 863 0 0 1 "Vandalism"
0 164 96 232 157 864 0 0 1 "Vandalism"
0 166 96 234 157 865 0 0 1 "Vandalism"
0 168 96 236 157 866 0 0 0 "Vandalism"
0 169 96 237 157 867 0 0 1 "Vandalism"
0 171 97 239 158 868 0 0 1 "Vandalism"
0 173 97 241 158 869 0 0 1 "Vandalism"
0 175 98 243 159 870 0 0 1 "Vandalism"
0 177 99 245 160 871 0 0 0 "Vandalism"
0 179 99 247 160 872 0 0 1 "Vandalism"
0 181 100 249 161 873 0 0 1 "Vandalism"
0 183 100 251 161 874 0 0 1 "Vandalism"
0 185 101 253 162 875 0 0 1 "Vandalism"
0 187 101 255 162 876 0 0 1 "Vandalism"
0 189 102 257 163 877 0 0 1 "Vandalism"
0 191 102 259 163 878 0 0 1 "Vandalism"
0 193 103 261 164 879 0 0 1 "Vandalism"
0 195 104 263 165 880 0 0 0 "Vandalism"
0 195 104 269 164 881 0 0 1 "Vandalism"
0 195 104 276 164 882 0 0 1 "Vandalism"
0 195 104 283 164 883 0 0 0 "Vandalism"
0 195 101 282 164 884 0 0 1 "Vandalism"
0 195 98 282 164 885 0 0 1 "Vandalism"
0 195 95 282 164 886 0 0 0 "Vandalism"
0 195 92 284 163 887 0 0 1 "Vandalism"
0 195 90 287 163 888 0 0 1 "Vandalism"
0 195 87 289 163 889 0 0 1 "Vandalism"
0 195 85 292 163 890 0 0 1 "Vandalism"
0 195 83 295 163 891 0 0 0 "Vandalism"
0 195 84 299 164 892 0 0 1 "Vandalism"
0 195 86 304 166 893 0 0 1 "Vandalism"
0 196 88 309 167 894 0 0 1 "Vandalism"
0 196 90 314 169 895 0 0 1 "Vandalism"
0 197 92 319 171 896 0 0 0 "Vandalism"
0 196 92 314 171 897 0 0 1 "Vandalism"
0 196 93 310 172 898 0 0 1 "Vandalism"
0 195 94 306 172 899 0 0 1 "Vandalism"
0 195 95 302 173 900 0 0 1 "Vandalism"
0 194 95 297 173 901 0 0 1 "Vandalism"
0 194 96 293 174 902 0 0 1 "Vandalism"
0 194 97 289 175 903 0 0 1 "Vandalism"
0 193 98 285 175 904 0 0 1 "Vandalism"
0 193 98 280 176 905 0 0 1 "Vandalism"
0 192 99 276 176 906 0 0 1 "Vandalism"
0 192 100 272 177 907 0 0 1 "Vandalism"
0 192 101 268 178 908 0 0 0 "Vandalism"
0 190 101 266 177 909 0 0 1 "Vandalism"
0 188 102 264 176 910 0 0 1 "Vandalism"
0 187 102 262 175 911 0 0 1 "Vandalism"
0 185 103 261 174 912 0 0 1 "Vandalism"
0 183 103 259 173 913 0 0 1 "Vandalism"
0 182 104 257 172 914 0 0 1 "Vandalism"
0 180 105 256 171 915 0 0 1 "Vandalism"
0 178 105 254 170 916 0 0 1 "Vandalism"
0 177 106 252 169 917 0 0 1 "Vandalism"
0 175 106 250 168 918 0 0 1 "Vandalism"
0 173 107 249 167 919 0 0 1 "Vandalism"
0 172 107 247 166 920 0 0 1 "Vandalism"
0 170 108 245 165 921 0 0 1 "Vandalism"
0 169 109 244 164 922 0 0 0 "Vandalism"
0 165 109 240 164 923 0 0 1 "Vandalism"
0 162 110 237 165 924 0 0 1 "Vandalism"
0 159 110 234 165 925 0 0 1 "Vandalism"
0 155 111 230 166 926 0 0 1 "Vandalism"
0 152 112 227 167 927 0 0 1 "Vandalism"
0 149 112 224 167 928 0 0 1 "Vandalism"
0 145 113 220 168 929 0 0 1 "Vandalism"
0 142 113 217 168 930 0 0 1 "Vandalism"
0 139 114 214 169 931 0 0 1 "Vandalism"
0 136 115 211 170 932 0 0 0 "Vandalism"
0 131 115 206 171 933 0 0 1 "Vandalism"
0 127 115 202 172 934 0 0 1 "Vandalism"
0 123 115 197 174 935 0 0 1 "Vandalism"
0 118 115 193 175 936 0 0 1 "Vandalism"
0 114 115 189 177 937 0 0 1 "Vandalism"
0 110 115 184 178 938 0 0 1 "Vandalism"
0 105 115 180 179 939 0 0 1 "Vandalism"
0 101 115 175 181 940 0 0 1 "Vandalism"
0 97 115 171 182 941 0 0 1 "Vandalism"
0 93 115 167 184 942 0 0 0 "Vandalism"
0 87 116 164 185 943 0 0 1 "Vandalism"
0 82 117 161 186 944 0 0 1 "Vandalism"
0 76 118 158 187 945 0 0 1 "Vandalism"
0 71 119 156 188 946 0 0 1 "Vandalism"
0 65 120 153 189 947 0 0 1 "Vandalism"
0 60 121 150 190 948 0 0 1 "Vandalism"
0 55 123 148 191 949 0 0 0 "Vandalism"
0 55 123 147 192 950 0 0 1 "Vandalism"
0 55 123 147 193 951 0 0 1 "Vandalism"
0 55 123 147 195 952 0 0 1 "Vandalism"
0 55 123 147 196 953 0 0 1 "Vandalism"
0 55 123 147 197 954 0 0 1 "Vandalism"
0 55 123 147 199 955 0 0 1 "Vandalism"
0 55 123 147 200 956 0 0 1 "Vandalism"
0 55 123 147 202 957 0 0 1 "Vandalism"
0 55 123 147 203 958 0 0 1 "Vandalism"
0 55 123 147 204 959 0 0 1 "Vandalism"
0 55 123 147 206 960 0 0 1 "Vandalism"
0 55 123 147 207 961 0 0 1 "Vandalism"
0 55 123 147 209 962 0 0 0 "Vandalism"
0 55 123 147 208 963 0 0 1 "Vandalism"
0 56 123 147 208 964 0 0 1 "Vandalism"
0 57 123 147 208 965 0 0 1 "Vandalism"
0 58 123 147 208 966 0 0 1 "Vandalism"
0 58 123 147 208 967 0 0 1 "Vandalism"
0 59 123 147 208 968 0 0 1 "Vandalism"
0 60 123 147 208 969 0 0 1 "Vandalism"
0 61 123 147 208 970 0 0 1 "Vandalism"
0 61 123 147 208 971 0 0 1 "Vandalism"
0 62 123 147 208 972 0 0 1 "Vandalism"
0 63 123 147 208 973 0 0 1 "Vandalism"
0 64 123 147 208 974 0 0 1 "Vandalism"
0 64 123 147 208 975 0 0 1 "Vandalism"
0 65 123 147 208 976 0 0 1 "Vandalism"
0 66 123 147 208 977 0 0 1 "Vandalism"
0 67 123 147 208 978 0 0 1 "Vandalism"
0 67 123 147 208 979 0 0 1 "Vandalism"
0 68 123 147 208 980 0 0 1 "Vandalism"
0 69 123 147 208 981 0 0 1 "Vandalism"
0 70 123 147 208 982 0 0 0 "Vandalism"
0 72 123 149 208 983 0 0 1 "Vandalism"
0 74 123 151 208 984 0 0 1 "Vandalism"
0 76 123 153 208 985 0 0 1 "Vandalism"
0 78 123 155 208 986 0 0 1 "Vandalism"
0 80 123 157 208 987 0 0 1 "Vandalism"
0 82 123 159 208 988 0 0 1 "Vandalism"
0 84 123 161 208 989 0 0 1 "Vandalism"
0 86 123 163 208 990 0 0 1 "Vandalism"
0 88 123 165 208 991 0 0 0 "Vandalism"
0 94 123 165 207 992 0 0 1 "Vandalism"
0 100 123 165 207 993 0 0 1 "Vandalism"
0 106 123 165 207 994 0 0 1 "Vandalism"
0 112 123 165 207 995 0 0 0 "Vandalism"
0 113 119 178 205 996 0 0 1 "Vandalism"
0 114 115 191 204 997 0 0 1 "Vandalism"
0 116 111 204 202 998 0 0 1 "Vandalism"
0 117 107 217 201 999 0 0 1 "Vandalism"
0 119 103 230 200 1000 0 0 0 "Vandalism"
0 121 103 232 200 1001 0 0 1 "Vandalism"
0 123 103 234 200 1002 0 0 1 "Vandalism"
0 126 103 237 200 1003 0 0 1 "Vandalism"
0 128 103 239 200 1004 0 0 1 "Vandalism"
0 130 103 241 200 1005 0 0 1 "Vandalism"
0 133 103 244 200 1006 0 0 1 "Vandalism"
0 135 103 246 200 1007 0 0 1 "Vandalism"
0 137 103 248 200 1008 0 0 1 "Vandalism"
0 140 104 251 201 1009 0 0 0 "Vandalism"
0 136 104 247 201 1010 0 0 1 "Vandalism"
0 133 104 244 201 1011 0 0 1 "Vandalism"
0 130 105 241 202 1012 0 0 1 "Vandalism"
0 127 105 238 202 1013 0 0 1 "Vandalism"
0 124 106 235 203 1014 0 0 0 "Vandalism"
0 122 106 233 203 1015 0 0 1 "Vandalism"
0 121 107 232 204 1016 0 0 1 "Vandalism"
0 120 108 231 205 1017 0 0 1 "Vandalism"
0 118 109 229 206 1018 0 0 1 "Vandalism"
0 117 110 228 207 1019 0 0 1 "Vandalism"
0 116 111 227 208 1020 0 0 0 "Vandalism"
0 114 111 219 205 1021 0 0 1 "Vandalism"
0 112 111 211 203 1022 0 0 1 "Vandalism"
0 110 112 203 201 1023 0 0 1 "Vandalism"
0 109 112 195 198 1024 0 0 1 "Vandalism"
0 107 113 188 196 1025 0 0 1 "Vandalism"
0 105 113 180 194 1026 0 0 1 "Vandalism"
0 104 113 172 191 1027 0 0 1 "Vandalism"
0 102 114 164 189 1028 0 0 1 "Vandalism"
0 100 114 156 187 1029 0 0 1 "Vandalism"
0 99 115 149 185 1030 0 0 0 "Vandalism"
0 97 116 147 186 1031 0 0 1 "Vandalism"
0 96 117 146 187 1032 0 0 1 "Vandalism"
0 95 118 145 188 1033 0 0 1 "Vandalism"
0 94 120 144 190 1034 0 0 1 "Vandalism"
0 93 121 143 191 1035 0 0 1 "Vandalism"
0 92 122 142 192 1036 0 0 1 "Vandalism"
0 91 124 141 194 1037 0 0 1 "Vandalism"
0 90 125 140 195 1038 0 0 1 "Vandalism"
0 89 126 139 196 1039 0 0 1 "Vandalism"
0 88 128 138 198 1040 1 0 0 "Vandalism"
0 88 129 138 198 1041 1 0 1 "Vandalism"
0 88 130 138 199 1042 1 0 1 "Vandalism"
0 88 131 138 199 1043 1 0 1 "Vandalism"
0 88 132 138 200 1044 1 0 1 "Vandalism"
0 88 133 138 201 1045 1 0 1 "Vandalism"
0 88 134 138 201 1046 1 0 1 "Vandalism"
0 88 135 138 202 1047 1 0 1 "Vandalism"
0 88 136 138 202 1048 1 0 1 "Vandalism"
0 88 137 138 203 1049 1 0 1 "Vandalism"
0 88 138 138 204 1050 1 0 1 "Vandalism"
0 88 139 138 204 1051 1 0 1 "Vandalism"
0 88 140 138 205 1052 1 0 1 "Vandalism"
0 89 141 138 206 1053 1 0 0 "Vandalism"
0 89 140 138 205 1054 1 0 1 "Vandalism"
0 89 140 138 205 1055 1 0 1 "Vandalism"
0 89 140 138 204 1056 1 0 1 "Vandalism"
0 89 140 138 204 1057 1 0 1 "Vandalism"
0 90 139 139 204 1058 1 0 1 "Vandalism"
0 90 139 139 203 1059 1 0 1 "Vandalism"
0 90 139 139 203 1060 1 0 1 "Vandalism"
0 90 139 139 203 1061 1 0 1 "Vandalism"
0 91 138 139 202 1062 1 0 1 "Vandalism"
0 91 138 140 202 1063 1 0 1 "Vandalism"
0 91 138 140 202 1064 1 0 1 "Vandalism"
0 91 138 140 201 1065 1 0 1 "Vandalism"
0 91 138 140 201 1066 1 0 1 "Vandalism"
0 92 137 140 201 1067 1 0 1 "Vandalism"
0 92 137 141 200 1068 1 0 1 "Vandalism"
0 92 137 141 200 1069 1 0 1 "Vandalism"
0 92 137 141 200 1070 1 0 1 "Vandalism"
0 93 136 141 199 1071 1 0 1 "Vandalism"
0 93 136 141 199 1072 1 0 1 "Vandalism"
0 93 136 142 198 1073 1 0 1 "Vandalism"
0 93 136 142 198 1074 1 0 1 "Vandalism"
0 93 136 142 198 1075 1 0 1 "Vandalism"
0 94 135 142 197 1076 1 0 1 "Vandalism"
0 94 135 143 197 1077 1 0 1 "Vandalism"
0 94 135 143 197 1078 1 0 1 "Vandalism"
0 94 135 143 196 1079 1 0 1 "Vandalism"
0 95 134 143 196 1080 1 0 1 "Vandalism"
0 95 134 143 196 1081 1 0 1 "Vandalism"
0 95 134 144 195 1082 1 0 1 "Vandalism"
0 95 134 144 195 1083 1 0 1 "Vandalism"
0 95 134 144 195 1084 1 0 1 "Vandalism"
0 96 133 144 194 1085 1 0 1 "Vandalism"
0 96 133 144 194 1086 1 0 1 "Vandalism"
0 96 133 145 194 1087 1 0 1 "Vandalism"
0 96 133 145 193 1088 1 0 1 "Vandalism"
0 97 132 145 193 1089 1 0 1 "Vandalism"
0 97 132 145 193 1090 1 0 1 "Vandalism"
0 97 132 145 192 1091 1 0 1 "Vandalism"
0 97 132 146 192 1092 1 0 1 "Vandalism"
0 97 132 146 191 1093 1 0 1 "Vandalism"
0 98 131 146 191 1094 1 0 1 "Vandalism"
0 98 131 146 191 1095 1 0 1 "Vandalism"
0 98 131 146 190 1096 1 0 1 "Vandalism"
0 98 131 147 190 1097 1 0 1 "Vandalism"
0 99 130 147 190 1098 1 0 1 "Vandalism"
0 99 130 147 189 1099 1 0 1 "Vandalism"
0 99 130 147 189 1100 1 0 1 "Vandalism"
0 99 130 148 189 1101 1 0 1 "Vandalism"
0 99 130 148 188 1102 1 0 1 "Vandalism"
0 100 129 148 188 1103 1 0 1 "Vandalism"
0 100 129 148 188 1104 1 0 1 "Vandalism"
0 100 129 148 187 1105 1 0 1 "Vandalism"
0 100 129 149 187 1106 1 0 1 "Vandalism"
0 101 128 149 187 1107 1 0 1 "Vandalism"
0 101 128 149 186 1108 1 0 1 "Vandalism"
0 101 128 149 186 1109 1 0 1 "Vandalism"
0 101 128 149 186 1110 1 0 1 "Vandalism"
0 101 128 150 185 1111 1 0 1 "Vandalism"
0 102 127 150 185 1112 1 0 1 "Vandalism"
0 102 127 150 184 1113 1 0 1 "Vandalism"
0 102 127 150 184 1114 1 0 1 "Vandalism"
0 102 127 150 184 1115 1 0 1 "Vandalism"
0 103 126 151 183 1116 1 0 1 "Vandalism"
0 103 126 151 183 1117 1 0 1 "Vandalism"
0 103 126 151 183 1118 1 0 1 "Vandalism"
0 103 126 151 182 1119 1 0 1 "Vandalism"
0 103 126 151 182 1120 1 0 1 "Vandalism"
0 104 125 152 182 1121 1 0 1 "Vandalism"
0 104 125 152 181 1122 1 0 1 "Vandalism"
0 104 125 152 181 1123 1 0 1 "Vandalism"
0 104 125 152 181 1124 1 0 1 "Vandalism"
0 105 124 153 180 1125 1 0 1 "Vandalism"
0 105 124 153 180 1126 1 0 1 "Vandalism"
0 105 124 153 180 1127 1 0 1 "Vandalism"
0 105 124 153 179 1128 1 0 1 "Vandalism"
0 105 124 153 179 1129 1 0 1 "Vandalism"
0 106 123 154 178 1130 1 0 1 "Vandalism"
0 106 123 154 178 1131 1 0 1 "Vandalism"
0 106 123 154 178 1132 1 0 1 "Vandalism"
0 106 123 154 177 1133 1 0 1 "Vandalism"
0 107 122 154 177 1134 1 0 1 "Vandalism"
0 107 122 155 177 1135 1 0 1 "Vandalism"
0 107 122 155 176 1136 1 0 1 "Vandalism"
0 107 122 155 176 1137 1 0 1 "Vandalism"
0 107 122 155 176 1138 1 0 1 "Vandalism"
0 108 121 155 175 1139 1 0 1 "Vandalism"
0 108 121 156 175 1140 1 0 1 "Vandalism"
0 108 121 156 175 1141 1 0 1 "Vandalism"
0 108 121 156 174 1142 1 0 1 "Vandalism"
0 109 120 156 174 1143 1 0 1 "Vandalism"
0 109 120 156 174 1144 1 0 1 "Vandalism"
0 109 120 157 173 1145 1 0 1 "Vandalism"
0 109 120 157 173 1146 1 0 1 "Vandalism"
0 109 120 157 173 1147 1 0 1 "Vandalism"
0 110 119 157 172 1148 1 0 1 "Vandalism"
0 110 119 158 172 1149 1 0 1 "Vandalism"
0 110 119 158 171 1150 1 0 1 "Vandalism"
0 110 119 158 171 1151 1 0 1 "Vandalism"
0 111 118 158 171 1152 1 0 1 "Vandalism"
0 111 118 158 170 1153 1 0 1 "Vandalism"
0 111 118 159 170 1154 1 0 1 "Vandalism"
0 111 118 159 170 1155 1 0 1 "Vandalism"
0 111 118 159 169 1156 1 0 1 "Vandalism"
0 112 117 159 169 1157 1 0 1 "Vandalism"
0 112 117 159 169 1158 1 0 1 "Vandalism"
0 112 117 160 168 1159 1 0 1 "Vandalism"
0 112 117 160 168 1160 1 0 1 "Vandalism"
0 113 116 160 168 1161 1 0 1 "Vandalism"
0 113 116 160 167 1162 1 0 1 "Vandalism"
0 113 116 160 167 1163 1 0 1 "Vandalism"
0 113 116 161 167 1164 1 0 1 "Vandalism"
0 113 116 161 166 1165 1 0 1 "Vandalism"
0 114 115 161 166 1166 1 0 1 "Vandalism"
0 114 115 161 166 1167 1 0 1 "Vandalism"
0 114 115 161 165 1168 1 0 1 "Vandalism"
0 114 115 162 165 1169 1 0 1 "Vandalism"
0 115 114 162 164 1170 1 0 1 "Vandalism"
0 115 114 162 164 1171 1 0 1 "Vandalism"
0 115 114 162 164 1172 1 0 1 "Vandalism"
0 115 114 163 163 1173 1 0 1 "Vandalism"
0 115 114 163 163 1174 1 0 1 "Vandalism"
0 116 113 163 163 1175 1 0 1 "Vandalism"
0 116 113 163 162 1176 1 0 1 "Vandalism"
0 116 113 163 162 1177 1 0 1 "Vandalism"
0 116 113 164 162 1178 1 0 1 "Vandalism"
0 117 112 164 161 1179 1 0 1 "Vandalism"
0 117 112 164 161 1180 1 0 1 "Vandalism"
0 117 112 164 161 1181 1 0 1 "Vandalism"
0 117 112 164 160 1182 1 0 1 "Vandalism"
0 117 112 165 160 1183 1 0 1 "Vandalism"
0 118 111 165 160 1184 1 0 1 "Vandalism"
0 118 111 165 159 1185 1 0 1 "Vandalism"
0 118 111 165 159 1186 1 0 1 "Vandalism"
0 118 111 165 159 1187 1 0 1 "Vandalism"
0 119 110 166 158 1188 1 0 1 "Vandalism"
0 119 110 166 158 1189 1 0 1 "Vandalism"
0 119 110 166 157 1190 1 0 1 "Vandalism"
0 119 110 166 157 1191 1 0 1 "Vandalism"
0 119 110 166 157 1192 1 0 1 "Vandalism"
0 120 109 167 156 1193 1 0 1 "Vandalism"
0 120 109 167 156 1194 1 0 1 "Vandalism"
0 120 109 167 156 1195 1 0 1 "Vandalism"
0 120 109 167 155 1196 1 0 1 "Vandalism"
0 121 108 168 155 1197 1 0 1 "Vandalism"
0 121 108 168 155 1198 1 0 1 "Vandalism"
0 121 108 168 154 1199 1 0 1 "Vandalism"
0 121 108 168 154 1200 1 0 1 "Vandalism"
0 121 108 168 154 1201 1 0 1 "Vandalism"
0 122 107 169 153 1202 1 0 1 "Vandalism"
0 122 107 169 153 1203 1 0 1 "Vandalism"
0 122 107 169 153 1204 1 0 1 "Vandalism"
0 122 107 169 152 1205 1 0 1 "Vandalism"
0 123 106 169 152 1206 1 0 1 "Vandalism"
0 123 106 170 151 1207 1 0 1 "Vandalism"
0 123 106 170 151 1208 1 0 1 "Vandalism"
0 123 106 170 151 1209 1 0 1 "Vandalism"
0 123 106 170 150 1210 1 0 1 "Vandalism"
0 124 105 170 150 1211 1 0 1 "Vandalism"
0 124 105 171 150 1212 1 0 1 "Vandalism"
0 124 105 171 149 1213 1 0 1 "Vandalism"
0 124 105 171 149 1214 1 0 1 "Vandalism"
0 125 104 171 149 1215 1 0 1 "Vandalism"
0 125 104 171 148 1216 1 0 1 "Vandalism"
0 125 104 172 148 1217 1 0 1 "Vandalism"
0 125 104 172 148 1218 1 0 1 "Vandalism"
0 125 104 172 147 1219 1 0 1 "Vandalism"
0 126 103 172 147 1220 1 0 1 "Vandalism"
0 126 103 173 147 1221 1 0 1 "Vandalism"
0 126 103 173 146 1222 1 0 1 "Vandalism"
0 126 103 173 146 1223 1 0 1 "Vandalism"
0 127 102 173 146 1224 1 0 1 "Vandalism"
0 127 102 173 145 1225 1 0 1 "Vandalism"
0 127 102 174 145 1226 1 0 1 "Vandalism"
0 127 102 174 144 1227 1 0 1 "Vandalism"
0 127 102 174 144 1228 1 0 1 "Vandalism"
0 128 101 174 144 1229 1 0 1 "Vandalism"
0 128 101 174 143 1230 1 0 1 "Vandalism"
0 128 101 175 143 1231 1 0 1 "Vandalism"
0 128 101 175 143 1232 1 0 1 "Vandalism"
0 129 100 175 142 1233 1 0 1 "Vandalism"
0 129 100 175 142 1234 1 0 1 "Vandalism"
0 129 100 175 142 1235 1 0 1 "Vandalism"
0 129 100 176 141 1236 1 0 1 "Vandalism"
0 129 100 176 141 1237 1 0 1 "Vandalism"
0 130 99 176 141 1238 1 0 1 "Vandalism"
0 130 99 176 140 1239 1 0 1 "Vandalism"
0 130 99 176 140 1240 1 0 1 "Vandalism"
0 130 99 177 140 1241 1 0 1 "Vandalism"
0 131 98 177 139 1242 1 0 1 "Vandalism"
0 131 98 177 139 1243 1 0 1 "Vandalism"
0 131 98 177 139 1244 1 0 1 "Vandalism"
0 131 98 178 138 1245 1 0 1 "Vandalism"
0 131 98 178 138 1246 1 0 1 "Vandalism"
0 132 97 178 137 1247 1 0 1 "Vandalism"
0 132 97 178 137 1248 1 0 1 "Vandalism"
0 132 97 178 137 1249 1 0 1 "Vandalism"
0 132 97 179 136 1250 1 0 1 "Vandalism"
0 133 96 179 136 1251 1 0 1 "Vandalism"
0 133 96 179 136 1252 1 0 1 "Vandalism"
0 133 96 179 135 1253 1 0 1 "Vandalism"
0 133 96 179 135 1254 1 0 1 "Vandalism"
0 133 96 180 135 1255 1 0 1 "Vandalism"
0 134 95 180 134 1256 1 0 1 "Vandalism"
0 134 95 180 134 1257 1 0 1 "Vandalism"
0 134 95 180 134 1258 1 0 1 "Vandalism"
0 134 95 180 133 1259 1 0 1 "Vandalism"
0 135 94 181 133 1260 1 0 1 "Vandalism"
0 135 94 181 133 1261 1 0 1 "Vandalism"
0 135 94 181 132 1262 1 0 1 "Vandalism"
0 135 94 181 132 1263 1 0 1 "Vandalism"
0 136 94 182 132 1264 0 0 0 "Vandalism"
0 136 94 182 132 1265 0 0 1 "Vandalism"
0 137 94 183 132 1266 0 0 1 "Vandalism"
0 138 94 184 132 1267 0 0 1 "Vandalism"
0 138 94 184 132 1268 0 0 1 "Vandalism"
0 139 94 185 132 1269 0 0 1 "Vandalism"
0 140 94 186 132 1270 0 0 1 "Vandalism"
0 140 94 186 132 1271 0 0 1 "Vandalism"
0 141 94 187 132 1272 0 0 1 "Vandalism"
0 142 94 188 132 1273 0 0 1 "Vandalism"
0 143 94 189 132 1274 0 0 0 "Vandalism"
0 144 94 190 132 1275 0 0 1 "Vandalism"
0 145 94 191 132 1276 0 0 1 "Vandalism"
0 146 94 192 132 1277 0 0 1 "Vandalism"
0 147 95 193 133 1278 0 0 1 "Vandalism"
0 148 95 194 133 1279 0 0 1 "Vandalism"
0 149 95 195 133 1280 0 0 1 "Vandalism"
0 150 96 196 134 1281 0 0 0 "Vandalism"
0 151 96 197 134 1282 0 0 1 "Vandalism"
0 152 97 198 134 1283 0 0 1 "Vandalism"
0 154 98 199 134 1284 0 0 1 "Vandalism"
0 155 98 200 134 1285 0 0 1 "Vandalism"
0 156 99 202 134 1286 0 0 1 "Vandalism"
0 158 100 203 134 1287 0 0 1 "Vandalism"
0 159 100 204 134 1288 0 0 1 "Vandalism"
0 160 101 205 134 1289 0 0 1 "Vandalism"
0 162 102 207 135 1290 0 0 0 "Vandalism"
0 157 102 207 134 1291 0 0 1 "Vandalism"
0 153 102 207 134 1292 0 0 1 "Vandalism"
0 148 102 207 134 1293 0 0 1 "Vandalism"
0 144 102 207 134 1294 0 0 1 "Vandalism"
0 140 102 207 134 1295 0 0 1 "Vandalism"
0 135 102 207 134 1296 0 0 1 "Vandalism"
0 131 102 207 134 1297 0 0 1 "Vandalism"
0 127 102 207 134 1298 0 0 0 "Vandalism"
0 123 102 209 133 1299 0 0 1 "Vandalism"
0 119 102 212 133 1300 0 0 1 "Vandalism"
0 115 102 214 132 1301 0 0 1 "Vandalism"
0 111 102 217 132 1302 0 0 1 "Vandalism"
0 108 102 220 132 1303 1 0 0 "Vandalism"
0 92 111 192 140 1304 1 0 1 "Vandalism"
0 77 120 164 149 1305 1 0 1 "Vandalism"
0 62 129 137 158 1306 1 0 1 "Vandalism"
0 47 138 109 167 1307 1 0 1 "Vandalism"
0 32 147 81 176 1308 1 0 1 "Vandalism"
0 17 156 54 185 1309 1 0 0 "Vandalism"
0 17 156 54 185 1310 1 0 1 "Vandalism"
0 17 156 55 185 1311 1 0 1 "Vandalism"
0 18 156 56 185 1312 1 0 1 "Vandalism"
0 18 156 56 185 1313 1 0 1 "Vandalism"
0 19 156 57 185 1314 1 0 1 "Vandalism"
0 19 156 58 185 1315 1 0 1 "Vandalism"
0 20 156 58 185 1316 1 0 1 "Vandalism"
0 20 156 59 186 1317 1 0 1 "Vandalism"
0 21 156 60 186 1318 1 0 1 "Vandalism"
0 21 156 61 186 1319 1 0 1 "Vandalism"
0 22 156 61 186 1320 1 0 1 "Vandalism"
0 22 156 62 186 1321 1 0 1 "Vandalism"
0 23 156 63 186 1322 1 0 1 "Vandalism"
0 23 156 63 186 1323 1 0 1 "Vandalism"
0 24 156 64 186 1324 1 0 1 "Vandalism"
0 24 156 65 187 1325 1 0 1 "Vandalism"
0 25 156 65 187 1326 1 0 1 "Vandalism"
0 25 156 66 187 1327 1 0 1 "Vandalism"
0 26 156 67 187 1328 1 0 1 "Vandalism"
0 26 156 68 187 1329 1 0 1 "Vandalism"
0 27 156 68 187 1330 1 0 1 "Vandalism"
0 27 156 69 187 1331 1 0 1 "Vandalism"
0 28 156 70 187 1332 1 0 1 "Vandalism"
0 28 156 70 188 1333 1 0 1 "Vandalism"
0 29 156 71 188 1334 1 0 1 "Vandalism"
0 29 156 72 188 1335 1 0 1 "Vandalism"
0 30 156 72 188 1336 1 0 1 "Vandalism"
0 30 156 73 188 1337 1 0 1 "Vandalism"
0 31 156 74 188 1338 1 0 1 "Vandalism"
0 31 156 75 188 1339 1 0 1 "Vandalism"
0 32 156 75 188 1340 1 0 1 "Vandalism"
0 32 156 76 189 1341 1 0 1 "Vandalism"
0 33 156 77 189 1342 1 0 1 "Vandalism"
0 33 156 77 189 1343 1 0 1 "Vandalism"
0 34 156 78 189 1344 1 0 1 "Vandalism"
0 34 156 79 189 1345 1 0 1 "Vandalism"
0 35 156 80 189 1346 1 0 1 "Vandalism"
0 35 156 80 189 1347 1 0 1 "Vandalism"
0 36 156 81 189 1348 1 0 1 "Vandalism"
0 36 156 82 190 1349 1 0 1 "Vandalism"
0 37 156 82 190 1350 1 0 1 "Vandalism"
0 37 156 83 190 1351 1 0 1 "Vandalism"
0 38 156 84 190 1352 1 0 1 "Vandalism"
0 38 156 84 190 1353 1 0 1 "Vandalism"
0 39 156 85 190 1354 1 0 1 "Vandalism"
0 39 156 86 190 1355 1 0 1 "Vandalism"
0 40 156 87 190 1356 1 0 1 "Vandalism"
0 40 156 87 191 1357 1 0 1 "Vandalism"
0 41 156 88 191 1358 1 0 1 "Vandalism"
0 41 156 89 191 1359 1 0 1 "Vandalism"
0 42 156 89 191 1360 1 0 1 "Vandalism"
0 42 156 90 191 1361 1 0 1 "Vandalism"
0 43 156 91 191 1362 1 0 1 "Vandalism"
0 43 156 91 191 1363 1 0 1 "Vandalism"
0 44 156 92 191 1364 1 0 1 "Vandalism"
0 44 156 93 192 1365 1 0 1 "Vandalism"
0 45 156 94 192 1366 1 0 1 "Vandalism"
0 45 156 94 192 1367 1 0 1 "Vandalism"
0 46 156 95 192 1368 1 0 1 "Vandalism"
0 46 156 96 192 1369 1 0 1 "Vandalism"
0 47 156 96 192 1370 1 0 1 "Vandalism"
0 47 156 97 192 1371 1 0 1 "Vandalism"
0 48 156 98 192 1372 1 0 1 "Vandalism"
0 48 156 99 193 1373 1 0 1 "Vandalism"
0 49 156 99 193 1374 1 0 1 "Vandalism"
0 49 156 100 193 1375 1 0 1 "Vandalism"
0 50 156 101 193 1376 1 0 1 "Vandalism"
0 50 156 101 193 1377 1 0 1 "Vandalism"
0 51 156 102 193 1378 1 0 1 "Vandalism"
0 51 156 103 193 1379 1 0 1 "Vandalism"
0 52 156 103 193 1380 1 0 1 "Vandalism"
0 52 156 104 194 1381 1 0 1 "Vandalism"
0 53 156 105 194 1382 1 0 1 "Vandalism"
0 53 156 106 194 1383 1 0 1 "Vandalism"
0 54 156 106 194 1384 1 0 1 "Vandalism"
0 54 156 107 194 1385 1 0 1 "Vandalism"
0 55 156 108 194 1386 1 0 1 "Vandalism"
0 55 156 108 194 1387 1 0 1 "Vandalism"
0 56 156 109 194 1388 1 0 1 "Vandalism"
0 56 156 110 195 1389 1 0 1 "Vandalism"
0 57 156 110 195 1390 1 0 1 "Vandalism"
0 57 156 111 195 1391 1 0 1 "Vandalism"
0 58 156 112 195 1392 1 0 1 "Vandalism"
0 58 156 113 195 1393 1 0 1 "Vandalism"
0 59 156 113 195 1394 1 0 1 "Vandalism"
0 59 156 114 195 1395 1 0 1 "Vandalism"
0 60 156 115 195 1396 1 0 1 "Vandalism"
0 60 156 115 196 1397 1 0 1 "Vandalism"
0 61 156 116 196 1398 1 0 1 "Vandalism"
0 61 156 117 196 1399 1 0 1 "Vandalism"
0 62 156 118 196 1400 1 0 1 "Vandalism"
0 62 156 118 196 1401 1 0 1 "Vandalism"
0 62 156 119 196 1402 1 0 1 "Vandalism"
0 63 156 120 196 1403 1 0 1 "Vandalism"
0 63 156 120 197 1404 1 0 1 "Vandalism"
0 64 156 121 197 1405 1 0 1 "Vandalism"
0 64 156 122 197 1406 1 0 1 "Vandalism"
0 65 156 122 197 1407 1 0 1 "Vandalism"
0 65 156 123 197 1408 1 0 1 "Vandalism"
0 66 156 124 197 1409 1 0 1 "Vandalism"
0 66 156 125 197 1410 1 0 1 "Vandalism"
0 67 156 125 197 1411 1 0 1 "Vandalism"
0 67 156 126 198 1412 1 0 1 "Vandalism"
0 68 156 127 198 1413 1 0 1 "Vandalism"
0 68 156 127 198 1414 1 0 1 "Vandalism"
0 69 156 128 198 1415 1 0 1 "Vandalism"
0 69 156 129 198 1416 1 0 1 "Vandalism"
0 70 156 129 198 1417 1 0 1 "Vandalism"
0 70 156 130 198 1418 1 0 1 "Vandalism"
0 71 156 131 198 1419 1 0 1 "Vandalism"
0 71 156 132 199 1420 1 0 1 "Vandalism"
0 72 156 132 199 1421 1 0 1 "Vandalism"
0 72 156 133 199 1422 1 0 1 "Vandalism"
0 73 156 134 199 1423 1 0 1 "Vandalism"
0 73 156 134 199 1424 1 0 1 "Vandalism"
0 74 156 135 199 1425 1 0 1 "Vandalism"
0 74 156 136 199 1426 1 0 1 "Vandalism"
0 75 156 136 199 1427 1 0 1 "Vandalism"
0 75 156 137 200 1428 1 0 1 "Vandalism"
0 76 156 138 200 1429 1 0 1 "Vandalism"
0 76 156 139 200 1430 1 0 1 "Vandalism"
0 77 156 139 200 1431 1 0 1 "Vandalism"
0 77 156 140 200 1432 1 0 1 "Vandalism"
0 78 156 141 200 1433 1 0 1 "Vandalism"
0 78 156 141 200 1434 1 0 1 "Vandalism"
0 79 156 142 200 1435 1 0 1 "Vandalism"
0 79 156 143 201 1436 1 0 1 "Vandalism"
0 80 156 144 201 1437 1 0 1 "Vandalism"
0 80 156 144 201 1438 1 0 1 "Vandalism"
0 81 156 145 201 1439 1 0 1 "Vandalism"
0 81 156 146 201 1440 1 0 1 "Vandalism"
0 82 156 146 201 1441 1 0 1 "Vandalism"
0 82 156 147 201 1442 1 0 1 "Vandalism"
0 83 156 148 201 1443 1 0 1 "Vandalism"
0 83 156 148 202 1444 1 0 1 "Vandalism"
0 84 156 149 202 1445 1 0 1 "Vandalism"
0 84 156 150 202 1446 1 0 1 "Vandalism"
0 85 156 151 202 1447 1 0 1 "Vandalism"
0 85 156 151 202 1448 1 0 1 "Vandalism"
0 86 156 152 202 1449 1 0 1 "Vandalism"
0 86 156 153 202 1450 1 0 1 "Vandalism"
0 87 156 153 202 1451 1 0 1 "Vandalism"
0 87 156 154 203 1452 1 0 1 "Vandalism"
0 88 156 155 203 1453 1 0 1 "Vandalism"
0 88 156 155 203 1454 1 0 1 "Vandalism"
0 89 156 156 203 1455 1 0 1 "Vandalism"
0 89 156 157 203 1456 1 0 1 "Vandalism"
0 90 156 158 203 1457 1 0 1 "Vandalism"
0 90 156 158 203 1458 1 0 1 "Vandalism"
0 91 156 159 203 1459 1 0 1 "Vandalism"
0 91 156 160 204 1460 1 0 1 "Vandalism"
0 92 156 160 204 1461 1 0 1 "Vandalism"
0 92 156 161 204 1462 1 0 1 "Vandalism"
0 93 156 162 204 1463 1 0 1 "Vandalism"
0 93 156 163 204 1464 1 0 1 "Vandalism"
0 94 156 163 204 1465 1 0 1 "Vandalism"
0 94 156 164 204 1466 1 0 1 "Vandalism"
0 95 156 165 204 1467 1 0 1 "Vandalism"
0 95 156 165 205 1468 1 0 1 "Vandalism"
0 96 156 166 205 1469 1 0 1 "Vandalism"
0 96 156 167 205 1470 1 0 1 "Vandalism"
0 97 156 167 205 1471 1 0 1 "Vandalism"
0 97 156 168 205 1472 1 0 1 "Vandalism"
0 98 156 169 205 1473 1 0 1 "Vandalism"
0 98 156 170 205 1474 1 0 1 "Vandalism"
0 99 156 170 205 1475 1 0 1 "Vandalism"
0 99 156 171 206 1476 1 0 1 "Vandalism"
0 100 156 172 206 1477 1 0 1 "Vandalism"
0 100 156 172 206 1478 1 0 1 "Vandalism"
0 101 156 173 206 1479 1 0 1 "Vandalism"
0 101 156 174 206 1480 1 0 1 "Vandalism"
0 102 156 174 206 1481 1 0 1 "Vandalism"
0 102 156 175 206 1482 1 0 1 "Vandalism"
0 103 156 176 206 1483 1 0 1 "Vandalism"
0 103 156 177 207 1484 1 0 1 "Vandalism"
0 104 156 177 207 1485 1 0 1 "Vandalism"
0 104 156 178 207 1486 1 0 1 "Vandalism"
0 105 156 179 207 1487 1 0 1 "Vandalism"
0 105 156 179 207 1488 1 0 1 "Vandalism"
0 106 156 180 207 1489 1 0 1 "Vandalism"
0 106 156 181 207 1490 1 0 1 "Vandalism"
0 107 156 182 208 1491 0 0 0 "Vandalism"
0 107 155 182 207 1492 0 0 1 "Vandalism"
0 108 155 183 207 1493 0 0 1 "Vandalism"
0 108 154 183 206 1494 0 0 1 "Vandalism"
0 109 154 184 206 1495 0 0 1 "Vandalism"
0 109 154 184 206 1496 0 0 1 "Vandalism"
0 110 153 185 205 1497 0 0 1 "Vandalism"
0 110 153 185 205 1498 0 0 1 "Vandalism"
0 111 152 186 204 1499 0 0 1 "Vandalism"
0 112 152 187 204 1500 0 0 1 "Vandalism"
0 112 152 187 204 1501 0 0 1 "Vandalism"
0 113 151 188 203 1502 0 0 1 "Vandalism"
0 113 151 188 203 1503 0 0 1 "Vandalism"
0 114 150 189 202 1504 0 0 1 "Vandalism"
0 114 150 189 202 1505 0 0 1 "Vandalism"
0 115 150 190 202 1506 0 0 1 "Vandalism"
0 115 149 190 201 1507 0 0 1 "Vandalism"
0 116 149 191 201 1508 0 0 1 "Vandalism"
0 117 149 192 201 1509 0 0 0 "Vandalism"
0 117 149 192 201 1510 0 0 1 "Vandalism"
0 117 149 192 201 1511 0 0 1 "Vandalism"
0 117 149 192 201 1512 0 0 1 "Vandalism"
0 117 149 192 201 1513 0 0 1 "Vandalism"
0 117 149 192 201 1514 0 0 1 "Vandalism"
0 118 149 193 201 1515 0 0 1 "Vandalism"
0 118 149 193 201 1516 0 0 1 "Vandalism"
0 118 150 193 202 1517 0 0 1 "Vandalism"
0 118 150 193 202 1518 0 0 1 "Vandalism"
0 118 150 193 202 1519 0 0 1 "Vandalism"
0 119 150 194 202 1520 0 0 1 "Vandalism"
0 119 150 194 202 1521 0 0 1 "Vandalism"
0 119 150 194 202 1522 0 0 1 "Vandalism"
0 119 150 194 202 1523 0 0 1 "Vandalism"
0 119 151 194 203 1524 0 0 1 "Vandalism"
0 119 151 194 203 1525 0 0 1 "Vandalism"
0 120 151 195 203 1526 0 0 1 "Vandalism"
0 120 151 195 203 1527 0 0 1 "Vandalism"
0 120 151 195 203 1528 0 0 1 "Vandalism"
0 120 151 195 203 1529 0 0 1 "Vandalism"
0 120 151 195 203 1530 0 0 1 "Vandalism"
0 121 152 196 204 1531 0 0 0 "Vandalism"
0 121 151 196 203 1532 0 0 1 "Vandalism"
0 122 151 196 203 1533 0 0 1 "Vandalism"
0 122 151 196 203 1534 0 0 1 "Vandalism"
0 123 151 197 203 1535 0 0 1 "Vandalism"
0 124 151 197 202 1536 0 0 1 "Vandalism"
0 124 151 197 202 1537 0 0 1 "Vandalism"
0 125 150 198 202 1538 0 0 1 "Vandalism"
0 125 150 198 202 1539 0 0 1 "Vandalism"
0 126 150 198 201 1540 0 0 1 "Vandalism"
0 127 150 199 201 1541 0 0 1 "Vandalism"
0 127 150 199 201 1542 0 0 1 "Vandalism"
0 128 150 199 201 1543 0 0 1 "Vandalism"
0 129 150 200 201 1544 0 0 0 "Vandalism"
0 130 149 201 201 1545 0 0 1 "Vandalism"
0 131 149 202 201 1546 0 0 1 "Vandalism"
0 133 149 203 202 1547 0 0 1 "Vandalism"
0 134 149 205 202 1548 0 0 1 "Vandalism"
0 135 149 206 203 1549 0 0 1 "Vandalism"
0 137 148 207 203 1550 0 0 1 "Vandalism"
0 138 148 208 204 1551 0 0 1 "Vandalism"
0 139 148 210 204 1552 0 0 1 "Vandalism"
0 141 148 211 205 1553 0 0 1 "Vandalism"
0 142 148 212 205 1554 0 0 1 "Vandalism"
0 144 148 214 206 1555 0 0 0 "Vandalism"
0 144 148 214 206 1556 0 0 1 "Vandalism"
0 145 148 215 206 1557 0 0 1 "Vandalism"
0 146 148 216 206 1558 0 0 1 "Vandalism"
0 146 148 216 206 1559 0 0 1 "Vandalism"
0 147 148 217 206 1560 0 0 1 "Vandalism"
0 148 149 218 207 1561 0 0 1 "Vandalism"
0 148 149 218 207 1562 0 0 1 "Vandalism"
0 149 149 219 207 1563 0 0 1 "Vandalism"
0 150 149 220 207 1564 0 0 1 "Vandalism"
0 150 149 220 207 1565 0 0 1 "Vandalism"
0 151 149 221 207 1566 0 0 1 "Vandalism"
0 152 150 222 208 1567 0 0 0 "Vandalism"
0 153 149 223 206 1568 0 0 1 "Vandalism"
0 154 149 224 205 1569 0 0 1 "Vandalism"
0 155 148 225 204 1570 0 0 1 "Vandalism"
0 156 148 226 203 1571 0 0 1 "Vandalism"
0 158 148 227 202 1572 0 0 1 "Vandalism"
0 159 147 229 201 1573 0 0 1 "Vandalism"
0 160 147 230 200 1574 0 0 1 "Vandalism"
0 161 146 231 199 1575 0 0 1 "Vandalism"
0 162 146 232 198 1576 0 0 1 "Vandalism"
0 164 146 233 197 1577 0 0 1 "Vandalism"
0 165 145 234 196 1578 0 0 1 "Vandalism"
0 166 145 236 195 1579 0 0 1 "Vandalism"
0 167 144 237 194 1580 0 0 1 "Vandalism"
0 168 144 238 193 1581 0 0 1 "Vandalism"
0 170 144 239 192 1582 0 0 1 "Vandalism"
0 171 143 240 191 1583 0 0 1 "Vandalism"
0 172 143 241 190 1584 0 0 1 "Vandalism"
0 173 142 243 189 1585 0 0 1 "Vandalism"
0 174 142 244 188 1586 0 0 1 "Vandalism"
0 176 142 245 187 1587 0 0 1 "Vandalism"
0 177 141 246 186 1588 0 0 1 "Vandalism"
0 178 141 247 185 1589 0 0 1 "Vandalism"
0 179 140 249 184 1590 0 0 1 "Vandalism"
0 180 140 250 183 1591 0 0 1 "Vandalism"
0 182 140 251 182 1592 0 0 1 "Vandalism"
0 183 139 252 181 1593 0 0 1 "Vandalism"
0 184 139 253 180 1594 0 0 1 "Vandalism"
0 185 138 254 179 1595 0 0 1 "Vandalism"
0 186 138 256 178 1596 0 0 1 "Vandalism"
0 188 138 257 177 1597 0 0 1 "Vandalism"
0 189 137 258 176 1598 0 0 1 "Vandalism"
0 190 137 259 175 1599 0 0 1 "Vandalism"
0 191 136 260 174 1600 0 0 1 "Vandalism"
0 192 136 261 173 1601 0 0 1 "Vandalism"
0 194 136 263 172 1602 0 0 1 "Vandalism"
0 195 135 264 171 1603 0 0 1 "Vandalism"
0 196 135 265 170 1604 0 0 1 "Vandalism"
0 197 134 266 169 1605 0 0 1 "Vandalism"
0 198 134 267 168 1606 0 0 1 "Vandalism"
0 200 134 269 167 1607 1 0 0 "Vandalism"
0 200 134 269 167 1608 1 0 1 "Vandalism"
0 200 134 269 167 1609 1 0 1 "Vandalism"
0 200 134 269 167 1610 1 0 1 "Vandalism"
0 200 134 269 167 1611 1 0 1 "Vandalism"
0 200 134 269 167 1612 1 0 1 "Vandalism"
0 200 134 269 167 1613 1 0 1 "Vandalism"
0 200 134 269 167 1614 1 0 1 "Vandalism"
0 200 134 269 167 1615 1 0 1 "Vandalism"
0 200 134 269 167 1616 1 0 1 "Vandalism"
0 200 134 269 167 1617 1 0 1 "Vandalism"
0 200 134 269 167 1618 1 0 1 "Vandalism"
0 200 134 269 167 1619 1 0 1 "Vandalism"
0 200 134 269 167 1620 1 0 1 "Vandalism"
0 200 134 269 167 1621 1 0 1 "Vandalism"
0 200 134 269 167 1622 1 0 1 "Vandalism"
0 200 134 269 167 1623 1 0 1 "Vandalism"
0 200 134 269 167 1624 1 0 1 "Vandalism"
0 200 134 269 167 1625 1 0 1 "Vandalism"
0 200 134 269 167 1626 1 0 1 "Vandalism"
0 200 134 269 167 1627 1 0 0 "Vandalism"
0 198 133 266 166 1628 1 0 1 "Vandalism"
0 196 132 264 165 1629 1 0 1 "Vandalism"
0 194 131 261 164 1630 1 0 1 "Vandalism"
0 193 131 259 163 1631 1 0 1 "Vandalism"
0 191 130 257 163 1632 1 0 1 "Vandalism"
0 189 129 254 162 1633 1 0 1 "Vandalism"
0 187 128 252 161 1634 1 0 1 "Vandalism"
0 186 128 249 160 1635 1 0 1 "Vandalism"
0 184 127 247 160 1636 1 0 1 "Vandalism"
0 182 126 245 159 1637 1 0 1 "Vandalism"
0 181 125 242 158 1638 1 0 1 "Vandalism"
0 179 125 240 157 1639 1 0 1 "Vandalism"
0 177 124 237 156 1640 1 0 1 "Vandalism"
0 175 123 235 156 1641 1 0 1 "Vandalism"
0 174 122 233 155 1642 1 0 1 "Vandalism"
0 172 122 230 154 1643 1 0 1 "Vandalism"
0 170 121 228 153 1644 1 0 1 "Vandalism"
0 168 120 226 153 1645 1 0 1 "Vandalism"
0 167 119 223 152 1646 1 0 1 "Vandalism"
0 165 119 221 151 1647 1 0 1 "Vandalism"
0 163 118 218 150 1648 1 0 1 "Vandalism"
0 162 117 216 150 1649 1 0 1 "Vandalism"
0 160 116 214 149 1650 1 0 1 "Vandalism"
0 158 116 211 148 1651 1 0 1 "Vandalism"
0 156 115 209 147 1652 1 0 1 "Vandalism"
0 155 114 206 146 1653 1 0 1 "Vandalism"
0 153 113 204 146 1654 1 0 1 "Vandalism"
0 151 113 202 145 1655 1 0 1 "Vandalism"
0 149 112 199 144 1656 1 0 1 "Vandalism"
0 148 111 197 143 1657 1 0 1 "Vandalism"
0 146 110 195 143 1658 1 0 1 "Vandalism"
0 144 110 192 142 1659 1 0 1 "Vandalism"
0 143 109 190 141 1660 1 0 1 "Vandalism"
0 141 108 187 140 1661 1 0 1 "Vandalism"
0 139 107 185 139 1662 1 0 1 "Vandalism"
0 137 107 183 139 1663 1 0 1 "Vandalism"
0 136 106 180 138 1664 1 0 1 "Vandalism"
0 134 105 178 137 1665 1 0 1 "Vandalism"
0 132 104 175 136 1666 1 0 1 "Vandalism"
0 130 104 173 136 1667 1 0 1 "Vandalism"
0 129 103 171 135 1668 1 0 1 "Vandalism"
0 127 102 168 134 1669 1 0 1 "Vandalism"
0 125 101 166 133 1670 1 0 1 "Vandalism"
0 124 101 164 133 1671 0 0 0 "Vandalism"
0 121 101 164 132 1672 0 0 1 "Vandalism"
0 119 101 164 132 1673 0 0 1 "Vandalism"
0 117 101 165 132 1674 0 0 1 "Vandalism"
0 115 101 165 132 1675 0 0 1 "Vandalism"
0 113 101 166 132 1676 0 0 1 "Vandalism"
0 110 101 166 132 1677 0 0 1 "Vandalism"
0 108 101 167 132 1678 0 0 1 "Vandalism"
0 106 101 167 131 1679 0 0 1 "Vandalism"
0 104 101 168 131 1680 0 0 1 "Vandalism"
0 102 101 168 131 1681 0 0 1 "Vandalism"
0 99 101 169 131 1682 0 0 1 "Vandalism"
0 97 101 169 131 1683 0 0 1 "Vandalism"
0 95 101 170 131 1684 0 0 1 "Vandalism"
0 93 101 170 131 1685 0 0 1 "Vandalism"
0 91 102 171 131 1686 0 0 0 "Vandalism"
0 91 102 171 131 1687 0 0 1 "Vandalism"
0 91 102 171 131 1688 0 0 1 "Vandalism"
0 91 102 171 131 1689 0 0 1 "Vandalism"
0 92 103 172 132 1690 0 0 0 "Vandalism"
0 105 103 172 131 1691 0 0 1 "Vandalism"
0 118 103 172 131 1692 0 0 1 "Vandalism"
0 132 103 172 131 1693 0 0 0 "Vandalism"
0 131 103 171 131 1694 0 0 1 "Vandalism"
0 130 103 170 131 1695 0 0 1 "Vandalism"
0 129 103 169 131 1696 0 0 1 "Vandalism"
0 129 104 169 132 1697 0 0 1 "Vandalism"
0 128 104 168 132 1698 0 0 1 "Vandalism"
0 127 104 167 132 1699 0 0 1 "Vandalism"
0 127 105 167 133 1700 0 0 0 "Vandalism"
0 126 105 166 133 1701 0 0 1 "Vandalism"
0 125 105 165 133 1702 0 0 1 "Vandalism"
0 125 105 165 133 1703 0 0 1 "Vandalism"
0 124 105 164 133 1704 0 0 1 "Vandalism"
0 124 105 164 133 1705 0 0 1 "Vandalism"
0 123 105 163 133 1706 0 0 1 "Vandalism"
0 123 105 163 133 1707 0 0 1 "Vandalism"
0 122 105 162 133 1708 0 0 1 "Vandalism"
0 122 105 162 133 1709 0 0 1 "Vandalism"
0 121 105 161 133 1710 0 0 1 "Vandalism"
0 121 105 161 133 1711 0 0 1 "Vandalism"
0 120 105 160 133 1712 0 0 1 "Vandalism"
0 120 105 160 133 1713 0 0 0 "Vandalism"
0 119 105 159 133 1714 0 0 1 "Vandalism"
0 118 105 158 133 1715 0 0 1 "Vandalism"
0 118 105 158 133 1716 0 0 1 "Vandalism"
0 117 105 157 133 1717 0 0 1 "Vandalism"
0 117 105 157 133 1718 0 0 1 "Vandalism"
0 116 105 156 133 1719 0 0 1 "Vandalism"
0 116 105 156 133 1720 0 0 1 "Vandalism"
0 115 105 155 133 1721 0 0 1 "Vandalism"
0 115 105 155 133 1722 0 0 1 "Vandalism"
0 114 105 154 133 1723 0 0 1 "Vandalism"
0 113 105 153 133 1724 0 0 1 "Vandalism"
0 113 105 153 133 1725 0 0 1 "Vandalism"
0 112 105 152 133 1726 0 0 1 "Vandalism"
0 112 105 152 133 1727 0 0 1 "Vandalism"
0 111 105 151 133 1728 0 0 1 "Vandalism"
0 111 105 151 133 1729 0 0 1 "Vandalism"
0 110 105 150 133 1730 0 0 1 "Vandalism"
0 110 105 150 133 1731 0 0 0 "Vandalism"
0 109 105 149 133 1732 0 0 1 "Vandalism"
0 109 105 149 133 1733 0 0 1 "Vandalism"
0 109 105 149 133 1734 0 0 1 "Vandalism"
0 108 105 148 133 1735 0 0 1 "Vandalism"
0 108 105 148 133 1736 0 0 1 "Vandalism"
0 108 105 148 133 1737 0 0 1 "Vandalism"
0 108 105 148 133 1738 0 0 1 "Vandalism"
0 107 105 147 133 1739 0 0 1 "Vandalism"
0 107 105 147 133 1740 0 0 1 "Vandalism"
0 107 105 147 133 1741 0 0 1 "Vandalism"
0 106 105 146 133 1742 0 0 1 "Vandalism"
0 106 105 146 133 1743 0 0 1 "Vandalism"
0 106 105 146 133 1744 0 0 1 "Vandalism"
0 106 105 146 133 1745 0 0 1 "Vandalism"
0 105 105 145 133 1746 0 0 1 "Vandalism"
0 105 105 145 133 1747 0 0 1 "Vandalism"
0 105 105 145 133 1748 0 0 1 "Vandalism"
0 105 105 145 133 1749 0 0 0 "Vandalism"
0 105 105 144 133 1750 0 0 1 "Vandalism"
0 105 106 144 133 1751 0 0 1 "Vandalism"
0 105 107 144 133 1752 0 0 1 "Vandalism"
0 105 107 144 133 1753 0 0 1 "Vandalism"
0 105 108 144 133 1754 0 0 1 "Vandalism"
0 105 109 144 133 1755 0 0 1 "Vandalism"
0 105 110 144 133 1756 0 0 1 "Vandalism"
0 105 110 144 133 1757 0 0 1 "Vandalism"
0 105 111 144 133 1758 0 0 1 "Vandalism"
0 105 112 144 133 1759 0 0 1 "Vandalism"
0 105 113 144 133 1760 0 0 1 "Vandalism"
0 105 113 144 133 1761 0 0 1 "Vandalism"
0 105 114 144 133 1762 0 0 1 "Vandalism"
0 105 115 144 133 1763 0 0 1 "Vandalism"
0 105 116 144 133 1764 0 0 1 "Vandalism"
0 105 116 144 133 1765 0 0 1 "Vandalism"
0 105 117 144 133 1766 0 0 1 "Vandalism"
0 105 118 144 133 1767 0 0 1 "Vandalism"
0 105 119 144 133 1768 1 0 0 "Vandalism"
0 105 119 144 133 1769 1 0 1 "Vandalism"
0 105 119 144 133 1770 1 0 1 "Vandalism"
0 105 119 144 133 1771 1 0 1 "Vandalism"
0 105 119 144 133 1772 1 0 1 "Vandalism"
0 105 119 144 133 1773 1 0 1 "Vandalism"
0 105 119 144 133 1774 1 0 1 "Vandalism"
0 105 119 144 133 1775 1 0 1 "Vandalism"
0 105 119 144 133 1776 1 0 1 "Vandalism"
0 105 119 144 133 1777 1 0 0 "Vandalism"
0 104 118 143 132 1778 1 0 1 "Vandalism"
0 104 118 143 132 1779 1 0 1 "Vandalism"
0 104 118 143 132 1780 1 0 1 "Vandalism"
0 103 118 142 132 1781 1 0 1 "Vandalism"
0 103 118 142 132 1782 1 0 1 "Vandalism"
0 103 118 142 132 1783 1 0 1 "Vandalism"
0 102 118 141 132 1784 1 0 1 "Vandalism"
0 102 118 141 132 1785 1 0 1 "Vandalism"
0 102 118 141 132 1786 1 0 1 "Vandalism"
0 101 117 140 132 1787 1 0 1 "Vandalism"
0 101 117 140 132 1788 1 0 1 "Vandalism"
0 101 117 140 132 1789 1 0 1 "Vandalism"
0 101 117 140 132 1790 1 0 1 "Vandalism"
0 100 117 139 132 1791 1 0 1 "Vandalism"
0 100 117 139 132 1792 1 0 1 "Vandalism"
0 100 117 139 132 1793 1 0 1 "Vandalism"
0 99 117 138 132 1794 1 0 1 "Vandalism"
0 99 117 138 132 1795 1 0 1 "Vandalism"
0 99 116 138 132 1796 1 0 1 "Vandalism"
0 98 116 137 132 1797 1 0 1 "Vandalism"
0 98 116 137 132 1798 1 0 1 "Vandalism"
0 98 116 137 132 1799 1 0 1 "Vandalism"
0 98 116 136 132 1800 1 0 1 "Vandalism"
0 97 116 136 132 1801 1 0 1 "Vandalism"
0 97 116 136 132 1802 1 0 1 "Vandalism"
0 97 116 136 132 1803 1 0 1 "Vandalism"
0 96 116 135 132 1804 1 0 1 "Vandalism"
0 96 116 135 132 1805 1 0 1 "Vandalism"
0 96 115 135 132 1806 1 0 1 "Vandalism"
0 95 115 134 132 1807 1 0 1 "Vandalism"
0 95 115 134 132 1808 1 0 1 "Vandalism"
0 95 115 134 132 1809 1 0 1 "Vandalism"
0 94 115 133 132 1810 1 0 1 "Vandalism"
0 94 115 133 132 1811 1 0 1 "Vandalism"
0 94 115 133 132 1812 1 0 1 "Vandalism"
0 94 115 132 132 1813 1 0 1 "Vandalism"
0 93 115 132 132 1814 1 0 1 "Vandalism"
0 93 114 132 132 1815 1 0 1 "Vandalism"
0 93 114 132 132 1816 1 0 1 "Vandalism"
0 92 114 131 132 1817 1 0 1 "Vandalism"
0 92 114 131 132 1818 1 0 1 "Vandalism"
0 92 114 131 132 1819 1 0 1 "Vandalism"
0 91 114 130 132 1820 1 0 1 "Vandalism"
0 91 114 130 132 1821 1 0 1 "Vandalism"
0 91 114 130 132 1822 1 0 1 "Vandalism"
0 91 114 129 132 1823 1 0 1 "Vandalism"
0 90 113 129 132 1824 1 0 1 "Vandalism"
0 90 113 129 132 1825 1 0 1 "Vandalism"
0 90 113 128 132 1826 1 0 1 "Vandalism"
0 89 113 128 132 1827 1 0 1 "Vandalism"
0 89 113 128 132 1828 1 0 1 "Vandalism"
0 89 113 128 132 1829 1 0 1 "Vandalism"
0 88 113 127 132 1830 1 0 1 "Vandalism"
0 88 113 127 132 1831 1 0 1 "Vandalism"
0 88 113 127 132 1832 1 0 1 "Vandalism"
0 88 113 126 132 1833 1 0 1 "Vandalism"
0 87 112 126 132 1834 1 0 1 "Vandalism"
0 87 112 126 132 1835 1 0 1 "Vandalism"
0 87 112 125 132 1836 1 0 1 "Vandalism"
0 86 112 125 132 1837 1 0 1 "Vandalism"
0 86 112 125 132 1838 1 0 1 "Vandalism"
0 86 112 124 132 1839 1 0 1 "Vandalism"
0 85 112 124 132 1840 1 0 1 "Vandalism"
0 85 112 124 132 1841 1 0 1 "Vandalism"
0 85 112 124 132 1842 1 0 1 "Vandalism"
0 84 111 123 132 1843 1 0 1 "Vandalism"
0 84 111 123 132 1844 1 0 1 "Vandalism"
0 84 111 123 132 1845 1 0 1 "Vandalism"
0 84 111 122 132 1846 1 0 1 "Vandalism"
0 83 111 122 132 1847 1 0 1 "Vandalism"
0 83 111 122 132 1848 1 0 1 "Vandalism"
0 83 111 121 132 1849 1 0 1 "Vandalism"
0 82 111 121 132 1850 1 0 1 "Vandalism"
0 82 111 121 132 1851 1 0 1 "Vandalism"
0 82 110 121 132 1852 1 0 1 "Vandalism"
0 81 110 120 132 1853 1 0 1 "Vandalism"
0 81 110 120 132 1854 1 0 1 "Vandalism"
0 81 110 120 132 1855 1 0 1 "Vandalism"
0 81 110 119 132 1856 1 0 1 "Vandalism"
0 80 110 119 132 1857 1 0 1 "Vandalism"
0 80 110 119 132 1858 1 0 1 "Vandalism"
0 80 110 118 132 1859 1 0 1 "Vandalism"
0 79 110 118 132 1860 1 0 1 "Vandalism"
0 79 110 118 132 1861 1 0 1 "Vandalism"
0 79 109 117 132 1862 1 0 1 "Vandalism"
0 78 109 117 132 1863 1 0 1 "Vandalism"
0 78 109 117 132 1864 1 0 1 "Vandalism"
0 78 109 117 132 1865 1 0 1 "Vandalism"
0 77 109 116 132 1866 1 0 1 "Vandalism"
0 77 109 116 132 1867 1 0 1 "Vandalism"
0 77 109 116 132 1868 1 0 1 "Vandalism"
0 77 109 115 132 1869 1 0 1 "Vandalism"
0 76 109 115 132 1870 1 0 1 "Vandalism"
0 76 108 115 132 1871 1 0 1 "Vandalism"
0 76 108 114 132 1872 1 0 1 "Vandalism"
0 75 108 114 132 1873 1 0 1 "Vandalism"
0 75 108 114 132 1874 1 0 1 "Vandalism"
0 75 108 113 132 1875 1 0 1 "Vandalism"
0 74 108 113 132 1876 1 0 1 "Vandalism"
0 74 108 113 132 1877 1 0 1 "Vandalism"
0 74 108 113 132 1878 1 0 1 "Vandalism"
0 74 108 112 132 1879 1 0 1 "Vandalism"
0 73 107 112 132 1880 1 0 1 "Vandalism"
0 73 107 112 132 1881 1 0 1 "Vandalism"
0 73 107 111 132 1882 1 0 1 "Vandalism"
0 72 107 111 132 1883 1 0 1 "Vandalism"
0 72 107 111 132 1884 1 0 1 "Vandalism"
0 72 107 110 132 1885 1 0 1 "Vandalism"
0 71 107 110 132 1886 1 0 1 "Vandalism"
0 71 107 110 132 1887 1 0 1 "Vandalism"
0 71 107 109 132 1888 1 0 1 "Vandalism"
0 71 107 109 132 1889 1 0 1 "Vandalism"
0 70 106 109 132 1890 1 0 1 "Vandalism"
0 70 106 109 132 1891 1 0 1 "Vandalism"
0 70 106 108 132 1892 1 0 1 "Vandalism"
0 69 106 108 132 1893 1 0 1 "Vandalism"
0 69 106 108 132 1894 1 0 1 "Vandalism"
0 69 106 107 132 1895 1 0 1 "Vandalism"
0 68 106 107 132 1896 1 0 1 "Vandalism"
0 68 106 107 132 1897 1 0 1 "Vandalism"
0 68 106 106 132 1898 1 0 1 "Vandalism"
0 67 105 106 132 1899 1 0 1 "Vandalism"
0 67 105 106 132 1900 1 0 1 "Vandalism"
0 67 105 105 132 1901 1 0 1 "Vandalism"
0 67 105 105 132 1902 1 0 1 "Vandalism"
0 66 105 105 132 1903 1 0 1 "Vandalism"
0 66 105 105 132 1904 1 0 1 "Vandalism"
0 66 105 104 132 1905 1 0 1 "Vandalism"
0 65 105 104 132 1906 1 0 1 "Vandalism"
0 65 105 104 132 1907 1 0 1 "Vandalism"
0 65 104 103 132 1908 1 0 1 "Vandalism"
0 64 104 103 132 1909 1 0 1 "Vandalism"
0 64 104 103 132 1910 1 0 1 "Vandalism"
0 64 104 102 132 1911 1 0 1 "Vandalism"
0 64 104 102 132 1912 1 0 1 "Vandalism"
0 63 104 102 132 1913 1 0 1 "Vandalism"
0 63 104 102 132 1914 1 0 1 "Vandalism"
0 63 104 101 132 1915 1 0 1 "Vandalism"
0 62 104 101 132 1916 1 0 1 "Vandalism"
0 62 104 101 132 1917 1 0 1 "Vandalism"
0 62 103 100 132 1918 1 0 1 "Vandalism"
0 61 103 100 132 1919 1 0 1 "Vandalism"
0 61 103 100 132 1920 1 0 1 "Vandalism"
0 61 103 99 132 1921 1 0 1 "Vandalism"
0 60 103 99 132 1922 1 0 1 "Vandalism"
0 60 103 99 132 1923 1 0 1 "Vandalism"
0 60 103 98 132 1924 1 0 1 "Vandalism"
0 60 103 98 132 1925 1 0 1 "Vandalism"
0 59 103 98 132 1926 1 0 1 "Vandalism"
0 59 102 98 132 1927 1 0 1 "Vandalism"
0 59 102 97 132 1928 1 0 1 "Vandalism"
0 58 102 97 132 1929 1 0 1 "Vandalism"
0 58 102 97 132 1930 1 0 1 "Vandalism"
0 58 102 96 132 1931 1 0 1 "Vandalism"
0 57 102 96 132 1932 1 0 1 "Vandalism"
0 57 102 96 132 1933 1 0 1 "Vandalism"
0 57 102 95 132 1934 1 0 1 "Vandalism"
0 57 102 95 132 1935 1 0 1 "Vandalism"
0 56 101 95 132 1936 1 0 1 "Vandalism"
0 56 101 94 132 1937 1 0 1 "Vandalism"
0 56 101 94 132 1938 1 0 1 "Vandalism"
0 55 101 94 132 1939 1 0 1 "Vandalism"
0 55 101 94 132 1940 1 0 1 "Vandalism"
0 55 101 93 132 1941 1 0 1 "Vandalism"
0 54 101 93 132 1942 1 0 1 "Vandalism"
0 54 101 93 132 1943 1 0 1 "Vandalism"
0 54 101 92 132 1944 1 0 1 "Vandalism"
0 54 101 92 132 1945 1 0 1 "Vandalism"
0 53 100 92 131 1946 1 0 1 "Vandalism"
0 53 100 91 131 1947 1 0 1 "Vandalism"
0 53 100 91 131 1948 1 0 1 "Vandalism"
0 52 100 91 131 1949 1 0 1 "Vandalism"
0 52 100 90 131 1950 1 0 1 "Vandalism"
0 52 100 90 131 1951 1 0 1 "Vandalism"
0 51 100 90 131 1952 1 0 1 "Vandalism"
0 51 100 90 131 1953 1 0 1 "Vandalism"
0 51 100 89 131 1954 1 0 1 "Vandalism"
0 50 99 89 131 1955 1 0 1 "Vandalism"
0 50 99 89 131 1956 1 0 1 "Vandalism"
0 50 99 88 131 1957 1 0 1 "Vandalism"
0 50 99 88 131 1958 1 0 1 "Vandalism"
0 49 99 88 131 1959 1 0 1 "Vandalism"
0 49 99 87 131 1960 1 0 1 "Vandalism"
0 49 99 87 131 1961 1 0 1 "Vandalism"
0 48 99 87 131 1962 1 0 1 "Vandalism"
0 48 99 86 131 1963 1 0 1 "Vandalism"
0 48 98 86 131 1964 1 0 1 "Vandalism"
0 47 98 86 131 1965 1 0 1 "Vandalism"
0 47 98 86 131 1966 1 0 1 "Vandalism"
0 47 98 85 131 1967 1 0 1 "Vandalism"
0 47 98 85 131 1968 1 0 1 "Vandalism"
0 46 98 85 131 1969 1 0 1 "Vandalism"
0 46 98 84 131 1970 1 0 1 "Vandalism"
0 46 98 84 131 1971 1 0 1 "Vandalism"
0 45 98 84 131 1972 1 0 1 "Vandalism"
0 45 98 83 131 1973 1 0 1 "Vandalism"
0 45 97 83 131 1974 1 0 1 "Vandalism"
0 44 97 83 131 1975 1 0 1 "Vandalism"
0 44 97 82 131 1976 1 0 1 "Vandalism"
0 44 97 82 131 1977 1 0 1 "Vandalism"
0 43 97 82 131 1978 1 0 1 "Vandalism"
0 43 97 82 131 1979 1 0 1 "Vandalism"
0 43 97 81 131 1980 1 0 1 "Vandalism"
0 43 97 81 131 1981 1 0 1 "Vandalism"
0 42 97 81 131 1982 1 0 1 "Vandalism"
0 42 96 80 131 1983 1 0 1 "Vandalism"
0 42 96 80 131 1984 1 0 1 "Vandalism"
0 41 96 80 131 1985 1 0 1 "Vandalism"
0 41 96 79 131 1986 1 0 1 "Vandalism"
0 41 96 79 131 1987 1 0 1 "Vandalism"
0 40 96 79 131 1988 1 0 1 "Vandalism"
0 40 96 79 131 1989 1 0 1 "Vandalism"
0 40 96 78 131 1990 1 0 1 "Vandalism"
0 40 96 78 131 1991 1 0 1 "Vandalism"
0 39 95 78 131 1992 1 0 1 "Vandalism"
0 39 95 77 131 1993 1 0 1 "Vandalism"
0 39 95 77 131 1994 1 0 1 "Vandalism"
0 38 95 77 131 1995 1 0 1 "Vandalism"
0 38 95 76 131 1996 1 0 1 "Vandalism"
0 38 95 76 131 1997 1 0 1 "Vandalism"
0 37 95 76 131 1998 1 0 1 "Vandalism"
0 37 95 75 131 1999 1 0 1 "Vandalism"
0 37 95 75 131 2000 1 0 1 "Vandalism"
0 37 95 75 131 2001 1 0 1 "Vandalism"
0 36 94 75 131 2002 1 0 1 "Vandalism"
0 36 94 74 131 2003 1 0 1 "Vandalism"
0 36 94 74 131 2004 1 0 1 "Vandalism"
0 35 94 74 131 2005 1 0 1 "Vandalism"
0 35 94 73 131 2006 1 0 1 "Vandalism"
0 35 94 73 131 2007 1 0 1 "Vandalism"
0 34 94 73 131 2008 1 0 1 "Vandalism"
0 34 94 72 131 2009 1 0 1 "Vandalism"
0 34 94 72 131 2010 1 0 1 "Vandalism"
0 33 93 72 131 2011 1 0 1 "Vandalism"
0 33 93 71 131 2012 1 0 1 "Vandalism"
0 33 93 71 131 2013 1 0 1 "Vandalism"
0 33 93 71 131 2014 1 0 1 "Vandalism"
0 32 93 71 131 2015 1 0 1 "Vandalism"
0 32 93 70 131 2016 1 0 1 "Vandalism"
0 32 93 70 131 2017 1 0 1 "Vandalism"
0 31 93 70 131 2018 1 0 1 "Vandalism"
0 31 93 69 131 2019 1 0 1 "Vandalism"
0 31 92 69 131 2020 1 0 1 "Vandalism"
0 30 92 69 131 2021 1 0 1 "Vandalism"
0 30 92 68 131 2022 1 0 1 "Vandalism"
0 30 92 68 131 2023 1 0 1 "Vandalism"
0 30 92 68 131 2024 1 0 1 "Vandalism"
0 29 92 67 131 2025 1 0 1 "Vandalism"
0 29 92 67 131 2026 1 0 1 "Vandalism"
0 29 92 67 131 2027 1 0 1 "Vandalism"
0 28 92 67 131 2028 1 0 1 "Vandalism"
0 28 92 66 131 2029 1 0 1 "Vandalism"
0 28 91 66 131 2030 1 0 1 "Vandalism"
0 27 91 66 131 2031 1 0 1 "Vandalism"
0 27 91 65 131 2032 1 0 1 "Vandalism"
0 27 91 65 131 2033 1 0 1 "Vandalism"
0 26 91 65 131 2034 1 0 1 "Vandalism"
0 26 91 64 131 2035 1 0 1 "Vandalism"
0 26 91 64 131 2036 1 0 1 "Vandalism"
0 26 91 64 131 2037 1 0 1 "Vandalism"
0 25 91 63 131 2038 1 0 1 "Vandalism"
0 25 90 63 131 2039 1 0 1 "Vandalism"
0 25 90 63 131 2040 1 0 1 "Vandalism"
0 24 90 63 131 2041 1 0 1 "Vandalism"
0 24 90 62 131 2042 1 0 1 "Vandalism"
0 24 90 62 131 2043 1 0 1 "Vandalism"
0 23 90 62 131 2044 1 0 1 "Vandalism"
0 23 90 61 131 2045 1 0 1 "Vandalism"
0 23 90 61 131 2046 1 0 1 "Vandalism"
0 23 90 61 131 2047 1 0 1 "Vandalism"
0 22 89 60 131 2048 1 0 1 "Vandalism"
0 22 89 60 131 2049 1 0 1 "Vandalism"
0 22 89 60 131 2050 1 0 1 "Vandalism"
0 21 89 60 131 2051 1 0 1 "Vandalism"
0 21 89 59 131 2052 1 0 1 "Vandalism"
0 21 89 59 131 2053 1 0 1 "Vandalism"
0 20 89 59 131 2054 1 0 1 "Vandalism"
0 20 89 58 131 2055 1 0 1 "Vandalism"
0 20 89 58 131 2056 1 0 1 "Vandalism"
0 20 89 58 131 2057 1 0 1 "Vandalism"
0 19 88 57 131 2058 1 0 1 "Vandalism"
0 19 88 57 131 2059 1 0 1 "Vandalism"
0 19 88 57 131 2060 1 0 1 "Vandalism"
0 18 88 56 131 2061 1 0 1 "Vandalism"
0 18 88 56 131 2062 1 0 1 "Vandalism"
0 18 88 56 131 2063 1 0 1 "Vandalism"
0 17 88 56 131 2064 1 0 1 "Vandalism"
0 17 88 55 131 2065 1 0 1 "Vandalism"
0 17 88 55 131 2066 1 0 1 "Vandalism"
0 16 87 55 131 2067 1 0 1 "Vandalism"
0 16 87 54 131 2068 1 0 1 "Vandalism"
0 16 87 54 131 2069 1 0 1 "Vandalism"
0 16 87 54 131 2070 1 0 1 "Vandalism"
0 15 87 53 131 2071 1 0 1 "Vandalism"
0 15 87 53 131 2072 1 0 1 "Vandalism"
0 15 87 53 131 2073 1 0 1 "Vandalism"
0 14 87 52 131 2074 1 0 1 "Vandalism"
0 14 87 52 131 2075 1 0 1 "Vandalism"
0 14 86 52 131 2076 1 0 1 "Vandalism"
0 13 86 52 131 2077 1 0 1 "Vandalism"
0 13 86 51 131 2078 1 0 1 "Vandalism"
0 13 86 51 131 2079 1 0 1 "Vandalism"
0 13 86 51 131 2080 1 0 1 "Vandalism"
0 12 86 50 131 2081 1 0 1 "Vandalism"
0 12 86 50 131 2082 1 0 1 "Vandalism"
0 12 86 50 131 2083 1 0 1 "Vandalism"
0 11 86 49 131 2084 1 0 1 "Vandalism"
0 11 86 49 131 2085 1 0 1 "Vandalism"
0 11 85 49 131 2086 1 0 1 "Vandalism"
0 10 85 48 131 2087 1 0 1 "Vandalism"
0 10 85 48 131 2088 1 0 1 "Vandalism"
0 10 85 48 131 2089 1 0 1 "Vandalism"
0 9 85 48 131 2090 1 0 1 "Vandalism"
0 9 85 47 131 2091 1 0 1 "Vandalism"
0 9 85 47 131 2092 1 0 1 "Vandalism"
0 9 85 47 131 2093 1 0 1 "Vandalism"
0 8 85 46 131 2094 1 0 1 "Vandalism"
0 8 84 46 131 2095 1 0 1 "Vandalism"
0 8 84 46 131 2096 1 0 1 "Vandalism"
0 7 84 45 131 2097 1 0 1 "Vandalism"
0 7 84 45 131 2098 1 0 1 "Vandalism"
0 7 84 45 131 2099 1 0 1 "Vandalism"
0 6 84 44 131 2100 1 0 1 "Vandalism"
0 6 84 44 131 2101 1 0 1 "Vandalism"
0 6 84 44 131 2102 1 0 1 "Vandalism"
0 6 84 44 131 2103 1 0 1 "Vandalism"
0 5 83 43 131 2104 1 0 1 "Vandalism"
0 5 83 43 131 2105 1 0 1 "Vandalism"
0 5 83 43 131 2106 1 0 1 "Vandalism"
0 4 83 42 131 2107 1 0 1 "Vandalism"
0 4 83 42 131 2108 1 0 1 "Vandalism"
0 4 83 42 131 2109 1 0 1 "Vandalism"
0 3 83 41 131 2110 1 0 1 "Vandalism"
0 3 83 41 131 2111 1 0 1 "Vandalism"
0 3 83 41 131 2112 1 0 1 "Vandalism"
0 3 83 41 131 2113 0 0 0 "Vandalism"
0 3 83 41 131 2114 0 0 1 "Vandalism"
0 4 83 42 131 2115 0 0 1 "Vandalism"
0 4 83 42 131 2116 0 0 1 "Vandalism"
0 5 83 43 131 2117 0 0 1 "Vandalism"
0 5 83 43 131 2118 0 0 1 "Vandalism"
0 6 83 44 131 2119 0 0 1 "Vandalism"
0 7 83 45 131 2120 0 0 1 "Vandalism"
0 7 83 45 131 2121 0 0 1 "Vandalism"
0 8 83 46 131 2122 0 0 1 "Vandalism"
0 8 84 46 132 2123 0 0 1 "Vandalism"
0 9 84 47 132 2124 0 0 1 "Vandalism"
0 9 84 47 132 2125 0 0 1 "Vandalism"
0 10 84 48 132 2126 0 0 1 "Vandalism"
0 11 84 49 132 2127 0 0 1 "Vandalism"
0 11 84 49 132 2128 0 0 1 "Vandalism"
0 12 84 50 132 2129 0 0 1 "Vandalism"
0 12 84 50 132 2130 0 0 1 "Vandalism"
0 13 84 51 132 2131 0 0 1 "Vandalism"
0 14 85 52 133 2132 0 0 0 "Vandalism"
0 14 85 52 133 2133 0 0 1 "Vandalism"
0 14 85 52 133 2134 0 0 1 "Vandalism"
0 15 85 53 133 2135 0 0 1 "Vandalism"
0 15 85 53 133 2136 0 0 1 "Vandalism"
0 15 86 53 134 2137 0 0 1 "Vandalism"
0 16 86 54 134 2138 0 0 1 "Vandalism"
0 16 86 54 134 2139 0 0 1 "Vandalism"
0 16 86 54 134 2140 0 0 1 "Vandalism"
0 17 87 55 135 2141 0 0 0 "Vandalism"
0 16 83 56 134 2142 0 0 1 "Vandalism"
0 15 80 57 134 2143 0 0 1 "Vandalism"
0 14 76 58 134 2144 0 0 1 "Vandalism"
0 13 73 59 134 2145 0 0 1 "Vandalism"
0 13 70 60 134 2146 0 0 0 "Vandalism"
0 14 70 61 134 2147 0 0 1 "Vandalism"
0 15 70 62 134 2148 0 0 1 "Vandalism"
0 16 70 63 134 2149 0 0 1 "Vandalism"
0 17 70 64 134 2150 0 0 1 "Vandalism"
0 18 70 65 134 2151 0 0 1 "Vandalism"
0 19 70 66 134 2152 0 0 1 "Vandalism"
0 21 71 68 135 2153 0 0 0 "Vandalism"
0 20 71 67 135 2154 0 0 1 "Vandalism"
0 20 72 67 135 2155 0 0 1 "Vandalism"
0 20 72 67 135 2156 0 0 1 "Vandalism"
0 20 73 66 135 2157 0 0 1 "Vandalism"
0 19 73 66 135 2158 0 0 1 "Vandalism"
0 19 74 66 135 2159 0 0 1 "Vandalism"
0 19 74 65 135 2160 0 0 1 "Vandalism"
0 19 75 65 135 2161 0 0 1 "Vandalism"
0 18 75 65 135 2162 0 0 1 "Vandalism"
0 18 76 65 135 2163 0 0 1 "Vandalism"
0 18 76 64 135 2164 0 0 1 "Vandalism"
0 18 77 64 135 2165 0 0 1 "Vandalism"
0 17 77 64 135 2166 0 0 1 "Vandalism"
0 17 78 63 135 2167 0 0 1 "Vandalism"
0 17 78 63 135 2168 0 0 1 "Vandalism"
0 17 79 63 135 2169 0 0 1 "Vandalism"
0 17 80 63 135 2170 0 0 0 "Vandalism"
0 16 80 61 135 2171 0 0 1 "Vandalism"
0 16 80 60 135 2172 0 0 1 "Vandalism"
0 16 81 59 136 2173 0 0 1 "Vandalism"
0 15 81 58 136 2174 0 0 1 "Vandalism"
0 15 82 57 137 2175 0 0 1 "Vandalism"
0 15 82 56 137 2176 0 0 1 "Vandalism"
0 14 83 55 137 2177 0 0 1 "Vandalism"
0 14 83 54 138 2178 0 0 1 "Vandalism"
0 14 84 52 138 2179 0 0 1 "Vandalism"
0 14 84 51 139 2180 0 0 1 "Vandalism"
0 13 85 50 139 2181 0 0 1 "Vandalism"
0 13 85 49 139 2182 0 0 1 "Vandalism"
0 13 86 48 140 2183 0 0 1 "Vandalism"
0 12 86 47 140 2184 0 0 1 "Vandalism"
0 12 87 46 141 2185 0 0 1 "Vandalism"
0 12 87 45 141 2186 0 0 1 "Vandalism"
0 12 88 44 142 2187 0 0 0 "Vandalism"
0 11 88 43 142 2188 0 0 1 "Vandalism"
0 10 89 42 143 2189 0 0 1 "Vandalism"
0 9 90 41 144 2190 0 0 1 "Vandalism"
0 8 90 40 144 2191 0 0 1 "Vandalism"
0 7 91 39 145 2192 0 0 1 "Vandalism"
0 6 92 38 146 2193 0 0 1 "Vandalism"
0 5 92 37 146 2194 0 0 1 "Vandalism"
0 4 93 36 147 2195 0 0 1 "Vandalism"
0 3 94 35 148 2196 0 0 1 "Vandalism"
0 2 94 34 148 2197 0 0 1 "Vandalism"
0 1 95 33 149 2198 0 0 1 "Vandalism"
0 0 96 32 150 2199 0 0 1 "Vandalism"
0 0 97 32 151 2200 1 0 0 "Vandalism"
0 0 98 31 152 2201 1 0 1 "Vandalism"
0 0 100 31 154 2202 1 0 1 "Vandalism"
0 0 102 31 156 2203 1 0 1 "Vandalism"
0 0 104 31 158 2204 1 0 1 "Vandalism"
0 0 105 31 159 2205 1 0 1 "Vandalism"
0 0 107 31 161 2206 1 0 1 "Vandalism"
0 0 109 31 163 2207 1 0 1 "Vandalism"
0 0 111 31 165 2208 1 0 1 "Vandalism"
0 0 113 31 167 2209 1 0 0 "Vandalism"
0 2 113 33 167 2210 1 0 1 "Vandalism"
0 4 113 35 168 2211 1 0 1 "Vandalism"
0 6 113 38 169 2212 1 0 1 "Vandalism"
0 8 113 40 169 2213 1 0 1 "Vandalism"
0 10 113 43 170 2214 1 0 1 "Vandalism"
0 12 114 45 171 2215 1 0 1 "Vandalism"
0 14 114 48 172 2216 1 0 1 "Vandalism"
0 16 114 50 172 2217 1 0 1 "Vandalism"
0 18 114 52 173 2218 1 0 1 "Vandalism"
0 20 114 55 174 2219 1 0 1 "Vandalism"
0 22 115 57 175 2220 1 0 1 "Vandalism"
0 24 115 60 175 2221 1 0 1 "Vandalism"
0 26 115 62 176 2222 1 0 1 "Vandalism"
0 28 115 65 177 2223 1 0 1 "Vandalism"
0 30 115 67 177 2224 1 0 1 "Vandalism"
0 32 115 69 178 2225 1 0 1 "Vandalism"
0 34 116 72 179 2226 1 0 1 "Vandalism"
0 36 116 74 180 2227 1 0 1 "Vandalism"
0 38 116 77 180 2228 1 0 1 "Vandalism"
0 40 116 79 181 2229 1 0 1 "Vandalism"
0 42 116 82 182 2230 1 0 1 "Vandalism"
0 44 117 84 183 2231 1 0 1 "Vandalism"
0 46 117 87 183 2232 1 0 1 "Vandalism"
0 48 117 89 184 2233 1 0 1 "Vandalism"
0 50 117 91 185 2234 1 0 1 "Vandalism"
0 52 117 94 185 2235 1 0 1 "Vandalism"
0 54 117 96 186 2236 1 0 1 "Vandalism"
0 57 118 99 187 2237 1 0 1 "Vandalism"
0 59 118 101 188 2238 1 0 1 "Vandalism"
0 61 118 104 188 2239 1 0 1 "Vandalism"
0 63 118 106 189 2240 1 0 1 "Vandalism"
0 65 118 108 190 2241 1 0 1 "Vandalism"
0 67 119 111 191 2242 1 0 1 "Vandalism"
0 69 119 113 191 2243 1 0 1 "Vandalism"
0 71 119 116 192 2244 1 0 1 "Vandalism"
0 73 119 118 193 2245 1 0 1 "Vandalism"
0 75 119 121 193 2246 1 0 1 "Vandalism"
0 77 119 123 194 2247 1 0 1 "Vandalism"
0 79 120 126 195 2248 1 0 1 "Vandalism"
0 81 120 128 196 2249 1 0 1 "Vandalism"
0 83 120 130 196 2250 1 0 1 "Vandalism"
0 85 120 133 197 2251 1 0 1 "Vandalism"
0 87 120 135 198 2252 1 0 1 "Vandalism"
0 89 121 138 199 2253 1 0 1 "Vandalism"
0 91 121 140 199 2254 1 0 1 "Vandalism"
0 93 121 143 200 2255 1 0 1 "Vandalism"
0 95 121 145 201 2256 1 0 1 "Vandalism"
0 97 121 147 201 2257 1 0 1 "Vandalism"
0 99 121 150 202 2258 1 0 1 "Vandalism"
0 101 122 152 203 2259 1 0 1 "Vandalism"
0 103 122 155 204 2260 1 0 1 "Vandalism"
0 105 122 157 204 2261 1 0 1 "Vandalism"
0 107 122 160 205 2262 1 0 1 "Vandalism"
0 109 122 162 206 2263 1 0 1 "Vandalism"
0 112 123 165 207 2264 1 0 0 "Vandalism"
