0 87 76 167 167 0 1 0 0 "Vandalism"
0 87 75 167 166 1 1 0 1 "Vandalism"
0 87 75 167 166 2 1 0 1 "Vandalism"
0 87 75 167 166 3 1 0 1 "Vandalism"
0 87 75 167 166 4 1 0 1 "Vandalism"
0 87 75 167 166 5 1 0 1 "Vandalism"
0 87 75 167 166 6 1 0 1 "Vandalism"
0 87 75 167 166 7 1 0 1 "Vandalism"
0 87 75 167 166 8 1 0 1 "Vandalism"
0 87 75 167 166 9 1 0 1 "Vandalism"
0 88 75 168 166 10 1 0 1 "Vandalism"
0 88 75 168 166 11 1 0 1 "Vandalism"
0 88 75 168 166 12 1 0 1 "Vandalism"
0 88 75 168 166 13 1 0 1 "Vandalism"
0 88 74 168 165 14 1 0 1 "Vandalism"
0 88 74 168 165 15 1 0 1 "Vandalism"
0 88 74 168 165 16 1 0 1 "Vandalism"
0 88 74 168 165 17 1 0 1 "Vandalism"
0 88 74 168 165 18 1 0 1 "Vandalism"
0 88 74 168 165 19 1 0 1 "Vandalism"
0 89 74 169 165 20 1 0 1 "Vandalism"
0 89 74 169 165 21 1 0 1 "Vandalism"
0 89 74 169 165 22 1 0 1 "Vandalism"
0 89 74 169 165 23 1 0 1 "Vandalism"
0 89 74 169 165 24 1 0 1 "Vandalism"
0 89 74 169 165 25 1 0 1 "Vandalism"
0 89 74 169 165 26 1 0 1 "Vandalism"
0 89 74 169 165 27 1 0 1 "Vandalism"
0 89 73 169 164 28 1 0 1 "Vandalism"
0 89 73 169 164 29 1 0 1 "Vandalism"
0 90 73 170 164 30 1 0 1 "Vandalism"
0 90 73 170 164 31 1 0 1 "Vandalism"
0 90 73 170 164 32 1 0 1 "Vandalism"
0 90 73 170 164 33 1 0 1 "Vandalism"
0 90 73 170 164 34 1 0 1 "Vandalism"
0 90 73 170 164 35 1 0 1 "Vandalism"
0 90 73 170 164 36 1 0 1 "Vandalism"
0 90 73 170 164 37 1 0 1 "Vandalism"
0 90 73 170 164 38 1 0 1 "Vandalism"
0 90 73 170 164 39 1 0 1 "Vandalism"
0 91 73 171 164 40 1 0 1 "Vandalism"
0 91 73 171 164 41 1 0 1 "Vandalism"
0 91 72 171 163 42 1 0 1 "Vandalism"
0 91 72 171 163 43 1 0 1 "Vandalism"
0 91 72 171 163 44 1 0 1 "Vandalism"
0 91 72 171 163 45 1 0 1 "Vandalism"
0 91 72 171 163 46 1 0 1 "Vandalism"
0 91 72 171 163 47 1 0 1 "Vandalism"
0 91 72 171 163 48 1 0 1 "Vandalism"
0 91 72 171 163 49 1 0 1 "Vandalism"
0 92 72 172 163 50 1 0 1 "Vandalism"
0 92 72 172 163 51 1 0 1 "Vandalism"
0 92 72 172 163 52 1 0 1 "Vandalism"
0 92 72 172 163 53 1 0 1 "Vandalism"
0 92 72 172 163 54 1 0 1 "Vandalism"
0 92 72 172 163 55 1 0 1 "Vandalism"
0 92 71 172 162 56 1 0 1 "Vandalism"
0 92 71 172 162 57 1 0 1 "Vandalism"
0 92 71 172 162 58 1 0 1 "Vandalism"
0 92 71 172 162 59 1 0 1 "Vandalism"
0 93 71 173 162 60 1 0 1 "Vandalism"
0 93 71 173 162 61 1 0 1 "Vandalism"
0 93 71 173 162 62 1 0 1 "Vandalism"
0 93 71 173 162 63 1 0 1 "Vandalism"
0 93 71 173 162 64 1 0 1 "Vandalism"
0 93 71 173 162 65 1 0 1 "Vandalism"
0 93 71 173 162 66 1 0 1 "Vandalism"
0 93 71 173 162 67 1 0 1 "Vandalism"
0 93 71 173 162 68 1 0 1 "Vandalism"
0 94 71 174 162 69 0 0 0 "Vandalism"
0 85 71 168 162 70 0 0 1 "Vandalism"
0 76 71 162 162 71 0 0 1 "Vandalism"
0 68 72 157 162 72 0 0 0 "Vandalism"
0 64 71 156 161 73 0 0 1 "Vandalism"
0 60 71 156 161 74 0 0 1 "Vandalism"
0 56 70 155 160 75 0 0 1 "Vandalism"
0 52 70 155 160 76 0 0 1 "Vandalism"
0 48 70 155 159 77 0 0 1 "Vandalism"
0 44 69 154 159 78 0 0 1 "Vandalism"
0 40 69 154 158 79 0 0 1 "Vandalism"
0 36 68 153 158 80 0 0 1 "Vandalism"
0 32 68 153 157 81 0 0 1 "Vandalism"
0 28 68 153 157 82 0 0 0 "Vandalism"
0 27 68 151 157 83 0 0 1 "Vandalism"
0 27 69 150 158 84 0 0 1 "Vandalism"
0 27 69 148 158 85 0 0 1 "Vandalism"
0 27 70 147 159 86 0 0 1 "Vandalism"
0 27 71 146 159 87 0 0 1 "Vandalism"
0 27 71 144 160 88 0 0 1 "Vandalism"
0 27 72 143 160 89 0 0 1 "Vandalism"
0 27 72 141 161 90 0 0 1 "Vandalism"
0 27 73 140 161 91 0 0 1 "Vandalism"
0 27 74 139 162 92 0 0 0 "Vandalism"
0 26 72 141 162 93 0 0 1 "Vandalism"
0 26 71 143 162 94 0 0 1 "Vandalism"
0 26 70 145 162 95 0 0 1 "Vandalism"
0 26 69 147 163 96 0 0 1 "Vandalism"
0 26 68 149 163 97 0 0 1 "Vandalism"
0 26 66 151 163 98 0 0 1 "Vandalism"
0 26 65 153 164 99 0 0 1 "Vandalism"
0 26 64 155 164 100 0 0 1 "Vandalism"
0 26 63 157 164 101 0 0 1 "Vandalism"
0 26 62 159 165 102 0 0 0 "Vandalism"
0 26 62 159 165 103 0 0 1 "Vandalism"
0 26 63 159 166 104 0 0 1 "Vandalism"
0 26 63 159 166 105 0 0 1 "Vandalism"
0 27 64 160 167 106 0 0 1 "Vandalism"
0 27 65 160 168 107 0 0 1 "Vandalism"
0 27 65 160 168 108 0 0 1 "Vandalism"
0 28 66 161 169 109 0 0 1 "Vandalism"
0 28 66 161 169 110 0 0 1 "Vandalism"
0 28 67 161 170 111 0 0 1 "Vandalism"
0 29 68 162 171 112 0 0 0 "Vandalism"
0 29 68 162 171 113 0 0 1 "Vandalism"
0 29 69 162 172 114 0 0 1 "Vandalism"
0 29 69 162 172 115 0 0 1 "Vandalism"
0 29 70 162 173 116 0 0 1 "Vandalism"
0 29 71 162 174 117 0 0 1 "Vandalism"
0 29 71 162 174 118 0 0 1 "Vandalism"
0 29 72 162 175 119 0 0 1 "Vandalism"
0 29 72 162 175 120 0 0 1 "Vandalism"
0 29 73 162 176 121 0 0 1 "Vandalism"
0 30 74 163 177 122 0 0 0 "Vandalism"
0 30 73 163 177 123 0 0 1 "Vandalism"
0 31 72 163 177 124 0 0 1 "Vandalism"
0 31 71 164 177 125 0 0 1 "Vandalism"
0 32 70 164 177 126 0 0 1 "Vandalism"
0 32 69 165 177 127 0 0 1 "Vandalism"
0 33 68 165 177 128 0 0 1 "Vandalism"
0 33 67 165 177 129 0 0 1 "Vandalism"
0 34 66 166 177 130 0 0 1 "Vandalism"
0 34 65 166 177 131 0 0 1 "Vandalism"
0 35 65 167 178 132 0 0 0 "Vandalism"
0 40 64 168 177 133 0 0 1 "Vandalism"
0 46 64 169 177 134 0 0 1 "Vandalism"
0 51 63 170 176 135 0 0 1 "Vandalism"
0 57 63 171 176 136 0 0 1 "Vandalism"
0 63 63 172 175 137 0 0 1 "Vandalism"
0 68 62 173 175 138 0 0 1 "Vandalism"
0 74 62 174 174 139 0 0 1 "Vandalism"
0 79 61 175 174 140 0 0 1 "Vandalism"
0 85 61 176 173 141 0 0 1 "Vandalism"
0 91 61 178 173 142 0 0 0 "Vandalism"
0 93 61 180 173 143 0 0 1 "Vandalism"
0 95 61 182 173 144 0 0 1 "Vandalism"
0 97 61 184 173 145 0 0 1 "Vandalism"
0 99 62 186 174 146 0 0 1 "Vandalism"
0 101 62 188 174 147 0 0 1 "Vandalism"
0 103 62 190 174 148 0 0 1 "Vandalism"
0 105 63 192 175 149 0 0 1 "Vandalism"
0 107 63 194 175 150 0 0 1 "Vandalism"
0 109 63 196 175 151 0 0 1 "Vandalism"
0 112 64 199 176 152 0 0 0 "Vandalism"
0 111 63 200 175 153 0 0 1 "Vandalism"
0 111 63 201 174 154 0 0 1 "Vandalism"
0 110 62 202 174 155 0 0 1 "Vandalism"
0 110 62 203 173 156 0 0 1 "Vandalism"
0 110 61 204 173 157 0 0 1 "Vandalism"
0 109 61 205 172 158 0 0 1 "Vandalism"
0 109 60 206 171 159 0 0 1 "Vandalism"
0 108 60 207 171 160 0 0 1 "Vandalism"
0 108 59 208 170 161 0 0 1 "Vandalism"
0 108 59 210 170 162 0 0 0 "Vandalism"
0 109 58 209 169 163 0 0 1 "Vandalism"
0 110 58 209 169 164 0 0 1 "Vandalism"
0 111 58 209 168 165 0 0 1 "Vandalism"
0 112 57 209 168 166 0 0 1 "Vandalism"
0 114 57 209 168 167 0 0 1 "Vandalism"
0 115 57 209 167 168 0 0 1 "Vandalism"
0 116 56 209 167 169 0 0 1 "Vandalism"
0 117 56 209 166 170 0 0 1 "Vandalism"
0 118 56 209 166 171 0 0 1 "Vandalism"
0 120 56 209 166 172 0 0 0 "Vandalism"
0 118 55 207 165 173 0 0 1 "Vandalism"
0 116 55 205 165 174 0 0 1 "Vandalism"
0 114 54 203 164 175 0 0 1 "Vandalism"
0 112 54 201 164 176 0 0 1 "Vandalism"
0 110 54 199 164 177 0 0 1 "Vandalism"
0 108 53 197 163 178 0 0 1 "Vandalism"
0 106 53 195 163 179 0 0 1 "Vandalism"
0 104 52 193 162 180 0 0 1 "Vandalism"
0 102 52 191 162 181 0 0 1 "Vandalism"
0 101 52 190 162 182 0 0 0 "Vandalism"
0 96 52 188 162 183 0 0 1 "Vandalism"
0 92 53 187 162 184 0 0 1 "Vandalism"
0 88 53 186 163 185 0 0 1 "Vandalism"
0 84 54 185 163 186 0 0 1 "Vandalism"
0 80 54 184 164 187 0 0 1 "Vandalism"
0 76 55 183 164 188 0 0 1 "Vandalism"
0 72 55 182 165 189 0 0 1 "Vandalism"
0 68 56 181 165 190 0 0 1 "Vandalism"
0 64 57 180 166 191 0 0 0 "Vandalism"
0 65 57 179 166 192 0 0 1 "Vandalism"
0 67 57 178 166 193 0 0 1 "Vandalism"
0 68 57 177 166 194 0 0 1 "Vandalism"
0 70 57 176 166 195 0 0 1 "Vandalism"
0 71 57 175 166 196 0 0 1 "Vandalism"
0 73 57 174 166 197 0 0 1 "Vandalism"
0 74 57 173 166 198 0 0 1 "Vandalism"
0 76 57 172 166 199 0 0 1 "Vandalism"
0 77 57 171 166 200 0 0 1 "Vandalism"
0 79 57 170 166 201 0 0 1 "Vandalism"
0 81 57 170 167 202 0 0 0 "Vandalism"
0 77 56 166 166 203 0 0 1 "Vandalism"
0 74 56 163 166 204 0 0 1 "Vandalism"
0 71 55 160 165 205 0 0 1 "Vandalism"
0 68 55 157 165 206 0 0 1 "Vandalism"
0 65 54 154 164 207 0 0 1 "Vandalism"
0 62 54 151 164 208 0 0 1 "Vandalism"
0 59 53 148 163 209 0 0 1 "Vandalism"
0 56 53 145 163 210 0 0 1 "Vandalism"
0 53 52 142 162 211 0 0 1 "Vandalism"
0 50 52 139 162 212 0 0 0 "Vandalism"
0 50 52 137 162 213 0 0 1 "Vandalism"
0 50 53 135 162 214 0 0 1 "Vandalism"
0 50 53 133 163 215 0 0 1 "Vandalism"
0 50 54 132 163 216 0 0 1 "Vandalism"
0 51 54 130 164 217 0 0 1 "Vandalism"
0 51 55 128 164 218 0 0 1 "Vandalism"
0 51 55 127 164 219 0 0 1 "Vandalism"
0 51 56 125 165 220 0 0 1 "Vandalism"
0 51 56 123 165 221 0 0 1 "Vandalism"
0 52 57 122 166 222 0 0 0 "Vandalism"
0 52 57 123 165 223 0 0 1 "Vandalism"
0 52 57 124 165 224 0 0 1 "Vandalism"
0 52 57 125 165 225 0 0 1 "Vandalism"
0 52 57 126 165 226 0 0 1 "Vandalism"
0 52 57 127 165 227 0 0 1 "Vandalism"
0 52 57 128 165 228 0 0 1 "Vandalism"
0 52 57 129 165 229 0 0 1 "Vandalism"
0 52 57 130 165 230 0 0 1 "Vandalism"
0 52 57 131 165 231 0 0 1 "Vandalism"
0 52 57 133 165 232 0 0 0 "Vandalism"
0 51 57 132 166 233 0 0 1 "Vandalism"
0 51 57 131 168 234 0 0 1 "Vandalism"
0 50 57 131 169 235 0 0 1 "Vandalism"
0 50 57 130 171 236 0 0 1 "Vandalism"
0 49 57 130 172 237 0 0 1 "Vandalism"
0 49 57 129 174 238 0 0 1 "Vandalism"
0 48 57 128 175 239 0 0 1 "Vandalism"
0 48 57 128 177 240 0 0 1 "Vandalism"
0 47 57 127 178 241 0 0 1 "Vandalism"
0 47 57 127 180 242 0 0 0 "Vandalism"
0 47 56 127 179 243 0 0 1 "Vandalism"
0 48 56 128 179 244 0 0 1 "Vandalism"
0 48 55 128 178 245 0 0 1 "Vandalism"
0 49 55 129 178 246 0 0 1 "Vandalism"
0 49 54 129 177 247 0 0 1 "Vandalism"
0 50 54 130 177 248 0 0 1 "Vandalism"
0 50 53 130 176 249 0 0 1 "Vandalism"
0 51 53 131 176 250 0 0 1 "Vandalism"
0 51 52 131 175 251 0 0 1 "Vandalism"
0 52 52 132 175 252 0 0 0 "Vandalism"
0 52 52 132 174 253 0 0 1 "Vandalism"
0 52 52 132 174 254 0 0 1 "Vandalism"
0 52 52 132 174 255 0 0 1 "Vandalism"
0 52 52 133 174 256 0 0 1 "Vandalism"
0 52 52 133 174 257 0 0 1 "Vandalism"
0 52 52 133 174 258 0 0 1 "Vandalism"
0 52 52 134 174 259 0 0 1 "Vandalism"
0 52 52 134 174 260 0 0 1 "Vandalism"
0 52 52 134 174 261 0 0 1 "Vandalism"
0 52 52 135 174 262 0 0 0 "Vandalism"
0 52 52 135 174 263 0 0 1 "Vandalism"
0 52 53 135 175 264 0 0 1 "Vandalism"
0 52 53 135 175 265 0 0 1 "Vandalism"
0 52 54 135 176 266 0 0 1 "Vandalism"
0 52 55 135 177 267 0 0 1 "Vandalism"
0 52 55 135 177 268 0 0 1 "Vandalism"
0 52 56 135 178 269 0 0 1 "Vandalism"
0 52 56 135 178 270 0 0 1 "Vandalism"
0 52 57 135 179 271 0 0 1 "Vandalism"
0 52 58 135 180 272 0 0 0 "Vandalism"
0 51 58 135 179 273 0 0 1 "Vandalism"
0 50 58 135 179 274 0 0 1 "Vandalism"
0 49 58 135 179 275 0 0 1 "Vandalism"
0 49 58 135 179 276 0 0 1 "Vandalism"
0 48 58 135 179 277 0 0 1 "Vandalism"
0 47 58 135 179 278 0 0 1 "Vandalism"
0 47 58 135 179 279 0 0 1 "Vandalism"
0 46 58 135 179 280 0 0 1 "Vandalism"
0 45 58 135 179 281 0 0 1 "Vandalism"
0 45 58 135 179 282 0 0 0 "Vandalism"
0 45 58 135 179 283 0 0 1 "Vandalism"
0 45 58 135 179 284 0 0 1 "Vandalism"
0 45 58 135 179 285 0 0 1 "Vandalism"
0 45 58 135 179 286 0 0 1 "Vandalism"
0 45 59 135 180 287 0 0 1 "Vandalism"
0 45 59 135 180 288 0 0 1 "Vandalism"
0 45 59 135 180 289 0 0 1 "Vandalism"
0 45 59 135 180 290 0 0 1 "Vandalism"
0 45 59 135 180 291 0 0 1 "Vandalism"
0 46 60 136 181 292 0 0 0 "Vandalism"
0 46 60 137 182 293 0 0 1 "Vandalism"
0 46 60 139 184 294 0 0 1 "Vandalism"
0 46 60 141 186 295 0 0 1 "Vandalism"
0 46 60 142 187 296 0 0 1 "Vandalism"
0 46 60 144 189 297 0 0 1 "Vandalism"
0 46 60 146 191 298 0 0 1 "Vandalism"
0 46 60 147 192 299 0 0 1 "Vandalism"
0 46 60 149 194 300 0 0 1 "Vandalism"
0 46 60 151 196 301 0 0 1 "Vandalism"
0 46 60 153 198 302 0 0 0 "Vandalism"
0 48 62 155 199 303 0 0 1 "Vandalism"
0 51 64 158 200 304 0 0 1 "Vandalism"
0 53 66 160 201 305 0 0 1 "Vandalism"
0 56 68 163 202 306 0 0 1 "Vandalism"
0 59 71 165 203 307 0 0 1 "Vandalism"
0 61 73 168 204 308 0 0 1 "Vandalism"
0 64 75 170 205 309 0 0 1 "Vandalism"
0 66 77 173 206 310 0 0 1 "Vandalism"
0 69 79 175 207 311 0 0 1 "Vandalism"
0 72 82 178 209 312 0 0 0 "Vandalism"
0 74 83 180 209 313 0 0 1 "Vandalism"
0 77 84 183 209 314 0 0 1 "Vandalism"
0 80 86 186 209 315 0 0 1 "Vandalism"
0 83 87 189 209 316 0 0 1 "Vandalism"
0 86 89 192 210 317 0 0 1 "Vandalism"
0 89 90 194 210 318 0 0 1 "Vandalism"
0 92 91 197 210 319 0 0 1 "Vandalism"
0 95 93 200 210 320 0 0 1 "Vandalism"
0 98 94 203 210 321 0 0 1 "Vandalism"
0 101 96 206 211 322 0 0 0 "Vandalism"
0 103 98 208 210 323 0 0 1 "Vandalism"
0 106 100 210 210 324 0 0 1 "Vandalism"
0 108 102 212 210 325 0 0 1 "Vandalism"
0 111 104 214 210 326 0 0 1 "Vandalism"
0 113 106 216 210 327 0 0 1 "Vandalism"
0 116 108 218 210 328 0 0 1 "Vandalism"
0 118 110 220 210 329 0 0 1 "Vandalism"
0 121 112 222 210 330 0 0 1 "Vandalism"
0 123 114 224 210 331 0 0 1 "Vandalism"
0 126 116 227 210 332 0 0 0 "Vandalism"
0 117 110 218 207 333 0 0 1 "Vandalism"
0 109 105 210 205 334 0 0 1 "Vandalism"
0 100 100 201 203 335 0 0 1 "Vandalism"
0 92 95 193 201 336 0 0 1 "Vandalism"
0 84 90 184 199 337 0 0 1 "Vandalism"
0 75 84 176 197 338 0 0 1 "Vandalism"
0 67 79 167 195 339 0 0 1 "Vandalism"
0 58 74 159 193 340 0 0 1 "Vandalism"
0 50 69 150 191 341 0 0 1 "Vandalism"
0 42 64 142 189 342 0 0 0 "Vandalism"
0 42 64 142 189 343 0 0 1 "Vandalism"
0 42 64 142 189 344 0 0 1 "Vandalism"
0 42 64 142 189 345 0 0 1 "Vandalism"
0 42 64 142 189 346 0 0 1 "Vandalism"
0 43 65 143 190 347 0 0 1 "Vandalism"
0 43 65 143 190 348 0 0 1 "Vandalism"
0 43 65 143 190 349 0 0 1 "Vandalism"
0 43 65 143 190 350 0 0 1 "Vandalism"
0 43 65 143 190 351 0 0 1 "Vandalism"
0 44 66 144 191 352 0 0 0 "Vandalism"
0 45 66 145 191 353 0 0 1 "Vandalism"
0 46 66 146 191 354 0 0 1 "Vandalism"
0 48 66 148 191 355 0 0 1 "Vandalism"
0 49 66 149 191 356 0 0 1 "Vandalism"
0 51 67 151 192 357 0 0 1 "Vandalism"
0 52 67 152 192 358 0 0 1 "Vandalism"
0 53 67 153 192 359 0 0 1 "Vandalism"
0 55 67 155 192 360 0 0 1 "Vandalism"
0 56 67 156 192 361 0 0 1 "Vandalism"
0 58 68 158 193 362 0 0 0 "Vandalism"
0 58 68 159 192 363 0 0 1 "Vandalism"
0 58 68 160 192 364 0 0 1 "Vandalism"
0 58 68 161 192 365 0 0 1 "Vandalism"
0 58 68 162 192 366 0 0 1 "Vandalism"
0 58 68 163 192 367 0 0 1 "Vandalism"
0 58 68 164 192 368 0 0 1 "Vandalism"
0 58 68 165 192 369 0 0 1 "Vandalism"
0 58 68 166 192 370 0 0 1 "Vandalism"
0 58 68 167 192 371 0 0 1 "Vandalism"
0 58 68 168 192 372 0 0 0 "Vandalism"
0 57 69 169 191 373 0 0 1 "Vandalism"
0 57 70 171 191 374 0 0 1 "Vandalism"
0 57 72 172 190 375 0 0 1 "Vandalism"
0 57 73 174 190 376 0 0 1 "Vandalism"
0 57 75 175 190 377 0 0 1 "Vandalism"
0 56 76 177 189 378 0 0 1 "Vandalism"
0 56 77 178 189 379 0 0 1 "Vandalism"
0 56 79 180 188 380 0 0 1 "Vandalism"
0 56 80 181 188 381 0 0 1 "Vandalism"
0 56 82 183 188 382 0 0 0 "Vandalism"
0 62 81 183 185 383 0 0 1 "Vandalism"
0 68 80 183 182 384 0 0 1 "Vandalism"
0 74 79 183 179 385 0 0 1 "Vandalism"
0 80 78 184 176 386 0 0 1 "Vandalism"
0 87 77 184 173 387 0 0 1 "Vandalism"
0 93 76 184 170 388 0 0 1 "Vandalism"
0 99 75 185 167 389 0 0 1 "Vandalism"
0 105 74 185 164 390 0 0 1 "Vandalism"
0 111 73 185 161 391 0 0 1 "Vandalism"
0 118 73 186 158 392 0 0 0 "Vandalism"
0 117 72 185 157 393 0 0 1 "Vandalism"
0 117 72 185 157 394 0 0 1 "Vandalism"
0 116 72 184 157 395 0 0 1 "Vandalism"
0 116 72 184 157 396 0 0 1 "Vandalism"
0 116 72 184 157 397 0 0 1 "Vandalism"
0 115 71 183 156 398 0 0 1 "Vandalism"
0 115 71 183 156 399 0 0 1 "Vandalism"
0 114 71 182 156 400 0 0 1 "Vandalism"
0 114 71 182 156 401 0 0 1 "Vandalism"
0 114 71 182 156 402 0 0 0 "Vandalism"
0 113 71 181 156 403 0 0 1 "Vandalism"
0 112 71 181 156 404 0 0 1 "Vandalism"
0 111 71 181 157 405 0 0 1 "Vandalism"
0 110 71 181 157 406 0 0 1 "Vandalism"
0 109 71 181 158 407 0 0 1 "Vandalism"
0 108 71 180 158 408 0 0 1 "Vandalism"
0 107 71 180 158 409 0 0 1 "Vandalism"
0 106 71 180 159 410 0 0 1 "Vandalism"
0 105 71 180 159 411 0 0 1 "Vandalism"
0 104 71 180 160 412 0 0 0 "Vandalism"
0 101 71 178 160 413 0 0 1 "Vandalism"
0 98 71 177 160 414 0 0 1 "Vandalism"
0 95 72 176 160 415 0 0 1 "Vandalism"
0 92 72 174 161 416 0 0 1 "Vandalism"
0 90 73 173 161 417 0 0 1 "Vandalism"
0 87 73 172 161 418 0 0 1 "Vandalism"
0 84 73 170 162 419 0 0 1 "Vandalism"
0 81 74 169 162 420 0 0 1 "Vandalism"
0 78 74 168 162 421 0 0 1 "Vandalism"
0 76 75 167 163 422 0 0 0 "Vandalism"
0 78 75 167 162 423 0 0 1 "Vandalism"
0 81 75 167 162 424 0 0 1 "Vandalism"
0 83 75 167 162 425 0 0 1 "Vandalism"
0 86 75 167 162 426 0 0 1 "Vandalism"
0 88 75 167 162 427 0 0 1 "Vandalism"
0 91 75 167 162 428 0 0 1 "Vandalism"
0 93 75 167 162 429 0 0 1 "Vandalism"
0 96 75 167 162 430 0 0 1 "Vandalism"
0 98 75 167 162 431 0 0 1 "Vandalism"
0 101 75 167 162 432 0 0 0 "Vandalism"
0 103 74 169 161 433 0 0 1 "Vandalism"
0 105 74 171 161 434 0 0 1 "Vandalism"
0 107 73 173 160 435 0 0 1 "Vandalism"
0 109 73 175 160 436 0 0 1 "Vandalism"
0 111 73 177 160 437 0 0 1 "Vandalism"
0 113 72 179 159 438 0 0 1 "Vandalism"
0 115 72 181 159 439 0 0 1 "Vandalism"
0 117 71 183 158 440 0 0 1 "Vandalism"
0 119 71 185 158 441 0 0 1 "Vandalism"
0 122 71 188 158 442 0 0 0 "Vandalism"
0 121 71 189 158 443 0 0 1 "Vandalism"
0 121 71 190 158 444 0 0 1 "Vandalism"
0 120 71 191 158 445 0 0 1 "Vandalism"
0 120 71 193 158 446 0 0 1 "Vandalism"
0 119 72 194 158 447 0 0 1 "Vandalism"
0 119 72 195 158 448 0 0 1 "Vandalism"
0 118 72 197 158 449 0 0 1 "Vandalism"
0 118 72 198 158 450 0 0 1 "Vandalism"
0 117 72 199 158 451 0 0 1 "Vandalism"
0 117 73 201 159 452 0 0 0 "Vandalism"
0 115 73 199 159 453 0 0 1 "Vandalism"
0 113 73 197 159 454 0 0 1 "Vandalism"
0 111 73 195 159 455 0 0 1 "Vandalism"
0 109 73 193 159 456 0 0 1 "Vandalism"
0 108 73 192 159 457 0 0 1 "Vandalism"
0 106 73 190 159 458 0 0 1 "Vandalism"
0 104 73 188 159 459 0 0 1 "Vandalism"
0 102 73 186 159 460 0 0 1 "Vandalism"
0 100 73 184 159 461 0 0 1 "Vandalism"
0 99 74 183 160 462 0 0 0 "Vandalism"
0 95 74 180 163 463 0 0 1 "Vandalism"
0 92 75 178 166 464 0 0 1 "Vandalism"
0 88 75 175 170 465 0 0 1 "Vandalism"
0 85 76 173 173 466 0 0 1 "Vandalism"
0 81 77 170 177 467 0 0 1 "Vandalism"
0 78 77 168 180 468 0 0 1 "Vandalism"
0 74 78 165 183 469 0 0 1 "Vandalism"
0 71 78 163 187 470 0 0 1 "Vandalism"
0 67 79 160 190 471 0 0 1 "Vandalism"
0 64 80 158 194 472 0 0 0 "Vandalism"
0 63 80 157 194 473 0 0 1 "Vandalism"
0 62 80 156 194 474 0 0 1 "Vandalism"
0 61 80 155 194 475 0 0 1 "Vandalism"
0 60 80 154 194 476 0 0 1 "Vandalism"
0 60 80 154 194 477 0 0 1 "Vandalism"
0 59 80 153 194 478 0 0 1 "Vandalism"
0 58 80 152 194 479 0 0 1 "Vandalism"
0 57 80 151 194 480 0 0 1 "Vandalism"
0 56 80 150 194 481 0 0 1 "Vandalism"
0 56 81 150 195 482 0 0 0 "Vandalism"
0 56 80 150 194 483 0 0 1 "Vandalism"
0 57 80 151 194 484 0 0 1 "Vandalism"
0 57 79 151 193 485 0 0 1 "Vandalism"
0 58 79 152 193 486 0 0 1 "Vandalism"
0 58 79 152 193 487 0 0 1 "Vandalism"
0 59 78 153 192 488 0 0 1 "Vandalism"
0 59 78 153 192 489 0 0 1 "Vandalism"
0 60 77 154 191 490 0 0 1 "Vandalism"
0 60 77 154 191 491 0 0 1 "Vandalism"
0 61 77 155 191 492 0 0 0 "Vandalism"
0 63 76 157 190 493 0 0 1 "Vandalism"
0 65 75 159 189 494 0 0 1 "Vandalism"
0 67 75 161 189 495 0 0 1 "Vandalism"
0 69 74 163 188 496 0 0 1 "Vandalism"
0 71 74 165 188 497 0 0 1 "Vandalism"
0 73 73 167 187 498 0 0 1 "Vandalism"
0 75 72 169 186 499 0 0 1 "Vandalism"
0 77 72 171 186 500 0 0 1 "Vandalism"
0 79 71 173 185 501 0 0 1 "Vandalism"
0 82 71 176 185 502 0 0 0 "Vandalism"
0 79 72 173 186 503 0 0 1 "Vandalism"
0 77 73 171 187 504 0 0 1 "Vandalism"
0 74 74 168 188 505 0 0 1 "Vandalism"
0 72 75 166 189 506 0 0 1 "Vandalism"
0 69 76 163 190 507 0 0 1 "Vandalism"
0 67 77 161 191 508 0 0 1 "Vandalism"
0 64 78 158 192 509 0 0 1 "Vandalism"
0 62 79 156 193 510 0 0 1 "Vandalism"
0 59 80 153 194 511 0 0 1 "Vandalism"
0 57 81 151 195 512 0 0 0 "Vandalism"
0 56 80 152 196 513 0 0 1 "Vandalism"
0 55 79 153 197 514 0 0 1 "Vandalism"
0 54 79 154 198 515 0 0 1 "Vandalism"
0 53 78 155 199 516 0 0 1 "Vandalism"
0 53 78 156 200 517 0 0 1 "Vandalism"
0 52 77 157 201 518 0 0 1 "Vandalism"
0 51 76 158 202 519 0 0 1 "Vandalism"
0 50 76 159 203 520 0 0 1 "Vandalism"
0 49 75 160 204 521 0 0 1 "Vandalism"
0 49 75 161 206 522 0 0 0 "Vandalism"
0 49 75 161 206 523 0 0 1 "Vandalism"
0 50 75 162 206 524 0 0 1 "Vandalism"
0 50 75 162 206 525 0 0 1 "Vandalism"
0 51 76 163 207 526 0 0 1 "Vandalism"
0 52 76 164 207 527 0 0 1 "Vandalism"
0 52 76 164 207 528 0 0 1 "Vandalism"
0 53 77 165 208 529 0 0 1 "Vandalism"
0 53 77 165 208 530 0 0 1 "Vandalism"
0 54 77 166 208 531 0 0 1 "Vandalism"
0 55 78 167 209 532 0 0 0 "Vandalism"
0 54 77 166 208 533 0 0 1 "Vandalism"
0 54 77 166 208 534 0 0 1 "Vandalism"
0 53 77 165 208 535 0 0 1 "Vandalism"
0 53 77 165 208 536 0 0 1 "Vandalism"
0 53 77 165 208 537 0 0 1 "Vandalism"
0 52 76 164 207 538 0 0 1 "Vandalism"
0 52 76 164 207 539 0 0 1 "Vandalism"
0 51 76 163 207 540 0 0 1 "Vandalism"
0 51 76 163 207 541 0 0 1 "Vandalism"
0 51 76 163 207 542 0 0 0 "Vandalism"
0 50 76 162 207 543 0 0 1 "Vandalism"
0 50 76 162 207 544 0 0 1 "Vandalism"
0 50 77 161 207 545 0 0 1 "Vandalism"
0 49 77 161 207 546 0 0 1 "Vandalism"
0 49 78 161 207 547 0 0 1 "Vandalism"
0 49 78 160 207 548 0 0 1 "Vandalism"
0 48 78 160 207 549 0 0 1 "Vandalism"
0 48 79 159 207 550 0 0 1 "Vandalism"
0 48 79 159 207 551 0 0 1 "Vandalism"
0 48 80 159 208 552 0 0 0 "Vandalism"
0 47 80 158 208 553 0 0 1 "Vandalism"
0 47 81 157 208 554 0 0 1 "Vandalism"
0 46 82 157 208 555 0 0 1 "Vandalism"
0 46 83 156 208 556 0 0 1 "Vandalism"
0 45 84 156 208 557 0 0 1 "Vandalism"
0 45 85 155 208 558 0 0 1 "Vandalism"
0 44 86 154 208 559 0 0 1 "Vandalism"
0 44 87 154 208 560 0 0 1 "Vandalism"
0 43 88 153 208 561 0 0 1 "Vandalism"
0 43 89 153 209 562 0 0 0 "Vandalism"
0 43 91 153 208 563 0 0 1 "Vandalism"
0 44 93 153 208 564 0 0 1 "Vandalism"
0 44 95 154 208 565 0 0 1 "Vandalism"
0 45 97 154 208 566 0 0 1 "Vandalism"
0 45 99 155 208 567 0 0 1 "Vandalism"
0 46 101 155 208 568 0 0 1 "Vandalism"
0 46 103 155 208 569 0 0 1 "Vandalism"
0 47 105 156 208 570 0 0 1 "Vandalism"
0 47 107 156 208 571 0 0 1 "Vandalism"
0 48 109 157 208 572 0 0 0 "Vandalism"
0 48 109 157 207 573 0 0 1 "Vandalism"
0 48 109 157 207 574 0 0 1 "Vandalism"
0 48 109 157 207 575 0 0 1 "Vandalism"
0 49 109 157 207 576 0 0 1 "Vandalism"
0 49 109 157 207 577 0 0 1 "Vandalism"
0 49 109 157 207 578 0 0 1 "Vandalism"
0 50 109 157 207 579 0 0 1 "Vandalism"
0 50 109 157 207 580 0 0 1 "Vandalism"
0 50 109 157 207 581 0 0 1 "Vandalism"
0 51 109 157 207 582 0 0 0 "Vandalism"
0 50 110 156 207 583 0 0 1 "Vandalism"
0 50 111 156 207 584 0 0 1 "Vandalism"
0 50 112 156 207 585 0 0 1 "Vandalism"
0 50 113 155 208 586 0 0 1 "Vandalism"
0 50 115 155 208 587 0 0 1 "Vandalism"
0 49 116 155 208 588 0 0 1 "Vandalism"
0 49 117 154 209 589 0 0 1 "Vandalism"
0 49 118 154 209 590 0 0 1 "Vandalism"
0 49 119 154 209 591 0 0 1 "Vandalism"
0 49 121 154 210 592 0 0 0 "Vandalism"
0 50 120 155 209 593 0 0 1 "Vandalism"
0 51 119 156 209 594 0 0 1 "Vandalism"
0 52 118 157 209 595 0 0 1 "Vandalism"
0 53 117 158 209 596 0 0 1 "Vandalism"
0 54 116 159 209 597 0 0 1 "Vandalism"
0 55 115 160 209 598 0 0 1 "Vandalism"
0 56 114 161 209 599 0 0 1 "Vandalism"
0 57 113 162 209 600 0 0 1 "Vandalism"
0 58 112 163 209 601 0 0 1 "Vandalism"
0 60 112 164 209 602 0 0 0 "Vandalism"
0 60 113 163 209 603 0 0 1 "Vandalism"
0 60 115 163 209 604 0 0 1 "Vandalism"
0 60 116 163 209 605 0 0 1 "Vandalism"
0 60 118 163 209 606 0 0 1 "Vandalism"
0 60 120 163 209 607 0 0 1 "Vandalism"
0 60 121 163 209 608 0 0 1 "Vandalism"
0 60 123 163 209 609 0 0 1 "Vandalism"
0 60 124 163 209 610 0 0 1 "Vandalism"
0 60 126 163 209 611 0 0 1 "Vandalism"
0 60 128 163 209 612 0 0 0 "Vandalism"
0 59 127 163 208 613 0 0 1 "Vandalism"
0 58 127 163 208 614 0 0 1 "Vandalism"
0 57 126 163 207 615 0 0 1 "Vandalism"
0 57 126 163 207 616 0 0 1 "Vandalism"
0 56 126 164 206 617 0 0 1 "Vandalism"
0 55 125 164 206 618 0 0 1 "Vandalism"
0 55 125 164 205 619 0 0 1 "Vandalism"
0 54 124 164 205 620 0 0 1 "Vandalism"
0 53 124 164 204 621 0 0 1 "Vandalism"
0 53 124 165 204 622 0 0 0 "Vandalism"
0 53 121 165 204 623 0 0 1 "Vandalism"
0 53 119 165 205 624 0 0 1 "Vandalism"
0 53 116 165 205 625 0 0 1 "Vandalism"
0 53 114 165 206 626 0 0 1 "Vandalism"
0 53 111 165 206 627 0 0 1 "Vandalism"
0 54 109 165 207 628 0 0 0 "Vandalism"
0 54 114 165 207 629 0 0 1 "Vandalism"
0 55 119 166 208 630 0 0 1 "Vandalism"
0 55 124 167 209 631 0 0 1 "Vandalism"
0 56 130 168 210 632 0 0 0 "Vandalism"
0 56 129 167 210 633 0 0 1 "Vandalism"
0 56 128 167 210 634 0 0 1 "Vandalism"
0 56 127 167 210 635 0 0 1 "Vandalism"
0 56 126 167 210 636 0 0 1 "Vandalism"
0 56 125 167 210 637 0 0 1 "Vandalism"
0 56 124 167 210 638 0 0 1 "Vandalism"
0 56 123 167 210 639 0 0 1 "Vandalism"
0 56 122 167 210 640 0 0 1 "Vandalism"
0 56 121 167 210 641 0 0 1 "Vandalism"
0 56 120 167 210 642 0 0 0 "Vandalism"
0 56 117 166 210 643 0 0 1 "Vandalism"
0 56 115 166 210 644 0 0 1 "Vandalism"
0 56 113 166 210 645 0 0 1 "Vandalism"
0 56 111 166 210 646 0 0 1 "Vandalism"
0 56 109 166 210 647 0 0 1 "Vandalism"
0 56 107 166 210 648 0 0 1 "Vandalism"
0 56 105 166 210 649 0 0 1 "Vandalism"
0 56 103 166 210 650 0 0 1 "Vandalism"
0 56 101 166 210 651 0 0 1 "Vandalism"
0 56 99 166 210 652 0 0 0 "Vandalism"
0 56 98 165 210 653 0 0 1 "Vandalism"
0 56 97 165 210 654 0 0 1 "Vandalism"
0 56 97 165 210 655 0 0 1 "Vandalism"
0 56 96 165 210 656 0 0 1 "Vandalism"
0 56 96 165 210 657 0 0 1 "Vandalism"
0 56 95 165 210 658 0 0 1 "Vandalism"
0 56 94 165 210 659 0 0 1 "Vandalism"
0 56 94 165 210 660 0 0 1 "Vandalism"
0 56 93 165 210 661 0 0 1 "Vandalism"
0 56 93 165 210 662 0 0 0 "Vandalism"
0 56 93 164 210 663 0 0 1 "Vandalism"
0 56 93 164 210 664 0 0 1 "Vandalism"
0 56 93 164 210 665 0 0 1 "Vandalism"
0 56 93 164 210 666 0 0 1 "Vandalism"
0 56 94 164 210 667 0 0 1 "Vandalism"
0 56 94 164 210 668 0 0 1 "Vandalism"
0 56 94 164 210 669 0 0 1 "Vandalism"
0 56 94 164 210 670 0 0 1 "Vandalism"
0 56 94 164 210 671 0 0 1 "Vandalism"
0 56 95 164 210 672 0 0 0 "Vandalism"
0 56 95 163 210 673 0 0 1 "Vandalism"
0 56 95 163 210 674 0 0 1 "Vandalism"
0 56 95 163 210 675 0 0 1 "Vandalism"
0 56 96 163 210 676 0 0 1 "Vandalism"
0 56 96 163 210 677 0 0 1 "Vandalism"
0 56 96 163 210 678 0 0 1 "Vandalism"
0 56 97 163 210 679 0 0 1 "Vandalism"
0 56 97 163 210 680 0 0 1 "Vandalism"
0 56 97 163 210 681 0 0 1 "Vandalism"
0 56 98 163 210 682 0 0 0 "Vandalism"
0 56 99 162 210 683 0 0 1 "Vandalism"
0 56 101 162 210 684 0 0 1 "Vandalism"
0 56 102 162 210 685 0 0 1 "Vandalism"
0 56 104 162 210 686 0 0 1 "Vandalism"
0 56 106 162 210 687 0 0 1 "Vandalism"
0 56 107 162 210 688 0 0 1 "Vandalism"
0 56 109 162 210 689 0 0 1 "Vandalism"
0 56 110 162 210 690 0 0 1 "Vandalism"
0 56 112 162 210 691 0 0 1 "Vandalism"
0 56 114 162 210 692 0 0 0 "Vandalism"
0 56 113 161 210 693 0 0 1 "Vandalism"
0 56 113 161 210 694 0 0 1 "Vandalism"
0 56 113 161 210 695 0 0 1 "Vandalism"
0 56 112 161 210 696 0 0 1 "Vandalism"
0 56 112 161 210 697 0 0 1 "Vandalism"
0 56 112 161 210 698 0 0 1 "Vandalism"
0 56 111 161 210 699 0 0 1 "Vandalism"
0 56 111 161 210 700 0 0 1 "Vandalism"
0 56 111 161 210 701 0 0 1 "Vandalism"
0 56 111 161 210 702 0 0 0 "Vandalism"
0 56 110 160 210 703 0 0 1 "Vandalism"
0 56 109 160 210 704 0 0 1 "Vandalism"
0 56 108 160 210 705 0 0 1 "Vandalism"
0 56 107 160 210 706 0 0 1 "Vandalism"
0 56 106 160 210 707 0 0 1 "Vandalism"
0 56 105 160 210 708 0 0 1 "Vandalism"
0 56 104 160 210 709 0 0 1 "Vandalism"
0 56 103 160 210 710 0 0 1 "Vandalism"
0 56 102 160 210 711 0 0 1 "Vandalism"
0 56 101 160 210 712 0 0 0 "Vandalism"
0 56 102 160 210 713 0 0 1 "Vandalism"
0 57 103 161 210 714 0 0 1 "Vandalism"
0 58 105 162 210 715 0 0 1 "Vandalism"
0 59 106 162 210 716 0 0 1 "Vandalism"
0 60 108 163 210 717 0 0 1 "Vandalism"
0 60 109 164 210 718 0 0 1 "Vandalism"
0 61 110 164 210 719 0 0 1 "Vandalism"
0 62 112 165 210 720 0 0 1 "Vandalism"
0 63 113 166 210 721 0 0 1 "Vandalism"
0 64 115 167 210 722 0 0 0 "Vandalism"
0 64 114 166 210 723 0 0 1 "Vandalism"
0 64 113 166 210 724 0 0 1 "Vandalism"
0 64 112 166 210 725 0 0 1 "Vandalism"
0 64 111 166 210 726 0 0 1 "Vandalism"
0 64 110 166 210 727 0 0 1 "Vandalism"
0 64 109 166 210 728 0 0 1 "Vandalism"
0 64 108 166 210 729 0 0 1 "Vandalism"
0 64 107 166 210 730 0 0 1 "Vandalism"
0 64 106 166 210 731 0 0 1 "Vandalism"
0 64 105 166 210 732 0 0 0 "Vandalism"
0 64 105 166 210 733 0 0 1 "Vandalism"
0 64 106 166 210 734 0 0 1 "Vandalism"
0 64 107 166 210 735 0 0 1 "Vandalism"
0 64 107 166 210 736 0 0 1 "Vandalism"
0 65 108 166 210 737 0 0 1 "Vandalism"
0 65 109 166 210 738 0 0 1 "Vandalism"
0 65 109 166 210 739 0 0 1 "Vandalism"
0 65 110 166 210 740 0 0 1 "Vandalism"
0 65 111 166 210 741 0 0 1 "Vandalism"
0 66 112 167 211 742 0 0 0 "Vandalism"
0 65 112 166 210 743 0 0 1 "Vandalism"
0 64 112 165 210 744 0 0 1 "Vandalism"
0 63 113 164 210 745 0 0 1 "Vandalism"
0 62 113 163 210 746 0 0 1 "Vandalism"
0 61 114 162 210 747 0 0 1 "Vandalism"
0 60 114 161 210 748 0 0 1 "Vandalism"
0 59 114 160 210 749 0 0 1 "Vandalism"
0 58 115 159 210 750 0 0 1 "Vandalism"
0 57 115 158 210 751 0 0 1 "Vandalism"
0 57 116 157 210 752 0 0 0 "Vandalism"
0 57 115 156 210 753 0 0 1 "Vandalism"
0 57 115 156 210 754 0 0 1 "Vandalism"
0 57 114 156 210 755 0 0 1 "Vandalism"
0 57 114 156 210 756 0 0 1 "Vandalism"
0 57 113 156 210 757 0 0 1 "Vandalism"
0 57 113 156 210 758 0 0 1 "Vandalism"
0 57 112 156 210 759 0 0 1 "Vandalism"
0 57 112 156 210 760 0 0 1 "Vandalism"
0 57 111 156 210 761 0 0 1 "Vandalism"
0 57 111 156 210 762 0 0 0 "Vandalism"
0 57 111 156 210 763 0 0 1 "Vandalism"
0 58 111 157 210 764 0 0 1 "Vandalism"
0 59 111 157 210 765 0 0 1 "Vandalism"
0 60 111 158 210 766 0 0 0 "Vandalism"
0 61 114 159 210 767 0 0 1 "Vandalism"
0 62 118 160 210 768 0 0 1 "Vandalism"
0 63 121 161 210 769 0 0 1 "Vandalism"
0 64 125 162 210 770 0 0 1 "Vandalism"
0 65 128 163 210 771 0 0 1 "Vandalism"
0 66 132 164 210 772 0 0 0 "Vandalism"
0 66 131 163 210 773 0 0 1 "Vandalism"
0 66 130 163 210 774 0 0 1 "Vandalism"
0 66 129 163 210 775 0 0 1 "Vandalism"
0 66 128 163 210 776 0 0 1 "Vandalism"
0 66 127 163 210 777 0 0 1 "Vandalism"
0 66 126 163 210 778 0 0 1 "Vandalism"
0 66 125 163 210 779 0 0 1 "Vandalism"
0 66 124 163 210 780 0 0 1 "Vandalism"
0 66 123 163 210 781 0 0 1 "Vandalism"
0 66 123 163 210 782 0 0 0 "Vandalism"
0 66 121 162 210 783 0 0 1 "Vandalism"
0 66 119 162 210 784 0 0 1 "Vandalism"
0 66 117 162 210 785 0 0 1 "Vandalism"
0 66 116 162 210 786 0 0 1 "Vandalism"
0 66 114 162 210 787 0 0 1 "Vandalism"
0 66 112 162 210 788 0 0 1 "Vandalism"
0 66 111 162 210 789 0 0 1 "Vandalism"
0 66 109 162 210 790 0 0 1 "Vandalism"
0 66 107 162 210 791 0 0 1 "Vandalism"
0 66 106 162 210 792 0 0 0 "Vandalism"
0 66 108 161 210 793 0 0 1 "Vandalism"
0 66 111 161 210 794 0 0 1 "Vandalism"
0 66 113 161 210 795 0 0 1 "Vandalism"
0 66 116 161 210 796 0 0 1 "Vandalism"
0 66 119 161 210 797 0 0 1 "Vandalism"
0 66 121 161 210 798 0 0 1 "Vandalism"
0 66 124 161 210 799 0 0 1 "Vandalism"
0 66 126 161 210 800 0 0 1 "Vandalism"
0 66 129 161 210 801 0 0 1 "Vandalism"
0 66 132 161 210 802 0 0 0 "Vandalism"
0 66 130 160 210 803 0 0 1 "Vandalism"
0 66 128 160 210 804 0 0 1 "Vandalism"
0 66 127 160 210 805 0 0 1 "Vandalism"
0 66 125 160 210 806 0 0 1 "Vandalism"
0 66 124 160 210 807 0 0 1 "Vandalism"
0 66 122 160 210 808 0 0 1 "Vandalism"
0 66 120 160 210 809 0 0 1 "Vandalism"
0 66 119 160 210 810 0 0 1 "Vandalism"
0 66 117 160 210 811 0 0 1 "Vandalism"
0 66 116 160 210 812 0 0 0 "Vandalism"
0 66 113 159 210 813 0 0 1 "Vandalism"
0 66 110 159 210 814 0 0 1 "Vandalism"
0 66 107 159 210 815 0 0 1 "Vandalism"
0 66 104 159 210 816 0 0 1 "Vandalism"
0 66 101 159 210 817 0 0 0 "Vandalism"
0 66 102 159 210 818 0 0 1 "Vandalism"
0 66 103 159 210 819 0 0 1 "Vandalism"
0 66 104 159 210 820 0 0 1 "Vandalism"
0 66 105 159 210 821 0 0 1 "Vandalism"
0 66 106 159 210 822 0 0 0 "Vandalism"
0 64 107 158 209 823 0 0 1 "Vandalism"
0 62 108 158 209 824 0 0 1 "Vandalism"
0 60 109 158 209 825 0 0 1 "Vandalism"
0 58 110 158 209 826 0 0 1 "Vandalism"
0 57 111 158 209 827 0 0 1 "Vandalism"
0 55 112 158 209 828 0 0 1 "Vandalism"
0 53 113 158 209 829 0 0 1 "Vandalism"
0 51 114 158 209 830 0 0 1 "Vandalism"
0 49 115 158 209 831 0 0 1 "Vandalism"
0 48 117 158 209 832 0 0 0 "Vandalism"
0 48 117 158 209 833 0 0 1 "Vandalism"
0 49 117 159 209 834 0 0 1 "Vandalism"
0 50 117 160 209 835 0 0 1 "Vandalism"
0 51 117 160 209 836 0 0 1 "Vandalism"
0 52 117 161 209 837 0 0 1 "Vandalism"
0 52 117 162 209 838 0 0 1 "Vandalism"
0 53 117 162 209 839 0 0 1 "Vandalism"
0 54 117 163 209 840 0 0 1 "Vandalism"
0 55 117 164 209 841 0 0 1 "Vandalism"
0 56 118 165 209 842 0 0 0 "Vandalism"
0 56 117 164 209 843 0 0 1 "Vandalism"
0 56 116 164 209 844 0 0 1 "Vandalism"
0 56 115 164 209 845 0 0 1 "Vandalism"
0 56 114 164 209 846 0 0 1 "Vandalism"
0 56 114 164 209 847 0 0 1 "Vandalism"
0 56 113 164 209 848 0 0 1 "Vandalism"
0 56 112 164 209 849 0 0 1 "Vandalism"
0 56 111 164 209 850 0 0 1 "Vandalism"
0 56 110 164 209 851 0 0 1 "Vandalism"
0 56 110 164 209 852 0 0 0 "Vandalism"
0 57 108 165 208 853 0 0 1 "Vandalism"
0 58 107 166 208 854 0 0 1 "Vandalism"
0 59 106 167 208 855 0 0 1 "Vandalism"
0 61 105 168 208 856 0 0 1 "Vandalism"
0 62 104 170 208 857 0 0 1 "Vandalism"
0 63 102 171 208 858 0 0 1 "Vandalism"
0 65 101 172 208 859 0 0 1 "Vandalism"
0 66 100 173 208 860 0 0 1 "Vandalism"
0 67 99 174 208 861 0 0 1 "Vandalism"
0 69 98 176 208 862 0 0 0 "Vandalism"
0 72 98 178 204 863 0 0 1 "Vandalism"
0 75 98 181 201 864 0 0 1 "Vandalism"
0 78 98 184 197 865 0 0 1 "Vandalism"
0 81 98 187 194 866 0 0 1 "Vandalism"
0 84 98 190 191 867 0 0 1 "Vandalism"
0 87 98 193 187 868 0 0 1 "Vandalism"
0 90 98 196 184 869 0 0 1 "Vandalism"
0 93 98 199 180 870 0 0 1 "Vandalism"
0 96 98 202 177 871 0 0 1 "Vandalism"
0 99 99 205 174 872 0 0 0 "Vandalism"
0 98 99 204 174 873 0 0 1 "Vandalism"
0 97 99 203 174 874 0 0 1 "Vandalism"
0 96 99 202 174 875 0 0 1 "Vandalism"
0 96 99 202 174 876 0 0 1 "Vandalism"
0 95 100 201 175 877 0 0 1 "Vandalism"
0 94 100 200 175 878 0 0 1 "Vandalism"
0 94 100 200 175 879 0 0 1 "Vandalism"
0 93 100 199 175 880 0 0 1 "Vandalism"
0 92 100 198 175 881 0 0 1 "Vandalism"
0 92 101 198 176 882 0 0 0 "Vandalism"
0 90 101 196 177 883 0 0 1 "Vandalism"
0 89 101 194 179 884 0 0 1 "Vandalism"
0 87 101 193 181 885 0 0 1 "Vandalism"
0 86 101 191 182 886 0 0 1 "Vandalism"
0 84 101 190 184 887 0 0 1 "Vandalism"
0 83 101 188 186 888 0 0 1 "Vandalism"
0 81 101 186 187 889 0 0 1 "Vandalism"
0 80 101 185 189 890 0 0 1 "Vandalism"
0 78 101 183 191 891 0 0 1 "Vandalism"
0 77 101 182 193 892 0 0 0 "Vandalism"
0 76 101 180 194 893 0 0 1 "Vandalism"
0 75 101 179 196 894 0 0 1 "Vandalism"
0 74 101 178 197 895 0 0 1 "Vandalism"
0 73 101 176 199 896 0 0 1 "Vandalism"
0 72 101 175 201 897 0 0 1 "Vandalism"
0 71 101 174 202 898 0 0 1 "Vandalism"
0 70 101 172 204 899 0 0 1 "Vandalism"
0 69 101 171 205 900 0 0 1 "Vandalism"
0 68 101 170 207 901 0 0 1 "Vandalism"
0 68 101 169 209 902 0 0 0 "Vandalism"
0 69 100 170 208 903 0 0 1 "Vandalism"
0 71 100 172 208 904 0 0 1 "Vandalism"
0 72 100 173 208 905 0 0 1 "Vandalism"
0 74 99 175 207 906 0 0 1 "Vandalism"
0 75 99 176 207 907 0 0 1 "Vandalism"
0 77 99 178 207 908 0 0 1 "Vandalism"
0 78 98 179 206 909 0 0 1 "Vandalism"
0 80 98 181 206 910 0 0 1 "Vandalism"
0 81 98 182 206 911 0 0 1 "Vandalism"
0 83 98 184 206 912 0 0 0 "Vandalism"
0 84 97 185 205 913 0 0 1 "Vandalism"
0 86 96 187 204 914 0 0 1 "Vandalism"
0 87 95 188 203 915 0 0 1 "Vandalism"
0 89 94 190 202 916 0 0 1 "Vandalism"
0 91 93 192 201 917 0 0 1 "Vandalism"
0 92 92 193 200 918 0 0 1 "Vandalism"
0 94 91 195 199 919 0 0 1 "Vandalism"
0 95 90 196 198 920 0 0 1 "Vandalism"
0 97 89 198 197 921 0 0 1 "Vandalism"
0 99 88 200 196 922 0 0 0 "Vandalism"
0 98 88 199 195 923 0 0 1 "Vandalism"
0 98 88 198 194 924 0 0 1 "Vandalism"
0 97 88 198 193 925 0 0 1 "Vandalism"
0 97 88 197 192 926 0 0 1 "Vandalism"
0 96 88 197 191 927 0 0 1 "Vandalism"
0 96 88 196 190 928 0 0 1 "Vandalism"
0 95 88 195 189 929 0 0 1 "Vandalism"
0 95 88 195 188 930 0 0 1 "Vandalism"
0 94 88 194 187 931 0 0 1 "Vandalism"
0 94 88 194 186 932 0 0 0 "Vandalism"
0 93 88 193 186 933 0 0 1 "Vandalism"
0 92 88 192 187 934 0 0 1 "Vandalism"
0 91 88 191 187 935 0 0 1 "Vandalism"
0 90 88 190 188 936 0 0 1 "Vandalism"
0 90 88 189 188 937 0 0 1 "Vandalism"
0 89 88 188 189 938 0 0 1 "Vandalism"
0 88 88 187 189 939 0 0 1 "Vandalism"
0 87 88 186 190 940 0 0 1 "Vandalism"
0 86 88 185 190 941 0 0 1 "Vandalism"
0 86 89 185 191 942 0 0 0 "Vandalism"
0 84 89 183 191 943 0 0 1 "Vandalism"
0 82 90 181 192 944 0 0 1 "Vandalism"
0 80 91 179 193 945 0 0 1 "Vandalism"
0 78 92 177 194 946 0 0 1 "Vandalism"
0 76 93 175 195 947 0 0 1 "Vandalism"
0 74 93 173 195 948 0 0 1 "Vandalism"
0 72 94 171 196 949 0 0 1 "Vandalism"
0 70 95 169 197 950 0 0 1 "Vandalism"
0 68 96 167 198 951 0 0 1 "Vandalism"
0 66 97 165 199 952 0 0 0 "Vandalism"
0 65 99 164 198 953 0 0 1 "Vandalism"
0 65 101 164 198 954 0 0 1 "Vandalism"
0 65 103 163 198 955 0 0 1 "Vandalism"
0 64 106 163 198 956 0 0 1 "Vandalism"
0 64 108 163 198 957 0 0 1 "Vandalism"
0 64 110 162 197 958 0 0 1 "Vandalism"
0 63 113 162 197 959 0 0 1 "Vandalism"
0 63 115 161 197 960 0 0 1 "Vandalism"
0 63 117 161 197 961 0 0 1 "Vandalism"
0 63 120 161 197 962 0 0 0 "Vandalism"
0 62 120 160 197 963 0 0 1 "Vandalism"
0 62 120 160 197 964 0 0 1 "Vandalism"
0 62 120 160 197 965 0 0 1 "Vandalism"
0 61 120 159 197 966 0 0 1 "Vandalism"
0 61 120 159 197 967 0 0 1 "Vandalism"
0 61 120 159 197 968 0 0 1 "Vandalism"
0 60 120 158 197 969 0 0 1 "Vandalism"
0 60 120 158 197 970 0 0 1 "Vandalism"
0 60 120 158 197 971 0 0 1 "Vandalism"
0 60 120 158 197 972 0 0 0 "Vandalism"
0 59 117 157 196 973 0 0 1 "Vandalism"
0 59 115 156 195 974 0 0 1 "Vandalism"
0 58 113 156 194 975 0 0 1 "Vandalism"
0 58 111 155 194 976 0 0 1 "Vandalism"
0 57 109 155 193 977 0 0 1 "Vandalism"
0 57 107 154 192 978 0 0 1 "Vandalism"
0 56 105 153 192 979 0 0 1 "Vandalism"
0 56 103 153 191 980 0 0 1 "Vandalism"
0 55 101 152 190 981 0 0 1 "Vandalism"
0 55 99 152 190 982 0 0 0 "Vandalism"
0 55 96 150 187 983 0 0 1 "Vandalism"
0 55 94 148 184 984 0 0 1 "Vandalism"
0 55 91 146 182 985 0 0 1 "Vandalism"
0 56 89 144 179 986 0 0 1 "Vandalism"
0 56 86 142 177 987 0 0 1 "Vandalism"
0 56 84 140 174 988 0 0 1 "Vandalism"
0 57 81 138 171 989 0 0 1 "Vandalism"
0 57 79 136 169 990 0 0 1 "Vandalism"
0 57 76 134 166 991 0 0 1 "Vandalism"
0 58 74 132 164 992 0 0 0 "Vandalism"
0 57 73 131 163 993 0 0 1 "Vandalism"
0 57 73 131 163 994 0 0 1 "Vandalism"
0 57 72 131 162 995 0 0 1 "Vandalism"
0 56 72 130 162 996 0 0 1 "Vandalism"
0 56 72 130 162 997 0 0 1 "Vandalism"
0 56 71 130 161 998 0 0 1 "Vandalism"
0 55 71 129 161 999 0 0 1 "Vandalism"
0 55 70 129 160 1000 0 0 1 "Vandalism"
0 55 70 129 160 1001 0 0 1 "Vandalism"
0 55 70 129 160 1002 0 0 0 "Vandalism"
0 55 69 129 159 1003 0 0 1 "Vandalism"
0 55 68 129 158 1004 0 0 1 "Vandalism"
0 55 67 129 157 1005 0 0 1 "Vandalism"
0 55 66 129 156 1006 0 0 1 "Vandalism"
0 56 65 130 155 1007 0 0 1 "Vandalism"
0 56 64 130 154 1008 0 0 1 "Vandalism"
0 56 63 130 153 1009 0 0 1 "Vandalism"
0 56 62 130 152 1010 0 0 1 "Vandalism"
0 56 61 130 151 1011 0 0 1 "Vandalism"
0 57 60 131 150 1012 0 0 0 "Vandalism"
0 58 61 132 149 1013 0 0 1 "Vandalism"
0 60 62 134 148 1014 0 0 1 "Vandalism"
0 62 63 136 147 1015 0 0 1 "Vandalism"
0 64 64 137 146 1016 0 0 1 "Vandalism"
0 66 65 139 146 1017 0 0 1 "Vandalism"
0 67 66 141 145 1018 0 0 1 "Vandalism"
0 69 67 142 144 1019 0 0 1 "Vandalism"
0 71 68 144 143 1020 0 0 1 "Vandalism"
0 73 69 146 142 1021 0 0 1 "Vandalism"
0 75 71 148 142 1022 0 0 0 "Vandalism"
0 75 71 148 142 1023 0 0 1 "Vandalism"
0 75 72 148 143 1024 0 0 1 "Vandalism"
0 75 73 148 144 1025 0 0 1 "Vandalism"
0 75 74 148 145 1026 0 0 1 "Vandalism"
0 76 75 149 146 1027 0 0 1 "Vandalism"
0 76 76 149 147 1028 0 0 1 "Vandalism"
0 76 77 149 148 1029 0 0 1 "Vandalism"
0 76 78 149 149 1030 0 0 1 "Vandalism"
0 76 79 149 150 1031 0 0 1 "Vandalism"
0 77 80 150 151 1032 0 0 0 "Vandalism"
0 77 81 152 156 1033 0 0 1 "Vandalism"
0 77 83 154 161 1034 0 0 1 "Vandalism"
0 77 84 156 166 1035 0 0 1 "Vandalism"
0 77 86 158 171 1036 0 0 1 "Vandalism"
0 78 87 161 176 1037 0 0 1 "Vandalism"
0 78 89 163 181 1038 0 0 1 "Vandalism"
0 78 90 165 186 1039 0 0 1 "Vandalism"
0 78 92 167 191 1040 0 0 1 "Vandalism"
0 78 93 169 196 1041 0 0 1 "Vandalism"
0 79 95 172 201 1042 0 0 0 "Vandalism"
0 78 95 171 201 1043 0 0 1 "Vandalism"
0 78 95 171 201 1044 0 0 1 "Vandalism"
0 78 95 171 201 1045 0 0 1 "Vandalism"
0 77 95 170 201 1046 0 0 1 "Vandalism"
0 77 95 170 201 1047 0 0 1 "Vandalism"
0 77 95 170 201 1048 0 0 1 "Vandalism"
0 76 95 169 201 1049 0 0 1 "Vandalism"
0 76 95 169 201 1050 0 0 1 "Vandalism"
0 76 95 169 201 1051 0 0 1 "Vandalism"
0 76 96 169 202 1052 0 0 0 "Vandalism"
0 76 95 169 201 1053 0 0 1 "Vandalism"
0 77 95 170 201 1054 0 0 1 "Vandalism"
0 78 95 171 201 1055 0 0 1 "Vandalism"
0 78 95 171 201 1056 0 0 1 "Vandalism"
0 79 95 172 201 1057 0 0 1 "Vandalism"
0 80 95 173 201 1058 0 0 1 "Vandalism"
0 80 95 173 201 1059 0 0 1 "Vandalism"
0 81 95 174 201 1060 0 0 1 "Vandalism"
0 82 95 175 201 1061 0 0 1 "Vandalism"
0 83 95 176 201 1062 0 0 0 "Vandalism"
0 85 94 176 200 1063 0 0 1 "Vandalism"
0 88 94 177 200 1064 0 0 1 "Vandalism"
0 91 93 177 199 1065 0 0 1 "Vandalism"
0 93 93 178 199 1066 0 0 1 "Vandalism"
0 96 93 178 198 1067 0 0 1 "Vandalism"
0 99 92 179 198 1068 0 0 1 "Vandalism"
0 101 92 179 197 1069 0 0 1 "Vandalism"
0 104 91 180 197 1070 0 0 1 "Vandalism"
0 107 91 180 196 1071 0 0 1 "Vandalism"
0 110 91 181 196 1072 0 0 0 "Vandalism"
0 108 91 183 196 1073 0 0 1 "Vandalism"
0 107 91 185 196 1074 0 0 1 "Vandalism"
0 106 92 188 196 1075 0 0 1 "Vandalism"
0 104 92 190 197 1076 0 0 1 "Vandalism"
0 103 93 193 197 1077 0 0 1 "Vandalism"
0 102 93 195 197 1078 0 0 1 "Vandalism"
0 100 93 197 198 1079 0 0 1 "Vandalism"
0 99 94 200 198 1080 0 0 1 "Vandalism"
0 98 94 202 198 1081 0 0 1 "Vandalism"
0 97 95 205 199 1082 0 0 0 "Vandalism"
0 95 96 203 200 1083 0 0 1 "Vandalism"
0 93 97 201 201 1084 0 0 1 "Vandalism"
0 91 98 199 202 1085 0 0 1 "Vandalism"
0 89 99 197 203 1086 0 0 1 "Vandalism"
0 88 100 196 204 1087 0 0 1 "Vandalism"
0 86 101 194 205 1088 0 0 1 "Vandalism"
0 84 102 192 206 1089 0 0 1 "Vandalism"
0 82 103 190 207 1090 0 0 1 "Vandalism"
0 80 104 188 208 1091 0 0 1 "Vandalism"
0 79 105 187 209 1092 0 0 0 "Vandalism"
0 81 104 187 208 1093 0 0 1 "Vandalism"
0 83 103 188 207 1094 0 0 1 "Vandalism"
0 86 102 189 206 1095 0 0 1 "Vandalism"
0 88 101 190 205 1096 0 0 1 "Vandalism"
0 91 101 191 204 1097 0 0 1 "Vandalism"
0 93 100 191 203 1098 0 0 1 "Vandalism"
0 95 99 192 202 1099 0 0 1 "Vandalism"
0 98 98 193 201 1100 0 0 1 "Vandalism"
0 100 97 194 200 1101 0 0 1 "Vandalism"
0 103 97 195 200 1102 0 0 0 "Vandalism"
0 102 97 195 200 1103 0 0 1 "Vandalism"
0 102 97 196 200 1104 0 0 1 "Vandalism"
0 101 97 197 200 1105 0 0 1 "Vandalism"
0 101 97 197 200 1106 0 0 1 "Vandalism"
0 101 97 198 200 1107 0 0 1 "Vandalism"
0 100 97 199 200 1108 0 0 1 "Vandalism"
0 100 98 199 200 1109 0 0 1 "Vandalism"
0 100 98 200 200 1110 0 0 1 "Vandalism"
0 99 98 201 200 1111 0 0 1 "Vandalism"
0 99 98 202 201 1112 0 0 1 "Vandalism"
0 99 98 202 201 1113 0 0 1 "Vandalism"
0 98 98 203 201 1114 0 0 1 "Vandalism"
0 98 98 204 201 1115 0 0 1 "Vandalism"
0 98 99 204 201 1116 0 0 1 "Vandalism"
0 97 99 205 201 1117 0 0 1 "Vandalism"
0 97 99 206 201 1118 0 0 1 "Vandalism"
0 97 99 206 201 1119 0 0 1 "Vandalism"
0 96 99 207 201 1120 0 0 1 "Vandalism"
0 96 99 208 201 1121 0 0 1 "Vandalism"
0 96 100 209 202 1122 0 0 0 "Vandalism"
0 94 100 207 202 1123 0 0 1 "Vandalism"
0 92 100 205 202 1124 0 0 1 "Vandalism"
0 91 100 204 202 1125 0 0 1 "Vandalism"
0 89 101 202 203 1126 0 0 1 "Vandalism"
0 88 101 201 203 1127 0 0 1 "Vandalism"
0 86 101 199 203 1128 0 0 1 "Vandalism"
0 84 102 197 204 1129 0 0 1 "Vandalism"
0 83 102 196 204 1130 0 0 1 "Vandalism"
0 81 102 194 204 1131 0 0 1 "Vandalism"
0 80 103 193 205 1132 0 0 0 "Vandalism"
0 79 103 190 205 1133 0 0 1 "Vandalism"
0 79 103 188 205 1134 0 0 1 "Vandalism"
0 78 103 186 205 1135 0 0 1 "Vandalism"
0 78 104 184 205 1136 0 0 1 "Vandalism"
0 77 104 182 206 1137 0 0 1 "Vandalism"
0 77 104 179 206 1138 0 0 1 "Vandalism"
0 76 105 177 206 1139 0 0 1 "Vandalism"
0 76 105 175 206 1140 0 0 1 "Vandalism"
0 75 105 173 206 1141 0 0 1 "Vandalism"
0 75 106 171 207 1142 0 0 0 "Vandalism"
0 74 106 170 207 1143 0 0 1 "Vandalism"
0 73 106 169 207 1144 0 0 1 "Vandalism"
0 73 107 169 208 1145 0 0 1 "Vandalism"
0 72 107 168 208 1146 0 0 1 "Vandalism"
0 72 108 168 209 1147 0 0 1 "Vandalism"
0 71 108 167 209 1148 0 0 1 "Vandalism"
0 70 108 166 209 1149 0 0 1 "Vandalism"
0 70 109 166 210 1150 0 0 1 "Vandalism"
0 69 109 165 210 1151 0 0 1 "Vandalism"
0 69 110 165 211 1152 0 0 0 "Vandalism"
0 69 111 164 211 1153 0 0 1 "Vandalism"
0 69 112 164 211 1154 0 0 1 "Vandalism"
0 69 113 164 211 1155 0 0 1 "Vandalism"
0 69 114 164 211 1156 0 0 1 "Vandalism"
0 69 115 164 211 1157 0 0 1 "Vandalism"
0 69 116 164 211 1158 0 0 1 "Vandalism"
0 69 117 164 211 1159 0 0 1 "Vandalism"
0 69 118 164 211 1160 0 0 1 "Vandalism"
0 69 119 164 211 1161 0 0 1 "Vandalism"
0 69 120 164 211 1162 0 0 0 "Vandalism"
0 68 122 165 210 1163 0 0 1 "Vandalism"
0 68 125 167 210 1164 0 0 1 "Vandalism"
0 68 127 168 210 1165 0 0 1 "Vandalism"
0 68 130 170 210 1166 0 0 1 "Vandalism"
0 68 132 171 210 1167 0 0 1 "Vandalism"
0 68 135 173 210 1168 0 0 0 "Vandalism"
0 72 137 174 210 1169 0 0 1 "Vandalism"
0 77 140 176 210 1170 0 0 1 "Vandalism"
0 81 142 178 210 1171 0 0 1 "Vandalism"
0 86 145 180 211 1172 0 0 0 "Vandalism"
0 85 145 179 211 1173 0 0 1 "Vandalism"
0 84 145 178 211 1174 0 0 1 "Vandalism"
0 83 145 177 211 1175 0 0 1 "Vandalism"
0 82 145 176 211 1176 0 0 1 "Vandalism"
0 82 145 176 211 1177 0 0 1 "Vandalism"
0 81 145 175 211 1178 0 0 1 "Vandalism"
0 80 145 174 211 1179 0 0 1 "Vandalism"
0 79 145 173 211 1180 0 0 1 "Vandalism"
0 78 145 172 211 1181 0 0 1 "Vandalism"
0 78 145 172 211 1182 0 0 0 "Vandalism"
0 77 143 171 211 1183 0 0 1 "Vandalism"
0 77 142 171 211 1184 0 0 1 "Vandalism"
0 77 140 171 211 1185 0 0 1 "Vandalism"
0 77 139 170 211 1186 0 0 1 "Vandalism"
0 77 138 170 211 1187 0 0 1 "Vandalism"
0 76 136 170 211 1188 0 0 1 "Vandalism"
0 76 135 169 211 1189 0 0 1 "Vandalism"
0 76 133 169 211 1190 0 0 1 "Vandalism"
0 76 132 169 211 1191 0 0 1 "Vandalism"
0 76 131 169 211 1192 0 0 0 "Vandalism"
0 77 129 170 211 1193 0 0 1 "Vandalism"
0 79 127 172 211 1194 0 0 1 "Vandalism"
0 80 125 173 211 1195 0 0 1 "Vandalism"
0 82 123 175 211 1196 0 0 1 "Vandalism"
0 84 122 176 211 1197 0 0 1 "Vandalism"
0 85 120 178 211 1198 0 0 1 "Vandalism"
0 87 118 179 211 1199 0 0 1 "Vandalism"
0 88 116 181 211 1200 0 0 1 "Vandalism"
0 90 114 182 211 1201 0 0 1 "Vandalism"
0 92 113 184 211 1202 0 0 0 "Vandalism"
0 92 113 183 209 1203 0 0 1 "Vandalism"
0 92 113 183 207 1204 0 0 1 "Vandalism"
0 92 113 183 205 1205 0 0 1 "Vandalism"
0 92 113 183 203 1206 0 0 1 "Vandalism"
0 92 113 183 201 1207 0 0 1 "Vandalism"
0 92 113 183 199 1208 0 0 1 "Vandalism"
0 92 113 183 197 1209 0 0 1 "Vandalism"
0 92 113 183 195 1210 0 0 1 "Vandalism"
0 92 113 183 193 1211 0 0 1 "Vandalism"
0 92 113 183 191 1212 0 0 0 "Vandalism"
0 92 112 182 191 1213 0 0 1 "Vandalism"
0 92 112 182 192 1214 0 0 1 "Vandalism"
0 92 112 182 192 1215 0 0 1 "Vandalism"
0 92 112 182 193 1216 0 0 1 "Vandalism"
0 92 112 182 194 1217 0 0 1 "Vandalism"
0 92 111 182 194 1218 0 0 1 "Vandalism"
0 92 111 182 195 1219 0 0 1 "Vandalism"
0 92 111 182 195 1220 0 0 1 "Vandalism"
0 92 111 182 196 1221 0 0 1 "Vandalism"
0 92 111 182 197 1222 0 0 0 "Vandalism"
0 91 110 181 198 1223 0 0 1 "Vandalism"
0 90 110 180 199 1224 0 0 1 "Vandalism"
0 89 109 179 200 1225 0 0 1 "Vandalism"
0 88 109 178 202 1226 0 0 1 "Vandalism"
0 88 108 177 203 1227 0 0 1 "Vandalism"
0 87 108 176 204 1228 0 0 1 "Vandalism"
0 86 107 175 206 1229 0 0 1 "Vandalism"
0 85 107 174 207 1230 0 0 1 "Vandalism"
0 84 106 173 208 1231 0 0 1 "Vandalism"
0 84 106 173 210 1232 0 0 0 "Vandalism"
0 84 106 172 210 1233 0 0 1 "Vandalism"
0 84 107 172 210 1234 0 0 1 "Vandalism"
0 84 107 172 210 1235 0 0 1 "Vandalism"
0 84 108 172 210 1236 0 0 1 "Vandalism"
0 84 109 172 210 1237 0 0 1 "Vandalism"
0 84 109 172 210 1238 0 0 1 "Vandalism"
0 84 110 172 210 1239 0 0 1 "Vandalism"
0 84 110 172 210 1240 0 0 1 "Vandalism"
0 84 111 172 210 1241 0 0 1 "Vandalism"
0 84 112 172 210 1242 0 0 0 "Vandalism"
0 84 112 172 210 1243 0 0 1 "Vandalism"
0 84 113 172 210 1244 0 0 1 "Vandalism"
0 84 114 172 210 1245 0 0 1 "Vandalism"
0 85 114 172 210 1246 0 0 1 "Vandalism"
0 85 115 173 210 1247 0 0 1 "Vandalism"
0 85 116 173 210 1248 0 0 1 "Vandalism"
0 86 116 173 210 1249 0 0 1 "Vandalism"
0 86 117 173 210 1250 0 0 1 "Vandalism"
0 86 118 173 210 1251 0 0 1 "Vandalism"
0 87 119 174 210 1252 0 0 0 "Vandalism"
0 86 120 173 209 1253 0 0 1 "Vandalism"
0 85 121 172 209 1254 0 0 1 "Vandalism"
0 84 123 171 209 1255 0 0 1 "Vandalism"
0 83 124 170 209 1256 0 0 1 "Vandalism"
0 83 126 169 209 1257 0 0 1 "Vandalism"
0 82 127 168 208 1258 0 0 1 "Vandalism"
0 81 128 167 208 1259 0 0 1 "Vandalism"
0 80 130 166 208 1260 0 0 1 "Vandalism"
0 79 131 165 208 1261 0 0 1 "Vandalism"
0 79 133 165 208 1262 0 0 0 "Vandalism"
0 78 133 166 208 1263 0 0 1 "Vandalism"
0 77 133 167 208 1264 0 0 1 "Vandalism"
0 76 133 168 208 1265 0 0 1 "Vandalism"
0 75 133 169 208 1266 0 0 1 "Vandalism"
0 75 134 170 208 1267 0 0 1 "Vandalism"
0 74 134 171 208 1268 0 0 1 "Vandalism"
0 73 134 172 208 1269 0 0 1 "Vandalism"
0 72 134 173 208 1270 0 0 1 "Vandalism"
0 71 134 174 208 1271 0 0 1 "Vandalism"
0 71 135 175 209 1272 0 0 0 "Vandalism"
0 71 136 174 209 1273 0 0 1 "Vandalism"
0 71 138 174 209 1274 0 0 1 "Vandalism"
0 71 140 174 209 1275 0 0 1 "Vandalism"
0 71 141 174 209 1276 0 0 1 "Vandalism"
0 71 143 174 209 1277 0 0 1 "Vandalism"
0 71 145 174 209 1278 0 0 1 "Vandalism"
0 71 146 174 209 1279 0 0 1 "Vandalism"
0 71 148 174 209 1280 0 0 1 "Vandalism"
0 71 150 174 209 1281 0 0 1 "Vandalism"
0 71 152 174 209 1282 0 0 0 "Vandalism"
0 73 151 176 209 1283 0 0 1 "Vandalism"
0 75 150 178 209 1284 0 0 1 "Vandalism"
0 77 149 180 209 1285 0 0 1 "Vandalism"
0 80 149 182 209 1286 0 0 1 "Vandalism"
0 82 148 185 209 1287 0 0 1 "Vandalism"
0 84 147 187 209 1288 0 0 1 "Vandalism"
0 87 147 189 209 1289 0 0 1 "Vandalism"
0 89 146 191 209 1290 0 0 1 "Vandalism"
0 91 145 193 209 1291 0 0 1 "Vandalism"
0 94 145 196 210 1292 0 0 0 "Vandalism"
0 95 144 197 210 1293 0 0 1 "Vandalism"
0 97 143 199 210 1294 0 0 1 "Vandalism"
0 99 142 201 210 1295 0 0 1 "Vandalism"
0 101 141 203 210 1296 0 0 1 "Vandalism"
0 103 140 205 210 1297 0 0 1 "Vandalism"
0 105 139 206 210 1298 0 0 1 "Vandalism"
0 107 138 208 210 1299 0 0 1 "Vandalism"
0 109 137 210 210 1300 0 0 1 "Vandalism"
0 111 136 212 210 1301 0 0 1 "Vandalism"
0 113 135 214 210 1302 0 0 0 "Vandalism"
0 113 137 212 209 1303 0 0 1 "Vandalism"
0 113 139 211 209 1304 0 0 1 "Vandalism"
0 113 141 210 209 1305 0 0 1 "Vandalism"
0 113 143 209 209 1306 0 0 1 "Vandalism"
0 113 145 208 209 1307 0 0 1 "Vandalism"
0 113 147 206 208 1308 0 0 1 "Vandalism"
0 113 149 205 208 1309 0 0 1 "Vandalism"
0 113 151 204 208 1310 0 0 1 "Vandalism"
0 113 153 203 208 1311 0 0 1 "Vandalism"
0 113 155 202 208 1312 0 0 0 "Vandalism"
0 113 155 212 208 1313 0 0 1 "Vandalism"
0 113 155 222 208 1314 0 0 1 "Vandalism"
0 113 155 233 208 1315 0 0 1 "Vandalism"
0 113 156 243 208 1316 0 0 1 "Vandalism"
0 114 156 254 209 1317 0 0 1 "Vandalism"
0 114 156 264 209 1318 0 0 1 "Vandalism"
0 114 157 274 209 1319 0 0 1 "Vandalism"
0 114 157 285 209 1320 0 0 1 "Vandalism"
0 114 157 295 209 1321 0 0 1 "Vandalism"
0 115 158 306 210 1322 0 0 0 "Vandalism"
0 115 158 306 210 1323 0 0 1 "Vandalism"
0 115 158 306 210 1324 0 0 1 "Vandalism"
0 115 158 306 210 1325 0 0 1 "Vandalism"
0 115 158 306 210 1326 0 0 1 "Vandalism"
0 115 158 306 210 1327 0 0 1 "Vandalism"
0 115 158 306 210 1328 0 0 1 "Vandalism"
0 115 158 306 210 1329 0 0 1 "Vandalism"
0 115 158 306 210 1330 0 0 1 "Vandalism"
0 115 158 306 210 1331 0 0 1 "Vandalism"
0 115 158 306 210 1332 0 0 1 "Vandalism"
0 115 158 306 210 1333 0 0 1 "Vandalism"
0 115 158 306 210 1334 0 0 1 "Vandalism"
0 115 158 306 210 1335 0 0 1 "Vandalism"
0 115 158 306 210 1336 0 0 1 "Vandalism"
0 115 158 306 210 1337 0 0 1 "Vandalism"
0 115 158 306 210 1338 0 0 1 "Vandalism"
0 115 158 306 210 1339 0 0 1 "Vandalism"
0 115 158 306 210 1340 0 0 1 "Vandalism"
0 115 158 306 210 1341 0 0 1 "Vandalism"
0 115 158 306 210 1342 0 0 1 "Vandalism"
0 115 158 306 210 1343 0 0 1 "Vandalism"
0 115 158 306 210 1344 0 0 1 "Vandalism"
0 115 158 306 210 1345 0 0 1 "Vandalism"
0 115 158 306 210 1346 0 0 1 "Vandalism"
0 115 158 306 210 1347 0 0 1 "Vandalism"
0 115 158 306 210 1348 0 0 1 "Vandalism"
0 115 158 306 210 1349 0 0 1 "Vandalism"
0 115 158 306 210 1350 0 0 1 "Vandalism"
0 115 158 306 210 1351 0 0 1 "Vandalism"
0 115 158 306 210 1352 0 0 1 "Vandalism"
0 115 158 306 210 1353 0 0 1 "Vandalism"
0 115 158 306 210 1354 0 0 1 "Vandalism"
0 115 158 306 210 1355 0 0 1 "Vandalism"
0 115 158 306 210 1356 1 0 0 "Vandalism"
0 115 158 306 210 1357 1 0 1 "Vandalism"
0 115 158 306 210 1358 1 0 1 "Vandalism"
0 115 158 306 210 1359 1 0 1 "Vandalism"
0 115 158 306 210 1360 1 0 1 "Vandalism"
0 115 158 306 210 1361 1 0 1 "Vandalism"
0 115 158 306 210 1362 1 0 0 "Vandalism"
0 114 156 303 209 1363 1 0 1 "Vandalism"
0 113 155 301 208 1364 1 0 1 "Vandalism"
0 112 154 298 208 1365 1 0 1 "Vandalism"
0 111 153 296 207 1366 1 0 1 "Vandalism"
0 111 152 294 206 1367 1 0 1 "Vandalism"
0 110 151 291 206 1368 1 0 1 "Vandalism"
0 109 150 289 205 1369 1 0 1 "Vandalism"
0 108 148 287 205 1370 1 0 1 "Vandalism"
0 108 147 284 204 1371 1 0 1 "Vandalism"
0 107 146 282 203 1372 1 0 1 "Vandalism"
0 106 145 280 203 1373 1 0 1 "Vandalism"
0 105 144 277 202 1374 1 0 1 "Vandalism"
0 104 143 275 201 1375 1 0 1 "Vandalism"
0 104 142 273 201 1376 1 0 1 "Vandalism"
0 103 140 270 200 1377 1 0 1 "Vandalism"
0 102 139 268 200 1378 1 0 1 "Vandalism"
0 101 138 266 199 1379 1 0 1 "Vandalism"
0 101 137 263 198 1380 1 0 1 "Vandalism"
0 100 136 261 198 1381 1 0 1 "Vandalism"
0 99 135 258 197 1382 1 0 1 "Vandalism"
0 98 134 256 196 1383 1 0 1 "Vandalism"
0 98 133 254 196 1384 1 0 1 "Vandalism"
0 97 131 251 195 1385 1 0 1 "Vandalism"
0 96 130 249 195 1386 1 0 1 "Vandalism"
0 95 129 247 194 1387 1 0 1 "Vandalism"
0 94 128 244 193 1388 1 0 1 "Vandalism"
0 94 127 242 193 1389 1 0 1 "Vandalism"
0 93 126 240 192 1390 1 0 1 "Vandalism"
0 92 125 237 191 1391 1 0 1 "Vandalism"
0 91 123 235 191 1392 1 0 1 "Vandalism"
0 91 122 233 190 1393 1 0 1 "Vandalism"
0 90 121 230 190 1394 1 0 1 "Vandalism"
0 89 120 228 189 1395 1 0 1 "Vandalism"
0 88 119 226 188 1396 1 0 1 "Vandalism"
0 88 118 223 188 1397 1 0 1 "Vandalism"
0 87 117 221 187 1398 1 0 1 "Vandalism"
0 86 116 219 187 1399 1 0 1 "Vandalism"
0 85 114 216 186 1400 1 0 1 "Vandalism"
0 84 113 214 185 1401 1 0 1 "Vandalism"
0 84 112 211 185 1402 1 0 1 "Vandalism"
0 83 111 209 184 1403 1 0 1 "Vandalism"
0 82 110 207 183 1404 1 0 1 "Vandalism"
0 81 109 204 183 1405 1 0 1 "Vandalism"
0 81 108 202 182 1406 1 0 1 "Vandalism"
0 80 106 200 182 1407 1 0 1 "Vandalism"
0 79 105 197 181 1408 1 0 1 "Vandalism"
0 78 104 195 180 1409 1 0 1 "Vandalism"
0 78 103 193 180 1410 1 0 1 "Vandalism"
0 77 102 190 179 1411 1 0 1 "Vandalism"
0 76 101 188 178 1412 1 0 1 "Vandalism"
0 75 100 186 178 1413 1 0 1 "Vandalism"
0 74 98 183 177 1414 1 0 1 "Vandalism"
0 74 97 181 177 1415 1 0 1 "Vandalism"
0 73 96 179 176 1416 1 0 1 "Vandalism"
0 72 95 176 175 1417 1 0 1 "Vandalism"
0 71 94 174 175 1418 1 0 1 "Vandalism"
0 71 93 171 174 1419 1 0 1 "Vandalism"
0 70 92 169 173 1420 1 0 1 "Vandalism"
0 69 91 167 173 1421 1 0 1 "Vandalism"
0 68 89 164 172 1422 1 0 1 "Vandalism"
0 68 88 162 172 1423 1 0 1 "Vandalism"
0 67 87 160 171 1424 1 0 1 "Vandalism"
0 66 86 157 170 1425 1 0 1 "Vandalism"
0 65 85 155 170 1426 1 0 1 "Vandalism"
0 64 84 153 169 1427 1 0 1 "Vandalism"
0 64 83 150 168 1428 1 0 1 "Vandalism"
0 63 81 148 168 1429 1 0 1 "Vandalism"
0 62 80 146 167 1430 1 0 1 "Vandalism"
0 61 79 143 167 1431 1 0 1 "Vandalism"
0 61 78 141 166 1432 1 0 1 "Vandalism"
0 60 77 139 165 1433 1 0 1 "Vandalism"
0 59 76 136 165 1434 1 0 1 "Vandalism"
0 58 75 134 164 1435 1 0 1 "Vandalism"
0 58 74 132 164 1436 1 0 0 "Vandalism"
