0 46 96 143 210 0 1 0 0 "Vandalism"
0 46 96 143 210 1 1 0 1 "Vandalism"
0 46 96 143 210 2 1 0 1 "Vandalism"
0 46 96 143 210 3 1 0 1 "Vandalism"
0 46 96 143 210 4 1 0 1 "Vandalism"
0 46 96 143 210 5 1 0 1 "Vandalism"
0 46 96 143 210 6 1 0 1 "Vandalism"
0 46 96 143 210 7 1 0 1 "Vandalism"
0 46 96 143 210 8 1 0 1 "Vandalism"
0 46 96 143 210 9 1 0 1 "Vandalism"
0 46 96 143 210 10 1 0 1 "Vandalism"
0 46 96 143 210 11 1 0 1 "Vandalism"
0 46 96 143 210 12 1 0 1 "Vandalism"
0 46 96 143 210 13 1 0 1 "Vandalism"
0 46 96 143 210 14 1 0 1 "Vandalism"
0 46 96 143 210 15 1 0 1 "Vandalism"
0 46 96 143 210 16 1 0 1 "Vandalism"
0 46 96 143 210 17 1 0 1 "Vandalism"
0 46 96 143 210 18 1 0 1 "Vandalism"
0 46 96 143 210 19 1 0 1 "Vandalism"
0 46 96 143 210 20 1 0 1 "Vandalism"
0 46 96 143 210 21 1 0 1 "Vandalism"
0 46 96 143 210 22 1 0 1 "Vandalism"
0 46 96 143 210 23 1 0 1 "Vandalism"
0 46 96 143 210 24 1 0 1 "Vandalism"
0 46 96 143 210 25 1 0 1 "Vandalism"
0 46 96 143 210 26 1 0 1 "Vandalism"
0 46 96 143 210 27 1 0 1 "Vandalism"
0 46 96 143 210 28 1 0 1 "Vandalism"
0 46 96 143 210 29 1 0 1 "Vandalism"
0 46 96 143 210 30 1 0 1 "Vandalism"
0 46 96 143 210 31 1 0 1 "Vandalism"
0 46 96 143 210 32 1 0 1 "Vandalism"
0 46 96 143 210 33 1 0 1 "Vandalism"
0 46 96 143 210 34 1 0 1 "Vandalism"
0 46 96 143 210 35 1 0 1 "Vandalism"
0 46 96 143 210 36 1 0 1 "Vandalism"
0 46 96 143 210 37 1 0 1 "Vandalism"
0 46 96 143 210 38 1 0 1 "Vandalism"
0 46 96 143 210 39 1 0 1 "Vandalism"
0 46 96 143 210 40 1 0 1 "Vandalism"
0 46 96 143 210 41 1 0 1 "Vandalism"
0 46 96 143 210 42 1 0 1 "Vandalism"
0 46 96 143 210 43 1 0 1 "Vandalism"
0 46 96 143 210 44 1 0 1 "Vandalism"
0 46 96 143 210 45 1 0 1 "Vandalism"
0 46 96 143 210 46 1 0 1 "Vandalism"
0 46 96 143 210 47 1 0 1 "Vandalism"
0 46 96 143 210 48 1 0 1 "Vandalism"
0 46 96 143 210 49 1 0 1 "Vandalism"
0 46 96 143 210 50 1 0 1 "Vandalism"
0 46 96 143 210 51 1 0 1 "Vandalism"
0 46 96 143 210 52 1 0 1 "Vandalism"
0 46 96 143 210 53 1 0 1 "Vandalism"
0 46 96 143 210 54 1 0 1 "Vandalism"
0 46 96 143 210 55 1 0 1 "Vandalism"
0 46 96 143 210 56 1 0 1 "Vandalism"
0 46 96 143 210 57 1 0 1 "Vandalism"
0 46 96 143 210 58 1 0 1 "Vandalism"
0 46 96 143 210 59 1 0 1 "Vandalism"
0 46 96 143 210 60 1 0 1 "Vandalism"
0 46 96 143 210 61 1 0 1 "Vandalism"
0 46 96 143 210 62 1 0 1 "Vandalism"
0 46 96 143 210 63 1 0 1 "Vandalism"
0 46 96 143 210 64 1 0 1 "Vandalism"
0 46 96 143 210 65 1 0 1 "Vandalism"
0 46 96 143 210 66 1 0 1 "Vandalism"
0 46 96 143 210 67 1 0 1 "Vandalism"
0 46 96 143 210 68 1 0 1 "Vandalism"
0 46 96 143 210 69 1 0 1 "Vandalism"
0 46 96 143 210 70 1 0 1 "Vandalism"
0 46 96 143 210 71 1 0 1 "Vandalism"
0 46 96 143 210 72 1 0 1 "Vandalism"
0 46 96 143 210 73 1 0 1 "Vandalism"
0 46 96 143 210 74 1 0 1 "Vandalism"
0 46 96 143 210 75 1 0 1 "Vandalism"
0 46 96 143 210 76 1 0 1 "Vandalism"
0 46 96 143 210 77 1 0 1 "Vandalism"
0 46 96 143 210 78 1 0 1 "Vandalism"
0 46 96 143 210 79 1 0 1 "Vandalism"
0 46 96 143 210 80 1 0 1 "Vandalism"
0 46 96 143 210 81 1 0 1 "Vandalism"
0 46 96 143 210 82 1 0 1 "Vandalism"
0 46 96 143 210 83 1 0 1 "Vandalism"
0 46 96 143 210 84 1 0 1 "Vandalism"
0 46 96 143 210 85 1 0 1 "Vandalism"
0 46 96 143 210 86 1 0 1 "Vandalism"
0 46 96 143 210 87 1 0 1 "Vandalism"
0 46 96 143 210 88 1 0 1 "Vandalism"
0 46 96 143 210 89 1 0 1 "Vandalism"
0 46 96 143 210 90 1 0 1 "Vandalism"
0 46 96 143 210 91 1 0 1 "Vandalism"
0 46 96 143 210 92 1 0 1 "Vandalism"
0 46 96 143 210 93 1 0 1 "Vandalism"
0 46 96 143 210 94 1 0 1 "Vandalism"
0 46 96 143 210 95 1 0 1 "Vandalism"
0 46 96 143 210 96 1 0 1 "Vandalism"
0 46 96 143 210 97 1 0 1 "Vandalism"
0 46 96 143 210 98 1 0 1 "Vandalism"
0 46 96 143 210 99 1 0 1 "Vandalism"
0 46 96 143 210 100 1 0 1 "Vandalism"
0 46 96 143 210 101 1 0 1 "Vandalism"
0 46 96 143 210 102 1 0 1 "Vandalism"
0 46 96 143 210 103 1 0 1 "Vandalism"
0 46 96 143 210 104 1 0 1 "Vandalism"
0 46 96 143 210 105 1 0 1 "Vandalism"
0 46 96 143 210 106 1 0 1 "Vandalism"
0 46 96 143 210 107 1 0 1 "Vandalism"
0 46 96 143 210 108 1 0 1 "Vandalism"
0 46 96 143 210 109 1 0 1 "Vandalism"
0 46 96 143 210 110 1 0 1 "Vandalism"
0 46 96 143 210 111 1 0 1 "Vandalism"
0 46 96 143 210 112 1 0 1 "Vandalism"
0 46 96 143 210 113 1 0 1 "Vandalism"
0 46 96 143 210 114 1 0 1 "Vandalism"
0 46 96 143 210 115 1 0 1 "Vandalism"
0 46 96 143 210 116 1 0 1 "Vandalism"
0 46 96 143 210 117 1 0 1 "Vandalism"
0 46 96 143 210 118 1 0 1 "Vandalism"
0 46 96 143 210 119 1 0 1 "Vandalism"
0 46 96 143 210 120 1 0 1 "Vandalism"
0 46 96 143 210 121 1 0 1 "Vandalism"
0 46 96 143 210 122 1 0 1 "Vandalism"
0 46 96 143 210 123 1 0 1 "Vandalism"
0 46 96 143 210 124 1 0 1 "Vandalism"
0 46 96 143 210 125 1 0 1 "Vandalism"
0 46 96 143 210 126 1 0 1 "Vandalism"
0 46 96 143 210 127 1 0 1 "Vandalism"
0 46 96 143 210 128 1 0 1 "Vandalism"
0 46 96 143 210 129 1 0 1 "Vandalism"
0 46 96 143 210 130 1 0 1 "Vandalism"
0 46 96 143 210 131 1 0 1 "Vandalism"
0 46 96 143 210 132 1 0 1 "Vandalism"
0 46 96 143 210 133 1 0 1 "Vandalism"
0 46 96 143 210 134 1 0 1 "Vandalism"
0 46 96 143 210 135 1 0 1 "Vandalism"
0 46 96 143 210 136 1 0 1 "Vandalism"
0 46 96 143 210 137 1 0 1 "Vandalism"
0 46 96 143 210 138 1 0 1 "Vandalism"
0 46 96 143 210 139 1 0 1 "Vandalism"
0 46 96 143 210 140 1 0 1 "Vandalism"
0 46 96 143 210 141 1 0 1 "Vandalism"
0 46 96 143 210 142 1 0 1 "Vandalism"
0 46 96 143 210 143 1 0 1 "Vandalism"
0 46 96 143 210 144 1 0 1 "Vandalism"
0 46 96 143 210 145 1 0 1 "Vandalism"
0 46 96 143 210 146 1 0 1 "Vandalism"
0 46 96 143 210 147 1 0 1 "Vandalism"
0 46 96 143 210 148 1 0 1 "Vandalism"
0 46 96 143 210 149 1 0 1 "Vandalism"
0 46 96 143 210 150 1 0 1 "Vandalism"
0 46 96 143 210 151 1 0 1 "Vandalism"
0 46 96 143 210 152 1 0 1 "Vandalism"
0 46 96 143 210 153 1 0 1 "Vandalism"
0 46 96 143 210 154 1 0 1 "Vandalism"
0 46 96 143 210 155 1 0 1 "Vandalism"
0 46 96 143 210 156 1 0 1 "Vandalism"
0 46 96 143 210 157 1 0 1 "Vandalism"
0 46 96 143 210 158 1 0 1 "Vandalism"
0 46 96 143 210 159 1 0 1 "Vandalism"
0 46 96 143 210 160 1 0 1 "Vandalism"
0 46 96 143 210 161 1 0 1 "Vandalism"
0 46 96 143 210 162 1 0 1 "Vandalism"
0 46 96 143 210 163 1 0 1 "Vandalism"
0 46 96 143 210 164 1 0 1 "Vandalism"
0 46 96 143 210 165 1 0 1 "Vandalism"
0 46 96 143 210 166 1 0 1 "Vandalism"
0 46 96 143 210 167 1 0 1 "Vandalism"
0 46 96 143 210 168 1 0 1 "Vandalism"
0 46 96 143 210 169 1 0 1 "Vandalism"
0 46 96 143 210 170 0 0 0 "Vandalism"
0 46 96 146 209 171 0 0 1 "Vandalism"
0 46 97 149 209 172 0 0 1 "Vandalism"
0 46 97 152 209 173 0 0 1 "Vandalism"
0 46 98 155 209 174 0 0 1 "Vandalism"
0 46 99 159 209 175 0 0 1 "Vandalism"
0 46 99 162 209 176 0 0 1 "Vandalism"
0 46 100 165 209 177 0 0 1 "Vandalism"
0 46 100 168 209 178 0 0 1 "Vandalism"
0 46 101 171 209 179 0 0 1 "Vandalism"
0 46 102 175 209 180 0 0 0 "Vandalism"
0 45 99 173 209 181 0 0 1 "Vandalism"
0 45 97 172 209 182 0 0 1 "Vandalism"
0 45 94 170 209 183 0 0 1 "Vandalism"
0 44 92 169 209 184 0 0 1 "Vandalism"
0 44 90 168 209 185 0 0 1 "Vandalism"
0 44 87 166 209 186 0 0 1 "Vandalism"
0 43 85 165 209 187 0 0 1 "Vandalism"
0 43 82 163 209 188 0 0 1 "Vandalism"
0 43 80 162 209 189 0 0 1 "Vandalism"
0 43 78 161 209 190 0 0 0 "Vandalism"
0 41 78 159 209 191 0 0 1 "Vandalism"
0 40 78 158 209 192 0 0 1 "Vandalism"
0 39 78 157 209 193 0 0 1 "Vandalism"
0 37 78 155 209 194 0 0 1 "Vandalism"
0 36 78 154 209 195 0 0 1 "Vandalism"
0 35 78 153 209 196 0 0 1 "Vandalism"
0 33 78 151 209 197 0 0 1 "Vandalism"
0 32 78 150 209 198 0 0 1 "Vandalism"
0 31 78 149 209 199 0 0 1 "Vandalism"
0 30 79 148 210 200 0 0 0 "Vandalism"
0 29 79 155 209 201 0 0 1 "Vandalism"
0 28 79 163 209 202 0 0 1 "Vandalism"
0 27 79 171 209 203 0 0 1 "Vandalism"
0 27 79 179 209 204 0 0 1 "Vandalism"
0 26 79 187 209 205 0 0 1 "Vandalism"
0 25 79 195 209 206 0 0 1 "Vandalism"
0 25 79 203 209 207 0 0 1 "Vandalism"
0 24 79 211 209 208 0 0 1 "Vandalism"
0 23 79 219 209 209 0 0 1 "Vandalism"
0 23 79 227 209 210 0 0 0 "Vandalism"
0 23 79 230 208 211 0 0 1 "Vandalism"
0 23 79 234 208 212 0 0 1 "Vandalism"
0 23 79 238 208 213 0 0 1 "Vandalism"
0 23 79 241 208 214 0 0 1 "Vandalism"
0 23 79 245 208 215 0 0 1 "Vandalism"
0 23 79 249 208 216 0 0 1 "Vandalism"
0 23 79 252 208 217 0 0 1 "Vandalism"
0 23 79 256 208 218 0 0 1 "Vandalism"
0 23 79 260 208 219 0 0 1 "Vandalism"
0 23 79 264 208 220 0 0 0 "Vandalism"
0 23 79 265 208 221 0 0 1 "Vandalism"
0 23 79 266 208 222 0 0 1 "Vandalism"
0 23 79 267 208 223 0 0 1 "Vandalism"
0 23 79 268 208 224 0 0 1 "Vandalism"
0 23 80 270 208 225 0 0 1 "Vandalism"
0 23 80 271 208 226 0 0 1 "Vandalism"
0 23 80 272 208 227 0 0 1 "Vandalism"
0 23 80 273 208 228 0 0 1 "Vandalism"
0 23 80 274 208 229 0 0 1 "Vandalism"
0 24 81 276 209 230 0 0 0 "Vandalism"
0 24 81 278 208 231 0 0 1 "Vandalism"
0 24 81 281 208 232 0 0 1 "Vandalism"
0 24 81 283 208 233 0 0 1 "Vandalism"
0 24 81 286 207 234 0 0 1 "Vandalism"
0 24 81 288 207 235 0 0 1 "Vandalism"
0 24 81 291 207 236 0 0 0 "Vandalism"
0 24 76 290 207 237 0 0 1 "Vandalism"
0 24 72 290 207 238 0 0 1 "Vandalism"
0 24 68 289 207 239 0 0 1 "Vandalism"
0 24 64 289 207 240 0 0 0 "Vandalism"
0 24 64 288 206 241 0 0 1 "Vandalism"
0 24 64 288 206 242 0 0 1 "Vandalism"
0 24 65 288 206 243 0 0 1 "Vandalism"
0 24 65 288 206 244 0 0 1 "Vandalism"
0 24 66 288 206 245 0 0 1 "Vandalism"
0 24 66 287 206 246 0 0 1 "Vandalism"
0 24 66 287 206 247 0 0 1 "Vandalism"
0 24 67 287 206 248 0 0 1 "Vandalism"
0 24 67 287 206 249 0 0 1 "Vandalism"
0 24 68 287 206 250 0 0 1 "Vandalism"
0 24 68 287 206 251 0 0 1 "Vandalism"
0 24 68 286 206 252 0 0 1 "Vandalism"
0 24 69 286 206 253 0 0 1 "Vandalism"
0 24 69 286 206 254 0 0 1 "Vandalism"
0 24 70 286 206 255 0 0 1 "Vandalism"
0 24 70 286 206 256 0 0 1 "Vandalism"
0 24 70 285 206 257 0 0 1 "Vandalism"
0 24 71 285 206 258 0 0 1 "Vandalism"
0 24 71 285 206 259 0 0 1 "Vandalism"
0 24 72 285 206 260 0 0 1 "Vandalism"
0 24 72 285 206 261 0 0 1 "Vandalism"
0 24 73 285 206 262 0 0 0 "Vandalism"
0 24 72 284 205 263 0 0 1 "Vandalism"
0 24 72 284 205 264 0 0 1 "Vandalism"
0 24 71 284 205 265 0 0 1 "Vandalism"
0 24 71 283 205 266 0 0 1 "Vandalism"
0 24 71 283 205 267 0 0 1 "Vandalism"
0 24 70 283 205 268 0 0 1 "Vandalism"
0 24 70 283 205 269 0 0 1 "Vandalism"
0 24 70 282 205 270 0 0 1 "Vandalism"
0 24 69 282 205 271 0 0 1 "Vandalism"
0 24 69 282 205 272 0 0 1 "Vandalism"
0 24 68 282 205 273 0 0 1 "Vandalism"
0 24 68 281 205 274 0 0 1 "Vandalism"
0 24 68 281 205 275 0 0 1 "Vandalism"
0 24 67 281 205 276 0 0 1 "Vandalism"
0 24 67 281 205 277 0 0 1 "Vandalism"
0 24 67 280 205 278 0 0 1 "Vandalism"
0 24 66 280 205 279 0 0 1 "Vandalism"
0 24 66 280 205 280 0 0 1 "Vandalism"
0 24 66 280 205 281 0 0 0 "Vandalism"
0 24 65 271 205 282 0 0 1 "Vandalism"
0 24 65 262 205 283 0 0 1 "Vandalism"
0 24 65 253 205 284 0 0 1 "Vandalism"
0 24 64 244 205 285 0 0 1 "Vandalism"
0 24 64 235 206 286 0 0 1 "Vandalism"
0 24 64 226 206 287 0 0 1 "Vandalism"
0 24 63 217 206 288 0 0 1 "Vandalism"
0 24 63 208 206 289 0 0 1 "Vandalism"
0 24 63 199 207 290 0 0 0 "Vandalism"
0 24 63 199 207 291 0 0 1 "Vandalism"
0 24 63 199 207 292 0 0 1 "Vandalism"
0 24 63 199 207 293 0 0 1 "Vandalism"
0 24 64 199 208 294 0 0 1 "Vandalism"
0 24 64 199 208 295 0 0 1 "Vandalism"
0 24 64 199 208 296 0 0 1 "Vandalism"
0 24 65 199 209 297 0 0 1 "Vandalism"
0 24 65 199 209 298 0 0 1 "Vandalism"
0 24 65 199 209 299 0 0 1 "Vandalism"
0 24 66 199 210 300 0 0 0 "Vandalism"
0 25 65 204 209 301 0 0 1 "Vandalism"
0 27 65 209 209 302 0 0 1 "Vandalism"
0 29 65 214 209 303 0 0 1 "Vandalism"
0 31 65 220 209 304 0 0 1 "Vandalism"
0 33 64 225 209 305 0 0 1 "Vandalism"
0 35 64 230 209 306 0 0 1 "Vandalism"
0 37 64 235 209 307 0 0 1 "Vandalism"
0 39 64 241 209 308 0 0 1 "Vandalism"
0 40 63 246 208 309 0 0 1 "Vandalism"
0 42 63 251 208 310 0 0 1 "Vandalism"
0 44 63 256 208 311 0 0 1 "Vandalism"
0 46 63 262 208 312 0 0 1 "Vandalism"
0 48 62 267 208 313 0 0 1 "Vandalism"
0 50 62 272 208 314 0 0 1 "Vandalism"
0 52 62 277 208 315 0 0 1 "Vandalism"
0 54 62 283 208 316 0 0 0 "Vandalism"
0 55 61 280 208 317 0 0 1 "Vandalism"
0 57 61 278 208 318 0 0 1 "Vandalism"
0 59 61 275 208 319 0 0 1 "Vandalism"
0 61 61 273 208 320 0 0 1 "Vandalism"
0 63 61 271 208 321 0 0 1 "Vandalism"
0 65 60 268 208 322 0 0 1 "Vandalism"
0 67 60 266 208 323 0 0 1 "Vandalism"
0 69 60 264 208 324 0 0 1 "Vandalism"
0 71 60 261 208 325 0 0 1 "Vandalism"
0 73 60 259 208 326 0 0 1 "Vandalism"
0 75 60 257 209 327 0 0 0 "Vandalism"
0 79 61 259 208 328 0 0 1 "Vandalism"
0 83 63 262 208 329 0 0 1 "Vandalism"
0 88 65 264 208 330 0 0 1 "Vandalism"
0 92 66 267 208 331 0 0 1 "Vandalism"
0 96 68 270 208 332 0 0 1 "Vandalism"
0 101 70 272 208 333 0 0 1 "Vandalism"
0 105 71 275 208 334 0 0 1 "Vandalism"
0 110 73 277 208 335 0 0 1 "Vandalism"
0 114 75 280 208 336 0 0 1 "Vandalism"
0 118 76 283 208 337 0 0 1 "Vandalism"
0 123 78 285 208 338 0 0 1 "Vandalism"
0 127 80 288 208 339 0 0 1 "Vandalism"
0 132 82 291 208 340 0 0 0 "Vandalism"
0 132 82 291 208 341 0 0 1 "Vandalism"
0 132 82 291 208 342 0 0 1 "Vandalism"
0 132 82 291 208 343 0 0 1 "Vandalism"
0 132 82 291 208 344 0 0 1 "Vandalism"
0 132 82 291 208 345 0 0 1 "Vandalism"
0 132 82 291 208 346 0 0 1 "Vandalism"
0 132 82 291 208 347 0 0 1 "Vandalism"
0 132 82 291 208 348 0 0 1 "Vandalism"
0 132 82 291 208 349 0 0 1 "Vandalism"
0 133 83 292 209 350 0 0 0 "Vandalism"
0 131 82 290 208 351 0 0 1 "Vandalism"
0 130 82 289 208 352 0 0 1 "Vandalism"
0 129 82 288 208 353 0 0 1 "Vandalism"
0 128 82 287 208 354 0 0 1 "Vandalism"
0 127 82 286 208 355 0 0 1 "Vandalism"
0 126 82 285 208 356 0 0 1 "Vandalism"
0 125 82 284 208 357 0 0 1 "Vandalism"
0 124 82 283 208 358 0 0 1 "Vandalism"
0 123 82 282 208 359 0 0 1 "Vandalism"
0 122 82 281 208 360 0 0 0 "Vandalism"
0 121 81 280 207 361 0 0 1 "Vandalism"
0 120 81 279 207 362 0 0 1 "Vandalism"
0 119 81 278 207 363 0 0 1 "Vandalism"
0 118 81 277 207 364 0 0 1 "Vandalism"
0 117 81 276 207 365 0 0 1 "Vandalism"
0 116 81 275 207 366 0 0 1 "Vandalism"
0 115 81 274 207 367 0 0 1 "Vandalism"
0 114 81 273 207 368 0 0 1 "Vandalism"
0 113 81 272 207 369 0 0 1 "Vandalism"
0 112 81 271 207 370 0 0 0 "Vandalism"
0 109 81 268 207 371 0 0 1 "Vandalism"
0 106 81 265 207 372 0 0 1 "Vandalism"
0 103 81 262 207 373 0 0 1 "Vandalism"
0 100 81 259 207 374 0 0 1 "Vandalism"
0 97 81 256 207 375 0 0 1 "Vandalism"
0 94 81 253 207 376 0 0 1 "Vandalism"
0 91 81 250 207 377 0 0 1 "Vandalism"
0 88 81 247 207 378 0 0 1 "Vandalism"
0 85 81 244 207 379 0 0 1 "Vandalism"
0 83 82 242 208 380 0 0 0 "Vandalism"
0 79 83 237 208 381 0 0 1 "Vandalism"
0 76 85 233 208 382 0 0 1 "Vandalism"
0 73 87 229 208 383 0 0 1 "Vandalism"
0 70 88 225 208 384 0 0 1 "Vandalism"
0 67 90 221 209 385 0 0 1 "Vandalism"
0 63 92 217 209 386 0 0 1 "Vandalism"
0 60 93 213 209 387 0 0 1 "Vandalism"
0 57 95 209 209 388 0 0 1 "Vandalism"
0 54 97 205 209 389 0 0 1 "Vandalism"
0 51 99 201 210 390 0 0 0 "Vandalism"
0 50 101 205 210 391 0 0 1 "Vandalism"
0 50 103 209 210 392 0 0 1 "Vandalism"
0 49 105 213 210 393 0 0 1 "Vandalism"
0 49 107 217 210 394 0 0 1 "Vandalism"
0 48 109 222 210 395 0 0 1 "Vandalism"
0 48 111 226 210 396 0 0 1 "Vandalism"
0 47 113 230 210 397 0 0 1 "Vandalism"
0 47 115 234 210 398 0 0 1 "Vandalism"
0 46 117 238 210 399 0 0 1 "Vandalism"
0 46 119 243 210 400 0 0 0 "Vandalism"
0 53 119 247 209 401 0 0 1 "Vandalism"
0 61 119 252 209 402 0 0 1 "Vandalism"
0 68 119 257 209 403 0 0 1 "Vandalism"
0 76 119 262 209 404 0 0 1 "Vandalism"
0 84 119 267 209 405 0 0 1 "Vandalism"
0 91 119 272 209 406 0 0 1 "Vandalism"
0 99 119 277 209 407 0 0 1 "Vandalism"
0 106 119 282 209 408 0 0 1 "Vandalism"
0 114 119 287 209 409 0 0 1 "Vandalism"
0 122 119 292 209 410 0 0 0 "Vandalism"
0 121 114 290 208 411 0 0 1 "Vandalism"
0 120 110 288 208 412 0 0 1 "Vandalism"
0 119 105 286 208 413 0 0 1 "Vandalism"
0 118 101 284 208 414 0 0 1 "Vandalism"
0 117 97 282 208 415 0 0 1 "Vandalism"
0 116 92 280 208 416 0 0 1 "Vandalism"
0 115 88 279 208 417 0 0 1 "Vandalism"
0 114 83 277 208 418 0 0 1 "Vandalism"
0 113 79 275 208 419 0 0 1 "Vandalism"
0 112 75 273 208 420 0 0 1 "Vandalism"
0 111 70 271 208 421 0 0 1 "Vandalism"
0 110 66 269 208 422 0 0 1 "Vandalism"
0 109 61 267 208 423 0 0 1 "Vandalism"
0 108 57 266 208 424 0 0 1 "Vandalism"
0 107 53 264 208 425 0 0 1 "Vandalism"
0 106 48 262 208 426 0 0 1 "Vandalism"
0 105 44 260 208 427 0 0 1 "Vandalism"
0 104 39 258 208 428 0 0 1 "Vandalism"
0 103 35 256 208 429 0 0 1 "Vandalism"
0 102 31 255 208 430 0 0 0 "Vandalism"
0 104 30 255 207 431 0 0 1 "Vandalism"
0 107 30 255 207 432 0 0 1 "Vandalism"
0 110 30 255 207 433 0 0 1 "Vandalism"
0 113 30 255 207 434 0 0 1 "Vandalism"
0 116 30 256 207 435 0 0 1 "Vandalism"
0 119 30 256 207 436 0 0 1 "Vandalism"
0 122 30 256 207 437 0 0 1 "Vandalism"
0 125 30 256 207 438 0 0 1 "Vandalism"
0 128 30 256 207 439 0 0 1 "Vandalism"
0 131 30 257 207 440 0 0 0 "Vandalism"
0 124 30 254 207 441 0 0 1 "Vandalism"
0 117 31 251 207 442 0 0 1 "Vandalism"
0 110 32 249 207 443 0 0 1 "Vandalism"
0 104 33 246 207 444 0 0 1 "Vandalism"
0 97 34 244 208 445 0 0 1 "Vandalism"
0 90 35 241 208 446 0 0 1 "Vandalism"
0 84 36 238 208 447 0 0 1 "Vandalism"
0 77 37 236 208 448 0 0 1 "Vandalism"
0 70 38 233 208 449 0 0 1 "Vandalism"
0 64 39 231 209 450 0 0 0 "Vandalism"
0 67 39 234 209 451 0 0 1 "Vandalism"
0 71 39 238 209 452 0 0 1 "Vandalism"
0 75 39 242 209 453 0 0 1 "Vandalism"
0 78 39 245 209 454 0 0 1 "Vandalism"
0 82 39 249 209 455 0 0 1 "Vandalism"
0 86 39 253 209 456 0 0 1 "Vandalism"
0 89 39 256 209 457 0 0 1 "Vandalism"
0 93 39 260 209 458 0 0 1 "Vandalism"
0 97 39 264 209 459 0 0 1 "Vandalism"
0 101 40 268 210 460 0 0 0 "Vandalism"
0 101 38 267 210 461 0 0 1 "Vandalism"
0 101 36 267 210 462 0 0 1 "Vandalism"
0 101 35 267 210 463 0 0 1 "Vandalism"
0 101 33 267 210 464 0 0 1 "Vandalism"
0 101 32 267 210 465 0 0 1 "Vandalism"
0 101 30 267 210 466 0 0 1 "Vandalism"
0 101 28 267 210 467 0 0 1 "Vandalism"
0 101 27 267 210 468 0 0 1 "Vandalism"
0 101 25 267 210 469 0 0 1 "Vandalism"
0 101 24 267 210 470 0 0 0 "Vandalism"
0 101 24 266 210 471 0 0 1 "Vandalism"
0 101 25 266 210 472 0 0 1 "Vandalism"
0 101 25 266 210 473 0 0 1 "Vandalism"
0 101 26 266 210 474 0 0 1 "Vandalism"
0 101 26 266 210 475 0 0 1 "Vandalism"
0 101 27 266 210 476 0 0 1 "Vandalism"
0 101 27 266 210 477 0 0 1 "Vandalism"
0 101 28 266 210 478 0 0 1 "Vandalism"
0 101 28 266 210 479 0 0 1 "Vandalism"
0 101 29 266 210 480 0 0 0 "Vandalism"
0 103 29 267 210 481 0 0 1 "Vandalism"
0 106 29 268 210 482 0 0 1 "Vandalism"
0 108 29 270 210 483 0 0 1 "Vandalism"
0 111 29 271 210 484 0 0 1 "Vandalism"
0 114 29 273 210 485 0 0 1 "Vandalism"
0 116 29 274 210 486 0 0 1 "Vandalism"
0 119 29 275 210 487 0 0 1 "Vandalism"
0 121 29 277 210 488 0 0 1 "Vandalism"
0 124 29 278 210 489 0 0 1 "Vandalism"
0 127 29 280 210 490 0 0 1 "Vandalism"
0 129 29 281 210 491 0 0 1 "Vandalism"
0 132 29 282 210 492 0 0 1 "Vandalism"
0 134 29 284 210 493 0 0 1 "Vandalism"
0 137 29 285 210 494 0 0 1 "Vandalism"
0 140 29 287 210 495 0 0 1 "Vandalism"
0 142 29 288 210 496 0 0 1 "Vandalism"
0 145 29 289 210 497 0 0 1 "Vandalism"
0 147 29 291 210 498 0 0 1 "Vandalism"
0 150 29 292 210 499 0 0 1 "Vandalism"
0 153 30 294 210 500 0 0 0 "Vandalism"
0 150 29 293 209 501 0 0 1 "Vandalism"
0 147 29 293 209 502 0 0 1 "Vandalism"
0 144 29 293 209 503 0 0 1 "Vandalism"
0 141 29 293 209 504 0 0 1 "Vandalism"
0 139 29 293 209 505 0 0 1 "Vandalism"
0 136 29 293 209 506 0 0 1 "Vandalism"
0 133 29 293 209 507 0 0 1 "Vandalism"
0 130 29 293 209 508 0 0 1 "Vandalism"
0 127 29 293 209 509 0 0 1 "Vandalism"
0 125 29 293 209 510 0 0 1 "Vandalism"
0 122 29 293 208 511 0 0 1 "Vandalism"
0 119 29 293 208 512 0 0 1 "Vandalism"
0 116 29 293 208 513 0 0 1 "Vandalism"
0 113 29 293 208 514 0 0 1 "Vandalism"
0 111 29 293 208 515 0 0 1 "Vandalism"
0 108 29 293 208 516 0 0 1 "Vandalism"
0 105 29 293 208 517 0 0 1 "Vandalism"
0 102 29 293 208 518 0 0 1 "Vandalism"
0 99 29 293 208 519 0 0 1 "Vandalism"
0 97 29 293 208 520 0 0 0 "Vandalism"
0 92 29 293 208 521 0 0 1 "Vandalism"
0 88 29 293 208 522 0 0 1 "Vandalism"
0 84 29 293 208 523 0 0 1 "Vandalism"
0 80 29 294 208 524 0 0 1 "Vandalism"
0 76 29 294 208 525 0 0 1 "Vandalism"
0 72 29 294 208 526 0 0 1 "Vandalism"
0 68 29 295 208 527 0 0 1 "Vandalism"
0 64 29 295 208 528 0 0 1 "Vandalism"
0 60 29 295 208 529 0 0 1 "Vandalism"
0 56 30 296 208 530 0 0 0 "Vandalism"
0 57 30 296 207 531 0 0 1 "Vandalism"
0 58 30 296 207 532 0 0 1 "Vandalism"
0 60 30 296 207 533 0 0 1 "Vandalism"
0 61 30 296 207 534 0 0 1 "Vandalism"
0 63 30 296 207 535 0 0 1 "Vandalism"
0 64 30 296 207 536 0 0 1 "Vandalism"
0 65 30 296 207 537 0 0 1 "Vandalism"
0 67 30 296 207 538 0 0 1 "Vandalism"
0 68 30 296 207 539 0 0 1 "Vandalism"
0 70 30 296 207 540 0 0 0 "Vandalism"
0 70 31 295 207 541 0 0 1 "Vandalism"
0 70 33 295 207 542 0 0 1 "Vandalism"
0 70 35 295 207 543 0 0 1 "Vandalism"
0 70 37 295 207 544 0 0 1 "Vandalism"
0 70 39 295 207 545 0 0 1 "Vandalism"
0 70 40 295 207 546 0 0 1 "Vandalism"
0 70 42 295 207 547 0 0 1 "Vandalism"
0 70 44 295 207 548 0 0 1 "Vandalism"
0 70 46 295 207 549 0 0 1 "Vandalism"
0 70 48 295 207 550 0 0 0 "Vandalism"
0 69 48 294 207 551 0 0 1 "Vandalism"
0 69 49 294 208 552 0 0 1 "Vandalism"
0 69 49 294 208 553 0 0 1 "Vandalism"
0 68 50 293 209 554 0 0 1 "Vandalism"
0 68 51 293 210 555 0 0 1 "Vandalism"
0 68 51 293 210 556 0 0 1 "Vandalism"
0 67 52 292 211 557 0 0 1 "Vandalism"
0 67 52 292 211 558 0 0 1 "Vandalism"
0 67 53 292 212 559 0 0 1 "Vandalism"
0 67 54 292 213 560 0 0 0 "Vandalism"
0 67 53 292 212 561 0 0 1 "Vandalism"
0 67 53 292 212 562 0 0 1 "Vandalism"
0 67 53 292 212 563 0 0 1 "Vandalism"
0 67 53 292 212 564 0 0 1 "Vandalism"
0 67 53 292 212 565 0 0 1 "Vandalism"
0 67 52 292 211 566 0 0 1 "Vandalism"
0 67 52 292 211 567 0 0 1 "Vandalism"
0 67 52 292 211 568 0 0 1 "Vandalism"
0 67 52 292 211 569 0 0 1 "Vandalism"
0 68 52 293 211 570 0 0 0 "Vandalism"
0 67 51 292 210 571 0 0 1 "Vandalism"
0 67 51 292 210 572 0 0 1 "Vandalism"
0 66 50 291 209 573 0 0 1 "Vandalism"
0 66 50 291 209 574 0 0 1 "Vandalism"
0 65 50 290 209 575 0 0 1 "Vandalism"
0 65 49 290 208 576 0 0 1 "Vandalism"
0 64 49 289 208 577 0 0 1 "Vandalism"
0 64 48 289 207 578 0 0 1 "Vandalism"
0 63 48 288 207 579 0 0 1 "Vandalism"
0 63 48 288 207 580 0 0 0 "Vandalism"
0 62 48 288 206 581 0 0 1 "Vandalism"
0 61 48 288 206 582 0 0 1 "Vandalism"
0 60 48 288 206 583 0 0 1 "Vandalism"
0 59 48 288 206 584 0 0 1 "Vandalism"
0 59 48 288 206 585 0 0 1 "Vandalism"
0 58 48 288 206 586 0 0 1 "Vandalism"
0 57 48 288 206 587 0 0 1 "Vandalism"
0 56 48 288 206 588 0 0 1 "Vandalism"
0 56 48 288 206 589 0 0 1 "Vandalism"
0 55 48 288 206 590 0 0 1 "Vandalism"
0 54 48 288 206 591 0 0 1 "Vandalism"
0 53 48 288 206 592 0 0 1 "Vandalism"
0 52 48 288 206 593 0 0 1 "Vandalism"
0 52 48 288 206 594 0 0 1 "Vandalism"
0 51 48 288 206 595 0 0 1 "Vandalism"
0 50 48 288 206 596 0 0 1 "Vandalism"
0 49 48 288 206 597 0 0 1 "Vandalism"
0 49 48 288 206 598 0 0 1 "Vandalism"
0 48 48 288 206 599 0 0 1 "Vandalism"
0 47 48 288 206 600 0 0 1 "Vandalism"
0 46 48 288 206 601 0 0 1 "Vandalism"
0 45 48 288 206 602 0 0 1 "Vandalism"
0 45 48 288 206 603 0 0 1 "Vandalism"
0 44 48 288 206 604 0 0 1 "Vandalism"
0 43 48 288 206 605 0 0 1 "Vandalism"
0 42 48 288 206 606 0 0 1 "Vandalism"
0 42 48 288 206 607 0 0 1 "Vandalism"
0 41 48 288 206 608 0 0 1 "Vandalism"
0 40 48 288 206 609 0 0 1 "Vandalism"
0 39 48 288 206 610 0 0 1 "Vandalism"
0 38 48 288 206 611 0 0 1 "Vandalism"
0 38 48 288 206 612 0 0 1 "Vandalism"
0 37 48 288 206 613 0 0 1 "Vandalism"
0 36 48 288 206 614 0 0 1 "Vandalism"
0 35 48 288 206 615 0 0 1 "Vandalism"
0 35 48 288 206 616 0 0 1 "Vandalism"
0 34 48 288 206 617 0 0 1 "Vandalism"
0 33 48 288 206 618 0 0 1 "Vandalism"
0 32 48 288 206 619 0 0 1 "Vandalism"
0 32 48 288 206 620 0 0 0 "Vandalism"
0 31 48 287 206 621 0 0 1 "Vandalism"
0 31 48 287 206 622 0 0 1 "Vandalism"
0 30 48 286 206 623 0 0 1 "Vandalism"
0 30 48 286 206 624 0 0 1 "Vandalism"
0 29 48 285 206 625 0 0 1 "Vandalism"
0 29 48 285 206 626 0 0 1 "Vandalism"
0 28 48 284 206 627 0 0 1 "Vandalism"
0 28 48 284 206 628 0 0 1 "Vandalism"
0 27 48 283 206 629 0 0 1 "Vandalism"
0 27 48 283 206 630 0 0 0 "Vandalism"
0 27 48 283 206 631 0 0 1 "Vandalism"
0 27 48 283 206 632 0 0 1 "Vandalism"
0 27 48 283 206 633 0 0 1 "Vandalism"
0 28 48 284 206 634 0 0 1 "Vandalism"
0 28 48 284 206 635 0 0 1 "Vandalism"
0 28 48 284 206 636 0 0 1 "Vandalism"
0 29 48 285 206 637 0 0 1 "Vandalism"
0 29 48 285 206 638 0 0 1 "Vandalism"
0 29 48 285 206 639 0 0 1 "Vandalism"
0 30 49 286 207 640 0 0 0 "Vandalism"
0 30 49 286 207 641 0 0 1 "Vandalism"
0 30 49 286 207 642 0 0 1 "Vandalism"
0 30 49 286 207 643 0 0 1 "Vandalism"
0 31 49 287 207 644 0 0 1 "Vandalism"
0 31 50 287 208 645 0 0 1 "Vandalism"
0 31 50 287 208 646 0 0 1 "Vandalism"
0 32 50 288 208 647 0 0 1 "Vandalism"
0 32 50 288 208 648 0 0 1 "Vandalism"
0 32 50 288 208 649 0 0 1 "Vandalism"
0 33 51 289 209 650 0 0 0 "Vandalism"
0 33 51 288 209 651 0 0 1 "Vandalism"
0 33 52 288 209 652 0 0 1 "Vandalism"
0 33 53 288 209 653 0 0 1 "Vandalism"
0 33 54 288 209 654 0 0 1 "Vandalism"
0 33 55 288 209 655 0 0 1 "Vandalism"
0 33 55 288 209 656 0 0 1 "Vandalism"
0 33 56 288 209 657 0 0 1 "Vandalism"
0 33 57 288 209 658 0 0 1 "Vandalism"
0 33 58 288 209 659 0 0 1 "Vandalism"
0 33 59 288 209 660 0 0 0 "Vandalism"
0 33 58 287 208 661 0 0 1 "Vandalism"
0 34 57 287 208 662 0 0 1 "Vandalism"
0 34 56 287 208 663 0 0 1 "Vandalism"
0 35 55 287 208 664 0 0 1 "Vandalism"
0 36 55 287 208 665 0 0 1 "Vandalism"
0 36 54 287 208 666 0 0 1 "Vandalism"
0 37 53 287 208 667 0 0 1 "Vandalism"
0 37 52 287 208 668 0 0 1 "Vandalism"
0 38 52 287 208 669 0 0 1 "Vandalism"
0 39 51 287 208 670 0 0 1 "Vandalism"
0 39 50 287 208 671 0 0 1 "Vandalism"
0 40 49 287 208 672 0 0 1 "Vandalism"
0 40 48 287 208 673 0 0 1 "Vandalism"
0 41 48 287 208 674 0 0 1 "Vandalism"
0 42 47 287 208 675 0 0 1 "Vandalism"
0 42 46 287 208 676 0 0 1 "Vandalism"
0 43 45 287 208 677 0 0 1 "Vandalism"
0 43 45 286 208 678 0 0 1 "Vandalism"
0 44 44 286 208 679 0 0 1 "Vandalism"
0 45 43 286 208 680 0 0 1 "Vandalism"
0 45 42 286 208 681 0 0 1 "Vandalism"
0 46 42 286 208 682 0 0 1 "Vandalism"
0 46 41 286 208 683 0 0 1 "Vandalism"
0 47 40 286 208 684 0 0 1 "Vandalism"
0 48 39 286 208 685 0 0 1 "Vandalism"
0 48 38 286 208 686 0 0 1 "Vandalism"
0 49 38 286 208 687 0 0 1 "Vandalism"
0 49 37 286 208 688 0 0 1 "Vandalism"
0 50 36 286 208 689 0 0 1 "Vandalism"
0 51 35 286 208 690 0 0 1 "Vandalism"
0 51 35 286 208 691 0 0 1 "Vandalism"
0 52 34 286 208 692 0 0 1 "Vandalism"
0 52 33 286 208 693 0 0 1 "Vandalism"
0 53 32 286 208 694 0 0 1 "Vandalism"
0 54 32 286 208 695 0 0 0 "Vandalism"
0 54 32 286 208 696 0 0 1 "Vandalism"
0 55 32 286 208 697 0 0 1 "Vandalism"
0 56 32 286 208 698 0 0 1 "Vandalism"
0 57 32 286 208 699 0 0 1 "Vandalism"
0 58 33 287 208 700 0 0 0 "Vandalism"
0 58 32 287 208 701 0 0 1 "Vandalism"
0 58 32 287 208 702 0 0 1 "Vandalism"
0 58 31 287 208 703 0 0 1 "Vandalism"
0 58 31 287 208 704 0 0 1 "Vandalism"
0 58 31 287 208 705 0 0 1 "Vandalism"
0 58 30 287 208 706 0 0 1 "Vandalism"
0 58 30 287 208 707 0 0 1 "Vandalism"
0 58 29 287 208 708 0 0 1 "Vandalism"
0 58 29 287 208 709 0 0 1 "Vandalism"
0 58 29 287 208 710 0 0 0 "Vandalism"
0 62 29 284 208 711 0 0 1 "Vandalism"
0 66 29 281 208 712 0 0 1 "Vandalism"
0 70 29 278 208 713 0 0 1 "Vandalism"
0 74 29 275 208 714 0 0 1 "Vandalism"
0 78 29 272 209 715 0 0 0 "Vandalism"
0 78 29 267 209 716 0 0 1 "Vandalism"
0 78 29 263 209 717 0 0 1 "Vandalism"
0 78 29 259 209 718 0 0 1 "Vandalism"
0 78 29 255 209 719 0 0 1 "Vandalism"
0 78 29 251 209 720 0 0 1 "Vandalism"
0 78 29 247 209 721 0 0 1 "Vandalism"
0 78 29 243 209 722 0 0 1 "Vandalism"
0 78 29 239 209 723 0 0 1 "Vandalism"
0 78 29 235 209 724 1 0 0 "Vandalism"
0 70 41 226 209 725 1 0 1 "Vandalism"
0 63 53 217 209 726 1 0 1 "Vandalism"
0 56 65 208 209 727 1 0 1 "Vandalism"
0 49 77 200 210 728 1 0 0 "Vandalism"
0 47 80 197 210 729 1 0 1 "Vandalism"
0 46 83 194 210 730 1 0 1 "Vandalism"
0 45 87 192 210 731 1 0 1 "Vandalism"
0 44 90 189 210 732 1 0 1 "Vandalism"
0 42 93 187 210 733 1 0 1 "Vandalism"
0 41 97 184 210 734 1 0 1 "Vandalism"
0 40 100 182 210 735 1 0 1 "Vandalism"
0 39 104 179 210 736 1 0 1 "Vandalism"
0 37 107 176 210 737 1 0 1 "Vandalism"
0 36 110 174 210 738 1 0 1 "Vandalism"
0 35 114 171 211 739 1 0 1 "Vandalism"
0 34 117 169 211 740 1 0 1 "Vandalism"
0 32 120 166 211 741 1 0 1 "Vandalism"
0 31 124 164 211 742 1 0 1 "Vandalism"
0 30 127 161 211 743 1 0 1 "Vandalism"
0 29 131 158 211 744 1 0 1 "Vandalism"
0 27 134 156 211 745 1 0 1 "Vandalism"
0 26 137 153 211 746 1 0 1 "Vandalism"
0 25 141 151 211 747 1 0 1 "Vandalism"
0 24 144 148 211 748 1 0 1 "Vandalism"
0 23 148 146 212 749 0 0 0 "Vandalism"
0 23 145 145 212 750 0 0 1 "Vandalism"
0 23 142 145 212 751 0 0 1 "Vandalism"
0 23 139 145 212 752 0 0 1 "Vandalism"
0 23 136 145 212 753 0 0 1 "Vandalism"
0 23 133 145 212 754 0 0 1 "Vandalism"
0 23 130 145 212 755 0 0 1 "Vandalism"
0 23 127 145 212 756 0 0 1 "Vandalism"
0 23 124 145 212 757 0 0 1 "Vandalism"
0 23 121 145 212 758 0 0 1 "Vandalism"
0 23 118 145 212 759 0 0 0 "Vandalism"
0 22 116 144 211 760 0 0 1 "Vandalism"
0 22 115 144 211 761 0 0 1 "Vandalism"
0 22 114 144 210 762 0 0 1 "Vandalism"
0 22 113 144 210 763 0 0 1 "Vandalism"
0 22 112 144 210 764 0 0 1 "Vandalism"
0 22 111 143 209 765 0 0 1 "Vandalism"
0 22 110 143 209 766 0 0 1 "Vandalism"
0 22 109 143 208 767 0 0 1 "Vandalism"
0 22 108 143 208 768 0 0 1 "Vandalism"
0 22 107 143 208 769 0 0 0 "Vandalism"
0 22 107 143 208 770 0 0 1 "Vandalism"
0 22 107 143 208 771 0 0 1 "Vandalism"
0 22 107 143 208 772 0 0 1 "Vandalism"
0 22 107 143 208 773 0 0 1 "Vandalism"
0 22 107 143 208 774 0 0 1 "Vandalism"
0 22 107 143 208 775 0 0 1 "Vandalism"
0 22 108 143 209 776 0 0 1 "Vandalism"
0 22 108 143 209 777 0 0 1 "Vandalism"
0 22 108 143 209 778 0 0 1 "Vandalism"
0 22 108 143 209 779 0 0 1 "Vandalism"
0 22 108 143 209 780 0 0 1 "Vandalism"
0 22 108 143 209 781 0 0 1 "Vandalism"
0 22 108 143 209 782 0 0 1 "Vandalism"
0 22 109 143 210 783 0 0 1 "Vandalism"
0 22 109 143 210 784 0 0 1 "Vandalism"
0 22 109 143 210 785 0 0 1 "Vandalism"
0 22 109 143 210 786 0 0 1 "Vandalism"
0 22 109 143 210 787 0 0 1 "Vandalism"
0 22 109 143 210 788 0 0 1 "Vandalism"
0 23 110 144 211 789 0 0 0 "Vandalism"
0 23 110 143 210 790 0 0 1 "Vandalism"
0 23 110 143 210 791 0 0 1 "Vandalism"
0 23 110 143 210 792 0 0 1 "Vandalism"
0 23 110 142 210 793 0 0 1 "Vandalism"
0 23 110 142 210 794 0 0 1 "Vandalism"
0 23 110 142 210 795 0 0 1 "Vandalism"
0 23 110 142 210 796 0 0 1 "Vandalism"
0 23 110 141 210 797 0 0 1 "Vandalism"
0 23 110 141 210 798 0 0 1 "Vandalism"
0 23 110 141 210 799 0 0 1 "Vandalism"
0 23 110 140 210 800 0 0 1 "Vandalism"
0 23 110 140 210 801 0 0 1 "Vandalism"
0 23 110 140 210 802 0 0 1 "Vandalism"
0 23 110 140 210 803 0 0 1 "Vandalism"
0 23 110 139 210 804 0 0 1 "Vandalism"
0 23 110 139 210 805 0 0 1 "Vandalism"
0 23 110 139 210 806 0 0 1 "Vandalism"
0 23 110 138 210 807 0 0 1 "Vandalism"
0 23 110 138 210 808 0 0 1 "Vandalism"
0 23 110 138 210 809 0 0 1 "Vandalism"
0 23 110 138 210 810 0 0 1 "Vandalism"
0 23 110 137 210 811 0 0 1 "Vandalism"
0 23 110 137 210 812 0 0 1 "Vandalism"
0 23 110 137 210 813 0 0 1 "Vandalism"
0 23 110 137 210 814 0 0 1 "Vandalism"
0 23 110 136 210 815 0 0 1 "Vandalism"
0 23 110 136 210 816 0 0 1 "Vandalism"
0 23 110 136 210 817 0 0 1 "Vandalism"
0 23 110 135 210 818 0 0 1 "Vandalism"
0 23 110 135 210 819 0 0 1 "Vandalism"
0 23 110 135 210 820 0 0 1 "Vandalism"
0 23 110 135 210 821 0 0 1 "Vandalism"
0 23 110 134 210 822 0 0 1 "Vandalism"
0 23 110 134 210 823 0 0 1 "Vandalism"
0 23 110 134 210 824 0 0 1 "Vandalism"
0 23 110 133 210 825 0 0 1 "Vandalism"
0 23 110 133 210 826 0 0 1 "Vandalism"
0 23 110 133 210 827 0 0 1 "Vandalism"
0 23 110 133 210 828 0 0 1 "Vandalism"
0 23 110 132 210 829 0 0 1 "Vandalism"
0 23 110 132 210 830 0 0 1 "Vandalism"
0 23 110 132 210 831 0 0 1 "Vandalism"
0 23 110 131 210 832 0 0 1 "Vandalism"
0 23 110 131 210 833 0 0 1 "Vandalism"
0 23 110 131 210 834 0 0 1 "Vandalism"
0 23 110 131 210 835 0 0 1 "Vandalism"
0 23 110 130 210 836 0 0 1 "Vandalism"
0 23 110 130 210 837 0 0 1 "Vandalism"
0 23 110 130 210 838 0 0 1 "Vandalism"
0 23 110 130 210 839 0 0 0 "Vandalism"
0 23 111 129 210 840 0 0 1 "Vandalism"
0 23 112 129 210 841 0 0 1 "Vandalism"
0 23 113 129 210 842 0 0 1 "Vandalism"
0 23 114 129 210 843 0 0 1 "Vandalism"
0 23 115 129 210 844 0 0 1 "Vandalism"
0 23 116 129 210 845 0 0 1 "Vandalism"
0 23 117 129 210 846 0 0 1 "Vandalism"
0 23 118 129 210 847 0 0 1 "Vandalism"
0 23 119 129 210 848 0 0 1 "Vandalism"
0 23 120 129 210 849 1 0 0 "Vandalism"
0 23 120 129 210 850 1 0 1 "Vandalism"
0 23 120 129 210 851 1 0 1 "Vandalism"
0 23 120 129 210 852 1 0 1 "Vandalism"
0 23 120 129 210 853 1 0 1 "Vandalism"
0 23 120 129 210 854 1 0 1 "Vandalism"
0 23 120 129 210 855 1 0 1 "Vandalism"
0 23 120 129 210 856 1 0 1 "Vandalism"
0 23 120 129 210 857 1 0 1 "Vandalism"
0 23 120 129 210 858 1 0 1 "Vandalism"
0 23 120 129 210 859 1 0 1 "Vandalism"
0 23 120 129 210 860 1 0 1 "Vandalism"
0 23 120 129 210 861 1 0 1 "Vandalism"
0 23 120 129 210 862 1 0 1 "Vandalism"
0 23 120 129 210 863 1 0 1 "Vandalism"
0 23 120 129 210 864 1 0 1 "Vandalism"
0 23 120 129 210 865 1 0 1 "Vandalism"
0 23 120 129 210 866 1 0 1 "Vandalism"
0 23 120 129 210 867 1 0 1 "Vandalism"
0 23 120 129 210 868 1 0 1 "Vandalism"
0 23 120 129 210 869 1 0 1 "Vandalism"
0 23 120 129 210 870 1 0 1 "Vandalism"
0 23 120 129 210 871 1 0 0 "Vandalism"
0 24 114 131 206 872 1 0 1 "Vandalism"
0 26 109 133 202 873 1 0 1 "Vandalism"
0 28 103 135 198 874 1 0 1 "Vandalism"
0 30 98 137 194 875 1 0 1 "Vandalism"
0 32 93 139 190 876 1 0 1 "Vandalism"
0 33 87 141 186 877 1 0 1 "Vandalism"
0 35 82 143 182 878 1 0 1 "Vandalism"
0 37 77 145 179 879 1 0 1 "Vandalism"
0 39 71 147 175 880 1 0 1 "Vandalism"
0 41 66 149 171 881 1 0 1 "Vandalism"
0 42 60 151 167 882 1 0 1 "Vandalism"
0 44 55 153 163 883 1 0 1 "Vandalism"
0 46 50 155 159 884 1 0 1 "Vandalism"
0 48 44 157 155 885 1 0 1 "Vandalism"
0 50 39 159 151 886 1 0 1 "Vandalism"
0 52 34 161 148 887 0 0 0 "Vandalism"
0 52 33 161 148 888 0 0 1 "Vandalism"
0 52 33 161 148 889 0 0 1 "Vandalism"
0 53 32 161 148 890 0 0 1 "Vandalism"
0 53 32 162 148 891 0 0 1 "Vandalism"
0 53 31 162 148 892 0 0 1 "Vandalism"
0 54 31 162 148 893 0 0 1 "Vandalism"
0 54 31 162 148 894 0 0 1 "Vandalism"
0 54 30 163 148 895 0 0 1 "Vandalism"
0 55 30 163 148 896 0 0 1 "Vandalism"
0 55 29 163 148 897 0 0 1 "Vandalism"
0 55 29 163 148 898 0 0 1 "Vandalism"
0 56 29 164 148 899 0 0 0 "Vandalism"
0 56 29 164 148 900 0 0 1 "Vandalism"
0 57 29 165 148 901 0 0 1 "Vandalism"
0 57 29 165 148 902 0 0 1 "Vandalism"
0 58 29 166 148 903 0 0 1 "Vandalism"
0 59 29 167 148 904 0 0 1 "Vandalism"
0 59 29 167 148 905 0 0 1 "Vandalism"
0 60 29 168 148 906 0 0 1 "Vandalism"
0 60 30 168 149 907 0 0 1 "Vandalism"
0 61 30 169 149 908 0 0 1 "Vandalism"
0 62 30 170 149 909 0 0 1 "Vandalism"
0 62 30 170 149 910 0 0 1 "Vandalism"
0 63 30 171 149 911 0 0 1 "Vandalism"
0 64 30 172 149 912 0 0 1 "Vandalism"
0 64 30 172 149 913 0 0 1 "Vandalism"
0 65 31 173 150 914 0 0 1 "Vandalism"
0 65 31 173 150 915 0 0 1 "Vandalism"
0 66 31 174 150 916 0 0 1 "Vandalism"
0 67 31 175 150 917 0 0 1 "Vandalism"
0 67 31 175 150 918 0 0 1 "Vandalism"
0 68 31 176 150 919 0 0 1 "Vandalism"
0 68 31 176 150 920 0 0 1 "Vandalism"
0 69 31 177 150 921 0 0 1 "Vandalism"
0 70 32 178 151 922 0 0 1 "Vandalism"
0 70 32 178 151 923 0 0 1 "Vandalism"
0 71 32 179 151 924 0 0 1 "Vandalism"
0 72 32 180 151 925 0 0 1 "Vandalism"
0 72 32 180 151 926 0 0 1 "Vandalism"
0 73 32 181 151 927 0 0 1 "Vandalism"
0 73 32 181 151 928 0 0 1 "Vandalism"
0 74 33 182 152 929 0 0 1 "Vandalism"
0 75 33 183 152 930 0 0 1 "Vandalism"
0 75 33 183 152 931 0 0 1 "Vandalism"
0 76 33 184 152 932 0 0 1 "Vandalism"
0 76 33 184 152 933 0 0 1 "Vandalism"
0 77 33 185 152 934 0 0 1 "Vandalism"
0 78 33 186 152 935 0 0 1 "Vandalism"
0 78 33 186 152 936 0 0 1 "Vandalism"
0 79 34 187 153 937 0 0 1 "Vandalism"
0 80 34 188 153 938 0 0 1 "Vandalism"
0 80 34 188 153 939 0 0 1 "Vandalism"
0 81 34 189 153 940 0 0 1 "Vandalism"
0 81 34 189 153 941 0 0 1 "Vandalism"
0 82 34 190 153 942 0 0 1 "Vandalism"
0 83 34 191 153 943 0 0 1 "Vandalism"
0 83 35 191 154 944 0 0 1 "Vandalism"
0 84 35 192 154 945 0 0 1 "Vandalism"
0 84 35 192 154 946 0 0 1 "Vandalism"
0 85 35 193 154 947 0 0 1 "Vandalism"
0 86 35 194 154 948 0 0 1 "Vandalism"
0 86 35 194 154 949 0 0 1 "Vandalism"
0 87 35 195 154 950 0 0 1 "Vandalism"
0 88 35 196 154 951 0 0 1 "Vandalism"
0 88 36 196 155 952 0 0 1 "Vandalism"
0 89 36 197 155 953 0 0 1 "Vandalism"
0 89 36 197 155 954 0 0 1 "Vandalism"
0 90 36 198 155 955 0 0 1 "Vandalism"
0 91 36 199 155 956 0 0 1 "Vandalism"
0 91 36 199 155 957 0 0 1 "Vandalism"
0 92 36 200 155 958 0 0 1 "Vandalism"
0 93 37 201 156 959 0 0 0 "Vandalism"
0 96 37 201 155 960 0 0 1 "Vandalism"
0 100 37 201 155 961 0 0 1 "Vandalism"
0 103 37 201 155 962 0 0 1 "Vandalism"
0 107 37 201 155 963 0 0 1 "Vandalism"
0 111 37 201 155 964 0 0 1 "Vandalism"
0 114 37 201 155 965 0 0 1 "Vandalism"
0 118 37 201 155 966 0 0 1 "Vandalism"
0 121 37 201 155 967 0 0 1 "Vandalism"
0 125 37 201 155 968 0 0 1 "Vandalism"
0 129 37 201 155 969 0 0 0 "Vandalism"
0 129 37 200 154 970 0 0 1 "Vandalism"
0 129 37 200 153 971 0 0 1 "Vandalism"
0 129 37 200 152 972 0 0 1 "Vandalism"
0 129 37 200 151 973 0 0 1 "Vandalism"
0 129 37 200 150 974 0 0 1 "Vandalism"
0 129 37 200 149 975 0 0 1 "Vandalism"
0 129 37 200 149 976 0 0 1 "Vandalism"
0 129 37 200 148 977 0 0 1 "Vandalism"
0 129 37 200 147 978 0 0 1 "Vandalism"
0 129 37 200 146 979 0 0 1 "Vandalism"
0 129 37 200 145 980 0 0 1 "Vandalism"
0 129 37 200 144 981 0 0 1 "Vandalism"
0 129 37 200 143 982 0 0 1 "Vandalism"
0 129 37 200 143 983 0 0 1 "Vandalism"
0 129 37 200 142 984 0 0 1 "Vandalism"
0 129 37 200 141 985 0 0 1 "Vandalism"
0 129 37 200 140 986 0 0 1 "Vandalism"
0 129 37 200 139 987 0 0 1 "Vandalism"
0 129 37 200 138 988 0 0 1 "Vandalism"
0 129 37 200 138 989 1 0 0 "Vandalism"
0 129 37 200 138 990 1 0 1 "Vandalism"
0 129 37 200 138 991 1 0 1 "Vandalism"
0 129 37 200 138 992 1 0 1 "Vandalism"
0 129 37 200 138 993 1 0 1 "Vandalism"
0 129 37 200 138 994 1 0 1 "Vandalism"
0 129 37 200 138 995 1 0 1 "Vandalism"
0 129 37 200 138 996 1 0 1 "Vandalism"
0 129 37 200 138 997 1 0 1 "Vandalism"
0 129 37 200 138 998 1 0 1 "Vandalism"
0 129 37 200 138 999 1 0 1 "Vandalism"
0 129 37 200 138 1000 1 0 1 "Vandalism"
0 129 37 200 138 1001 1 0 1 "Vandalism"
0 129 37 200 138 1002 1 0 1 "Vandalism"
0 129 37 200 138 1003 1 0 0 "Vandalism"
