0 157 58 219 140 0 1 0 0 "Vandalism"
0 157 58 219 140 1 1 0 1 "Vandalism"
0 157 58 219 140 2 1 0 1 "Vandalism"
0 157 58 219 140 3 1 0 1 "Vandalism"
0 157 58 219 140 4 1 0 1 "Vandalism"
0 157 58 219 140 5 1 0 1 "Vandalism"
0 157 58 219 140 6 1 0 1 "Vandalism"
0 157 58 219 140 7 1 0 1 "Vandalism"
0 157 58 219 140 8 1 0 1 "Vandalism"
0 157 58 219 140 9 1 0 1 "Vandalism"
0 157 58 219 140 10 1 0 1 "Vandalism"
0 157 58 219 140 11 1 0 1 "Vandalism"
0 157 58 219 140 12 1 0 1 "Vandalism"
0 157 58 219 140 13 1 0 1 "Vandalism"
0 157 58 219 140 14 1 0 1 "Vandalism"
0 157 58 219 140 15 1 0 1 "Vandalism"
0 157 58 219 140 16 1 0 1 "Vandalism"
0 157 58 219 140 17 1 0 1 "Vandalism"
0 157 58 219 140 18 1 0 1 "Vandalism"
0 157 58 219 140 19 1 0 1 "Vandalism"
0 157 58 219 140 20 1 0 1 "Vandalism"
0 157 58 219 140 21 1 0 1 "Vandalism"
0 157 58 219 140 22 1 0 1 "Vandalism"
0 157 58 219 140 23 1 0 1 "Vandalism"
0 157 58 219 140 24 1 0 1 "Vandalism"
0 157 58 219 140 25 1 0 1 "Vandalism"
0 157 58 219 140 26 1 0 1 "Vandalism"
0 157 58 219 140 27 1 0 1 "Vandalism"
0 157 58 219 140 28 1 0 1 "Vandalism"
0 157 58 219 140 29 1 0 1 "Vandalism"
0 157 58 219 140 30 1 0 1 "Vandalism"
0 157 58 219 140 31 1 0 1 "Vandalism"
0 157 58 219 140 32 1 0 1 "Vandalism"
0 157 58 219 140 33 1 0 1 "Vandalism"
0 157 58 219 140 34 1 0 1 "Vandalism"
0 157 58 219 140 35 1 0 1 "Vandalism"
0 157 58 219 140 36 1 0 1 "Vandalism"
0 157 58 219 140 37 1 0 1 "Vandalism"
0 157 58 219 140 38 1 0 1 "Vandalism"
0 157 58 219 140 39 1 0 1 "Vandalism"
0 157 58 219 140 40 1 0 1 "Vandalism"
0 157 58 219 140 41 1 0 1 "Vandalism"
0 157 58 219 140 42 1 0 1 "Vandalism"
0 157 58 219 140 43 1 0 1 "Vandalism"
0 157 58 219 140 44 1 0 1 "Vandalism"
0 157 58 219 140 45 1 0 1 "Vandalism"
0 157 58 219 140 46 1 0 1 "Vandalism"
0 157 58 219 140 47 1 0 1 "Vandalism"
0 157 58 219 140 48 1 0 1 "Vandalism"
0 157 58 219 140 49 1 0 1 "Vandalism"
0 157 58 219 140 50 1 0 1 "Vandalism"
0 157 58 219 140 51 1 0 1 "Vandalism"
0 157 58 219 140 52 1 0 1 "Vandalism"
0 157 58 219 140 53 1 0 1 "Vandalism"
0 157 58 219 140 54 1 0 1 "Vandalism"
0 157 58 219 140 55 1 0 1 "Vandalism"
0 157 58 219 140 56 1 0 1 "Vandalism"
0 157 58 219 140 57 1 0 1 "Vandalism"
0 157 58 219 140 58 1 0 1 "Vandalism"
0 157 58 219 140 59 1 0 1 "Vandalism"
0 157 58 219 140 60 1 0 1 "Vandalism"
0 157 58 219 140 61 1 0 1 "Vandalism"
0 157 58 219 140 62 1 0 1 "Vandalism"
0 157 58 219 140 63 1 0 1 "Vandalism"
0 157 58 219 140 64 1 0 1 "Vandalism"
0 157 58 219 140 65 1 0 1 "Vandalism"
0 157 58 219 140 66 1 0 1 "Vandalism"
0 157 58 219 140 67 1 0 1 "Vandalism"
0 157 58 219 140 68 1 0 1 "Vandalism"
0 157 58 219 140 69 1 0 1 "Vandalism"
0 157 58 219 140 70 1 0 1 "Vandalism"
0 157 58 219 140 71 1 0 1 "Vandalism"
0 157 58 219 140 72 1 0 1 "Vandalism"
0 157 58 219 140 73 1 0 1 "Vandalism"
0 157 58 219 140 74 1 0 1 "Vandalism"
0 157 58 219 140 75 1 0 1 "Vandalism"
0 157 58 219 140 76 1 0 1 "Vandalism"
0 157 58 219 140 77 1 0 1 "Vandalism"
0 157 58 219 140 78 1 0 1 "Vandalism"
0 157 58 219 140 79 1 0 1 "Vandalism"
0 157 58 219 140 80 1 0 1 "Vandalism"
0 157 58 219 140 81 1 0 1 "Vandalism"
0 157 58 219 140 82 1 0 1 "Vandalism"
0 157 58 219 140 83 1 0 1 "Vandalism"
0 157 58 219 140 84 1 0 1 "Vandalism"
0 157 58 219 140 85 1 0 1 "Vandalism"
0 157 58 219 140 86 1 0 1 "Vandalism"
0 157 58 219 140 87 1 0 1 "Vandalism"
0 157 58 219 140 88 1 0 1 "Vandalism"
0 157 58 219 140 89 1 0 1 "Vandalism"
0 157 58 219 140 90 1 0 1 "Vandalism"
0 157 58 219 140 91 1 0 1 "Vandalism"
0 157 58 219 140 92 1 0 1 "Vandalism"
0 157 58 219 140 93 1 0 1 "Vandalism"
0 157 58 219 140 94 1 0 1 "Vandalism"
0 157 58 219 140 95 1 0 1 "Vandalism"
0 157 58 219 140 96 1 0 1 "Vandalism"
0 157 58 219 140 97 1 0 1 "Vandalism"
0 157 58 219 140 98 1 0 1 "Vandalism"
0 157 58 219 140 99 1 0 1 "Vandalism"
0 157 58 219 140 100 1 0 1 "Vandalism"
0 157 58 219 140 101 1 0 1 "Vandalism"
0 157 58 219 140 102 1 0 1 "Vandalism"
0 157 58 219 140 103 1 0 1 "Vandalism"
0 157 58 219 140 104 1 0 1 "Vandalism"
0 157 58 219 140 105 1 0 1 "Vandalism"
0 157 58 219 140 106 1 0 1 "Vandalism"
0 157 58 219 140 107 1 0 1 "Vandalism"
0 157 58 219 140 108 1 0 1 "Vandalism"
0 157 58 219 140 109 1 0 1 "Vandalism"
0 157 58 219 140 110 1 0 1 "Vandalism"
0 157 58 219 140 111 1 0 1 "Vandalism"
0 157 58 219 140 112 1 0 1 "Vandalism"
0 157 58 219 140 113 1 0 1 "Vandalism"
0 157 58 219 140 114 1 0 1 "Vandalism"
0 157 58 219 140 115 1 0 1 "Vandalism"
0 157 58 219 140 116 1 0 1 "Vandalism"
0 157 58 219 140 117 1 0 1 "Vandalism"
0 157 58 219 140 118 1 0 1 "Vandalism"
0 157 58 219 140 119 1 0 1 "Vandalism"
0 157 58 219 140 120 1 0 1 "Vandalism"
0 157 58 219 140 121 1 0 1 "Vandalism"
0 157 58 219 140 122 1 0 1 "Vandalism"
0 157 58 219 140 123 1 0 1 "Vandalism"
0 157 58 219 140 124 1 0 1 "Vandalism"
0 157 58 219 140 125 1 0 1 "Vandalism"
0 157 58 219 140 126 1 0 1 "Vandalism"
0 157 58 219 140 127 1 0 1 "Vandalism"
0 157 58 219 140 128 1 0 1 "Vandalism"
0 157 58 219 140 129 1 0 1 "Vandalism"
0 157 58 219 140 130 1 0 1 "Vandalism"
0 157 58 219 140 131 1 0 1 "Vandalism"
0 157 58 219 140 132 1 0 1 "Vandalism"
0 157 58 219 140 133 1 0 1 "Vandalism"
0 157 58 219 140 134 1 0 1 "Vandalism"
0 157 58 219 140 135 1 0 1 "Vandalism"
0 157 58 219 140 136 1 0 1 "Vandalism"
0 157 58 219 140 137 1 0 1 "Vandalism"
0 157 58 219 140 138 1 0 1 "Vandalism"
0 157 58 219 140 139 1 0 1 "Vandalism"
0 157 58 219 140 140 1 0 1 "Vandalism"
0 157 58 219 140 141 1 0 1 "Vandalism"
0 157 58 219 140 142 1 0 1 "Vandalism"
0 157 58 219 140 143 1 0 1 "Vandalism"
0 157 58 219 140 144 1 0 1 "Vandalism"
0 157 58 219 140 145 1 0 1 "Vandalism"
0 157 58 219 140 146 1 0 1 "Vandalism"
0 157 58 219 140 147 1 0 1 "Vandalism"
0 157 58 219 140 148 1 0 1 "Vandalism"
0 157 58 219 140 149 1 0 1 "Vandalism"
0 157 58 219 140 150 1 0 1 "Vandalism"
0 157 58 219 140 151 1 0 1 "Vandalism"
0 157 58 219 140 152 1 0 1 "Vandalism"
0 157 58 219 140 153 1 0 1 "Vandalism"
0 157 58 219 140 154 1 0 1 "Vandalism"
0 157 58 219 140 155 1 0 1 "Vandalism"
0 157 58 219 140 156 1 0 1 "Vandalism"
0 157 58 219 140 157 1 0 1 "Vandalism"
0 157 58 219 140 158 1 0 1 "Vandalism"
0 157 58 219 140 159 1 0 1 "Vandalism"
0 157 58 219 140 160 1 0 1 "Vandalism"
0 157 58 219 140 161 1 0 1 "Vandalism"
0 157 58 219 140 162 1 0 1 "Vandalism"
0 157 58 219 140 163 1 0 1 "Vandalism"
0 157 58 219 140 164 1 0 1 "Vandalism"
0 157 58 219 140 165 1 0 1 "Vandalism"
0 157 58 219 140 166 1 0 1 "Vandalism"
0 157 58 219 140 167 1 0 1 "Vandalism"
0 157 58 219 140 168 1 0 1 "Vandalism"
0 157 58 219 140 169 1 0 1 "Vandalism"
0 157 58 219 140 170 1 0 1 "Vandalism"
0 157 58 219 140 171 1 0 1 "Vandalism"
0 157 58 219 140 172 1 0 1 "Vandalism"
0 157 58 219 140 173 1 0 1 "Vandalism"
0 157 58 219 140 174 1 0 1 "Vandalism"
0 157 58 219 140 175 1 0 1 "Vandalism"
0 157 58 219 140 176 1 0 1 "Vandalism"
0 157 58 219 140 177 1 0 1 "Vandalism"
0 157 58 219 140 178 1 0 1 "Vandalism"
0 157 58 219 140 179 1 0 1 "Vandalism"
0 157 58 219 140 180 1 0 1 "Vandalism"
0 157 58 219 140 181 1 0 1 "Vandalism"
0 157 58 219 140 182 1 0 1 "Vandalism"
0 157 58 219 140 183 1 0 1 "Vandalism"
0 157 58 219 140 184 1 0 1 "Vandalism"
0 157 58 219 140 185 1 0 1 "Vandalism"
0 157 58 219 140 186 1 0 1 "Vandalism"
0 157 58 219 140 187 1 0 1 "Vandalism"
0 157 58 219 140 188 1 0 1 "Vandalism"
0 157 58 219 140 189 1 0 1 "Vandalism"
0 157 58 219 140 190 1 0 1 "Vandalism"
0 157 58 219 140 191 1 0 1 "Vandalism"
0 157 58 219 140 192 1 0 1 "Vandalism"
0 157 58 219 140 193 1 0 1 "Vandalism"
0 157 58 219 140 194 1 0 1 "Vandalism"
0 157 58 219 140 195 1 0 1 "Vandalism"
0 157 58 219 140 196 1 0 1 "Vandalism"
0 157 58 219 140 197 1 0 1 "Vandalism"
0 157 58 219 140 198 1 0 1 "Vandalism"
0 157 58 219 140 199 1 0 1 "Vandalism"
0 157 58 219 140 200 1 0 1 "Vandalism"
0 157 58 219 140 201 1 0 1 "Vandalism"
0 157 58 219 140 202 1 0 1 "Vandalism"
0 157 58 219 140 203 1 0 1 "Vandalism"
0 157 58 219 140 204 1 0 1 "Vandalism"
0 157 58 219 140 205 1 0 1 "Vandalism"
0 157 58 219 140 206 1 0 1 "Vandalism"
0 157 58 219 140 207 1 0 1 "Vandalism"
0 157 58 219 140 208 1 0 1 "Vandalism"
0 157 58 219 140 209 1 0 1 "Vandalism"
0 157 58 219 140 210 1 0 1 "Vandalism"
0 157 58 219 140 211 1 0 1 "Vandalism"
0 157 58 219 140 212 1 0 1 "Vandalism"
0 157 58 219 140 213 1 0 1 "Vandalism"
0 157 58 219 140 214 1 0 1 "Vandalism"
0 157 58 219 140 215 1 0 1 "Vandalism"
0 157 58 219 140 216 1 0 1 "Vandalism"
0 157 58 219 140 217 1 0 1 "Vandalism"
0 157 58 219 140 218 1 0 1 "Vandalism"
0 157 58 219 140 219 1 0 1 "Vandalism"
0 157 58 219 140 220 1 0 1 "Vandalism"
0 157 58 219 140 221 1 0 1 "Vandalism"
0 157 58 219 140 222 1 0 1 "Vandalism"
0 157 58 219 140 223 1 0 1 "Vandalism"
0 157 58 219 140 224 1 0 1 "Vandalism"
0 157 58 219 140 225 1 0 1 "Vandalism"
0 157 58 219 140 226 1 0 1 "Vandalism"
0 157 58 219 140 227 1 0 1 "Vandalism"
0 157 58 219 140 228 1 0 1 "Vandalism"
0 157 58 219 140 229 1 0 1 "Vandalism"
0 157 58 219 140 230 1 0 1 "Vandalism"
0 157 58 219 140 231 1 0 1 "Vandalism"
0 157 58 219 140 232 1 0 1 "Vandalism"
0 157 58 219 140 233 1 0 1 "Vandalism"
0 157 58 219 140 234 1 0 1 "Vandalism"
0 157 58 219 140 235 1 0 1 "Vandalism"
0 157 58 219 140 236 1 0 1 "Vandalism"
0 157 58 219 140 237 1 0 1 "Vandalism"
0 157 58 219 140 238 1 0 1 "Vandalism"
0 157 58 219 140 239 1 0 1 "Vandalism"
0 157 58 219 140 240 0 0 0 "Vandalism"
0 156 57 218 139 241 0 0 1 "Vandalism"
0 155 57 217 139 242 0 0 1 "Vandalism"
0 155 57 217 139 243 0 0 1 "Vandalism"
0 154 57 216 139 244 0 0 1 "Vandalism"
0 154 57 216 139 245 0 0 0 "Vandalism"
0 153 56 215 138 246 0 0 1 "Vandalism"
0 152 56 214 138 247 0 0 1 "Vandalism"
0 151 56 213 138 248 0 0 1 "Vandalism"
0 150 56 212 138 249 0 0 1 "Vandalism"
0 149 56 211 138 250 0 0 1 "Vandalism"
0 149 56 211 138 251 0 0 1 "Vandalism"
0 148 55 210 137 252 0 0 1 "Vandalism"
0 147 55 209 137 253 0 0 1 "Vandalism"
0 146 55 208 137 254 0 0 1 "Vandalism"
0 145 55 207 137 255 0 0 1 "Vandalism"
0 144 55 206 137 256 0 0 1 "Vandalism"
0 144 55 206 137 257 0 0 0 "Vandalism"
0 144 54 206 136 258 0 0 1 "Vandalism"
0 144 53 206 135 259 0 0 1 "Vandalism"
0 144 52 206 134 260 0 0 1 "Vandalism"
0 144 51 206 133 261 0 0 1 "Vandalism"
0 144 50 206 132 262 0 0 1 "Vandalism"
0 144 49 206 131 263 0 0 1 "Vandalism"
0 144 48 206 130 264 0 0 1 "Vandalism"
0 144 47 206 129 265 0 0 1 "Vandalism"
0 144 46 206 128 266 0 0 1 "Vandalism"
0 144 46 206 128 267 0 0 0 "Vandalism"
0 144 45 206 127 268 0 0 1 "Vandalism"
0 144 45 206 127 269 0 0 1 "Vandalism"
0 144 45 206 127 270 0 0 1 "Vandalism"
0 145 45 207 127 271 0 0 1 "Vandalism"
0 145 44 207 126 272 0 0 1 "Vandalism"
0 145 44 207 126 273 0 0 1 "Vandalism"
0 146 44 208 126 274 0 0 1 "Vandalism"
0 146 44 208 126 275 0 0 1 "Vandalism"
0 146 43 208 125 276 0 0 1 "Vandalism"
0 147 43 209 125 277 0 0 1 "Vandalism"
0 147 43 209 125 278 0 0 1 "Vandalism"
0 147 43 209 125 279 0 0 1 "Vandalism"
0 147 42 209 124 280 0 0 1 "Vandalism"
0 148 42 210 124 281 0 0 1 "Vandalism"
0 148 42 210 124 282 0 0 1 "Vandalism"
0 148 42 210 124 283 0 0 1 "Vandalism"
0 149 41 211 123 284 0 0 1 "Vandalism"
0 149 41 211 123 285 0 0 1 "Vandalism"
0 149 41 211 123 286 0 0 1 "Vandalism"
0 150 41 212 123 287 0 0 0 "Vandalism"
0 145 40 211 122 288 0 0 1 "Vandalism"
0 141 39 211 122 289 0 0 1 "Vandalism"
0 137 38 211 122 290 0 0 1 "Vandalism"
0 132 37 211 122 291 0 0 1 "Vandalism"
0 128 36 211 122 292 0 0 1 "Vandalism"
0 124 35 211 122 293 0 0 1 "Vandalism"
0 119 34 211 122 294 0 0 1 "Vandalism"
0 115 33 211 122 295 0 0 1 "Vandalism"
0 111 32 211 122 296 0 0 1 "Vandalism"
0 107 31 211 122 297 0 0 0 "Vandalism"
0 106 31 210 122 298 0 0 1 "Vandalism"
0 105 31 209 122 299 0 0 1 "Vandalism"
0 105 31 209 122 300 0 0 1 "Vandalism"
0 104 31 208 122 301 0 0 1 "Vandalism"
0 104 31 208 122 302 0 0 1 "Vandalism"
0 103 31 207 122 303 0 0 1 "Vandalism"
0 102 31 206 122 304 0 0 1 "Vandalism"
0 102 31 206 122 305 0 0 1 "Vandalism"
0 101 31 205 122 306 0 0 1 "Vandalism"
0 101 31 205 122 307 0 0 0 "Vandalism"
0 101 31 204 121 308 0 0 1 "Vandalism"
0 101 31 204 121 309 0 0 1 "Vandalism"
0 101 31 204 120 310 0 0 1 "Vandalism"
0 101 31 204 120 311 0 0 1 "Vandalism"
0 101 31 204 119 312 0 0 1 "Vandalism"
0 101 31 204 119 313 0 0 1 "Vandalism"
0 101 31 204 118 314 0 0 1 "Vandalism"
0 101 31 204 118 315 0 0 1 "Vandalism"
0 101 31 204 117 316 0 0 1 "Vandalism"
0 101 31 204 117 317 0 0 1 "Vandalism"
0 101 31 204 116 318 0 0 1 "Vandalism"
0 101 31 204 116 319 0 0 1 "Vandalism"
0 101 31 204 115 320 0 0 1 "Vandalism"
0 101 31 204 115 321 0 0 1 "Vandalism"
0 101 31 204 114 322 0 0 1 "Vandalism"
0 101 31 204 114 323 0 0 1 "Vandalism"
0 101 31 204 113 324 0 0 1 "Vandalism"
0 101 31 204 113 325 0 0 1 "Vandalism"
0 101 31 204 112 326 0 0 1 "Vandalism"
0 101 31 204 112 327 0 0 0 "Vandalism"
0 102 31 204 111 328 0 0 1 "Vandalism"
0 103 31 204 111 329 0 0 1 "Vandalism"
0 104 31 204 111 330 0 0 1 "Vandalism"
0 105 31 204 111 331 0 0 1 "Vandalism"
0 106 31 204 111 332 0 0 1 "Vandalism"
0 107 31 204 111 333 0 0 1 "Vandalism"
0 108 31 204 111 334 0 0 1 "Vandalism"
0 109 31 204 111 335 0 0 1 "Vandalism"
0 110 31 204 111 336 0 0 1 "Vandalism"
0 111 31 204 111 337 0 0 0 "Vandalism"
0 111 31 204 110 338 0 0 1 "Vandalism"
0 112 31 204 110 339 0 0 1 "Vandalism"
0 113 31 204 110 340 0 0 1 "Vandalism"
0 114 31 204 110 341 0 0 1 "Vandalism"
0 115 31 205 110 342 0 0 1 "Vandalism"
0 115 31 205 110 343 0 0 1 "Vandalism"
0 116 31 205 110 344 0 0 1 "Vandalism"
0 117 31 205 110 345 0 0 1 "Vandalism"
0 118 31 205 110 346 0 0 1 "Vandalism"
0 119 31 206 110 347 0 0 0 "Vandalism"
0 119 31 206 109 348 0 0 1 "Vandalism"
0 119 31 206 109 349 0 0 1 "Vandalism"
0 119 31 206 109 350 0 0 1 "Vandalism"
0 119 31 206 109 351 0 0 1 "Vandalism"
0 120 31 206 109 352 0 0 1 "Vandalism"
0 120 31 206 109 353 0 0 1 "Vandalism"
0 120 31 206 109 354 0 0 1 "Vandalism"
0 120 31 206 109 355 0 0 1 "Vandalism"
0 120 31 206 109 356 0 0 1 "Vandalism"
0 121 31 206 109 357 0 0 0 "Vandalism"
0 121 31 206 108 358 0 0 1 "Vandalism"
0 121 31 206 108 359 0 0 1 "Vandalism"
0 121 31 206 108 360 0 0 1 "Vandalism"
0 121 31 206 108 361 0 0 1 "Vandalism"
0 122 31 206 108 362 0 0 1 "Vandalism"
0 122 31 206 108 363 0 0 1 "Vandalism"
0 122 31 206 108 364 0 0 1 "Vandalism"
0 122 31 206 108 365 0 0 1 "Vandalism"
0 122 31 206 108 366 0 0 1 "Vandalism"
0 123 31 206 108 367 0 0 0 "Vandalism"
0 123 31 205 106 368 0 0 1 "Vandalism"
0 123 31 205 105 369 0 0 1 "Vandalism"
0 123 31 205 104 370 0 0 1 "Vandalism"
0 123 31 205 103 371 0 0 1 "Vandalism"
0 123 31 205 102 372 0 0 1 "Vandalism"
0 123 31 205 101 373 0 0 1 "Vandalism"
0 123 31 205 100 374 0 0 1 "Vandalism"
0 123 31 205 99 375 0 0 1 "Vandalism"
0 123 31 205 98 376 0 0 1 "Vandalism"
0 123 31 205 97 377 0 0 0 "Vandalism"
0 122 30 204 96 378 0 0 1 "Vandalism"
0 121 30 203 96 379 0 0 1 "Vandalism"
0 120 30 202 96 380 0 0 1 "Vandalism"
0 120 30 202 96 381 0 0 1 "Vandalism"
0 119 30 201 96 382 0 0 1 "Vandalism"
0 118 30 200 96 383 0 0 1 "Vandalism"
0 118 30 200 96 384 0 0 1 "Vandalism"
0 117 30 199 96 385 0 0 1 "Vandalism"
0 116 30 198 96 386 0 0 1 "Vandalism"
0 116 30 198 96 387 0 0 0 "Vandalism"
0 115 30 197 96 388 0 0 1 "Vandalism"
0 115 30 197 96 389 0 0 1 "Vandalism"
0 115 30 197 96 390 0 0 1 "Vandalism"
0 115 30 197 96 391 0 0 1 "Vandalism"
0 115 30 197 96 392 0 0 1 "Vandalism"
0 114 30 196 96 393 0 0 1 "Vandalism"
0 114 30 196 96 394 0 0 1 "Vandalism"
0 114 30 196 96 395 0 0 1 "Vandalism"
0 114 30 196 96 396 0 0 1 "Vandalism"
0 114 30 196 96 397 0 0 0 "Vandalism"
0 114 29 196 95 398 0 0 1 "Vandalism"
0 114 29 196 95 399 0 0 1 "Vandalism"
0 114 29 196 94 400 0 0 1 "Vandalism"
0 114 29 196 94 401 0 0 1 "Vandalism"
0 114 29 196 93 402 0 0 1 "Vandalism"
0 114 29 196 93 403 0 0 1 "Vandalism"
0 114 29 196 92 404 0 0 1 "Vandalism"
0 114 29 196 92 405 0 0 1 "Vandalism"
0 114 29 196 91 406 0 0 1 "Vandalism"
0 115 29 196 91 407 0 0 0 "Vandalism"
0 115 29 196 90 408 0 0 1 "Vandalism"
0 116 29 196 90 409 0 0 1 "Vandalism"
0 117 29 196 90 410 0 0 1 "Vandalism"
0 118 29 196 90 411 0 0 1 "Vandalism"
0 119 29 196 90 412 0 0 1 "Vandalism"
0 119 29 196 90 413 0 0 1 "Vandalism"
0 120 29 196 90 414 0 0 1 "Vandalism"
0 121 29 196 90 415 0 0 1 "Vandalism"
0 122 29 196 90 416 0 0 1 "Vandalism"
0 123 29 196 90 417 0 0 0 "Vandalism"
0 123 29 196 90 418 0 0 1 "Vandalism"
0 124 29 197 90 419 0 0 1 "Vandalism"
0 125 30 198 91 420 0 0 1 "Vandalism"
0 125 30 198 91 421 0 0 1 "Vandalism"
0 126 31 199 92 422 0 0 1 "Vandalism"
0 127 31 200 92 423 0 0 1 "Vandalism"
0 127 31 200 92 424 0 0 1 "Vandalism"
0 128 32 201 93 425 0 0 1 "Vandalism"
0 129 32 202 93 426 0 0 1 "Vandalism"
0 130 33 203 94 427 0 0 0 "Vandalism"
0 128 32 202 93 428 0 0 1 "Vandalism"
0 126 32 202 93 429 0 0 1 "Vandalism"
0 124 32 201 93 430 0 0 1 "Vandalism"
0 122 32 201 93 431 0 0 1 "Vandalism"
0 120 32 201 93 432 0 0 1 "Vandalism"
0 118 32 200 92 433 0 0 1 "Vandalism"
0 116 32 200 92 434 0 0 1 "Vandalism"
0 114 32 199 92 435 0 0 1 "Vandalism"
0 112 32 199 92 436 0 0 1 "Vandalism"
0 110 32 199 92 437 0 0 0 "Vandalism"
0 109 31 199 92 438 0 0 1 "Vandalism"
0 109 31 200 93 439 0 0 1 "Vandalism"
0 108 31 200 94 440 0 0 1 "Vandalism"
0 108 30 201 94 441 0 0 1 "Vandalism"
0 108 30 201 95 442 0 0 1 "Vandalism"
0 107 30 202 96 443 0 0 1 "Vandalism"
0 107 29 202 96 444 0 0 1 "Vandalism"
0 106 29 203 97 445 0 0 1 "Vandalism"
0 106 29 203 98 446 0 0 1 "Vandalism"
0 106 29 204 99 447 0 0 0 "Vandalism"
0 106 29 205 100 448 0 0 1 "Vandalism"
0 106 29 206 101 449 0 0 1 "Vandalism"
0 106 29 207 102 450 0 0 1 "Vandalism"
0 106 29 208 103 451 0 0 1 "Vandalism"
0 106 29 209 105 452 0 0 1 "Vandalism"
0 106 29 210 106 453 0 0 1 "Vandalism"
0 106 29 211 107 454 0 0 1 "Vandalism"
0 106 29 212 108 455 0 0 1 "Vandalism"
0 106 29 213 109 456 0 0 1 "Vandalism"
0 106 29 214 111 457 0 0 0 "Vandalism"
0 106 29 213 111 458 0 0 1 "Vandalism"
0 106 29 213 112 459 0 0 1 "Vandalism"
0 106 29 213 113 460 0 0 1 "Vandalism"
0 106 29 213 114 461 0 0 1 "Vandalism"
0 106 29 213 115 462 0 0 1 "Vandalism"
0 106 29 213 116 463 0 0 1 "Vandalism"
0 106 29 213 117 464 0 0 1 "Vandalism"
0 106 29 213 118 465 0 0 1 "Vandalism"
0 106 29 213 119 466 0 0 1 "Vandalism"
0 106 29 213 120 467 0 0 0 "Vandalism"
0 112 29 214 119 468 0 0 1 "Vandalism"
0 118 30 215 118 469 0 0 1 "Vandalism"
0 124 31 216 118 470 0 0 1 "Vandalism"
0 130 32 217 117 471 0 0 1 "Vandalism"
0 136 33 218 117 472 0 0 1 "Vandalism"
0 142 33 219 116 473 0 0 1 "Vandalism"
0 148 34 220 115 474 0 0 1 "Vandalism"
0 154 35 221 115 475 0 0 1 "Vandalism"
0 160 36 222 114 476 0 0 1 "Vandalism"
0 167 37 224 114 477 0 0 0 "Vandalism"
0 168 37 225 114 478 0 0 1 "Vandalism"
0 169 37 226 114 479 0 0 1 "Vandalism"
0 171 38 228 115 480 0 0 1 "Vandalism"
0 172 38 229 115 481 0 0 1 "Vandalism"
0 174 39 231 116 482 0 0 1 "Vandalism"
0 175 39 232 116 483 0 0 1 "Vandalism"
0 176 39 233 116 484 0 0 1 "Vandalism"
0 178 40 235 117 485 0 0 1 "Vandalism"
0 179 40 236 117 486 0 0 1 "Vandalism"
0 181 41 238 118 487 0 0 0 "Vandalism"
0 183 42 240 119 488 0 0 1 "Vandalism"
0 186 43 243 120 489 0 0 1 "Vandalism"
0 189 44 246 121 490 0 0 1 "Vandalism"
0 191 45 248 122 491 0 0 1 "Vandalism"
0 194 46 251 123 492 0 0 1 "Vandalism"
0 197 47 254 124 493 0 0 1 "Vandalism"
0 199 48 256 125 494 0 0 1 "Vandalism"
0 202 49 259 126 495 0 0 1 "Vandalism"
0 205 50 262 127 496 0 0 1 "Vandalism"
0 208 51 265 128 497 0 0 0 "Vandalism"
0 209 51 266 128 498 0 0 1 "Vandalism"
0 211 52 268 129 499 0 0 1 "Vandalism"
0 213 52 270 129 500 0 0 1 "Vandalism"
0 214 53 271 130 501 0 0 1 "Vandalism"
0 216 53 273 130 502 0 0 1 "Vandalism"
0 218 54 275 131 503 0 0 1 "Vandalism"
0 219 54 276 131 504 0 0 1 "Vandalism"
0 221 55 278 132 505 0 0 1 "Vandalism"
0 223 55 280 132 506 0 0 1 "Vandalism"
0 225 56 282 133 507 0 0 0 "Vandalism"
0 227 56 283 133 508 0 0 1 "Vandalism"
0 229 56 284 133 509 0 0 1 "Vandalism"
0 232 56 285 133 510 0 0 1 "Vandalism"
0 234 56 286 133 511 0 0 1 "Vandalism"
0 237 57 287 133 512 0 0 1 "Vandalism"
0 239 57 288 133 513 0 0 1 "Vandalism"
0 241 57 289 133 514 0 0 1 "Vandalism"
0 244 57 290 133 515 0 0 1 "Vandalism"
0 246 57 291 133 516 0 0 1 "Vandalism"
0 249 58 292 134 517 0 0 0 "Vandalism"
0 251 58 294 133 518 0 0 1 "Vandalism"
0 253 58 296 133 519 0 0 1 "Vandalism"
0 255 59 298 132 520 0 0 1 "Vandalism"
0 258 59 300 132 521 0 0 1 "Vandalism"
0 260 60 303 131 522 0 0 1 "Vandalism"
0 262 60 305 131 523 0 0 1 "Vandalism"
0 265 60 307 130 524 0 0 1 "Vandalism"
0 267 61 309 130 525 0 0 1 "Vandalism"
0 269 61 311 129 526 0 0 1 "Vandalism"
0 272 62 314 129 527 1 0 0 "Vandalism"
0 273 61 314 128 528 1 0 1 "Vandalism"
0 274 61 315 128 529 1 0 1 "Vandalism"
0 275 61 315 128 530 1 0 1 "Vandalism"
0 276 61 316 128 531 1 0 1 "Vandalism"
0 278 61 316 128 532 1 0 1 "Vandalism"
0 279 61 317 128 533 1 0 1 "Vandalism"
0 280 61 317 128 534 1 0 1 "Vandalism"
0 281 61 318 128 535 1 0 1 "Vandalism"
0 283 61 319 128 536 1 0 0 "Vandalism"
0 283 61 319 128 537 1 0 1 "Vandalism"
0 283 61 319 128 538 1 0 1 "Vandalism"
0 283 61 319 128 539 1 0 1 "Vandalism"
0 283 61 319 128 540 1 0 1 "Vandalism"
0 283 61 319 128 541 1 0 1 "Vandalism"
0 283 61 319 128 542 1 0 1 "Vandalism"
0 283 61 319 128 543 1 0 1 "Vandalism"
0 283 61 319 128 544 1 0 1 "Vandalism"
0 283 61 319 128 545 1 0 1 "Vandalism"
0 283 61 319 128 546 1 0 1 "Vandalism"
0 283 61 319 128 547 1 0 1 "Vandalism"
0 283 61 319 128 548 1 0 1 "Vandalism"
0 283 61 319 128 549 1 0 1 "Vandalism"
0 283 61 319 128 550 1 0 1 "Vandalism"
0 283 61 319 128 551 1 0 1 "Vandalism"
0 283 61 319 128 552 1 0 1 "Vandalism"
0 283 61 319 128 553 1 0 1 "Vandalism"
0 283 61 319 128 554 1 0 1 "Vandalism"
0 283 61 319 128 555 1 0 1 "Vandalism"
0 283 61 319 128 556 1 0 1 "Vandalism"
0 283 61 319 128 557 1 0 1 "Vandalism"
0 283 61 319 128 558 1 0 1 "Vandalism"
0 283 61 319 128 559 1 0 1 "Vandalism"
0 283 61 319 128 560 1 0 1 "Vandalism"
0 283 61 319 128 561 1 0 1 "Vandalism"
0 283 61 319 128 562 1 0 1 "Vandalism"
0 283 61 319 128 563 1 0 1 "Vandalism"
0 283 61 319 128 564 1 0 1 "Vandalism"
0 283 61 319 128 565 1 0 1 "Vandalism"
0 283 61 319 128 566 1 0 1 "Vandalism"
0 283 61 319 128 567 1 0 1 "Vandalism"
0 283 61 319 128 568 1 0 1 "Vandalism"
0 283 61 319 128 569 1 0 1 "Vandalism"
0 283 61 319 128 570 1 0 1 "Vandalism"
0 283 61 319 128 571 1 0 1 "Vandalism"
0 283 61 319 128 572 1 0 1 "Vandalism"
0 283 61 319 128 573 1 0 1 "Vandalism"
0 283 61 319 128 574 1 0 1 "Vandalism"
0 283 61 319 128 575 1 0 1 "Vandalism"
0 283 61 319 128 576 1 0 1 "Vandalism"
0 283 61 319 128 577 1 0 1 "Vandalism"
0 283 61 319 128 578 1 0 1 "Vandalism"
0 283 61 319 128 579 1 0 1 "Vandalism"
0 283 61 319 128 580 1 0 1 "Vandalism"
0 283 61 319 128 581 1 0 1 "Vandalism"
0 283 61 319 128 582 1 0 1 "Vandalism"
0 283 61 319 128 583 1 0 1 "Vandalism"
0 283 61 319 128 584 1 0 1 "Vandalism"
0 283 61 319 128 585 1 0 1 "Vandalism"
0 283 61 319 128 586 1 0 1 "Vandalism"
0 283 61 319 128 587 1 0 1 "Vandalism"
0 283 61 319 128 588 1 0 1 "Vandalism"
0 283 61 319 128 589 1 0 1 "Vandalism"
0 283 61 319 128 590 1 0 1 "Vandalism"
0 283 61 319 128 591 1 0 1 "Vandalism"
0 283 61 319 128 592 1 0 1 "Vandalism"
0 283 61 319 128 593 1 0 1 "Vandalism"
0 283 61 319 128 594 1 0 1 "Vandalism"
0 283 61 319 128 595 1 0 1 "Vandalism"
0 283 61 319 128 596 1 0 1 "Vandalism"
0 283 61 319 128 597 1 0 1 "Vandalism"
0 283 61 319 128 598 1 0 1 "Vandalism"
0 283 61 319 128 599 1 0 1 "Vandalism"
0 283 61 319 128 600 1 0 1 "Vandalism"
0 283 61 319 128 601 1 0 1 "Vandalism"
0 283 61 319 128 602 1 0 1 "Vandalism"
0 283 61 319 128 603 1 0 1 "Vandalism"
0 283 61 319 128 604 1 0 1 "Vandalism"
0 283 61 319 128 605 1 0 1 "Vandalism"
0 283 61 319 128 606 1 0 1 "Vandalism"
0 283 61 319 128 607 1 0 1 "Vandalism"
0 283 61 319 128 608 1 0 1 "Vandalism"
0 283 61 319 128 609 1 0 1 "Vandalism"
0 283 61 319 128 610 1 0 1 "Vandalism"
0 283 61 319 128 611 1 0 1 "Vandalism"
0 283 61 319 128 612 1 0 1 "Vandalism"
0 283 61 319 128 613 1 0 1 "Vandalism"
0 283 61 319 128 614 1 0 1 "Vandalism"
0 283 61 319 128 615 1 0 1 "Vandalism"
0 283 61 319 128 616 1 0 1 "Vandalism"
0 283 61 319 128 617 1 0 1 "Vandalism"
0 283 61 319 128 618 1 0 1 "Vandalism"
0 283 61 319 128 619 1 0 1 "Vandalism"
0 283 61 319 128 620 1 0 1 "Vandalism"
0 283 61 319 128 621 1 0 1 "Vandalism"
0 283 61 319 128 622 1 0 1 "Vandalism"
0 283 61 319 128 623 1 0 1 "Vandalism"
0 283 61 319 128 624 1 0 1 "Vandalism"
0 283 61 319 128 625 1 0 1 "Vandalism"
0 283 61 319 128 626 1 0 1 "Vandalism"
0 283 61 319 128 627 1 0 1 "Vandalism"
0 283 61 319 128 628 1 0 1 "Vandalism"
0 283 61 319 128 629 1 0 1 "Vandalism"
0 283 61 319 128 630 1 0 1 "Vandalism"
0 283 61 319 128 631 1 0 1 "Vandalism"
0 283 61 319 128 632 1 0 1 "Vandalism"
0 283 61 319 128 633 1 0 1 "Vandalism"
0 283 61 319 128 634 1 0 1 "Vandalism"
0 283 61 319 128 635 1 0 1 "Vandalism"
0 283 61 319 128 636 1 0 1 "Vandalism"
0 283 61 319 128 637 1 0 1 "Vandalism"
0 283 61 319 128 638 1 0 1 "Vandalism"
0 283 61 319 128 639 1 0 1 "Vandalism"
0 283 61 319 128 640 1 0 1 "Vandalism"
0 283 61 319 128 641 1 0 1 "Vandalism"
0 283 61 319 128 642 1 0 1 "Vandalism"
0 283 61 319 128 643 1 0 1 "Vandalism"
0 283 61 319 128 644 1 0 1 "Vandalism"
0 283 61 319 128 645 1 0 1 "Vandalism"
0 283 61 319 128 646 1 0 1 "Vandalism"
0 283 61 319 128 647 1 0 1 "Vandalism"
0 283 61 319 128 648 1 0 1 "Vandalism"
0 283 61 319 128 649 1 0 1 "Vandalism"
0 283 61 319 128 650 1 0 1 "Vandalism"
0 283 61 319 128 651 1 0 1 "Vandalism"
0 283 61 319 128 652 1 0 1 "Vandalism"
0 283 61 319 128 653 1 0 1 "Vandalism"
0 283 61 319 128 654 1 0 1 "Vandalism"
0 283 61 319 128 655 1 0 1 "Vandalism"
0 283 61 319 128 656 1 0 1 "Vandalism"
0 283 61 319 128 657 1 0 1 "Vandalism"
0 283 61 319 128 658 1 0 1 "Vandalism"
0 283 61 319 128 659 1 0 1 "Vandalism"
0 283 61 319 128 660 1 0 1 "Vandalism"
0 283 61 319 128 661 1 0 1 "Vandalism"
0 283 61 319 128 662 1 0 1 "Vandalism"
0 283 61 319 128 663 1 0 1 "Vandalism"
0 283 61 319 128 664 1 0 1 "Vandalism"
0 283 61 319 128 665 1 0 1 "Vandalism"
0 283 61 319 128 666 1 0 1 "Vandalism"
0 283 61 319 128 667 1 0 1 "Vandalism"
0 283 61 319 128 668 1 0 1 "Vandalism"
0 283 61 319 128 669 1 0 1 "Vandalism"
0 283 61 319 128 670 1 0 1 "Vandalism"
0 283 61 319 128 671 1 0 1 "Vandalism"
0 283 61 319 128 672 1 0 1 "Vandalism"
0 283 61 319 128 673 1 0 1 "Vandalism"
0 283 61 319 128 674 1 0 1 "Vandalism"
0 283 61 319 128 675 1 0 1 "Vandalism"
0 283 61 319 128 676 1 0 1 "Vandalism"
0 283 61 319 128 677 1 0 1 "Vandalism"
0 283 61 319 128 678 1 0 1 "Vandalism"
0 283 61 319 128 679 1 0 1 "Vandalism"
0 283 61 319 128 680 1 0 1 "Vandalism"
0 283 61 319 128 681 1 0 1 "Vandalism"
0 283 61 319 128 682 1 0 1 "Vandalism"
0 283 61 319 128 683 1 0 1 "Vandalism"
0 283 61 319 128 684 1 0 1 "Vandalism"
0 283 61 319 128 685 1 0 1 "Vandalism"
0 283 61 319 128 686 1 0 1 "Vandalism"
0 283 61 319 128 687 1 0 1 "Vandalism"
0 283 61 319 128 688 1 0 1 "Vandalism"
0 283 61 319 128 689 1 0 1 "Vandalism"
0 283 61 319 128 690 1 0 1 "Vandalism"
0 283 61 319 128 691 1 0 1 "Vandalism"
0 283 61 319 128 692 1 0 1 "Vandalism"
0 283 61 319 128 693 1 0 1 "Vandalism"
0 283 61 319 128 694 1 0 1 "Vandalism"
0 283 61 319 128 695 1 0 1 "Vandalism"
0 283 61 319 128 696 1 0 1 "Vandalism"
0 283 61 319 128 697 1 0 1 "Vandalism"
0 283 61 319 128 698 1 0 1 "Vandalism"
0 283 61 319 128 699 1 0 1 "Vandalism"
0 283 61 319 128 700 1 0 0 "Vandalism"
