0 111 75 152 146 0 1 0 0 "Vandalism"
0 110 75 151 146 1 1 0 1 "Vandalism"
0 110 75 151 146 2 1 0 1 "Vandalism"
0 110 75 151 146 3 1 0 1 "Vandalism"
0 110 75 151 146 4 1 0 1 "Vandalism"
0 110 75 151 146 5 1 0 1 "Vandalism"
0 110 75 151 146 6 1 0 1 "Vandalism"
0 110 75 151 146 7 1 0 1 "Vandalism"
0 110 75 151 146 8 1 0 1 "Vandalism"
0 110 75 151 146 9 1 0 1 "Vandalism"
0 110 75 151 146 10 1 0 1 "Vandalism"
0 110 75 151 146 11 1 0 1 "Vandalism"
0 110 75 151 146 12 1 0 1 "Vandalism"
0 110 75 151 146 13 1 0 1 "Vandalism"
0 110 75 151 146 14 1 0 1 "Vandalism"
0 110 75 151 146 15 1 0 1 "Vandalism"
0 110 75 151 146 16 1 0 1 "Vandalism"
0 110 75 151 146 17 1 0 1 "Vandalism"
0 110 75 151 146 18 1 0 1 "Vandalism"
0 110 75 151 146 19 1 0 1 "Vandalism"
0 110 75 151 146 20 1 0 1 "Vandalism"
0 110 75 151 146 21 1 0 1 "Vandalism"
0 110 75 151 146 22 1 0 1 "Vandalism"
0 110 75 151 146 23 1 0 1 "Vandalism"
0 110 75 151 146 24 1 0 1 "Vandalism"
0 110 75 151 146 25 1 0 1 "Vandalism"
0 110 75 151 146 26 1 0 1 "Vandalism"
0 110 75 151 146 27 1 0 1 "Vandalism"
0 110 75 151 146 28 1 0 1 "Vandalism"
0 110 75 151 146 29 1 0 1 "Vandalism"
0 110 76 151 146 30 1 0 1 "Vandalism"
0 110 76 151 146 31 1 0 1 "Vandalism"
0 110 76 151 146 32 1 0 1 "Vandalism"
0 110 76 151 146 33 1 0 1 "Vandalism"
0 110 76 151 146 34 1 0 1 "Vandalism"
0 110 76 151 146 35 1 0 1 "Vandalism"
0 110 76 151 146 36 1 0 1 "Vandalism"
0 110 76 151 146 37 1 0 1 "Vandalism"
0 110 76 151 146 38 1 0 1 "Vandalism"
0 110 76 151 146 39 1 0 1 "Vandalism"
0 110 76 151 146 40 1 0 1 "Vandalism"
0 110 76 151 146 41 1 0 1 "Vandalism"
0 110 76 151 146 42 1 0 1 "Vandalism"
0 110 76 151 146 43 1 0 1 "Vandalism"
0 110 76 151 146 44 1 0 1 "Vandalism"
0 110 76 151 146 45 1 0 1 "Vandalism"
0 110 76 151 146 46 1 0 1 "Vandalism"
0 110 76 151 146 47 1 0 1 "Vandalism"
0 110 76 151 146 48 1 0 1 "Vandalism"
0 110 76 151 146 49 1 0 1 "Vandalism"
0 110 76 151 146 50 1 0 1 "Vandalism"
0 110 76 151 146 51 1 0 1 "Vandalism"
0 110 76 151 146 52 1 0 1 "Vandalism"
0 110 76 151 146 53 1 0 1 "Vandalism"
0 110 76 151 146 54 1 0 1 "Vandalism"
0 110 76 151 146 55 1 0 1 "Vandalism"
0 110 76 151 146 56 1 0 1 "Vandalism"
0 110 76 151 146 57 1 0 1 "Vandalism"
0 110 76 151 146 58 1 0 1 "Vandalism"
0 110 76 151 146 59 1 0 1 "Vandalism"
0 110 77 151 146 60 1 0 1 "Vandalism"
0 110 77 151 146 61 1 0 1 "Vandalism"
0 110 77 151 146 62 1 0 1 "Vandalism"
0 110 77 151 146 63 1 0 1 "Vandalism"
0 110 77 151 146 64 1 0 1 "Vandalism"
0 110 77 151 146 65 1 0 1 "Vandalism"
0 110 77 151 146 66 1 0 1 "Vandalism"
0 110 77 151 146 67 1 0 1 "Vandalism"
0 110 77 151 146 68 1 0 1 "Vandalism"
0 110 77 151 146 69 1 0 1 "Vandalism"
0 110 77 151 146 70 1 0 1 "Vandalism"
0 110 77 151 146 71 1 0 1 "Vandalism"
0 110 77 151 146 72 1 0 1 "Vandalism"
0 110 77 151 146 73 1 0 1 "Vandalism"
0 110 77 151 146 74 1 0 1 "Vandalism"
0 110 77 151 146 75 1 0 1 "Vandalism"
0 110 77 151 146 76 1 0 1 "Vandalism"
0 110 77 151 146 77 1 0 1 "Vandalism"
0 110 77 151 146 78 1 0 1 "Vandalism"
0 110 77 151 146 79 1 0 1 "Vandalism"
0 110 77 151 146 80 1 0 1 "Vandalism"
0 110 77 151 146 81 1 0 1 "Vandalism"
0 110 77 151 146 82 1 0 1 "Vandalism"
0 110 77 151 146 83 1 0 1 "Vandalism"
0 110 77 151 146 84 1 0 1 "Vandalism"
0 110 77 151 146 85 1 0 1 "Vandalism"
0 110 77 151 146 86 1 0 1 "Vandalism"
0 110 77 151 146 87 1 0 1 "Vandalism"
0 110 77 151 146 88 1 0 1 "Vandalism"
0 110 77 151 146 89 1 0 1 "Vandalism"
0 110 78 151 146 90 1 0 1 "Vandalism"
0 110 78 151 146 91 1 0 1 "Vandalism"
0 110 78 151 146 92 1 0 1 "Vandalism"
0 110 78 151 146 93 1 0 1 "Vandalism"
0 110 78 151 146 94 1 0 1 "Vandalism"
0 110 78 151 146 95 1 0 1 "Vandalism"
0 110 78 151 146 96 1 0 1 "Vandalism"
0 110 78 151 146 97 1 0 1 "Vandalism"
0 110 78 151 146 98 1 0 1 "Vandalism"
0 110 78 151 146 99 1 0 1 "Vandalism"
0 110 78 151 146 100 1 0 1 "Vandalism"
0 110 78 151 146 101 1 0 1 "Vandalism"
0 110 78 151 146 102 1 0 1 "Vandalism"
0 110 78 151 146 103 1 0 1 "Vandalism"
0 110 78 151 146 104 1 0 1 "Vandalism"
0 110 78 150 146 105 1 0 1 "Vandalism"
0 110 78 150 146 106 1 0 1 "Vandalism"
0 110 78 150 146 107 1 0 1 "Vandalism"
0 110 78 150 146 108 1 0 1 "Vandalism"
0 110 78 150 146 109 1 0 1 "Vandalism"
0 110 78 150 146 110 1 0 1 "Vandalism"
0 110 78 150 146 111 1 0 1 "Vandalism"
0 110 78 150 146 112 1 0 1 "Vandalism"
0 110 78 150 146 113 1 0 1 "Vandalism"
0 110 78 150 146 114 1 0 1 "Vandalism"
0 110 78 150 146 115 1 0 1 "Vandalism"
0 110 78 150 146 116 1 0 1 "Vandalism"
0 110 78 150 146 117 1 0 1 "Vandalism"
0 110 78 150 146 118 1 0 1 "Vandalism"
0 110 78 150 146 119 1 0 1 "Vandalism"
0 110 79 150 146 120 1 0 1 "Vandalism"
0 110 79 150 146 121 1 0 1 "Vandalism"
0 110 79 150 146 122 1 0 1 "Vandalism"
0 110 79 150 146 123 1 0 1 "Vandalism"
0 110 79 150 146 124 1 0 1 "Vandalism"
0 110 79 150 146 125 1 0 1 "Vandalism"
0 110 79 150 146 126 1 0 1 "Vandalism"
0 110 79 150 146 127 1 0 1 "Vandalism"
0 110 79 150 146 128 1 0 1 "Vandalism"
0 110 79 150 146 129 1 0 1 "Vandalism"
0 110 79 150 146 130 1 0 1 "Vandalism"
0 110 79 150 146 131 1 0 1 "Vandalism"
0 110 79 150 146 132 1 0 1 "Vandalism"
0 110 79 150 146 133 1 0 1 "Vandalism"
0 110 79 150 146 134 1 0 1 "Vandalism"
0 110 79 150 146 135 1 0 1 "Vandalism"
0 110 79 150 146 136 1 0 1 "Vandalism"
0 110 79 150 146 137 1 0 1 "Vandalism"
0 110 79 150 146 138 1 0 1 "Vandalism"
0 110 79 150 146 139 1 0 1 "Vandalism"
0 110 79 150 146 140 1 0 1 "Vandalism"
0 110 79 150 146 141 1 0 1 "Vandalism"
0 110 79 150 146 142 1 0 1 "Vandalism"
0 110 79 150 146 143 1 0 1 "Vandalism"
0 110 79 150 146 144 1 0 1 "Vandalism"
0 110 79 150 146 145 1 0 1 "Vandalism"
0 110 79 150 146 146 1 0 1 "Vandalism"
0 110 79 150 146 147 1 0 1 "Vandalism"
0 110 79 150 146 148 1 0 1 "Vandalism"
0 110 79 150 146 149 1 0 1 "Vandalism"
0 110 80 150 146 150 1 0 1 "Vandalism"
0 110 80 150 146 151 1 0 1 "Vandalism"
0 110 80 150 146 152 1 0 1 "Vandalism"
0 110 80 150 146 153 1 0 1 "Vandalism"
0 110 80 150 146 154 1 0 1 "Vandalism"
0 110 80 150 146 155 1 0 1 "Vandalism"
0 110 80 150 146 156 1 0 1 "Vandalism"
0 110 80 150 146 157 1 0 1 "Vandalism"
0 110 80 150 146 158 1 0 1 "Vandalism"
0 110 80 150 146 159 1 0 1 "Vandalism"
0 110 80 150 146 160 1 0 1 "Vandalism"
0 110 80 150 146 161 1 0 1 "Vandalism"
0 110 80 150 146 162 1 0 1 "Vandalism"
0 110 80 150 146 163 1 0 1 "Vandalism"
0 110 80 150 146 164 1 0 1 "Vandalism"
0 110 80 150 146 165 1 0 1 "Vandalism"
0 110 80 150 146 166 1 0 1 "Vandalism"
0 110 80 150 146 167 1 0 1 "Vandalism"
0 110 80 150 146 168 1 0 1 "Vandalism"
0 110 80 150 146 169 1 0 1 "Vandalism"
0 110 80 150 146 170 1 0 1 "Vandalism"
0 110 80 150 146 171 1 0 1 "Vandalism"
0 110 80 150 146 172 1 0 1 "Vandalism"
0 110 80 150 146 173 1 0 1 "Vandalism"
0 110 80 150 146 174 1 0 1 "Vandalism"
0 110 80 150 146 175 1 0 1 "Vandalism"
0 110 80 150 146 176 1 0 1 "Vandalism"
0 110 80 150 146 177 1 0 1 "Vandalism"
0 110 80 150 146 178 1 0 1 "Vandalism"
0 110 80 150 146 179 1 0 1 "Vandalism"
0 110 81 150 146 180 1 0 1 "Vandalism"
0 110 81 150 146 181 1 0 1 "Vandalism"
0 110 81 150 146 182 1 0 1 "Vandalism"
0 110 81 150 146 183 1 0 1 "Vandalism"
0 110 81 150 146 184 1 0 1 "Vandalism"
0 110 81 150 146 185 1 0 1 "Vandalism"
0 110 81 150 146 186 1 0 1 "Vandalism"
0 110 81 150 146 187 1 0 1 "Vandalism"
0 110 81 150 146 188 1 0 1 "Vandalism"
0 110 81 150 146 189 1 0 1 "Vandalism"
0 110 81 150 146 190 1 0 1 "Vandalism"
0 110 81 150 146 191 1 0 1 "Vandalism"
0 110 81 150 146 192 1 0 1 "Vandalism"
0 110 81 150 146 193 1 0 1 "Vandalism"
0 110 81 150 146 194 1 0 1 "Vandalism"
0 110 81 150 146 195 1 0 1 "Vandalism"
0 110 81 150 146 196 1 0 1 "Vandalism"
0 110 81 150 146 197 1 0 1 "Vandalism"
0 110 81 150 146 198 1 0 1 "Vandalism"
0 110 81 150 146 199 1 0 1 "Vandalism"
0 110 81 150 146 200 1 0 1 "Vandalism"
0 110 81 150 146 201 1 0 1 "Vandalism"
0 110 81 150 146 202 1 0 1 "Vandalism"
0 110 81 150 146 203 1 0 1 "Vandalism"
0 110 81 150 146 204 1 0 1 "Vandalism"
0 110 81 150 146 205 1 0 1 "Vandalism"
0 110 81 150 146 206 1 0 1 "Vandalism"
0 110 81 150 146 207 1 0 1 "Vandalism"
0 110 81 150 146 208 1 0 1 "Vandalism"
0 110 82 150 147 209 0 0 0 "Vandalism"
0 110 82 150 146 210 0 0 1 "Vandalism"
0 110 82 150 146 211 0 0 1 "Vandalism"
0 110 82 151 146 212 0 0 1 "Vandalism"
0 110 82 151 146 213 0 0 1 "Vandalism"
0 110 82 152 146 214 0 0 1 "Vandalism"
0 110 82 152 146 215 0 0 1 "Vandalism"
0 110 82 152 146 216 0 0 1 "Vandalism"
0 110 82 153 146 217 0 0 1 "Vandalism"
0 110 82 153 146 218 0 0 1 "Vandalism"
0 110 82 154 146 219 0 0 1 "Vandalism"
0 110 82 154 146 220 0 0 1 "Vandalism"
0 110 82 154 146 221 0 0 1 "Vandalism"
0 110 82 155 146 222 0 0 1 "Vandalism"
0 110 82 155 146 223 0 0 1 "Vandalism"
0 110 82 156 146 224 0 0 0 "Vandalism"
0 110 82 155 146 225 0 0 1 "Vandalism"
0 110 82 155 147 226 0 0 1 "Vandalism"
0 110 82 155 148 227 0 0 1 "Vandalism"
0 110 82 155 149 228 0 0 1 "Vandalism"
0 110 82 155 150 229 0 0 1 "Vandalism"
0 110 82 155 151 230 0 0 1 "Vandalism"
0 110 82 155 152 231 0 0 1 "Vandalism"
0 110 82 155 153 232 0 0 1 "Vandalism"
0 110 82 155 154 233 0 0 1 "Vandalism"
0 110 82 155 155 234 0 0 1 "Vandalism"
0 110 82 155 156 235 0 0 0 "Vandalism"
0 109 82 154 156 236 0 0 1 "Vandalism"
0 109 82 154 156 237 0 0 1 "Vandalism"
0 108 82 153 156 238 0 0 1 "Vandalism"
0 108 82 153 156 239 0 0 1 "Vandalism"
0 108 82 153 156 240 0 0 0 "Vandalism"
0 107 82 152 156 241 0 0 1 "Vandalism"
0 107 82 152 156 242 0 0 1 "Vandalism"
0 107 82 152 156 243 0 0 1 "Vandalism"
0 107 82 152 156 244 0 0 1 "Vandalism"
0 107 82 152 156 245 0 0 1 "Vandalism"
0 107 82 152 157 246 0 0 1 "Vandalism"
0 107 82 151 157 247 0 0 1 "Vandalism"
0 107 82 151 157 248 0 0 1 "Vandalism"
0 107 82 151 157 249 0 0 1 "Vandalism"
0 107 82 151 157 250 0 0 1 "Vandalism"
0 107 82 151 157 251 0 0 1 "Vandalism"
0 107 82 151 158 252 0 0 0 "Vandalism"
0 107 82 151 157 253 0 0 1 "Vandalism"
0 107 82 151 157 254 0 0 1 "Vandalism"
0 107 82 151 157 255 0 0 1 "Vandalism"
0 107 82 152 157 256 0 0 1 "Vandalism"
0 107 82 152 157 257 0 0 1 "Vandalism"
0 107 82 152 157 258 0 0 1 "Vandalism"
0 107 82 153 157 259 0 0 1 "Vandalism"
0 107 82 153 157 260 0 0 1 "Vandalism"
0 107 82 153 157 261 0 0 1 "Vandalism"
0 107 82 154 157 262 0 0 0 "Vandalism"
0 106 81 153 156 263 0 0 1 "Vandalism"
0 106 81 153 156 264 0 0 1 "Vandalism"
0 106 81 153 156 265 0 0 1 "Vandalism"
0 105 81 152 156 266 0 0 1 "Vandalism"
0 105 81 152 156 267 0 0 1 "Vandalism"
0 105 81 152 156 268 0 0 1 "Vandalism"
0 104 81 151 156 269 0 0 1 "Vandalism"
0 104 81 151 156 270 0 0 1 "Vandalism"
0 104 81 151 156 271 0 0 1 "Vandalism"
0 104 81 151 156 272 0 0 0 "Vandalism"
0 104 81 151 155 273 0 0 1 "Vandalism"
0 105 81 151 155 274 0 0 1 "Vandalism"
0 105 81 151 155 275 0 0 1 "Vandalism"
0 106 81 151 155 276 0 0 1 "Vandalism"
0 107 81 151 155 277 0 0 1 "Vandalism"
0 107 81 151 155 278 0 0 1 "Vandalism"
0 108 81 151 155 279 0 0 1 "Vandalism"
0 108 81 151 155 280 0 0 1 "Vandalism"
0 109 81 151 155 281 0 0 1 "Vandalism"
0 110 81 151 155 282 0 0 0 "Vandalism"
0 110 81 152 155 283 0 0 1 "Vandalism"
0 110 81 153 155 284 0 0 1 "Vandalism"
0 110 81 154 155 285 0 0 1 "Vandalism"
0 110 81 155 155 286 0 0 1 "Vandalism"
0 110 81 156 155 287 0 0 1 "Vandalism"
0 110 81 157 155 288 0 0 1 "Vandalism"
0 110 81 158 155 289 0 0 1 "Vandalism"
0 110 81 159 155 290 0 0 1 "Vandalism"
0 110 81 160 155 291 0 0 1 "Vandalism"
0 110 82 162 155 292 0 0 0 "Vandalism"
0 111 82 163 155 293 0 0 1 "Vandalism"
0 112 82 164 155 294 0 0 1 "Vandalism"
0 114 82 166 155 295 0 0 1 "Vandalism"
0 115 82 167 155 296 0 0 1 "Vandalism"
0 117 82 169 155 297 0 0 1 "Vandalism"
0 118 82 170 155 298 0 0 1 "Vandalism"
0 119 82 171 155 299 0 0 1 "Vandalism"
0 121 82 173 155 300 0 0 1 "Vandalism"
0 122 82 174 155 301 0 0 1 "Vandalism"
0 124 83 176 156 302 0 0 0 "Vandalism"
0 125 82 177 155 303 0 0 1 "Vandalism"
0 126 82 178 155 304 0 0 1 "Vandalism"
0 128 82 180 155 305 0 0 1 "Vandalism"
0 129 82 181 155 306 0 0 1 "Vandalism"
0 131 82 183 155 307 0 0 1 "Vandalism"
0 132 81 184 154 308 0 0 1 "Vandalism"
0 133 81 185 154 309 0 0 1 "Vandalism"
0 135 81 187 154 310 0 0 1 "Vandalism"
0 136 81 188 154 311 0 0 1 "Vandalism"
0 138 81 190 154 312 1 0 0 "Vandalism"
0 140 80 191 153 313 1 0 1 "Vandalism"
0 143 80 193 153 314 1 0 1 "Vandalism"
0 145 80 194 153 315 1 0 1 "Vandalism"
0 148 80 196 153 316 1 0 1 "Vandalism"
0 150 80 197 153 317 1 0 1 "Vandalism"
0 153 80 199 153 318 1 0 1 "Vandalism"
0 156 80 201 152 319 1 0 1 "Vandalism"
0 158 80 202 152 320 1 0 1 "Vandalism"
0 161 80 204 152 321 1 0 1 "Vandalism"
0 163 80 205 152 322 1 0 1 "Vandalism"
0 166 80 207 152 323 1 0 1 "Vandalism"
0 169 80 209 152 324 1 0 0 "Vandalism"
0 169 80 209 152 325 1 0 1 "Vandalism"
0 169 80 209 152 326 1 0 1 "Vandalism"
0 169 80 209 152 327 1 0 1 "Vandalism"
0 169 80 209 152 328 1 0 1 "Vandalism"
0 169 80 209 152 329 1 0 1 "Vandalism"
0 169 80 209 152 330 1 0 1 "Vandalism"
0 169 80 209 152 331 1 0 1 "Vandalism"
0 169 80 209 152 332 1 0 1 "Vandalism"
0 169 80 209 152 333 1 0 1 "Vandalism"
0 169 80 209 152 334 1 0 1 "Vandalism"
0 169 80 209 152 335 1 0 1 "Vandalism"
0 169 80 209 152 336 1 0 1 "Vandalism"
0 169 80 209 152 337 1 0 1 "Vandalism"
0 169 80 209 152 338 1 0 1 "Vandalism"
0 169 80 209 152 339 1 0 1 "Vandalism"
0 169 80 209 152 340 1 0 1 "Vandalism"
0 169 80 209 152 341 1 0 1 "Vandalism"
0 169 80 209 152 342 1 0 1 "Vandalism"
0 169 80 209 152 343 1 0 1 "Vandalism"
0 169 80 209 152 344 1 0 1 "Vandalism"
0 169 80 209 152 345 1 0 1 "Vandalism"
0 169 80 209 152 346 1 0 1 "Vandalism"
0 169 80 209 152 347 1 0 1 "Vandalism"
0 169 80 209 152 348 1 0 1 "Vandalism"
0 169 80 209 152 349 1 0 1 "Vandalism"
0 169 80 209 152 350 1 0 1 "Vandalism"
0 169 80 209 152 351 1 0 1 "Vandalism"
0 169 80 209 152 352 1 0 1 "Vandalism"
0 169 80 209 152 353 1 0 1 "Vandalism"
0 169 80 209 152 354 1 0 1 "Vandalism"
0 169 80 209 152 355 1 0 1 "Vandalism"
0 169 80 209 152 356 1 0 1 "Vandalism"
0 169 80 209 152 357 1 0 1 "Vandalism"
0 169 80 209 152 358 1 0 1 "Vandalism"
0 169 80 209 152 359 1 0 1 "Vandalism"
0 169 80 209 152 360 1 0 1 "Vandalism"
0 169 80 209 152 361 1 0 1 "Vandalism"
0 169 80 209 152 362 1 0 1 "Vandalism"
0 169 80 209 152 363 1 0 1 "Vandalism"
0 169 80 209 152 364 1 0 1 "Vandalism"
0 169 80 209 152 365 1 0 1 "Vandalism"
0 169 80 209 152 366 1 0 1 "Vandalism"
0 169 80 209 152 367 1 0 1 "Vandalism"
0 169 80 209 152 368 1 0 1 "Vandalism"
0 169 80 209 152 369 1 0 1 "Vandalism"
0 169 80 209 152 370 1 0 1 "Vandalism"
0 169 80 209 152 371 1 0 1 "Vandalism"
0 169 80 209 152 372 1 0 1 "Vandalism"
0 169 80 209 152 373 1 0 1 "Vandalism"
0 169 80 209 152 374 1 0 1 "Vandalism"
0 169 80 209 152 375 1 0 1 "Vandalism"
0 169 80 209 152 376 1 0 1 "Vandalism"
0 169 80 209 152 377 1 0 1 "Vandalism"
0 169 80 209 152 378 1 0 1 "Vandalism"
0 169 80 209 152 379 1 0 1 "Vandalism"
0 169 80 209 152 380 1 0 1 "Vandalism"
0 169 80 209 152 381 1 0 1 "Vandalism"
0 169 80 209 152 382 1 0 1 "Vandalism"
0 169 80 209 152 383 1 0 1 "Vandalism"
0 169 80 209 152 384 1 0 1 "Vandalism"
0 169 80 209 152 385 1 0 1 "Vandalism"
0 169 80 209 152 386 1 0 1 "Vandalism"
0 169 80 209 152 387 1 0 1 "Vandalism"
0 169 80 209 152 388 1 0 1 "Vandalism"
0 169 80 209 152 389 1 0 1 "Vandalism"
0 169 80 209 152 390 1 0 1 "Vandalism"
0 169 80 209 152 391 1 0 1 "Vandalism"
0 169 80 209 152 392 1 0 1 "Vandalism"
0 169 80 209 152 393 1 0 1 "Vandalism"
0 169 80 209 152 394 1 0 1 "Vandalism"
0 169 80 209 152 395 1 0 1 "Vandalism"
0 169 80 209 152 396 1 0 1 "Vandalism"
0 169 80 209 152 397 1 0 1 "Vandalism"
0 169 80 209 152 398 1 0 1 "Vandalism"
0 169 80 209 152 399 1 0 1 "Vandalism"
0 169 80 209 152 400 1 0 1 "Vandalism"
0 169 80 209 152 401 1 0 1 "Vandalism"
0 169 80 209 152 402 1 0 1 "Vandalism"
0 169 80 209 152 403 1 0 1 "Vandalism"
0 169 80 209 152 404 1 0 1 "Vandalism"
0 169 80 209 152 405 1 0 1 "Vandalism"
0 169 80 209 152 406 1 0 1 "Vandalism"
0 169 80 209 152 407 1 0 1 "Vandalism"
0 169 80 209 152 408 1 0 1 "Vandalism"
0 169 80 209 152 409 1 0 1 "Vandalism"
0 169 80 209 152 410 1 0 1 "Vandalism"
0 169 80 209 152 411 1 0 1 "Vandalism"
0 169 80 209 152 412 1 0 1 "Vandalism"
0 169 80 209 152 413 1 0 1 "Vandalism"
0 169 80 209 152 414 1 0 1 "Vandalism"
0 169 80 209 152 415 1 0 1 "Vandalism"
0 169 80 209 152 416 1 0 1 "Vandalism"
0 169 80 209 152 417 1 0 1 "Vandalism"
0 169 80 209 152 418 1 0 1 "Vandalism"
0 169 80 209 152 419 1 0 1 "Vandalism"
0 169 80 209 152 420 1 0 1 "Vandalism"
0 169 80 209 152 421 1 0 1 "Vandalism"
0 169 80 209 152 422 1 0 1 "Vandalism"
0 169 80 209 152 423 1 0 1 "Vandalism"
0 169 80 209 152 424 1 0 1 "Vandalism"
0 169 80 209 152 425 1 0 1 "Vandalism"
0 169 80 209 152 426 1 0 1 "Vandalism"
0 169 80 209 152 427 1 0 1 "Vandalism"
0 169 80 209 152 428 1 0 1 "Vandalism"
0 169 80 209 152 429 1 0 1 "Vandalism"
0 169 80 209 152 430 1 0 1 "Vandalism"
0 169 80 209 152 431 1 0 1 "Vandalism"
0 169 80 209 152 432 1 0 1 "Vandalism"
0 169 80 209 152 433 1 0 1 "Vandalism"
0 169 80 209 152 434 1 0 1 "Vandalism"
0 169 80 209 152 435 1 0 1 "Vandalism"
0 169 80 209 152 436 1 0 1 "Vandalism"
0 169 80 209 152 437 1 0 1 "Vandalism"
0 169 80 209 152 438 1 0 1 "Vandalism"
0 169 80 209 152 439 1 0 1 "Vandalism"
0 169 80 209 152 440 1 0 1 "Vandalism"
0 169 80 209 152 441 1 0 1 "Vandalism"
0 169 80 209 152 442 1 0 1 "Vandalism"
0 169 80 209 152 443 1 0 1 "Vandalism"
0 169 80 209 152 444 1 0 1 "Vandalism"
0 169 80 209 152 445 1 0 1 "Vandalism"
0 169 80 209 152 446 1 0 1 "Vandalism"
0 169 80 209 152 447 1 0 1 "Vandalism"
0 169 80 209 152 448 1 0 1 "Vandalism"
0 169 80 209 152 449 1 0 1 "Vandalism"
0 169 80 209 152 450 1 0 1 "Vandalism"
0 169 80 209 152 451 1 0 1 "Vandalism"
0 169 80 209 152 452 1 0 1 "Vandalism"
0 169 80 209 152 453 1 0 1 "Vandalism"
0 169 80 209 152 454 1 0 1 "Vandalism"
0 169 80 209 152 455 1 0 1 "Vandalism"
0 169 80 209 152 456 1 0 1 "Vandalism"
0 169 80 209 152 457 1 0 1 "Vandalism"
0 169 80 209 152 458 1 0 1 "Vandalism"
0 169 80 209 152 459 1 0 1 "Vandalism"
0 169 80 209 152 460 1 0 1 "Vandalism"
0 169 80 209 152 461 1 0 1 "Vandalism"
0 169 80 209 152 462 1 0 1 "Vandalism"
0 169 80 209 152 463 1 0 1 "Vandalism"
0 169 80 209 152 464 1 0 1 "Vandalism"
0 169 80 209 152 465 1 0 1 "Vandalism"
0 169 80 209 152 466 1 0 1 "Vandalism"
0 169 80 209 152 467 1 0 1 "Vandalism"
0 169 80 209 152 468 1 0 1 "Vandalism"
0 169 80 209 152 469 1 0 1 "Vandalism"
0 169 80 209 152 470 1 0 1 "Vandalism"
0 169 80 209 152 471 1 0 1 "Vandalism"
0 169 80 209 152 472 1 0 1 "Vandalism"
0 169 80 209 152 473 1 0 1 "Vandalism"
0 169 80 209 152 474 1 0 1 "Vandalism"
0 169 80 209 152 475 1 0 1 "Vandalism"
0 169 80 209 152 476 1 0 1 "Vandalism"
0 169 80 209 152 477 1 0 1 "Vandalism"
0 169 80 209 152 478 1 0 1 "Vandalism"
0 169 80 209 152 479 1 0 1 "Vandalism"
0 169 80 209 152 480 1 0 1 "Vandalism"
0 169 80 209 152 481 1 0 1 "Vandalism"
0 169 80 209 152 482 1 0 1 "Vandalism"
0 169 80 209 152 483 1 0 1 "Vandalism"
0 169 80 209 152 484 1 0 1 "Vandalism"
0 169 80 209 152 485 1 0 1 "Vandalism"
0 169 80 209 152 486 1 0 1 "Vandalism"
0 169 80 209 152 487 1 0 1 "Vandalism"
0 169 80 209 152 488 1 0 1 "Vandalism"
0 169 80 209 152 489 1 0 1 "Vandalism"
0 169 80 209 152 490 1 0 1 "Vandalism"
0 169 80 209 152 491 1 0 1 "Vandalism"
0 169 80 209 152 492 1 0 1 "Vandalism"
0 169 80 209 152 493 1 0 1 "Vandalism"
0 169 80 209 152 494 1 0 1 "Vandalism"
0 169 80 209 152 495 1 0 1 "Vandalism"
0 169 80 209 152 496 1 0 1 "Vandalism"
0 169 80 209 152 497 1 0 1 "Vandalism"
0 169 80 209 152 498 1 0 1 "Vandalism"
0 169 80 209 152 499 1 0 1 "Vandalism"
0 169 80 209 152 500 1 0 1 "Vandalism"
0 169 80 209 152 501 1 0 1 "Vandalism"
0 169 80 209 152 502 1 0 1 "Vandalism"
0 169 80 209 152 503 1 0 1 "Vandalism"
0 169 80 209 152 504 1 0 1 "Vandalism"
0 169 80 209 152 505 1 0 1 "Vandalism"
0 169 80 209 152 506 1 0 1 "Vandalism"
0 169 80 209 152 507 1 0 1 "Vandalism"
0 169 80 209 152 508 1 0 1 "Vandalism"
0 169 80 209 152 509 1 0 1 "Vandalism"
0 169 80 209 152 510 1 0 1 "Vandalism"
0 169 80 209 152 511 1 0 1 "Vandalism"
0 169 80 209 152 512 1 0 1 "Vandalism"
0 169 80 209 152 513 1 0 1 "Vandalism"
0 169 80 209 152 514 1 0 1 "Vandalism"
0 169 80 209 152 515 1 0 1 "Vandalism"
0 169 80 209 152 516 1 0 1 "Vandalism"
0 169 80 209 152 517 1 0 1 "Vandalism"
0 169 80 209 152 518 1 0 1 "Vandalism"
0 169 80 209 152 519 1 0 1 "Vandalism"
0 169 80 209 152 520 1 0 1 "Vandalism"
0 169 80 209 152 521 1 0 1 "Vandalism"
0 169 80 209 152 522 1 0 1 "Vandalism"
0 169 80 209 152 523 1 0 1 "Vandalism"
0 169 80 209 152 524 1 0 1 "Vandalism"
0 169 80 209 152 525 1 0 1 "Vandalism"
0 169 80 209 152 526 1 0 1 "Vandalism"
0 169 80 209 152 527 1 0 1 "Vandalism"
0 169 80 209 152 528 1 0 1 "Vandalism"
0 169 80 209 152 529 1 0 1 "Vandalism"
0 169 80 209 152 530 1 0 1 "Vandalism"
0 169 80 209 152 531 1 0 1 "Vandalism"
0 169 80 209 152 532 1 0 1 "Vandalism"
0 169 80 209 152 533 1 0 1 "Vandalism"
0 169 80 209 152 534 1 0 1 "Vandalism"
0 169 80 209 152 535 1 0 1 "Vandalism"
0 169 80 209 152 536 1 0 1 "Vandalism"
0 169 80 209 152 537 1 0 1 "Vandalism"
0 169 80 209 152 538 1 0 1 "Vandalism"
0 169 80 209 152 539 1 0 1 "Vandalism"
0 169 80 209 152 540 1 0 1 "Vandalism"
0 169 80 209 152 541 1 0 1 "Vandalism"
0 169 80 209 152 542 1 0 1 "Vandalism"
0 169 80 209 152 543 1 0 1 "Vandalism"
0 169 80 209 152 544 1 0 1 "Vandalism"
0 169 80 209 152 545 1 0 1 "Vandalism"
0 169 80 209 152 546 1 0 1 "Vandalism"
0 169 80 209 152 547 1 0 1 "Vandalism"
0 169 80 209 152 548 1 0 1 "Vandalism"
0 169 80 209 152 549 1 0 1 "Vandalism"
0 169 80 209 152 550 1 0 1 "Vandalism"
0 169 80 209 152 551 1 0 1 "Vandalism"
0 169 80 209 152 552 1 0 1 "Vandalism"
0 169 80 209 152 553 1 0 1 "Vandalism"
0 169 80 209 152 554 1 0 1 "Vandalism"
0 169 80 209 152 555 1 0 1 "Vandalism"
0 169 80 209 152 556 1 0 1 "Vandalism"
0 169 80 209 152 557 1 0 1 "Vandalism"
0 169 80 209 152 558 1 0 1 "Vandalism"
0 169 80 209 152 559 1 0 1 "Vandalism"
0 169 80 209 152 560 1 0 1 "Vandalism"
0 169 80 209 152 561 1 0 1 "Vandalism"
0 169 80 209 152 562 1 0 1 "Vandalism"
0 169 80 209 152 563 1 0 1 "Vandalism"
0 169 80 209 152 564 1 0 1 "Vandalism"
0 169 80 209 152 565 1 0 1 "Vandalism"
0 169 80 209 152 566 1 0 1 "Vandalism"
0 169 80 209 152 567 1 0 1 "Vandalism"
0 169 80 209 152 568 1 0 1 "Vandalism"
0 169 80 209 152 569 1 0 1 "Vandalism"
0 169 80 209 152 570 1 0 1 "Vandalism"
0 169 80 209 152 571 1 0 1 "Vandalism"
0 169 80 209 152 572 1 0 1 "Vandalism"
0 169 80 209 152 573 1 0 1 "Vandalism"
0 169 80 209 152 574 1 0 1 "Vandalism"
0 169 80 209 152 575 1 0 1 "Vandalism"
0 169 80 209 152 576 1 0 1 "Vandalism"
0 169 80 209 152 577 1 0 1 "Vandalism"
0 169 80 209 152 578 1 0 1 "Vandalism"
0 169 80 209 152 579 1 0 1 "Vandalism"
0 169 80 209 152 580 1 0 1 "Vandalism"
0 169 80 209 152 581 1 0 1 "Vandalism"
0 169 80 209 152 582 1 0 1 "Vandalism"
0 169 80 209 152 583 1 0 1 "Vandalism"
0 169 80 209 152 584 1 0 1 "Vandalism"
0 169 80 209 152 585 1 0 1 "Vandalism"
0 169 80 209 152 586 1 0 1 "Vandalism"
0 169 80 209 152 587 1 0 1 "Vandalism"
0 169 80 209 152 588 1 0 1 "Vandalism"
0 169 80 209 152 589 1 0 1 "Vandalism"
0 169 80 209 152 590 1 0 1 "Vandalism"
0 169 80 209 152 591 1 0 1 "Vandalism"
0 169 80 209 152 592 1 0 1 "Vandalism"
0 169 80 209 152 593 1 0 1 "Vandalism"
0 169 80 209 152 594 1 0 1 "Vandalism"
0 169 80 209 152 595 1 0 1 "Vandalism"
0 169 80 209 152 596 1 0 1 "Vandalism"
0 169 80 209 152 597 1 0 1 "Vandalism"
0 169 80 209 152 598 1 0 1 "Vandalism"
0 169 80 209 152 599 1 0 1 "Vandalism"
0 169 80 209 152 600 1 0 1 "Vandalism"
0 169 80 209 152 601 1 0 1 "Vandalism"
0 169 80 209 152 602 1 0 1 "Vandalism"
0 169 80 209 152 603 1 0 1 "Vandalism"
0 169 80 209 152 604 1 0 1 "Vandalism"
0 169 80 209 152 605 1 0 1 "Vandalism"
0 169 80 209 152 606 1 0 1 "Vandalism"
0 169 80 209 152 607 1 0 1 "Vandalism"
0 169 80 209 152 608 1 0 1 "Vandalism"
0 169 80 209 152 609 1 0 1 "Vandalism"
0 169 80 209 152 610 1 0 1 "Vandalism"
0 169 80 209 152 611 1 0 1 "Vandalism"
0 169 80 209 152 612 1 0 1 "Vandalism"
0 169 80 209 152 613 1 0 1 "Vandalism"
0 169 80 209 152 614 1 0 1 "Vandalism"
0 169 80 209 152 615 1 0 1 "Vandalism"
0 169 80 209 152 616 1 0 1 "Vandalism"
0 169 80 209 152 617 1 0 1 "Vandalism"
0 169 80 209 152 618 1 0 1 "Vandalism"
0 169 80 209 152 619 1 0 1 "Vandalism"
0 169 80 209 152 620 1 0 1 "Vandalism"
0 169 80 209 152 621 1 0 1 "Vandalism"
0 169 80 209 152 622 1 0 1 "Vandalism"
0 169 80 209 152 623 1 0 1 "Vandalism"
0 169 80 209 152 624 1 0 1 "Vandalism"
0 169 80 209 152 625 1 0 1 "Vandalism"
0 169 80 209 152 626 1 0 1 "Vandalism"
0 169 80 209 152 627 1 0 1 "Vandalism"
0 169 80 209 152 628 1 0 1 "Vandalism"
0 169 80 209 152 629 1 0 1 "Vandalism"
0 169 80 209 152 630 1 0 1 "Vandalism"
0 169 80 209 152 631 1 0 1 "Vandalism"
0 169 80 209 152 632 1 0 1 "Vandalism"
0 169 80 209 152 633 1 0 1 "Vandalism"
0 169 80 209 152 634 1 0 1 "Vandalism"
0 169 80 209 152 635 1 0 1 "Vandalism"
0 169 80 209 152 636 1 0 1 "Vandalism"
0 169 80 209 152 637 1 0 1 "Vandalism"
0 169 80 209 152 638 1 0 1 "Vandalism"
0 169 80 209 152 639 1 0 1 "Vandalism"
0 169 80 209 152 640 1 0 1 "Vandalism"
0 169 80 209 152 641 1 0 1 "Vandalism"
0 169 80 209 152 642 1 0 1 "Vandalism"
0 169 80 209 152 643 1 0 1 "Vandalism"
0 169 80 209 152 644 1 0 1 "Vandalism"
0 169 80 209 152 645 1 0 1 "Vandalism"
0 169 80 209 152 646 1 0 1 "Vandalism"
0 169 80 209 152 647 1 0 1 "Vandalism"
0 169 80 209 152 648 1 0 1 "Vandalism"
0 169 80 209 152 649 1 0 1 "Vandalism"
0 169 80 209 152 650 1 0 1 "Vandalism"
0 169 80 209 152 651 1 0 1 "Vandalism"
0 169 80 209 152 652 1 0 1 "Vandalism"
0 169 80 209 152 653 1 0 1 "Vandalism"
0 169 80 209 152 654 1 0 1 "Vandalism"
0 169 80 209 152 655 1 0 1 "Vandalism"
0 169 80 209 152 656 1 0 1 "Vandalism"
0 169 80 209 152 657 1 0 1 "Vandalism"
0 169 80 209 152 658 1 0 1 "Vandalism"
0 169 80 209 152 659 1 0 1 "Vandalism"
0 169 80 209 152 660 1 0 1 "Vandalism"
0 169 80 209 152 661 1 0 1 "Vandalism"
0 169 80 209 152 662 1 0 1 "Vandalism"
0 169 80 209 152 663 1 0 1 "Vandalism"
0 169 80 209 152 664 1 0 1 "Vandalism"
0 169 80 209 152 665 1 0 1 "Vandalism"
0 169 80 209 152 666 1 0 1 "Vandalism"
0 169 80 209 152 667 1 0 1 "Vandalism"
0 169 80 209 152 668 1 0 1 "Vandalism"
0 169 80 209 152 669 1 0 1 "Vandalism"
0 169 80 209 152 670 1 0 1 "Vandalism"
0 169 80 209 152 671 1 0 1 "Vandalism"
0 169 80 209 152 672 1 0 1 "Vandalism"
0 169 80 209 152 673 1 0 0 "Vandalism"
