0 173 71 229 202 0 1 0 0 "Vandalism"
0 173 71 229 202 1 1 0 1 "Vandalism"
0 173 71 229 202 2 1 0 1 "Vandalism"
0 173 71 229 202 3 1 0 1 "Vandalism"
0 173 71 229 202 4 1 0 1 "Vandalism"
0 173 71 229 202 5 1 0 1 "Vandalism"
0 173 71 229 202 6 1 0 1 "Vandalism"
0 173 71 229 202 7 1 0 1 "Vandalism"
0 173 71 229 202 8 1 0 1 "Vandalism"
0 173 71 229 202 9 1 0 1 "Vandalism"
0 173 71 229 202 10 1 0 1 "Vandalism"
0 173 71 229 202 11 1 0 1 "Vandalism"
0 173 71 229 202 12 1 0 1 "Vandalism"
0 173 71 229 202 13 1 0 1 "Vandalism"
0 173 71 229 202 14 1 0 1 "Vandalism"
0 173 71 229 202 15 1 0 1 "Vandalism"
0 173 71 229 202 16 1 0 1 "Vandalism"
0 173 71 229 202 17 1 0 1 "Vandalism"
0 173 71 229 202 18 1 0 1 "Vandalism"
0 173 71 229 202 19 1 0 1 "Vandalism"
0 173 71 229 202 20 1 0 1 "Vandalism"
0 173 71 229 202 21 1 0 1 "Vandalism"
0 173 71 229 202 22 1 0 1 "Vandalism"
0 173 71 229 202 23 1 0 1 "Vandalism"
0 173 71 229 202 24 1 0 1 "Vandalism"
0 173 71 229 202 25 1 0 1 "Vandalism"
0 173 71 229 202 26 1 0 1 "Vandalism"
0 173 71 229 202 27 1 0 1 "Vandalism"
0 173 71 229 202 28 1 0 1 "Vandalism"
0 173 71 229 202 29 1 0 1 "Vandalism"
0 173 71 229 202 30 1 0 1 "Vandalism"
0 173 71 229 202 31 1 0 1 "Vandalism"
0 173 71 229 202 32 1 0 1 "Vandalism"
0 173 71 229 202 33 1 0 1 "Vandalism"
0 173 71 229 202 34 1 0 1 "Vandalism"
0 173 71 229 202 35 1 0 1 "Vandalism"
0 173 71 229 202 36 1 0 1 "Vandalism"
0 173 71 229 202 37 1 0 1 "Vandalism"
0 173 71 229 202 38 1 0 1 "Vandalism"
0 173 71 229 202 39 1 0 1 "Vandalism"
0 173 71 229 202 40 1 0 1 "Vandalism"
0 173 71 229 202 41 1 0 1 "Vandalism"
0 173 71 229 202 42 1 0 1 "Vandalism"
0 173 71 229 202 43 1 0 1 "Vandalism"
0 173 71 229 202 44 1 0 1 "Vandalism"
0 173 71 229 202 45 1 0 1 "Vandalism"
0 173 71 229 202 46 1 0 1 "Vandalism"
0 173 71 229 202 47 1 0 1 "Vandalism"
0 173 71 229 202 48 1 0 1 "Vandalism"
0 173 71 229 202 49 1 0 1 "Vandalism"
0 173 71 229 202 50 1 0 1 "Vandalism"
0 173 71 229 202 51 1 0 1 "Vandalism"
0 173 71 229 202 52 1 0 1 "Vandalism"
0 173 71 229 202 53 1 0 1 "Vandalism"
0 173 71 229 202 54 1 0 1 "Vandalism"
0 173 71 229 202 55 1 0 1 "Vandalism"
0 173 71 229 202 56 1 0 1 "Vandalism"
0 173 71 229 202 57 1 0 1 "Vandalism"
0 173 71 229 202 58 1 0 1 "Vandalism"
0 173 71 229 202 59 1 0 1 "Vandalism"
0 173 71 229 202 60 1 0 1 "Vandalism"
0 173 71 229 202 61 1 0 1 "Vandalism"
0 173 71 229 202 62 1 0 1 "Vandalism"
0 173 71 229 202 63 1 0 1 "Vandalism"
0 173 71 229 202 64 1 0 1 "Vandalism"
0 173 71 229 202 65 1 0 1 "Vandalism"
0 173 71 229 202 66 1 0 1 "Vandalism"
0 173 71 229 202 67 1 0 1 "Vandalism"
0 173 71 229 202 68 1 0 1 "Vandalism"
0 173 71 229 202 69 1 0 1 "Vandalism"
0 173 71 229 202 70 1 0 1 "Vandalism"
0 173 71 229 202 71 1 0 1 "Vandalism"
0 173 71 229 202 72 1 0 1 "Vandalism"
0 173 71 229 202 73 1 0 1 "Vandalism"
0 173 71 229 202 74 1 0 1 "Vandalism"
0 173 71 229 202 75 1 0 1 "Vandalism"
0 173 71 229 202 76 1 0 1 "Vandalism"
0 173 71 229 202 77 1 0 1 "Vandalism"
0 173 71 229 202 78 1 0 1 "Vandalism"
0 173 71 229 202 79 1 0 1 "Vandalism"
0 173 71 229 202 80 1 0 1 "Vandalism"
0 173 71 229 202 81 1 0 1 "Vandalism"
0 173 71 229 202 82 1 0 1 "Vandalism"
0 173 71 229 202 83 1 0 1 "Vandalism"
0 173 71 229 202 84 1 0 1 "Vandalism"
0 173 71 229 202 85 1 0 1 "Vandalism"
0 173 71 229 202 86 1 0 1 "Vandalism"
0 173 71 229 202 87 1 0 1 "Vandalism"
0 173 71 229 202 88 1 0 1 "Vandalism"
0 173 71 229 202 89 1 0 1 "Vandalism"
0 173 71 229 202 90 1 0 1 "Vandalism"
0 173 71 229 202 91 1 0 1 "Vandalism"
0 173 71 229 202 92 1 0 1 "Vandalism"
0 173 71 229 202 93 1 0 1 "Vandalism"
0 173 71 229 202 94 1 0 1 "Vandalism"
0 173 71 229 202 95 1 0 1 "Vandalism"
0 173 71 229 202 96 1 0 1 "Vandalism"
0 173 71 229 202 97 1 0 1 "Vandalism"
0 173 71 229 202 98 1 0 1 "Vandalism"
0 173 71 229 202 99 1 0 1 "Vandalism"
0 173 71 229 202 100 1 0 1 "Vandalism"
0 173 71 229 202 101 1 0 1 "Vandalism"
0 173 71 229 202 102 1 0 1 "Vandalism"
0 173 71 229 202 103 1 0 1 "Vandalism"
0 173 71 229 202 104 1 0 1 "Vandalism"
0 173 71 229 202 105 1 0 1 "Vandalism"
0 173 71 229 202 106 1 0 1 "Vandalism"
0 173 71 229 202 107 1 0 1 "Vandalism"
0 173 71 229 202 108 1 0 1 "Vandalism"
0 173 71 229 202 109 1 0 1 "Vandalism"
0 173 71 229 202 110 1 0 1 "Vandalism"
0 173 71 229 202 111 1 0 1 "Vandalism"
0 173 71 229 202 112 1 0 1 "Vandalism"
0 173 71 229 202 113 1 0 1 "Vandalism"
0 173 71 229 202 114 1 0 1 "Vandalism"
0 173 71 229 202 115 1 0 1 "Vandalism"
0 173 71 229 202 116 1 0 1 "Vandalism"
0 173 71 229 202 117 1 0 1 "Vandalism"
0 173 71 229 202 118 1 0 1 "Vandalism"
0 173 71 229 202 119 1 0 1 "Vandalism"
0 173 71 229 202 120 1 0 1 "Vandalism"
0 173 71 229 202 121 1 0 1 "Vandalism"
0 173 71 229 202 122 1 0 1 "Vandalism"
0 173 71 229 202 123 1 0 1 "Vandalism"
0 173 71 229 202 124 1 0 1 "Vandalism"
0 173 71 229 202 125 1 0 1 "Vandalism"
0 173 71 229 202 126 1 0 1 "Vandalism"
0 173 71 229 202 127 1 0 1 "Vandalism"
0 173 71 229 202 128 1 0 1 "Vandalism"
0 173 71 229 202 129 1 0 1 "Vandalism"
0 173 71 229 202 130 1 0 1 "Vandalism"
0 173 71 229 202 131 1 0 1 "Vandalism"
0 173 71 229 202 132 1 0 1 "Vandalism"
0 173 71 229 202 133 1 0 1 "Vandalism"
0 173 71 229 202 134 1 0 1 "Vandalism"
0 173 71 229 202 135 1 0 1 "Vandalism"
0 173 71 229 202 136 1 0 1 "Vandalism"
0 173 71 229 202 137 1 0 1 "Vandalism"
0 173 71 229 202 138 1 0 1 "Vandalism"
0 173 71 229 202 139 1 0 1 "Vandalism"
0 173 71 229 202 140 1 0 1 "Vandalism"
0 173 71 229 202 141 1 0 1 "Vandalism"
0 173 71 229 202 142 1 0 1 "Vandalism"
0 173 71 229 202 143 1 0 1 "Vandalism"
0 173 71 229 202 144 1 0 1 "Vandalism"
0 173 71 229 202 145 1 0 1 "Vandalism"
0 173 71 229 202 146 1 0 1 "Vandalism"
0 173 71 229 202 147 1 0 1 "Vandalism"
0 173 71 229 202 148 1 0 1 "Vandalism"
0 173 71 229 202 149 1 0 1 "Vandalism"
0 173 71 229 202 150 1 0 1 "Vandalism"
0 173 71 229 202 151 1 0 1 "Vandalism"
0 173 71 229 202 152 1 0 1 "Vandalism"
0 173 71 229 202 153 1 0 1 "Vandalism"
0 173 71 229 202 154 1 0 1 "Vandalism"
0 173 71 229 202 155 1 0 1 "Vandalism"
0 173 71 229 202 156 1 0 1 "Vandalism"
0 173 71 229 202 157 1 0 1 "Vandalism"
0 173 71 229 202 158 1 0 1 "Vandalism"
0 173 71 229 202 159 1 0 1 "Vandalism"
0 173 71 229 202 160 1 0 1 "Vandalism"
0 173 71 229 202 161 1 0 1 "Vandalism"
0 173 71 229 202 162 1 0 1 "Vandalism"
0 173 71 229 202 163 1 0 1 "Vandalism"
0 173 71 229 202 164 1 0 1 "Vandalism"
0 173 71 229 202 165 1 0 1 "Vandalism"
0 173 71 229 202 166 1 0 1 "Vandalism"
0 173 71 229 202 167 1 0 1 "Vandalism"
0 173 71 229 202 168 1 0 1 "Vandalism"
0 173 71 229 202 169 1 0 1 "Vandalism"
0 173 71 229 202 170 1 0 1 "Vandalism"
0 173 71 229 202 171 1 0 1 "Vandalism"
0 173 71 229 202 172 1 0 1 "Vandalism"
0 173 71 229 202 173 1 0 1 "Vandalism"
0 173 71 229 202 174 1 0 1 "Vandalism"
0 173 71 229 202 175 1 0 1 "Vandalism"
0 173 71 229 202 176 1 0 1 "Vandalism"
0 173 71 229 202 177 1 0 1 "Vandalism"
0 173 71 229 202 178 1 0 1 "Vandalism"
0 173 71 229 202 179 1 0 1 "Vandalism"
0 173 71 229 202 180 1 0 1 "Vandalism"
0 173 71 229 202 181 1 0 1 "Vandalism"
0 173 71 229 202 182 1 0 1 "Vandalism"
0 173 71 229 202 183 1 0 1 "Vandalism"
0 173 71 229 202 184 1 0 1 "Vandalism"
0 173 71 229 202 185 1 0 1 "Vandalism"
0 173 71 229 202 186 1 0 1 "Vandalism"
0 173 71 229 202 187 1 0 1 "Vandalism"
0 173 71 229 202 188 1 0 1 "Vandalism"
0 173 71 229 202 189 1 0 1 "Vandalism"
0 173 71 229 202 190 1 0 1 "Vandalism"
0 173 71 229 202 191 1 0 1 "Vandalism"
0 173 71 229 202 192 1 0 1 "Vandalism"
0 173 71 229 202 193 1 0 1 "Vandalism"
0 173 71 229 202 194 1 0 1 "Vandalism"
0 173 71 229 202 195 1 0 1 "Vandalism"
0 173 71 229 202 196 1 0 1 "Vandalism"
0 173 71 229 202 197 1 0 1 "Vandalism"
0 173 71 229 202 198 1 0 1 "Vandalism"
0 173 71 229 202 199 1 0 1 "Vandalism"
0 173 71 229 202 200 1 0 1 "Vandalism"
0 173 71 229 202 201 1 0 1 "Vandalism"
0 173 71 229 202 202 1 0 1 "Vandalism"
0 173 71 229 202 203 1 0 1 "Vandalism"
0 173 71 229 202 204 1 0 1 "Vandalism"
0 173 71 229 202 205 1 0 1 "Vandalism"
0 173 71 229 202 206 1 0 1 "Vandalism"
0 173 71 229 202 207 1 0 1 "Vandalism"
0 173 71 229 202 208 1 0 1 "Vandalism"
0 173 71 229 202 209 1 0 1 "Vandalism"
0 173 71 229 202 210 1 0 1 "Vandalism"
0 173 71 229 202 211 1 0 1 "Vandalism"
0 173 71 229 202 212 1 0 1 "Vandalism"
0 173 71 229 202 213 1 0 1 "Vandalism"
0 173 71 229 202 214 1 0 1 "Vandalism"
0 173 71 229 202 215 1 0 1 "Vandalism"
0 173 71 229 202 216 1 0 1 "Vandalism"
0 173 71 229 202 217 1 0 1 "Vandalism"
0 173 71 229 202 218 1 0 1 "Vandalism"
0 173 71 229 202 219 1 0 1 "Vandalism"
0 173 71 229 202 220 1 0 1 "Vandalism"
0 173 71 229 202 221 1 0 1 "Vandalism"
0 173 71 229 202 222 1 0 1 "Vandalism"
0 173 71 229 202 223 1 0 1 "Vandalism"
0 173 71 229 202 224 1 0 1 "Vandalism"
0 173 71 229 202 225 1 0 1 "Vandalism"
0 173 71 229 202 226 1 0 1 "Vandalism"
0 173 71 229 202 227 1 0 1 "Vandalism"
0 173 71 229 202 228 1 0 1 "Vandalism"
0 173 71 229 202 229 1 0 1 "Vandalism"
0 173 71 229 202 230 1 0 1 "Vandalism"
0 173 71 229 202 231 1 0 1 "Vandalism"
0 173 71 229 202 232 1 0 1 "Vandalism"
0 173 71 229 202 233 1 0 1 "Vandalism"
0 173 71 229 202 234 1 0 1 "Vandalism"
0 173 71 229 202 235 1 0 1 "Vandalism"
0 173 71 229 202 236 1 0 1 "Vandalism"
0 173 71 229 202 237 1 0 1 "Vandalism"
0 173 71 229 202 238 1 0 1 "Vandalism"
0 173 71 229 202 239 1 0 1 "Vandalism"
0 173 71 229 202 240 1 0 1 "Vandalism"
0 173 71 229 202 241 1 0 1 "Vandalism"
0 173 71 229 202 242 1 0 1 "Vandalism"
0 173 71 229 202 243 1 0 1 "Vandalism"
0 173 71 229 202 244 1 0 1 "Vandalism"
0 173 71 229 202 245 1 0 1 "Vandalism"
0 173 71 229 202 246 1 0 1 "Vandalism"
0 173 71 229 202 247 1 0 1 "Vandalism"
0 173 71 229 202 248 1 0 1 "Vandalism"
0 173 71 229 202 249 1 0 1 "Vandalism"
0 173 71 229 202 250 1 0 1 "Vandalism"
0 173 71 229 202 251 1 0 1 "Vandalism"
0 173 71 229 202 252 1 0 1 "Vandalism"
0 173 71 229 202 253 1 0 1 "Vandalism"
0 173 71 229 202 254 1 0 1 "Vandalism"
0 173 71 229 202 255 1 0 1 "Vandalism"
0 173 71 229 202 256 1 0 1 "Vandalism"
0 173 71 229 202 257 1 0 1 "Vandalism"
0 173 71 229 202 258 1 0 1 "Vandalism"
0 173 71 229 202 259 1 0 1 "Vandalism"
0 173 71 229 202 260 1 0 1 "Vandalism"
0 173 71 229 202 261 1 0 1 "Vandalism"
0 173 71 229 202 262 1 0 1 "Vandalism"
0 173 71 229 202 263 1 0 1 "Vandalism"
0 173 71 229 202 264 1 0 1 "Vandalism"
0 173 71 229 202 265 1 0 1 "Vandalism"
0 173 71 229 202 266 1 0 1 "Vandalism"
0 173 71 229 202 267 1 0 1 "Vandalism"
0 173 71 229 202 268 1 0 1 "Vandalism"
0 173 71 229 202 269 1 0 1 "Vandalism"
0 173 71 229 202 270 1 0 1 "Vandalism"
0 173 71 229 202 271 1 0 1 "Vandalism"
0 173 71 229 202 272 1 0 1 "Vandalism"
0 173 71 229 202 273 1 0 1 "Vandalism"
0 173 71 229 202 274 1 0 1 "Vandalism"
0 173 71 229 202 275 1 0 1 "Vandalism"
0 173 71 229 202 276 1 0 1 "Vandalism"
0 173 71 229 202 277 1 0 1 "Vandalism"
0 173 71 229 202 278 1 0 1 "Vandalism"
0 173 71 229 202 279 1 0 1 "Vandalism"
0 173 71 229 202 280 1 0 1 "Vandalism"
0 173 71 229 202 281 1 0 1 "Vandalism"
0 173 71 229 202 282 1 0 1 "Vandalism"
0 173 71 229 202 283 1 0 1 "Vandalism"
0 173 71 229 202 284 1 0 1 "Vandalism"
0 173 71 229 202 285 1 0 1 "Vandalism"
0 173 71 229 202 286 1 0 1 "Vandalism"
0 173 71 229 202 287 1 0 1 "Vandalism"
0 173 71 229 202 288 1 0 1 "Vandalism"
0 173 71 229 202 289 1 0 1 "Vandalism"
0 173 71 229 202 290 1 0 1 "Vandalism"
0 173 71 229 202 291 1 0 1 "Vandalism"
0 173 71 229 202 292 1 0 1 "Vandalism"
0 173 71 229 202 293 1 0 1 "Vandalism"
0 173 71 229 202 294 1 0 1 "Vandalism"
0 173 71 229 202 295 1 0 1 "Vandalism"
0 173 71 229 202 296 1 0 1 "Vandalism"
0 173 71 229 202 297 1 0 1 "Vandalism"
0 173 71 229 202 298 1 0 1 "Vandalism"
0 173 71 229 202 299 1 0 1 "Vandalism"
0 173 71 229 202 300 1 0 1 "Vandalism"
0 173 71 229 202 301 1 0 1 "Vandalism"
0 173 71 229 202 302 1 0 1 "Vandalism"
0 173 71 229 202 303 1 0 1 "Vandalism"
0 173 71 229 202 304 1 0 1 "Vandalism"
0 173 71 229 202 305 1 0 1 "Vandalism"
0 173 71 229 202 306 1 0 1 "Vandalism"
0 173 71 229 202 307 1 0 1 "Vandalism"
0 173 71 229 202 308 1 0 1 "Vandalism"
0 173 71 229 202 309 1 0 1 "Vandalism"
0 173 71 229 202 310 1 0 1 "Vandalism"
0 173 71 229 202 311 1 0 1 "Vandalism"
0 173 71 229 202 312 1 0 1 "Vandalism"
0 173 71 229 202 313 1 0 1 "Vandalism"
0 173 71 229 202 314 1 0 1 "Vandalism"
0 173 71 229 202 315 1 0 1 "Vandalism"
0 173 71 229 202 316 1 0 1 "Vandalism"
0 173 71 229 202 317 1 0 1 "Vandalism"
0 173 71 229 202 318 1 0 1 "Vandalism"
0 173 71 229 202 319 1 0 1 "Vandalism"
0 173 71 229 202 320 1 0 1 "Vandalism"
0 173 71 229 202 321 1 0 1 "Vandalism"
0 173 71 229 202 322 1 0 1 "Vandalism"
0 173 71 229 202 323 1 0 1 "Vandalism"
0 173 71 229 202 324 1 0 1 "Vandalism"
0 173 71 229 202 325 1 0 1 "Vandalism"
0 173 71 229 202 326 1 0 1 "Vandalism"
0 173 71 229 202 327 1 0 1 "Vandalism"
0 173 71 229 202 328 1 0 1 "Vandalism"
0 173 71 229 202 329 1 0 1 "Vandalism"
0 173 71 229 202 330 1 0 1 "Vandalism"
0 173 71 229 202 331 1 0 1 "Vandalism"
0 173 71 229 202 332 1 0 1 "Vandalism"
0 173 71 229 202 333 1 0 1 "Vandalism"
0 173 71 229 202 334 1 0 1 "Vandalism"
0 173 71 229 202 335 1 0 1 "Vandalism"
0 173 71 229 202 336 1 0 1 "Vandalism"
0 173 71 229 202 337 1 0 1 "Vandalism"
0 173 71 229 202 338 1 0 1 "Vandalism"
0 173 71 229 202 339 1 0 1 "Vandalism"
0 173 71 229 202 340 1 0 1 "Vandalism"
0 173 71 229 202 341 1 0 1 "Vandalism"
0 173 71 229 202 342 1 0 1 "Vandalism"
0 173 71 229 202 343 1 0 1 "Vandalism"
0 173 71 229 202 344 1 0 1 "Vandalism"
0 173 71 229 202 345 1 0 1 "Vandalism"
0 173 71 229 202 346 1 0 1 "Vandalism"
0 173 71 229 202 347 1 0 1 "Vandalism"
0 173 71 229 202 348 1 0 1 "Vandalism"
0 173 71 229 202 349 1 0 1 "Vandalism"
0 173 71 229 202 350 1 0 1 "Vandalism"
0 173 71 229 202 351 1 0 1 "Vandalism"
0 173 71 229 202 352 1 0 1 "Vandalism"
0 173 71 229 202 353 1 0 1 "Vandalism"
0 173 71 229 202 354 1 0 1 "Vandalism"
0 173 71 229 202 355 1 0 1 "Vandalism"
0 173 71 229 202 356 1 0 1 "Vandalism"
0 173 71 229 202 357 1 0 1 "Vandalism"
0 173 71 229 202 358 1 0 1 "Vandalism"
0 173 71 229 202 359 1 0 1 "Vandalism"
0 173 71 229 202 360 1 0 1 "Vandalism"
0 173 71 229 202 361 1 0 1 "Vandalism"
0 173 71 229 202 362 1 0 1 "Vandalism"
0 173 71 229 202 363 1 0 1 "Vandalism"
0 173 71 229 202 364 1 0 1 "Vandalism"
0 173 71 229 202 365 1 0 1 "Vandalism"
0 173 71 229 202 366 1 0 1 "Vandalism"
0 173 71 229 202 367 1 0 1 "Vandalism"
0 173 71 229 202 368 1 0 1 "Vandalism"
0 173 71 229 202 369 1 0 1 "Vandalism"
0 173 71 229 202 370 1 0 1 "Vandalism"
0 173 71 229 202 371 1 0 1 "Vandalism"
0 173 71 229 202 372 1 0 1 "Vandalism"
0 173 71 229 202 373 1 0 1 "Vandalism"
0 173 71 229 202 374 1 0 1 "Vandalism"
0 173 71 229 202 375 1 0 1 "Vandalism"
0 173 71 229 202 376 1 0 1 "Vandalism"
0 173 71 229 202 377 1 0 1 "Vandalism"
0 173 71 229 202 378 1 0 1 "Vandalism"
0 173 71 229 202 379 1 0 1 "Vandalism"
0 173 71 229 202 380 1 0 1 "Vandalism"
0 173 71 229 202 381 1 0 1 "Vandalism"
0 173 71 229 202 382 1 0 1 "Vandalism"
0 173 71 229 202 383 1 0 1 "Vandalism"
0 173 71 229 202 384 1 0 1 "Vandalism"
0 173 71 229 202 385 1 0 1 "Vandalism"
0 173 71 229 202 386 1 0 1 "Vandalism"
0 173 71 229 202 387 1 0 1 "Vandalism"
0 173 71 229 202 388 1 0 1 "Vandalism"
0 173 71 229 202 389 1 0 1 "Vandalism"
0 173 71 229 202 390 1 0 1 "Vandalism"
0 173 71 229 202 391 1 0 1 "Vandalism"
0 173 71 229 202 392 1 0 1 "Vandalism"
0 173 71 229 202 393 1 0 1 "Vandalism"
0 173 71 229 202 394 1 0 1 "Vandalism"
0 173 71 229 202 395 1 0 1 "Vandalism"
0 173 71 229 202 396 1 0 1 "Vandalism"
0 173 71 229 202 397 1 0 1 "Vandalism"
0 173 71 229 202 398 1 0 1 "Vandalism"
0 173 71 229 202 399 1 0 1 "Vandalism"
0 173 71 229 202 400 1 0 1 "Vandalism"
0 173 71 229 202 401 1 0 1 "Vandalism"
0 173 71 229 202 402 1 0 1 "Vandalism"
0 173 71 229 202 403 1 0 1 "Vandalism"
0 173 71 229 202 404 1 0 1 "Vandalism"
0 173 71 229 202 405 1 0 1 "Vandalism"
0 173 71 229 202 406 1 0 1 "Vandalism"
0 173 71 229 202 407 1 0 1 "Vandalism"
0 173 71 229 202 408 1 0 1 "Vandalism"
0 173 71 229 202 409 1 0 1 "Vandalism"
0 173 71 229 202 410 1 0 1 "Vandalism"
0 173 71 229 202 411 1 0 1 "Vandalism"
0 173 71 229 202 412 1 0 1 "Vandalism"
0 173 71 229 202 413 1 0 1 "Vandalism"
0 173 71 229 202 414 1 0 1 "Vandalism"
0 173 71 229 202 415 1 0 1 "Vandalism"
0 173 71 229 202 416 1 0 1 "Vandalism"
0 173 71 229 202 417 1 0 1 "Vandalism"
0 173 71 229 202 418 1 0 1 "Vandalism"
0 173 71 229 202 419 1 0 1 "Vandalism"
0 173 71 229 202 420 1 0 1 "Vandalism"
0 173 71 229 202 421 1 0 1 "Vandalism"
0 173 71 229 202 422 1 0 1 "Vandalism"
0 173 71 229 202 423 1 0 1 "Vandalism"
0 173 71 229 202 424 1 0 1 "Vandalism"
0 173 71 229 202 425 1 0 1 "Vandalism"
0 173 71 229 202 426 1 0 1 "Vandalism"
0 173 71 229 202 427 1 0 1 "Vandalism"
0 173 71 229 202 428 1 0 1 "Vandalism"
0 173 71 229 202 429 1 0 1 "Vandalism"
0 173 71 229 202 430 1 0 1 "Vandalism"
0 173 71 229 202 431 1 0 1 "Vandalism"
0 173 71 229 202 432 1 0 1 "Vandalism"
0 173 71 229 202 433 1 0 1 "Vandalism"
0 173 71 229 202 434 1 0 1 "Vandalism"
0 173 71 229 202 435 1 0 1 "Vandalism"
0 173 71 229 202 436 1 0 1 "Vandalism"
0 173 71 229 202 437 1 0 1 "Vandalism"
0 173 71 229 202 438 1 0 1 "Vandalism"
0 173 71 229 202 439 1 0 1 "Vandalism"
0 173 71 229 202 440 1 0 1 "Vandalism"
0 173 71 229 202 441 1 0 1 "Vandalism"
0 173 71 229 202 442 1 0 1 "Vandalism"
0 173 71 229 202 443 1 0 1 "Vandalism"
0 173 71 229 202 444 1 0 1 "Vandalism"
0 173 71 229 202 445 1 0 1 "Vandalism"
0 173 71 229 202 446 1 0 1 "Vandalism"
0 173 71 229 202 447 1 0 1 "Vandalism"
0 173 71 229 202 448 1 0 1 "Vandalism"
0 173 71 229 202 449 1 0 1 "Vandalism"
0 173 71 229 202 450 1 0 1 "Vandalism"
0 173 71 229 202 451 1 0 1 "Vandalism"
0 173 71 229 202 452 1 0 1 "Vandalism"
0 173 71 229 202 453 1 0 1 "Vandalism"
0 173 71 229 202 454 1 0 1 "Vandalism"
0 173 71 229 202 455 1 0 1 "Vandalism"
0 173 71 229 202 456 1 0 1 "Vandalism"
0 173 71 229 202 457 1 0 1 "Vandalism"
0 173 71 229 202 458 1 0 1 "Vandalism"
0 173 71 229 202 459 1 0 1 "Vandalism"
0 173 71 229 202 460 1 0 1 "Vandalism"
0 173 71 229 202 461 1 0 1 "Vandalism"
0 173 71 229 202 462 1 0 1 "Vandalism"
0 173 71 229 202 463 1 0 1 "Vandalism"
0 173 71 229 202 464 1 0 1 "Vandalism"
0 173 71 229 202 465 1 0 1 "Vandalism"
0 173 71 229 202 466 1 0 1 "Vandalism"
0 173 71 229 202 467 1 0 1 "Vandalism"
0 173 71 229 202 468 1 0 1 "Vandalism"
0 173 71 229 202 469 1 0 1 "Vandalism"
0 173 71 229 202 470 1 0 1 "Vandalism"
0 173 71 229 202 471 1 0 1 "Vandalism"
0 173 71 229 202 472 1 0 1 "Vandalism"
0 173 71 229 202 473 1 0 1 "Vandalism"
0 173 71 229 202 474 1 0 1 "Vandalism"
0 173 71 229 202 475 1 0 1 "Vandalism"
0 173 71 229 202 476 1 0 1 "Vandalism"
0 173 71 229 202 477 1 0 1 "Vandalism"
0 173 71 229 202 478 1 0 1 "Vandalism"
0 173 71 229 202 479 1 0 1 "Vandalism"
0 173 71 229 202 480 1 0 1 "Vandalism"
0 173 71 229 202 481 1 0 1 "Vandalism"
0 173 71 229 202 482 1 0 1 "Vandalism"
0 173 71 229 202 483 1 0 1 "Vandalism"
0 173 71 229 202 484 1 0 1 "Vandalism"
0 173 71 229 202 485 1 0 1 "Vandalism"
0 173 71 229 202 486 1 0 1 "Vandalism"
0 173 71 229 202 487 1 0 1 "Vandalism"
0 173 71 229 202 488 1 0 1 "Vandalism"
0 173 71 229 202 489 1 0 1 "Vandalism"
0 173 71 229 202 490 1 0 1 "Vandalism"
0 173 71 229 202 491 1 0 1 "Vandalism"
0 173 71 229 202 492 1 0 1 "Vandalism"
0 173 71 229 202 493 1 0 1 "Vandalism"
0 173 71 229 202 494 1 0 1 "Vandalism"
0 173 71 229 202 495 1 0 1 "Vandalism"
0 173 71 229 202 496 1 0 1 "Vandalism"
0 173 71 229 202 497 1 0 1 "Vandalism"
0 173 71 229 202 498 1 0 1 "Vandalism"
0 173 71 229 202 499 1 0 1 "Vandalism"
0 173 71 229 202 500 1 0 1 "Vandalism"
0 173 71 229 202 501 1 0 1 "Vandalism"
0 173 71 229 202 502 1 0 1 "Vandalism"
0 173 71 229 202 503 1 0 1 "Vandalism"
0 173 71 229 202 504 1 0 1 "Vandalism"
0 173 71 229 202 505 1 0 1 "Vandalism"
0 173 71 229 202 506 1 0 1 "Vandalism"
0 173 71 229 202 507 1 0 1 "Vandalism"
0 173 71 229 202 508 1 0 1 "Vandalism"
0 173 71 229 202 509 1 0 1 "Vandalism"
0 173 71 229 202 510 1 0 1 "Vandalism"
0 173 71 229 202 511 1 0 1 "Vandalism"
0 173 71 229 202 512 1 0 1 "Vandalism"
0 173 71 229 202 513 1 0 1 "Vandalism"
0 173 71 229 202 514 1 0 1 "Vandalism"
0 173 71 229 202 515 1 0 1 "Vandalism"
0 173 71 229 202 516 1 0 1 "Vandalism"
0 173 71 229 202 517 1 0 1 "Vandalism"
0 173 71 229 202 518 1 0 1 "Vandalism"
0 173 71 229 202 519 1 0 1 "Vandalism"
0 173 71 229 202 520 1 0 1 "Vandalism"
0 173 71 229 202 521 1 0 1 "Vandalism"
0 173 71 229 202 522 1 0 1 "Vandalism"
0 173 71 229 202 523 1 0 1 "Vandalism"
0 173 71 229 202 524 1 0 1 "Vandalism"
0 173 71 229 202 525 1 0 1 "Vandalism"
0 173 71 229 202 526 1 0 1 "Vandalism"
0 173 71 229 202 527 1 0 1 "Vandalism"
0 173 71 229 202 528 1 0 1 "Vandalism"
0 173 71 229 202 529 1 0 1 "Vandalism"
0 173 71 229 202 530 1 0 1 "Vandalism"
0 173 71 229 202 531 1 0 1 "Vandalism"
0 173 71 229 202 532 1 0 1 "Vandalism"
0 173 71 229 202 533 1 0 1 "Vandalism"
0 173 71 229 202 534 1 0 1 "Vandalism"
0 173 71 229 202 535 1 0 1 "Vandalism"
0 173 71 229 202 536 1 0 1 "Vandalism"
0 173 71 229 202 537 1 0 1 "Vandalism"
0 173 71 229 202 538 1 0 1 "Vandalism"
0 173 71 229 202 539 1 0 1 "Vandalism"
0 173 71 229 202 540 1 0 1 "Vandalism"
0 173 71 229 202 541 1 0 1 "Vandalism"
0 173 71 229 202 542 1 0 1 "Vandalism"
0 173 71 229 202 543 1 0 1 "Vandalism"
0 173 71 229 202 544 1 0 1 "Vandalism"
0 173 71 229 202 545 1 0 1 "Vandalism"
0 173 71 229 202 546 1 0 1 "Vandalism"
0 173 71 229 202 547 1 0 1 "Vandalism"
0 173 71 229 202 548 1 0 1 "Vandalism"
0 173 71 229 202 549 1 0 1 "Vandalism"
0 173 71 229 202 550 1 0 1 "Vandalism"
0 173 71 229 202 551 1 0 1 "Vandalism"
0 173 71 229 202 552 1 0 1 "Vandalism"
0 173 71 229 202 553 1 0 1 "Vandalism"
0 173 71 229 202 554 1 0 1 "Vandalism"
0 173 71 229 202 555 1 0 1 "Vandalism"
0 173 71 229 202 556 1 0 1 "Vandalism"
0 173 71 229 202 557 1 0 1 "Vandalism"
0 173 71 229 202 558 1 0 1 "Vandalism"
0 173 71 229 202 559 1 0 1 "Vandalism"
0 173 71 229 202 560 1 0 1 "Vandalism"
0 173 71 229 202 561 1 0 1 "Vandalism"
0 173 71 229 202 562 1 0 1 "Vandalism"
0 173 71 229 202 563 1 0 1 "Vandalism"
0 173 71 229 202 564 1 0 1 "Vandalism"
0 173 71 229 202 565 1 0 1 "Vandalism"
0 173 71 229 202 566 1 0 1 "Vandalism"
0 173 71 229 202 567 1 0 1 "Vandalism"
0 173 71 229 202 568 1 0 1 "Vandalism"
0 173 71 229 202 569 1 0 1 "Vandalism"
0 173 71 229 202 570 1 0 1 "Vandalism"
0 173 71 229 202 571 1 0 1 "Vandalism"
0 173 71 229 202 572 1 0 1 "Vandalism"
0 173 71 229 202 573 1 0 1 "Vandalism"
0 173 71 229 202 574 1 0 1 "Vandalism"
0 173 71 229 202 575 1 0 1 "Vandalism"
0 173 71 229 202 576 1 0 1 "Vandalism"
0 173 71 229 202 577 1 0 1 "Vandalism"
0 173 71 229 202 578 1 0 1 "Vandalism"
0 173 71 229 202 579 1 0 1 "Vandalism"
0 173 71 229 202 580 1 0 1 "Vandalism"
0 173 71 229 202 581 1 0 1 "Vandalism"
0 173 71 229 202 582 1 0 1 "Vandalism"
0 173 71 229 202 583 1 0 1 "Vandalism"
0 173 71 229 202 584 1 0 1 "Vandalism"
0 173 71 229 202 585 1 0 1 "Vandalism"
0 173 71 229 202 586 1 0 1 "Vandalism"
0 173 71 229 202 587 1 0 1 "Vandalism"
0 173 71 229 202 588 1 0 1 "Vandalism"
0 173 71 229 202 589 1 0 1 "Vandalism"
0 173 71 229 202 590 1 0 1 "Vandalism"
0 173 71 229 202 591 1 0 1 "Vandalism"
0 173 71 229 202 592 1 0 1 "Vandalism"
0 173 71 229 202 593 1 0 1 "Vandalism"
0 173 71 229 202 594 1 0 1 "Vandalism"
0 173 71 229 202 595 1 0 1 "Vandalism"
0 173 71 229 202 596 1 0 1 "Vandalism"
0 173 71 229 202 597 1 0 1 "Vandalism"
0 173 71 229 202 598 1 0 1 "Vandalism"
0 173 71 229 202 599 1 0 1 "Vandalism"
0 173 71 229 202 600 1 0 1 "Vandalism"
0 173 71 229 202 601 1 0 1 "Vandalism"
0 173 71 229 202 602 1 0 1 "Vandalism"
0 173 71 229 202 603 1 0 1 "Vandalism"
0 173 71 229 202 604 1 0 1 "Vandalism"
0 173 71 229 202 605 1 0 1 "Vandalism"
0 173 71 229 202 606 1 0 1 "Vandalism"
0 173 71 229 202 607 1 0 1 "Vandalism"
0 173 71 229 202 608 1 0 1 "Vandalism"
0 173 71 229 202 609 1 0 1 "Vandalism"
0 173 71 229 202 610 1 0 1 "Vandalism"
0 173 71 229 202 611 1 0 1 "Vandalism"
0 173 71 229 202 612 1 0 1 "Vandalism"
0 173 71 229 202 613 1 0 1 "Vandalism"
0 173 71 229 202 614 1 0 1 "Vandalism"
0 173 71 229 202 615 1 0 1 "Vandalism"
0 173 71 229 202 616 1 0 1 "Vandalism"
0 173 71 229 202 617 1 0 1 "Vandalism"
0 173 71 229 202 618 1 0 1 "Vandalism"
0 173 71 229 202 619 1 0 1 "Vandalism"
0 173 71 229 202 620 1 0 1 "Vandalism"
0 173 71 229 202 621 1 0 1 "Vandalism"
0 173 71 229 202 622 1 0 1 "Vandalism"
0 173 71 229 202 623 1 0 1 "Vandalism"
0 173 71 229 202 624 1 0 1 "Vandalism"
0 173 71 229 202 625 1 0 1 "Vandalism"
0 173 71 229 202 626 1 0 1 "Vandalism"
0 173 71 229 202 627 1 0 1 "Vandalism"
0 173 71 229 202 628 1 0 1 "Vandalism"
0 173 71 229 202 629 1 0 1 "Vandalism"
0 173 71 229 202 630 1 0 1 "Vandalism"
0 173 71 229 202 631 1 0 1 "Vandalism"
0 173 71 229 202 632 1 0 1 "Vandalism"
0 173 71 229 202 633 1 0 1 "Vandalism"
0 173 71 229 202 634 1 0 1 "Vandalism"
0 173 71 229 202 635 1 0 1 "Vandalism"
0 173 71 229 202 636 1 0 1 "Vandalism"
0 173 71 229 202 637 1 0 1 "Vandalism"
0 173 71 229 202 638 1 0 1 "Vandalism"
0 173 71 229 202 639 1 0 1 "Vandalism"
0 173 71 229 202 640 1 0 1 "Vandalism"
0 173 71 229 202 641 1 0 1 "Vandalism"
0 173 71 229 202 642 1 0 1 "Vandalism"
0 173 71 229 202 643 1 0 1 "Vandalism"
0 173 71 229 202 644 1 0 1 "Vandalism"
0 173 71 229 202 645 1 0 1 "Vandalism"
0 173 71 229 202 646 1 0 1 "Vandalism"
0 173 71 229 202 647 1 0 1 "Vandalism"
0 173 71 229 202 648 1 0 1 "Vandalism"
0 173 71 229 202 649 1 0 1 "Vandalism"
0 173 71 229 202 650 1 0 1 "Vandalism"
0 173 71 229 202 651 1 0 1 "Vandalism"
0 173 71 229 202 652 1 0 1 "Vandalism"
0 173 71 229 202 653 1 0 1 "Vandalism"
0 173 71 229 202 654 1 0 1 "Vandalism"
0 173 71 229 202 655 1 0 1 "Vandalism"
0 173 71 229 202 656 1 0 1 "Vandalism"
0 173 71 229 202 657 1 0 1 "Vandalism"
0 173 71 229 202 658 1 0 1 "Vandalism"
0 173 71 229 202 659 1 0 1 "Vandalism"
0 173 71 229 202 660 1 0 1 "Vandalism"
0 173 71 229 202 661 1 0 1 "Vandalism"
0 173 71 229 202 662 1 0 1 "Vandalism"
0 173 71 229 202 663 1 0 1 "Vandalism"
0 173 71 229 202 664 1 0 1 "Vandalism"
0 173 71 229 202 665 1 0 1 "Vandalism"
0 173 71 229 202 666 1 0 1 "Vandalism"
0 173 71 229 202 667 1 0 1 "Vandalism"
0 173 71 229 202 668 1 0 1 "Vandalism"
0 173 71 229 202 669 1 0 1 "Vandalism"
0 173 71 229 202 670 1 0 1 "Vandalism"
0 173 71 229 202 671 1 0 1 "Vandalism"
0 173 71 229 202 672 1 0 1 "Vandalism"
0 173 71 229 202 673 1 0 1 "Vandalism"
0 173 71 229 202 674 1 0 1 "Vandalism"
0 173 71 229 202 675 1 0 1 "Vandalism"
0 173 71 229 202 676 1 0 1 "Vandalism"
0 173 71 229 202 677 1 0 1 "Vandalism"
0 173 71 229 202 678 1 0 1 "Vandalism"
0 173 71 229 202 679 1 0 1 "Vandalism"
0 173 71 229 202 680 1 0 1 "Vandalism"
0 173 71 229 202 681 1 0 1 "Vandalism"
0 173 71 229 202 682 1 0 1 "Vandalism"
0 173 71 229 202 683 1 0 1 "Vandalism"
0 173 71 229 202 684 1 0 1 "Vandalism"
0 173 71 229 202 685 1 0 1 "Vandalism"
0 173 71 229 202 686 1 0 1 "Vandalism"
0 173 71 229 202 687 1 0 1 "Vandalism"
0 173 71 229 202 688 1 0 1 "Vandalism"
0 173 71 229 202 689 1 0 1 "Vandalism"
0 173 71 229 202 690 1 0 1 "Vandalism"
0 173 71 229 202 691 1 0 1 "Vandalism"
0 173 71 229 202 692 1 0 1 "Vandalism"
0 173 71 229 202 693 1 0 1 "Vandalism"
0 173 71 229 202 694 1 0 1 "Vandalism"
0 173 71 229 202 695 1 0 1 "Vandalism"
0 173 71 229 202 696 1 0 1 "Vandalism"
0 173 71 229 202 697 1 0 1 "Vandalism"
0 173 71 229 202 698 1 0 1 "Vandalism"
0 173 71 229 202 699 1 0 1 "Vandalism"
0 173 71 229 202 700 1 0 1 "Vandalism"
0 173 71 229 202 701 1 0 1 "Vandalism"
0 173 71 229 202 702 1 0 1 "Vandalism"
0 173 71 229 202 703 1 0 1 "Vandalism"
0 173 71 229 202 704 1 0 1 "Vandalism"
0 173 71 229 202 705 1 0 1 "Vandalism"
0 173 71 229 202 706 1 0 1 "Vandalism"
0 173 71 229 202 707 1 0 1 "Vandalism"
0 173 71 229 202 708 1 0 1 "Vandalism"
0 173 71 229 202 709 1 0 1 "Vandalism"
0 173 71 229 202 710 1 0 1 "Vandalism"
0 173 71 229 202 711 1 0 1 "Vandalism"
0 173 71 229 202 712 1 0 1 "Vandalism"
0 173 71 229 202 713 1 0 1 "Vandalism"
0 173 71 229 202 714 1 0 1 "Vandalism"
0 173 71 229 202 715 1 0 1 "Vandalism"
0 173 71 229 202 716 1 0 1 "Vandalism"
0 173 71 229 202 717 1 0 1 "Vandalism"
0 173 71 229 202 718 1 0 1 "Vandalism"
0 173 71 229 202 719 1 0 1 "Vandalism"
0 173 71 229 202 720 1 0 1 "Vandalism"
0 173 71 229 202 721 1 0 1 "Vandalism"
0 173 71 229 202 722 1 0 1 "Vandalism"
0 173 71 229 202 723 1 0 1 "Vandalism"
0 173 71 229 202 724 1 0 1 "Vandalism"
0 173 71 229 202 725 1 0 1 "Vandalism"
0 173 71 229 202 726 1 0 1 "Vandalism"
0 173 71 229 202 727 1 0 1 "Vandalism"
0 173 71 229 202 728 1 0 1 "Vandalism"
0 173 71 229 202 729 1 0 1 "Vandalism"
0 173 71 229 202 730 1 0 1 "Vandalism"
0 173 71 229 202 731 1 0 1 "Vandalism"
0 173 71 229 202 732 1 0 1 "Vandalism"
0 173 71 229 202 733 1 0 1 "Vandalism"
0 173 71 229 202 734 1 0 1 "Vandalism"
0 173 71 229 202 735 1 0 1 "Vandalism"
0 173 71 229 202 736 1 0 1 "Vandalism"
0 173 71 229 202 737 1 0 1 "Vandalism"
0 173 71 229 202 738 1 0 1 "Vandalism"
0 173 71 229 202 739 1 0 1 "Vandalism"
0 173 71 229 202 740 1 0 1 "Vandalism"
0 173 71 229 202 741 1 0 1 "Vandalism"
0 173 71 229 202 742 1 0 1 "Vandalism"
0 173 71 229 202 743 1 0 1 "Vandalism"
0 173 71 229 202 744 1 0 1 "Vandalism"
0 173 71 229 202 745 1 0 1 "Vandalism"
0 173 71 229 202 746 1 0 1 "Vandalism"
0 173 71 229 202 747 1 0 1 "Vandalism"
0 173 71 229 202 748 1 0 1 "Vandalism"
0 173 71 229 202 749 1 0 1 "Vandalism"
0 173 71 229 202 750 1 0 1 "Vandalism"
0 173 71 229 202 751 1 0 1 "Vandalism"
0 173 71 229 202 752 1 0 1 "Vandalism"
0 173 71 229 202 753 1 0 1 "Vandalism"
0 173 71 229 202 754 1 0 1 "Vandalism"
0 173 71 229 202 755 1 0 1 "Vandalism"
0 173 71 229 202 756 1 0 1 "Vandalism"
0 173 71 229 202 757 1 0 1 "Vandalism"
0 173 71 229 202 758 1 0 1 "Vandalism"
0 173 71 229 202 759 1 0 1 "Vandalism"
0 173 71 229 202 760 1 0 1 "Vandalism"
0 173 71 229 202 761 1 0 1 "Vandalism"
0 173 71 229 202 762 1 0 1 "Vandalism"
0 173 71 229 202 763 1 0 1 "Vandalism"
0 173 71 229 202 764 1 0 1 "Vandalism"
0 173 71 229 202 765 1 0 1 "Vandalism"
0 173 71 229 202 766 1 0 1 "Vandalism"
0 173 71 229 202 767 1 0 1 "Vandalism"
0 173 71 229 202 768 1 0 1 "Vandalism"
0 173 71 229 202 769 1 0 1 "Vandalism"
0 173 71 229 202 770 1 0 1 "Vandalism"
0 173 71 229 202 771 1 0 1 "Vandalism"
0 173 71 229 202 772 1 0 1 "Vandalism"
0 173 71 229 202 773 1 0 1 "Vandalism"
0 173 71 229 202 774 1 0 1 "Vandalism"
0 173 71 229 202 775 1 0 1 "Vandalism"
0 173 71 229 202 776 1 0 1 "Vandalism"
0 173 71 229 202 777 1 0 1 "Vandalism"
0 173 71 229 202 778 1 0 1 "Vandalism"
0 173 71 229 202 779 1 0 1 "Vandalism"
0 173 71 229 202 780 1 0 1 "Vandalism"
0 173 71 229 202 781 1 0 1 "Vandalism"
0 173 71 229 202 782 1 0 1 "Vandalism"
0 173 71 229 202 783 1 0 1 "Vandalism"
0 173 71 229 202 784 1 0 1 "Vandalism"
0 173 71 229 202 785 1 0 1 "Vandalism"
0 173 71 229 202 786 1 0 1 "Vandalism"
0 173 71 229 202 787 1 0 1 "Vandalism"
0 173 71 229 202 788 1 0 1 "Vandalism"
0 173 71 229 202 789 1 0 1 "Vandalism"
0 173 71 229 202 790 1 0 1 "Vandalism"
0 173 71 229 202 791 1 0 1 "Vandalism"
0 173 71 229 202 792 1 0 1 "Vandalism"
0 173 71 229 202 793 1 0 1 "Vandalism"
0 173 71 229 202 794 1 0 1 "Vandalism"
0 173 71 229 202 795 1 0 1 "Vandalism"
0 173 71 229 202 796 1 0 1 "Vandalism"
0 173 71 229 202 797 1 0 1 "Vandalism"
0 173 71 229 202 798 1 0 1 "Vandalism"
0 173 71 229 202 799 1 0 1 "Vandalism"
0 173 71 229 202 800 1 0 1 "Vandalism"
0 173 71 229 202 801 1 0 1 "Vandalism"
0 173 71 229 202 802 1 0 1 "Vandalism"
0 173 71 229 202 803 1 0 1 "Vandalism"
0 173 71 229 202 804 1 0 1 "Vandalism"
0 173 71 229 202 805 1 0 1 "Vandalism"
0 173 71 229 202 806 1 0 1 "Vandalism"
0 173 71 229 202 807 1 0 1 "Vandalism"
0 173 71 229 202 808 1 0 1 "Vandalism"
0 173 71 229 202 809 1 0 1 "Vandalism"
0 173 71 229 202 810 1 0 1 "Vandalism"
0 173 71 229 202 811 1 0 1 "Vandalism"
0 173 71 229 202 812 1 0 1 "Vandalism"
0 173 71 229 202 813 1 0 1 "Vandalism"
0 173 71 229 202 814 1 0 1 "Vandalism"
0 173 71 229 202 815 1 0 1 "Vandalism"
0 173 71 229 202 816 1 0 1 "Vandalism"
0 173 71 229 202 817 1 0 1 "Vandalism"
0 173 71 229 202 818 1 0 1 "Vandalism"
0 173 71 229 202 819 1 0 1 "Vandalism"
0 173 71 229 202 820 1 0 1 "Vandalism"
0 173 71 229 202 821 1 0 1 "Vandalism"
0 173 71 229 202 822 1 0 1 "Vandalism"
0 173 71 229 202 823 1 0 1 "Vandalism"
0 173 71 229 202 824 1 0 1 "Vandalism"
0 173 71 229 202 825 1 0 1 "Vandalism"
0 173 71 229 202 826 1 0 1 "Vandalism"
0 173 71 229 202 827 1 0 1 "Vandalism"
0 173 71 229 202 828 1 0 1 "Vandalism"
0 173 71 229 202 829 1 0 1 "Vandalism"
0 173 71 229 202 830 1 0 1 "Vandalism"
0 173 71 229 202 831 1 0 1 "Vandalism"
0 173 71 229 202 832 1 0 1 "Vandalism"
0 173 71 229 202 833 1 0 1 "Vandalism"
0 173 71 229 202 834 1 0 1 "Vandalism"
0 173 71 229 202 835 1 0 1 "Vandalism"
0 173 71 229 202 836 1 0 1 "Vandalism"
0 173 71 229 202 837 1 0 1 "Vandalism"
0 173 71 229 202 838 1 0 1 "Vandalism"
0 173 71 229 202 839 1 0 1 "Vandalism"
0 173 71 229 202 840 1 0 1 "Vandalism"
0 173 71 229 202 841 1 0 1 "Vandalism"
0 173 71 229 202 842 1 0 1 "Vandalism"
0 173 71 229 202 843 1 0 1 "Vandalism"
0 173 71 229 202 844 1 0 1 "Vandalism"
0 173 71 229 202 845 1 0 1 "Vandalism"
0 173 71 229 202 846 1 0 1 "Vandalism"
0 173 71 229 202 847 1 0 1 "Vandalism"
0 173 71 229 202 848 1 0 1 "Vandalism"
0 173 71 229 202 849 1 0 1 "Vandalism"
0 173 71 229 202 850 1 0 1 "Vandalism"
0 173 71 229 202 851 1 0 1 "Vandalism"
0 173 71 229 202 852 1 0 1 "Vandalism"
0 173 71 229 202 853 1 0 1 "Vandalism"
0 173 71 229 202 854 1 0 1 "Vandalism"
0 173 71 229 202 855 1 0 1 "Vandalism"
0 173 71 229 202 856 1 0 1 "Vandalism"
0 173 71 229 202 857 1 0 1 "Vandalism"
0 173 71 229 202 858 1 0 1 "Vandalism"
0 173 71 229 202 859 1 0 1 "Vandalism"
0 173 71 229 202 860 1 0 1 "Vandalism"
0 173 71 229 202 861 1 0 1 "Vandalism"
0 173 71 229 202 862 1 0 1 "Vandalism"
0 173 71 229 202 863 1 0 1 "Vandalism"
0 173 71 229 202 864 1 0 1 "Vandalism"
0 173 71 229 202 865 1 0 1 "Vandalism"
0 173 71 229 202 866 1 0 1 "Vandalism"
0 173 71 229 202 867 1 0 1 "Vandalism"
0 173 71 229 202 868 1 0 1 "Vandalism"
0 173 71 229 202 869 1 0 1 "Vandalism"
0 173 71 229 202 870 1 0 1 "Vandalism"
0 173 71 229 202 871 1 0 1 "Vandalism"
0 173 71 229 202 872 1 0 1 "Vandalism"
0 173 71 229 202 873 1 0 1 "Vandalism"
0 173 71 229 202 874 1 0 1 "Vandalism"
0 173 71 229 202 875 1 0 1 "Vandalism"
0 173 71 229 202 876 1 0 1 "Vandalism"
0 173 71 229 202 877 1 0 1 "Vandalism"
0 173 71 229 202 878 1 0 1 "Vandalism"
0 173 71 229 202 879 1 0 1 "Vandalism"
0 173 71 229 202 880 1 0 1 "Vandalism"
0 173 71 229 202 881 1 0 1 "Vandalism"
0 173 71 229 202 882 1 0 1 "Vandalism"
0 173 71 229 202 883 1 0 1 "Vandalism"
0 173 71 229 202 884 1 0 1 "Vandalism"
0 173 71 229 202 885 1 0 1 "Vandalism"
0 173 71 229 202 886 1 0 1 "Vandalism"
0 173 71 229 202 887 1 0 1 "Vandalism"
0 173 71 229 202 888 1 0 1 "Vandalism"
0 173 71 229 202 889 1 0 1 "Vandalism"
0 173 71 229 202 890 1 0 1 "Vandalism"
0 173 71 229 202 891 1 0 1 "Vandalism"
0 173 71 229 202 892 1 0 1 "Vandalism"
0 173 71 229 202 893 1 0 1 "Vandalism"
0 173 71 229 202 894 1 0 1 "Vandalism"
0 173 71 229 202 895 1 0 1 "Vandalism"
0 173 71 229 202 896 1 0 1 "Vandalism"
0 173 71 229 202 897 1 0 1 "Vandalism"
0 173 71 229 202 898 1 0 1 "Vandalism"
0 173 71 229 202 899 1 0 1 "Vandalism"
0 173 71 229 202 900 1 0 1 "Vandalism"
0 173 71 229 202 901 1 0 1 "Vandalism"
0 173 71 229 202 902 1 0 1 "Vandalism"
0 173 71 229 202 903 1 0 1 "Vandalism"
0 173 71 229 202 904 1 0 1 "Vandalism"
0 173 71 229 202 905 1 0 1 "Vandalism"
0 173 71 229 202 906 1 0 1 "Vandalism"
0 173 71 229 202 907 1 0 1 "Vandalism"
0 173 71 229 202 908 1 0 1 "Vandalism"
0 173 71 229 202 909 1 0 1 "Vandalism"
0 173 71 229 202 910 1 0 1 "Vandalism"
0 173 71 229 202 911 1 0 1 "Vandalism"
0 173 71 229 202 912 1 0 1 "Vandalism"
0 173 71 229 202 913 1 0 1 "Vandalism"
0 173 71 229 202 914 1 0 1 "Vandalism"
0 173 71 229 202 915 1 0 1 "Vandalism"
0 173 71 229 202 916 1 0 1 "Vandalism"
0 173 71 229 202 917 1 0 1 "Vandalism"
0 173 71 229 202 918 1 0 1 "Vandalism"
0 173 71 229 202 919 1 0 1 "Vandalism"
0 173 71 229 202 920 1 0 1 "Vandalism"
0 173 71 229 202 921 1 0 1 "Vandalism"
0 173 71 229 202 922 1 0 1 "Vandalism"
0 173 71 229 202 923 1 0 1 "Vandalism"
0 173 71 229 202 924 1 0 1 "Vandalism"
0 173 71 229 202 925 1 0 1 "Vandalism"
0 173 71 229 202 926 1 0 1 "Vandalism"
0 173 71 229 202 927 1 0 1 "Vandalism"
0 173 71 229 202 928 1 0 1 "Vandalism"
0 173 71 229 202 929 1 0 1 "Vandalism"
0 173 71 229 202 930 1 0 1 "Vandalism"
0 173 71 229 202 931 1 0 1 "Vandalism"
0 173 71 229 202 932 1 0 1 "Vandalism"
0 173 71 229 202 933 1 0 1 "Vandalism"
0 173 71 229 202 934 1 0 1 "Vandalism"
0 173 71 229 202 935 1 0 1 "Vandalism"
0 173 71 229 202 936 1 0 1 "Vandalism"
0 173 71 229 202 937 1 0 1 "Vandalism"
0 173 71 229 202 938 1 0 1 "Vandalism"
0 173 71 229 202 939 1 0 1 "Vandalism"
0 173 71 229 202 940 1 0 1 "Vandalism"
0 173 71 229 202 941 1 0 1 "Vandalism"
0 173 71 229 202 942 1 0 1 "Vandalism"
0 173 71 229 202 943 1 0 1 "Vandalism"
0 173 71 229 202 944 1 0 1 "Vandalism"
0 173 71 229 202 945 1 0 1 "Vandalism"
0 173 71 229 202 946 1 0 1 "Vandalism"
0 173 71 229 202 947 1 0 1 "Vandalism"
0 173 71 229 202 948 1 0 1 "Vandalism"
0 173 71 229 202 949 1 0 1 "Vandalism"
0 173 71 229 202 950 1 0 1 "Vandalism"
0 173 71 229 202 951 1 0 1 "Vandalism"
0 173 71 229 202 952 1 0 1 "Vandalism"
0 173 71 229 202 953 1 0 1 "Vandalism"
0 173 71 229 202 954 1 0 1 "Vandalism"
0 173 71 229 202 955 1 0 1 "Vandalism"
0 173 71 229 202 956 1 0 1 "Vandalism"
0 173 71 229 202 957 1 0 1 "Vandalism"
0 173 71 229 202 958 1 0 1 "Vandalism"
0 173 71 229 202 959 1 0 1 "Vandalism"
0 173 71 229 202 960 1 0 1 "Vandalism"
0 173 71 229 202 961 1 0 1 "Vandalism"
0 173 71 229 202 962 1 0 1 "Vandalism"
0 173 71 229 202 963 1 0 1 "Vandalism"
0 173 71 229 202 964 1 0 1 "Vandalism"
0 173 71 229 202 965 1 0 1 "Vandalism"
0 173 71 229 202 966 1 0 1 "Vandalism"
0 173 71 229 202 967 1 0 1 "Vandalism"
0 173 71 229 202 968 1 0 1 "Vandalism"
0 173 71 229 202 969 1 0 1 "Vandalism"
0 173 71 229 202 970 1 0 1 "Vandalism"
0 173 71 229 202 971 1 0 1 "Vandalism"
0 173 71 229 202 972 1 0 1 "Vandalism"
0 173 71 229 202 973 1 0 1 "Vandalism"
0 173 71 229 202 974 1 0 1 "Vandalism"
0 173 71 229 202 975 1 0 1 "Vandalism"
0 173 71 229 202 976 1 0 1 "Vandalism"
0 173 71 229 202 977 1 0 1 "Vandalism"
0 173 71 229 202 978 1 0 1 "Vandalism"
0 173 71 229 202 979 1 0 1 "Vandalism"
0 173 71 229 202 980 1 0 1 "Vandalism"
0 173 71 229 202 981 1 0 1 "Vandalism"
0 173 71 229 202 982 1 0 1 "Vandalism"
0 173 71 229 202 983 1 0 1 "Vandalism"
0 173 71 229 202 984 1 0 1 "Vandalism"
0 173 71 229 202 985 1 0 1 "Vandalism"
0 173 71 229 202 986 1 0 1 "Vandalism"
0 173 71 229 202 987 1 0 1 "Vandalism"
0 173 71 229 202 988 1 0 1 "Vandalism"
0 173 71 229 202 989 1 0 1 "Vandalism"
0 173 71 229 202 990 1 0 1 "Vandalism"
0 173 71 229 202 991 1 0 1 "Vandalism"
0 173 71 229 202 992 1 0 1 "Vandalism"
0 173 71 229 202 993 1 0 1 "Vandalism"
0 173 71 229 202 994 1 0 1 "Vandalism"
0 173 71 229 202 995 1 0 1 "Vandalism"
0 173 71 229 202 996 1 0 1 "Vandalism"
0 173 71 229 202 997 1 0 1 "Vandalism"
0 173 71 229 202 998 1 0 1 "Vandalism"
0 173 71 229 202 999 1 0 1 "Vandalism"
0 173 71 229 202 1000 1 0 1 "Vandalism"
0 173 71 229 202 1001 1 0 1 "Vandalism"
0 173 71 229 202 1002 1 0 1 "Vandalism"
0 173 71 229 202 1003 1 0 1 "Vandalism"
0 173 71 229 202 1004 1 0 1 "Vandalism"
0 173 71 229 202 1005 1 0 1 "Vandalism"
0 173 71 229 202 1006 1 0 1 "Vandalism"
0 173 71 229 202 1007 1 0 1 "Vandalism"
0 173 71 229 202 1008 1 0 1 "Vandalism"
0 173 71 229 202 1009 1 0 1 "Vandalism"
0 173 71 229 202 1010 1 0 1 "Vandalism"
0 173 71 229 202 1011 1 0 1 "Vandalism"
0 173 71 229 202 1012 1 0 1 "Vandalism"
0 173 71 229 202 1013 1 0 1 "Vandalism"
0 173 71 229 202 1014 1 0 1 "Vandalism"
0 173 71 229 202 1015 1 0 1 "Vandalism"
0 173 71 229 202 1016 1 0 1 "Vandalism"
0 173 71 229 202 1017 1 0 1 "Vandalism"
0 173 71 229 202 1018 1 0 1 "Vandalism"
0 173 71 229 202 1019 1 0 1 "Vandalism"
0 173 71 229 202 1020 1 0 1 "Vandalism"
0 173 71 229 202 1021 1 0 1 "Vandalism"
0 173 71 229 202 1022 1 0 1 "Vandalism"
0 173 71 229 202 1023 1 0 1 "Vandalism"
0 173 71 229 202 1024 1 0 1 "Vandalism"
0 173 71 229 202 1025 1 0 1 "Vandalism"
0 173 71 229 202 1026 1 0 1 "Vandalism"
0 173 71 229 202 1027 1 0 1 "Vandalism"
0 173 71 229 202 1028 1 0 1 "Vandalism"
0 173 71 229 202 1029 1 0 1 "Vandalism"
0 173 71 229 202 1030 1 0 1 "Vandalism"
0 173 71 229 202 1031 1 0 1 "Vandalism"
0 173 71 229 202 1032 1 0 1 "Vandalism"
0 173 71 229 202 1033 1 0 1 "Vandalism"
0 173 71 229 202 1034 1 0 1 "Vandalism"
0 173 71 229 202 1035 1 0 1 "Vandalism"
0 173 71 229 202 1036 1 0 1 "Vandalism"
0 173 71 229 202 1037 1 0 1 "Vandalism"
0 173 71 229 202 1038 1 0 1 "Vandalism"
0 173 71 229 202 1039 1 0 1 "Vandalism"
0 173 71 229 202 1040 1 0 1 "Vandalism"
0 173 71 229 202 1041 1 0 1 "Vandalism"
0 173 71 229 202 1042 1 0 1 "Vandalism"
0 173 71 229 202 1043 1 0 1 "Vandalism"
0 173 71 229 202 1044 1 0 1 "Vandalism"
0 173 71 229 202 1045 1 0 1 "Vandalism"
0 173 71 229 202 1046 1 0 1 "Vandalism"
0 173 71 229 202 1047 1 0 1 "Vandalism"
0 173 71 229 202 1048 1 0 1 "Vandalism"
0 173 71 229 202 1049 1 0 1 "Vandalism"
0 173 71 229 202 1050 1 0 1 "Vandalism"
0 173 71 229 202 1051 1 0 1 "Vandalism"
0 173 71 229 202 1052 1 0 1 "Vandalism"
0 173 71 229 202 1053 1 0 1 "Vandalism"
0 173 71 229 202 1054 1 0 1 "Vandalism"
0 173 71 229 202 1055 1 0 1 "Vandalism"
0 173 71 229 202 1056 1 0 1 "Vandalism"
0 173 71 229 202 1057 1 0 1 "Vandalism"
0 173 71 229 202 1058 1 0 1 "Vandalism"
0 173 71 229 202 1059 1 0 1 "Vandalism"
0 173 71 229 202 1060 1 0 1 "Vandalism"
0 173 71 229 202 1061 1 0 1 "Vandalism"
0 173 71 229 202 1062 1 0 1 "Vandalism"
0 173 71 229 202 1063 1 0 1 "Vandalism"
0 173 71 229 202 1064 1 0 1 "Vandalism"
0 173 71 229 202 1065 1 0 1 "Vandalism"
0 173 71 229 202 1066 1 0 1 "Vandalism"
0 173 71 229 202 1067 1 0 1 "Vandalism"
0 173 71 229 202 1068 1 0 1 "Vandalism"
0 173 71 229 202 1069 1 0 1 "Vandalism"
0 173 71 229 202 1070 1 0 1 "Vandalism"
0 173 71 229 202 1071 1 0 1 "Vandalism"
0 173 71 229 202 1072 1 0 1 "Vandalism"
0 173 71 229 202 1073 1 0 1 "Vandalism"
0 173 71 229 202 1074 1 0 1 "Vandalism"
0 173 71 229 202 1075 1 0 1 "Vandalism"
0 173 71 229 202 1076 1 0 1 "Vandalism"
0 173 71 229 202 1077 1 0 1 "Vandalism"
0 173 71 229 202 1078 1 0 1 "Vandalism"
0 173 71 229 202 1079 1 0 1 "Vandalism"
0 173 71 229 202 1080 1 0 1 "Vandalism"
0 173 71 229 202 1081 1 0 1 "Vandalism"
0 173 71 229 202 1082 1 0 1 "Vandalism"
0 173 71 229 202 1083 1 0 1 "Vandalism"
0 173 71 229 202 1084 1 0 1 "Vandalism"
0 173 71 229 202 1085 1 0 1 "Vandalism"
0 173 71 229 202 1086 1 0 1 "Vandalism"
0 173 71 229 202 1087 1 0 1 "Vandalism"
0 173 71 229 202 1088 1 0 1 "Vandalism"
0 173 71 229 202 1089 1 0 1 "Vandalism"
0 173 71 229 202 1090 1 0 1 "Vandalism"
0 173 71 229 202 1091 1 0 1 "Vandalism"
0 173 71 229 202 1092 1 0 1 "Vandalism"
0 173 71 229 202 1093 1 0 1 "Vandalism"
0 173 71 229 202 1094 1 0 1 "Vandalism"
0 173 71 229 202 1095 1 0 1 "Vandalism"
0 173 71 229 202 1096 1 0 1 "Vandalism"
0 173 71 229 202 1097 1 0 1 "Vandalism"
0 173 71 229 202 1098 1 0 1 "Vandalism"
0 173 71 229 202 1099 1 0 1 "Vandalism"
0 173 71 229 202 1100 1 0 1 "Vandalism"
0 173 71 229 202 1101 1 0 1 "Vandalism"
0 173 71 229 202 1102 1 0 1 "Vandalism"
0 173 71 229 202 1103 1 0 1 "Vandalism"
0 173 71 229 202 1104 1 0 1 "Vandalism"
0 173 71 229 202 1105 1 0 1 "Vandalism"
0 173 71 229 202 1106 1 0 1 "Vandalism"
0 173 71 229 202 1107 1 0 1 "Vandalism"
0 173 71 229 202 1108 1 0 1 "Vandalism"
0 173 71 229 202 1109 1 0 1 "Vandalism"
0 173 71 229 202 1110 1 0 1 "Vandalism"
0 173 71 229 202 1111 1 0 1 "Vandalism"
0 173 71 229 202 1112 1 0 1 "Vandalism"
0 173 71 229 202 1113 1 0 1 "Vandalism"
0 173 71 229 202 1114 1 0 1 "Vandalism"
0 173 71 229 202 1115 1 0 1 "Vandalism"
0 173 71 229 202 1116 1 0 1 "Vandalism"
0 173 71 229 202 1117 1 0 1 "Vandalism"
0 173 71 229 202 1118 1 0 1 "Vandalism"
0 173 71 229 202 1119 1 0 1 "Vandalism"
0 173 71 229 202 1120 1 0 1 "Vandalism"
0 173 71 229 202 1121 1 0 1 "Vandalism"
0 173 71 229 202 1122 1 0 1 "Vandalism"
0 173 71 229 202 1123 1 0 1 "Vandalism"
0 173 71 229 202 1124 1 0 1 "Vandalism"
0 173 71 229 202 1125 1 0 1 "Vandalism"
0 173 71 229 202 1126 1 0 1 "Vandalism"
0 173 71 229 202 1127 1 0 1 "Vandalism"
0 173 71 229 202 1128 1 0 1 "Vandalism"
0 173 71 229 202 1129 1 0 1 "Vandalism"
0 173 71 229 202 1130 1 0 1 "Vandalism"
0 173 71 229 202 1131 1 0 1 "Vandalism"
0 173 71 229 202 1132 1 0 1 "Vandalism"
0 173 71 229 202 1133 1 0 1 "Vandalism"
0 173 71 229 202 1134 1 0 1 "Vandalism"
0 173 71 229 202 1135 1 0 1 "Vandalism"
0 173 71 229 202 1136 1 0 1 "Vandalism"
0 173 71 229 202 1137 1 0 1 "Vandalism"
0 173 71 229 202 1138 1 0 1 "Vandalism"
0 173 71 229 202 1139 1 0 1 "Vandalism"
0 173 71 229 202 1140 1 0 1 "Vandalism"
0 173 71 229 202 1141 1 0 1 "Vandalism"
0 173 71 229 202 1142 1 0 1 "Vandalism"
0 173 71 229 202 1143 1 0 1 "Vandalism"
0 173 71 229 202 1144 1 0 1 "Vandalism"
0 173 71 229 202 1145 1 0 1 "Vandalism"
0 173 71 229 202 1146 1 0 1 "Vandalism"
0 173 71 229 202 1147 1 0 1 "Vandalism"
0 173 71 229 202 1148 1 0 1 "Vandalism"
0 173 71 229 202 1149 1 0 1 "Vandalism"
0 173 71 229 202 1150 1 0 1 "Vandalism"
0 173 71 229 202 1151 1 0 1 "Vandalism"
0 173 71 229 202 1152 1 0 1 "Vandalism"
0 173 71 229 202 1153 1 0 1 "Vandalism"
0 173 71 229 202 1154 1 0 1 "Vandalism"
0 173 71 229 202 1155 1 0 1 "Vandalism"
0 173 71 229 202 1156 1 0 1 "Vandalism"
0 173 71 229 202 1157 1 0 1 "Vandalism"
0 173 71 229 202 1158 1 0 1 "Vandalism"
0 173 71 229 202 1159 1 0 1 "Vandalism"
0 173 71 229 202 1160 1 0 1 "Vandalism"
0 173 71 229 202 1161 1 0 1 "Vandalism"
0 173 71 229 202 1162 1 0 1 "Vandalism"
0 173 71 229 202 1163 1 0 1 "Vandalism"
0 173 71 229 202 1164 1 0 1 "Vandalism"
0 173 71 229 202 1165 1 0 1 "Vandalism"
0 173 71 229 202 1166 1 0 1 "Vandalism"
0 173 71 229 202 1167 1 0 1 "Vandalism"
0 173 71 229 202 1168 1 0 1 "Vandalism"
0 173 71 229 202 1169 1 0 1 "Vandalism"
0 173 71 229 202 1170 1 0 1 "Vandalism"
0 173 71 229 202 1171 1 0 1 "Vandalism"
0 173 71 229 202 1172 1 0 1 "Vandalism"
0 173 71 229 202 1173 1 0 1 "Vandalism"
0 173 71 229 202 1174 1 0 1 "Vandalism"
0 173 71 229 202 1175 1 0 1 "Vandalism"
0 173 71 229 202 1176 1 0 1 "Vandalism"
0 173 71 229 202 1177 1 0 1 "Vandalism"
0 173 71 229 202 1178 1 0 1 "Vandalism"
0 173 71 229 202 1179 1 0 1 "Vandalism"
0 173 71 229 202 1180 1 0 1 "Vandalism"
0 173 71 229 202 1181 1 0 1 "Vandalism"
0 173 71 229 202 1182 0 0 0 "Vandalism"
0 171 71 229 201 1183 0 0 1 "Vandalism"
0 170 71 229 201 1184 0 0 1 "Vandalism"
0 169 71 229 201 1185 0 0 1 "Vandalism"
0 168 71 229 201 1186 0 0 1 "Vandalism"
0 166 71 229 201 1187 0 0 1 "Vandalism"
0 165 71 229 201 1188 0 0 1 "Vandalism"
0 164 71 229 201 1189 0 0 1 "Vandalism"
0 163 71 229 201 1190 0 0 1 "Vandalism"
0 162 71 229 201 1191 0 0 0 "Vandalism"
0 161 72 230 201 1192 0 0 1 "Vandalism"
0 160 73 231 202 1193 0 0 1 "Vandalism"
0 159 74 233 203 1194 0 0 0 "Vandalism"
0 157 74 231 203 1195 0 0 1 "Vandalism"
0 155 74 229 203 1196 0 0 1 "Vandalism"
0 153 74 227 203 1197 0 0 0 "Vandalism"
0 139 75 226 201 1198 0 0 1 "Vandalism"
0 125 76 226 200 1199 0 0 1 "Vandalism"
0 111 78 226 199 1200 0 0 1 "Vandalism"
0 97 79 225 197 1201 0 0 1 "Vandalism"
0 83 80 225 196 1202 0 0 1 "Vandalism"
0 70 82 225 195 1203 0 0 0 "Vandalism"
0 61 82 225 194 1204 0 0 1 "Vandalism"
0 53 82 225 194 1205 0 0 1 "Vandalism"
0 44 82 225 194 1206 0 0 1 "Vandalism"
0 36 82 225 194 1207 0 0 1 "Vandalism"
0 28 82 225 194 1208 0 0 0 "Vandalism"
0 28 82 224 195 1209 0 0 1 "Vandalism"
0 28 82 224 196 1210 0 0 1 "Vandalism"
0 28 82 224 197 1211 0 0 1 "Vandalism"
0 28 82 224 198 1212 0 0 1 "Vandalism"
0 28 82 224 199 1213 0 0 1 "Vandalism"
0 28 82 224 200 1214 0 0 1 "Vandalism"
0 28 82 224 201 1215 0 0 1 "Vandalism"
0 28 82 224 202 1216 0 0 1 "Vandalism"
0 28 82 224 203 1217 0 0 1 "Vandalism"
0 28 82 224 204 1218 0 0 1 "Vandalism"
0 28 82 224 205 1219 0 0 1 "Vandalism"
0 28 82 224 206 1220 0 0 1 "Vandalism"
0 28 82 224 207 1221 0 0 1 "Vandalism"
0 28 82 224 208 1222 0 0 1 "Vandalism"
0 28 82 224 209 1223 0 0 1 "Vandalism"
0 28 82 224 210 1224 0 0 1 "Vandalism"
0 28 82 224 211 1225 0 0 1 "Vandalism"
0 28 82 224 212 1226 0 0 1 "Vandalism"
0 28 82 224 213 1227 0 0 1 "Vandalism"
0 28 82 224 214 1228 0 0 1 "Vandalism"
0 28 82 224 215 1229 0 0 1 "Vandalism"
0 28 82 224 216 1230 0 0 1 "Vandalism"
0 28 82 224 217 1231 0 0 1 "Vandalism"
0 28 82 224 218 1232 0 0 1 "Vandalism"
0 28 82 224 219 1233 0 0 1 "Vandalism"
0 28 82 224 220 1234 0 0 1 "Vandalism"
0 28 82 224 221 1235 0 0 1 "Vandalism"
0 28 82 224 222 1236 0 0 1 "Vandalism"
0 28 82 224 223 1237 0 0 1 "Vandalism"
0 28 82 224 224 1238 0 0 1 "Vandalism"
0 28 82 224 225 1239 0 0 1 "Vandalism"
0 28 82 224 227 1240 0 0 0 "Vandalism"
0 26 82 222 227 1241 0 0 1 "Vandalism"
0 25 82 221 227 1242 0 0 1 "Vandalism"
0 24 82 220 227 1243 0 0 1 "Vandalism"
0 22 82 218 227 1244 0 0 1 "Vandalism"
0 21 82 217 227 1245 0 0 1 "Vandalism"
0 20 82 216 227 1246 0 0 1 "Vandalism"
0 18 82 214 227 1247 0 0 1 "Vandalism"
0 17 82 213 227 1248 0 0 1 "Vandalism"
0 16 82 212 227 1249 0 0 1 "Vandalism"
0 15 83 211 228 1250 0 0 0 "Vandalism"
0 15 85 210 228 1251 0 0 1 "Vandalism"
0 15 88 210 228 1252 0 0 1 "Vandalism"
0 15 91 210 228 1253 0 0 1 "Vandalism"
0 15 94 210 228 1254 0 0 1 "Vandalism"
0 15 97 210 228 1255 0 0 1 "Vandalism"
0 15 100 210 228 1256 0 0 1 "Vandalism"
0 15 103 210 228 1257 0 0 1 "Vandalism"
0 15 106 210 228 1258 0 0 1 "Vandalism"
0 15 109 210 228 1259 0 0 1 "Vandalism"
0 15 112 210 228 1260 0 0 0 "Vandalism"
0 15 111 210 227 1261 0 0 1 "Vandalism"
0 16 111 211 227 1262 0 0 1 "Vandalism"
0 17 111 212 227 1263 0 0 1 "Vandalism"
0 18 111 213 227 1264 0 0 1 "Vandalism"
0 19 111 214 227 1265 0 0 1 "Vandalism"
0 20 111 215 227 1266 0 0 1 "Vandalism"
0 20 110 215 226 1267 0 0 1 "Vandalism"
0 21 110 216 226 1268 0 0 1 "Vandalism"
0 22 110 217 226 1269 0 0 1 "Vandalism"
0 23 110 218 226 1270 0 0 1 "Vandalism"
0 24 110 219 226 1271 0 0 1 "Vandalism"
0 25 110 220 226 1272 0 0 1 "Vandalism"
0 26 110 221 226 1273 0 0 0 "Vandalism"
0 26 110 208 225 1274 0 0 1 "Vandalism"
0 26 110 195 225 1275 0 0 1 "Vandalism"
0 26 110 182 225 1276 0 0 1 "Vandalism"
0 26 110 170 225 1277 0 0 1 "Vandalism"
0 26 110 157 225 1278 0 0 1 "Vandalism"
0 26 110 144 225 1279 0 0 1 "Vandalism"
0 26 110 132 225 1280 0 0 0 "Vandalism"
0 29 107 135 225 1281 0 0 1 "Vandalism"
0 33 105 138 225 1282 0 0 1 "Vandalism"
0 37 103 142 225 1283 0 0 1 "Vandalism"
0 41 100 145 225 1284 0 0 1 "Vandalism"
0 44 98 149 225 1285 0 0 1 "Vandalism"
0 48 96 152 225 1286 0 0 1 "Vandalism"
0 52 93 156 225 1287 0 0 1 "Vandalism"
0 56 91 159 225 1288 0 0 1 "Vandalism"
0 60 89 163 226 1289 0 0 0 "Vandalism"
0 64 87 167 222 1290 0 0 1 "Vandalism"
0 68 85 172 218 1291 0 0 1 "Vandalism"
0 72 83 176 214 1292 0 0 1 "Vandalism"
0 76 81 181 211 1293 0 0 0 "Vandalism"
0 81 81 186 211 1294 0 0 1 "Vandalism"
0 86 81 191 211 1295 0 0 1 "Vandalism"
0 92 81 197 211 1296 0 0 1 "Vandalism"
0 97 81 202 211 1297 0 0 1 "Vandalism"
0 102 81 207 211 1298 0 0 1 "Vandalism"
0 108 82 213 212 1299 0 0 0 "Vandalism"
0 107 82 212 212 1300 0 0 1 "Vandalism"
0 107 82 212 212 1301 0 0 1 "Vandalism"
0 107 82 212 212 1302 0 0 1 "Vandalism"
0 107 83 212 213 1303 0 0 1 "Vandalism"
0 106 83 211 213 1304 0 0 1 "Vandalism"
0 106 83 211 213 1305 0 0 1 "Vandalism"
0 106 84 211 214 1306 0 0 1 "Vandalism"
0 106 84 211 214 1307 0 0 1 "Vandalism"
0 105 84 210 214 1308 0 0 1 "Vandalism"
0 105 85 210 215 1309 0 0 1 "Vandalism"
0 105 85 210 215 1310 0 0 1 "Vandalism"
0 105 85 210 215 1311 0 0 1 "Vandalism"
0 104 86 209 216 1312 0 0 1 "Vandalism"
0 104 86 209 216 1313 0 0 1 "Vandalism"
0 104 86 209 216 1314 0 0 1 "Vandalism"
0 104 87 209 217 1315 0 0 0 "Vandalism"
0 93 87 209 216 1316 0 0 1 "Vandalism"
0 83 87 209 216 1317 0 0 1 "Vandalism"
0 72 87 209 215 1318 0 0 1 "Vandalism"
0 62 87 209 215 1319 0 0 1 "Vandalism"
0 51 87 209 215 1320 0 0 1 "Vandalism"
0 41 87 209 214 1321 0 0 1 "Vandalism"
0 30 87 209 214 1322 0 0 1 "Vandalism"
0 20 87 209 214 1323 0 0 0 "Vandalism"
0 18 87 207 214 1324 0 0 1 "Vandalism"
0 17 88 206 215 1325 0 0 1 "Vandalism"
0 16 89 205 216 1326 0 0 1 "Vandalism"
0 14 89 203 216 1327 0 0 1 "Vandalism"
0 13 90 202 217 1328 0 0 1 "Vandalism"
0 12 91 201 218 1329 0 0 0 "Vandalism"
0 14 91 201 217 1330 0 0 1 "Vandalism"
0 17 91 201 217 1331 0 0 1 "Vandalism"
0 19 91 201 217 1332 0 0 1 "Vandalism"
0 22 91 201 217 1333 0 0 1 "Vandalism"
0 25 91 201 217 1334 0 0 0 "Vandalism"
0 30 91 201 216 1335 0 0 1 "Vandalism"
0 35 91 201 216 1336 0 0 1 "Vandalism"
0 40 91 201 216 1337 0 0 1 "Vandalism"
0 45 91 201 216 1338 0 0 1 "Vandalism"
0 50 91 201 216 1339 0 0 1 "Vandalism"
0 55 91 201 216 1340 0 0 1 "Vandalism"
0 60 91 201 216 1341 0 0 1 "Vandalism"
0 65 91 201 216 1342 0 0 1 "Vandalism"
0 70 91 201 216 1343 0 0 1 "Vandalism"
0 75 91 201 216 1344 0 0 0 "Vandalism"
0 73 92 199 215 1345 0 0 1 "Vandalism"
0 71 94 197 215 1346 0 0 1 "Vandalism"
0 69 96 195 214 1347 0 0 1 "Vandalism"
0 67 97 193 214 1348 0 0 1 "Vandalism"
0 65 99 191 213 1349 0 0 1 "Vandalism"
0 63 101 189 213 1350 0 0 1 "Vandalism"
0 62 103 187 213 1351 0 0 0 "Vandalism"
0 59 102 184 212 1352 0 0 1 "Vandalism"
0 57 101 182 211 1353 0 0 1 "Vandalism"
0 55 100 180 210 1354 0 0 1 "Vandalism"
0 53 100 178 210 1355 0 0 1 "Vandalism"
0 51 99 176 209 1356 0 0 1 "Vandalism"
0 49 98 174 208 1357 0 0 1 "Vandalism"
0 47 98 172 208 1358 0 0 1 "Vandalism"
0 45 97 170 207 1359 0 0 1 "Vandalism"
0 43 96 168 206 1360 0 0 1 "Vandalism"
0 41 96 166 206 1361 0 0 0 "Vandalism"
0 41 96 163 204 1362 0 0 1 "Vandalism"
0 41 96 160 202 1363 0 0 1 "Vandalism"
0 41 97 157 200 1364 0 0 1 "Vandalism"
0 41 97 154 199 1365 0 0 1 "Vandalism"
0 41 98 151 197 1366 0 0 1 "Vandalism"
0 41 98 148 195 1367 0 0 1 "Vandalism"
0 41 98 145 194 1368 0 0 1 "Vandalism"
0 41 99 142 192 1369 0 0 1 "Vandalism"
0 41 99 139 190 1370 0 0 1 "Vandalism"
0 41 100 137 189 1371 0 0 0 "Vandalism"
0 40 100 136 189 1372 0 0 1 "Vandalism"
0 39 100 135 189 1373 0 0 1 "Vandalism"
0 39 100 135 189 1374 0 0 1 "Vandalism"
0 38 101 134 190 1375 0 0 1 "Vandalism"
0 38 101 134 190 1376 0 0 1 "Vandalism"
0 37 101 133 190 1377 0 0 1 "Vandalism"
0 36 102 132 191 1378 0 0 1 "Vandalism"
0 36 102 132 191 1379 0 0 1 "Vandalism"
0 35 102 131 191 1380 0 0 1 "Vandalism"
0 35 103 131 192 1381 0 0 0 "Vandalism"
0 36 101 130 191 1382 0 0 1 "Vandalism"
0 38 100 130 190 1383 0 0 1 "Vandalism"
0 39 99 130 190 1384 0 0 1 "Vandalism"
0 41 98 130 189 1385 0 0 1 "Vandalism"
0 42 97 130 188 1386 0 0 1 "Vandalism"
0 44 96 130 188 1387 0 0 1 "Vandalism"
0 46 95 130 187 1388 0 0 1 "Vandalism"
0 47 94 130 186 1389 0 0 1 "Vandalism"
0 49 93 130 186 1390 0 0 1 "Vandalism"
0 50 92 130 185 1391 0 0 1 "Vandalism"
0 52 91 130 184 1392 0 0 1 "Vandalism"
0 54 90 130 184 1393 0 0 0 "Vandalism"
0 54 87 134 184 1394 0 0 1 "Vandalism"
0 55 85 138 185 1395 0 0 1 "Vandalism"
0 55 83 143 186 1396 0 0 1 "Vandalism"
0 56 81 147 187 1397 0 0 1 "Vandalism"
0 56 79 151 188 1398 0 0 1 "Vandalism"
0 57 77 156 189 1399 0 0 1 "Vandalism"
0 57 75 160 190 1400 0 0 1 "Vandalism"
0 58 73 165 191 1401 0 0 0 "Vandalism"
0 61 73 168 191 1402 0 0 1 "Vandalism"
0 65 73 171 192 1403 0 0 1 "Vandalism"
0 68 73 175 193 1404 0 0 1 "Vandalism"
0 72 73 178 194 1405 0 0 1 "Vandalism"
0 75 73 182 195 1406 0 0 1 "Vandalism"
0 79 73 185 196 1407 0 0 1 "Vandalism"
0 82 73 188 197 1408 0 0 1 "Vandalism"
0 86 73 192 198 1409 0 0 1 "Vandalism"
0 89 73 195 199 1410 0 0 1 "Vandalism"
0 93 74 199 200 1411 0 0 0 "Vandalism"
0 93 74 199 200 1412 0 0 1 "Vandalism"
0 94 75 200 201 1413 0 0 1 "Vandalism"
0 95 75 201 201 1414 0 0 1 "Vandalism"
0 96 76 202 202 1415 0 0 1 "Vandalism"
0 97 77 203 203 1416 0 0 1 "Vandalism"
0 97 77 203 203 1417 0 0 1 "Vandalism"
0 98 78 204 204 1418 0 0 1 "Vandalism"
0 99 78 205 204 1419 0 0 1 "Vandalism"
0 100 79 206 205 1420 0 0 1 "Vandalism"
0 101 80 207 206 1421 0 0 0 "Vandalism"
0 100 80 206 207 1422 0 0 1 "Vandalism"
0 100 81 206 209 1423 0 0 1 "Vandalism"
0 100 82 206 211 1424 0 0 1 "Vandalism"
0 100 83 205 212 1425 0 0 1 "Vandalism"
0 100 84 205 214 1426 0 0 1 "Vandalism"
0 99 85 205 216 1427 0 0 1 "Vandalism"
0 99 86 204 217 1428 0 0 1 "Vandalism"
0 99 87 204 219 1429 0 0 1 "Vandalism"
0 99 88 204 221 1430 0 0 1 "Vandalism"
0 99 89 204 223 1431 0 0 0 "Vandalism"
0 93 89 203 223 1432 0 0 1 "Vandalism"
0 88 89 203 223 1433 0 0 1 "Vandalism"
0 83 89 202 223 1434 0 0 1 "Vandalism"
0 77 89 202 223 1435 0 0 1 "Vandalism"
0 72 89 201 223 1436 0 0 1 "Vandalism"
0 67 89 201 223 1437 0 0 1 "Vandalism"
0 61 89 200 223 1438 0 0 1 "Vandalism"
0 56 89 200 223 1439 0 0 1 "Vandalism"
0 51 89 199 223 1440 0 0 1 "Vandalism"
0 46 90 199 223 1441 0 0 0 "Vandalism"
0 44 89 196 222 1442 0 0 1 "Vandalism"
0 42 89 194 222 1443 0 0 1 "Vandalism"
0 41 89 191 221 1444 0 0 1 "Vandalism"
0 39 88 189 221 1445 0 0 1 "Vandalism"
0 38 88 186 221 1446 0 0 1 "Vandalism"
0 36 88 184 220 1447 0 0 1 "Vandalism"
0 34 87 181 220 1448 0 0 1 "Vandalism"
0 33 87 179 219 1449 0 0 1 "Vandalism"
0 31 87 176 219 1450 0 0 1 "Vandalism"
0 30 87 174 219 1451 0 0 0 "Vandalism"
0 32 86 173 218 1452 0 0 1 "Vandalism"
0 34 86 173 218 1453 0 0 1 "Vandalism"
0 36 85 173 217 1454 0 0 1 "Vandalism"
0 38 85 173 217 1455 0 0 1 "Vandalism"
0 40 85 173 216 1456 0 0 1 "Vandalism"
0 42 84 172 216 1457 0 0 1 "Vandalism"
0 44 84 172 215 1458 0 0 1 "Vandalism"
0 46 83 172 215 1459 0 0 1 "Vandalism"
0 48 83 172 214 1460 0 0 1 "Vandalism"
0 51 83 172 214 1461 0 0 0 "Vandalism"
0 48 82 169 213 1462 0 0 1 "Vandalism"
0 46 82 167 213 1463 0 0 1 "Vandalism"
0 44 82 165 213 1464 0 0 1 "Vandalism"
0 42 82 163 213 1465 0 0 1 "Vandalism"
0 40 82 161 213 1466 0 0 1 "Vandalism"
0 37 81 158 212 1467 0 0 1 "Vandalism"
0 35 81 156 212 1468 0 0 1 "Vandalism"
0 33 81 154 212 1469 0 0 1 "Vandalism"
0 31 81 152 212 1470 0 0 1 "Vandalism"
0 29 81 150 212 1471 0 0 0 "Vandalism"
0 28 80 148 211 1472 0 0 1 "Vandalism"
0 28 80 147 210 1473 0 0 1 "Vandalism"
0 28 79 145 210 1474 0 0 1 "Vandalism"
0 27 79 144 209 1475 0 0 1 "Vandalism"
0 27 78 142 209 1476 0 0 1 "Vandalism"
0 27 78 141 208 1477 0 0 1 "Vandalism"
0 26 77 139 207 1478 0 0 1 "Vandalism"
0 26 77 138 207 1479 0 0 1 "Vandalism"
0 26 76 136 206 1480 0 0 1 "Vandalism"
0 26 76 135 206 1481 0 0 0 "Vandalism"
0 26 76 135 206 1482 0 0 1 "Vandalism"
0 27 76 136 206 1483 0 0 1 "Vandalism"
0 27 76 136 206 1484 0 0 1 "Vandalism"
0 28 76 137 206 1485 0 0 1 "Vandalism"
0 28 77 137 207 1486 0 0 1 "Vandalism"
0 29 77 138 207 1487 0 0 1 "Vandalism"
0 29 77 138 207 1488 0 0 1 "Vandalism"
0 30 77 139 207 1489 0 0 1 "Vandalism"
0 30 77 139 207 1490 0 0 1 "Vandalism"
0 31 78 140 208 1491 0 0 1 "Vandalism"
0 31 78 140 208 1492 0 0 1 "Vandalism"
0 32 78 141 208 1493 0 0 1 "Vandalism"
0 32 78 141 208 1494 0 0 1 "Vandalism"
0 33 78 142 208 1495 0 0 1 "Vandalism"
0 33 79 142 209 1496 0 0 1 "Vandalism"
0 34 79 143 209 1497 0 0 1 "Vandalism"
0 34 79 143 209 1498 0 0 1 "Vandalism"
0 35 79 144 209 1499 0 0 1 "Vandalism"
0 35 79 144 209 1500 0 0 1 "Vandalism"
0 36 80 145 210 1501 0 0 0 "Vandalism"
0 38 80 145 209 1502 0 0 1 "Vandalism"
0 41 81 145 208 1503 0 0 1 "Vandalism"
0 44 81 145 208 1504 0 0 1 "Vandalism"
0 46 82 145 207 1505 0 0 1 "Vandalism"
0 49 83 145 207 1506 0 0 1 "Vandalism"
0 52 83 145 206 1507 0 0 1 "Vandalism"
0 54 84 145 205 1508 0 0 1 "Vandalism"
0 57 84 145 205 1509 0 0 1 "Vandalism"
0 60 85 145 204 1510 0 0 1 "Vandalism"
0 63 86 145 204 1511 0 0 0 "Vandalism"
0 63 88 145 203 1512 0 0 1 "Vandalism"
0 64 91 146 203 1513 0 0 1 "Vandalism"
0 65 93 146 203 1514 0 0 1 "Vandalism"
0 65 96 147 203 1515 0 0 1 "Vandalism"
0 66 98 148 203 1516 0 0 1 "Vandalism"
0 67 101 148 203 1517 0 0 1 "Vandalism"
0 67 103 149 203 1518 0 0 1 "Vandalism"
0 68 106 149 203 1519 0 0 1 "Vandalism"
0 69 108 150 203 1520 0 0 1 "Vandalism"
0 70 111 151 203 1521 0 0 0 "Vandalism"
0 70 106 151 202 1522 0 0 1 "Vandalism"
0 71 102 152 202 1523 0 0 1 "Vandalism"
0 72 98 152 202 1524 0 0 1 "Vandalism"
0 72 94 153 202 1525 0 0 1 "Vandalism"
0 73 90 154 202 1526 0 0 1 "Vandalism"
0 74 86 154 202 1527 0 0 1 "Vandalism"
0 74 82 155 202 1528 0 0 1 "Vandalism"
0 75 78 155 202 1529 0 0 1 "Vandalism"
0 76 74 156 202 1530 0 0 1 "Vandalism"
0 77 70 157 202 1531 0 0 0 "Vandalism"
0 78 70 160 201 1532 0 0 1 "Vandalism"
0 79 70 164 201 1533 0 0 1 "Vandalism"
0 80 70 167 200 1534 0 0 1 "Vandalism"
0 81 70 171 200 1535 0 0 1 "Vandalism"
0 82 70 174 200 1536 0 0 1 "Vandalism"
0 83 70 178 199 1537 0 0 1 "Vandalism"
0 84 70 181 199 1538 0 0 1 "Vandalism"
0 85 70 185 199 1539 0 0 0 "Vandalism"
0 86 71 188 200 1540 0 0 1 "Vandalism"
0 87 72 191 202 1541 0 0 1 "Vandalism"
0 89 73 195 203 1542 0 0 1 "Vandalism"
0 90 74 198 205 1543 0 0 1 "Vandalism"
0 92 75 201 206 1544 0 0 1 "Vandalism"
0 93 77 205 208 1545 0 0 1 "Vandalism"
0 94 78 208 209 1546 0 0 1 "Vandalism"
0 96 79 211 211 1547 0 0 1 "Vandalism"
0 97 80 215 212 1548 0 0 1 "Vandalism"
0 99 81 218 214 1549 0 0 1 "Vandalism"
0 100 82 221 215 1550 0 0 1 "Vandalism"
0 102 84 225 217 1551 0 0 0 "Vandalism"
0 101 84 224 218 1552 0 0 1 "Vandalism"
0 101 84 223 219 1553 0 0 1 "Vandalism"
0 100 84 223 220 1554 0 0 1 "Vandalism"
0 100 85 222 221 1555 0 0 1 "Vandalism"
0 100 85 222 222 1556 0 0 1 "Vandalism"
0 99 85 221 223 1557 0 0 1 "Vandalism"
0 99 86 220 224 1558 0 0 1 "Vandalism"
0 98 86 220 225 1559 0 0 1 "Vandalism"
0 98 86 219 226 1560 0 0 1 "Vandalism"
0 98 87 219 228 1561 0 0 0 "Vandalism"
0 89 86 215 227 1562 0 0 1 "Vandalism"
0 80 85 211 227 1563 0 0 1 "Vandalism"
0 72 85 208 227 1564 0 0 1 "Vandalism"
0 63 84 204 226 1565 0 0 1 "Vandalism"
0 55 83 200 226 1566 0 0 1 "Vandalism"
0 46 83 197 226 1567 0 0 1 "Vandalism"
0 38 82 193 225 1568 0 0 1 "Vandalism"
0 29 81 189 225 1569 0 0 1 "Vandalism"
0 21 81 186 225 1570 0 0 0 "Vandalism"
0 22 81 184 224 1571 0 0 1 "Vandalism"
0 24 81 183 224 1572 0 0 1 "Vandalism"
0 26 81 182 224 1573 0 0 1 "Vandalism"
0 27 81 181 224 1574 0 0 1 "Vandalism"
0 29 81 180 224 1575 0 0 1 "Vandalism"
0 31 82 179 223 1576 0 0 1 "Vandalism"
0 33 82 178 223 1577 0 0 1 "Vandalism"
0 34 82 177 223 1578 0 0 1 "Vandalism"
0 36 82 176 223 1579 0 0 1 "Vandalism"
0 38 82 175 223 1580 0 0 1 "Vandalism"
0 40 83 174 223 1581 0 0 0 "Vandalism"
0 39 83 175 222 1582 0 0 1 "Vandalism"
0 38 84 176 222 1583 0 0 1 "Vandalism"
0 37 85 177 222 1584 0 0 0 "Vandalism"
0 37 84 175 221 1585 0 0 1 "Vandalism"
0 37 83 173 221 1586 0 0 1 "Vandalism"
0 38 83 171 220 1587 0 0 1 "Vandalism"
0 38 82 169 220 1588 0 0 1 "Vandalism"
0 38 82 167 219 1589 0 0 1 "Vandalism"
0 39 81 165 219 1590 0 0 1 "Vandalism"
0 39 81 163 218 1591 0 0 1 "Vandalism"
0 39 80 161 218 1592 0 0 1 "Vandalism"
0 40 80 160 217 1593 0 0 1 "Vandalism"
0 40 79 158 217 1594 0 0 1 "Vandalism"
0 40 79 156 216 1595 0 0 1 "Vandalism"
0 41 78 154 216 1596 0 0 1 "Vandalism"
0 41 78 152 215 1597 0 0 1 "Vandalism"
0 41 77 150 215 1598 0 0 1 "Vandalism"
0 42 77 148 214 1599 0 0 1 "Vandalism"
0 42 76 146 214 1600 0 0 1 "Vandalism"
0 43 76 145 214 1601 0 0 0 "Vandalism"
0 43 76 143 211 1602 0 0 1 "Vandalism"
0 43 76 142 209 1603 0 0 1 "Vandalism"
0 43 76 141 207 1604 0 0 1 "Vandalism"
0 43 77 140 205 1605 0 0 1 "Vandalism"
0 43 77 139 203 1606 0 0 1 "Vandalism"
0 43 77 138 201 1607 0 0 1 "Vandalism"
0 43 78 137 199 1608 0 0 1 "Vandalism"
0 43 78 136 197 1609 0 0 1 "Vandalism"
0 43 78 135 195 1610 0 0 1 "Vandalism"
0 44 79 134 193 1611 0 0 0 "Vandalism"
0 44 79 133 191 1612 0 0 1 "Vandalism"
0 44 79 133 189 1613 0 0 1 "Vandalism"
0 44 79 133 188 1614 0 0 1 "Vandalism"
0 44 80 133 186 1615 0 0 1 "Vandalism"
0 44 80 133 185 1616 0 0 1 "Vandalism"
0 44 80 133 183 1617 0 0 1 "Vandalism"
0 44 81 133 181 1618 0 0 1 "Vandalism"
0 44 81 133 180 1619 0 0 1 "Vandalism"
0 44 81 133 178 1620 0 0 1 "Vandalism"
0 44 82 133 177 1621 0 0 0 "Vandalism"
0 44 83 132 177 1622 0 0 1 "Vandalism"
0 44 84 132 177 1623 0 0 1 "Vandalism"
0 44 86 132 177 1624 0 0 1 "Vandalism"
0 44 87 132 177 1625 0 0 1 "Vandalism"
0 44 89 132 177 1626 0 0 1 "Vandalism"
0 44 90 132 177 1627 0 0 1 "Vandalism"
0 44 91 132 177 1628 0 0 1 "Vandalism"
0 44 93 132 177 1629 0 0 1 "Vandalism"
0 44 94 132 177 1630 0 0 1 "Vandalism"
0 44 96 132 177 1631 0 0 0 "Vandalism"
0 44 95 132 176 1632 0 0 1 "Vandalism"
0 44 95 132 176 1633 0 0 1 "Vandalism"
0 44 94 132 175 1634 0 0 1 "Vandalism"
0 44 94 132 175 1635 0 0 1 "Vandalism"
0 45 93 133 174 1636 0 0 1 "Vandalism"
0 45 93 133 174 1637 0 0 1 "Vandalism"
0 45 92 133 173 1638 0 0 1 "Vandalism"
0 45 92 133 173 1639 0 0 1 "Vandalism"
0 45 91 133 172 1640 0 0 1 "Vandalism"
0 46 91 134 172 1641 0 0 0 "Vandalism"
0 46 88 134 172 1642 0 0 1 "Vandalism"
0 47 86 134 173 1643 0 0 1 "Vandalism"
0 48 84 135 174 1644 0 0 1 "Vandalism"
0 48 82 135 174 1645 0 0 1 "Vandalism"
0 49 80 136 175 1646 0 0 1 "Vandalism"
0 50 77 136 176 1647 0 0 1 "Vandalism"
0 50 75 136 176 1648 0 0 1 "Vandalism"
0 51 73 137 177 1649 0 0 1 "Vandalism"
0 52 71 137 178 1650 0 0 1 "Vandalism"
0 53 69 138 179 1651 0 0 0 "Vandalism"
0 56 69 139 181 1652 0 0 1 "Vandalism"
0 59 69 141 183 1653 0 0 1 "Vandalism"
0 62 69 143 185 1654 0 0 1 "Vandalism"
0 65 70 145 187 1655 0 0 1 "Vandalism"
0 69 70 147 190 1656 0 0 1 "Vandalism"
0 72 70 148 192 1657 0 0 1 "Vandalism"
0 75 71 150 194 1658 0 0 1 "Vandalism"
0 78 71 152 196 1659 0 0 1 "Vandalism"
0 81 71 154 198 1660 0 0 1 "Vandalism"
0 85 72 156 201 1661 0 0 0 "Vandalism"
0 86 72 161 201 1662 0 0 1 "Vandalism"
0 87 73 166 202 1663 0 0 1 "Vandalism"
0 88 74 171 202 1664 0 0 1 "Vandalism"
0 89 75 176 203 1665 0 0 1 "Vandalism"
0 91 76 182 204 1666 0 0 0 "Vandalism"
0 92 76 179 205 1667 0 0 1 "Vandalism"
0 93 77 176 206 1668 0 0 1 "Vandalism"
0 95 78 174 207 1669 0 0 1 "Vandalism"
0 96 79 171 208 1670 0 0 1 "Vandalism"
0 98 80 169 209 1671 0 0 0 "Vandalism"
0 99 80 170 209 1672 0 0 1 "Vandalism"
0 100 81 171 210 1673 0 0 1 "Vandalism"
0 101 82 172 211 1674 0 0 1 "Vandalism"
0 102 82 173 211 1675 0 0 1 "Vandalism"
0 104 83 175 212 1676 0 0 1 "Vandalism"
0 105 84 176 213 1677 0 0 1 "Vandalism"
0 106 84 177 213 1678 0 0 1 "Vandalism"
0 107 85 178 214 1679 0 0 1 "Vandalism"
0 108 86 179 215 1680 0 0 1 "Vandalism"
0 110 87 181 216 1681 0 0 0 "Vandalism"
0 106 87 182 216 1682 0 0 1 "Vandalism"
0 102 88 184 216 1683 0 0 1 "Vandalism"
0 98 89 186 217 1684 0 0 1 "Vandalism"
0 94 89 188 217 1685 0 0 1 "Vandalism"
0 90 90 189 218 1686 0 0 1 "Vandalism"
0 86 91 191 218 1687 0 0 1 "Vandalism"
0 82 91 193 219 1688 0 0 1 "Vandalism"
0 78 92 195 219 1689 0 0 1 "Vandalism"
0 75 93 197 220 1690 0 0 0 "Vandalism"
0 71 92 195 220 1691 0 0 1 "Vandalism"
0 67 91 193 220 1692 0 0 1 "Vandalism"
0 63 90 191 220 1693 0 0 1 "Vandalism"
0 59 89 189 220 1694 0 0 1 "Vandalism"
0 55 88 187 220 1695 0 0 1 "Vandalism"
0 51 87 185 221 1696 0 0 1 "Vandalism"
0 47 86 183 221 1697 0 0 1 "Vandalism"
0 43 85 181 221 1698 0 0 1 "Vandalism"
0 39 84 179 221 1699 0 0 1 "Vandalism"
0 35 83 177 221 1700 0 0 1 "Vandalism"
0 31 83 175 222 1701 0 0 0 "Vandalism"
0 31 83 174 222 1702 0 0 1 "Vandalism"
0 31 84 174 222 1703 0 0 1 "Vandalism"
0 31 84 174 222 1704 0 0 1 "Vandalism"
0 31 85 174 222 1705 0 0 1 "Vandalism"
0 31 86 174 222 1706 0 0 1 "Vandalism"
0 31 86 174 222 1707 0 0 1 "Vandalism"
0 31 87 174 222 1708 0 0 1 "Vandalism"
0 31 87 174 222 1709 0 0 1 "Vandalism"
0 31 88 174 222 1710 0 0 1 "Vandalism"
0 31 89 174 222 1711 0 0 0 "Vandalism"
0 33 90 173 221 1712 0 0 1 "Vandalism"
0 35 91 173 221 1713 0 0 1 "Vandalism"
0 37 92 173 221 1714 0 0 1 "Vandalism"
0 39 94 173 221 1715 0 0 1 "Vandalism"
0 42 95 173 221 1716 0 0 1 "Vandalism"
0 44 96 173 221 1717 0 0 1 "Vandalism"
0 46 98 173 221 1718 0 0 1 "Vandalism"
0 48 99 173 221 1719 0 0 1 "Vandalism"
0 50 100 173 221 1720 0 0 1 "Vandalism"
0 53 102 173 221 1721 0 0 0 "Vandalism"
0 49 103 169 221 1722 0 0 1 "Vandalism"
0 46 105 166 222 1723 0 0 1 "Vandalism"
0 43 106 162 222 1724 0 0 1 "Vandalism"
0 39 108 159 223 1725 0 0 1 "Vandalism"
0 36 109 156 224 1726 0 0 1 "Vandalism"
0 33 111 152 224 1727 0 0 1 "Vandalism"
0 29 112 149 225 1728 0 0 1 "Vandalism"
0 26 114 145 225 1729 0 0 1 "Vandalism"
0 23 115 142 226 1730 0 0 1 "Vandalism"
0 20 117 139 227 1731 0 0 0 "Vandalism"
0 19 115 140 226 1732 0 0 1 "Vandalism"
0 19 114 142 226 1733 0 0 1 "Vandalism"
0 19 112 143 226 1734 0 0 1 "Vandalism"
0 19 111 145 226 1735 0 0 0 "Vandalism"
0 19 114 141 226 1736 0 0 1 "Vandalism"
0 19 118 137 227 1737 0 0 1 "Vandalism"
0 19 122 134 227 1738 0 0 1 "Vandalism"
0 19 126 130 228 1739 0 0 1 "Vandalism"
0 19 130 126 228 1740 0 0 1 "Vandalism"
0 19 134 123 229 1741 0 0 0 "Vandalism"
0 19 135 124 228 1742 0 0 1 "Vandalism"
0 19 136 125 228 1743 0 0 1 "Vandalism"
0 19 137 126 228 1744 0 0 1 "Vandalism"
0 19 139 127 228 1745 0 0 1 "Vandalism"
0 19 140 128 228 1746 0 0 1 "Vandalism"
0 19 141 129 228 1747 0 0 1 "Vandalism"
0 19 143 130 228 1748 0 0 1 "Vandalism"
0 19 144 131 228 1749 0 0 1 "Vandalism"
0 19 145 132 228 1750 0 0 1 "Vandalism"
0 19 147 133 228 1751 1 0 0 "Vandalism"
0 19 149 132 228 1752 1 0 1 "Vandalism"
0 19 152 132 228 1753 1 0 1 "Vandalism"
0 19 154 132 228 1754 1 0 1 "Vandalism"
0 19 157 132 228 1755 1 0 0 "Vandalism"
