0 139 36 185 68 0 1 0 0 "Vandalism"
0 139 36 185 68 1 1 0 1 "Vandalism"
0 139 36 185 68 2 1 0 1 "Vandalism"
0 139 36 185 68 3 1 0 1 "Vandalism"
0 139 36 185 68 4 1 0 1 "Vandalism"
0 139 36 185 68 5 1 0 1 "Vandalism"
0 139 36 185 68 6 1 0 1 "Vandalism"
0 139 36 185 68 7 1 0 1 "Vandalism"
0 139 36 185 68 8 1 0 1 "Vandalism"
0 139 36 185 68 9 1 0 1 "Vandalism"
0 139 36 185 68 10 1 0 1 "Vandalism"
0 139 36 185 68 11 1 0 1 "Vandalism"
0 139 36 185 68 12 1 0 1 "Vandalism"
0 139 36 185 68 13 1 0 1 "Vandalism"
0 139 36 185 68 14 1 0 1 "Vandalism"
0 139 36 185 68 15 1 0 1 "Vandalism"
0 139 36 185 68 16 1 0 1 "Vandalism"
0 139 36 185 68 17 1 0 1 "Vandalism"
0 139 36 185 68 18 1 0 1 "Vandalism"
0 139 36 185 68 19 1 0 1 "Vandalism"
0 139 36 185 68 20 1 0 1 "Vandalism"
0 139 36 185 68 21 1 0 1 "Vandalism"
0 139 36 185 68 22 1 0 1 "Vandalism"
0 139 36 185 68 23 1 0 1 "Vandalism"
0 139 36 185 68 24 1 0 1 "Vandalism"
0 139 36 185 68 25 1 0 1 "Vandalism"
0 139 36 185 68 26 1 0 1 "Vandalism"
0 139 36 185 68 27 1 0 1 "Vandalism"
0 139 36 185 68 28 1 0 1 "Vandalism"
0 139 36 185 68 29 1 0 1 "Vandalism"
0 139 36 185 68 30 1 0 1 "Vandalism"
0 139 36 185 68 31 1 0 1 "Vandalism"
0 139 36 185 68 32 1 0 1 "Vandalism"
0 139 36 185 68 33 1 0 1 "Vandalism"
0 139 36 185 68 34 1 0 1 "Vandalism"
0 139 36 185 68 35 1 0 1 "Vandalism"
0 139 36 185 68 36 1 0 1 "Vandalism"
0 139 36 185 68 37 1 0 1 "Vandalism"
0 139 36 185 68 38 1 0 1 "Vandalism"
0 139 36 185 68 39 1 0 1 "Vandalism"
0 139 36 185 68 40 1 0 1 "Vandalism"
0 139 36 185 68 41 1 0 1 "Vandalism"
0 139 36 185 68 42 1 0 1 "Vandalism"
0 139 36 185 68 43 1 0 1 "Vandalism"
0 139 36 185 68 44 1 0 1 "Vandalism"
0 139 36 185 68 45 1 0 1 "Vandalism"
0 139 36 185 68 46 1 0 1 "Vandalism"
0 139 36 185 68 47 1 0 1 "Vandalism"
0 139 36 185 68 48 1 0 1 "Vandalism"
0 139 36 185 68 49 1 0 1 "Vandalism"
0 139 36 185 68 50 1 0 1 "Vandalism"
0 139 36 185 68 51 1 0 1 "Vandalism"
0 139 36 185 68 52 1 0 1 "Vandalism"
0 139 36 185 68 53 1 0 1 "Vandalism"
0 139 36 185 68 54 1 0 1 "Vandalism"
0 139 36 185 68 55 1 0 1 "Vandalism"
0 139 36 185 68 56 1 0 1 "Vandalism"
0 139 36 185 68 57 1 0 1 "Vandalism"
0 139 36 185 68 58 1 0 1 "Vandalism"
0 139 36 185 68 59 1 0 1 "Vandalism"
0 139 36 185 68 60 1 0 1 "Vandalism"
0 139 36 185 68 61 1 0 1 "Vandalism"
0 139 36 185 68 62 1 0 1 "Vandalism"
0 139 36 185 68 63 1 0 1 "Vandalism"
0 139 36 185 68 64 1 0 1 "Vandalism"
0 139 36 185 68 65 1 0 1 "Vandalism"
0 139 36 185 68 66 1 0 1 "Vandalism"
0 139 36 185 68 67 1 0 1 "Vandalism"
0 139 36 185 68 68 1 0 1 "Vandalism"
0 139 36 185 68 69 1 0 1 "Vandalism"
0 139 36 185 68 70 1 0 1 "Vandalism"
0 139 36 185 68 71 1 0 1 "Vandalism"
0 139 36 185 68 72 1 0 1 "Vandalism"
0 139 36 185 68 73 1 0 1 "Vandalism"
0 139 36 185 68 74 1 0 1 "Vandalism"
0 139 36 185 68 75 1 0 1 "Vandalism"
0 139 36 185 68 76 1 0 1 "Vandalism"
0 139 36 185 68 77 1 0 1 "Vandalism"
0 139 36 185 68 78 1 0 1 "Vandalism"
0 139 36 185 68 79 1 0 1 "Vandalism"
0 139 36 185 68 80 1 0 1 "Vandalism"
0 139 36 185 68 81 1 0 1 "Vandalism"
0 139 36 185 68 82 1 0 1 "Vandalism"
0 139 36 185 68 83 1 0 1 "Vandalism"
0 139 36 185 68 84 1 0 1 "Vandalism"
0 139 36 185 68 85 1 0 1 "Vandalism"
0 139 36 185 68 86 1 0 1 "Vandalism"
0 139 36 185 68 87 1 0 1 "Vandalism"
0 139 36 185 68 88 1 0 1 "Vandalism"
0 139 36 185 68 89 1 0 1 "Vandalism"
0 139 36 185 68 90 1 0 1 "Vandalism"
0 139 36 185 68 91 1 0 1 "Vandalism"
0 139 36 185 68 92 1 0 1 "Vandalism"
0 139 36 185 68 93 1 0 1 "Vandalism"
0 139 36 185 68 94 1 0 1 "Vandalism"
0 139 36 185 68 95 1 0 1 "Vandalism"
0 139 36 185 68 96 1 0 1 "Vandalism"
0 139 36 185 68 97 1 0 1 "Vandalism"
0 139 36 185 68 98 1 0 1 "Vandalism"
0 139 36 185 68 99 1 0 1 "Vandalism"
0 139 36 185 68 100 1 0 1 "Vandalism"
0 139 36 185 68 101 1 0 1 "Vandalism"
0 139 36 185 68 102 1 0 1 "Vandalism"
0 139 36 185 68 103 1 0 1 "Vandalism"
0 139 36 185 68 104 1 0 1 "Vandalism"
0 139 36 185 68 105 1 0 1 "Vandalism"
0 139 36 185 68 106 1 0 1 "Vandalism"
0 139 36 185 68 107 1 0 1 "Vandalism"
0 139 36 185 68 108 1 0 1 "Vandalism"
0 139 36 185 68 109 1 0 1 "Vandalism"
0 139 36 185 68 110 1 0 1 "Vandalism"
0 139 36 185 68 111 1 0 1 "Vandalism"
0 139 36 185 68 112 1 0 1 "Vandalism"
0 139 36 185 68 113 1 0 1 "Vandalism"
0 139 36 185 68 114 1 0 1 "Vandalism"
0 139 36 185 68 115 1 0 1 "Vandalism"
0 139 36 185 68 116 1 0 1 "Vandalism"
0 139 36 185 68 117 1 0 1 "Vandalism"
0 139 36 185 68 118 1 0 1 "Vandalism"
0 139 36 185 68 119 1 0 1 "Vandalism"
0 139 36 185 68 120 1 0 1 "Vandalism"
0 139 36 185 68 121 1 0 1 "Vandalism"
0 139 36 185 68 122 1 0 1 "Vandalism"
0 139 36 185 68 123 1 0 1 "Vandalism"
0 139 36 185 68 124 1 0 1 "Vandalism"
0 139 36 185 68 125 1 0 1 "Vandalism"
0 139 36 185 68 126 1 0 1 "Vandalism"
0 139 36 185 68 127 1 0 1 "Vandalism"
0 139 36 185 68 128 1 0 1 "Vandalism"
0 139 36 185 68 129 1 0 1 "Vandalism"
0 139 36 185 68 130 1 0 1 "Vandalism"
0 139 36 185 68 131 1 0 1 "Vandalism"
0 139 36 185 68 132 1 0 1 "Vandalism"
0 139 36 185 68 133 1 0 1 "Vandalism"
0 139 36 185 68 134 1 0 1 "Vandalism"
0 139 36 185 68 135 1 0 1 "Vandalism"
0 139 36 185 68 136 1 0 1 "Vandalism"
0 139 36 185 68 137 1 0 1 "Vandalism"
0 139 36 185 68 138 1 0 1 "Vandalism"
0 139 36 185 68 139 1 0 1 "Vandalism"
0 139 36 185 68 140 1 0 1 "Vandalism"
0 139 36 185 68 141 1 0 1 "Vandalism"
0 139 36 185 68 142 1 0 1 "Vandalism"
0 139 36 185 68 143 1 0 1 "Vandalism"
0 139 36 185 68 144 1 0 1 "Vandalism"
0 139 36 185 68 145 1 0 1 "Vandalism"
0 139 36 185 68 146 1 0 1 "Vandalism"
0 139 36 185 68 147 1 0 1 "Vandalism"
0 139 36 185 68 148 1 0 1 "Vandalism"
0 139 36 185 68 149 1 0 1 "Vandalism"
0 139 36 185 68 150 1 0 1 "Vandalism"
0 139 36 185 68 151 1 0 1 "Vandalism"
0 139 36 185 68 152 1 0 1 "Vandalism"
0 139 36 185 68 153 1 0 1 "Vandalism"
0 139 36 185 68 154 1 0 1 "Vandalism"
0 139 36 185 68 155 1 0 1 "Vandalism"
0 139 36 185 68 156 1 0 1 "Vandalism"
0 139 36 185 68 157 1 0 1 "Vandalism"
0 139 36 185 68 158 1 0 1 "Vandalism"
0 139 36 185 68 159 1 0 1 "Vandalism"
0 139 36 185 68 160 1 0 1 "Vandalism"
0 139 36 185 68 161 1 0 1 "Vandalism"
0 139 36 185 68 162 1 0 1 "Vandalism"
0 139 36 185 68 163 1 0 1 "Vandalism"
0 139 36 185 68 164 1 0 1 "Vandalism"
0 139 36 185 68 165 1 0 1 "Vandalism"
0 139 36 185 68 166 1 0 1 "Vandalism"
0 139 36 185 68 167 1 0 1 "Vandalism"
0 139 36 185 68 168 1 0 1 "Vandalism"
0 139 36 185 68 169 0 0 0 "Vandalism"
0 138 36 184 68 170 0 0 1 "Vandalism"
0 138 36 184 68 171 0 0 1 "Vandalism"
0 138 36 184 68 172 0 0 1 "Vandalism"
0 138 36 184 68 173 0 0 1 "Vandalism"
0 137 36 183 68 174 0 0 1 "Vandalism"
0 137 36 183 68 175 0 0 1 "Vandalism"
0 137 36 183 68 176 0 0 1 "Vandalism"
0 137 36 183 68 177 0 0 1 "Vandalism"
0 136 36 182 68 178 0 0 1 "Vandalism"
0 136 36 182 68 179 0 0 1 "Vandalism"
0 136 36 182 68 180 0 0 1 "Vandalism"
0 136 36 182 68 181 0 0 1 "Vandalism"
0 135 36 181 68 182 0 0 1 "Vandalism"
0 135 36 181 68 183 0 0 1 "Vandalism"
0 135 36 181 68 184 0 0 1 "Vandalism"
0 135 36 181 68 185 0 0 1 "Vandalism"
0 135 36 181 68 186 0 0 0 "Vandalism"
0 134 35 180 67 187 0 0 1 "Vandalism"
0 134 35 180 67 188 0 0 1 "Vandalism"
0 134 35 180 67 189 0 0 1 "Vandalism"
0 134 35 180 67 190 0 0 1 "Vandalism"
0 134 35 180 67 191 0 0 1 "Vandalism"
0 133 35 179 67 192 0 0 1 "Vandalism"
0 133 35 179 67 193 0 0 1 "Vandalism"
0 133 35 179 67 194 0 0 1 "Vandalism"
0 133 35 179 67 195 0 0 1 "Vandalism"
0 133 35 179 67 196 0 0 1 "Vandalism"
0 132 35 178 67 197 0 0 1 "Vandalism"
0 132 35 178 67 198 0 0 1 "Vandalism"
0 132 35 178 67 199 0 0 1 "Vandalism"
0 132 35 178 67 200 0 0 1 "Vandalism"
0 132 35 178 67 201 0 0 1 "Vandalism"
0 131 35 177 67 202 0 0 1 "Vandalism"
0 131 35 177 67 203 0 0 1 "Vandalism"
0 131 35 177 67 204 0 0 1 "Vandalism"
0 131 35 177 67 205 0 0 1 "Vandalism"
0 131 35 177 67 206 0 0 1 "Vandalism"
0 130 35 176 67 207 0 0 1 "Vandalism"
0 130 35 176 67 208 0 0 1 "Vandalism"
0 130 35 176 67 209 0 0 1 "Vandalism"
0 130 35 176 67 210 0 0 1 "Vandalism"
0 130 35 176 67 211 0 0 1 "Vandalism"
0 129 35 175 67 212 0 0 1 "Vandalism"
0 129 35 175 67 213 0 0 1 "Vandalism"
0 129 35 175 67 214 0 0 1 "Vandalism"
0 129 35 175 67 215 0 0 1 "Vandalism"
0 129 35 175 67 216 0 0 1 "Vandalism"
0 128 35 174 67 217 0 0 1 "Vandalism"
0 128 35 174 67 218 0 0 1 "Vandalism"
0 128 35 174 67 219 0 0 1 "Vandalism"
0 128 35 174 67 220 0 0 1 "Vandalism"
0 128 35 174 67 221 0 0 0 "Vandalism"
0 128 35 174 66 222 0 0 1 "Vandalism"
0 128 35 174 66 223 0 0 1 "Vandalism"
0 128 35 175 66 224 0 0 1 "Vandalism"
0 128 35 175 66 225 0 0 1 "Vandalism"
0 128 35 175 66 226 0 0 1 "Vandalism"
0 128 35 176 66 227 0 0 1 "Vandalism"
0 128 35 176 66 228 0 0 1 "Vandalism"
0 128 35 177 66 229 0 0 1 "Vandalism"
0 128 35 177 66 230 0 0 1 "Vandalism"
0 128 35 177 66 231 0 0 1 "Vandalism"
0 128 35 178 66 232 0 0 1 "Vandalism"
0 128 35 178 66 233 0 0 1 "Vandalism"
0 128 35 178 66 234 0 0 1 "Vandalism"
0 128 35 179 66 235 0 0 1 "Vandalism"
0 128 35 179 66 236 0 0 1 "Vandalism"
0 128 35 180 66 237 0 0 1 "Vandalism"
0 128 35 180 66 238 0 0 1 "Vandalism"
0 128 35 180 66 239 0 0 1 "Vandalism"
0 128 35 181 66 240 0 0 1 "Vandalism"
0 128 35 181 66 241 0 0 1 "Vandalism"
0 128 35 181 66 242 0 0 1 "Vandalism"
0 128 35 182 66 243 0 0 1 "Vandalism"
0 128 35 182 66 244 0 0 1 "Vandalism"
0 128 35 183 66 245 0 0 1 "Vandalism"
0 128 35 183 66 246 0 0 1 "Vandalism"
0 128 35 183 66 247 0 0 1 "Vandalism"
0 128 35 184 66 248 0 0 1 "Vandalism"
0 128 35 184 66 249 0 0 1 "Vandalism"
0 128 35 185 66 250 0 0 0 "Vandalism"
0 128 35 185 66 251 0 0 1 "Vandalism"
0 128 35 185 66 252 0 0 1 "Vandalism"
0 128 35 185 66 253 0 0 1 "Vandalism"
0 129 35 186 66 254 0 0 1 "Vandalism"
0 129 35 186 66 255 0 0 1 "Vandalism"
0 129 35 186 66 256 0 0 1 "Vandalism"
0 130 35 187 66 257 0 0 1 "Vandalism"
0 130 35 187 66 258 0 0 1 "Vandalism"
0 130 35 187 66 259 0 0 1 "Vandalism"
0 130 35 187 66 260 0 0 1 "Vandalism"
0 131 35 188 66 261 0 0 1 "Vandalism"
0 131 35 188 66 262 0 0 1 "Vandalism"
0 131 35 188 66 263 0 0 1 "Vandalism"
0 132 36 189 67 264 0 0 0 "Vandalism"
0 132 36 189 75 265 0 0 1 "Vandalism"
0 132 36 190 83 266 0 0 1 "Vandalism"
0 132 36 191 91 267 0 0 1 "Vandalism"
0 132 36 191 99 268 0 0 1 "Vandalism"
0 132 36 192 107 269 0 0 1 "Vandalism"
0 132 36 193 115 270 0 0 1 "Vandalism"
0 132 36 193 123 271 0 0 1 "Vandalism"
0 132 36 194 131 272 0 0 1 "Vandalism"
0 132 36 195 139 273 0 0 1 "Vandalism"
0 132 36 195 147 274 0 0 1 "Vandalism"
0 132 36 196 155 275 0 0 1 "Vandalism"
0 132 36 197 163 276 0 0 1 "Vandalism"
0 132 36 197 171 277 0 0 1 "Vandalism"
0 132 36 198 179 278 0 0 1 "Vandalism"
0 132 36 199 187 279 0 0 0 "Vandalism"
0 132 36 198 187 280 0 0 1 "Vandalism"
0 132 36 198 187 281 0 0 1 "Vandalism"
0 132 36 198 187 282 0 0 1 "Vandalism"
0 132 36 198 187 283 0 0 1 "Vandalism"
0 132 36 198 187 284 0 0 1 "Vandalism"
0 132 36 198 187 285 0 0 1 "Vandalism"
0 132 36 198 187 286 0 0 1 "Vandalism"
0 132 36 198 187 287 0 0 1 "Vandalism"
0 132 36 198 187 288 0 0 1 "Vandalism"
0 132 37 198 187 289 0 0 1 "Vandalism"
0 132 37 198 187 290 0 0 1 "Vandalism"
0 132 37 198 187 291 0 0 1 "Vandalism"
0 132 37 198 187 292 0 0 1 "Vandalism"
0 132 37 198 187 293 0 0 1 "Vandalism"
0 132 37 198 187 294 0 0 1 "Vandalism"
0 132 37 198 187 295 0 0 1 "Vandalism"
0 132 37 198 187 296 0 0 1 "Vandalism"
0 132 37 198 187 297 0 0 1 "Vandalism"
0 132 37 198 187 298 0 0 1 "Vandalism"
0 132 38 198 187 299 0 0 1 "Vandalism"
0 132 38 198 187 300 0 0 1 "Vandalism"
0 132 38 198 187 301 0 0 1 "Vandalism"
0 132 38 198 187 302 0 0 1 "Vandalism"
0 132 38 198 187 303 0 0 1 "Vandalism"
0 132 38 198 187 304 0 0 1 "Vandalism"
0 132 38 198 187 305 0 0 1 "Vandalism"
0 132 38 198 187 306 0 0 1 "Vandalism"
0 132 38 198 187 307 0 0 1 "Vandalism"
0 132 39 198 187 308 0 0 0 "Vandalism"
0 132 42 197 187 309 0 0 1 "Vandalism"
0 132 46 197 187 310 0 0 1 "Vandalism"
0 132 49 197 187 311 0 0 1 "Vandalism"
0 132 53 197 187 312 0 0 1 "Vandalism"
0 132 56 197 187 313 0 0 1 "Vandalism"
0 132 60 197 187 314 0 0 1 "Vandalism"
0 132 63 197 187 315 0 0 1 "Vandalism"
0 132 67 197 187 316 0 0 1 "Vandalism"
0 132 71 197 187 317 0 0 0 "Vandalism"
0 132 70 197 186 318 0 0 1 "Vandalism"
0 132 70 197 186 319 0 0 1 "Vandalism"
0 133 70 198 186 320 0 0 1 "Vandalism"
0 133 70 198 186 321 0 0 1 "Vandalism"
0 134 70 199 186 322 0 0 1 "Vandalism"
0 134 70 199 186 323 0 0 1 "Vandalism"
0 134 70 199 186 324 0 0 1 "Vandalism"
0 135 70 200 186 325 0 0 1 "Vandalism"
0 135 70 200 186 326 0 0 1 "Vandalism"
0 136 70 201 186 327 0 0 1 "Vandalism"
0 136 69 201 185 328 0 0 1 "Vandalism"
0 136 69 201 185 329 0 0 1 "Vandalism"
0 137 69 202 185 330 0 0 1 "Vandalism"
0 137 69 202 185 331 0 0 1 "Vandalism"
0 138 69 203 185 332 0 0 1 "Vandalism"
0 138 69 203 185 333 0 0 1 "Vandalism"
0 138 69 203 185 334 0 0 1 "Vandalism"
0 139 69 204 185 335 0 0 1 "Vandalism"
0 139 69 204 185 336 0 0 1 "Vandalism"
0 140 69 205 185 337 0 0 0 "Vandalism"
0 140 69 205 185 338 0 0 1 "Vandalism"
0 140 69 205 185 339 0 0 1 "Vandalism"
0 140 69 205 185 340 0 0 1 "Vandalism"
0 140 69 205 185 341 0 0 1 "Vandalism"
0 140 69 205 185 342 0 0 1 "Vandalism"
0 140 69 205 185 343 0 0 1 "Vandalism"
0 140 69 205 185 344 0 0 1 "Vandalism"
0 141 69 206 185 345 0 0 1 "Vandalism"
0 141 69 206 185 346 0 0 1 "Vandalism"
0 141 69 206 185 347 0 0 1 "Vandalism"
0 141 70 206 186 348 0 0 1 "Vandalism"
0 141 70 206 186 349 0 0 1 "Vandalism"
0 141 70 206 186 350 0 0 1 "Vandalism"
0 141 70 206 186 351 0 0 1 "Vandalism"
0 141 70 206 186 352 0 0 1 "Vandalism"
0 142 70 207 186 353 0 0 1 "Vandalism"
0 142 70 207 186 354 0 0 1 "Vandalism"
0 142 70 207 186 355 0 0 1 "Vandalism"
0 142 70 207 186 356 0 0 1 "Vandalism"
0 142 70 207 186 357 0 0 1 "Vandalism"
0 142 70 207 186 358 0 0 1 "Vandalism"
0 142 71 207 187 359 0 0 1 "Vandalism"
0 143 71 208 187 360 0 0 1 "Vandalism"
0 143 71 208 187 361 0 0 1 "Vandalism"
0 143 71 208 187 362 0 0 1 "Vandalism"
0 143 71 208 187 363 0 0 1 "Vandalism"
0 143 71 208 187 364 0 0 1 "Vandalism"
0 143 71 208 187 365 0 0 1 "Vandalism"
0 143 71 208 187 366 0 0 1 "Vandalism"
0 143 71 208 187 367 0 0 1 "Vandalism"
0 144 71 209 187 368 0 0 1 "Vandalism"
0 144 72 209 188 369 0 0 1 "Vandalism"
0 144 72 209 188 370 0 0 1 "Vandalism"
0 144 72 209 188 371 0 0 1 "Vandalism"
0 144 72 209 188 372 0 0 1 "Vandalism"
0 144 72 209 188 373 0 0 1 "Vandalism"
0 144 72 209 188 374 0 0 1 "Vandalism"
0 145 72 210 188 375 0 0 1 "Vandalism"
0 145 72 210 188 376 0 0 1 "Vandalism"
0 145 72 210 188 377 0 0 1 "Vandalism"
0 145 72 210 188 378 0 0 1 "Vandalism"
0 145 72 210 188 379 0 0 1 "Vandalism"
0 145 73 210 189 380 0 0 1 "Vandalism"
0 145 73 210 189 381 0 0 1 "Vandalism"
0 145 73 210 189 382 0 0 1 "Vandalism"
0 146 73 211 189 383 0 0 1 "Vandalism"
0 146 73 211 189 384 0 0 1 "Vandalism"
0 146 73 211 189 385 0 0 1 "Vandalism"
0 146 73 211 189 386 0 0 1 "Vandalism"
0 146 73 211 189 387 0 0 1 "Vandalism"
0 146 73 211 189 388 0 0 1 "Vandalism"
0 146 73 211 189 389 0 0 1 "Vandalism"
0 147 74 212 190 390 0 0 0 "Vandalism"
0 147 73 212 189 391 0 0 1 "Vandalism"
0 147 73 212 189 392 0 0 1 "Vandalism"
0 147 73 212 189 393 0 0 1 "Vandalism"
0 147 73 212 189 394 0 0 1 "Vandalism"
0 147 73 213 189 395 0 0 1 "Vandalism"
0 147 73 213 189 396 0 0 1 "Vandalism"
0 147 73 213 189 397 0 0 1 "Vandalism"
0 148 73 213 189 398 0 0 1 "Vandalism"
0 148 73 213 189 399 0 0 1 "Vandalism"
0 148 73 214 189 400 0 0 1 "Vandalism"
0 148 72 214 188 401 0 0 1 "Vandalism"
0 148 72 214 188 402 0 0 1 "Vandalism"
0 148 72 214 188 403 0 0 1 "Vandalism"
0 148 72 214 188 404 0 0 1 "Vandalism"
0 149 72 215 188 405 0 0 1 "Vandalism"
0 149 72 215 188 406 0 0 1 "Vandalism"
0 149 72 215 188 407 0 0 1 "Vandalism"
0 149 72 215 188 408 0 0 1 "Vandalism"
0 149 72 215 188 409 0 0 1 "Vandalism"
0 149 72 216 188 410 0 0 1 "Vandalism"
0 149 72 216 188 411 0 0 1 "Vandalism"
0 150 71 216 187 412 0 0 1 "Vandalism"
0 150 71 216 187 413 0 0 1 "Vandalism"
0 150 71 216 187 414 0 0 1 "Vandalism"
0 150 71 217 187 415 0 0 1 "Vandalism"
0 150 71 217 187 416 0 0 1 "Vandalism"
0 150 71 217 187 417 0 0 1 "Vandalism"
0 150 71 217 187 418 0 0 1 "Vandalism"
0 151 71 217 187 419 0 0 1 "Vandalism"
0 151 71 218 187 420 0 0 1 "Vandalism"
0 151 71 218 187 421 0 0 1 "Vandalism"
0 151 71 218 187 422 0 0 1 "Vandalism"
0 151 70 218 186 423 0 0 1 "Vandalism"
0 151 70 218 186 424 0 0 1 "Vandalism"
0 151 70 219 186 425 0 0 1 "Vandalism"
0 151 70 219 186 426 0 0 1 "Vandalism"
0 152 70 219 186 427 0 0 1 "Vandalism"
0 152 70 219 186 428 0 0 1 "Vandalism"
0 152 70 219 186 429 0 0 1 "Vandalism"
0 152 70 220 186 430 0 0 1 "Vandalism"
0 152 70 220 186 431 0 0 1 "Vandalism"
0 152 70 220 186 432 0 0 1 "Vandalism"
0 152 70 220 186 433 0 0 1 "Vandalism"
0 153 69 220 185 434 0 0 1 "Vandalism"
0 153 69 221 185 435 0 0 1 "Vandalism"
0 153 69 221 185 436 0 0 1 "Vandalism"
0 153 69 221 185 437 0 0 1 "Vandalism"
0 153 69 221 185 438 0 0 1 "Vandalism"
0 153 69 221 185 439 0 0 1 "Vandalism"
0 153 69 222 185 440 0 0 1 "Vandalism"
0 154 69 222 185 441 0 0 1 "Vandalism"
0 154 69 222 185 442 0 0 1 "Vandalism"
0 154 69 222 185 443 0 0 1 "Vandalism"
0 154 69 222 185 444 0 0 1 "Vandalism"
0 154 68 223 184 445 0 0 1 "Vandalism"
0 154 68 223 184 446 0 0 1 "Vandalism"
0 154 68 223 184 447 0 0 1 "Vandalism"
0 155 68 223 184 448 0 0 1 "Vandalism"
0 155 68 223 184 449 0 0 1 "Vandalism"
0 155 68 224 184 450 0 0 1 "Vandalism"
0 155 68 224 184 451 0 0 1 "Vandalism"
0 155 68 224 184 452 0 0 1 "Vandalism"
0 155 68 224 184 453 0 0 1 "Vandalism"
0 155 68 224 184 454 0 0 1 "Vandalism"
0 156 68 225 184 455 0 0 0 "Vandalism"
0 156 67 225 183 456 0 0 1 "Vandalism"
0 156 67 225 183 457 0 0 1 "Vandalism"
0 157 67 225 183 458 0 0 1 "Vandalism"
0 157 67 226 182 459 0 0 1 "Vandalism"
0 157 67 226 182 460 0 0 1 "Vandalism"
0 158 67 226 182 461 0 0 1 "Vandalism"
0 158 67 226 182 462 0 0 1 "Vandalism"
0 158 67 227 181 463 0 0 1 "Vandalism"
0 159 67 227 181 464 0 0 1 "Vandalism"
0 159 67 227 181 465 0 0 1 "Vandalism"
0 159 67 227 181 466 0 0 1 "Vandalism"
0 160 67 228 180 467 0 0 1 "Vandalism"
0 160 67 228 180 468 0 0 1 "Vandalism"
0 160 67 228 180 469 0 0 1 "Vandalism"
0 161 67 229 180 470 0 0 1 "Vandalism"
0 161 66 229 179 471 0 0 1 "Vandalism"
0 161 66 229 179 472 0 0 1 "Vandalism"
0 162 66 229 179 473 0 0 1 "Vandalism"
0 162 66 230 178 474 0 0 1 "Vandalism"
0 163 66 230 178 475 0 0 1 "Vandalism"
0 163 66 230 178 476 0 0 1 "Vandalism"
0 163 66 230 178 477 0 0 1 "Vandalism"
0 164 66 231 177 478 0 0 1 "Vandalism"
0 164 66 231 177 479 0 0 1 "Vandalism"
0 164 66 231 177 480 0 0 1 "Vandalism"
0 165 66 231 177 481 0 0 1 "Vandalism"
0 165 66 232 176 482 0 0 1 "Vandalism"
0 165 66 232 176 483 0 0 1 "Vandalism"
0 166 66 232 176 484 0 0 1 "Vandalism"
0 166 66 233 176 485 0 0 1 "Vandalism"
0 166 65 233 175 486 0 0 1 "Vandalism"
0 167 65 233 175 487 0 0 1 "Vandalism"
0 167 65 233 175 488 0 0 1 "Vandalism"
0 167 65 234 174 489 0 0 1 "Vandalism"
0 168 65 234 174 490 0 0 1 "Vandalism"
0 168 65 234 174 491 0 0 1 "Vandalism"
0 168 65 234 174 492 0 0 1 "Vandalism"
0 169 65 235 173 493 0 0 1 "Vandalism"
0 169 65 235 173 494 0 0 1 "Vandalism"
0 170 65 235 173 495 0 0 1 "Vandalism"
0 170 65 235 173 496 0 0 1 "Vandalism"
0 170 65 236 172 497 0 0 1 "Vandalism"
0 171 65 236 172 498 0 0 1 "Vandalism"
0 171 65 236 172 499 0 0 1 "Vandalism"
0 171 65 237 172 500 0 0 1 "Vandalism"
0 172 64 237 171 501 0 0 1 "Vandalism"
0 172 64 237 171 502 0 0 1 "Vandalism"
0 172 64 237 171 503 0 0 1 "Vandalism"
0 173 64 238 170 504 0 0 1 "Vandalism"
0 173 64 238 170 505 0 0 1 "Vandalism"
0 173 64 238 170 506 0 0 1 "Vandalism"
0 174 64 238 170 507 0 0 1 "Vandalism"
0 174 64 239 169 508 0 0 1 "Vandalism"
0 174 64 239 169 509 0 0 1 "Vandalism"
0 175 64 239 169 510 0 0 1 "Vandalism"
0 175 64 239 169 511 0 0 1 "Vandalism"
0 175 64 240 168 512 0 0 1 "Vandalism"
0 176 64 240 168 513 0 0 1 "Vandalism"
0 176 64 240 168 514 0 0 1 "Vandalism"
0 177 64 241 168 515 0 0 0 "Vandalism"
0 177 64 241 168 516 0 0 1 "Vandalism"
0 177 64 241 168 517 0 0 1 "Vandalism"
0 177 64 241 168 518 0 0 1 "Vandalism"
0 177 64 241 168 519 0 0 1 "Vandalism"
0 177 64 241 168 520 0 0 1 "Vandalism"
0 177 64 241 168 521 0 0 1 "Vandalism"
0 177 64 241 168 522 0 0 1 "Vandalism"
0 177 64 241 168 523 0 0 1 "Vandalism"
0 178 64 242 168 524 0 0 1 "Vandalism"
0 178 64 242 168 525 0 0 1 "Vandalism"
0 178 64 242 168 526 0 0 1 "Vandalism"
0 178 64 242 168 527 0 0 1 "Vandalism"
0 178 64 242 168 528 0 0 1 "Vandalism"
0 178 64 242 168 529 0 0 1 "Vandalism"
0 178 64 242 168 530 0 0 1 "Vandalism"
0 178 64 242 168 531 0 0 1 "Vandalism"
0 178 64 242 168 532 0 0 1 "Vandalism"
0 179 64 243 168 533 0 0 1 "Vandalism"
0 179 64 243 168 534 0 0 1 "Vandalism"
0 179 64 243 168 535 0 0 1 "Vandalism"
0 179 64 243 168 536 0 0 1 "Vandalism"
0 179 64 243 168 537 0 0 1 "Vandalism"
0 179 64 243 168 538 0 0 1 "Vandalism"
0 179 64 243 168 539 0 0 1 "Vandalism"
0 179 64 243 168 540 0 0 1 "Vandalism"
0 179 64 243 168 541 0 0 1 "Vandalism"
0 180 64 244 168 542 0 0 1 "Vandalism"
0 180 64 244 168 543 0 0 1 "Vandalism"
0 180 64 244 168 544 0 0 1 "Vandalism"
0 180 64 244 168 545 0 0 1 "Vandalism"
0 180 64 244 168 546 0 0 1 "Vandalism"
0 180 64 244 168 547 0 0 1 "Vandalism"
0 180 64 244 168 548 0 0 1 "Vandalism"
0 180 64 244 168 549 0 0 1 "Vandalism"
0 180 64 244 168 550 0 0 1 "Vandalism"
0 181 64 245 168 551 0 0 1 "Vandalism"
0 181 64 245 168 552 0 0 1 "Vandalism"
0 181 64 245 168 553 0 0 1 "Vandalism"
0 181 64 245 168 554 0 0 1 "Vandalism"
0 181 64 245 168 555 0 0 1 "Vandalism"
0 181 64 245 168 556 0 0 1 "Vandalism"
0 181 64 245 168 557 0 0 1 "Vandalism"
0 181 64 245 168 558 0 0 1 "Vandalism"
0 181 64 245 168 559 0 0 1 "Vandalism"
0 182 64 246 168 560 0 0 0 "Vandalism"
0 182 63 246 167 561 0 0 1 "Vandalism"
0 182 63 246 167 562 0 0 1 "Vandalism"
0 182 63 246 167 563 0 0 1 "Vandalism"
0 182 63 246 167 564 0 0 1 "Vandalism"
0 182 63 246 167 565 0 0 1 "Vandalism"
0 182 63 246 167 566 0 0 1 "Vandalism"
0 182 63 246 167 567 0 0 1 "Vandalism"
0 182 63 246 167 568 0 0 1 "Vandalism"
0 182 63 246 167 569 0 0 1 "Vandalism"
0 182 63 246 167 570 0 0 1 "Vandalism"
0 182 63 246 167 571 0 0 1 "Vandalism"
0 182 63 246 167 572 0 0 1 "Vandalism"
0 182 63 246 167 573 0 0 1 "Vandalism"
0 182 63 246 167 574 0 0 1 "Vandalism"
0 182 63 246 167 575 0 0 1 "Vandalism"
0 182 63 246 167 576 0 0 1 "Vandalism"
0 182 63 246 167 577 0 0 1 "Vandalism"
0 182 63 246 167 578 0 0 1 "Vandalism"
0 182 63 246 167 579 0 0 1 "Vandalism"
0 182 63 246 167 580 0 0 1 "Vandalism"
0 182 62 246 166 581 0 0 1 "Vandalism"
0 182 62 246 166 582 0 0 1 "Vandalism"
0 182 62 246 166 583 0 0 1 "Vandalism"
0 182 62 246 166 584 0 0 1 "Vandalism"
0 182 62 246 166 585 0 0 1 "Vandalism"
0 182 62 246 166 586 0 0 1 "Vandalism"
0 182 62 246 166 587 0 0 1 "Vandalism"
0 182 62 246 166 588 0 0 1 "Vandalism"
0 182 62 246 166 589 0 0 1 "Vandalism"
0 182 62 246 166 590 0 0 1 "Vandalism"
0 182 62 246 166 591 0 0 1 "Vandalism"
0 182 62 246 166 592 0 0 1 "Vandalism"
0 182 62 246 166 593 0 0 1 "Vandalism"
0 182 62 246 166 594 0 0 1 "Vandalism"
0 182 62 246 166 595 0 0 1 "Vandalism"
0 182 62 246 166 596 0 0 1 "Vandalism"
0 182 62 246 166 597 0 0 1 "Vandalism"
0 182 62 246 166 598 0 0 1 "Vandalism"
0 182 62 246 166 599 0 0 1 "Vandalism"
0 182 62 246 166 600 0 0 1 "Vandalism"
0 183 62 247 166 601 0 0 0 "Vandalism"
0 184 61 248 165 602 0 0 1 "Vandalism"
0 185 61 249 165 603 0 0 1 "Vandalism"
0 186 61 250 165 604 0 0 1 "Vandalism"
0 187 61 251 165 605 0 0 1 "Vandalism"
0 189 61 253 165 606 0 0 1 "Vandalism"
0 190 61 254 165 607 0 0 1 "Vandalism"
0 191 60 255 164 608 0 0 1 "Vandalism"
0 192 60 256 164 609 0 0 1 "Vandalism"
0 194 60 258 164 610 0 0 1 "Vandalism"
0 195 60 259 164 611 0 0 1 "Vandalism"
0 196 60 260 164 612 0 0 1 "Vandalism"
0 197 60 261 164 613 0 0 1 "Vandalism"
0 199 60 263 164 614 0 0 0 "Vandalism"
0 199 59 263 163 615 0 0 1 "Vandalism"
0 199 59 263 163 616 0 0 1 "Vandalism"
0 199 59 263 163 617 0 0 1 "Vandalism"
0 199 58 263 162 618 0 0 1 "Vandalism"
0 199 58 263 162 619 0 0 1 "Vandalism"
0 199 58 263 162 620 0 0 1 "Vandalism"
0 199 57 263 161 621 0 0 1 "Vandalism"
0 199 57 263 161 622 0 0 1 "Vandalism"
0 199 57 263 161 623 0 0 1 "Vandalism"
0 199 57 263 161 624 0 0 1 "Vandalism"
0 199 56 263 160 625 0 0 1 "Vandalism"
0 199 56 263 160 626 0 0 1 "Vandalism"
0 199 56 263 160 627 0 0 1 "Vandalism"
0 199 55 263 159 628 0 0 1 "Vandalism"
0 199 55 263 159 629 0 0 1 "Vandalism"
0 199 55 263 159 630 0 0 1 "Vandalism"
0 199 54 263 158 631 0 0 1 "Vandalism"
0 199 54 263 158 632 0 0 1 "Vandalism"
0 199 54 263 158 633 0 0 1 "Vandalism"
0 199 54 263 158 634 0 0 1 "Vandalism"
0 199 53 263 157 635 0 0 1 "Vandalism"
0 199 53 263 157 636 0 0 1 "Vandalism"
0 199 53 263 157 637 0 0 1 "Vandalism"
0 199 52 263 156 638 0 0 1 "Vandalism"
0 199 52 263 156 639 0 0 1 "Vandalism"
0 199 52 263 156 640 0 0 1 "Vandalism"
0 199 51 263 155 641 0 0 1 "Vandalism"
0 199 51 263 155 642 0 0 1 "Vandalism"
0 199 51 263 155 643 0 0 1 "Vandalism"
0 200 51 264 155 644 0 0 0 "Vandalism"
0 199 50 263 154 645 0 0 1 "Vandalism"
0 199 50 263 154 646 0 0 1 "Vandalism"
0 199 50 263 154 647 0 0 1 "Vandalism"
0 199 50 263 154 648 0 0 1 "Vandalism"
0 199 50 263 154 649 0 0 1 "Vandalism"
0 199 50 263 154 650 0 0 1 "Vandalism"
0 199 50 263 154 651 0 0 1 "Vandalism"
0 199 49 263 154 652 0 0 1 "Vandalism"
0 199 49 262 154 653 0 0 1 "Vandalism"
0 199 49 262 154 654 0 0 1 "Vandalism"
0 198 49 262 154 655 0 0 1 "Vandalism"
0 198 49 262 154 656 0 0 1 "Vandalism"
0 198 49 262 154 657 0 0 1 "Vandalism"
0 198 49 262 154 658 0 0 1 "Vandalism"
0 198 49 262 154 659 0 0 1 "Vandalism"
0 198 48 262 154 660 0 0 1 "Vandalism"
0 198 48 262 154 661 0 0 1 "Vandalism"
0 198 48 261 154 662 0 0 1 "Vandalism"
0 198 48 261 154 663 0 0 1 "Vandalism"
0 198 48 261 154 664 0 0 1 "Vandalism"
0 198 48 261 154 665 0 0 1 "Vandalism"
0 197 48 261 154 666 0 0 1 "Vandalism"
0 197 47 261 154 667 0 0 1 "Vandalism"
0 197 47 261 154 668 0 0 1 "Vandalism"
0 197 47 261 154 669 0 0 1 "Vandalism"
0 197 47 261 154 670 0 0 1 "Vandalism"
0 197 47 260 154 671 0 0 1 "Vandalism"
0 197 47 260 154 672 0 0 1 "Vandalism"
0 197 47 260 154 673 0 0 1 "Vandalism"
0 197 47 260 154 674 0 0 1 "Vandalism"
0 197 46 260 154 675 0 0 1 "Vandalism"
0 196 46 260 154 676 0 0 1 "Vandalism"
0 196 46 260 154 677 0 0 1 "Vandalism"
0 196 46 260 154 678 0 0 1 "Vandalism"
0 196 46 260 154 679 0 0 1 "Vandalism"
0 196 46 259 154 680 0 0 1 "Vandalism"
0 196 46 259 154 681 0 0 1 "Vandalism"
0 196 45 259 154 682 0 0 1 "Vandalism"
0 196 45 259 154 683 0 0 1 "Vandalism"
0 196 45 259 154 684 0 0 1 "Vandalism"
0 196 45 259 154 685 0 0 1 "Vandalism"
0 196 45 259 154 686 0 0 1 "Vandalism"
0 195 45 259 154 687 0 0 1 "Vandalism"
0 195 45 259 154 688 0 0 1 "Vandalism"
0 195 45 258 154 689 0 0 1 "Vandalism"
0 195 44 258 154 690 0 0 1 "Vandalism"
0 195 44 258 154 691 0 0 1 "Vandalism"
0 195 44 258 154 692 0 0 1 "Vandalism"
0 195 44 258 154 693 0 0 1 "Vandalism"
0 195 44 258 154 694 0 0 1 "Vandalism"
0 195 44 258 154 695 0 0 1 "Vandalism"
0 195 44 258 154 696 0 0 1 "Vandalism"
0 195 44 258 154 697 0 0 0 "Vandalism"
0 192 44 258 153 698 0 0 1 "Vandalism"
0 189 44 258 153 699 0 0 1 "Vandalism"
0 186 44 258 153 700 0 0 1 "Vandalism"
0 183 44 258 153 701 0 0 1 "Vandalism"
0 180 44 258 153 702 0 0 0 "Vandalism"
0 179 44 258 152 703 0 0 1 "Vandalism"
0 178 44 258 152 704 0 0 1 "Vandalism"
0 177 44 258 152 705 0 0 1 "Vandalism"
0 176 44 258 152 706 0 0 1 "Vandalism"
0 175 44 258 152 707 0 0 1 "Vandalism"
0 175 44 258 152 708 0 0 1 "Vandalism"
0 174 44 258 152 709 0 0 1 "Vandalism"
0 173 44 258 152 710 0 0 1 "Vandalism"
0 172 44 258 152 711 0 0 1 "Vandalism"
0 171 44 258 152 712 0 0 1 "Vandalism"
0 171 44 258 152 713 0 0 0 "Vandalism"
0 171 43 258 151 714 0 0 1 "Vandalism"
0 171 43 258 151 715 0 0 1 "Vandalism"
0 171 43 258 151 716 0 0 1 "Vandalism"
0 172 43 259 151 717 0 0 1 "Vandalism"
0 172 43 259 151 718 0 0 1 "Vandalism"
0 172 43 259 151 719 0 0 1 "Vandalism"
0 172 43 259 151 720 0 0 1 "Vandalism"
0 173 43 260 151 721 0 0 1 "Vandalism"
0 173 43 260 151 722 0 0 1 "Vandalism"
0 173 43 260 151 723 0 0 1 "Vandalism"
0 174 43 261 151 724 0 0 1 "Vandalism"
0 174 43 261 151 725 0 0 1 "Vandalism"
0 174 43 261 151 726 0 0 1 "Vandalism"
0 174 43 261 151 727 0 0 1 "Vandalism"
0 175 43 262 151 728 0 0 1 "Vandalism"
0 175 43 262 151 729 0 0 1 "Vandalism"
0 175 43 262 151 730 0 0 1 "Vandalism"
0 176 43 263 151 731 0 0 1 "Vandalism"
0 176 43 263 151 732 0 0 1 "Vandalism"
0 176 43 263 151 733 0 0 1 "Vandalism"
0 176 43 263 151 734 0 0 1 "Vandalism"
0 177 43 264 151 735 0 0 1 "Vandalism"
0 177 43 264 151 736 0 0 1 "Vandalism"
0 177 43 264 151 737 0 0 1 "Vandalism"
0 177 43 264 151 738 0 0 1 "Vandalism"
0 178 43 265 151 739 0 0 1 "Vandalism"
0 178 43 265 151 740 0 0 1 "Vandalism"
0 178 43 265 151 741 0 0 1 "Vandalism"
0 179 43 266 151 742 0 0 1 "Vandalism"
0 179 43 266 151 743 0 0 1 "Vandalism"
0 179 43 266 151 744 0 0 1 "Vandalism"
0 179 43 266 151 745 0 0 1 "Vandalism"
0 180 43 267 151 746 0 0 1 "Vandalism"
0 180 43 267 151 747 0 0 1 "Vandalism"
0 180 43 267 151 748 0 0 1 "Vandalism"
0 181 43 268 151 749 0 0 1 "Vandalism"
0 181 43 268 151 750 0 0 1 "Vandalism"
0 181 43 268 151 751 0 0 1 "Vandalism"
0 181 43 268 151 752 0 0 1 "Vandalism"
0 182 43 269 151 753 0 0 1 "Vandalism"
0 182 43 269 151 754 0 0 1 "Vandalism"
0 182 43 269 151 755 0 0 1 "Vandalism"
0 183 43 270 151 756 0 0 0 "Vandalism"
0 184 43 270 151 757 0 0 1 "Vandalism"
0 186 43 270 151 758 0 0 1 "Vandalism"
0 187 44 270 151 759 0 0 1 "Vandalism"
0 189 44 271 152 760 0 0 1 "Vandalism"
0 190 44 271 152 761 0 0 1 "Vandalism"
0 192 45 271 152 762 0 0 1 "Vandalism"
0 193 45 271 152 763 0 0 1 "Vandalism"
0 195 45 272 153 764 0 0 1 "Vandalism"
0 196 46 272 153 765 0 0 1 "Vandalism"
0 198 46 272 153 766 0 0 1 "Vandalism"
0 200 47 273 154 767 0 0 0 "Vandalism"
0 201 46 274 153 768 0 0 1 "Vandalism"
0 202 46 275 153 769 0 0 1 "Vandalism"
0 203 46 276 153 770 0 0 1 "Vandalism"
0 204 46 277 153 771 0 0 1 "Vandalism"
0 205 46 278 153 772 0 0 1 "Vandalism"
0 206 46 279 153 773 0 0 1 "Vandalism"
0 207 46 280 153 774 0 0 1 "Vandalism"
0 208 45 281 152 775 0 0 1 "Vandalism"
0 209 45 282 152 776 0 0 1 "Vandalism"
0 210 45 283 152 777 0 0 1 "Vandalism"
0 211 45 284 152 778 0 0 1 "Vandalism"
0 212 45 285 152 779 0 0 1 "Vandalism"
0 213 45 286 152 780 0 0 1 "Vandalism"
0 214 45 287 152 781 0 0 0 "Vandalism"
0 214 44 287 151 782 0 0 1 "Vandalism"
0 214 44 287 151 783 0 0 1 "Vandalism"
0 215 44 288 150 784 0 0 1 "Vandalism"
0 215 44 288 150 785 0 0 1 "Vandalism"
0 216 44 289 149 786 0 0 1 "Vandalism"
0 216 44 289 149 787 0 0 1 "Vandalism"
0 217 44 290 148 788 0 0 1 "Vandalism"
0 217 44 290 148 789 0 0 1 "Vandalism"
0 218 44 290 148 790 0 0 1 "Vandalism"
0 218 44 291 147 791 0 0 1 "Vandalism"
0 219 44 291 147 792 0 0 1 "Vandalism"
0 219 44 292 146 793 0 0 1 "Vandalism"
0 220 44 292 146 794 0 0 1 "Vandalism"
0 220 44 293 145 795 0 0 1 "Vandalism"
0 221 44 293 145 796 0 0 1 "Vandalism"
0 221 44 294 144 797 0 0 1 "Vandalism"
0 222 44 294 144 798 0 0 1 "Vandalism"
0 222 43 294 144 799 0 0 1 "Vandalism"
0 222 43 295 143 800 0 0 1 "Vandalism"
0 223 43 295 143 801 0 0 1 "Vandalism"
0 223 43 296 142 802 0 0 1 "Vandalism"
0 224 43 296 142 803 0 0 1 "Vandalism"
0 224 43 297 141 804 0 0 1 "Vandalism"
0 225 43 297 141 805 0 0 1 "Vandalism"
0 225 43 298 140 806 0 0 1 "Vandalism"
0 226 43 298 140 807 0 0 1 "Vandalism"
0 226 43 298 140 808 0 0 1 "Vandalism"
0 227 43 299 139 809 0 0 1 "Vandalism"
0 227 43 299 139 810 0 0 1 "Vandalism"
0 228 43 300 138 811 0 0 1 "Vandalism"
0 228 43 300 138 812 0 0 1 "Vandalism"
0 229 43 301 137 813 0 0 1 "Vandalism"
0 229 43 301 137 814 0 0 1 "Vandalism"
0 230 43 302 137 815 0 0 0 "Vandalism"
0 229 42 301 136 816 0 0 1 "Vandalism"
0 229 42 300 136 817 0 0 1 "Vandalism"
0 229 42 299 136 818 0 0 1 "Vandalism"
0 229 42 299 136 819 0 0 1 "Vandalism"
0 228 41 298 135 820 0 0 1 "Vandalism"
0 228 41 297 135 821 0 0 1 "Vandalism"
0 228 41 296 135 822 0 0 1 "Vandalism"
0 228 41 296 135 823 0 0 1 "Vandalism"
0 228 41 295 134 824 0 0 1 "Vandalism"
0 227 40 294 134 825 0 0 1 "Vandalism"
0 227 40 293 134 826 0 0 1 "Vandalism"
0 227 40 293 134 827 0 0 1 "Vandalism"
0 227 40 292 133 828 0 0 1 "Vandalism"
0 227 40 291 133 829 0 0 1 "Vandalism"
0 226 39 290 133 830 0 0 1 "Vandalism"
0 226 39 290 133 831 0 0 1 "Vandalism"
0 226 39 289 132 832 0 0 1 "Vandalism"
0 226 39 288 132 833 0 0 1 "Vandalism"
0 225 38 287 132 834 0 0 1 "Vandalism"
0 225 38 287 132 835 0 0 1 "Vandalism"
0 225 38 286 131 836 0 0 1 "Vandalism"
0 225 38 285 131 837 0 0 1 "Vandalism"
0 225 38 284 131 838 0 0 1 "Vandalism"
0 224 37 284 131 839 0 0 1 "Vandalism"
0 224 37 283 130 840 0 0 1 "Vandalism"
0 224 37 282 130 841 0 0 1 "Vandalism"
0 224 37 281 130 842 0 0 1 "Vandalism"
0 224 37 281 130 843 0 0 0 "Vandalism"
0 222 37 279 127 844 0 0 1 "Vandalism"
0 220 37 277 125 845 0 0 1 "Vandalism"
0 219 37 276 123 846 0 0 1 "Vandalism"
0 217 37 274 121 847 0 0 1 "Vandalism"
0 216 37 272 119 848 0 0 1 "Vandalism"
0 214 37 271 117 849 0 0 1 "Vandalism"
0 213 37 269 115 850 0 0 1 "Vandalism"
0 211 37 268 113 851 0 0 1 "Vandalism"
0 209 37 266 111 852 0 0 1 "Vandalism"
0 208 37 264 109 853 0 0 1 "Vandalism"
0 206 37 263 107 854 0 0 1 "Vandalism"
0 205 37 261 105 855 0 0 1 "Vandalism"
0 203 37 259 103 856 0 0 1 "Vandalism"
0 202 37 258 101 857 0 0 1 "Vandalism"
0 200 37 256 99 858 0 0 1 "Vandalism"
0 198 37 255 97 859 0 0 1 "Vandalism"
0 197 37 253 95 860 0 0 1 "Vandalism"
0 195 37 251 93 861 0 0 1 "Vandalism"
0 194 37 250 91 862 0 0 1 "Vandalism"
0 192 37 248 89 863 0 0 1 "Vandalism"
0 191 38 247 87 864 1 0 0 "Vandalism"
0 189 38 245 86 865 1 0 1 "Vandalism"
0 188 38 244 85 866 1 0 1 "Vandalism"
0 187 38 243 85 867 1 0 1 "Vandalism"
0 186 38 242 84 868 1 0 1 "Vandalism"
0 185 38 241 84 869 1 0 1 "Vandalism"
0 184 38 240 83 870 1 0 1 "Vandalism"
0 183 38 239 83 871 1 0 1 "Vandalism"
0 182 38 237 82 872 1 0 1 "Vandalism"
0 180 38 236 82 873 1 0 1 "Vandalism"
0 179 38 235 81 874 1 0 1 "Vandalism"
0 178 38 234 81 875 1 0 1 "Vandalism"
0 177 38 233 80 876 1 0 1 "Vandalism"
0 176 38 232 80 877 1 0 1 "Vandalism"
0 175 38 231 79 878 1 0 1 "Vandalism"
0 174 38 229 79 879 1 0 1 "Vandalism"
0 173 38 228 78 880 1 0 1 "Vandalism"
0 172 38 227 78 881 1 0 1 "Vandalism"
0 170 38 226 77 882 1 0 1 "Vandalism"
0 169 38 225 77 883 1 0 1 "Vandalism"
0 168 38 224 76 884 1 0 1 "Vandalism"
0 167 38 223 76 885 1 0 1 "Vandalism"
0 166 38 221 75 886 1 0 1 "Vandalism"
0 165 38 220 75 887 1 0 1 "Vandalism"
0 164 38 219 74 888 1 0 1 "Vandalism"
0 163 38 218 74 889 1 0 1 "Vandalism"
0 162 38 217 73 890 1 0 1 "Vandalism"
0 160 38 216 73 891 1 0 1 "Vandalism"
0 159 38 215 72 892 1 0 1 "Vandalism"
0 158 38 213 72 893 1 0 1 "Vandalism"
0 157 38 212 71 894 1 0 1 "Vandalism"
0 156 38 211 71 895 1 0 1 "Vandalism"
0 155 38 210 70 896 1 0 1 "Vandalism"
0 154 38 209 70 897 1 0 1 "Vandalism"
0 153 38 208 69 898 1 0 1 "Vandalism"
0 152 39 207 69 899 1 0 0 "Vandalism"
