0 96 68 143 118 0 1 0 0 "Vandalism"
0 96 68 143 118 1 1 0 1 "Vandalism"
0 96 68 143 118 2 1 0 1 "Vandalism"
0 96 68 143 118 3 1 0 1 "Vandalism"
0 96 68 143 118 4 1 0 1 "Vandalism"
0 96 68 143 118 5 1 0 1 "Vandalism"
0 96 68 143 118 6 1 0 1 "Vandalism"
0 96 68 143 118 7 1 0 1 "Vandalism"
0 96 68 143 118 8 1 0 1 "Vandalism"
0 96 68 143 118 9 1 0 1 "Vandalism"
0 96 68 143 118 10 1 0 1 "Vandalism"
0 96 68 143 118 11 1 0 1 "Vandalism"
0 96 68 143 118 12 1 0 1 "Vandalism"
0 96 68 143 118 13 1 0 1 "Vandalism"
0 96 68 143 118 14 1 0 1 "Vandalism"
0 96 68 143 118 15 1 0 1 "Vandalism"
0 96 68 143 118 16 1 0 1 "Vandalism"
0 96 68 143 118 17 1 0 1 "Vandalism"
0 96 68 143 118 18 1 0 1 "Vandalism"
0 96 68 143 118 19 1 0 1 "Vandalism"
0 96 68 143 118 20 1 0 1 "Vandalism"
0 96 68 143 118 21 1 0 1 "Vandalism"
0 96 68 143 118 22 1 0 1 "Vandalism"
0 96 68 143 118 23 1 0 1 "Vandalism"
0 96 68 143 118 24 1 0 1 "Vandalism"
0 96 68 143 118 25 1 0 1 "Vandalism"
0 96 68 143 118 26 1 0 1 "Vandalism"
0 96 68 143 118 27 1 0 1 "Vandalism"
0 96 68 143 118 28 1 0 1 "Vandalism"
0 96 68 143 118 29 1 0 1 "Vandalism"
0 96 68 143 118 30 1 0 1 "Vandalism"
0 96 68 143 118 31 1 0 1 "Vandalism"
0 96 68 143 118 32 1 0 1 "Vandalism"
0 96 68 143 118 33 1 0 1 "Vandalism"
0 96 68 143 118 34 1 0 1 "Vandalism"
0 96 68 143 118 35 1 0 1 "Vandalism"
0 96 68 143 118 36 1 0 1 "Vandalism"
0 96 68 143 118 37 1 0 1 "Vandalism"
0 96 68 143 118 38 1 0 1 "Vandalism"
0 96 68 143 118 39 1 0 1 "Vandalism"
0 96 68 143 118 40 1 0 1 "Vandalism"
0 96 68 143 118 41 1 0 1 "Vandalism"
0 96 68 143 118 42 1 0 1 "Vandalism"
0 96 68 143 118 43 1 0 1 "Vandalism"
0 96 68 143 118 44 1 0 1 "Vandalism"
0 96 68 143 118 45 1 0 1 "Vandalism"
0 96 68 143 118 46 1 0 1 "Vandalism"
0 96 68 143 118 47 1 0 1 "Vandalism"
0 96 68 143 118 48 1 0 1 "Vandalism"
0 96 68 143 118 49 1 0 1 "Vandalism"
0 96 68 143 118 50 1 0 1 "Vandalism"
0 96 68 143 118 51 1 0 1 "Vandalism"
0 96 68 143 118 52 1 0 1 "Vandalism"
0 96 68 143 118 53 1 0 1 "Vandalism"
0 96 68 143 118 54 1 0 1 "Vandalism"
0 96 68 143 118 55 1 0 1 "Vandalism"
0 96 68 143 118 56 1 0 1 "Vandalism"
0 96 68 143 118 57 1 0 1 "Vandalism"
0 96 68 143 118 58 1 0 1 "Vandalism"
0 96 68 143 118 59 1 0 1 "Vandalism"
0 96 68 143 118 60 1 0 1 "Vandalism"
0 96 68 143 118 61 1 0 1 "Vandalism"
0 96 68 143 118 62 1 0 1 "Vandalism"
0 96 68 143 118 63 1 0 1 "Vandalism"
0 96 68 143 118 64 1 0 1 "Vandalism"
0 96 68 143 118 65 1 0 1 "Vandalism"
0 96 68 143 118 66 1 0 1 "Vandalism"
0 96 68 143 118 67 1 0 1 "Vandalism"
0 96 68 143 118 68 1 0 1 "Vandalism"
0 96 68 143 118 69 1 0 1 "Vandalism"
0 96 68 143 118 70 1 0 1 "Vandalism"
0 96 68 143 118 71 1 0 1 "Vandalism"
0 96 68 143 118 72 1 0 1 "Vandalism"
0 96 68 143 118 73 1 0 1 "Vandalism"
0 96 68 143 118 74 1 0 1 "Vandalism"
0 96 68 143 118 75 1 0 1 "Vandalism"
0 96 68 143 118 76 1 0 1 "Vandalism"
0 96 68 143 118 77 1 0 1 "Vandalism"
0 96 68 143 118 78 1 0 1 "Vandalism"
0 96 68 143 118 79 1 0 1 "Vandalism"
0 96 68 143 118 80 1 0 1 "Vandalism"
0 96 68 143 118 81 1 0 1 "Vandalism"
0 96 68 143 118 82 1 0 1 "Vandalism"
0 96 68 143 118 83 1 0 1 "Vandalism"
0 96 68 143 118 84 1 0 1 "Vandalism"
0 96 68 143 118 85 1 0 1 "Vandalism"
0 96 68 143 118 86 1 0 1 "Vandalism"
0 96 68 143 118 87 1 0 1 "Vandalism"
0 96 68 143 118 88 1 0 1 "Vandalism"
0 96 68 143 118 89 1 0 1 "Vandalism"
0 96 68 143 118 90 1 0 1 "Vandalism"
0 96 68 143 118 91 1 0 1 "Vandalism"
0 96 68 143 118 92 1 0 1 "Vandalism"
0 96 68 143 118 93 1 0 1 "Vandalism"
0 96 68 143 118 94 1 0 1 "Vandalism"
0 96 68 143 118 95 1 0 1 "Vandalism"
0 96 68 143 118 96 1 0 1 "Vandalism"
0 96 68 143 118 97 1 0 1 "Vandalism"
0 96 68 143 118 98 1 0 1 "Vandalism"
0 96 68 143 118 99 1 0 1 "Vandalism"
0 96 68 143 118 100 1 0 1 "Vandalism"
0 96 68 143 118 101 1 0 1 "Vandalism"
0 96 68 143 118 102 1 0 1 "Vandalism"
0 96 68 143 118 103 1 0 1 "Vandalism"
0 96 68 143 118 104 1 0 1 "Vandalism"
0 96 68 143 118 105 1 0 1 "Vandalism"
0 96 68 143 118 106 1 0 1 "Vandalism"
0 96 68 143 118 107 1 0 1 "Vandalism"
0 96 68 143 118 108 1 0 1 "Vandalism"
0 96 68 143 118 109 1 0 1 "Vandalism"
0 96 68 143 118 110 1 0 1 "Vandalism"
0 96 68 143 118 111 1 0 1 "Vandalism"
0 96 68 143 118 112 1 0 1 "Vandalism"
0 96 68 143 118 113 1 0 1 "Vandalism"
0 96 68 143 118 114 1 0 1 "Vandalism"
0 96 68 143 118 115 1 0 1 "Vandalism"
0 96 68 143 118 116 1 0 1 "Vandalism"
0 96 68 143 118 117 1 0 1 "Vandalism"
0 96 68 143 118 118 1 0 1 "Vandalism"
0 96 68 143 118 119 1 0 1 "Vandalism"
0 96 68 143 118 120 1 0 1 "Vandalism"
0 96 68 143 118 121 1 0 1 "Vandalism"
0 96 68 143 118 122 1 0 1 "Vandalism"
0 96 68 143 118 123 1 0 1 "Vandalism"
0 96 68 143 118 124 1 0 1 "Vandalism"
0 96 68 143 118 125 1 0 1 "Vandalism"
0 96 68 143 118 126 1 0 1 "Vandalism"
0 96 68 143 118 127 1 0 1 "Vandalism"
0 96 68 143 118 128 1 0 1 "Vandalism"
0 96 68 143 118 129 1 0 1 "Vandalism"
0 96 68 143 118 130 1 0 1 "Vandalism"
0 96 68 143 118 131 1 0 1 "Vandalism"
0 96 68 143 118 132 1 0 1 "Vandalism"
0 96 68 143 118 133 1 0 1 "Vandalism"
0 96 68 143 118 134 1 0 1 "Vandalism"
0 96 68 143 118 135 1 0 1 "Vandalism"
0 96 68 143 118 136 1 0 1 "Vandalism"
0 96 68 143 118 137 1 0 1 "Vandalism"
0 96 68 143 118 138 1 0 1 "Vandalism"
0 96 68 143 118 139 1 0 1 "Vandalism"
0 96 68 143 118 140 1 0 1 "Vandalism"
0 96 68 143 118 141 1 0 1 "Vandalism"
0 96 68 143 118 142 1 0 1 "Vandalism"
0 96 68 143 118 143 1 0 1 "Vandalism"
0 96 68 143 118 144 1 0 1 "Vandalism"
0 96 68 143 118 145 1 0 1 "Vandalism"
0 96 68 143 118 146 1 0 1 "Vandalism"
0 96 68 143 118 147 1 0 1 "Vandalism"
0 96 68 143 118 148 1 0 1 "Vandalism"
0 96 68 143 118 149 1 0 1 "Vandalism"
0 96 68 143 118 150 1 0 1 "Vandalism"
0 96 68 143 118 151 1 0 1 "Vandalism"
0 96 68 143 118 152 1 0 1 "Vandalism"
0 96 68 143 118 153 1 0 1 "Vandalism"
0 96 68 143 118 154 1 0 1 "Vandalism"
0 96 68 143 118 155 1 0 1 "Vandalism"
0 96 68 143 118 156 1 0 1 "Vandalism"
0 96 68 143 118 157 1 0 1 "Vandalism"
0 96 68 143 118 158 1 0 1 "Vandalism"
0 96 68 143 118 159 1 0 1 "Vandalism"
0 96 68 143 118 160 1 0 1 "Vandalism"
0 96 68 143 118 161 1 0 1 "Vandalism"
0 96 68 143 118 162 1 0 1 "Vandalism"
0 96 68 143 118 163 1 0 1 "Vandalism"
0 96 68 143 118 164 1 0 1 "Vandalism"
0 96 68 143 118 165 1 0 1 "Vandalism"
0 96 68 143 118 166 1 0 1 "Vandalism"
0 96 68 143 118 167 1 0 1 "Vandalism"
0 96 68 143 118 168 1 0 1 "Vandalism"
0 96 68 143 118 169 1 0 1 "Vandalism"
0 96 68 143 118 170 1 0 1 "Vandalism"
0 96 68 143 118 171 1 0 1 "Vandalism"
0 96 68 143 118 172 1 0 1 "Vandalism"
0 96 68 143 118 173 1 0 1 "Vandalism"
0 96 68 143 118 174 1 0 1 "Vandalism"
0 96 68 143 118 175 1 0 1 "Vandalism"
0 96 68 143 118 176 1 0 1 "Vandalism"
0 96 68 143 118 177 1 0 1 "Vandalism"
0 96 68 143 118 178 1 0 1 "Vandalism"
0 96 68 143 118 179 1 0 1 "Vandalism"
0 96 68 143 118 180 1 0 1 "Vandalism"
0 96 68 143 118 181 1 0 1 "Vandalism"
0 96 68 143 118 182 1 0 1 "Vandalism"
0 96 68 143 118 183 1 0 1 "Vandalism"
0 96 68 143 118 184 1 0 1 "Vandalism"
0 96 68 143 118 185 1 0 1 "Vandalism"
0 96 68 143 118 186 1 0 1 "Vandalism"
0 96 68 143 118 187 1 0 1 "Vandalism"
0 96 68 143 118 188 1 0 1 "Vandalism"
0 96 68 143 118 189 1 0 1 "Vandalism"
0 96 68 143 118 190 1 0 1 "Vandalism"
0 96 68 143 118 191 1 0 1 "Vandalism"
0 96 68 143 118 192 1 0 1 "Vandalism"
0 96 68 143 118 193 1 0 1 "Vandalism"
0 96 68 143 118 194 1 0 1 "Vandalism"
0 96 68 143 118 195 1 0 1 "Vandalism"
0 96 68 143 118 196 1 0 1 "Vandalism"
0 96 68 143 118 197 1 0 1 "Vandalism"
0 96 68 143 118 198 1 0 1 "Vandalism"
0 96 68 143 118 199 1 0 1 "Vandalism"
0 96 68 143 118 200 1 0 1 "Vandalism"
0 96 68 143 118 201 1 0 1 "Vandalism"
0 96 68 143 118 202 1 0 1 "Vandalism"
0 96 68 143 118 203 1 0 1 "Vandalism"
0 96 68 143 118 204 1 0 1 "Vandalism"
0 96 68 143 118 205 1 0 1 "Vandalism"
0 96 68 143 118 206 1 0 1 "Vandalism"
0 96 68 143 118 207 1 0 1 "Vandalism"
0 96 68 143 118 208 1 0 1 "Vandalism"
0 96 68 143 118 209 1 0 1 "Vandalism"
0 96 68 143 118 210 1 0 1 "Vandalism"
0 96 68 143 118 211 1 0 1 "Vandalism"
0 96 68 143 118 212 1 0 1 "Vandalism"
0 96 68 143 118 213 1 0 1 "Vandalism"
0 96 68 143 118 214 1 0 1 "Vandalism"
0 96 68 143 118 215 1 0 1 "Vandalism"
0 96 68 143 118 216 1 0 1 "Vandalism"
0 96 68 143 118 217 1 0 1 "Vandalism"
0 96 68 143 118 218 1 0 1 "Vandalism"
0 96 68 143 118 219 1 0 1 "Vandalism"
0 96 68 143 118 220 1 0 1 "Vandalism"
0 96 68 143 118 221 1 0 1 "Vandalism"
0 96 68 143 118 222 1 0 1 "Vandalism"
0 96 68 143 118 223 1 0 1 "Vandalism"
0 96 68 143 118 224 1 0 1 "Vandalism"
0 96 68 143 118 225 1 0 1 "Vandalism"
0 96 68 143 118 226 1 0 1 "Vandalism"
0 96 68 143 118 227 1 0 1 "Vandalism"
0 96 68 143 118 228 1 0 1 "Vandalism"
0 96 68 143 118 229 1 0 1 "Vandalism"
0 96 68 143 118 230 1 0 1 "Vandalism"
0 96 68 143 118 231 1 0 1 "Vandalism"
0 96 68 143 118 232 1 0 1 "Vandalism"
0 96 68 143 118 233 1 0 1 "Vandalism"
0 96 68 143 118 234 1 0 1 "Vandalism"
0 96 68 143 118 235 1 0 1 "Vandalism"
0 96 68 143 118 236 1 0 1 "Vandalism"
0 96 68 143 118 237 1 0 1 "Vandalism"
0 96 68 143 118 238 1 0 1 "Vandalism"
0 96 68 143 118 239 1 0 1 "Vandalism"
0 96 68 143 118 240 1 0 1 "Vandalism"
0 96 68 143 118 241 1 0 1 "Vandalism"
0 96 68 143 118 242 1 0 1 "Vandalism"
0 96 68 143 118 243 1 0 1 "Vandalism"
0 96 68 143 118 244 1 0 1 "Vandalism"
0 96 68 143 118 245 1 0 1 "Vandalism"
0 96 68 143 118 246 1 0 1 "Vandalism"
0 96 68 143 118 247 1 0 1 "Vandalism"
0 96 68 143 118 248 1 0 1 "Vandalism"
0 96 68 143 118 249 1 0 1 "Vandalism"
0 96 68 143 118 250 1 0 1 "Vandalism"
0 96 68 143 118 251 1 0 1 "Vandalism"
0 96 68 143 118 252 1 0 1 "Vandalism"
0 96 68 143 118 253 1 0 1 "Vandalism"
0 96 68 143 118 254 1 0 1 "Vandalism"
0 96 68 143 118 255 1 0 1 "Vandalism"
0 96 68 143 118 256 1 0 1 "Vandalism"
0 96 68 143 118 257 1 0 1 "Vandalism"
0 96 68 143 118 258 1 0 1 "Vandalism"
0 96 68 143 118 259 1 0 1 "Vandalism"
0 96 68 143 118 260 1 0 1 "Vandalism"
0 96 68 143 118 261 1 0 1 "Vandalism"
0 96 68 143 118 262 1 0 1 "Vandalism"
0 96 68 143 118 263 1 0 1 "Vandalism"
0 96 68 143 118 264 1 0 1 "Vandalism"
0 96 68 143 118 265 1 0 1 "Vandalism"
0 96 68 143 118 266 1 0 1 "Vandalism"
0 96 68 143 118 267 1 0 1 "Vandalism"
0 96 68 143 118 268 1 0 1 "Vandalism"
0 96 68 143 118 269 1 0 1 "Vandalism"
0 96 68 143 118 270 1 0 1 "Vandalism"
0 96 68 143 118 271 1 0 1 "Vandalism"
0 96 68 143 118 272 1 0 1 "Vandalism"
0 96 68 143 118 273 1 0 1 "Vandalism"
0 96 68 143 118 274 1 0 1 "Vandalism"
0 96 68 143 118 275 1 0 1 "Vandalism"
0 96 68 143 118 276 1 0 1 "Vandalism"
0 96 68 143 118 277 1 0 1 "Vandalism"
0 96 68 143 118 278 1 0 1 "Vandalism"
0 96 68 143 118 279 1 0 1 "Vandalism"
0 96 68 143 118 280 1 0 1 "Vandalism"
0 96 68 143 118 281 1 0 1 "Vandalism"
0 96 68 143 118 282 1 0 1 "Vandalism"
0 96 68 143 118 283 1 0 1 "Vandalism"
0 96 68 143 118 284 1 0 1 "Vandalism"
0 96 68 143 118 285 1 0 1 "Vandalism"
0 96 68 143 118 286 1 0 1 "Vandalism"
0 96 68 143 118 287 1 0 1 "Vandalism"
0 96 68 143 118 288 1 0 1 "Vandalism"
0 96 68 143 118 289 1 0 1 "Vandalism"
0 96 68 143 118 290 1 0 1 "Vandalism"
0 96 68 143 118 291 1 0 1 "Vandalism"
0 96 68 143 118 292 1 0 1 "Vandalism"
0 96 68 143 118 293 1 0 1 "Vandalism"
0 96 68 143 118 294 1 0 1 "Vandalism"
0 96 68 143 118 295 1 0 1 "Vandalism"
0 96 68 143 118 296 1 0 1 "Vandalism"
0 96 68 143 118 297 1 0 1 "Vandalism"
0 96 68 143 118 298 1 0 1 "Vandalism"
0 96 68 143 118 299 1 0 1 "Vandalism"
0 96 68 143 118 300 1 0 1 "Vandalism"
0 96 68 143 118 301 1 0 1 "Vandalism"
0 96 68 143 118 302 1 0 1 "Vandalism"
0 96 68 143 118 303 1 0 1 "Vandalism"
0 96 68 143 118 304 1 0 1 "Vandalism"
0 96 68 143 118 305 1 0 1 "Vandalism"
0 96 68 143 118 306 1 0 1 "Vandalism"
0 96 68 143 118 307 1 0 1 "Vandalism"
0 96 68 143 118 308 1 0 1 "Vandalism"
0 96 68 143 118 309 1 0 1 "Vandalism"
0 96 68 143 118 310 1 0 1 "Vandalism"
0 96 68 143 118 311 1 0 1 "Vandalism"
0 96 68 143 118 312 1 0 1 "Vandalism"
0 96 68 143 118 313 1 0 1 "Vandalism"
0 96 68 143 118 314 1 0 1 "Vandalism"
0 96 68 143 118 315 1 0 1 "Vandalism"
0 96 68 143 118 316 1 0 1 "Vandalism"
0 96 68 143 118 317 1 0 1 "Vandalism"
0 96 68 143 118 318 1 0 1 "Vandalism"
0 96 68 143 118 319 1 0 1 "Vandalism"
0 96 68 143 118 320 1 0 1 "Vandalism"
0 96 68 143 118 321 1 0 1 "Vandalism"
0 96 68 143 118 322 1 0 1 "Vandalism"
0 96 68 143 118 323 1 0 1 "Vandalism"
0 96 68 143 118 324 1 0 1 "Vandalism"
0 96 68 143 118 325 1 0 1 "Vandalism"
0 96 68 143 118 326 1 0 1 "Vandalism"
0 96 68 143 118 327 1 0 1 "Vandalism"
0 96 68 143 118 328 1 0 1 "Vandalism"
0 96 68 143 118 329 1 0 1 "Vandalism"
0 96 68 143 118 330 1 0 1 "Vandalism"
0 96 68 143 118 331 1 0 1 "Vandalism"
0 96 68 143 118 332 1 0 1 "Vandalism"
0 96 68 143 118 333 1 0 1 "Vandalism"
0 96 68 143 118 334 1 0 1 "Vandalism"
0 96 68 143 118 335 1 0 1 "Vandalism"
0 96 68 143 118 336 1 0 1 "Vandalism"
0 96 68 143 118 337 1 0 1 "Vandalism"
0 96 68 143 118 338 1 0 1 "Vandalism"
0 96 68 143 118 339 1 0 1 "Vandalism"
0 96 68 143 118 340 1 0 1 "Vandalism"
0 96 68 143 118 341 1 0 1 "Vandalism"
0 96 68 143 118 342 1 0 1 "Vandalism"
0 96 68 143 118 343 1 0 1 "Vandalism"
0 96 68 143 118 344 1 0 1 "Vandalism"
0 96 68 143 118 345 1 0 1 "Vandalism"
0 96 68 143 118 346 1 0 1 "Vandalism"
0 96 68 143 118 347 1 0 1 "Vandalism"
0 96 68 143 118 348 1 0 1 "Vandalism"
0 96 68 143 118 349 1 0 1 "Vandalism"
0 96 68 143 118 350 1 0 1 "Vandalism"
0 96 68 143 118 351 1 0 1 "Vandalism"
0 96 68 143 118 352 1 0 1 "Vandalism"
0 96 68 143 118 353 1 0 1 "Vandalism"
0 96 68 143 118 354 1 0 1 "Vandalism"
0 96 68 143 118 355 1 0 1 "Vandalism"
0 96 68 143 118 356 1 0 1 "Vandalism"
0 96 68 143 118 357 1 0 1 "Vandalism"
0 96 68 143 118 358 1 0 1 "Vandalism"
0 96 68 143 118 359 1 0 1 "Vandalism"
0 96 68 143 118 360 1 0 1 "Vandalism"
0 96 68 143 118 361 1 0 1 "Vandalism"
0 96 68 143 118 362 1 0 1 "Vandalism"
0 96 68 143 118 363 1 0 1 "Vandalism"
0 96 68 143 118 364 1 0 1 "Vandalism"
0 96 68 143 118 365 1 0 1 "Vandalism"
0 96 68 143 118 366 1 0 1 "Vandalism"
0 96 68 143 118 367 1 0 1 "Vandalism"
0 96 68 143 118 368 1 0 1 "Vandalism"
0 96 68 143 118 369 1 0 1 "Vandalism"
0 96 68 143 118 370 1 0 1 "Vandalism"
0 96 68 143 118 371 1 0 1 "Vandalism"
0 96 68 143 118 372 1 0 1 "Vandalism"
0 96 68 143 118 373 1 0 1 "Vandalism"
0 96 68 143 118 374 1 0 1 "Vandalism"
0 96 68 143 118 375 1 0 1 "Vandalism"
0 96 68 143 118 376 1 0 1 "Vandalism"
0 96 68 143 118 377 1 0 1 "Vandalism"
0 96 68 143 118 378 1 0 1 "Vandalism"
0 96 68 143 118 379 1 0 1 "Vandalism"
0 96 68 143 118 380 1 0 1 "Vandalism"
0 96 68 143 118 381 1 0 1 "Vandalism"
0 96 68 143 118 382 1 0 1 "Vandalism"
0 96 68 143 118 383 1 0 1 "Vandalism"
0 96 68 143 118 384 1 0 1 "Vandalism"
0 96 68 143 118 385 1 0 1 "Vandalism"
0 96 68 143 118 386 1 0 1 "Vandalism"
0 96 68 143 118 387 1 0 1 "Vandalism"
0 96 68 143 118 388 1 0 1 "Vandalism"
0 96 68 143 118 389 1 0 1 "Vandalism"
0 96 68 143 118 390 1 0 1 "Vandalism"
0 96 68 143 118 391 1 0 1 "Vandalism"
0 96 68 143 118 392 1 0 1 "Vandalism"
0 96 68 143 118 393 1 0 1 "Vandalism"
0 96 68 143 118 394 1 0 1 "Vandalism"
0 96 68 143 118 395 1 0 1 "Vandalism"
0 96 68 143 118 396 1 0 1 "Vandalism"
0 96 68 143 118 397 1 0 1 "Vandalism"
0 96 68 143 118 398 1 0 1 "Vandalism"
0 96 68 143 118 399 1 0 1 "Vandalism"
0 96 68 143 118 400 1 0 1 "Vandalism"
0 96 68 143 118 401 1 0 1 "Vandalism"
0 96 68 143 118 402 1 0 1 "Vandalism"
0 96 68 143 118 403 1 0 1 "Vandalism"
0 96 68 143 118 404 1 0 1 "Vandalism"
0 96 68 143 118 405 1 0 1 "Vandalism"
0 96 68 143 118 406 1 0 1 "Vandalism"
0 96 68 143 118 407 1 0 1 "Vandalism"
0 96 68 143 118 408 1 0 1 "Vandalism"
0 96 68 143 118 409 1 0 1 "Vandalism"
0 96 68 143 118 410 1 0 1 "Vandalism"
0 96 68 143 118 411 1 0 1 "Vandalism"
0 96 68 143 118 412 1 0 1 "Vandalism"
0 96 68 143 118 413 1 0 1 "Vandalism"
0 96 68 143 118 414 1 0 1 "Vandalism"
0 96 68 143 118 415 1 0 1 "Vandalism"
0 96 68 143 118 416 1 0 1 "Vandalism"
0 96 68 143 118 417 1 0 1 "Vandalism"
0 96 68 143 118 418 1 0 1 "Vandalism"
0 96 68 143 118 419 1 0 1 "Vandalism"
0 96 68 143 118 420 1 0 1 "Vandalism"
0 96 68 143 118 421 1 0 1 "Vandalism"
0 96 68 143 118 422 1 0 1 "Vandalism"
0 96 68 143 118 423 1 0 1 "Vandalism"
0 96 68 143 118 424 1 0 1 "Vandalism"
0 96 68 143 118 425 1 0 1 "Vandalism"
0 96 68 143 118 426 1 0 1 "Vandalism"
0 96 68 143 118 427 1 0 1 "Vandalism"
0 96 68 143 118 428 1 0 1 "Vandalism"
0 96 68 143 118 429 1 0 1 "Vandalism"
0 96 68 143 118 430 1 0 1 "Vandalism"
0 96 68 143 118 431 1 0 1 "Vandalism"
0 96 68 143 118 432 1 0 1 "Vandalism"
0 96 68 143 118 433 1 0 1 "Vandalism"
0 96 68 143 118 434 1 0 1 "Vandalism"
0 96 68 143 118 435 1 0 1 "Vandalism"
0 96 68 143 118 436 1 0 1 "Vandalism"
0 96 68 143 118 437 1 0 1 "Vandalism"
0 96 68 143 118 438 1 0 1 "Vandalism"
0 96 68 143 118 439 1 0 1 "Vandalism"
0 96 68 143 118 440 1 0 1 "Vandalism"
0 96 68 143 118 441 1 0 1 "Vandalism"
0 96 68 143 118 442 1 0 1 "Vandalism"
0 96 68 143 118 443 1 0 1 "Vandalism"
0 96 68 143 118 444 1 0 1 "Vandalism"
0 96 68 143 118 445 1 0 1 "Vandalism"
0 96 68 143 118 446 1 0 1 "Vandalism"
0 96 68 143 118 447 1 0 1 "Vandalism"
0 96 68 143 118 448 1 0 1 "Vandalism"
0 96 68 143 118 449 1 0 1 "Vandalism"
0 96 68 143 118 450 1 0 1 "Vandalism"
0 96 68 143 118 451 0 0 0 "Vandalism"
0 96 68 143 117 452 0 0 1 "Vandalism"
0 96 68 143 117 453 0 0 1 "Vandalism"
0 96 68 143 117 454 0 0 1 "Vandalism"
0 96 68 144 117 455 0 0 1 "Vandalism"
0 96 68 144 117 456 0 0 1 "Vandalism"
0 96 68 144 117 457 0 0 1 "Vandalism"
0 96 68 145 117 458 0 0 1 "Vandalism"
0 96 68 145 117 459 0 0 1 "Vandalism"
0 96 68 145 117 460 0 0 1 "Vandalism"
0 96 68 146 117 461 0 0 1 "Vandalism"
0 96 68 146 117 462 0 0 1 "Vandalism"
0 96 68 146 117 463 0 0 1 "Vandalism"
0 96 68 147 117 464 0 0 1 "Vandalism"
0 96 68 147 117 465 0 0 1 "Vandalism"
0 96 68 147 117 466 0 0 1 "Vandalism"
0 96 68 148 117 467 0 0 1 "Vandalism"
0 96 68 148 117 468 0 0 1 "Vandalism"
0 96 68 148 117 469 0 0 1 "Vandalism"
0 96 68 149 117 470 0 0 1 "Vandalism"
0 96 68 149 117 471 0 0 1 "Vandalism"
0 96 68 149 117 472 0 0 1 "Vandalism"
0 96 68 150 117 473 0 0 1 "Vandalism"
0 96 68 150 117 474 0 0 1 "Vandalism"
0 96 68 150 117 475 0 0 1 "Vandalism"
0 96 68 151 117 476 0 0 0 "Vandalism"
0 95 68 150 117 477 0 0 1 "Vandalism"
0 95 68 150 117 478 0 0 1 "Vandalism"
0 94 68 149 117 479 0 0 1 "Vandalism"
0 94 68 149 117 480 0 0 1 "Vandalism"
0 94 68 149 117 481 0 0 1 "Vandalism"
0 93 68 148 117 482 0 0 1 "Vandalism"
0 93 68 148 117 483 0 0 1 "Vandalism"
0 93 68 148 117 484 0 0 1 "Vandalism"
0 92 68 147 117 485 0 0 1 "Vandalism"
0 92 68 147 117 486 0 0 1 "Vandalism"
0 92 68 147 117 487 0 0 1 "Vandalism"
0 91 68 146 117 488 0 0 1 "Vandalism"
0 91 68 146 117 489 0 0 1 "Vandalism"
0 91 68 146 117 490 0 0 0 "Vandalism"
0 89 67 144 116 491 0 0 1 "Vandalism"
0 87 67 142 116 492 0 0 1 "Vandalism"
0 85 67 140 116 493 0 0 0 "Vandalism"
0 84 67 139 115 494 0 0 1 "Vandalism"
0 84 67 139 115 495 0 0 1 "Vandalism"
0 83 67 139 115 496 0 0 1 "Vandalism"
0 83 67 138 115 497 0 0 1 "Vandalism"
0 82 67 138 115 498 0 0 1 "Vandalism"
0 82 67 138 115 499 0 0 0 "Vandalism"
0 78 67 138 114 500 0 0 1 "Vandalism"
0 74 67 138 114 501 0 0 1 "Vandalism"
0 71 67 138 114 502 0 0 1 "Vandalism"
0 67 67 138 114 503 0 0 1 "Vandalism"
0 64 67 138 114 504 0 0 0 "Vandalism"
0 64 67 137 114 505 0 0 1 "Vandalism"
0 64 67 136 114 506 0 0 1 "Vandalism"
0 64 67 136 114 507 0 0 1 "Vandalism"
0 64 67 135 114 508 0 0 1 "Vandalism"
0 64 67 135 114 509 0 0 1 "Vandalism"
0 64 67 134 114 510 0 0 1 "Vandalism"
0 64 67 134 114 511 0 0 1 "Vandalism"
0 64 67 133 114 512 0 0 1 "Vandalism"
0 64 67 133 114 513 0 0 1 "Vandalism"
0 64 67 132 114 514 0 0 1 "Vandalism"
0 64 67 131 114 515 0 0 1 "Vandalism"
0 64 67 131 114 516 0 0 1 "Vandalism"
0 64 67 130 114 517 0 0 1 "Vandalism"
0 64 67 130 114 518 0 0 1 "Vandalism"
0 64 67 129 114 519 0 0 1 "Vandalism"
0 64 67 129 114 520 0 0 1 "Vandalism"
0 64 67 128 114 521 0 0 1 "Vandalism"
0 64 67 128 114 522 0 0 1 "Vandalism"
0 64 67 127 114 523 0 0 1 "Vandalism"
0 64 67 126 114 524 0 0 1 "Vandalism"
0 64 67 126 114 525 0 0 1 "Vandalism"
0 64 67 125 114 526 0 0 1 "Vandalism"
0 64 67 125 114 527 0 0 1 "Vandalism"
0 64 67 124 114 528 0 0 1 "Vandalism"
0 64 68 124 114 529 0 0 1 "Vandalism"
0 64 68 123 114 530 0 0 1 "Vandalism"
0 64 68 123 114 531 0 0 1 "Vandalism"
0 64 68 122 114 532 0 0 1 "Vandalism"
0 64 68 121 114 533 0 0 1 "Vandalism"
0 64 68 121 114 534 0 0 1 "Vandalism"
0 64 68 120 114 535 0 0 1 "Vandalism"
0 64 68 120 114 536 0 0 1 "Vandalism"
0 64 68 119 114 537 0 0 1 "Vandalism"
0 64 68 119 114 538 0 0 1 "Vandalism"
0 64 68 118 114 539 0 0 1 "Vandalism"
0 64 68 118 114 540 0 0 1 "Vandalism"
0 64 68 117 115 541 0 0 1 "Vandalism"
0 64 68 116 115 542 0 0 1 "Vandalism"
0 64 68 116 115 543 0 0 1 "Vandalism"
0 64 68 115 115 544 0 0 1 "Vandalism"
0 64 68 115 115 545 0 0 1 "Vandalism"
0 64 68 114 115 546 0 0 1 "Vandalism"
0 64 68 114 115 547 0 0 1 "Vandalism"
0 64 68 113 115 548 0 0 1 "Vandalism"
0 64 68 113 115 549 0 0 1 "Vandalism"
0 64 68 112 115 550 0 0 1 "Vandalism"
0 64 68 111 115 551 0 0 1 "Vandalism"
0 64 68 111 115 552 0 0 1 "Vandalism"
0 64 68 110 115 553 0 0 1 "Vandalism"
0 64 69 110 115 554 0 0 1 "Vandalism"
0 64 69 109 115 555 0 0 1 "Vandalism"
0 64 69 109 115 556 0 0 1 "Vandalism"
0 64 69 108 115 557 0 0 1 "Vandalism"
0 64 69 108 115 558 0 0 1 "Vandalism"
0 64 69 107 115 559 0 0 1 "Vandalism"
0 64 69 106 115 560 0 0 1 "Vandalism"
0 64 69 106 115 561 0 0 1 "Vandalism"
0 64 69 105 115 562 0 0 1 "Vandalism"
0 64 69 105 115 563 0 0 1 "Vandalism"
0 64 69 104 115 564 0 0 1 "Vandalism"
0 64 69 104 115 565 0 0 1 "Vandalism"
0 64 69 103 115 566 0 0 1 "Vandalism"
0 64 69 103 115 567 0 0 1 "Vandalism"
0 64 69 102 115 568 0 0 1 "Vandalism"
0 64 69 101 115 569 0 0 1 "Vandalism"
0 64 69 101 115 570 0 0 1 "Vandalism"
0 64 69 100 115 571 0 0 1 "Vandalism"
0 64 69 100 115 572 0 0 1 "Vandalism"
0 64 69 99 115 573 0 0 1 "Vandalism"
0 64 69 99 115 574 0 0 1 "Vandalism"
0 64 69 98 115 575 0 0 1 "Vandalism"
0 64 69 98 115 576 0 0 1 "Vandalism"
0 64 69 97 115 577 0 0 1 "Vandalism"
0 64 70 97 116 578 0 0 0 "Vandalism"
0 63 70 97 115 579 0 0 1 "Vandalism"
0 63 70 97 115 580 0 0 1 "Vandalism"
0 63 70 97 115 581 0 0 1 "Vandalism"
0 62 70 98 115 582 0 0 1 "Vandalism"
0 62 70 98 115 583 0 0 1 "Vandalism"
0 62 70 98 115 584 0 0 1 "Vandalism"
0 61 70 99 115 585 0 0 1 "Vandalism"
0 61 70 99 115 586 0 0 1 "Vandalism"
0 61 70 99 115 587 0 0 1 "Vandalism"
0 60 70 100 115 588 0 0 1 "Vandalism"
0 60 70 100 115 589 0 0 1 "Vandalism"
0 60 70 100 115 590 0 0 1 "Vandalism"
0 59 70 101 115 591 0 0 1 "Vandalism"
0 59 70 101 115 592 0 0 1 "Vandalism"
0 59 70 101 115 593 0 0 1 "Vandalism"
0 59 70 102 115 594 0 0 1 "Vandalism"
0 58 70 102 114 595 0 0 1 "Vandalism"
0 58 70 102 114 596 0 0 1 "Vandalism"
0 58 70 102 114 597 0 0 1 "Vandalism"
0 57 70 103 114 598 0 0 1 "Vandalism"
0 57 70 103 114 599 0 0 1 "Vandalism"
0 57 70 103 114 600 0 0 1 "Vandalism"
0 56 70 104 114 601 0 0 1 "Vandalism"
0 56 70 104 114 602 0 0 1 "Vandalism"
0 56 70 104 114 603 0 0 1 "Vandalism"
0 55 70 105 114 604 0 0 1 "Vandalism"
0 55 70 105 114 605 0 0 1 "Vandalism"
0 55 70 105 114 606 0 0 1 "Vandalism"
0 54 70 106 114 607 0 0 1 "Vandalism"
0 54 70 106 114 608 0 0 1 "Vandalism"
0 54 70 106 114 609 0 0 1 "Vandalism"
0 54 70 107 114 610 0 0 0 "Vandalism"
0 59 69 111 113 611 0 0 1 "Vandalism"
0 65 68 116 113 612 0 0 1 "Vandalism"
0 71 68 121 113 613 0 0 1 "Vandalism"
0 77 67 126 113 614 0 0 1 "Vandalism"
0 82 67 131 112 615 0 0 1 "Vandalism"
0 88 66 136 112 616 0 0 1 "Vandalism"
0 94 66 141 112 617 0 0 1 "Vandalism"
0 100 65 146 112 618 0 0 1 "Vandalism"
0 106 65 151 112 619 0 0 0 "Vandalism"
0 114 64 159 111 620 0 0 1 "Vandalism"
0 122 63 168 110 621 0 0 1 "Vandalism"
0 130 63 176 109 622 0 0 1 "Vandalism"
0 138 62 185 108 623 0 0 1 "Vandalism"
0 147 62 193 107 624 0 0 1 "Vandalism"
0 155 61 202 106 625 0 0 1 "Vandalism"
0 163 61 210 105 626 0 0 1 "Vandalism"
0 171 60 219 104 627 0 0 1 "Vandalism"
0 180 60 227 103 628 0 0 1 "Vandalism"
0 188 59 236 102 629 0 0 1 "Vandalism"
0 196 59 244 101 630 0 0 1 "Vandalism"
0 204 58 253 100 631 0 0 1 "Vandalism"
0 213 58 262 99 632 1 0 0 "Vandalism"
0 218 58 264 99 633 1 0 1 "Vandalism"
0 224 58 267 100 634 1 0 1 "Vandalism"
0 229 58 269 100 635 1 0 1 "Vandalism"
0 235 58 272 101 636 1 0 0 "Vandalism"
0 235 58 272 101 637 1 0 1 "Vandalism"
0 235 58 272 101 638 1 0 1 "Vandalism"
0 235 58 272 101 639 1 0 1 "Vandalism"
0 235 58 272 101 640 1 0 1 "Vandalism"
0 235 58 272 101 641 1 0 1 "Vandalism"
0 235 58 272 101 642 1 0 0 "Vandalism"
0 235 58 272 101 643 1 0 1 "Vandalism"
0 235 58 272 101 644 1 0 1 "Vandalism"
0 235 58 272 101 645 1 0 1 "Vandalism"
0 235 58 272 101 646 1 0 1 "Vandalism"
0 235 58 272 101 647 1 0 1 "Vandalism"
0 235 58 272 101 648 1 0 1 "Vandalism"
0 235 58 272 101 649 1 0 1 "Vandalism"
0 235 58 272 101 650 1 0 1 "Vandalism"
0 235 58 272 101 651 1 0 1 "Vandalism"
0 235 58 272 101 652 1 0 1 "Vandalism"
0 235 58 272 101 653 1 0 1 "Vandalism"
0 235 58 272 101 654 1 0 1 "Vandalism"
0 235 58 272 101 655 1 0 1 "Vandalism"
0 235 58 272 101 656 1 0 1 "Vandalism"
0 235 58 272 101 657 1 0 1 "Vandalism"
0 235 58 272 101 658 1 0 1 "Vandalism"
0 235 58 272 101 659 1 0 1 "Vandalism"
0 235 58 272 101 660 1 0 1 "Vandalism"
0 235 58 272 101 661 1 0 1 "Vandalism"
0 235 58 272 101 662 1 0 1 "Vandalism"
0 235 58 272 101 663 1 0 1 "Vandalism"
0 235 58 272 101 664 1 0 1 "Vandalism"
0 235 58 272 101 665 1 0 1 "Vandalism"
0 235 58 272 101 666 1 0 1 "Vandalism"
0 235 58 272 101 667 1 0 1 "Vandalism"
0 235 58 272 101 668 1 0 1 "Vandalism"
0 235 58 272 101 669 1 0 1 "Vandalism"
0 235 58 272 101 670 1 0 1 "Vandalism"
0 235 58 272 101 671 1 0 1 "Vandalism"
0 235 58 272 101 672 1 0 1 "Vandalism"
0 235 58 272 101 673 1 0 1 "Vandalism"
0 235 58 272 101 674 1 0 1 "Vandalism"
0 235 58 272 101 675 1 0 1 "Vandalism"
0 235 58 272 101 676 1 0 1 "Vandalism"
0 235 58 272 101 677 1 0 1 "Vandalism"
0 235 58 272 101 678 1 0 1 "Vandalism"
0 235 58 272 101 679 1 0 1 "Vandalism"
0 235 58 272 101 680 1 0 1 "Vandalism"
0 235 58 272 101 681 1 0 1 "Vandalism"
0 235 58 272 101 682 1 0 1 "Vandalism"
0 235 58 272 101 683 1 0 1 "Vandalism"
0 235 58 272 101 684 1 0 1 "Vandalism"
0 235 58 272 101 685 1 0 1 "Vandalism"
0 235 58 272 101 686 1 0 1 "Vandalism"
0 235 58 272 101 687 1 0 1 "Vandalism"
0 235 58 272 101 688 1 0 1 "Vandalism"
0 235 58 272 101 689 1 0 1 "Vandalism"
0 235 58 272 101 690 1 0 1 "Vandalism"
0 235 58 272 101 691 1 0 1 "Vandalism"
0 235 58 272 101 692 1 0 1 "Vandalism"
0 235 58 272 101 693 1 0 1 "Vandalism"
0 235 58 272 101 694 1 0 1 "Vandalism"
0 235 58 272 101 695 1 0 1 "Vandalism"
0 235 58 272 101 696 1 0 1 "Vandalism"
0 235 58 272 101 697 1 0 1 "Vandalism"
0 235 58 272 101 698 1 0 1 "Vandalism"
0 235 58 272 101 699 1 0 1 "Vandalism"
0 235 58 272 101 700 1 0 1 "Vandalism"
0 235 58 272 101 701 1 0 1 "Vandalism"
0 235 58 272 101 702 1 0 1 "Vandalism"
0 235 58 272 101 703 1 0 1 "Vandalism"
0 235 58 272 101 704 1 0 1 "Vandalism"
0 235 58 272 101 705 1 0 1 "Vandalism"
0 235 58 272 101 706 1 0 1 "Vandalism"
0 235 58 272 101 707 1 0 1 "Vandalism"
0 235 58 272 101 708 1 0 1 "Vandalism"
0 235 58 272 101 709 1 0 1 "Vandalism"
0 235 58 272 101 710 1 0 1 "Vandalism"
0 235 58 272 101 711 1 0 1 "Vandalism"
0 235 58 272 101 712 1 0 1 "Vandalism"
0 235 58 272 101 713 1 0 1 "Vandalism"
0 235 58 272 101 714 1 0 1 "Vandalism"
0 235 58 272 101 715 1 0 1 "Vandalism"
0 235 58 272 101 716 1 0 1 "Vandalism"
0 235 58 272 101 717 1 0 1 "Vandalism"
0 235 58 272 101 718 1 0 1 "Vandalism"
0 235 58 272 101 719 1 0 1 "Vandalism"
0 235 58 272 101 720 1 0 1 "Vandalism"
0 235 58 272 101 721 1 0 1 "Vandalism"
0 235 58 272 101 722 1 0 1 "Vandalism"
0 235 58 272 101 723 1 0 1 "Vandalism"
0 235 58 272 101 724 1 0 1 "Vandalism"
0 235 58 272 101 725 1 0 1 "Vandalism"
0 235 58 272 101 726 1 0 1 "Vandalism"
0 235 58 272 101 727 1 0 1 "Vandalism"
0 235 58 272 101 728 1 0 1 "Vandalism"
0 235 58 272 101 729 1 0 1 "Vandalism"
0 235 58 272 101 730 1 0 1 "Vandalism"
0 235 58 272 101 731 1 0 1 "Vandalism"
0 235 58 272 101 732 1 0 1 "Vandalism"
0 235 58 272 101 733 1 0 1 "Vandalism"
0 235 58 272 101 734 1 0 1 "Vandalism"
0 235 58 272 101 735 1 0 1 "Vandalism"
0 235 58 272 101 736 1 0 1 "Vandalism"
0 235 58 272 101 737 1 0 1 "Vandalism"
0 235 58 272 101 738 1 0 1 "Vandalism"
0 235 58 272 101 739 1 0 1 "Vandalism"
0 235 58 272 101 740 1 0 1 "Vandalism"
0 235 58 272 101 741 1 0 1 "Vandalism"
0 235 58 272 101 742 1 0 1 "Vandalism"
0 235 58 272 101 743 1 0 1 "Vandalism"
0 235 58 272 101 744 1 0 1 "Vandalism"
0 235 58 272 101 745 1 0 1 "Vandalism"
0 235 58 272 101 746 1 0 1 "Vandalism"
0 235 58 272 101 747 1 0 1 "Vandalism"
0 235 58 272 101 748 1 0 1 "Vandalism"
0 235 58 272 101 749 1 0 1 "Vandalism"
0 235 58 272 101 750 1 0 1 "Vandalism"
0 235 58 272 101 751 1 0 1 "Vandalism"
0 235 58 272 101 752 1 0 1 "Vandalism"
0 235 58 272 101 753 1 0 1 "Vandalism"
0 235 58 272 101 754 1 0 1 "Vandalism"
0 235 58 272 101 755 1 0 1 "Vandalism"
0 235 58 272 101 756 1 0 1 "Vandalism"
0 235 58 272 101 757 1 0 1 "Vandalism"
0 235 58 272 101 758 1 0 1 "Vandalism"
0 235 58 272 101 759 1 0 1 "Vandalism"
0 235 58 272 101 760 1 0 1 "Vandalism"
0 235 58 272 101 761 1 0 1 "Vandalism"
0 235 58 272 101 762 1 0 1 "Vandalism"
0 235 58 272 101 763 1 0 1 "Vandalism"
0 235 58 272 101 764 1 0 1 "Vandalism"
0 235 58 272 101 765 1 0 1 "Vandalism"
0 235 58 272 101 766 1 0 1 "Vandalism"
0 235 58 272 101 767 1 0 1 "Vandalism"
0 235 58 272 101 768 1 0 1 "Vandalism"
0 235 58 272 101 769 1 0 1 "Vandalism"
0 235 58 272 101 770 1 0 1 "Vandalism"
0 235 58 272 101 771 1 0 1 "Vandalism"
0 235 58 272 101 772 1 0 1 "Vandalism"
0 235 58 272 101 773 1 0 1 "Vandalism"
0 235 58 272 101 774 1 0 1 "Vandalism"
0 235 58 272 101 775 1 0 1 "Vandalism"
0 235 58 272 101 776 1 0 1 "Vandalism"
0 235 58 272 101 777 1 0 1 "Vandalism"
0 235 58 272 101 778 1 0 1 "Vandalism"
0 235 58 272 101 779 1 0 1 "Vandalism"
0 235 58 272 101 780 1 0 1 "Vandalism"
0 235 58 272 101 781 1 0 1 "Vandalism"
0 235 58 272 101 782 1 0 1 "Vandalism"
0 235 58 272 101 783 1 0 1 "Vandalism"
0 235 58 272 101 784 1 0 1 "Vandalism"
0 235 58 272 101 785 1 0 1 "Vandalism"
0 235 58 272 101 786 1 0 1 "Vandalism"
0 235 58 272 101 787 1 0 1 "Vandalism"
0 235 58 272 101 788 1 0 1 "Vandalism"
0 235 58 272 101 789 1 0 1 "Vandalism"
0 235 58 272 101 790 1 0 1 "Vandalism"
0 235 58 272 101 791 1 0 1 "Vandalism"
0 235 58 272 101 792 1 0 1 "Vandalism"
0 235 58 272 101 793 1 0 1 "Vandalism"
0 235 58 272 101 794 1 0 1 "Vandalism"
0 235 58 272 101 795 1 0 1 "Vandalism"
0 235 58 272 101 796 1 0 1 "Vandalism"
0 235 58 272 101 797 1 0 1 "Vandalism"
0 235 58 272 101 798 1 0 1 "Vandalism"
0 235 58 272 101 799 1 0 1 "Vandalism"
0 235 58 272 101 800 1 0 1 "Vandalism"
0 235 58 272 101 801 1 0 1 "Vandalism"
0 235 58 272 101 802 1 0 1 "Vandalism"
0 235 58 272 101 803 1 0 1 "Vandalism"
0 235 58 272 101 804 1 0 1 "Vandalism"
0 235 58 272 101 805 1 0 1 "Vandalism"
0 235 58 272 101 806 1 0 1 "Vandalism"
0 235 58 272 101 807 1 0 1 "Vandalism"
0 235 58 272 101 808 1 0 1 "Vandalism"
0 235 58 272 101 809 1 0 1 "Vandalism"
0 235 58 272 101 810 1 0 1 "Vandalism"
0 235 58 272 101 811 1 0 1 "Vandalism"
0 235 58 272 101 812 1 0 1 "Vandalism"
0 235 58 272 101 813 1 0 1 "Vandalism"
0 235 58 272 101 814 1 0 1 "Vandalism"
0 235 58 272 101 815 1 0 1 "Vandalism"
0 235 58 272 101 816 1 0 1 "Vandalism"
0 235 58 272 101 817 1 0 1 "Vandalism"
0 235 58 272 101 818 1 0 1 "Vandalism"
0 235 58 272 101 819 1 0 1 "Vandalism"
0 235 58 272 101 820 1 0 1 "Vandalism"
0 235 58 272 101 821 1 0 1 "Vandalism"
0 235 58 272 101 822 1 0 1 "Vandalism"
0 235 58 272 101 823 1 0 1 "Vandalism"
0 235 58 272 101 824 1 0 1 "Vandalism"
0 235 58 272 101 825 1 0 1 "Vandalism"
0 235 58 272 101 826 1 0 1 "Vandalism"
0 235 58 272 101 827 1 0 1 "Vandalism"
0 235 58 272 101 828 1 0 1 "Vandalism"
0 235 58 272 101 829 1 0 1 "Vandalism"
0 235 58 272 101 830 1 0 1 "Vandalism"
0 235 58 272 101 831 1 0 1 "Vandalism"
0 235 58 272 101 832 1 0 1 "Vandalism"
0 235 58 272 101 833 1 0 1 "Vandalism"
0 235 58 272 101 834 1 0 1 "Vandalism"
0 235 58 272 101 835 1 0 1 "Vandalism"
0 235 58 272 101 836 1 0 1 "Vandalism"
0 235 58 272 101 837 1 0 1 "Vandalism"
0 235 58 272 101 838 1 0 1 "Vandalism"
0 235 58 272 101 839 1 0 1 "Vandalism"
0 235 58 272 101 840 1 0 1 "Vandalism"
0 235 58 272 101 841 1 0 1 "Vandalism"
0 235 58 272 101 842 1 0 1 "Vandalism"
0 235 58 272 101 843 1 0 1 "Vandalism"
0 235 58 272 101 844 1 0 1 "Vandalism"
0 235 58 272 101 845 1 0 1 "Vandalism"
0 235 58 272 101 846 1 0 1 "Vandalism"
0 235 58 272 101 847 1 0 1 "Vandalism"
0 235 58 272 101 848 1 0 1 "Vandalism"
0 235 58 272 101 849 1 0 1 "Vandalism"
0 235 58 272 101 850 1 0 1 "Vandalism"
0 235 58 272 101 851 1 0 1 "Vandalism"
0 235 58 272 101 852 1 0 1 "Vandalism"
0 235 58 272 101 853 1 0 1 "Vandalism"
0 235 58 272 101 854 1 0 1 "Vandalism"
0 235 58 272 101 855 1 0 1 "Vandalism"
0 235 58 272 101 856 1 0 1 "Vandalism"
0 235 58 272 101 857 1 0 1 "Vandalism"
0 235 58 272 101 858 1 0 1 "Vandalism"
0 235 58 272 101 859 1 0 1 "Vandalism"
0 235 58 272 101 860 1 0 1 "Vandalism"
0 235 58 272 101 861 1 0 1 "Vandalism"
0 235 58 272 101 862 1 0 1 "Vandalism"
0 235 58 272 101 863 1 0 1 "Vandalism"
0 235 58 272 101 864 1 0 1 "Vandalism"
0 235 58 272 101 865 1 0 1 "Vandalism"
0 235 58 272 101 866 1 0 1 "Vandalism"
0 235 58 272 101 867 1 0 1 "Vandalism"
0 235 58 272 101 868 1 0 1 "Vandalism"
0 235 58 272 101 869 1 0 1 "Vandalism"
0 235 58 272 101 870 1 0 1 "Vandalism"
0 235 58 272 101 871 1 0 1 "Vandalism"
0 235 58 272 101 872 1 0 1 "Vandalism"
0 235 58 272 101 873 1 0 1 "Vandalism"
0 235 58 272 101 874 1 0 1 "Vandalism"
0 235 58 272 101 875 1 0 1 "Vandalism"
0 235 58 272 101 876 1 0 1 "Vandalism"
0 235 58 272 101 877 1 0 1 "Vandalism"
0 235 58 272 101 878 1 0 1 "Vandalism"
0 235 58 272 101 879 1 0 1 "Vandalism"
0 235 58 272 101 880 1 0 1 "Vandalism"
0 235 58 272 101 881 1 0 1 "Vandalism"
0 235 58 272 101 882 1 0 1 "Vandalism"
0 235 58 272 101 883 1 0 1 "Vandalism"
0 235 58 272 101 884 1 0 1 "Vandalism"
0 235 58 272 101 885 1 0 1 "Vandalism"
0 235 58 272 101 886 1 0 1 "Vandalism"
0 235 58 272 101 887 1 0 1 "Vandalism"
0 235 58 272 101 888 1 0 1 "Vandalism"
0 235 58 272 101 889 1 0 1 "Vandalism"
0 235 58 272 101 890 1 0 1 "Vandalism"
0 235 58 272 101 891 1 0 1 "Vandalism"
0 235 58 272 101 892 1 0 1 "Vandalism"
0 235 58 272 101 893 1 0 1 "Vandalism"
0 235 58 272 101 894 1 0 1 "Vandalism"
0 235 58 272 101 895 1 0 1 "Vandalism"
0 235 58 272 101 896 1 0 1 "Vandalism"
0 235 58 272 101 897 1 0 1 "Vandalism"
0 235 58 272 101 898 1 0 1 "Vandalism"
0 235 58 272 101 899 1 0 1 "Vandalism"
0 235 58 272 101 900 1 0 1 "Vandalism"
0 235 58 272 101 901 1 0 1 "Vandalism"
0 235 58 272 101 902 1 0 1 "Vandalism"
0 235 58 272 101 903 1 0 1 "Vandalism"
0 235 58 272 101 904 1 0 1 "Vandalism"
0 235 58 272 101 905 1 0 1 "Vandalism"
0 235 58 272 101 906 1 0 1 "Vandalism"
0 235 58 272 101 907 1 0 1 "Vandalism"
0 235 58 272 101 908 1 0 1 "Vandalism"
0 235 58 272 101 909 1 0 1 "Vandalism"
0 235 58 272 101 910 1 0 1 "Vandalism"
0 235 58 272 101 911 1 0 1 "Vandalism"
0 235 58 272 101 912 1 0 1 "Vandalism"
0 235 58 272 101 913 1 0 1 "Vandalism"
0 235 58 272 101 914 1 0 1 "Vandalism"
0 235 58 272 101 915 1 0 1 "Vandalism"
0 235 58 272 101 916 1 0 1 "Vandalism"
0 235 58 272 101 917 1 0 1 "Vandalism"
0 235 58 272 101 918 1 0 1 "Vandalism"
0 235 58 272 101 919 1 0 1 "Vandalism"
0 235 58 272 101 920 1 0 1 "Vandalism"
0 235 58 272 101 921 1 0 1 "Vandalism"
0 235 58 272 101 922 1 0 1 "Vandalism"
0 235 58 272 101 923 1 0 1 "Vandalism"
0 235 58 272 101 924 1 0 1 "Vandalism"
0 235 58 272 101 925 1 0 1 "Vandalism"
0 235 58 272 101 926 1 0 1 "Vandalism"
0 235 58 272 101 927 1 0 1 "Vandalism"
0 235 58 272 101 928 1 0 1 "Vandalism"
0 235 58 272 101 929 1 0 1 "Vandalism"
0 235 58 272 101 930 1 0 1 "Vandalism"
0 235 58 272 101 931 1 0 1 "Vandalism"
0 235 58 272 101 932 1 0 1 "Vandalism"
0 235 58 272 101 933 1 0 1 "Vandalism"
0 235 58 272 101 934 1 0 1 "Vandalism"
0 235 58 272 101 935 1 0 1 "Vandalism"
0 235 58 272 101 936 1 0 1 "Vandalism"
0 235 58 272 101 937 1 0 1 "Vandalism"
0 235 58 272 101 938 1 0 1 "Vandalism"
0 235 58 272 101 939 1 0 1 "Vandalism"
0 235 58 272 101 940 1 0 1 "Vandalism"
0 235 58 272 101 941 1 0 1 "Vandalism"
0 235 58 272 101 942 1 0 1 "Vandalism"
0 235 58 272 101 943 1 0 1 "Vandalism"
0 235 58 272 101 944 1 0 1 "Vandalism"
0 235 58 272 101 945 1 0 1 "Vandalism"
0 235 58 272 101 946 1 0 1 "Vandalism"
0 235 58 272 101 947 1 0 1 "Vandalism"
0 235 58 272 101 948 1 0 1 "Vandalism"
0 235 58 272 101 949 1 0 1 "Vandalism"
0 235 58 272 101 950 1 0 1 "Vandalism"
0 235 58 272 101 951 1 0 1 "Vandalism"
0 235 58 272 101 952 1 0 1 "Vandalism"
0 235 58 272 101 953 1 0 1 "Vandalism"
0 235 58 272 101 954 1 0 1 "Vandalism"
0 235 58 272 101 955 1 0 1 "Vandalism"
0 235 58 272 101 956 1 0 1 "Vandalism"
0 235 58 272 101 957 1 0 1 "Vandalism"
0 235 58 272 101 958 1 0 1 "Vandalism"
0 235 58 272 101 959 1 0 1 "Vandalism"
0 235 58 272 101 960 1 0 1 "Vandalism"
0 235 58 272 101 961 1 0 1 "Vandalism"
0 235 58 272 101 962 1 0 1 "Vandalism"
0 235 58 272 101 963 1 0 1 "Vandalism"
0 235 58 272 101 964 1 0 1 "Vandalism"
0 235 58 272 101 965 1 0 1 "Vandalism"
0 235 58 272 101 966 1 0 1 "Vandalism"
0 235 58 272 101 967 1 0 1 "Vandalism"
0 235 58 272 101 968 1 0 1 "Vandalism"
0 235 58 272 101 969 1 0 1 "Vandalism"
0 235 58 272 101 970 1 0 1 "Vandalism"
0 235 58 272 101 971 1 0 1 "Vandalism"
0 235 58 272 101 972 1 0 1 "Vandalism"
0 235 58 272 101 973 1 0 1 "Vandalism"
0 235 58 272 101 974 1 0 1 "Vandalism"
0 235 58 272 101 975 1 0 1 "Vandalism"
0 235 58 272 101 976 1 0 1 "Vandalism"
0 235 58 272 101 977 1 0 1 "Vandalism"
0 235 58 272 101 978 1 0 1 "Vandalism"
0 235 58 272 101 979 1 0 1 "Vandalism"
0 235 58 272 101 980 1 0 1 "Vandalism"
0 235 58 272 101 981 1 0 1 "Vandalism"
0 235 58 272 101 982 1 0 1 "Vandalism"
0 235 58 272 101 983 1 0 1 "Vandalism"
0 235 58 272 101 984 1 0 1 "Vandalism"
0 235 58 272 101 985 1 0 1 "Vandalism"
0 235 58 272 101 986 1 0 1 "Vandalism"
0 235 58 272 101 987 1 0 1 "Vandalism"
0 235 58 272 101 988 1 0 1 "Vandalism"
0 235 58 272 101 989 1 0 1 "Vandalism"
0 235 58 272 101 990 1 0 1 "Vandalism"
0 235 58 272 101 991 1 0 1 "Vandalism"
0 235 58 272 101 992 1 0 1 "Vandalism"
0 235 58 272 101 993 1 0 1 "Vandalism"
0 235 58 272 101 994 1 0 1 "Vandalism"
0 235 58 272 101 995 1 0 1 "Vandalism"
0 235 58 272 101 996 1 0 1 "Vandalism"
0 235 58 272 101 997 1 0 1 "Vandalism"
0 235 58 272 101 998 1 0 1 "Vandalism"
0 235 58 272 101 999 1 0 1 "Vandalism"
0 235 58 272 101 1000 1 0 1 "Vandalism"
0 235 58 272 101 1001 1 0 1 "Vandalism"
0 235 58 272 101 1002 1 0 1 "Vandalism"
0 235 58 272 101 1003 1 0 1 "Vandalism"
0 235 58 272 101 1004 1 0 1 "Vandalism"
0 235 58 272 101 1005 1 0 1 "Vandalism"
0 235 58 272 101 1006 1 0 1 "Vandalism"
0 235 58 272 101 1007 1 0 1 "Vandalism"
0 235 58 272 101 1008 1 0 1 "Vandalism"
0 235 58 272 101 1009 1 0 1 "Vandalism"
0 235 58 272 101 1010 1 0 1 "Vandalism"
0 235 58 272 101 1011 1 0 1 "Vandalism"
0 235 58 272 101 1012 1 0 1 "Vandalism"
0 235 58 272 101 1013 1 0 1 "Vandalism"
0 235 58 272 101 1014 1 0 1 "Vandalism"
0 235 58 272 101 1015 1 0 1 "Vandalism"
0 235 58 272 101 1016 1 0 1 "Vandalism"
0 235 58 272 101 1017 1 0 1 "Vandalism"
0 235 58 272 101 1018 1 0 1 "Vandalism"
0 235 58 272 101 1019 1 0 1 "Vandalism"
0 235 58 272 101 1020 1 0 1 "Vandalism"
0 235 58 272 101 1021 1 0 1 "Vandalism"
0 235 58 272 101 1022 1 0 1 "Vandalism"
0 235 58 272 101 1023 1 0 1 "Vandalism"
0 235 58 272 101 1024 1 0 1 "Vandalism"
0 235 58 272 101 1025 1 0 1 "Vandalism"
0 235 58 272 101 1026 1 0 1 "Vandalism"
0 235 58 272 101 1027 1 0 1 "Vandalism"
0 235 58 272 101 1028 1 0 1 "Vandalism"
0 235 58 272 101 1029 1 0 1 "Vandalism"
0 235 58 272 101 1030 1 0 1 "Vandalism"
0 235 58 272 101 1031 1 0 1 "Vandalism"
0 235 58 272 101 1032 1 0 1 "Vandalism"
0 235 58 272 101 1033 1 0 1 "Vandalism"
0 235 58 272 101 1034 1 0 1 "Vandalism"
0 235 58 272 101 1035 1 0 1 "Vandalism"
0 235 58 272 101 1036 1 0 1 "Vandalism"
0 235 58 272 101 1037 1 0 1 "Vandalism"
0 235 58 272 101 1038 1 0 1 "Vandalism"
0 235 58 272 101 1039 1 0 1 "Vandalism"
0 235 58 272 101 1040 1 0 1 "Vandalism"
0 235 58 272 101 1041 1 0 1 "Vandalism"
0 235 58 272 101 1042 1 0 1 "Vandalism"
0 235 58 272 101 1043 1 0 1 "Vandalism"
0 235 58 272 101 1044 1 0 1 "Vandalism"
0 235 58 272 101 1045 1 0 1 "Vandalism"
0 235 58 272 101 1046 1 0 1 "Vandalism"
0 235 58 272 101 1047 1 0 1 "Vandalism"
0 235 58 272 101 1048 1 0 1 "Vandalism"
0 235 58 272 101 1049 1 0 1 "Vandalism"
0 235 58 272 101 1050 1 0 1 "Vandalism"
0 235 58 272 101 1051 1 0 1 "Vandalism"
0 235 58 272 101 1052 1 0 1 "Vandalism"
0 235 58 272 101 1053 1 0 1 "Vandalism"
0 235 58 272 101 1054 1 0 1 "Vandalism"
0 235 58 272 101 1055 1 0 1 "Vandalism"
0 235 58 272 101 1056 1 0 1 "Vandalism"
0 235 58 272 101 1057 1 0 1 "Vandalism"
0 235 58 272 101 1058 1 0 1 "Vandalism"
0 235 58 272 101 1059 1 0 1 "Vandalism"
0 235 58 272 101 1060 1 0 1 "Vandalism"
0 235 58 272 101 1061 1 0 1 "Vandalism"
0 235 58 272 101 1062 1 0 1 "Vandalism"
0 235 58 272 101 1063 1 0 1 "Vandalism"
0 235 58 272 101 1064 1 0 1 "Vandalism"
0 235 58 272 101 1065 1 0 1 "Vandalism"
0 235 58 272 101 1066 1 0 1 "Vandalism"
0 235 58 272 101 1067 1 0 1 "Vandalism"
0 235 58 272 101 1068 1 0 1 "Vandalism"
0 235 58 272 101 1069 1 0 1 "Vandalism"
0 235 58 272 101 1070 1 0 1 "Vandalism"
0 235 58 272 101 1071 1 0 1 "Vandalism"
0 235 58 272 101 1072 1 0 1 "Vandalism"
0 235 58 272 101 1073 1 0 1 "Vandalism"
0 235 58 272 101 1074 1 0 1 "Vandalism"
0 235 58 272 101 1075 1 0 1 "Vandalism"
0 235 58 272 101 1076 1 0 1 "Vandalism"
0 235 58 272 101 1077 1 0 1 "Vandalism"
0 235 58 272 101 1078 1 0 1 "Vandalism"
0 235 58 272 101 1079 1 0 1 "Vandalism"
0 235 58 272 101 1080 1 0 1 "Vandalism"
0 235 58 272 101 1081 1 0 1 "Vandalism"
0 235 58 272 101 1082 1 0 1 "Vandalism"
0 235 58 272 101 1083 1 0 1 "Vandalism"
0 235 58 272 101 1084 1 0 1 "Vandalism"
0 235 58 272 101 1085 1 0 1 "Vandalism"
0 235 58 272 101 1086 1 0 1 "Vandalism"
0 235 58 272 101 1087 1 0 1 "Vandalism"
0 235 58 272 101 1088 1 0 1 "Vandalism"
0 235 58 272 101 1089 1 0 1 "Vandalism"
0 235 58 272 101 1090 1 0 1 "Vandalism"
0 235 58 272 101 1091 1 0 1 "Vandalism"
0 235 58 272 101 1092 1 0 1 "Vandalism"
0 235 58 272 101 1093 1 0 1 "Vandalism"
0 235 58 272 101 1094 1 0 1 "Vandalism"
0 235 58 272 101 1095 1 0 1 "Vandalism"
0 235 58 272 101 1096 1 0 1 "Vandalism"
0 235 58 272 101 1097 1 0 1 "Vandalism"
0 235 58 272 101 1098 1 0 1 "Vandalism"
0 235 58 272 101 1099 1 0 1 "Vandalism"
0 235 58 272 101 1100 1 0 1 "Vandalism"
0 235 58 272 101 1101 1 0 1 "Vandalism"
0 235 58 272 101 1102 1 0 1 "Vandalism"
0 235 58 272 101 1103 1 0 1 "Vandalism"
0 235 58 272 101 1104 1 0 1 "Vandalism"
0 235 58 272 101 1105 1 0 1 "Vandalism"
0 235 58 272 101 1106 1 0 1 "Vandalism"
0 235 58 272 101 1107 1 0 1 "Vandalism"
0 235 58 272 101 1108 1 0 1 "Vandalism"
0 235 58 272 101 1109 1 0 1 "Vandalism"
0 235 58 272 101 1110 1 0 1 "Vandalism"
0 235 58 272 101 1111 1 0 1 "Vandalism"
0 235 58 272 101 1112 1 0 1 "Vandalism"
0 235 58 272 101 1113 1 0 1 "Vandalism"
0 235 58 272 101 1114 1 0 1 "Vandalism"
0 235 58 272 101 1115 1 0 1 "Vandalism"
0 235 58 272 101 1116 1 0 1 "Vandalism"
0 235 58 272 101 1117 1 0 1 "Vandalism"
0 235 58 272 101 1118 1 0 1 "Vandalism"
0 235 58 272 101 1119 1 0 1 "Vandalism"
0 235 58 272 101 1120 1 0 1 "Vandalism"
0 235 58 272 101 1121 1 0 1 "Vandalism"
0 235 58 272 101 1122 1 0 1 "Vandalism"
0 235 58 272 101 1123 1 0 1 "Vandalism"
0 235 58 272 101 1124 1 0 1 "Vandalism"
0 235 58 272 101 1125 1 0 1 "Vandalism"
0 235 58 272 101 1126 1 0 1 "Vandalism"
0 235 58 272 101 1127 1 0 1 "Vandalism"
0 235 58 272 101 1128 1 0 1 "Vandalism"
0 235 58 272 101 1129 1 0 1 "Vandalism"
0 235 58 272 101 1130 1 0 1 "Vandalism"
0 235 58 272 101 1131 1 0 1 "Vandalism"
0 235 58 272 101 1132 1 0 1 "Vandalism"
0 235 58 272 101 1133 1 0 1 "Vandalism"
0 235 58 272 101 1134 1 0 1 "Vandalism"
0 235 58 272 101 1135 1 0 1 "Vandalism"
0 235 58 272 101 1136 1 0 1 "Vandalism"
0 235 58 272 101 1137 1 0 1 "Vandalism"
0 235 58 272 101 1138 1 0 1 "Vandalism"
0 235 58 272 101 1139 1 0 1 "Vandalism"
0 235 58 272 101 1140 1 0 1 "Vandalism"
0 235 58 272 101 1141 1 0 1 "Vandalism"
0 235 58 272 101 1142 1 0 1 "Vandalism"
0 235 58 272 101 1143 1 0 1 "Vandalism"
0 235 58 272 101 1144 1 0 1 "Vandalism"
0 235 58 272 101 1145 1 0 1 "Vandalism"
0 235 58 272 101 1146 1 0 1 "Vandalism"
0 235 58 272 101 1147 1 0 1 "Vandalism"
0 235 58 272 101 1148 1 0 1 "Vandalism"
0 235 58 272 101 1149 1 0 1 "Vandalism"
0 235 58 272 101 1150 1 0 1 "Vandalism"
0 235 58 272 101 1151 1 0 1 "Vandalism"
0 235 58 272 101 1152 1 0 1 "Vandalism"
0 235 58 272 101 1153 1 0 1 "Vandalism"
0 235 58 272 101 1154 1 0 1 "Vandalism"
0 235 58 272 101 1155 1 0 1 "Vandalism"
0 235 58 272 101 1156 1 0 1 "Vandalism"
0 235 58 272 101 1157 1 0 1 "Vandalism"
0 235 58 272 101 1158 1 0 1 "Vandalism"
0 235 58 272 101 1159 1 0 1 "Vandalism"
0 235 58 272 101 1160 1 0 1 "Vandalism"
0 235 58 272 101 1161 1 0 1 "Vandalism"
0 235 58 272 101 1162 1 0 1 "Vandalism"
0 235 58 272 101 1163 1 0 1 "Vandalism"
0 235 58 272 101 1164 1 0 1 "Vandalism"
0 235 58 272 101 1165 1 0 1 "Vandalism"
0 235 58 272 101 1166 1 0 1 "Vandalism"
0 235 58 272 101 1167 1 0 1 "Vandalism"
0 235 58 272 101 1168 1 0 1 "Vandalism"
0 235 58 272 101 1169 1 0 1 "Vandalism"
0 235 58 272 101 1170 1 0 1 "Vandalism"
0 235 58 272 101 1171 1 0 1 "Vandalism"
0 235 58 272 101 1172 1 0 1 "Vandalism"
0 235 58 272 101 1173 1 0 1 "Vandalism"
0 235 58 272 101 1174 1 0 1 "Vandalism"
0 235 58 272 101 1175 1 0 1 "Vandalism"
0 235 58 272 101 1176 1 0 1 "Vandalism"
0 235 58 272 101 1177 1 0 1 "Vandalism"
0 235 58 272 101 1178 1 0 1 "Vandalism"
0 235 58 272 101 1179 1 0 1 "Vandalism"
0 235 58 272 101 1180 1 0 1 "Vandalism"
0 235 58 272 101 1181 1 0 1 "Vandalism"
0 235 58 272 101 1182 1 0 1 "Vandalism"
0 235 58 272 101 1183 1 0 1 "Vandalism"
0 235 58 272 101 1184 1 0 1 "Vandalism"
0 235 58 272 101 1185 1 0 1 "Vandalism"
0 235 58 272 101 1186 1 0 1 "Vandalism"
0 235 58 272 101 1187 1 0 1 "Vandalism"
0 235 58 272 101 1188 1 0 1 "Vandalism"
0 235 58 272 101 1189 1 0 1 "Vandalism"
0 235 58 272 101 1190 1 0 1 "Vandalism"
0 235 58 272 101 1191 1 0 1 "Vandalism"
0 235 58 272 101 1192 1 0 1 "Vandalism"
0 235 58 272 101 1193 1 0 1 "Vandalism"
0 235 58 272 101 1194 1 0 1 "Vandalism"
0 235 58 272 101 1195 1 0 1 "Vandalism"
0 235 58 272 101 1196 1 0 1 "Vandalism"
0 235 58 272 101 1197 1 0 1 "Vandalism"
0 235 58 272 101 1198 1 0 1 "Vandalism"
0 235 58 272 101 1199 1 0 1 "Vandalism"
0 235 58 272 101 1200 1 0 1 "Vandalism"
0 235 58 272 101 1201 1 0 1 "Vandalism"
0 235 58 272 101 1202 1 0 1 "Vandalism"
0 235 58 272 101 1203 1 0 1 "Vandalism"
0 235 58 272 101 1204 1 0 1 "Vandalism"
0 235 58 272 101 1205 1 0 1 "Vandalism"
0 235 58 272 101 1206 1 0 1 "Vandalism"
0 235 58 272 101 1207 1 0 1 "Vandalism"
0 235 58 272 101 1208 1 0 1 "Vandalism"
0 235 58 272 101 1209 1 0 1 "Vandalism"
0 235 58 272 101 1210 1 0 1 "Vandalism"
0 235 58 272 101 1211 1 0 1 "Vandalism"
0 235 58 272 101 1212 1 0 1 "Vandalism"
0 235 58 272 101 1213 1 0 1 "Vandalism"
0 235 58 272 101 1214 1 0 1 "Vandalism"
0 235 58 272 101 1215 1 0 1 "Vandalism"
0 235 58 272 101 1216 1 0 1 "Vandalism"
0 235 58 272 101 1217 1 0 1 "Vandalism"
0 235 58 272 101 1218 1 0 1 "Vandalism"
0 235 58 272 101 1219 1 0 1 "Vandalism"
0 235 58 272 101 1220 1 0 1 "Vandalism"
0 235 58 272 101 1221 1 0 1 "Vandalism"
0 235 58 272 101 1222 1 0 1 "Vandalism"
0 235 58 272 101 1223 1 0 1 "Vandalism"
0 235 58 272 101 1224 1 0 1 "Vandalism"
0 235 58 272 101 1225 1 0 1 "Vandalism"
0 235 58 272 101 1226 1 0 1 "Vandalism"
0 235 58 272 101 1227 1 0 1 "Vandalism"
0 235 58 272 101 1228 1 0 1 "Vandalism"
0 235 58 272 101 1229 1 0 1 "Vandalism"
0 235 58 272 101 1230 1 0 1 "Vandalism"
0 235 58 272 101 1231 1 0 1 "Vandalism"
0 235 58 272 101 1232 1 0 1 "Vandalism"
0 235 58 272 101 1233 1 0 1 "Vandalism"
0 235 58 272 101 1234 1 0 1 "Vandalism"
0 235 58 272 101 1235 1 0 1 "Vandalism"
0 235 58 272 101 1236 1 0 1 "Vandalism"
0 235 58 272 101 1237 1 0 1 "Vandalism"
0 235 58 272 101 1238 1 0 1 "Vandalism"
0 235 58 272 101 1239 1 0 1 "Vandalism"
0 235 58 272 101 1240 1 0 1 "Vandalism"
0 235 58 272 101 1241 1 0 1 "Vandalism"
0 235 58 272 101 1242 1 0 1 "Vandalism"
0 235 58 272 101 1243 1 0 1 "Vandalism"
0 235 58 272 101 1244 1 0 1 "Vandalism"
0 235 58 272 101 1245 1 0 1 "Vandalism"
0 235 58 272 101 1246 1 0 1 "Vandalism"
0 235 58 272 101 1247 1 0 1 "Vandalism"
0 235 58 272 101 1248 1 0 1 "Vandalism"
0 235 58 272 101 1249 1 0 1 "Vandalism"
0 235 58 272 101 1250 1 0 1 "Vandalism"
0 235 58 272 101 1251 1 0 1 "Vandalism"
0 235 58 272 101 1252 1 0 1 "Vandalism"
0 235 58 272 101 1253 1 0 1 "Vandalism"
0 235 58 272 101 1254 1 0 1 "Vandalism"
0 235 58 272 101 1255 1 0 1 "Vandalism"
0 235 58 272 101 1256 1 0 1 "Vandalism"
0 235 58 272 101 1257 1 0 1 "Vandalism"
0 235 58 272 101 1258 1 0 1 "Vandalism"
0 235 58 272 101 1259 1 0 1 "Vandalism"
0 235 58 272 101 1260 1 0 1 "Vandalism"
0 235 58 272 101 1261 1 0 1 "Vandalism"
0 235 58 272 101 1262 1 0 1 "Vandalism"
0 235 58 272 101 1263 1 0 1 "Vandalism"
0 235 58 272 101 1264 1 0 1 "Vandalism"
0 235 58 272 101 1265 1 0 1 "Vandalism"
0 235 58 272 101 1266 1 0 1 "Vandalism"
0 235 58 272 101 1267 1 0 1 "Vandalism"
0 235 58 272 101 1268 1 0 1 "Vandalism"
0 235 58 272 101 1269 1 0 1 "Vandalism"
0 235 58 272 101 1270 1 0 1 "Vandalism"
0 235 58 272 101 1271 1 0 1 "Vandalism"
0 235 58 272 101 1272 1 0 1 "Vandalism"
0 235 58 272 101 1273 1 0 1 "Vandalism"
0 235 58 272 101 1274 1 0 1 "Vandalism"
0 235 58 272 101 1275 1 0 1 "Vandalism"
0 235 58 272 101 1276 1 0 1 "Vandalism"
0 235 58 272 101 1277 1 0 1 "Vandalism"
0 235 58 272 101 1278 1 0 1 "Vandalism"
0 235 58 272 101 1279 1 0 1 "Vandalism"
0 235 58 272 101 1280 1 0 1 "Vandalism"
0 235 58 272 101 1281 1 0 1 "Vandalism"
0 235 58 272 101 1282 1 0 1 "Vandalism"
0 235 58 272 101 1283 1 0 1 "Vandalism"
0 235 58 272 101 1284 1 0 1 "Vandalism"
0 235 58 272 101 1285 1 0 1 "Vandalism"
0 235 58 272 101 1286 1 0 1 "Vandalism"
0 235 58 272 101 1287 1 0 1 "Vandalism"
0 235 58 272 101 1288 1 0 1 "Vandalism"
0 235 58 272 101 1289 1 0 1 "Vandalism"
0 235 58 272 101 1290 1 0 1 "Vandalism"
0 235 58 272 101 1291 1 0 1 "Vandalism"
0 235 58 272 101 1292 1 0 1 "Vandalism"
0 235 58 272 101 1293 1 0 1 "Vandalism"
0 235 58 272 101 1294 1 0 1 "Vandalism"
0 235 58 272 101 1295 1 0 1 "Vandalism"
0 235 58 272 101 1296 1 0 1 "Vandalism"
0 235 58 272 101 1297 1 0 1 "Vandalism"
0 235 58 272 101 1298 1 0 1 "Vandalism"
0 235 58 272 101 1299 1 0 1 "Vandalism"
0 235 58 272 101 1300 1 0 1 "Vandalism"
0 235 58 272 101 1301 1 0 1 "Vandalism"
0 235 58 272 101 1302 1 0 1 "Vandalism"
0 235 58 272 101 1303 1 0 1 "Vandalism"
0 235 58 272 101 1304 1 0 1 "Vandalism"
0 235 58 272 101 1305 1 0 1 "Vandalism"
0 235 58 272 101 1306 1 0 1 "Vandalism"
0 235 58 272 101 1307 1 0 1 "Vandalism"
0 235 58 272 101 1308 1 0 1 "Vandalism"
0 235 58 272 101 1309 1 0 1 "Vandalism"
0 235 58 272 101 1310 1 0 1 "Vandalism"
0 235 58 272 101 1311 1 0 1 "Vandalism"
0 235 58 272 101 1312 1 0 1 "Vandalism"
0 235 58 272 101 1313 1 0 1 "Vandalism"
0 235 58 272 101 1314 1 0 1 "Vandalism"
0 235 58 272 101 1315 1 0 1 "Vandalism"
0 235 58 272 101 1316 1 0 1 "Vandalism"
0 235 58 272 101 1317 1 0 1 "Vandalism"
0 235 58 272 101 1318 1 0 1 "Vandalism"
0 235 58 272 101 1319 1 0 1 "Vandalism"
0 235 58 272 101 1320 1 0 1 "Vandalism"
0 235 58 272 101 1321 1 0 1 "Vandalism"
0 235 58 272 101 1322 1 0 1 "Vandalism"
0 235 58 272 101 1323 1 0 1 "Vandalism"
0 235 58 272 101 1324 1 0 1 "Vandalism"
0 235 58 272 101 1325 1 0 1 "Vandalism"
0 235 58 272 101 1326 1 0 1 "Vandalism"
0 235 58 272 101 1327 1 0 1 "Vandalism"
0 235 58 272 101 1328 1 0 1 "Vandalism"
0 235 58 272 101 1329 1 0 1 "Vandalism"
0 235 58 272 101 1330 1 0 1 "Vandalism"
0 235 58 272 101 1331 1 0 1 "Vandalism"
0 235 58 272 101 1332 1 0 1 "Vandalism"
0 235 58 272 101 1333 1 0 1 "Vandalism"
0 235 58 272 101 1334 1 0 1 "Vandalism"
0 235 58 272 101 1335 1 0 1 "Vandalism"
0 235 58 272 101 1336 1 0 1 "Vandalism"
0 235 58 272 101 1337 1 0 1 "Vandalism"
0 235 58 272 101 1338 1 0 1 "Vandalism"
0 235 58 272 101 1339 1 0 1 "Vandalism"
0 235 58 272 101 1340 1 0 1 "Vandalism"
0 235 58 272 101 1341 1 0 1 "Vandalism"
0 235 58 272 101 1342 1 0 1 "Vandalism"
0 235 58 272 101 1343 1 0 1 "Vandalism"
0 235 58 272 101 1344 1 0 1 "Vandalism"
0 235 58 272 101 1345 1 0 1 "Vandalism"
0 235 58 272 101 1346 1 0 1 "Vandalism"
0 235 58 272 101 1347 1 0 1 "Vandalism"
0 235 58 272 101 1348 1 0 1 "Vandalism"
0 235 58 272 101 1349 1 0 1 "Vandalism"
0 235 58 272 101 1350 1 0 1 "Vandalism"
0 235 58 272 101 1351 1 0 1 "Vandalism"
0 235 58 272 101 1352 1 0 1 "Vandalism"
0 235 58 272 101 1353 1 0 1 "Vandalism"
0 235 58 272 101 1354 1 0 1 "Vandalism"
0 235 58 272 101 1355 1 0 1 "Vandalism"
0 235 58 272 101 1356 1 0 1 "Vandalism"
0 235 58 272 101 1357 1 0 1 "Vandalism"
0 235 58 272 101 1358 1 0 1 "Vandalism"
0 235 58 272 101 1359 1 0 1 "Vandalism"
0 235 58 272 101 1360 1 0 1 "Vandalism"
0 235 58 272 101 1361 1 0 1 "Vandalism"
0 235 58 272 101 1362 1 0 1 "Vandalism"
0 235 58 272 101 1363 1 0 1 "Vandalism"
0 235 58 272 101 1364 1 0 1 "Vandalism"
0 235 58 272 101 1365 1 0 1 "Vandalism"
0 235 58 272 101 1366 1 0 1 "Vandalism"
0 235 58 272 101 1367 1 0 1 "Vandalism"
0 235 58 272 101 1368 1 0 1 "Vandalism"
0 235 58 272 101 1369 1 0 1 "Vandalism"
0 235 58 272 101 1370 1 0 1 "Vandalism"
0 235 58 272 101 1371 1 0 1 "Vandalism"
0 235 58 272 101 1372 1 0 1 "Vandalism"
0 235 58 272 101 1373 1 0 1 "Vandalism"
0 235 58 272 101 1374 1 0 1 "Vandalism"
0 235 58 272 101 1375 1 0 1 "Vandalism"
0 235 58 272 101 1376 1 0 1 "Vandalism"
0 235 58 272 101 1377 1 0 1 "Vandalism"
0 235 58 272 101 1378 1 0 1 "Vandalism"
0 235 58 272 101 1379 1 0 1 "Vandalism"
0 235 58 272 101 1380 1 0 1 "Vandalism"
0 235 58 272 101 1381 1 0 1 "Vandalism"
0 235 58 272 101 1382 1 0 1 "Vandalism"
0 235 58 272 101 1383 1 0 1 "Vandalism"
0 235 58 272 101 1384 1 0 1 "Vandalism"
0 235 58 272 101 1385 1 0 1 "Vandalism"
0 235 58 272 101 1386 1 0 1 "Vandalism"
0 235 58 272 101 1387 1 0 1 "Vandalism"
0 235 58 272 101 1388 1 0 1 "Vandalism"
0 235 58 272 101 1389 1 0 1 "Vandalism"
0 235 58 272 101 1390 1 0 1 "Vandalism"
0 235 58 272 101 1391 1 0 1 "Vandalism"
0 235 58 272 101 1392 1 0 1 "Vandalism"
0 235 58 272 101 1393 1 0 1 "Vandalism"
0 235 58 272 101 1394 1 0 1 "Vandalism"
0 235 58 272 101 1395 1 0 1 "Vandalism"
0 235 58 272 101 1396 1 0 1 "Vandalism"
0 235 58 272 101 1397 1 0 1 "Vandalism"
0 235 58 272 101 1398 1 0 1 "Vandalism"
0 235 58 272 101 1399 1 0 1 "Vandalism"
0 235 58 272 101 1400 1 0 1 "Vandalism"
0 235 58 272 101 1401 1 0 1 "Vandalism"
0 235 58 272 101 1402 1 0 1 "Vandalism"
0 235 58 272 101 1403 1 0 1 "Vandalism"
0 235 58 272 101 1404 1 0 1 "Vandalism"
0 235 58 272 101 1405 1 0 1 "Vandalism"
0 235 58 272 101 1406 1 0 1 "Vandalism"
0 235 58 272 101 1407 1 0 1 "Vandalism"
0 235 58 272 101 1408 1 0 1 "Vandalism"
0 235 58 272 101 1409 1 0 1 "Vandalism"
0 235 58 272 101 1410 1 0 1 "Vandalism"
0 235 58 272 101 1411 1 0 1 "Vandalism"
0 235 58 272 101 1412 1 0 1 "Vandalism"
0 235 58 272 101 1413 1 0 1 "Vandalism"
0 235 58 272 101 1414 1 0 1 "Vandalism"
0 235 58 272 101 1415 1 0 1 "Vandalism"
0 235 58 272 101 1416 1 0 1 "Vandalism"
0 235 58 272 101 1417 1 0 1 "Vandalism"
0 235 58 272 101 1418 1 0 1 "Vandalism"
0 235 58 272 101 1419 1 0 1 "Vandalism"
0 235 58 272 101 1420 1 0 1 "Vandalism"
0 235 58 272 101 1421 1 0 1 "Vandalism"
0 235 58 272 101 1422 1 0 1 "Vandalism"
0 235 58 272 101 1423 1 0 1 "Vandalism"
0 235 58 272 101 1424 1 0 1 "Vandalism"
0 235 58 272 101 1425 1 0 1 "Vandalism"
0 235 58 272 101 1426 1 0 1 "Vandalism"
0 235 58 272 101 1427 1 0 1 "Vandalism"
0 235 58 272 101 1428 1 0 1 "Vandalism"
0 235 58 272 101 1429 1 0 1 "Vandalism"
0 235 58 272 101 1430 1 0 1 "Vandalism"
0 235 58 272 101 1431 1 0 1 "Vandalism"
0 235 58 272 101 1432 1 0 1 "Vandalism"
0 235 58 272 101 1433 1 0 1 "Vandalism"
0 235 58 272 101 1434 1 0 1 "Vandalism"
0 235 58 272 101 1435 1 0 1 "Vandalism"
0 235 58 272 101 1436 1 0 1 "Vandalism"
0 235 58 272 101 1437 1 0 1 "Vandalism"
0 235 58 272 101 1438 1 0 1 "Vandalism"
0 235 58 272 101 1439 1 0 1 "Vandalism"
0 235 58 272 101 1440 1 0 1 "Vandalism"
0 235 58 272 101 1441 1 0 1 "Vandalism"
0 235 58 272 101 1442 1 0 1 "Vandalism"
0 235 58 272 101 1443 1 0 1 "Vandalism"
0 235 58 272 101 1444 1 0 1 "Vandalism"
0 235 58 272 101 1445 1 0 1 "Vandalism"
0 235 58 272 101 1446 1 0 1 "Vandalism"
0 235 58 272 101 1447 1 0 1 "Vandalism"
0 235 58 272 101 1448 1 0 1 "Vandalism"
0 235 58 272 101 1449 1 0 1 "Vandalism"
0 235 58 272 101 1450 1 0 1 "Vandalism"
0 235 58 272 101 1451 1 0 1 "Vandalism"
0 235 58 272 101 1452 1 0 1 "Vandalism"
0 235 58 272 101 1453 1 0 1 "Vandalism"
0 235 58 272 101 1454 1 0 1 "Vandalism"
0 235 58 272 101 1455 1 0 1 "Vandalism"
0 235 58 272 101 1456 1 0 1 "Vandalism"
0 235 58 272 101 1457 1 0 1 "Vandalism"
0 235 58 272 101 1458 1 0 1 "Vandalism"
0 235 58 272 101 1459 1 0 1 "Vandalism"
0 235 58 272 101 1460 1 0 1 "Vandalism"
0 235 58 272 101 1461 1 0 1 "Vandalism"
0 235 58 272 101 1462 1 0 1 "Vandalism"
0 235 58 272 101 1463 1 0 1 "Vandalism"
0 235 58 272 101 1464 1 0 1 "Vandalism"
0 235 58 272 101 1465 1 0 1 "Vandalism"
0 235 58 272 101 1466 1 0 1 "Vandalism"
0 235 58 272 101 1467 1 0 1 "Vandalism"
0 235 58 272 101 1468 1 0 1 "Vandalism"
0 235 58 272 101 1469 1 0 0 "Vandalism"
