0 194 104 254 170 0 1 0 0 "Vandalism"
0 194 104 254 170 1 1 0 1 "Vandalism"
0 194 104 254 170 2 1 0 1 "Vandalism"
0 194 104 254 170 3 1 0 1 "Vandalism"
0 194 104 254 170 4 1 0 1 "Vandalism"
0 194 104 254 170 5 1 0 1 "Vandalism"
0 194 104 254 170 6 1 0 1 "Vandalism"
0 194 104 254 170 7 1 0 1 "Vandalism"
0 194 104 254 170 8 1 0 1 "Vandalism"
0 194 104 254 170 9 1 0 1 "Vandalism"
0 194 104 254 170 10 1 0 1 "Vandalism"
0 194 104 254 170 11 1 0 1 "Vandalism"
0 194 104 254 170 12 1 0 1 "Vandalism"
0 194 104 254 170 13 1 0 1 "Vandalism"
0 194 104 254 170 14 1 0 1 "Vandalism"
0 194 104 254 170 15 1 0 1 "Vandalism"
0 194 104 254 170 16 1 0 1 "Vandalism"
0 194 104 254 170 17 1 0 1 "Vandalism"
0 194 104 254 170 18 1 0 1 "Vandalism"
0 194 104 254 170 19 1 0 1 "Vandalism"
0 194 104 254 170 20 1 0 1 "Vandalism"
0 194 104 254 170 21 1 0 1 "Vandalism"
0 194 104 254 170 22 1 0 1 "Vandalism"
0 194 104 254 170 23 1 0 1 "Vandalism"
0 194 104 254 170 24 1 0 1 "Vandalism"
0 194 104 254 170 25 1 0 1 "Vandalism"
0 194 104 254 170 26 1 0 1 "Vandalism"
0 194 104 254 170 27 1 0 1 "Vandalism"
0 194 104 254 170 28 1 0 1 "Vandalism"
0 194 104 254 170 29 1 0 1 "Vandalism"
0 194 104 254 170 30 1 0 1 "Vandalism"
0 194 104 254 170 31 1 0 1 "Vandalism"
0 194 104 254 170 32 1 0 1 "Vandalism"
0 194 104 254 170 33 1 0 1 "Vandalism"
0 194 104 254 170 34 1 0 1 "Vandalism"
0 194 104 254 170 35 1 0 1 "Vandalism"
0 194 104 254 170 36 1 0 1 "Vandalism"
0 194 104 254 170 37 1 0 1 "Vandalism"
0 194 104 254 170 38 1 0 1 "Vandalism"
0 194 104 254 170 39 1 0 1 "Vandalism"
0 194 104 254 170 40 1 0 1 "Vandalism"
0 194 104 254 170 41 1 0 1 "Vandalism"
0 194 104 254 170 42 1 0 1 "Vandalism"
0 194 104 254 170 43 1 0 1 "Vandalism"
0 194 104 254 170 44 1 0 1 "Vandalism"
0 194 104 254 170 45 1 0 1 "Vandalism"
0 194 104 254 170 46 1 0 1 "Vandalism"
0 194 104 254 170 47 1 0 1 "Vandalism"
0 194 104 254 170 48 1 0 1 "Vandalism"
0 194 104 254 170 49 1 0 1 "Vandalism"
0 194 104 254 170 50 1 0 1 "Vandalism"
0 194 104 254 170 51 1 0 1 "Vandalism"
0 194 104 254 170 52 1 0 1 "Vandalism"
0 194 104 254 170 53 1 0 1 "Vandalism"
0 194 104 254 170 54 1 0 1 "Vandalism"
0 194 104 254 170 55 1 0 1 "Vandalism"
0 194 104 254 170 56 1 0 1 "Vandalism"
0 194 104 254 170 57 1 0 1 "Vandalism"
0 194 104 254 170 58 1 0 1 "Vandalism"
0 194 104 254 170 59 1 0 1 "Vandalism"
0 194 104 254 170 60 1 0 1 "Vandalism"
0 194 104 254 170 61 1 0 1 "Vandalism"
0 194 104 254 170 62 1 0 1 "Vandalism"
0 194 104 254 170 63 1 0 1 "Vandalism"
0 194 104 254 170 64 1 0 1 "Vandalism"
0 194 104 254 170 65 1 0 1 "Vandalism"
0 194 104 254 170 66 1 0 1 "Vandalism"
0 194 104 254 170 67 1 0 1 "Vandalism"
0 194 104 254 170 68 1 0 1 "Vandalism"
0 194 104 254 170 69 1 0 1 "Vandalism"
0 194 104 254 170 70 1 0 1 "Vandalism"
0 194 104 254 170 71 1 0 1 "Vandalism"
0 194 104 254 170 72 1 0 1 "Vandalism"
0 194 104 254 170 73 1 0 1 "Vandalism"
0 194 104 254 170 74 1 0 1 "Vandalism"
0 194 104 254 170 75 1 0 1 "Vandalism"
0 194 104 254 170 76 1 0 1 "Vandalism"
0 194 104 254 170 77 1 0 1 "Vandalism"
0 194 104 254 170 78 1 0 1 "Vandalism"
0 194 104 254 170 79 1 0 1 "Vandalism"
0 194 104 254 170 80 1 0 1 "Vandalism"
0 194 104 254 170 81 1 0 1 "Vandalism"
0 194 104 254 170 82 1 0 1 "Vandalism"
0 194 104 254 170 83 1 0 1 "Vandalism"
0 194 104 254 170 84 1 0 1 "Vandalism"
0 194 104 254 170 85 1 0 1 "Vandalism"
0 194 104 254 170 86 1 0 1 "Vandalism"
0 194 104 254 170 87 1 0 1 "Vandalism"
0 194 104 254 170 88 1 0 1 "Vandalism"
0 194 104 254 170 89 1 0 1 "Vandalism"
0 194 104 254 170 90 1 0 1 "Vandalism"
0 194 104 254 170 91 1 0 1 "Vandalism"
0 194 104 254 170 92 1 0 1 "Vandalism"
0 194 104 254 170 93 1 0 1 "Vandalism"
0 194 104 254 170 94 1 0 1 "Vandalism"
0 194 104 254 170 95 1 0 1 "Vandalism"
0 194 104 254 170 96 1 0 1 "Vandalism"
0 194 104 254 170 97 1 0 1 "Vandalism"
0 194 104 254 170 98 1 0 1 "Vandalism"
0 194 104 254 170 99 1 0 1 "Vandalism"
0 194 104 254 170 100 1 0 1 "Vandalism"
0 194 104 254 170 101 1 0 1 "Vandalism"
0 194 104 254 170 102 1 0 1 "Vandalism"
0 194 104 254 170 103 1 0 1 "Vandalism"
0 194 104 254 170 104 1 0 1 "Vandalism"
0 194 104 254 170 105 1 0 1 "Vandalism"
0 194 104 254 170 106 1 0 1 "Vandalism"
0 194 104 254 170 107 1 0 1 "Vandalism"
0 194 104 254 170 108 1 0 1 "Vandalism"
0 194 104 254 170 109 1 0 1 "Vandalism"
0 194 104 254 170 110 1 0 1 "Vandalism"
0 194 104 254 170 111 1 0 1 "Vandalism"
0 194 104 254 170 112 1 0 1 "Vandalism"
0 194 104 254 170 113 1 0 1 "Vandalism"
0 194 104 254 170 114 1 0 1 "Vandalism"
0 194 104 254 170 115 1 0 1 "Vandalism"
0 194 104 254 170 116 1 0 1 "Vandalism"
0 194 104 254 170 117 1 0 1 "Vandalism"
0 194 104 254 170 118 1 0 1 "Vandalism"
0 194 104 254 170 119 1 0 1 "Vandalism"
0 194 104 254 170 120 1 0 1 "Vandalism"
0 194 104 254 170 121 1 0 1 "Vandalism"
0 194 104 254 170 122 1 0 1 "Vandalism"
0 194 104 254 170 123 1 0 1 "Vandalism"
0 194 104 254 170 124 1 0 1 "Vandalism"
0 194 104 254 170 125 1 0 1 "Vandalism"
0 194 104 254 170 126 1 0 1 "Vandalism"
0 194 104 254 170 127 1 0 1 "Vandalism"
0 194 104 254 170 128 1 0 1 "Vandalism"
0 194 104 254 170 129 1 0 1 "Vandalism"
0 194 104 254 170 130 1 0 1 "Vandalism"
0 194 104 254 170 131 1 0 1 "Vandalism"
0 194 104 254 170 132 1 0 1 "Vandalism"
0 194 104 254 170 133 1 0 1 "Vandalism"
0 194 104 254 170 134 1 0 1 "Vandalism"
0 194 104 254 170 135 1 0 1 "Vandalism"
0 194 104 254 170 136 1 0 1 "Vandalism"
0 194 104 254 170 137 1 0 1 "Vandalism"
0 194 104 254 170 138 1 0 1 "Vandalism"
0 194 104 254 170 139 1 0 1 "Vandalism"
0 194 104 254 170 140 1 0 1 "Vandalism"
0 194 104 254 170 141 1 0 1 "Vandalism"
0 194 104 254 170 142 1 0 1 "Vandalism"
0 194 104 254 170 143 1 0 1 "Vandalism"
0 194 104 254 170 144 1 0 1 "Vandalism"
0 194 104 254 170 145 1 0 1 "Vandalism"
0 194 104 254 170 146 1 0 1 "Vandalism"
0 194 104 254 170 147 1 0 1 "Vandalism"
0 194 104 254 170 148 1 0 1 "Vandalism"
0 194 104 254 170 149 1 0 1 "Vandalism"
0 194 104 254 170 150 1 0 1 "Vandalism"
0 194 104 254 170 151 1 0 1 "Vandalism"
0 194 104 254 170 152 1 0 1 "Vandalism"
0 194 104 254 170 153 1 0 1 "Vandalism"
0 194 104 254 170 154 1 0 1 "Vandalism"
0 194 104 254 170 155 1 0 1 "Vandalism"
0 194 104 254 170 156 1 0 1 "Vandalism"
0 194 104 254 170 157 1 0 1 "Vandalism"
0 194 104 254 170 158 1 0 1 "Vandalism"
0 194 104 254 170 159 1 0 1 "Vandalism"
0 194 104 254 170 160 1 0 1 "Vandalism"
0 194 104 254 170 161 1 0 1 "Vandalism"
0 194 104 254 170 162 1 0 1 "Vandalism"
0 194 104 254 170 163 1 0 1 "Vandalism"
0 194 104 254 170 164 1 0 1 "Vandalism"
0 194 104 254 170 165 1 0 1 "Vandalism"
0 194 104 254 170 166 1 0 1 "Vandalism"
0 194 104 254 170 167 1 0 1 "Vandalism"
0 194 104 254 170 168 1 0 1 "Vandalism"
0 194 104 254 170 169 1 0 1 "Vandalism"
0 194 104 254 170 170 1 0 1 "Vandalism"
0 194 104 254 170 171 1 0 1 "Vandalism"
0 194 104 254 170 172 1 0 1 "Vandalism"
0 194 104 254 170 173 1 0 1 "Vandalism"
0 194 104 254 170 174 1 0 1 "Vandalism"
0 194 104 254 170 175 1 0 1 "Vandalism"
0 194 104 254 170 176 1 0 1 "Vandalism"
0 194 104 254 170 177 1 0 1 "Vandalism"
0 194 104 254 170 178 1 0 1 "Vandalism"
0 194 104 254 170 179 1 0 1 "Vandalism"
0 194 104 254 170 180 1 0 1 "Vandalism"
0 194 104 254 170 181 1 0 1 "Vandalism"
0 194 104 254 170 182 1 0 1 "Vandalism"
0 194 104 254 170 183 1 0 1 "Vandalism"
0 194 104 254 170 184 1 0 1 "Vandalism"
0 194 104 254 170 185 1 0 1 "Vandalism"
0 194 104 254 170 186 1 0 1 "Vandalism"
0 194 104 254 170 187 1 0 1 "Vandalism"
0 194 104 254 170 188 1 0 1 "Vandalism"
0 194 104 254 170 189 1 0 1 "Vandalism"
0 194 104 254 170 190 1 0 1 "Vandalism"
0 194 104 254 170 191 1 0 1 "Vandalism"
0 194 104 254 170 192 1 0 1 "Vandalism"
0 194 104 254 170 193 1 0 1 "Vandalism"
0 194 104 254 170 194 1 0 1 "Vandalism"
0 194 104 254 170 195 1 0 1 "Vandalism"
0 194 104 254 170 196 1 0 1 "Vandalism"
0 194 104 254 170 197 1 0 1 "Vandalism"
0 194 104 254 170 198 1 0 1 "Vandalism"
0 194 104 254 170 199 1 0 1 "Vandalism"
0 194 104 254 170 200 1 0 1 "Vandalism"
0 194 104 254 170 201 1 0 1 "Vandalism"
0 194 104 254 170 202 1 0 1 "Vandalism"
0 194 104 254 170 203 1 0 1 "Vandalism"
0 194 104 254 170 204 1 0 1 "Vandalism"
0 194 104 254 170 205 1 0 1 "Vandalism"
0 194 104 254 170 206 1 0 1 "Vandalism"
0 194 104 254 170 207 1 0 1 "Vandalism"
0 194 104 254 170 208 1 0 1 "Vandalism"
0 194 104 254 170 209 1 0 1 "Vandalism"
0 194 104 254 170 210 1 0 1 "Vandalism"
0 194 104 254 170 211 1 0 1 "Vandalism"
0 194 104 254 170 212 1 0 1 "Vandalism"
0 194 104 254 170 213 1 0 1 "Vandalism"
0 194 104 254 170 214 1 0 1 "Vandalism"
0 194 104 254 170 215 1 0 1 "Vandalism"
0 194 104 254 170 216 1 0 1 "Vandalism"
0 194 104 254 170 217 1 0 1 "Vandalism"
0 194 104 254 170 218 1 0 1 "Vandalism"
0 194 104 254 170 219 1 0 1 "Vandalism"
0 194 104 254 170 220 1 0 1 "Vandalism"
0 194 104 254 170 221 1 0 1 "Vandalism"
0 194 104 254 170 222 1 0 1 "Vandalism"
0 194 104 254 170 223 1 0 1 "Vandalism"
0 194 104 254 170 224 1 0 1 "Vandalism"
0 194 104 254 170 225 1 0 1 "Vandalism"
0 194 104 254 170 226 1 0 1 "Vandalism"
0 194 104 254 170 227 1 0 1 "Vandalism"
0 194 104 254 170 228 1 0 1 "Vandalism"
0 194 104 254 170 229 1 0 1 "Vandalism"
0 194 104 254 170 230 1 0 1 "Vandalism"
0 194 104 254 170 231 1 0 1 "Vandalism"
0 194 104 254 170 232 1 0 1 "Vandalism"
0 194 104 254 170 233 1 0 1 "Vandalism"
0 194 104 254 170 234 1 0 1 "Vandalism"
0 194 104 254 170 235 1 0 1 "Vandalism"
0 194 104 254 170 236 1 0 1 "Vandalism"
0 194 104 254 170 237 1 0 1 "Vandalism"
0 194 104 254 170 238 1 0 1 "Vandalism"
0 194 104 254 170 239 1 0 1 "Vandalism"
0 194 104 254 170 240 1 0 1 "Vandalism"
0 194 104 254 170 241 1 0 1 "Vandalism"
0 194 104 254 170 242 1 0 1 "Vandalism"
0 194 104 254 170 243 1 0 1 "Vandalism"
0 194 104 254 170 244 1 0 1 "Vandalism"
0 194 104 254 170 245 1 0 1 "Vandalism"
0 194 104 254 170 246 1 0 1 "Vandalism"
0 194 104 254 170 247 1 0 1 "Vandalism"
0 194 104 254 170 248 1 0 1 "Vandalism"
0 194 104 254 170 249 1 0 1 "Vandalism"
0 194 104 254 170 250 1 0 1 "Vandalism"
0 194 104 254 170 251 1 0 1 "Vandalism"
0 194 104 254 170 252 1 0 1 "Vandalism"
0 194 104 254 170 253 1 0 1 "Vandalism"
0 194 104 254 170 254 1 0 1 "Vandalism"
0 194 104 254 170 255 1 0 1 "Vandalism"
0 194 104 254 170 256 1 0 1 "Vandalism"
0 194 104 254 170 257 1 0 1 "Vandalism"
0 194 104 254 170 258 1 0 1 "Vandalism"
0 194 104 254 170 259 1 0 1 "Vandalism"
0 194 104 254 170 260 1 0 1 "Vandalism"
0 194 104 254 170 261 1 0 1 "Vandalism"
0 194 104 254 170 262 1 0 1 "Vandalism"
0 194 104 254 170 263 1 0 1 "Vandalism"
0 194 104 254 170 264 1 0 1 "Vandalism"
0 194 104 254 170 265 1 0 1 "Vandalism"
0 194 104 254 170 266 1 0 1 "Vandalism"
0 194 104 254 170 267 1 0 1 "Vandalism"
0 194 104 254 170 268 1 0 1 "Vandalism"
0 194 104 254 170 269 1 0 1 "Vandalism"
0 194 104 254 170 270 1 0 1 "Vandalism"
0 194 104 254 170 271 1 0 1 "Vandalism"
0 194 104 254 170 272 1 0 1 "Vandalism"
0 194 104 254 170 273 1 0 1 "Vandalism"
0 194 104 254 170 274 1 0 1 "Vandalism"
0 194 104 254 170 275 1 0 1 "Vandalism"
0 194 104 254 170 276 1 0 1 "Vandalism"
0 194 104 254 170 277 1 0 1 "Vandalism"
0 194 104 254 170 278 1 0 1 "Vandalism"
0 194 104 254 170 279 1 0 1 "Vandalism"
0 194 104 254 170 280 1 0 1 "Vandalism"
0 194 104 254 170 281 1 0 1 "Vandalism"
0 194 104 254 170 282 1 0 1 "Vandalism"
0 194 104 254 170 283 1 0 1 "Vandalism"
0 194 104 254 170 284 1 0 1 "Vandalism"
0 194 104 254 170 285 1 0 1 "Vandalism"
0 194 104 254 170 286 1 0 1 "Vandalism"
0 194 104 254 170 287 1 0 1 "Vandalism"
0 194 104 254 170 288 1 0 1 "Vandalism"
0 194 104 254 170 289 1 0 1 "Vandalism"
0 194 104 254 170 290 1 0 1 "Vandalism"
0 194 104 254 170 291 1 0 1 "Vandalism"
0 194 104 254 170 292 1 0 1 "Vandalism"
0 194 104 254 170 293 1 0 1 "Vandalism"
0 194 104 254 170 294 1 0 1 "Vandalism"
0 194 104 254 170 295 1 0 1 "Vandalism"
0 194 104 254 170 296 1 0 1 "Vandalism"
0 194 104 254 170 297 1 0 1 "Vandalism"
0 194 104 254 170 298 1 0 1 "Vandalism"
0 194 104 254 170 299 1 0 1 "Vandalism"
0 194 104 254 170 300 1 0 1 "Vandalism"
0 194 104 254 170 301 1 0 1 "Vandalism"
0 194 104 254 170 302 1 0 1 "Vandalism"
0 194 104 254 170 303 1 0 1 "Vandalism"
0 194 104 254 170 304 1 0 1 "Vandalism"
0 194 104 254 170 305 1 0 1 "Vandalism"
0 194 104 254 170 306 1 0 1 "Vandalism"
0 194 104 254 170 307 1 0 1 "Vandalism"
0 194 104 254 170 308 1 0 1 "Vandalism"
0 194 104 254 170 309 1 0 1 "Vandalism"
0 194 104 254 170 310 1 0 1 "Vandalism"
0 194 104 254 170 311 1 0 1 "Vandalism"
0 194 104 254 170 312 1 0 1 "Vandalism"
0 194 104 254 170 313 1 0 1 "Vandalism"
0 194 104 254 170 314 1 0 1 "Vandalism"
0 194 104 254 170 315 1 0 1 "Vandalism"
0 194 104 254 170 316 1 0 1 "Vandalism"
0 194 104 254 170 317 1 0 1 "Vandalism"
0 194 104 254 170 318 1 0 1 "Vandalism"
0 194 104 254 170 319 1 0 1 "Vandalism"
0 194 104 254 170 320 1 0 1 "Vandalism"
0 194 104 254 170 321 1 0 1 "Vandalism"
0 194 104 254 170 322 1 0 1 "Vandalism"
0 194 104 254 170 323 1 0 1 "Vandalism"
0 194 104 254 170 324 1 0 1 "Vandalism"
0 194 104 254 170 325 1 0 1 "Vandalism"
0 194 104 254 170 326 1 0 1 "Vandalism"
0 194 104 254 170 327 1 0 1 "Vandalism"
0 194 104 254 170 328 1 0 1 "Vandalism"
0 194 104 254 170 329 1 0 1 "Vandalism"
0 194 104 254 170 330 1 0 1 "Vandalism"
0 194 104 254 170 331 1 0 1 "Vandalism"
0 194 104 254 170 332 1 0 1 "Vandalism"
0 194 104 254 170 333 1 0 1 "Vandalism"
0 194 104 254 170 334 1 0 1 "Vandalism"
0 194 104 254 170 335 1 0 1 "Vandalism"
0 194 104 254 170 336 1 0 1 "Vandalism"
0 194 104 254 170 337 1 0 1 "Vandalism"
0 194 104 254 170 338 1 0 1 "Vandalism"
0 194 104 254 170 339 1 0 1 "Vandalism"
0 194 104 254 170 340 1 0 1 "Vandalism"
0 194 104 254 170 341 1 0 1 "Vandalism"
0 194 104 254 170 342 1 0 1 "Vandalism"
0 194 104 254 170 343 1 0 1 "Vandalism"
0 194 104 254 170 344 1 0 1 "Vandalism"
0 194 104 254 170 345 1 0 1 "Vandalism"
0 194 104 254 170 346 1 0 1 "Vandalism"
0 194 104 254 170 347 1 0 1 "Vandalism"
0 194 104 254 170 348 1 0 1 "Vandalism"
0 194 104 254 170 349 1 0 1 "Vandalism"
0 194 104 254 170 350 1 0 1 "Vandalism"
0 194 104 254 170 351 1 0 1 "Vandalism"
0 194 104 254 170 352 1 0 1 "Vandalism"
0 194 104 254 170 353 1 0 1 "Vandalism"
0 194 104 254 170 354 1 0 1 "Vandalism"
0 194 104 254 170 355 1 0 1 "Vandalism"
0 194 104 254 170 356 1 0 1 "Vandalism"
0 194 104 254 170 357 1 0 1 "Vandalism"
0 194 104 254 170 358 1 0 1 "Vandalism"
0 194 104 254 170 359 1 0 1 "Vandalism"
0 194 104 254 170 360 1 0 1 "Vandalism"
0 194 104 254 170 361 1 0 1 "Vandalism"
0 194 104 254 170 362 1 0 1 "Vandalism"
0 194 104 254 170 363 1 0 1 "Vandalism"
0 194 104 254 170 364 1 0 1 "Vandalism"
0 194 104 254 170 365 1 0 1 "Vandalism"
0 194 104 254 170 366 1 0 1 "Vandalism"
0 194 104 254 170 367 1 0 1 "Vandalism"
0 194 104 254 170 368 1 0 1 "Vandalism"
0 194 104 254 170 369 1 0 1 "Vandalism"
0 194 104 254 170 370 1 0 1 "Vandalism"
0 194 104 254 170 371 1 0 1 "Vandalism"
0 194 104 254 170 372 1 0 1 "Vandalism"
0 194 104 254 170 373 1 0 1 "Vandalism"
0 194 104 254 170 374 1 0 1 "Vandalism"
0 194 104 254 170 375 1 0 1 "Vandalism"
0 194 104 254 170 376 1 0 1 "Vandalism"
0 194 104 254 170 377 1 0 1 "Vandalism"
0 194 104 254 170 378 1 0 1 "Vandalism"
0 194 104 254 170 379 1 0 1 "Vandalism"
0 194 104 254 170 380 1 0 1 "Vandalism"
0 194 104 254 170 381 1 0 1 "Vandalism"
0 194 104 254 170 382 1 0 1 "Vandalism"
0 194 104 254 170 383 1 0 1 "Vandalism"
0 194 104 254 170 384 1 0 1 "Vandalism"
0 194 104 254 170 385 1 0 1 "Vandalism"
0 194 104 254 170 386 1 0 1 "Vandalism"
0 194 104 254 170 387 1 0 1 "Vandalism"
0 194 104 254 170 388 1 0 1 "Vandalism"
0 194 104 254 170 389 1 0 1 "Vandalism"
0 194 104 254 170 390 1 0 1 "Vandalism"
0 194 104 254 170 391 1 0 1 "Vandalism"
0 194 104 254 170 392 1 0 1 "Vandalism"
0 194 104 254 170 393 1 0 1 "Vandalism"
0 194 104 254 170 394 1 0 1 "Vandalism"
0 194 104 254 170 395 1 0 1 "Vandalism"
0 194 104 254 170 396 1 0 1 "Vandalism"
0 194 104 254 170 397 1 0 1 "Vandalism"
0 194 104 254 170 398 1 0 1 "Vandalism"
0 194 104 254 170 399 1 0 1 "Vandalism"
0 194 104 254 170 400 1 0 1 "Vandalism"
0 194 104 254 170 401 1 0 1 "Vandalism"
0 194 104 254 170 402 1 0 1 "Vandalism"
0 194 104 254 170 403 1 0 1 "Vandalism"
0 194 104 254 170 404 1 0 1 "Vandalism"
0 194 104 254 170 405 1 0 1 "Vandalism"
0 194 104 254 170 406 1 0 1 "Vandalism"
0 194 104 254 170 407 1 0 1 "Vandalism"
0 194 104 254 170 408 0 0 0 "Vandalism"
0 189 104 250 170 409 0 0 1 "Vandalism"
0 184 104 247 170 410 0 0 1 "Vandalism"
0 179 105 243 171 411 0 0 1 "Vandalism"
0 174 105 240 171 412 0 0 1 "Vandalism"
0 170 106 236 171 413 0 0 1 "Vandalism"
0 165 106 233 172 414 0 0 1 "Vandalism"
0 160 106 229 172 415 0 0 1 "Vandalism"
0 155 107 226 172 416 0 0 1 "Vandalism"
0 150 107 222 173 417 0 0 1 "Vandalism"
0 146 108 219 173 418 0 0 1 "Vandalism"
0 141 108 215 173 419 0 0 1 "Vandalism"
0 136 108 212 174 420 0 0 1 "Vandalism"
0 131 109 208 174 421 0 0 1 "Vandalism"
0 126 109 205 174 422 0 0 1 "Vandalism"
0 122 110 202 175 423 0 0 0 "Vandalism"
0 118 110 198 175 424 0 0 1 "Vandalism"
0 115 110 195 175 425 0 0 1 "Vandalism"
0 112 110 192 175 426 0 0 1 "Vandalism"
0 109 110 189 175 427 0 0 1 "Vandalism"
0 106 110 186 175 428 0 0 1 "Vandalism"
0 103 110 183 175 429 0 0 1 "Vandalism"
0 100 111 180 176 430 0 0 0 "Vandalism"
0 89 111 175 175 431 0 0 1 "Vandalism"
0 79 111 170 175 432 0 0 1 "Vandalism"
0 69 111 165 175 433 0 0 1 "Vandalism"
0 59 111 161 175 434 0 0 0 "Vandalism"
0 57 111 159 175 435 0 0 1 "Vandalism"
0 55 111 157 175 436 0 0 1 "Vandalism"
0 53 111 155 175 437 0 0 1 "Vandalism"
0 51 111 153 175 438 0 0 1 "Vandalism"
0 50 111 152 175 439 0 0 0 "Vandalism"
0 49 110 151 174 440 0 0 1 "Vandalism"
0 48 110 150 174 441 0 0 1 "Vandalism"
0 48 110 150 174 442 0 0 1 "Vandalism"
0 47 110 149 174 443 0 0 1 "Vandalism"
0 47 110 149 174 444 0 0 1 "Vandalism"
0 46 109 148 173 445 0 0 1 "Vandalism"
0 46 109 148 173 446 0 0 1 "Vandalism"
0 45 109 147 173 447 0 0 1 "Vandalism"
0 45 109 147 173 448 0 0 1 "Vandalism"
0 44 109 146 173 449 0 0 1 "Vandalism"
0 44 109 146 173 450 0 0 0 "Vandalism"
0 44 109 146 173 451 0 0 1 "Vandalism"
0 45 109 147 173 452 0 0 1 "Vandalism"
0 46 109 148 173 453 0 0 1 "Vandalism"
0 46 109 148 173 454 0 0 1 "Vandalism"
0 47 109 149 173 455 0 0 1 "Vandalism"
0 48 109 150 173 456 0 0 1 "Vandalism"
0 49 109 151 173 457 0 0 1 "Vandalism"
0 49 109 151 173 458 0 0 1 "Vandalism"
0 50 109 152 173 459 0 0 1 "Vandalism"
0 51 109 153 173 460 0 0 1 "Vandalism"
0 52 109 154 173 461 0 0 1 "Vandalism"
0 52 109 154 173 462 0 0 1 "Vandalism"
0 53 109 155 173 463 0 0 1 "Vandalism"
0 54 109 156 173 464 0 0 1 "Vandalism"
0 55 109 157 173 465 0 0 0 "Vandalism"
0 55 109 156 173 466 0 0 1 "Vandalism"
0 55 109 156 173 467 0 0 1 "Vandalism"
0 55 109 156 173 468 0 0 1 "Vandalism"
0 55 109 156 173 469 0 0 1 "Vandalism"
0 55 109 155 173 470 0 0 1 "Vandalism"
0 55 109 155 173 471 0 0 1 "Vandalism"
0 55 109 155 173 472 0 0 1 "Vandalism"
0 55 109 155 173 473 0 0 1 "Vandalism"
0 55 109 154 173 474 0 0 1 "Vandalism"
0 55 109 154 173 475 0 0 1 "Vandalism"
0 55 109 154 173 476 0 0 1 "Vandalism"
0 55 109 154 173 477 0 0 1 "Vandalism"
0 55 109 153 173 478 0 0 1 "Vandalism"
0 55 109 153 173 479 0 0 1 "Vandalism"
0 56 110 153 173 480 0 0 1 "Vandalism"
0 56 110 153 173 481 0 0 1 "Vandalism"
0 56 110 153 173 482 0 0 1 "Vandalism"
0 56 110 152 173 483 0 0 1 "Vandalism"
0 56 110 152 173 484 0 0 1 "Vandalism"
0 56 110 152 173 485 0 0 1 "Vandalism"
0 56 110 152 173 486 0 0 1 "Vandalism"
0 56 110 151 173 487 0 0 1 "Vandalism"
0 56 110 151 173 488 0 0 1 "Vandalism"
0 56 110 151 173 489 0 0 1 "Vandalism"
0 56 110 151 173 490 0 0 1 "Vandalism"
0 56 110 150 173 491 0 0 1 "Vandalism"
0 56 110 150 173 492 0 0 1 "Vandalism"
0 56 110 150 173 493 0 0 1 "Vandalism"
0 56 110 150 173 494 0 0 1 "Vandalism"
0 57 111 150 174 495 0 0 0 "Vandalism"
0 57 110 150 173 496 0 0 1 "Vandalism"
0 57 110 150 173 497 0 0 1 "Vandalism"
0 57 110 150 173 498 0 0 1 "Vandalism"
0 57 110 150 173 499 0 0 1 "Vandalism"
0 57 110 150 173 500 0 0 1 "Vandalism"
0 57 110 150 173 501 0 0 1 "Vandalism"
0 57 110 150 173 502 0 0 1 "Vandalism"
0 57 110 150 173 503 0 0 1 "Vandalism"
0 58 110 151 173 504 0 0 1 "Vandalism"
0 58 110 151 173 505 0 0 1 "Vandalism"
0 58 110 151 173 506 0 0 1 "Vandalism"
0 58 110 151 173 507 0 0 1 "Vandalism"
0 58 110 151 173 508 0 0 1 "Vandalism"
0 58 110 151 173 509 0 0 1 "Vandalism"
0 58 110 151 173 510 0 0 1 "Vandalism"
0 58 110 151 173 511 0 0 1 "Vandalism"
0 59 110 152 173 512 0 0 1 "Vandalism"
0 59 110 152 173 513 0 0 1 "Vandalism"
0 59 110 152 173 514 0 0 1 "Vandalism"
0 59 110 152 173 515 0 0 1 "Vandalism"
0 59 110 152 173 516 0 0 1 "Vandalism"
0 59 110 152 173 517 0 0 1 "Vandalism"
0 59 110 152 173 518 0 0 1 "Vandalism"
0 59 110 152 173 519 0 0 1 "Vandalism"
0 60 110 153 173 520 0 0 0 "Vandalism"
0 61 109 154 172 521 0 0 1 "Vandalism"
0 62 108 155 171 522 0 0 1 "Vandalism"
0 63 107 156 170 523 0 0 1 "Vandalism"
0 64 106 157 169 524 0 0 1 "Vandalism"
0 65 105 158 168 525 0 0 1 "Vandalism"
0 66 104 159 167 526 0 0 1 "Vandalism"
0 67 103 160 166 527 0 0 1 "Vandalism"
0 68 103 161 166 528 0 0 0 "Vandalism"
0 68 102 161 165 529 0 0 1 "Vandalism"
0 69 102 162 165 530 0 0 1 "Vandalism"
0 70 102 163 165 531 0 0 1 "Vandalism"
0 70 102 163 165 532 0 0 1 "Vandalism"
0 71 101 164 164 533 0 0 1 "Vandalism"
0 72 101 165 164 534 0 0 1 "Vandalism"
0 72 101 165 164 535 0 0 1 "Vandalism"
0 73 101 166 164 536 0 0 1 "Vandalism"
0 74 101 167 164 537 0 0 0 "Vandalism"
0 75 100 168 163 538 0 0 1 "Vandalism"
0 76 100 169 163 539 0 0 1 "Vandalism"
0 78 100 171 163 540 0 0 1 "Vandalism"
0 79 100 172 163 541 0 0 1 "Vandalism"
0 81 100 174 163 542 0 0 1 "Vandalism"
0 82 100 175 163 543 0 0 1 "Vandalism"
0 84 100 177 163 544 0 0 0 "Vandalism"
0 83 99 176 162 545 0 0 1 "Vandalism"
0 83 99 176 162 546 0 0 1 "Vandalism"
0 82 98 175 161 547 0 0 1 "Vandalism"
0 82 98 175 161 548 0 0 1 "Vandalism"
0 81 97 174 160 549 0 0 1 "Vandalism"
0 81 97 174 160 550 0 0 1 "Vandalism"
0 81 97 174 160 551 0 0 0 "Vandalism"
0 80 96 173 159 552 0 0 1 "Vandalism"
0 79 96 172 159 553 0 0 1 "Vandalism"
0 79 96 172 159 554 0 0 1 "Vandalism"
0 78 96 171 159 555 0 0 1 "Vandalism"
0 77 96 170 159 556 0 0 1 "Vandalism"
0 77 96 170 159 557 0 0 0 "Vandalism"
0 78 95 171 158 558 0 0 1 "Vandalism"
0 79 94 172 157 559 0 0 1 "Vandalism"
0 80 94 173 157 560 0 0 1 "Vandalism"
0 81 93 174 156 561 0 0 1 "Vandalism"
0 82 92 175 155 562 0 0 1 "Vandalism"
0 84 92 177 155 563 0 0 0 "Vandalism"
0 83 91 176 154 564 0 0 1 "Vandalism"
0 83 91 176 154 565 0 0 1 "Vandalism"
0 82 91 175 154 566 0 0 1 "Vandalism"
0 82 91 175 154 567 0 0 1 "Vandalism"
0 81 91 174 154 568 0 0 1 "Vandalism"
0 81 91 174 154 569 0 0 1 "Vandalism"
0 80 91 173 154 570 0 0 1 "Vandalism"
0 80 91 173 154 571 0 0 1 "Vandalism"
0 80 91 173 154 572 0 0 0 "Vandalism"
0 79 90 172 153 573 0 0 1 "Vandalism"
0 78 90 171 153 574 0 0 1 "Vandalism"
0 77 90 170 153 575 0 0 1 "Vandalism"
0 76 89 169 152 576 0 0 1 "Vandalism"
0 75 89 168 152 577 0 0 1 "Vandalism"
0 74 89 167 152 578 0 0 1 "Vandalism"
0 73 89 166 152 579 0 0 0 "Vandalism"
0 72 88 165 151 580 0 0 1 "Vandalism"
0 72 88 165 151 581 0 0 1 "Vandalism"
0 72 88 165 151 582 0 0 1 "Vandalism"
0 72 88 165 151 583 0 0 1 "Vandalism"
0 72 88 165 151 584 0 0 1 "Vandalism"
0 72 88 165 151 585 0 0 0 "Vandalism"
0 72 87 165 150 586 0 0 1 "Vandalism"
0 72 87 165 150 587 0 0 1 "Vandalism"
0 72 86 165 149 588 0 0 1 "Vandalism"
0 72 86 165 149 589 0 0 1 "Vandalism"
0 72 85 165 148 590 0 0 1 "Vandalism"
0 72 85 165 148 591 0 0 0 "Vandalism"
0 72 85 165 148 592 0 0 1 "Vandalism"
0 73 85 166 148 593 0 0 1 "Vandalism"
0 74 85 167 148 594 0 0 1 "Vandalism"
0 74 86 167 149 595 0 0 1 "Vandalism"
0 75 86 168 149 596 0 0 1 "Vandalism"
0 76 86 169 149 597 0 0 1 "Vandalism"
0 77 87 170 150 598 0 0 0 "Vandalism"
0 78 87 171 150 599 0 0 1 "Vandalism"
0 79 88 172 151 600 0 0 1 "Vandalism"
0 80 88 173 151 601 0 0 1 "Vandalism"
0 81 89 174 152 602 0 0 1 "Vandalism"
0 82 89 175 152 603 0 0 1 "Vandalism"
0 84 90 177 153 604 0 0 0 "Vandalism"
0 84 90 177 153 605 0 0 1 "Vandalism"
0 85 91 178 154 606 0 0 1 "Vandalism"
0 86 92 179 155 607 0 0 1 "Vandalism"
0 87 92 180 155 608 0 0 1 "Vandalism"
0 88 93 181 156 609 0 0 1 "Vandalism"
0 89 94 182 157 610 0 0 0 "Vandalism"
0 90 94 183 157 611 0 0 1 "Vandalism"
0 91 94 184 157 612 0 0 1 "Vandalism"
0 93 94 186 157 613 0 0 1 "Vandalism"
0 94 94 187 157 614 0 0 1 "Vandalism"
0 96 95 189 158 615 0 0 0 "Vandalism"
0 97 95 191 158 616 0 0 1 "Vandalism"
0 99 95 194 158 617 0 0 1 "Vandalism"
0 101 95 197 158 618 0 0 1 "Vandalism"
0 102 95 199 158 619 0 0 1 "Vandalism"
0 104 95 202 158 620 0 0 1 "Vandalism"
0 106 96 205 158 621 0 0 0 "Vandalism"
0 113 96 208 160 622 0 0 1 "Vandalism"
0 121 97 211 162 623 0 0 1 "Vandalism"
0 129 98 214 165 624 0 0 0 "Vandalism"
0 132 100 217 166 625 0 0 1 "Vandalism"
0 136 102 221 167 626 0 0 1 "Vandalism"
0 140 104 224 169 627 0 0 1 "Vandalism"
0 144 107 228 170 628 0 0 1 "Vandalism"
0 148 109 231 171 629 0 0 1 "Vandalism"
0 152 111 235 173 630 0 0 1 "Vandalism"
0 156 113 238 174 631 0 0 1 "Vandalism"
0 160 116 242 176 632 0 0 0 "Vandalism"
0 164 116 246 176 633 0 0 1 "Vandalism"
0 168 117 250 177 634 0 0 1 "Vandalism"
0 173 118 255 178 635 0 0 1 "Vandalism"
0 177 119 259 179 636 0 0 1 "Vandalism"
0 181 120 263 180 637 0 0 1 "Vandalism"
0 186 121 268 181 638 0 0 0 "Vandalism"
0 187 125 273 181 639 0 0 1 "Vandalism"
0 189 129 278 182 640 0 0 1 "Vandalism"
0 191 133 284 183 641 0 0 1 "Vandalism"
0 193 137 289 184 642 0 0 1 "Vandalism"
0 195 141 295 185 643 1 0 0 "Vandalism"
0 197 141 296 185 644 1 0 1 "Vandalism"
0 200 141 297 185 645 1 0 1 "Vandalism"
0 202 142 298 185 646 1 0 1 "Vandalism"
0 205 142 300 185 647 1 0 1 "Vandalism"
0 207 143 301 185 648 1 0 1 "Vandalism"
0 210 143 302 185 649 1 0 1 "Vandalism"
0 213 144 304 186 650 1 0 0 "Vandalism"
0 213 144 304 186 651 1 0 1 "Vandalism"
0 213 144 304 186 652 1 0 1 "Vandalism"
0 213 144 304 186 653 1 0 1 "Vandalism"
0 213 144 304 186 654 1 0 1 "Vandalism"
0 213 144 304 186 655 1 0 1 "Vandalism"
0 213 144 304 186 656 1 0 1 "Vandalism"
0 213 144 304 186 657 1 0 1 "Vandalism"
0 213 144 304 186 658 1 0 1 "Vandalism"
0 213 144 304 186 659 1 0 1 "Vandalism"
0 213 144 304 186 660 1 0 1 "Vandalism"
0 213 144 304 186 661 1 0 1 "Vandalism"
0 213 144 304 186 662 1 0 1 "Vandalism"
0 213 144 304 186 663 1 0 1 "Vandalism"
0 213 144 304 186 664 1 0 1 "Vandalism"
0 213 144 304 186 665 1 0 1 "Vandalism"
0 213 144 304 186 666 1 0 1 "Vandalism"
0 213 144 304 186 667 1 0 1 "Vandalism"
0 213 144 304 186 668 1 0 1 "Vandalism"
0 213 144 304 186 669 1 0 1 "Vandalism"
0 213 144 304 186 670 1 0 1 "Vandalism"
0 213 144 304 186 671 1 0 1 "Vandalism"
0 213 144 304 186 672 1 0 1 "Vandalism"
0 213 144 304 186 673 1 0 1 "Vandalism"
0 213 144 304 186 674 1 0 1 "Vandalism"
0 213 144 304 186 675 1 0 1 "Vandalism"
0 213 144 304 186 676 1 0 1 "Vandalism"
0 213 144 304 186 677 1 0 1 "Vandalism"
0 213 144 304 186 678 1 0 1 "Vandalism"
0 213 144 304 186 679 1 0 1 "Vandalism"
0 213 144 304 186 680 1 0 1 "Vandalism"
0 213 144 304 186 681 1 0 1 "Vandalism"
0 213 144 304 186 682 1 0 1 "Vandalism"
0 213 144 304 186 683 1 0 1 "Vandalism"
0 213 144 304 186 684 1 0 1 "Vandalism"
0 213 144 304 186 685 1 0 1 "Vandalism"
0 213 144 304 186 686 1 0 1 "Vandalism"
0 213 144 304 186 687 1 0 1 "Vandalism"
0 213 144 304 186 688 1 0 1 "Vandalism"
0 213 144 304 186 689 1 0 1 "Vandalism"
0 213 144 304 186 690 1 0 1 "Vandalism"
0 213 144 304 186 691 1 0 1 "Vandalism"
0 213 144 304 186 692 1 0 1 "Vandalism"
0 213 144 304 186 693 1 0 1 "Vandalism"
0 213 144 304 186 694 1 0 1 "Vandalism"
0 213 144 304 186 695 1 0 1 "Vandalism"
0 213 144 304 186 696 1 0 1 "Vandalism"
0 213 144 304 186 697 1 0 1 "Vandalism"
0 213 144 304 186 698 1 0 1 "Vandalism"
0 213 144 304 186 699 1 0 1 "Vandalism"
0 213 144 304 186 700 1 0 1 "Vandalism"
0 213 144 304 186 701 1 0 1 "Vandalism"
0 213 144 304 186 702 1 0 1 "Vandalism"
0 213 144 304 186 703 1 0 1 "Vandalism"
0 213 144 304 186 704 1 0 1 "Vandalism"
0 213 144 304 186 705 1 0 1 "Vandalism"
0 213 144 304 186 706 1 0 1 "Vandalism"
0 213 144 304 186 707 1 0 1 "Vandalism"
0 213 144 304 186 708 1 0 1 "Vandalism"
0 213 144 304 186 709 1 0 1 "Vandalism"
0 213 144 304 186 710 1 0 1 "Vandalism"
0 213 144 304 186 711 1 0 1 "Vandalism"
0 213 144 304 186 712 1 0 1 "Vandalism"
0 213 144 304 186 713 1 0 1 "Vandalism"
0 213 144 304 186 714 1 0 1 "Vandalism"
0 213 144 304 186 715 1 0 1 "Vandalism"
0 213 144 304 186 716 1 0 1 "Vandalism"
0 213 144 304 186 717 1 0 1 "Vandalism"
0 213 144 304 186 718 1 0 1 "Vandalism"
0 213 144 304 186 719 1 0 1 "Vandalism"
0 213 144 304 186 720 1 0 1 "Vandalism"
0 213 144 304 186 721 1 0 1 "Vandalism"
0 213 144 304 186 722 1 0 1 "Vandalism"
0 213 144 304 186 723 1 0 1 "Vandalism"
0 213 144 304 186 724 1 0 1 "Vandalism"
0 213 144 304 186 725 1 0 1 "Vandalism"
0 213 144 304 186 726 1 0 1 "Vandalism"
0 213 144 304 186 727 1 0 1 "Vandalism"
0 213 144 304 186 728 1 0 1 "Vandalism"
0 213 144 304 186 729 1 0 1 "Vandalism"
0 213 144 304 186 730 1 0 1 "Vandalism"
0 213 144 304 186 731 1 0 1 "Vandalism"
0 213 144 304 186 732 1 0 1 "Vandalism"
0 213 144 304 186 733 1 0 1 "Vandalism"
0 213 144 304 186 734 1 0 1 "Vandalism"
0 213 144 304 186 735 1 0 1 "Vandalism"
0 213 144 304 186 736 1 0 1 "Vandalism"
0 213 144 304 186 737 1 0 1 "Vandalism"
0 213 144 304 186 738 1 0 1 "Vandalism"
0 213 144 304 186 739 1 0 1 "Vandalism"
0 213 144 304 186 740 1 0 1 "Vandalism"
0 213 144 304 186 741 1 0 1 "Vandalism"
0 213 144 304 186 742 1 0 1 "Vandalism"
0 213 144 304 186 743 1 0 1 "Vandalism"
0 213 144 304 186 744 1 0 1 "Vandalism"
0 213 144 304 186 745 1 0 1 "Vandalism"
0 213 144 304 186 746 1 0 1 "Vandalism"
0 213 144 304 186 747 1 0 1 "Vandalism"
0 213 144 304 186 748 1 0 1 "Vandalism"
0 213 144 304 186 749 1 0 1 "Vandalism"
0 213 144 304 186 750 1 0 1 "Vandalism"
0 213 144 304 186 751 1 0 1 "Vandalism"
0 213 144 304 186 752 1 0 1 "Vandalism"
0 213 144 304 186 753 1 0 1 "Vandalism"
0 213 144 304 186 754 1 0 1 "Vandalism"
0 213 144 304 186 755 1 0 1 "Vandalism"
0 213 144 304 186 756 1 0 1 "Vandalism"
0 213 144 304 186 757 1 0 1 "Vandalism"
0 213 144 304 186 758 1 0 1 "Vandalism"
0 213 144 304 186 759 1 0 1 "Vandalism"
0 213 144 304 186 760 1 0 1 "Vandalism"
0 213 144 304 186 761 1 0 1 "Vandalism"
0 213 144 304 186 762 1 0 1 "Vandalism"
0 213 144 304 186 763 1 0 1 "Vandalism"
0 213 144 304 186 764 1 0 1 "Vandalism"
0 213 144 304 186 765 1 0 1 "Vandalism"
0 213 144 304 186 766 1 0 1 "Vandalism"
0 213 144 304 186 767 1 0 1 "Vandalism"
0 213 144 304 186 768 1 0 1 "Vandalism"
0 213 144 304 186 769 1 0 1 "Vandalism"
0 213 144 304 186 770 1 0 1 "Vandalism"
0 213 144 304 186 771 1 0 1 "Vandalism"
0 213 144 304 186 772 1 0 1 "Vandalism"
0 213 144 304 186 773 1 0 1 "Vandalism"
0 213 144 304 186 774 1 0 1 "Vandalism"
0 213 144 304 186 775 1 0 1 "Vandalism"
0 213 144 304 186 776 1 0 1 "Vandalism"
0 213 144 304 186 777 1 0 1 "Vandalism"
0 213 144 304 186 778 1 0 1 "Vandalism"
0 213 144 304 186 779 1 0 1 "Vandalism"
0 213 144 304 186 780 1 0 1 "Vandalism"
0 213 144 304 186 781 1 0 1 "Vandalism"
0 213 144 304 186 782 1 0 1 "Vandalism"
0 213 144 304 186 783 1 0 1 "Vandalism"
0 213 144 304 186 784 1 0 1 "Vandalism"
0 213 144 304 186 785 1 0 1 "Vandalism"
0 213 144 304 186 786 1 0 1 "Vandalism"
0 213 144 304 186 787 1 0 1 "Vandalism"
0 213 144 304 186 788 1 0 1 "Vandalism"
0 213 144 304 186 789 1 0 1 "Vandalism"
0 213 144 304 186 790 1 0 1 "Vandalism"
0 213 144 304 186 791 1 0 1 "Vandalism"
0 213 144 304 186 792 1 0 1 "Vandalism"
0 213 144 304 186 793 1 0 1 "Vandalism"
0 213 144 304 186 794 1 0 1 "Vandalism"
0 213 144 304 186 795 1 0 1 "Vandalism"
0 213 144 304 186 796 1 0 1 "Vandalism"
0 213 144 304 186 797 1 0 1 "Vandalism"
0 213 144 304 186 798 1 0 1 "Vandalism"
0 213 144 304 186 799 1 0 1 "Vandalism"
0 213 144 304 186 800 1 0 1 "Vandalism"
0 213 144 304 186 801 1 0 1 "Vandalism"
0 213 144 304 186 802 1 0 1 "Vandalism"
0 213 144 304 186 803 1 0 1 "Vandalism"
0 213 144 304 186 804 1 0 1 "Vandalism"
0 213 144 304 186 805 1 0 1 "Vandalism"
0 213 144 304 186 806 1 0 1 "Vandalism"
0 213 144 304 186 807 1 0 1 "Vandalism"
0 213 144 304 186 808 1 0 1 "Vandalism"
0 213 144 304 186 809 1 0 1 "Vandalism"
0 213 144 304 186 810 1 0 1 "Vandalism"
0 213 144 304 186 811 1 0 1 "Vandalism"
0 213 144 304 186 812 1 0 1 "Vandalism"
0 213 144 304 186 813 1 0 1 "Vandalism"
0 213 144 304 186 814 1 0 1 "Vandalism"
0 213 144 304 186 815 1 0 1 "Vandalism"
0 213 144 304 186 816 1 0 1 "Vandalism"
0 213 144 304 186 817 1 0 1 "Vandalism"
0 213 144 304 186 818 1 0 1 "Vandalism"
0 213 144 304 186 819 1 0 1 "Vandalism"
0 213 144 304 186 820 1 0 1 "Vandalism"
0 213 144 304 186 821 1 0 1 "Vandalism"
0 213 144 304 186 822 1 0 1 "Vandalism"
0 213 144 304 186 823 1 0 1 "Vandalism"
0 213 144 304 186 824 1 0 1 "Vandalism"
0 213 144 304 186 825 1 0 1 "Vandalism"
0 213 144 304 186 826 1 0 1 "Vandalism"
0 213 144 304 186 827 1 0 1 "Vandalism"
0 213 144 304 186 828 1 0 1 "Vandalism"
0 213 144 304 186 829 1 0 1 "Vandalism"
0 213 144 304 186 830 1 0 1 "Vandalism"
0 213 144 304 186 831 1 0 1 "Vandalism"
0 213 144 304 186 832 1 0 1 "Vandalism"
0 213 144 304 186 833 1 0 1 "Vandalism"
0 213 144 304 186 834 1 0 1 "Vandalism"
0 213 144 304 186 835 1 0 1 "Vandalism"
0 213 144 304 186 836 1 0 1 "Vandalism"
0 213 144 304 186 837 1 0 1 "Vandalism"
0 213 144 304 186 838 1 0 1 "Vandalism"
0 213 144 304 186 839 1 0 1 "Vandalism"
0 213 144 304 186 840 1 0 1 "Vandalism"
0 213 144 304 186 841 1 0 1 "Vandalism"
0 213 144 304 186 842 1 0 1 "Vandalism"
0 213 144 304 186 843 1 0 1 "Vandalism"
0 213 144 304 186 844 1 0 0 "Vandalism"
