0 97 145 172 225 0 1 0 0 "Vandalism"
0 97 145 172 225 1 1 0 1 "Vandalism"
0 97 145 172 225 2 1 0 1 "Vandalism"
0 97 145 172 225 3 1 0 1 "Vandalism"
0 97 145 172 225 4 1 0 1 "Vandalism"
0 97 145 172 225 5 1 0 1 "Vandalism"
0 97 145 172 225 6 1 0 1 "Vandalism"
0 97 145 172 225 7 1 0 1 "Vandalism"
0 97 145 172 225 8 1 0 1 "Vandalism"
0 97 145 172 225 9 1 0 1 "Vandalism"
0 97 146 172 225 10 1 0 1 "Vandalism"
0 98 146 172 225 11 1 0 1 "Vandalism"
0 98 146 172 225 12 1 0 1 "Vandalism"
0 98 146 172 225 13 1 0 1 "Vandalism"
0 98 146 172 225 14 1 0 1 "Vandalism"
0 98 146 172 225 15 1 0 1 "Vandalism"
0 98 146 172 225 16 1 0 1 "Vandalism"
0 98 146 172 225 17 1 0 1 "Vandalism"
0 98 146 172 225 18 1 0 1 "Vandalism"
0 98 146 172 225 19 1 0 1 "Vandalism"
0 98 147 172 225 20 1 0 1 "Vandalism"
0 98 147 172 225 21 1 0 1 "Vandalism"
0 99 147 172 225 22 1 0 1 "Vandalism"
0 99 147 172 225 23 1 0 1 "Vandalism"
0 99 147 172 225 24 1 0 1 "Vandalism"
0 99 147 172 225 25 1 0 1 "Vandalism"
0 99 147 172 225 26 1 0 1 "Vandalism"
0 99 147 172 225 27 1 0 1 "Vandalism"
0 99 147 172 225 28 1 0 1 "Vandalism"
0 99 147 172 225 29 1 0 1 "Vandalism"
0 99 148 172 225 30 1 0 1 "Vandalism"
0 99 148 172 225 31 1 0 1 "Vandalism"
0 99 148 172 225 32 1 0 1 "Vandalism"
0 100 148 172 225 33 1 0 1 "Vandalism"
0 100 148 172 225 34 1 0 1 "Vandalism"
0 100 148 172 225 35 1 0 1 "Vandalism"
0 100 148 172 225 36 1 0 1 "Vandalism"
0 100 148 172 225 37 1 0 1 "Vandalism"
0 100 148 172 225 38 1 0 1 "Vandalism"
0 100 148 172 225 39 1 0 1 "Vandalism"
0 100 149 172 225 40 1 0 1 "Vandalism"
0 100 149 172 225 41 1 0 1 "Vandalism"
0 100 149 172 225 42 1 0 1 "Vandalism"
0 100 149 172 225 43 1 0 1 "Vandalism"
0 101 149 172 225 44 1 0 1 "Vandalism"
0 101 149 172 225 45 1 0 1 "Vandalism"
0 101 149 172 225 46 1 0 1 "Vandalism"
0 101 149 172 225 47 1 0 1 "Vandalism"
0 101 149 172 225 48 1 0 1 "Vandalism"
0 101 149 172 225 49 1 0 1 "Vandalism"
0 101 150 172 225 50 1 0 1 "Vandalism"
0 101 150 172 225 51 1 0 1 "Vandalism"
0 101 150 172 225 52 1 0 1 "Vandalism"
0 101 150 172 225 53 1 0 1 "Vandalism"
0 101 150 172 225 54 1 0 1 "Vandalism"
0 102 150 172 225 55 1 0 1 "Vandalism"
0 102 150 172 225 56 1 0 1 "Vandalism"
0 102 150 172 225 57 1 0 1 "Vandalism"
0 102 150 172 225 58 1 0 1 "Vandalism"
0 102 150 172 225 59 1 0 1 "Vandalism"
0 102 151 172 225 60 1 0 1 "Vandalism"
0 102 151 172 225 61 1 0 1 "Vandalism"
0 102 151 172 225 62 1 0 1 "Vandalism"
0 102 151 172 225 63 1 0 1 "Vandalism"
0 102 151 172 225 64 1 0 1 "Vandalism"
0 103 151 172 225 65 1 0 1 "Vandalism"
0 103 151 172 225 66 1 0 1 "Vandalism"
0 103 151 172 225 67 1 0 1 "Vandalism"
0 103 151 172 225 68 1 0 1 "Vandalism"
0 103 151 172 225 69 1 0 1 "Vandalism"
0 103 152 172 225 70 1 0 1 "Vandalism"
0 103 152 172 225 71 1 0 1 "Vandalism"
0 103 152 172 225 72 1 0 1 "Vandalism"
0 103 152 172 225 73 1 0 1 "Vandalism"
0 103 152 172 225 74 1 0 1 "Vandalism"
0 103 152 172 225 75 1 0 1 "Vandalism"
0 104 152 172 225 76 1 0 1 "Vandalism"
0 104 152 172 225 77 1 0 1 "Vandalism"
0 104 152 172 225 78 1 0 1 "Vandalism"
0 104 152 172 225 79 1 0 1 "Vandalism"
0 104 153 172 225 80 1 0 1 "Vandalism"
0 104 153 172 225 81 1 0 1 "Vandalism"
0 104 153 172 225 82 1 0 1 "Vandalism"
0 104 153 172 225 83 1 0 1 "Vandalism"
0 104 153 172 225 84 1 0 1 "Vandalism"
0 104 153 172 225 85 1 0 1 "Vandalism"
0 104 153 172 225 86 1 0 1 "Vandalism"
0 105 153 172 225 87 1 0 1 "Vandalism"
0 105 153 172 225 88 1 0 1 "Vandalism"
0 105 153 172 225 89 1 0 1 "Vandalism"
0 105 154 172 225 90 1 0 1 "Vandalism"
0 105 154 172 225 91 1 0 1 "Vandalism"
0 105 154 172 225 92 1 0 1 "Vandalism"
0 105 154 172 225 93 1 0 1 "Vandalism"
0 105 154 172 225 94 1 0 1 "Vandalism"
0 105 154 172 225 95 1 0 1 "Vandalism"
0 105 154 172 225 96 1 0 1 "Vandalism"
0 105 154 172 225 97 1 0 1 "Vandalism"
0 106 154 172 225 98 1 0 1 "Vandalism"
0 106 154 172 225 99 1 0 1 "Vandalism"
0 106 155 172 225 100 1 0 1 "Vandalism"
0 106 155 172 225 101 1 0 1 "Vandalism"
0 106 155 172 225 102 1 0 1 "Vandalism"
0 106 155 172 225 103 1 0 1 "Vandalism"
0 106 155 172 225 104 1 0 1 "Vandalism"
0 106 155 172 225 105 1 0 1 "Vandalism"
0 106 155 172 225 106 1 0 1 "Vandalism"
0 106 155 172 225 107 1 0 1 "Vandalism"
0 106 155 172 225 108 1 0 1 "Vandalism"
0 107 155 172 225 109 1 0 1 "Vandalism"
0 107 156 172 225 110 1 0 1 "Vandalism"
0 107 156 172 225 111 1 0 1 "Vandalism"
0 107 156 172 225 112 1 0 1 "Vandalism"
0 107 156 172 225 113 1 0 1 "Vandalism"
0 107 156 172 225 114 1 0 1 "Vandalism"
0 107 156 172 225 115 1 0 1 "Vandalism"
0 107 156 172 225 116 1 0 1 "Vandalism"
0 107 156 172 225 117 1 0 1 "Vandalism"
0 107 156 172 225 118 1 0 1 "Vandalism"
0 108 157 173 226 119 0 0 0 "Vandalism"
0 107 156 172 226 120 0 0 1 "Vandalism"
0 107 156 171 226 121 0 0 1 "Vandalism"
0 107 156 170 226 122 0 0 1 "Vandalism"
0 106 156 169 226 123 0 0 1 "Vandalism"
0 106 156 169 226 124 0 0 1 "Vandalism"
0 106 156 168 226 125 0 0 1 "Vandalism"
0 105 156 167 226 126 0 0 1 "Vandalism"
0 105 156 166 226 127 0 0 1 "Vandalism"
0 105 156 165 226 128 0 0 1 "Vandalism"
0 104 156 165 226 129 0 0 1 "Vandalism"
0 104 156 164 226 130 0 0 1 "Vandalism"
0 104 156 163 226 131 0 0 1 "Vandalism"
0 103 156 162 226 132 0 0 1 "Vandalism"
0 103 156 161 226 133 0 0 1 "Vandalism"
0 103 156 161 226 134 0 0 1 "Vandalism"
0 103 156 160 226 135 0 0 1 "Vandalism"
0 102 156 159 226 136 0 0 1 "Vandalism"
0 102 156 158 226 137 0 0 1 "Vandalism"
0 102 156 157 226 138 0 0 1 "Vandalism"
0 101 156 157 226 139 0 0 1 "Vandalism"
0 101 156 156 226 140 0 0 1 "Vandalism"
0 101 156 155 226 141 0 0 1 "Vandalism"
0 100 156 154 226 142 0 0 1 "Vandalism"
0 100 156 153 226 143 0 0 1 "Vandalism"
0 100 156 153 226 144 0 0 1 "Vandalism"
0 99 156 152 226 145 0 0 1 "Vandalism"
0 99 156 151 226 146 0 0 1 "Vandalism"
0 99 156 150 226 147 0 0 1 "Vandalism"
0 99 156 150 226 148 0 0 0 "Vandalism"
0 98 155 149 226 149 0 0 1 "Vandalism"
0 98 155 149 226 150 0 0 1 "Vandalism"
0 97 155 149 226 151 0 0 1 "Vandalism"
0 97 155 149 226 152 0 0 1 "Vandalism"
0 96 155 148 226 153 0 0 1 "Vandalism"
0 96 155 148 226 154 0 0 1 "Vandalism"
0 95 155 148 226 155 0 0 1 "Vandalism"
0 95 155 148 226 156 0 0 1 "Vandalism"
0 94 155 148 226 157 0 0 1 "Vandalism"
0 94 155 147 226 158 0 0 1 "Vandalism"
0 93 155 147 226 159 0 0 1 "Vandalism"
0 93 154 147 226 160 0 0 1 "Vandalism"
0 92 154 147 226 161 0 0 1 "Vandalism"
0 92 154 146 226 162 0 0 1 "Vandalism"
0 91 154 146 226 163 0 0 1 "Vandalism"
0 91 154 146 226 164 0 0 1 "Vandalism"
0 90 154 146 226 165 0 0 1 "Vandalism"
0 90 154 146 226 166 0 0 1 "Vandalism"
0 89 154 145 226 167 0 0 1 "Vandalism"
0 89 154 145 226 168 0 0 1 "Vandalism"
0 88 154 145 226 169 0 0 1 "Vandalism"
0 88 154 145 226 170 0 0 1 "Vandalism"
0 88 154 145 227 171 0 0 0 "Vandalism"
0 88 153 145 226 172 0 0 1 "Vandalism"
0 89 153 146 226 173 0 0 1 "Vandalism"
0 89 153 147 226 174 0 0 1 "Vandalism"
0 90 153 148 226 175 0 0 1 "Vandalism"
0 91 152 149 226 176 0 0 1 "Vandalism"
0 91 152 150 226 177 0 0 1 "Vandalism"
0 92 152 151 226 178 0 0 1 "Vandalism"
0 93 152 152 225 179 0 0 1 "Vandalism"
0 93 152 153 225 180 0 0 1 "Vandalism"
0 94 151 154 225 181 0 0 1 "Vandalism"
0 95 151 155 225 182 0 0 1 "Vandalism"
0 95 151 155 225 183 0 0 1 "Vandalism"
0 96 151 156 225 184 0 0 1 "Vandalism"
0 97 150 157 225 185 0 0 1 "Vandalism"
0 97 150 158 225 186 0 0 1 "Vandalism"
0 98 150 159 224 187 0 0 1 "Vandalism"
0 99 150 160 224 188 0 0 1 "Vandalism"
0 99 150 161 224 189 0 0 1 "Vandalism"
0 100 149 162 224 190 0 0 1 "Vandalism"
0 101 149 163 224 191 0 0 1 "Vandalism"
0 101 149 164 224 192 0 0 1 "Vandalism"
0 102 149 165 224 193 0 0 1 "Vandalism"
0 103 149 166 224 194 1 0 0 "Vandalism"
0 104 148 167 223 195 1 0 1 "Vandalism"
0 105 148 168 223 196 1 0 1 "Vandalism"
0 106 148 170 223 197 1 0 1 "Vandalism"
0 107 148 171 223 198 1 0 1 "Vandalism"
0 108 148 172 223 199 1 0 1 "Vandalism"
0 109 148 174 223 200 1 0 1 "Vandalism"
0 110 148 175 223 201 1 0 1 "Vandalism"
0 111 148 176 223 202 1 0 1 "Vandalism"
0 113 148 178 223 203 1 0 0 "Vandalism"
0 112 147 177 223 204 1 0 1 "Vandalism"
0 112 147 177 223 205 1 0 1 "Vandalism"
0 111 147 177 223 206 1 0 1 "Vandalism"
0 111 147 177 223 207 1 0 1 "Vandalism"
0 110 147 177 223 208 1 0 1 "Vandalism"
0 110 147 176 223 209 1 0 1 "Vandalism"
0 109 147 176 223 210 1 0 1 "Vandalism"
0 109 147 176 223 211 1 0 1 "Vandalism"
0 108 147 176 223 212 1 0 1 "Vandalism"
0 108 147 176 223 213 1 0 1 "Vandalism"
0 107 147 176 223 214 1 0 1 "Vandalism"
0 107 146 175 223 215 1 0 1 "Vandalism"
0 106 146 175 223 216 1 0 1 "Vandalism"
0 106 146 175 223 217 1 0 1 "Vandalism"
0 105 146 175 223 218 1 0 1 "Vandalism"
0 105 146 175 223 219 1 0 1 "Vandalism"
0 105 146 175 224 220 1 0 1 "Vandalism"
0 104 146 174 224 221 1 0 1 "Vandalism"
0 104 146 174 224 222 1 0 1 "Vandalism"
0 103 146 174 224 223 1 0 1 "Vandalism"
0 103 146 174 224 224 1 0 1 "Vandalism"
0 102 146 174 224 225 1 0 1 "Vandalism"
0 102 145 173 224 226 1 0 1 "Vandalism"
0 101 145 173 224 227 1 0 1 "Vandalism"
0 101 145 173 224 228 1 0 1 "Vandalism"
0 100 145 173 224 229 1 0 1 "Vandalism"
0 100 145 173 224 230 1 0 1 "Vandalism"
0 99 145 173 224 231 1 0 1 "Vandalism"
0 99 145 172 224 232 1 0 1 "Vandalism"
0 98 145 172 224 233 1 0 1 "Vandalism"
0 98 145 172 224 234 1 0 1 "Vandalism"
0 97 145 172 224 235 1 0 1 "Vandalism"
0 97 145 172 224 236 1 0 1 "Vandalism"
0 97 145 172 225 237 0 0 0 "Vandalism"
0 96 145 171 225 238 0 0 1 "Vandalism"
0 95 146 170 225 239 0 0 1 "Vandalism"
0 95 146 170 225 240 0 0 1 "Vandalism"
0 94 147 169 225 241 0 0 1 "Vandalism"
0 94 147 169 225 242 0 0 1 "Vandalism"
0 93 148 168 225 243 0 0 1 "Vandalism"
0 93 148 167 225 244 0 0 1 "Vandalism"
0 92 149 167 225 245 0 0 1 "Vandalism"
0 91 149 166 225 246 0 0 1 "Vandalism"
0 91 150 166 225 247 0 0 1 "Vandalism"
0 90 150 165 225 248 0 0 1 "Vandalism"
0 90 151 164 225 249 0 0 1 "Vandalism"
0 89 151 164 225 250 0 0 1 "Vandalism"
0 89 152 163 225 251 0 0 1 "Vandalism"
0 88 153 163 225 252 0 0 1 "Vandalism"
0 87 153 162 225 253 0 0 1 "Vandalism"
0 87 154 161 225 254 0 0 1 "Vandalism"
0 86 154 161 225 255 0 0 1 "Vandalism"
0 86 155 160 225 256 0 0 1 "Vandalism"
0 85 155 160 225 257 0 0 1 "Vandalism"
0 85 156 159 225 258 0 0 1 "Vandalism"
0 84 156 158 225 259 0 0 1 "Vandalism"
0 83 157 158 225 260 0 0 1 "Vandalism"
0 83 157 157 225 261 0 0 1 "Vandalism"
0 82 158 157 225 262 0 0 1 "Vandalism"
0 82 158 156 225 263 0 0 1 "Vandalism"
0 81 159 155 225 264 0 0 1 "Vandalism"
0 81 159 155 225 265 0 0 1 "Vandalism"
0 80 160 154 225 266 0 0 1 "Vandalism"
0 80 161 154 226 267 0 0 0 "Vandalism"
0 79 160 153 225 268 0 0 1 "Vandalism"
0 79 160 153 225 269 0 0 1 "Vandalism"
0 79 160 153 225 270 0 0 1 "Vandalism"
0 79 160 153 225 271 0 0 1 "Vandalism"
0 79 160 153 225 272 0 0 1 "Vandalism"
0 79 159 153 225 273 0 0 1 "Vandalism"
0 79 159 153 225 274 0 0 1 "Vandalism"
0 79 159 153 225 275 0 0 1 "Vandalism"
0 79 159 153 225 276 0 0 1 "Vandalism"
0 79 159 153 225 277 0 0 1 "Vandalism"
0 79 159 153 225 278 0 0 1 "Vandalism"
0 79 158 153 225 279 0 0 1 "Vandalism"
0 79 158 153 225 280 0 0 1 "Vandalism"
0 79 158 153 224 281 0 0 1 "Vandalism"
0 79 158 153 224 282 0 0 1 "Vandalism"
0 79 158 153 224 283 0 0 1 "Vandalism"
0 79 158 153 224 284 0 0 1 "Vandalism"
0 79 157 153 224 285 0 0 1 "Vandalism"
0 79 157 153 224 286 0 0 1 "Vandalism"
0 79 157 153 224 287 0 0 1 "Vandalism"
0 79 157 153 224 288 0 0 1 "Vandalism"
0 79 157 153 224 289 0 0 1 "Vandalism"
0 79 157 153 224 290 0 0 1 "Vandalism"
0 79 156 153 224 291 0 0 1 "Vandalism"
0 79 156 153 224 292 0 0 1 "Vandalism"
0 79 156 153 224 293 0 0 1 "Vandalism"
0 79 156 153 223 294 0 0 1 "Vandalism"
0 79 156 153 223 295 0 0 1 "Vandalism"
0 79 156 153 223 296 0 0 1 "Vandalism"
0 79 155 153 223 297 0 0 1 "Vandalism"
0 79 155 153 223 298 0 0 1 "Vandalism"
0 79 155 153 223 299 0 0 1 "Vandalism"
0 79 155 153 223 300 0 0 1 "Vandalism"
0 79 155 153 223 301 0 0 1 "Vandalism"
0 79 154 153 223 302 0 0 1 "Vandalism"
0 79 154 153 223 303 0 0 1 "Vandalism"
0 79 154 153 223 304 0 0 1 "Vandalism"
0 79 154 153 223 305 0 0 1 "Vandalism"
0 79 154 153 223 306 0 0 1 "Vandalism"
0 79 154 153 223 307 0 0 1 "Vandalism"
0 79 153 153 222 308 0 0 1 "Vandalism"
0 79 153 153 222 309 0 0 1 "Vandalism"
0 79 153 153 222 310 0 0 1 "Vandalism"
0 79 153 153 222 311 0 0 1 "Vandalism"
0 79 153 153 222 312 0 0 1 "Vandalism"
0 79 153 153 222 313 0 0 1 "Vandalism"
0 79 152 153 222 314 0 0 1 "Vandalism"
0 79 152 153 222 315 0 0 1 "Vandalism"
0 79 152 153 222 316 0 0 1 "Vandalism"
0 79 152 153 222 317 0 0 1 "Vandalism"
0 79 152 153 222 318 0 0 1 "Vandalism"
0 79 152 152 222 319 0 0 1 "Vandalism"
0 79 151 152 222 320 0 0 1 "Vandalism"
0 79 151 152 221 321 0 0 1 "Vandalism"
0 79 151 152 221 322 0 0 1 "Vandalism"
0 79 151 152 221 323 0 0 1 "Vandalism"
0 79 151 152 221 324 0 0 1 "Vandalism"
0 79 151 152 221 325 0 0 1 "Vandalism"
0 79 150 152 221 326 0 0 1 "Vandalism"
0 79 150 152 221 327 0 0 1 "Vandalism"
0 79 150 152 221 328 0 0 1 "Vandalism"
0 79 150 152 221 329 0 0 1 "Vandalism"
0 79 150 152 221 330 0 0 1 "Vandalism"
0 79 150 152 221 331 0 0 1 "Vandalism"
0 79 149 152 221 332 0 0 1 "Vandalism"
0 79 149 152 221 333 0 0 1 "Vandalism"
0 79 149 152 221 334 0 0 1 "Vandalism"
0 79 149 152 220 335 0 0 1 "Vandalism"
0 79 149 152 220 336 0 0 1 "Vandalism"
0 79 148 152 220 337 0 0 1 "Vandalism"
0 79 148 152 220 338 0 0 1 "Vandalism"
0 79 148 152 220 339 0 0 1 "Vandalism"
0 79 148 152 220 340 0 0 1 "Vandalism"
0 79 148 152 220 341 0 0 1 "Vandalism"
0 79 148 152 220 342 0 0 1 "Vandalism"
0 79 147 152 220 343 0 0 1 "Vandalism"
0 79 147 152 220 344 0 0 1 "Vandalism"
0 79 147 152 220 345 0 0 1 "Vandalism"
0 79 147 152 220 346 0 0 1 "Vandalism"
0 79 147 152 220 347 0 0 1 "Vandalism"
0 79 147 152 219 348 0 0 1 "Vandalism"
0 79 146 152 219 349 0 0 1 "Vandalism"
0 79 146 152 219 350 0 0 1 "Vandalism"
0 79 146 152 219 351 0 0 1 "Vandalism"
0 79 146 152 219 352 0 0 1 "Vandalism"
0 79 146 152 219 353 0 0 1 "Vandalism"
0 79 146 152 219 354 0 0 1 "Vandalism"
0 79 145 152 219 355 0 0 1 "Vandalism"
0 79 145 152 219 356 0 0 1 "Vandalism"
0 79 145 152 219 357 0 0 1 "Vandalism"
0 79 145 152 219 358 0 0 1 "Vandalism"
0 79 145 152 219 359 0 0 1 "Vandalism"
0 79 145 152 219 360 0 0 1 "Vandalism"
0 79 144 152 219 361 0 0 1 "Vandalism"
0 79 144 152 218 362 0 0 1 "Vandalism"
0 79 144 152 218 363 0 0 1 "Vandalism"
0 79 144 152 218 364 0 0 1 "Vandalism"
0 79 144 152 218 365 0 0 1 "Vandalism"
0 79 143 152 218 366 0 0 1 "Vandalism"
0 79 143 152 218 367 0 0 1 "Vandalism"
0 79 143 152 218 368 0 0 1 "Vandalism"
0 79 143 152 218 369 0 0 1 "Vandalism"
0 79 143 151 218 370 0 0 1 "Vandalism"
0 79 143 151 218 371 0 0 1 "Vandalism"
0 79 142 151 218 372 0 0 1 "Vandalism"
0 79 142 151 218 373 0 0 1 "Vandalism"
0 79 142 151 218 374 0 0 1 "Vandalism"
0 79 142 151 217 375 0 0 1 "Vandalism"
0 79 142 151 217 376 0 0 1 "Vandalism"
0 79 142 151 217 377 0 0 1 "Vandalism"
0 79 141 151 217 378 0 0 1 "Vandalism"
0 79 141 151 217 379 0 0 1 "Vandalism"
0 79 141 151 217 380 0 0 1 "Vandalism"
0 79 141 151 217 381 0 0 1 "Vandalism"
0 79 141 151 217 382 0 0 1 "Vandalism"
0 79 141 151 217 383 0 0 1 "Vandalism"
0 79 140 151 217 384 0 0 1 "Vandalism"
0 79 140 151 217 385 0 0 1 "Vandalism"
0 79 140 151 217 386 0 0 1 "Vandalism"
0 79 140 151 217 387 0 0 1 "Vandalism"
0 79 140 151 217 388 0 0 1 "Vandalism"
0 79 140 151 216 389 0 0 1 "Vandalism"
0 79 139 151 216 390 0 0 1 "Vandalism"
0 79 139 151 216 391 0 0 1 "Vandalism"
0 79 139 151 216 392 0 0 1 "Vandalism"
0 79 139 151 216 393 0 0 1 "Vandalism"
0 79 139 151 216 394 0 0 1 "Vandalism"
0 79 139 151 216 395 0 0 1 "Vandalism"
0 78 138 151 216 396 0 0 1 "Vandalism"
0 78 138 151 216 397 0 0 1 "Vandalism"
0 78 138 151 216 398 0 0 1 "Vandalism"
0 78 138 151 216 399 0 0 1 "Vandalism"
0 78 138 151 216 400 0 0 1 "Vandalism"
0 78 137 151 216 401 0 0 1 "Vandalism"
0 78 137 151 215 402 0 0 1 "Vandalism"
0 78 137 151 215 403 0 0 1 "Vandalism"
0 78 137 151 215 404 0 0 1 "Vandalism"
0 78 137 151 215 405 0 0 1 "Vandalism"
0 78 137 151 215 406 0 0 1 "Vandalism"
0 78 136 151 215 407 0 0 1 "Vandalism"
0 78 136 151 215 408 0 0 1 "Vandalism"
0 78 136 151 215 409 0 0 1 "Vandalism"
0 78 136 151 215 410 0 0 1 "Vandalism"
0 78 136 151 215 411 0 0 1 "Vandalism"
0 78 136 151 215 412 0 0 1 "Vandalism"
0 78 135 151 215 413 0 0 1 "Vandalism"
0 78 135 151 215 414 0 0 1 "Vandalism"
0 78 135 151 215 415 0 0 1 "Vandalism"
0 78 135 151 214 416 0 0 1 "Vandalism"
0 78 135 151 214 417 0 0 1 "Vandalism"
0 78 135 151 214 418 0 0 1 "Vandalism"
0 78 134 151 214 419 0 0 1 "Vandalism"
0 78 134 151 214 420 0 0 1 "Vandalism"
0 78 134 150 214 421 0 0 1 "Vandalism"
0 78 134 150 214 422 0 0 1 "Vandalism"
0 78 134 150 214 423 0 0 1 "Vandalism"
0 78 134 150 214 424 0 0 1 "Vandalism"
0 78 133 150 214 425 0 0 1 "Vandalism"
0 78 133 150 214 426 0 0 1 "Vandalism"
0 78 133 150 214 427 0 0 1 "Vandalism"
0 78 133 150 214 428 0 0 1 "Vandalism"
0 78 133 150 213 429 0 0 1 "Vandalism"
0 78 132 150 213 430 0 0 1 "Vandalism"
0 78 132 150 213 431 0 0 1 "Vandalism"
0 78 132 150 213 432 0 0 1 "Vandalism"
0 78 132 150 213 433 0 0 1 "Vandalism"
0 78 132 150 213 434 0 0 1 "Vandalism"
0 78 132 150 213 435 0 0 1 "Vandalism"
0 78 131 150 213 436 0 0 1 "Vandalism"
0 78 131 150 213 437 0 0 1 "Vandalism"
0 78 131 150 213 438 0 0 1 "Vandalism"
0 78 131 150 213 439 0 0 1 "Vandalism"
0 78 131 150 213 440 0 0 1 "Vandalism"
0 78 131 150 213 441 0 0 1 "Vandalism"
0 78 130 150 213 442 0 0 1 "Vandalism"
0 78 130 150 212 443 0 0 1 "Vandalism"
0 78 130 150 212 444 0 0 1 "Vandalism"
0 78 130 150 212 445 0 0 1 "Vandalism"
0 78 130 150 212 446 0 0 1 "Vandalism"
0 78 130 150 212 447 0 0 1 "Vandalism"
0 78 129 150 212 448 0 0 1 "Vandalism"
0 78 129 150 212 449 0 0 1 "Vandalism"
0 78 129 150 212 450 0 0 1 "Vandalism"
0 78 129 150 212 451 0 0 1 "Vandalism"
0 78 129 150 212 452 0 0 1 "Vandalism"
0 78 129 150 212 453 0 0 1 "Vandalism"
0 78 128 150 212 454 0 0 1 "Vandalism"
0 78 128 150 212 455 0 0 1 "Vandalism"
0 78 128 150 211 456 0 0 1 "Vandalism"
0 78 128 150 211 457 0 0 1 "Vandalism"
0 78 128 150 211 458 0 0 1 "Vandalism"
0 78 128 150 211 459 0 0 1 "Vandalism"
0 78 127 150 211 460 0 0 1 "Vandalism"
0 78 127 150 211 461 0 0 1 "Vandalism"
0 78 127 150 211 462 0 0 1 "Vandalism"
0 78 127 150 211 463 0 0 1 "Vandalism"
0 78 127 150 211 464 0 0 1 "Vandalism"
0 78 126 150 211 465 0 0 1 "Vandalism"
0 78 126 150 211 466 0 0 1 "Vandalism"
0 78 126 150 211 467 0 0 1 "Vandalism"
0 78 126 150 211 468 0 0 1 "Vandalism"
0 78 126 150 211 469 0 0 1 "Vandalism"
0 78 126 150 210 470 0 0 1 "Vandalism"
0 78 125 150 210 471 0 0 1 "Vandalism"
0 78 125 149 210 472 0 0 1 "Vandalism"
0 78 125 149 210 473 0 0 1 "Vandalism"
0 78 125 149 210 474 0 0 1 "Vandalism"
0 78 125 149 210 475 0 0 1 "Vandalism"
0 78 125 149 210 476 0 0 1 "Vandalism"
0 78 124 149 210 477 0 0 1 "Vandalism"
0 78 124 149 210 478 0 0 1 "Vandalism"
0 78 124 149 210 479 0 0 1 "Vandalism"
0 78 124 149 210 480 0 0 1 "Vandalism"
0 78 124 149 210 481 0 0 1 "Vandalism"
0 78 124 149 210 482 0 0 1 "Vandalism"
0 78 123 149 209 483 0 0 1 "Vandalism"
0 78 123 149 209 484 0 0 1 "Vandalism"
0 78 123 149 209 485 0 0 1 "Vandalism"
0 78 123 149 209 486 0 0 1 "Vandalism"
0 78 123 149 209 487 0 0 1 "Vandalism"
0 78 123 149 209 488 0 0 1 "Vandalism"
0 78 122 149 209 489 0 0 1 "Vandalism"
0 78 122 149 209 490 0 0 1 "Vandalism"
0 78 122 149 209 491 0 0 1 "Vandalism"
0 78 122 149 209 492 0 0 1 "Vandalism"
0 78 122 149 209 493 0 0 1 "Vandalism"
0 78 121 149 209 494 0 0 1 "Vandalism"
0 78 121 149 209 495 0 0 1 "Vandalism"
0 78 121 149 209 496 0 0 1 "Vandalism"
0 78 121 149 208 497 0 0 1 "Vandalism"
0 78 121 149 208 498 0 0 1 "Vandalism"
0 78 121 149 208 499 0 0 1 "Vandalism"
0 78 120 149 208 500 0 0 1 "Vandalism"
0 78 120 149 208 501 0 0 1 "Vandalism"
0 78 120 149 208 502 0 0 1 "Vandalism"
0 78 120 149 208 503 0 0 1 "Vandalism"
0 78 120 149 208 504 0 0 1 "Vandalism"
0 78 120 149 208 505 0 0 1 "Vandalism"
0 78 119 149 208 506 0 0 1 "Vandalism"
0 78 119 149 208 507 0 0 1 "Vandalism"
0 78 119 149 208 508 0 0 1 "Vandalism"
0 78 119 149 208 509 0 0 1 "Vandalism"
0 78 119 149 207 510 0 0 1 "Vandalism"
0 78 119 149 207 511 0 0 1 "Vandalism"
0 78 118 149 207 512 0 0 1 "Vandalism"
0 78 118 149 207 513 0 0 1 "Vandalism"
0 78 118 149 207 514 0 0 1 "Vandalism"
0 78 118 149 207 515 0 0 1 "Vandalism"
0 78 118 149 207 516 0 0 1 "Vandalism"
0 78 118 149 207 517 0 0 1 "Vandalism"
0 78 117 149 207 518 0 0 1 "Vandalism"
0 78 117 149 207 519 0 0 1 "Vandalism"
0 78 117 149 207 520 0 0 1 "Vandalism"
0 78 117 149 207 521 0 0 1 "Vandalism"
0 78 117 149 207 522 0 0 1 "Vandalism"
0 78 117 149 207 523 0 0 0 "Vandalism"
0 78 116 150 206 524 0 0 1 "Vandalism"
0 79 116 151 206 525 0 0 1 "Vandalism"
0 79 116 152 205 526 0 0 1 "Vandalism"
0 80 116 153 205 527 0 0 1 "Vandalism"
0 80 115 154 205 528 0 0 1 "Vandalism"
0 81 115 155 204 529 0 0 1 "Vandalism"
0 81 115 156 204 530 0 0 1 "Vandalism"
0 82 115 158 204 531 0 0 0 "Vandalism"
0 85 114 159 203 532 0 0 1 "Vandalism"
0 89 114 160 203 533 0 0 1 "Vandalism"
0 92 114 161 203 534 0 0 1 "Vandalism"
0 96 114 163 203 535 0 0 1 "Vandalism"
0 100 113 164 202 536 0 0 1 "Vandalism"
0 103 113 165 202 537 0 0 1 "Vandalism"
0 107 113 167 202 538 0 0 1 "Vandalism"
0 110 113 168 202 539 0 0 1 "Vandalism"
0 114 112 169 201 540 0 0 1 "Vandalism"
0 118 112 171 201 541 0 0 1 "Vandalism"
0 121 112 172 201 542 0 0 1 "Vandalism"
0 125 112 173 201 543 0 0 1 "Vandalism"
0 129 112 175 201 544 0 0 0 "Vandalism"
0 130 111 177 200 545 0 0 1 "Vandalism"
0 131 110 179 199 546 0 0 1 "Vandalism"
0 132 110 181 199 547 0 0 1 "Vandalism"
0 133 109 183 198 548 0 0 1 "Vandalism"
0 134 109 185 197 549 0 0 1 "Vandalism"
0 135 108 187 197 550 0 0 1 "Vandalism"
0 136 108 189 196 551 0 0 1 "Vandalism"
0 137 107 191 195 552 0 0 1 "Vandalism"
0 139 107 193 195 553 0 0 0 "Vandalism"
0 141 106 195 194 554 0 0 1 "Vandalism"
0 144 106 197 194 555 0 0 1 "Vandalism"
0 146 105 199 193 556 0 0 1 "Vandalism"
0 149 105 201 193 557 0 0 1 "Vandalism"
0 152 104 203 193 558 0 0 1 "Vandalism"
0 154 104 205 192 559 0 0 1 "Vandalism"
0 157 103 207 192 560 0 0 1 "Vandalism"
0 159 103 209 191 561 0 0 1 "Vandalism"
0 162 102 211 191 562 0 0 1 "Vandalism"
0 165 102 213 191 563 0 0 1 "Vandalism"
0 167 101 215 190 564 0 0 1 "Vandalism"
0 170 101 217 190 565 0 0 1 "Vandalism"
0 173 101 219 190 566 0 0 0 "Vandalism"
0 175 100 221 188 567 0 0 1 "Vandalism"
0 177 99 223 187 568 0 0 1 "Vandalism"
0 179 98 225 186 569 0 0 1 "Vandalism"
0 181 98 227 185 570 0 0 1 "Vandalism"
0 183 97 229 183 571 0 0 1 "Vandalism"
0 185 96 231 182 572 0 0 1 "Vandalism"
0 187 96 233 181 573 0 0 1 "Vandalism"
0 189 95 235 180 574 0 0 1 "Vandalism"
0 191 94 237 179 575 0 0 1 "Vandalism"
0 193 94 239 177 576 0 0 1 "Vandalism"
0 195 93 241 176 577 0 0 1 "Vandalism"
0 197 92 243 175 578 0 0 1 "Vandalism"
0 199 91 245 174 579 0 0 1 "Vandalism"
0 201 91 247 172 580 0 0 1 "Vandalism"
0 203 90 249 171 581 0 0 1 "Vandalism"
0 205 89 251 170 582 0 0 1 "Vandalism"
0 207 89 253 169 583 0 0 1 "Vandalism"
0 209 88 255 168 584 0 0 1 "Vandalism"
0 211 87 257 166 585 0 0 1 "Vandalism"
0 213 87 259 165 586 0 0 1 "Vandalism"
0 215 86 261 164 587 0 0 1 "Vandalism"
0 217 85 263 163 588 0 0 1 "Vandalism"
0 220 85 265 162 589 1 0 0 "Vandalism"
0 220 85 265 162 590 1 0 1 "Vandalism"
0 220 85 265 162 591 1 0 1 "Vandalism"
0 220 85 265 162 592 1 0 1 "Vandalism"
0 220 85 265 162 593 1 0 1 "Vandalism"
0 220 85 265 162 594 1 0 1 "Vandalism"
0 220 85 265 162 595 1 0 1 "Vandalism"
0 220 85 265 162 596 1 0 1 "Vandalism"
0 220 85 265 162 597 1 0 0 "Vandalism"
0 220 85 265 162 598 1 0 1 "Vandalism"
0 220 85 265 162 599 1 0 1 "Vandalism"
0 220 85 265 162 600 1 0 1 "Vandalism"
0 220 85 265 162 601 1 0 1 "Vandalism"
0 220 85 265 162 602 1 0 1 "Vandalism"
0 220 85 265 162 603 1 0 1 "Vandalism"
0 220 85 265 162 604 1 0 1 "Vandalism"
0 220 85 265 162 605 1 0 1 "Vandalism"
0 220 85 265 162 606 1 0 1 "Vandalism"
0 220 85 265 162 607 1 0 1 "Vandalism"
0 220 85 265 162 608 1 0 1 "Vandalism"
0 220 85 265 162 609 1 0 1 "Vandalism"
0 220 85 265 162 610 1 0 1 "Vandalism"
0 220 85 265 162 611 1 0 1 "Vandalism"
0 220 85 265 162 612 1 0 1 "Vandalism"
0 220 85 265 162 613 1 0 1 "Vandalism"
0 220 85 265 162 614 1 0 1 "Vandalism"
0 220 85 265 162 615 1 0 1 "Vandalism"
0 220 85 265 162 616 1 0 1 "Vandalism"
0 220 85 265 162 617 1 0 1 "Vandalism"
0 220 85 265 162 618 1 0 1 "Vandalism"
0 220 85 265 162 619 1 0 1 "Vandalism"
0 220 85 265 162 620 1 0 1 "Vandalism"
0 220 85 265 162 621 1 0 1 "Vandalism"
0 220 85 265 162 622 1 0 1 "Vandalism"
0 220 85 265 162 623 1 0 1 "Vandalism"
0 220 85 265 162 624 1 0 1 "Vandalism"
0 220 85 265 162 625 1 0 1 "Vandalism"
0 220 85 265 162 626 1 0 1 "Vandalism"
0 220 85 265 162 627 1 0 1 "Vandalism"
0 220 85 265 162 628 1 0 1 "Vandalism"
0 220 85 265 162 629 1 0 1 "Vandalism"
0 220 85 265 162 630 1 0 1 "Vandalism"
0 220 85 265 162 631 1 0 1 "Vandalism"
0 220 85 265 162 632 1 0 1 "Vandalism"
0 220 85 265 162 633 1 0 1 "Vandalism"
0 220 85 265 162 634 1 0 1 "Vandalism"
0 220 85 265 162 635 1 0 1 "Vandalism"
0 220 85 265 162 636 1 0 1 "Vandalism"
0 220 85 265 162 637 1 0 1 "Vandalism"
0 220 85 265 162 638 1 0 1 "Vandalism"
0 220 85 265 162 639 1 0 1 "Vandalism"
0 220 85 265 162 640 1 0 1 "Vandalism"
0 220 85 265 162 641 1 0 1 "Vandalism"
0 220 85 265 162 642 1 0 1 "Vandalism"
0 220 85 265 162 643 1 0 1 "Vandalism"
0 220 85 265 162 644 1 0 1 "Vandalism"
0 220 85 265 162 645 1 0 1 "Vandalism"
0 220 85 265 162 646 1 0 1 "Vandalism"
0 220 85 265 162 647 1 0 1 "Vandalism"
0 220 85 265 162 648 1 0 1 "Vandalism"
0 220 85 265 162 649 1 0 1 "Vandalism"
0 220 85 265 162 650 1 0 1 "Vandalism"
0 220 85 265 162 651 1 0 1 "Vandalism"
0 220 85 265 162 652 1 0 1 "Vandalism"
0 220 85 265 162 653 1 0 1 "Vandalism"
0 220 85 265 162 654 1 0 1 "Vandalism"
0 220 85 265 162 655 1 0 1 "Vandalism"
0 220 85 265 162 656 1 0 1 "Vandalism"
0 220 85 265 162 657 1 0 1 "Vandalism"
0 220 85 265 162 658 1 0 1 "Vandalism"
0 220 85 265 162 659 1 0 1 "Vandalism"
0 220 85 265 162 660 1 0 1 "Vandalism"
0 220 85 265 162 661 1 0 1 "Vandalism"
0 220 85 265 162 662 1 0 1 "Vandalism"
0 220 85 265 162 663 1 0 1 "Vandalism"
0 220 85 265 162 664 1 0 1 "Vandalism"
0 220 85 265 162 665 1 0 1 "Vandalism"
0 220 85 265 162 666 1 0 1 "Vandalism"
0 220 85 265 162 667 1 0 1 "Vandalism"
0 220 85 265 162 668 1 0 1 "Vandalism"
0 220 85 265 162 669 1 0 1 "Vandalism"
0 220 85 265 162 670 1 0 1 "Vandalism"
0 220 85 265 162 671 1 0 1 "Vandalism"
0 220 85 265 162 672 1 0 1 "Vandalism"
0 220 85 265 162 673 1 0 1 "Vandalism"
0 220 85 265 162 674 1 0 1 "Vandalism"
0 220 85 265 162 675 1 0 1 "Vandalism"
0 220 85 265 162 676 1 0 1 "Vandalism"
0 220 85 265 162 677 1 0 1 "Vandalism"
0 220 85 265 162 678 1 0 1 "Vandalism"
0 220 85 265 162 679 1 0 1 "Vandalism"
0 220 85 265 162 680 1 0 1 "Vandalism"
0 220 85 265 162 681 1 0 1 "Vandalism"
0 220 85 265 162 682 1 0 1 "Vandalism"
0 220 85 265 162 683 1 0 1 "Vandalism"
0 220 85 265 162 684 1 0 1 "Vandalism"
0 220 85 265 162 685 1 0 1 "Vandalism"
0 220 85 265 162 686 1 0 1 "Vandalism"
0 220 85 265 162 687 1 0 1 "Vandalism"
0 220 85 265 162 688 1 0 1 "Vandalism"
0 220 85 265 162 689 1 0 1 "Vandalism"
0 220 85 265 162 690 1 0 1 "Vandalism"
0 220 85 265 162 691 1 0 1 "Vandalism"
0 220 85 265 162 692 1 0 1 "Vandalism"
0 220 85 265 162 693 1 0 1 "Vandalism"
0 220 85 265 162 694 1 0 1 "Vandalism"
0 220 85 265 162 695 1 0 1 "Vandalism"
0 220 85 265 162 696 1 0 1 "Vandalism"
0 220 85 265 162 697 1 0 1 "Vandalism"
0 220 85 265 162 698 1 0 1 "Vandalism"
0 220 85 265 162 699 1 0 1 "Vandalism"
0 220 85 265 162 700 1 0 1 "Vandalism"
0 220 85 265 162 701 1 0 1 "Vandalism"
0 220 85 265 162 702 1 0 1 "Vandalism"
0 220 85 265 162 703 1 0 1 "Vandalism"
0 220 85 265 162 704 1 0 1 "Vandalism"
0 220 85 265 162 705 1 0 1 "Vandalism"
0 220 85 265 162 706 1 0 1 "Vandalism"
0 220 85 265 162 707 1 0 1 "Vandalism"
0 220 85 265 162 708 1 0 1 "Vandalism"
0 220 85 265 162 709 1 0 1 "Vandalism"
0 220 85 265 162 710 1 0 1 "Vandalism"
0 220 85 265 162 711 1 0 1 "Vandalism"
0 220 85 265 162 712 1 0 1 "Vandalism"
0 220 85 265 162 713 1 0 1 "Vandalism"
0 220 85 265 162 714 1 0 1 "Vandalism"
0 220 85 265 162 715 1 0 1 "Vandalism"
0 220 85 265 162 716 1 0 1 "Vandalism"
0 220 85 265 162 717 1 0 1 "Vandalism"
0 220 85 265 162 718 1 0 1 "Vandalism"
0 220 85 265 162 719 1 0 1 "Vandalism"
0 220 85 265 162 720 1 0 1 "Vandalism"
0 220 85 265 162 721 1 0 1 "Vandalism"
0 220 85 265 162 722 1 0 1 "Vandalism"
0 220 85 265 162 723 1 0 1 "Vandalism"
0 220 85 265 162 724 1 0 1 "Vandalism"
0 220 85 265 162 725 1 0 1 "Vandalism"
0 220 85 265 162 726 1 0 1 "Vandalism"
0 220 85 265 162 727 1 0 1 "Vandalism"
0 220 85 265 162 728 1 0 1 "Vandalism"
0 220 85 265 162 729 1 0 1 "Vandalism"
0 220 85 265 162 730 1 0 1 "Vandalism"
0 220 85 265 162 731 1 0 1 "Vandalism"
0 220 85 265 162 732 1 0 1 "Vandalism"
0 220 85 265 162 733 1 0 1 "Vandalism"
0 220 85 265 162 734 1 0 1 "Vandalism"
0 220 85 265 162 735 1 0 1 "Vandalism"
0 220 85 265 162 736 1 0 1 "Vandalism"
0 220 85 265 162 737 1 0 1 "Vandalism"
0 220 85 265 162 738 1 0 1 "Vandalism"
0 220 85 265 162 739 1 0 1 "Vandalism"
0 220 85 265 162 740 1 0 1 "Vandalism"
0 220 85 265 162 741 1 0 1 "Vandalism"
0 220 85 265 162 742 1 0 1 "Vandalism"
0 220 85 265 162 743 1 0 1 "Vandalism"
0 220 85 265 162 744 1 0 1 "Vandalism"
0 220 85 265 162 745 1 0 1 "Vandalism"
0 220 85 265 162 746 1 0 1 "Vandalism"
0 220 85 265 162 747 1 0 1 "Vandalism"
0 220 85 265 162 748 1 0 1 "Vandalism"
0 220 85 265 162 749 1 0 1 "Vandalism"
0 220 85 265 162 750 1 0 1 "Vandalism"
0 220 85 265 162 751 1 0 1 "Vandalism"
0 220 85 265 162 752 1 0 1 "Vandalism"
0 220 85 265 162 753 1 0 1 "Vandalism"
0 220 85 265 162 754 1 0 1 "Vandalism"
0 220 85 265 162 755 1 0 1 "Vandalism"
0 220 85 265 162 756 1 0 1 "Vandalism"
0 220 85 265 162 757 1 0 1 "Vandalism"
0 220 85 265 162 758 1 0 1 "Vandalism"
0 220 85 265 162 759 1 0 1 "Vandalism"
0 220 85 265 162 760 1 0 1 "Vandalism"
0 220 85 265 162 761 1 0 1 "Vandalism"
0 220 85 265 162 762 1 0 1 "Vandalism"
0 220 85 265 162 763 1 0 1 "Vandalism"
0 220 85 265 162 764 1 0 1 "Vandalism"
0 220 85 265 162 765 1 0 1 "Vandalism"
0 220 85 265 162 766 1 0 1 "Vandalism"
0 220 85 265 162 767 1 0 1 "Vandalism"
0 220 85 265 162 768 1 0 1 "Vandalism"
0 220 85 265 162 769 1 0 1 "Vandalism"
0 220 85 265 162 770 1 0 1 "Vandalism"
0 220 85 265 162 771 1 0 1 "Vandalism"
0 220 85 265 162 772 1 0 1 "Vandalism"
0 220 85 265 162 773 1 0 1 "Vandalism"
0 220 85 265 162 774 1 0 1 "Vandalism"
0 220 85 265 162 775 1 0 1 "Vandalism"
0 220 85 265 162 776 1 0 1 "Vandalism"
0 220 85 265 162 777 1 0 1 "Vandalism"
0 220 85 265 162 778 1 0 1 "Vandalism"
0 220 85 265 162 779 1 0 1 "Vandalism"
0 220 85 265 162 780 1 0 1 "Vandalism"
0 220 85 265 162 781 1 0 1 "Vandalism"
0 220 85 265 162 782 1 0 1 "Vandalism"
0 220 85 265 162 783 1 0 1 "Vandalism"
0 220 85 265 162 784 1 0 1 "Vandalism"
0 220 85 265 162 785 1 0 1 "Vandalism"
0 220 85 265 162 786 1 0 1 "Vandalism"
0 220 85 265 162 787 1 0 1 "Vandalism"
0 220 85 265 162 788 1 0 1 "Vandalism"
0 220 85 265 162 789 1 0 1 "Vandalism"
0 220 85 265 162 790 1 0 1 "Vandalism"
0 220 85 265 162 791 1 0 1 "Vandalism"
0 220 85 265 162 792 1 0 1 "Vandalism"
0 220 85 265 162 793 1 0 1 "Vandalism"
0 220 85 265 162 794 1 0 1 "Vandalism"
0 220 85 265 162 795 1 0 1 "Vandalism"
0 220 85 265 162 796 1 0 1 "Vandalism"
0 220 85 265 162 797 1 0 1 "Vandalism"
0 220 85 265 162 798 1 0 1 "Vandalism"
0 220 85 265 162 799 1 0 1 "Vandalism"
0 220 85 265 162 800 1 0 1 "Vandalism"
0 220 85 265 162 801 1 0 1 "Vandalism"
0 220 85 265 162 802 1 0 1 "Vandalism"
0 220 85 265 162 803 1 0 1 "Vandalism"
0 220 85 265 162 804 1 0 1 "Vandalism"
0 220 85 265 162 805 1 0 1 "Vandalism"
0 220 85 265 162 806 1 0 1 "Vandalism"
0 220 85 265 162 807 1 0 1 "Vandalism"
0 220 85 265 162 808 1 0 1 "Vandalism"
0 220 85 265 162 809 1 0 1 "Vandalism"
0 220 85 265 162 810 1 0 1 "Vandalism"
0 220 85 265 162 811 1 0 1 "Vandalism"
0 220 85 265 162 812 1 0 1 "Vandalism"
0 220 85 265 162 813 1 0 1 "Vandalism"
0 220 85 265 162 814 1 0 1 "Vandalism"
0 220 85 265 162 815 1 0 1 "Vandalism"
0 220 85 265 162 816 1 0 1 "Vandalism"
0 220 85 265 162 817 1 0 1 "Vandalism"
0 220 85 265 162 818 1 0 1 "Vandalism"
0 220 85 265 162 819 1 0 1 "Vandalism"
0 220 85 265 162 820 1 0 1 "Vandalism"
0 220 85 265 162 821 1 0 1 "Vandalism"
0 220 85 265 162 822 1 0 1 "Vandalism"
0 220 85 265 162 823 1 0 1 "Vandalism"
0 220 85 265 162 824 1 0 1 "Vandalism"
0 220 85 265 162 825 1 0 1 "Vandalism"
0 220 85 265 162 826 1 0 1 "Vandalism"
0 220 85 265 162 827 1 0 1 "Vandalism"
0 220 85 265 162 828 1 0 1 "Vandalism"
0 220 85 265 162 829 1 0 1 "Vandalism"
0 220 85 265 162 830 1 0 1 "Vandalism"
0 220 85 265 162 831 1 0 1 "Vandalism"
0 220 85 265 162 832 1 0 1 "Vandalism"
0 220 85 265 162 833 1 0 1 "Vandalism"
0 220 85 265 162 834 1 0 1 "Vandalism"
0 220 85 265 162 835 1 0 1 "Vandalism"
0 220 85 265 162 836 1 0 1 "Vandalism"
0 220 85 265 162 837 1 0 1 "Vandalism"
0 220 85 265 162 838 1 0 1 "Vandalism"
0 220 85 265 162 839 1 0 1 "Vandalism"
0 220 85 265 162 840 1 0 1 "Vandalism"
0 220 85 265 162 841 1 0 1 "Vandalism"
0 220 85 265 162 842 1 0 1 "Vandalism"
0 220 85 265 162 843 1 0 1 "Vandalism"
0 220 85 265 162 844 1 0 1 "Vandalism"
0 220 85 265 162 845 1 0 1 "Vandalism"
0 220 85 265 162 846 1 0 1 "Vandalism"
0 220 85 265 162 847 1 0 1 "Vandalism"
0 220 85 265 162 848 1 0 1 "Vandalism"
0 220 85 265 162 849 1 0 1 "Vandalism"
0 220 85 265 162 850 1 0 1 "Vandalism"
0 220 85 265 162 851 1 0 1 "Vandalism"
0 220 85 265 162 852 1 0 1 "Vandalism"
0 220 85 265 162 853 1 0 1 "Vandalism"
0 220 85 265 162 854 1 0 1 "Vandalism"
0 220 85 265 162 855 1 0 1 "Vandalism"
0 220 85 265 162 856 1 0 1 "Vandalism"
0 220 85 265 162 857 1 0 1 "Vandalism"
0 220 85 265 162 858 1 0 1 "Vandalism"
0 220 85 265 162 859 1 0 1 "Vandalism"
0 220 85 265 162 860 1 0 1 "Vandalism"
0 220 85 265 162 861 1 0 1 "Vandalism"
0 220 85 265 162 862 1 0 1 "Vandalism"
0 220 85 265 162 863 1 0 1 "Vandalism"
0 220 85 265 162 864 1 0 1 "Vandalism"
0 220 85 265 162 865 1 0 1 "Vandalism"
0 220 85 265 162 866 1 0 1 "Vandalism"
0 220 85 265 162 867 1 0 1 "Vandalism"
0 220 85 265 162 868 1 0 1 "Vandalism"
0 220 85 265 162 869 1 0 1 "Vandalism"
0 220 85 265 162 870 1 0 1 "Vandalism"
0 220 85 265 162 871 1 0 1 "Vandalism"
0 220 85 265 162 872 1 0 1 "Vandalism"
0 220 85 265 162 873 1 0 1 "Vandalism"
0 220 85 265 162 874 1 0 1 "Vandalism"
0 220 85 265 162 875 1 0 1 "Vandalism"
0 220 85 265 162 876 1 0 1 "Vandalism"
0 220 85 265 162 877 1 0 1 "Vandalism"
0 220 85 265 162 878 1 0 1 "Vandalism"
0 220 85 265 162 879 1 0 1 "Vandalism"
0 220 85 265 162 880 1 0 1 "Vandalism"
0 220 85 265 162 881 1 0 1 "Vandalism"
0 220 85 265 162 882 1 0 1 "Vandalism"
0 220 85 265 162 883 1 0 1 "Vandalism"
0 220 85 265 162 884 1 0 1 "Vandalism"
0 220 85 265 162 885 1 0 1 "Vandalism"
0 220 85 265 162 886 1 0 1 "Vandalism"
0 220 85 265 162 887 1 0 1 "Vandalism"
0 220 85 265 162 888 1 0 1 "Vandalism"
0 220 85 265 162 889 1 0 1 "Vandalism"
0 220 85 265 162 890 1 0 1 "Vandalism"
0 220 85 265 162 891 1 0 1 "Vandalism"
0 220 85 265 162 892 1 0 1 "Vandalism"
0 220 85 265 162 893 1 0 1 "Vandalism"
0 220 85 265 162 894 1 0 1 "Vandalism"
0 220 85 265 162 895 1 0 1 "Vandalism"
0 220 85 265 162 896 1 0 1 "Vandalism"
0 220 85 265 162 897 1 0 1 "Vandalism"
0 220 85 265 162 898 1 0 1 "Vandalism"
0 220 85 265 162 899 1 0 1 "Vandalism"
0 220 85 265 162 900 1 0 1 "Vandalism"
0 220 85 265 162 901 1 0 1 "Vandalism"
0 220 85 265 162 902 1 0 1 "Vandalism"
0 220 85 265 162 903 1 0 1 "Vandalism"
0 220 85 265 162 904 1 0 1 "Vandalism"
0 220 85 265 162 905 1 0 1 "Vandalism"
0 220 85 265 162 906 1 0 1 "Vandalism"
0 220 85 265 162 907 1 0 1 "Vandalism"
0 220 85 265 162 908 1 0 1 "Vandalism"
0 220 85 265 162 909 1 0 1 "Vandalism"
0 220 85 265 162 910 1 0 1 "Vandalism"
0 220 85 265 162 911 1 0 1 "Vandalism"
0 220 85 265 162 912 1 0 1 "Vandalism"
0 220 85 265 162 913 1 0 1 "Vandalism"
0 220 85 265 162 914 1 0 1 "Vandalism"
0 220 85 265 162 915 1 0 1 "Vandalism"
0 220 85 265 162 916 1 0 1 "Vandalism"
0 220 85 265 162 917 1 0 1 "Vandalism"
0 220 85 265 162 918 1 0 1 "Vandalism"
0 220 85 265 162 919 1 0 1 "Vandalism"
0 220 85 265 162 920 1 0 1 "Vandalism"
0 220 85 265 162 921 1 0 1 "Vandalism"
0 220 85 265 162 922 1 0 1 "Vandalism"
0 220 85 265 162 923 1 0 1 "Vandalism"
0 220 85 265 162 924 1 0 1 "Vandalism"
0 220 85 265 162 925 1 0 1 "Vandalism"
0 220 85 265 162 926 1 0 1 "Vandalism"
0 220 85 265 162 927 1 0 1 "Vandalism"
0 220 85 265 162 928 1 0 1 "Vandalism"
0 220 85 265 162 929 1 0 1 "Vandalism"
0 220 85 265 162 930 1 0 1 "Vandalism"
0 220 85 265 162 931 1 0 1 "Vandalism"
0 220 85 265 162 932 1 0 1 "Vandalism"
0 220 85 265 162 933 1 0 1 "Vandalism"
0 220 85 265 162 934 1 0 1 "Vandalism"
0 220 85 265 162 935 1 0 1 "Vandalism"
0 220 85 265 162 936 1 0 1 "Vandalism"
0 220 85 265 162 937 1 0 1 "Vandalism"
0 220 85 265 162 938 1 0 1 "Vandalism"
0 220 85 265 162 939 1 0 1 "Vandalism"
0 220 85 265 162 940 1 0 1 "Vandalism"
0 220 85 265 162 941 1 0 1 "Vandalism"
0 220 85 265 162 942 1 0 1 "Vandalism"
0 220 85 265 162 943 1 0 1 "Vandalism"
0 220 85 265 162 944 1 0 1 "Vandalism"
0 220 85 265 162 945 1 0 1 "Vandalism"
0 220 85 265 162 946 1 0 1 "Vandalism"
0 220 85 265 162 947 1 0 1 "Vandalism"
0 220 85 265 162 948 1 0 1 "Vandalism"
0 220 85 265 162 949 1 0 1 "Vandalism"
0 220 85 265 162 950 1 0 1 "Vandalism"
0 220 85 265 162 951 1 0 1 "Vandalism"
0 220 85 265 162 952 1 0 1 "Vandalism"
0 220 85 265 162 953 1 0 1 "Vandalism"
0 220 85 265 162 954 1 0 1 "Vandalism"
0 220 85 265 162 955 1 0 1 "Vandalism"
0 220 85 265 162 956 1 0 1 "Vandalism"
0 220 85 265 162 957 1 0 1 "Vandalism"
0 220 85 265 162 958 1 0 1 "Vandalism"
0 220 85 265 162 959 1 0 1 "Vandalism"
0 220 85 265 162 960 1 0 1 "Vandalism"
0 220 85 265 162 961 1 0 1 "Vandalism"
0 220 85 265 162 962 1 0 1 "Vandalism"
0 220 85 265 162 963 1 0 1 "Vandalism"
0 220 85 265 162 964 1 0 1 "Vandalism"
0 220 85 265 162 965 1 0 1 "Vandalism"
0 220 85 265 162 966 1 0 1 "Vandalism"
0 220 85 265 162 967 1 0 1 "Vandalism"
0 220 85 265 162 968 1 0 1 "Vandalism"
0 220 85 265 162 969 1 0 1 "Vandalism"
0 220 85 265 162 970 1 0 1 "Vandalism"
0 220 85 265 162 971 1 0 1 "Vandalism"
0 220 85 265 162 972 1 0 1 "Vandalism"
0 220 85 265 162 973 1 0 1 "Vandalism"
0 220 85 265 162 974 1 0 1 "Vandalism"
0 220 85 265 162 975 1 0 1 "Vandalism"
0 220 85 265 162 976 1 0 1 "Vandalism"
0 220 85 265 162 977 1 0 1 "Vandalism"
0 220 85 265 162 978 1 0 1 "Vandalism"
0 220 85 265 162 979 1 0 1 "Vandalism"
0 220 85 265 162 980 1 0 1 "Vandalism"
0 220 85 265 162 981 1 0 1 "Vandalism"
0 220 85 265 162 982 1 0 1 "Vandalism"
0 220 85 265 162 983 1 0 1 "Vandalism"
0 220 85 265 162 984 1 0 1 "Vandalism"
0 220 85 265 162 985 1 0 1 "Vandalism"
0 220 85 265 162 986 1 0 1 "Vandalism"
0 220 85 265 162 987 1 0 1 "Vandalism"
0 220 85 265 162 988 1 0 1 "Vandalism"
0 220 85 265 162 989 1 0 1 "Vandalism"
0 220 85 265 162 990 1 0 1 "Vandalism"
0 220 85 265 162 991 1 0 1 "Vandalism"
0 220 85 265 162 992 1 0 1 "Vandalism"
0 220 85 265 162 993 1 0 1 "Vandalism"
0 220 85 265 162 994 1 0 1 "Vandalism"
0 220 85 265 162 995 1 0 1 "Vandalism"
0 220 85 265 162 996 1 0 1 "Vandalism"
0 220 85 265 162 997 1 0 1 "Vandalism"
0 220 85 265 162 998 1 0 1 "Vandalism"
0 220 85 265 162 999 1 0 1 "Vandalism"
0 220 85 265 162 1000 1 0 1 "Vandalism"
0 220 85 265 162 1001 1 0 1 "Vandalism"
0 220 85 265 162 1002 1 0 1 "Vandalism"
0 220 85 265 162 1003 1 0 1 "Vandalism"
0 220 85 265 162 1004 1 0 1 "Vandalism"
0 220 85 265 162 1005 1 0 1 "Vandalism"
0 220 85 265 162 1006 1 0 1 "Vandalism"
0 220 85 265 162 1007 1 0 1 "Vandalism"
0 220 85 265 162 1008 1 0 1 "Vandalism"
0 220 85 265 162 1009 1 0 1 "Vandalism"
0 220 85 265 162 1010 1 0 1 "Vandalism"
0 220 85 265 162 1011 1 0 1 "Vandalism"
0 220 85 265 162 1012 1 0 1 "Vandalism"
0 220 85 265 162 1013 1 0 1 "Vandalism"
0 220 85 265 162 1014 1 0 1 "Vandalism"
0 220 85 265 162 1015 1 0 1 "Vandalism"
0 220 85 265 162 1016 1 0 1 "Vandalism"
0 220 85 265 162 1017 1 0 1 "Vandalism"
0 220 85 265 162 1018 1 0 1 "Vandalism"
0 220 85 265 162 1019 1 0 1 "Vandalism"
0 220 85 265 162 1020 1 0 1 "Vandalism"
0 220 85 265 162 1021 1 0 1 "Vandalism"
0 220 85 265 162 1022 1 0 1 "Vandalism"
0 220 85 265 162 1023 1 0 1 "Vandalism"
0 220 85 265 162 1024 1 0 1 "Vandalism"
0 220 85 265 162 1025 1 0 1 "Vandalism"
0 220 85 265 162 1026 1 0 1 "Vandalism"
0 220 85 265 162 1027 1 0 1 "Vandalism"
0 220 85 265 162 1028 1 0 1 "Vandalism"
0 220 85 265 162 1029 1 0 1 "Vandalism"
0 220 85 265 162 1030 1 0 1 "Vandalism"
0 220 85 265 162 1031 1 0 1 "Vandalism"
0 220 85 265 162 1032 1 0 1 "Vandalism"
0 220 85 265 162 1033 1 0 1 "Vandalism"
0 220 85 265 162 1034 1 0 1 "Vandalism"
0 220 85 265 162 1035 1 0 1 "Vandalism"
0 220 85 265 162 1036 1 0 1 "Vandalism"
0 220 85 265 162 1037 1 0 1 "Vandalism"
0 220 85 265 162 1038 1 0 1 "Vandalism"
0 220 85 265 162 1039 1 0 1 "Vandalism"
0 220 85 265 162 1040 1 0 1 "Vandalism"
0 220 85 265 162 1041 1 0 1 "Vandalism"
0 220 85 265 162 1042 1 0 1 "Vandalism"
0 220 85 265 162 1043 1 0 1 "Vandalism"
0 220 85 265 162 1044 1 0 1 "Vandalism"
0 220 85 265 162 1045 1 0 1 "Vandalism"
0 220 85 265 162 1046 1 0 1 "Vandalism"
0 220 85 265 162 1047 1 0 1 "Vandalism"
0 220 85 265 162 1048 1 0 1 "Vandalism"
0 220 85 265 162 1049 1 0 1 "Vandalism"
0 220 85 265 162 1050 1 0 1 "Vandalism"
0 220 85 265 162 1051 1 0 1 "Vandalism"
0 220 85 265 162 1052 1 0 1 "Vandalism"
0 220 85 265 162 1053 1 0 1 "Vandalism"
0 220 85 265 162 1054 1 0 1 "Vandalism"
0 220 85 265 162 1055 1 0 1 "Vandalism"
0 220 85 265 162 1056 1 0 1 "Vandalism"
0 220 85 265 162 1057 1 0 1 "Vandalism"
0 220 85 265 162 1058 1 0 1 "Vandalism"
0 220 85 265 162 1059 1 0 1 "Vandalism"
0 220 85 265 162 1060 1 0 1 "Vandalism"
0 220 85 265 162 1061 1 0 1 "Vandalism"
0 220 85 265 162 1062 1 0 1 "Vandalism"
0 220 85 265 162 1063 1 0 1 "Vandalism"
0 220 85 265 162 1064 1 0 1 "Vandalism"
0 220 85 265 162 1065 1 0 1 "Vandalism"
0 220 85 265 162 1066 1 0 1 "Vandalism"
0 220 85 265 162 1067 1 0 1 "Vandalism"
0 220 85 265 162 1068 1 0 1 "Vandalism"
0 220 85 265 162 1069 1 0 1 "Vandalism"
0 220 85 265 162 1070 1 0 1 "Vandalism"
0 220 85 265 162 1071 1 0 1 "Vandalism"
0 220 85 265 162 1072 1 0 1 "Vandalism"
0 220 85 265 162 1073 1 0 1 "Vandalism"
0 220 85 265 162 1074 1 0 1 "Vandalism"
0 220 85 265 162 1075 1 0 1 "Vandalism"
0 220 85 265 162 1076 1 0 1 "Vandalism"
0 220 85 265 162 1077 1 0 1 "Vandalism"
0 220 85 265 162 1078 1 0 1 "Vandalism"
0 220 85 265 162 1079 1 0 1 "Vandalism"
0 220 85 265 162 1080 1 0 1 "Vandalism"
0 220 85 265 162 1081 1 0 1 "Vandalism"
0 220 85 265 162 1082 1 0 1 "Vandalism"
0 220 85 265 162 1083 1 0 1 "Vandalism"
0 220 85 265 162 1084 1 0 1 "Vandalism"
0 220 85 265 162 1085 1 0 1 "Vandalism"
0 220 85 265 162 1086 1 0 1 "Vandalism"
0 220 85 265 162 1087 1 0 1 "Vandalism"
0 220 85 265 162 1088 1 0 1 "Vandalism"
0 220 85 265 162 1089 1 0 1 "Vandalism"
0 220 85 265 162 1090 1 0 1 "Vandalism"
0 220 85 265 162 1091 1 0 1 "Vandalism"
0 220 85 265 162 1092 1 0 1 "Vandalism"
0 220 85 265 162 1093 1 0 1 "Vandalism"
0 220 85 265 162 1094 1 0 1 "Vandalism"
0 220 85 265 162 1095 1 0 1 "Vandalism"
0 220 85 265 162 1096 1 0 1 "Vandalism"
0 220 85 265 162 1097 1 0 1 "Vandalism"
0 220 85 265 162 1098 1 0 1 "Vandalism"
0 220 85 265 162 1099 1 0 1 "Vandalism"
0 220 85 265 162 1100 1 0 1 "Vandalism"
0 220 85 265 162 1101 1 0 1 "Vandalism"
0 220 85 265 162 1102 1 0 1 "Vandalism"
0 220 85 265 162 1103 1 0 1 "Vandalism"
0 220 85 265 162 1104 1 0 1 "Vandalism"
0 220 85 265 162 1105 1 0 1 "Vandalism"
0 220 85 265 162 1106 1 0 1 "Vandalism"
0 220 85 265 162 1107 1 0 1 "Vandalism"
0 220 85 265 162 1108 1 0 1 "Vandalism"
0 220 85 265 162 1109 1 0 1 "Vandalism"
0 220 85 265 162 1110 1 0 1 "Vandalism"
0 220 85 265 162 1111 1 0 1 "Vandalism"
0 220 85 265 162 1112 1 0 1 "Vandalism"
0 220 85 265 162 1113 1 0 1 "Vandalism"
0 220 85 265 162 1114 1 0 1 "Vandalism"
0 220 85 265 162 1115 1 0 1 "Vandalism"
0 220 85 265 162 1116 1 0 1 "Vandalism"
0 220 85 265 162 1117 1 0 1 "Vandalism"
0 220 85 265 162 1118 1 0 1 "Vandalism"
0 220 85 265 162 1119 1 0 1 "Vandalism"
0 220 85 265 162 1120 1 0 1 "Vandalism"
0 220 85 265 162 1121 1 0 1 "Vandalism"
0 220 85 265 162 1122 1 0 1 "Vandalism"
0 220 85 265 162 1123 1 0 1 "Vandalism"
0 220 85 265 162 1124 1 0 1 "Vandalism"
0 220 85 265 162 1125 1 0 1 "Vandalism"
0 220 85 265 162 1126 1 0 1 "Vandalism"
0 220 85 265 162 1127 1 0 1 "Vandalism"
0 220 85 265 162 1128 1 0 1 "Vandalism"
0 220 85 265 162 1129 1 0 1 "Vandalism"
0 220 85 265 162 1130 1 0 1 "Vandalism"
0 220 85 265 162 1131 1 0 1 "Vandalism"
0 220 85 265 162 1132 1 0 1 "Vandalism"
0 220 85 265 162 1133 1 0 1 "Vandalism"
0 220 85 265 162 1134 1 0 1 "Vandalism"
0 220 85 265 162 1135 1 0 1 "Vandalism"
0 220 85 265 162 1136 1 0 1 "Vandalism"
0 220 85 265 162 1137 1 0 1 "Vandalism"
0 220 85 265 162 1138 1 0 1 "Vandalism"
0 220 85 265 162 1139 1 0 1 "Vandalism"
0 220 85 265 162 1140 1 0 1 "Vandalism"
0 220 85 265 162 1141 1 0 1 "Vandalism"
0 220 85 265 162 1142 1 0 1 "Vandalism"
0 220 85 265 162 1143 1 0 1 "Vandalism"
0 220 85 265 162 1144 1 0 1 "Vandalism"
0 220 85 265 162 1145 1 0 1 "Vandalism"
0 220 85 265 162 1146 1 0 1 "Vandalism"
0 220 85 265 162 1147 1 0 1 "Vandalism"
0 220 85 265 162 1148 1 0 1 "Vandalism"
0 220 85 265 162 1149 1 0 1 "Vandalism"
0 220 85 265 162 1150 1 0 1 "Vandalism"
0 220 85 265 162 1151 1 0 1 "Vandalism"
0 220 85 265 162 1152 1 0 1 "Vandalism"
0 220 85 265 162 1153 1 0 1 "Vandalism"
0 220 85 265 162 1154 1 0 1 "Vandalism"
0 220 85 265 162 1155 1 0 1 "Vandalism"
0 220 85 265 162 1156 1 0 1 "Vandalism"
0 220 85 265 162 1157 1 0 1 "Vandalism"
0 220 85 265 162 1158 1 0 1 "Vandalism"
0 220 85 265 162 1159 1 0 1 "Vandalism"
0 220 85 265 162 1160 1 0 1 "Vandalism"
0 220 85 265 162 1161 1 0 1 "Vandalism"
0 220 85 265 162 1162 1 0 1 "Vandalism"
0 220 85 265 162 1163 1 0 1 "Vandalism"
0 220 85 265 162 1164 1 0 1 "Vandalism"
0 220 85 265 162 1165 1 0 1 "Vandalism"
0 220 85 265 162 1166 1 0 1 "Vandalism"
0 220 85 265 162 1167 1 0 1 "Vandalism"
0 220 85 265 162 1168 1 0 1 "Vandalism"
0 220 85 265 162 1169 1 0 1 "Vandalism"
0 220 85 265 162 1170 1 0 1 "Vandalism"
0 220 85 265 162 1171 1 0 1 "Vandalism"
0 220 85 265 162 1172 1 0 1 "Vandalism"
0 220 85 265 162 1173 1 0 1 "Vandalism"
0 220 85 265 162 1174 1 0 1 "Vandalism"
0 220 85 265 162 1175 1 0 1 "Vandalism"
0 220 85 265 162 1176 1 0 1 "Vandalism"
0 220 85 265 162 1177 1 0 1 "Vandalism"
0 220 85 265 162 1178 1 0 1 "Vandalism"
0 220 85 265 162 1179 1 0 1 "Vandalism"
0 220 85 265 162 1180 1 0 1 "Vandalism"
0 220 85 265 162 1181 1 0 1 "Vandalism"
0 220 85 265 162 1182 1 0 1 "Vandalism"
0 220 85 265 162 1183 1 0 1 "Vandalism"
0 220 85 265 162 1184 1 0 1 "Vandalism"
0 220 85 265 162 1185 1 0 1 "Vandalism"
0 220 85 265 162 1186 1 0 1 "Vandalism"
0 220 85 265 162 1187 1 0 1 "Vandalism"
0 220 85 265 162 1188 1 0 0 "Vandalism"
