0 175 28 245 171 0 1 0 0 "Vandalism"
0 175 28 245 171 1 1 0 1 "Vandalism"
0 175 28 245 171 2 1 0 1 "Vandalism"
0 175 28 245 171 3 1 0 1 "Vandalism"
0 175 28 245 171 4 1 0 1 "Vandalism"
0 175 28 245 171 5 1 0 1 "Vandalism"
0 175 28 245 171 6 1 0 1 "Vandalism"
0 175 28 245 171 7 1 0 1 "Vandalism"
0 175 28 245 171 8 1 0 1 "Vandalism"
0 175 28 245 171 9 1 0 1 "Vandalism"
0 175 28 245 171 10 1 0 1 "Vandalism"
0 175 28 245 171 11 1 0 1 "Vandalism"
0 175 28 245 171 12 1 0 1 "Vandalism"
0 175 28 245 171 13 1 0 1 "Vandalism"
0 175 28 245 171 14 1 0 1 "Vandalism"
0 175 28 245 171 15 1 0 1 "Vandalism"
0 175 28 245 171 16 1 0 1 "Vandalism"
0 175 28 245 171 17 1 0 1 "Vandalism"
0 175 28 245 171 18 1 0 1 "Vandalism"
0 175 28 245 171 19 1 0 1 "Vandalism"
0 175 28 245 171 20 1 0 1 "Vandalism"
0 175 28 245 171 21 1 0 1 "Vandalism"
0 175 28 245 171 22 1 0 1 "Vandalism"
0 175 28 245 171 23 1 0 1 "Vandalism"
0 175 28 245 171 24 1 0 1 "Vandalism"
0 175 28 245 171 25 1 0 1 "Vandalism"
0 175 28 245 171 26 1 0 1 "Vandalism"
0 175 28 245 171 27 1 0 1 "Vandalism"
0 175 28 245 171 28 1 0 1 "Vandalism"
0 175 28 245 171 29 1 0 1 "Vandalism"
0 175 28 245 171 30 1 0 1 "Vandalism"
0 175 28 245 171 31 1 0 1 "Vandalism"
0 175 28 245 171 32 1 0 1 "Vandalism"
0 175 28 245 171 33 1 0 1 "Vandalism"
0 175 28 245 171 34 1 0 1 "Vandalism"
0 175 28 245 171 35 1 0 1 "Vandalism"
0 175 28 245 171 36 1 0 1 "Vandalism"
0 175 28 245 171 37 1 0 1 "Vandalism"
0 175 28 245 171 38 1 0 1 "Vandalism"
0 175 28 245 171 39 1 0 1 "Vandalism"
0 175 28 245 171 40 1 0 1 "Vandalism"
0 175 28 245 171 41 1 0 1 "Vandalism"
0 175 28 245 171 42 1 0 1 "Vandalism"
0 175 28 245 171 43 1 0 1 "Vandalism"
0 175 28 245 171 44 1 0 1 "Vandalism"
0 175 28 245 171 45 1 0 1 "Vandalism"
0 175 28 245 171 46 1 0 1 "Vandalism"
0 175 28 245 171 47 1 0 1 "Vandalism"
0 175 28 245 171 48 1 0 1 "Vandalism"
0 175 28 245 171 49 1 0 1 "Vandalism"
0 175 28 245 171 50 1 0 1 "Vandalism"
0 175 28 245 171 51 1 0 1 "Vandalism"
0 175 28 245 171 52 1 0 1 "Vandalism"
0 175 28 245 171 53 1 0 1 "Vandalism"
0 175 28 245 171 54 1 0 1 "Vandalism"
0 175 28 245 171 55 1 0 1 "Vandalism"
0 175 28 245 171 56 1 0 1 "Vandalism"
0 175 28 245 171 57 1 0 1 "Vandalism"
0 175 28 245 171 58 1 0 1 "Vandalism"
0 175 28 245 171 59 1 0 1 "Vandalism"
0 175 28 245 171 60 1 0 1 "Vandalism"
0 175 28 245 171 61 1 0 1 "Vandalism"
0 175 28 245 171 62 1 0 1 "Vandalism"
0 175 28 245 171 63 1 0 1 "Vandalism"
0 175 28 245 171 64 1 0 1 "Vandalism"
0 175 28 245 171 65 1 0 1 "Vandalism"
0 175 28 245 171 66 1 0 1 "Vandalism"
0 175 28 245 171 67 1 0 1 "Vandalism"
0 175 28 245 171 68 1 0 1 "Vandalism"
0 175 28 245 171 69 1 0 1 "Vandalism"
0 175 28 245 171 70 1 0 1 "Vandalism"
0 175 28 245 171 71 1 0 1 "Vandalism"
0 175 28 245 171 72 1 0 1 "Vandalism"
0 175 28 245 171 73 1 0 1 "Vandalism"
0 175 28 245 171 74 1 0 1 "Vandalism"
0 175 28 245 171 75 1 0 1 "Vandalism"
0 175 28 245 171 76 1 0 1 "Vandalism"
0 175 28 245 171 77 1 0 1 "Vandalism"
0 175 28 245 171 78 1 0 1 "Vandalism"
0 175 28 245 171 79 1 0 1 "Vandalism"
0 175 28 245 171 80 1 0 1 "Vandalism"
0 175 28 245 171 81 1 0 1 "Vandalism"
0 175 28 245 171 82 1 0 1 "Vandalism"
0 175 28 245 171 83 1 0 1 "Vandalism"
0 175 28 245 171 84 1 0 1 "Vandalism"
0 175 28 245 171 85 1 0 1 "Vandalism"
0 175 28 245 171 86 1 0 1 "Vandalism"
0 175 28 245 171 87 1 0 1 "Vandalism"
0 175 28 245 171 88 1 0 1 "Vandalism"
0 175 28 245 171 89 1 0 1 "Vandalism"
0 175 28 245 171 90 1 0 1 "Vandalism"
0 175 28 245 171 91 1 0 1 "Vandalism"
0 175 28 245 171 92 1 0 1 "Vandalism"
0 175 28 245 171 93 1 0 1 "Vandalism"
0 175 28 245 171 94 1 0 1 "Vandalism"
0 175 28 245 171 95 1 0 1 "Vandalism"
0 175 28 245 171 96 1 0 1 "Vandalism"
0 175 28 245 171 97 1 0 1 "Vandalism"
0 175 28 245 171 98 1 0 1 "Vandalism"
0 175 28 245 171 99 1 0 1 "Vandalism"
0 175 28 245 171 100 1 0 1 "Vandalism"
0 175 28 245 171 101 1 0 1 "Vandalism"
0 175 28 245 171 102 1 0 1 "Vandalism"
0 175 28 245 171 103 1 0 1 "Vandalism"
0 175 28 245 171 104 1 0 1 "Vandalism"
0 175 28 245 171 105 1 0 1 "Vandalism"
0 175 28 245 171 106 1 0 1 "Vandalism"
0 175 28 245 171 107 1 0 1 "Vandalism"
0 175 28 245 171 108 1 0 1 "Vandalism"
0 175 28 245 171 109 1 0 1 "Vandalism"
0 175 28 245 171 110 1 0 1 "Vandalism"
0 175 28 245 171 111 1 0 1 "Vandalism"
0 175 28 245 171 112 1 0 1 "Vandalism"
0 175 28 245 171 113 1 0 1 "Vandalism"
0 175 28 245 171 114 1 0 1 "Vandalism"
0 175 28 245 171 115 1 0 1 "Vandalism"
0 175 28 245 171 116 1 0 1 "Vandalism"
0 175 28 245 171 117 1 0 1 "Vandalism"
0 175 28 245 171 118 1 0 1 "Vandalism"
0 175 28 245 171 119 1 0 1 "Vandalism"
0 175 28 245 171 120 1 0 1 "Vandalism"
0 175 28 245 171 121 1 0 1 "Vandalism"
0 175 28 245 171 122 1 0 1 "Vandalism"
0 175 28 245 171 123 1 0 1 "Vandalism"
0 175 28 245 171 124 1 0 1 "Vandalism"
0 175 28 245 171 125 1 0 1 "Vandalism"
0 175 28 245 171 126 1 0 1 "Vandalism"
0 175 28 245 171 127 1 0 1 "Vandalism"
0 175 28 245 171 128 1 0 1 "Vandalism"
0 175 28 245 171 129 1 0 1 "Vandalism"
0 175 28 245 171 130 1 0 1 "Vandalism"
0 175 28 245 171 131 1 0 1 "Vandalism"
0 175 28 245 171 132 1 0 1 "Vandalism"
0 175 28 245 171 133 1 0 1 "Vandalism"
0 175 28 245 171 134 1 0 1 "Vandalism"
0 175 28 245 171 135 1 0 1 "Vandalism"
0 175 28 245 171 136 1 0 1 "Vandalism"
0 175 28 245 171 137 1 0 1 "Vandalism"
0 175 28 245 171 138 1 0 1 "Vandalism"
0 175 28 245 171 139 1 0 1 "Vandalism"
0 175 28 245 171 140 1 0 1 "Vandalism"
0 175 28 245 171 141 1 0 1 "Vandalism"
0 175 28 245 171 142 1 0 1 "Vandalism"
0 175 28 245 171 143 1 0 1 "Vandalism"
0 175 28 245 171 144 1 0 1 "Vandalism"
0 175 28 245 171 145 1 0 1 "Vandalism"
0 175 28 245 171 146 1 0 1 "Vandalism"
0 175 28 245 171 147 1 0 1 "Vandalism"
0 175 28 245 171 148 1 0 1 "Vandalism"
0 175 28 245 171 149 1 0 1 "Vandalism"
0 175 28 245 171 150 1 0 1 "Vandalism"
0 175 28 245 171 151 1 0 1 "Vandalism"
0 175 28 245 171 152 1 0 1 "Vandalism"
0 175 28 245 171 153 1 0 1 "Vandalism"
0 175 28 245 171 154 1 0 1 "Vandalism"
0 175 28 245 171 155 1 0 1 "Vandalism"
0 175 28 245 171 156 1 0 1 "Vandalism"
0 175 28 245 171 157 1 0 1 "Vandalism"
0 175 28 245 171 158 1 0 1 "Vandalism"
0 175 28 245 171 159 1 0 1 "Vandalism"
0 175 28 245 171 160 1 0 1 "Vandalism"
0 175 28 245 171 161 1 0 1 "Vandalism"
0 175 28 245 171 162 1 0 1 "Vandalism"
0 175 28 245 171 163 1 0 1 "Vandalism"
0 175 28 245 171 164 1 0 1 "Vandalism"
0 175 28 245 171 165 1 0 1 "Vandalism"
0 175 28 245 171 166 1 0 1 "Vandalism"
0 175 28 245 171 167 1 0 1 "Vandalism"
0 175 28 245 171 168 1 0 1 "Vandalism"
0 175 28 245 171 169 1 0 1 "Vandalism"
0 175 28 245 171 170 1 0 1 "Vandalism"
0 175 28 245 171 171 1 0 1 "Vandalism"
0 175 28 245 171 172 1 0 1 "Vandalism"
0 175 28 245 171 173 1 0 1 "Vandalism"
0 175 28 245 171 174 1 0 1 "Vandalism"
0 175 28 245 171 175 1 0 1 "Vandalism"
0 175 28 245 171 176 1 0 1 "Vandalism"
0 175 28 245 171 177 1 0 1 "Vandalism"
0 175 28 245 171 178 1 0 1 "Vandalism"
0 175 28 245 171 179 1 0 1 "Vandalism"
0 175 28 245 171 180 1 0 1 "Vandalism"
0 175 28 245 171 181 1 0 1 "Vandalism"
0 175 28 245 171 182 1 0 1 "Vandalism"
0 175 28 245 171 183 1 0 1 "Vandalism"
0 175 28 245 171 184 1 0 1 "Vandalism"
0 175 28 245 171 185 1 0 1 "Vandalism"
0 175 28 245 171 186 1 0 1 "Vandalism"
0 175 28 245 171 187 1 0 1 "Vandalism"
0 175 28 245 171 188 1 0 1 "Vandalism"
0 175 28 245 171 189 1 0 1 "Vandalism"
0 175 28 245 171 190 1 0 1 "Vandalism"
0 175 28 245 171 191 1 0 1 "Vandalism"
0 175 28 245 171 192 1 0 1 "Vandalism"
0 175 28 245 171 193 1 0 1 "Vandalism"
0 175 28 245 171 194 1 0 1 "Vandalism"
0 175 28 245 171 195 1 0 1 "Vandalism"
0 175 28 245 171 196 1 0 1 "Vandalism"
0 175 28 245 171 197 1 0 1 "Vandalism"
0 175 28 245 171 198 1 0 1 "Vandalism"
0 175 28 245 171 199 1 0 1 "Vandalism"
0 175 28 245 171 200 1 0 1 "Vandalism"
0 175 28 245 171 201 1 0 1 "Vandalism"
0 175 28 245 171 202 1 0 1 "Vandalism"
0 175 28 245 171 203 1 0 1 "Vandalism"
0 175 28 245 171 204 1 0 1 "Vandalism"
0 175 28 245 171 205 1 0 1 "Vandalism"
0 175 28 245 171 206 1 0 1 "Vandalism"
0 175 28 245 171 207 1 0 1 "Vandalism"
0 175 28 245 171 208 1 0 1 "Vandalism"
0 175 28 245 171 209 1 0 1 "Vandalism"
0 175 28 245 171 210 1 0 1 "Vandalism"
0 175 28 245 171 211 1 0 1 "Vandalism"
0 175 28 245 171 212 1 0 1 "Vandalism"
0 175 28 245 171 213 1 0 1 "Vandalism"
0 175 28 245 171 214 1 0 1 "Vandalism"
0 175 28 245 171 215 1 0 1 "Vandalism"
0 175 28 245 171 216 1 0 1 "Vandalism"
0 175 28 245 171 217 1 0 1 "Vandalism"
0 175 28 245 171 218 1 0 1 "Vandalism"
0 175 28 245 171 219 1 0 1 "Vandalism"
0 175 28 245 171 220 1 0 1 "Vandalism"
0 175 28 245 171 221 1 0 1 "Vandalism"
0 175 28 245 171 222 1 0 1 "Vandalism"
0 175 28 245 171 223 1 0 1 "Vandalism"
0 175 28 245 171 224 1 0 1 "Vandalism"
0 175 28 245 171 225 1 0 1 "Vandalism"
0 175 28 245 171 226 1 0 1 "Vandalism"
0 175 28 245 171 227 1 0 1 "Vandalism"
0 175 28 245 171 228 1 0 1 "Vandalism"
0 175 28 245 171 229 1 0 1 "Vandalism"
0 175 28 245 171 230 1 0 1 "Vandalism"
0 175 28 245 171 231 1 0 1 "Vandalism"
0 175 28 245 171 232 1 0 1 "Vandalism"
0 175 28 245 171 233 1 0 1 "Vandalism"
0 175 28 245 171 234 1 0 1 "Vandalism"
0 175 28 245 171 235 1 0 1 "Vandalism"
0 175 28 245 171 236 1 0 1 "Vandalism"
0 175 28 245 171 237 1 0 1 "Vandalism"
0 175 28 245 171 238 1 0 1 "Vandalism"
0 175 28 245 171 239 1 0 1 "Vandalism"
0 175 28 245 171 240 1 0 1 "Vandalism"
0 175 28 245 171 241 1 0 1 "Vandalism"
0 175 28 245 171 242 1 0 1 "Vandalism"
0 175 28 245 171 243 1 0 1 "Vandalism"
0 175 28 245 171 244 1 0 1 "Vandalism"
0 175 28 245 171 245 1 0 1 "Vandalism"
0 175 28 245 171 246 1 0 1 "Vandalism"
0 175 28 245 171 247 1 0 1 "Vandalism"
0 175 28 245 171 248 1 0 1 "Vandalism"
0 175 28 245 171 249 1 0 1 "Vandalism"
0 175 28 245 171 250 1 0 1 "Vandalism"
0 175 28 245 171 251 1 0 1 "Vandalism"
0 175 28 245 171 252 1 0 1 "Vandalism"
0 175 28 245 171 253 1 0 1 "Vandalism"
0 175 28 245 171 254 1 0 1 "Vandalism"
0 175 28 245 171 255 1 0 1 "Vandalism"
0 175 28 245 171 256 1 0 1 "Vandalism"
0 175 28 245 171 257 1 0 1 "Vandalism"
0 175 28 245 171 258 1 0 1 "Vandalism"
0 175 28 245 171 259 1 0 1 "Vandalism"
0 175 28 245 171 260 1 0 1 "Vandalism"
0 175 28 245 171 261 1 0 1 "Vandalism"
0 175 28 245 171 262 1 0 1 "Vandalism"
0 175 28 245 171 263 1 0 1 "Vandalism"
0 175 28 245 171 264 1 0 1 "Vandalism"
0 175 28 245 171 265 1 0 1 "Vandalism"
0 175 28 245 171 266 1 0 1 "Vandalism"
0 175 28 245 171 267 1 0 1 "Vandalism"
0 175 28 245 171 268 1 0 1 "Vandalism"
0 175 28 245 171 269 1 0 1 "Vandalism"
0 175 28 245 171 270 1 0 1 "Vandalism"
0 175 28 245 171 271 1 0 1 "Vandalism"
0 175 28 245 171 272 1 0 1 "Vandalism"
0 175 28 245 171 273 1 0 1 "Vandalism"
0 175 28 245 171 274 1 0 1 "Vandalism"
0 175 28 245 171 275 1 0 1 "Vandalism"
0 175 28 245 171 276 1 0 1 "Vandalism"
0 175 28 245 171 277 1 0 1 "Vandalism"
0 175 28 245 171 278 1 0 1 "Vandalism"
0 175 28 245 171 279 1 0 1 "Vandalism"
0 175 28 245 171 280 1 0 1 "Vandalism"
0 175 28 245 171 281 1 0 1 "Vandalism"
0 175 28 245 171 282 1 0 1 "Vandalism"
0 175 28 245 171 283 1 0 1 "Vandalism"
0 175 28 245 171 284 1 0 1 "Vandalism"
0 175 28 245 171 285 1 0 1 "Vandalism"
0 175 28 245 171 286 1 0 1 "Vandalism"
0 175 28 245 171 287 1 0 1 "Vandalism"
0 175 28 245 171 288 1 0 1 "Vandalism"
0 175 28 245 171 289 1 0 1 "Vandalism"
0 175 28 245 171 290 1 0 1 "Vandalism"
0 175 28 245 171 291 1 0 1 "Vandalism"
0 175 28 245 171 292 1 0 1 "Vandalism"
0 175 28 245 171 293 1 0 1 "Vandalism"
0 175 28 245 171 294 1 0 1 "Vandalism"
0 175 28 245 171 295 1 0 1 "Vandalism"
0 175 28 245 171 296 1 0 1 "Vandalism"
0 175 28 245 171 297 1 0 1 "Vandalism"
0 175 28 245 171 298 1 0 1 "Vandalism"
0 175 28 245 171 299 1 0 1 "Vandalism"
0 175 28 245 171 300 1 0 1 "Vandalism"
0 175 28 245 171 301 1 0 1 "Vandalism"
0 175 28 245 171 302 1 0 1 "Vandalism"
0 175 28 245 171 303 1 0 1 "Vandalism"
0 175 28 245 171 304 1 0 1 "Vandalism"
0 175 28 245 171 305 1 0 1 "Vandalism"
0 175 28 245 171 306 1 0 1 "Vandalism"
0 175 28 245 171 307 1 0 1 "Vandalism"
0 175 28 245 171 308 1 0 1 "Vandalism"
0 175 28 245 171 309 1 0 1 "Vandalism"
0 175 28 245 171 310 1 0 1 "Vandalism"
0 175 28 245 171 311 1 0 1 "Vandalism"
0 175 28 245 171 312 1 0 1 "Vandalism"
0 175 28 245 171 313 1 0 1 "Vandalism"
0 175 28 245 171 314 1 0 1 "Vandalism"
0 175 28 245 171 315 1 0 1 "Vandalism"
0 175 28 245 171 316 1 0 1 "Vandalism"
0 175 28 245 171 317 1 0 1 "Vandalism"
0 175 28 245 171 318 1 0 1 "Vandalism"
0 175 28 245 171 319 1 0 1 "Vandalism"
0 175 28 245 171 320 1 0 1 "Vandalism"
0 175 28 245 171 321 1 0 1 "Vandalism"
0 175 28 245 171 322 1 0 1 "Vandalism"
0 175 28 245 171 323 1 0 1 "Vandalism"
0 175 28 245 171 324 1 0 1 "Vandalism"
0 175 28 245 171 325 1 0 1 "Vandalism"
0 175 28 245 171 326 1 0 1 "Vandalism"
0 175 28 245 171 327 1 0 1 "Vandalism"
0 175 28 245 171 328 1 0 1 "Vandalism"
0 175 28 245 171 329 1 0 1 "Vandalism"
0 175 28 245 171 330 1 0 1 "Vandalism"
0 175 28 245 171 331 1 0 1 "Vandalism"
0 175 28 245 171 332 1 0 1 "Vandalism"
0 175 28 245 171 333 1 0 1 "Vandalism"
0 175 28 245 171 334 1 0 1 "Vandalism"
0 175 28 245 171 335 1 0 1 "Vandalism"
0 175 28 245 171 336 1 0 1 "Vandalism"
0 175 28 245 171 337 1 0 1 "Vandalism"
0 175 28 245 171 338 1 0 1 "Vandalism"
0 175 28 245 171 339 1 0 1 "Vandalism"
0 175 28 245 171 340 1 0 1 "Vandalism"
0 175 28 245 171 341 1 0 1 "Vandalism"
0 175 28 245 171 342 1 0 1 "Vandalism"
0 175 28 245 171 343 1 0 1 "Vandalism"
0 175 28 245 171 344 1 0 1 "Vandalism"
0 175 28 245 171 345 1 0 1 "Vandalism"
0 175 28 245 171 346 1 0 1 "Vandalism"
0 175 28 245 171 347 1 0 1 "Vandalism"
0 175 28 245 171 348 1 0 1 "Vandalism"
0 175 28 245 171 349 1 0 1 "Vandalism"
0 175 28 245 171 350 1 0 1 "Vandalism"
0 175 28 245 171 351 1 0 1 "Vandalism"
0 175 28 245 171 352 1 0 1 "Vandalism"
0 175 28 245 171 353 1 0 1 "Vandalism"
0 175 28 245 171 354 1 0 1 "Vandalism"
0 175 28 245 171 355 1 0 1 "Vandalism"
0 175 28 245 171 356 1 0 1 "Vandalism"
0 175 28 245 171 357 1 0 1 "Vandalism"
0 175 28 245 171 358 1 0 1 "Vandalism"
0 175 28 245 171 359 1 0 1 "Vandalism"
0 175 28 245 171 360 1 0 1 "Vandalism"
0 175 28 245 171 361 1 0 1 "Vandalism"
0 175 28 245 171 362 1 0 1 "Vandalism"
0 175 28 245 171 363 1 0 1 "Vandalism"
0 175 28 245 171 364 1 0 1 "Vandalism"
0 175 28 245 171 365 1 0 1 "Vandalism"
0 175 28 245 171 366 1 0 1 "Vandalism"
0 175 28 245 171 367 1 0 1 "Vandalism"
0 175 28 245 171 368 1 0 1 "Vandalism"
0 175 28 245 171 369 1 0 1 "Vandalism"
0 175 28 245 171 370 1 0 1 "Vandalism"
0 175 28 245 171 371 1 0 1 "Vandalism"
0 175 28 245 171 372 1 0 1 "Vandalism"
0 175 28 245 171 373 1 0 1 "Vandalism"
0 175 28 245 171 374 1 0 1 "Vandalism"
0 175 28 245 171 375 1 0 1 "Vandalism"
0 175 28 245 171 376 1 0 1 "Vandalism"
0 175 28 245 171 377 1 0 1 "Vandalism"
0 175 28 245 171 378 1 0 1 "Vandalism"
0 175 28 245 171 379 1 0 1 "Vandalism"
0 175 28 245 171 380 1 0 1 "Vandalism"
0 175 28 245 171 381 1 0 1 "Vandalism"
0 175 28 245 171 382 1 0 1 "Vandalism"
0 175 28 245 171 383 1 0 1 "Vandalism"
0 175 28 245 171 384 1 0 1 "Vandalism"
0 175 28 245 171 385 1 0 1 "Vandalism"
0 175 28 245 171 386 1 0 1 "Vandalism"
0 175 28 245 171 387 1 0 1 "Vandalism"
0 175 28 245 171 388 1 0 1 "Vandalism"
0 175 28 245 171 389 1 0 1 "Vandalism"
0 175 28 245 171 390 1 0 1 "Vandalism"
0 175 28 245 171 391 1 0 1 "Vandalism"
0 175 28 245 171 392 1 0 1 "Vandalism"
0 175 28 245 171 393 1 0 1 "Vandalism"
0 175 28 245 171 394 1 0 1 "Vandalism"
0 175 28 245 171 395 1 0 1 "Vandalism"
0 175 28 245 171 396 1 0 1 "Vandalism"
0 175 28 245 171 397 1 0 1 "Vandalism"
0 175 28 245 171 398 1 0 1 "Vandalism"
0 175 28 245 171 399 1 0 1 "Vandalism"
0 175 28 245 171 400 1 0 1 "Vandalism"
0 175 28 245 171 401 1 0 1 "Vandalism"
0 175 28 245 171 402 1 0 1 "Vandalism"
0 175 28 245 171 403 1 0 1 "Vandalism"
0 175 28 245 171 404 1 0 1 "Vandalism"
0 175 28 245 171 405 1 0 1 "Vandalism"
0 175 28 245 171 406 1 0 1 "Vandalism"
0 175 28 245 171 407 1 0 1 "Vandalism"
0 175 28 245 171 408 1 0 1 "Vandalism"
0 175 28 245 171 409 1 0 1 "Vandalism"
0 175 28 245 171 410 1 0 1 "Vandalism"
0 175 28 245 171 411 1 0 1 "Vandalism"
0 175 28 245 171 412 1 0 1 "Vandalism"
0 175 28 245 171 413 1 0 1 "Vandalism"
0 175 28 245 171 414 1 0 1 "Vandalism"
0 175 28 245 171 415 1 0 1 "Vandalism"
0 175 28 245 171 416 1 0 1 "Vandalism"
0 175 28 245 171 417 1 0 1 "Vandalism"
0 175 28 245 171 418 1 0 1 "Vandalism"
0 175 28 245 171 419 1 0 1 "Vandalism"
0 175 28 245 171 420 1 0 1 "Vandalism"
0 175 28 245 171 421 1 0 1 "Vandalism"
0 175 28 245 171 422 1 0 1 "Vandalism"
0 175 28 245 171 423 1 0 1 "Vandalism"
0 175 28 245 171 424 1 0 1 "Vandalism"
0 175 28 245 171 425 1 0 1 "Vandalism"
0 175 28 245 171 426 1 0 1 "Vandalism"
0 175 28 245 171 427 1 0 1 "Vandalism"
0 175 28 245 171 428 1 0 1 "Vandalism"
0 175 28 245 171 429 1 0 1 "Vandalism"
0 175 28 245 171 430 1 0 1 "Vandalism"
0 175 28 245 171 431 1 0 1 "Vandalism"
0 175 28 245 171 432 1 0 1 "Vandalism"
0 175 28 245 171 433 1 0 1 "Vandalism"
0 175 28 245 171 434 1 0 1 "Vandalism"
0 175 28 245 171 435 1 0 1 "Vandalism"
0 175 28 245 171 436 1 0 1 "Vandalism"
0 175 28 245 171 437 1 0 1 "Vandalism"
0 175 28 245 171 438 1 0 1 "Vandalism"
0 175 28 245 171 439 1 0 1 "Vandalism"
0 175 28 245 171 440 1 0 1 "Vandalism"
0 175 28 245 171 441 1 0 1 "Vandalism"
0 175 28 245 171 442 1 0 1 "Vandalism"
0 175 28 245 171 443 1 0 1 "Vandalism"
0 175 28 245 171 444 1 0 1 "Vandalism"
0 175 28 245 171 445 1 0 1 "Vandalism"
0 175 28 245 171 446 1 0 1 "Vandalism"
0 175 28 245 171 447 1 0 1 "Vandalism"
0 175 28 245 171 448 1 0 1 "Vandalism"
0 175 28 245 171 449 1 0 1 "Vandalism"
0 175 28 245 171 450 1 0 1 "Vandalism"
0 175 28 245 171 451 1 0 1 "Vandalism"
0 175 28 245 171 452 1 0 1 "Vandalism"
0 175 28 245 171 453 1 0 1 "Vandalism"
0 175 28 245 171 454 1 0 1 "Vandalism"
0 175 28 245 171 455 1 0 1 "Vandalism"
0 175 28 245 171 456 1 0 1 "Vandalism"
0 175 28 245 171 457 1 0 1 "Vandalism"
0 175 28 245 171 458 1 0 1 "Vandalism"
0 175 28 245 171 459 1 0 1 "Vandalism"
0 175 28 245 171 460 1 0 1 "Vandalism"
0 175 28 245 171 461 1 0 1 "Vandalism"
0 175 28 245 171 462 1 0 1 "Vandalism"
0 175 28 245 171 463 1 0 1 "Vandalism"
0 175 28 245 171 464 1 0 1 "Vandalism"
0 175 28 245 171 465 1 0 1 "Vandalism"
0 175 28 245 171 466 1 0 1 "Vandalism"
0 175 28 245 171 467 1 0 1 "Vandalism"
0 175 28 245 171 468 1 0 1 "Vandalism"
0 175 28 245 171 469 1 0 1 "Vandalism"
0 175 28 245 171 470 1 0 1 "Vandalism"
0 175 28 245 171 471 1 0 1 "Vandalism"
0 175 28 245 171 472 1 0 1 "Vandalism"
0 175 28 245 171 473 1 0 1 "Vandalism"
0 175 28 245 171 474 1 0 1 "Vandalism"
0 175 28 245 171 475 1 0 1 "Vandalism"
0 175 28 245 171 476 1 0 1 "Vandalism"
0 175 28 245 171 477 1 0 1 "Vandalism"
0 175 28 245 171 478 1 0 1 "Vandalism"
0 175 28 245 171 479 1 0 1 "Vandalism"
0 175 28 245 171 480 1 0 1 "Vandalism"
0 175 28 245 171 481 1 0 1 "Vandalism"
0 175 28 245 171 482 1 0 1 "Vandalism"
0 175 28 245 171 483 1 0 1 "Vandalism"
0 175 28 245 171 484 1 0 1 "Vandalism"
0 175 28 245 171 485 1 0 1 "Vandalism"
0 175 28 245 171 486 1 0 1 "Vandalism"
0 175 28 245 171 487 1 0 1 "Vandalism"
0 175 28 245 171 488 1 0 1 "Vandalism"
0 175 28 245 171 489 1 0 1 "Vandalism"
0 175 28 245 171 490 1 0 1 "Vandalism"
0 175 28 245 171 491 1 0 1 "Vandalism"
0 175 28 245 171 492 1 0 1 "Vandalism"
0 175 28 245 171 493 1 0 1 "Vandalism"
0 175 28 245 171 494 1 0 1 "Vandalism"
0 175 28 245 171 495 1 0 1 "Vandalism"
0 175 28 245 171 496 1 0 1 "Vandalism"
0 175 28 245 171 497 1 0 1 "Vandalism"
0 175 28 245 171 498 1 0 1 "Vandalism"
0 175 28 245 171 499 1 0 1 "Vandalism"
0 175 28 245 171 500 1 0 1 "Vandalism"
0 175 28 245 171 501 1 0 1 "Vandalism"
0 175 28 245 171 502 1 0 1 "Vandalism"
0 175 28 245 171 503 1 0 1 "Vandalism"
0 175 28 245 171 504 1 0 1 "Vandalism"
0 175 28 245 171 505 1 0 1 "Vandalism"
0 175 28 245 171 506 1 0 1 "Vandalism"
0 175 28 245 171 507 1 0 1 "Vandalism"
0 175 28 245 171 508 1 0 1 "Vandalism"
0 175 28 245 171 509 1 0 1 "Vandalism"
0 175 28 245 171 510 1 0 1 "Vandalism"
0 175 28 245 171 511 1 0 1 "Vandalism"
0 175 28 245 171 512 1 0 1 "Vandalism"
0 175 28 245 171 513 1 0 1 "Vandalism"
0 175 28 245 171 514 1 0 1 "Vandalism"
0 175 28 245 171 515 1 0 1 "Vandalism"
0 175 28 245 171 516 1 0 1 "Vandalism"
0 175 28 245 171 517 1 0 1 "Vandalism"
0 175 28 245 171 518 1 0 1 "Vandalism"
0 175 28 245 171 519 1 0 1 "Vandalism"
0 175 28 245 171 520 1 0 1 "Vandalism"
0 175 28 245 171 521 1 0 1 "Vandalism"
0 175 28 245 171 522 1 0 1 "Vandalism"
0 175 28 245 171 523 1 0 1 "Vandalism"
0 175 28 245 171 524 1 0 1 "Vandalism"
0 175 28 245 171 525 1 0 1 "Vandalism"
0 175 28 245 171 526 1 0 1 "Vandalism"
0 175 28 245 171 527 1 0 1 "Vandalism"
0 175 28 245 171 528 1 0 1 "Vandalism"
0 175 28 245 171 529 1 0 1 "Vandalism"
0 175 28 245 171 530 1 0 1 "Vandalism"
0 175 28 245 171 531 1 0 1 "Vandalism"
0 175 28 245 171 532 1 0 1 "Vandalism"
0 175 28 245 171 533 1 0 1 "Vandalism"
0 175 28 245 171 534 1 0 1 "Vandalism"
0 175 28 245 171 535 1 0 1 "Vandalism"
0 175 28 245 171 536 1 0 1 "Vandalism"
0 175 28 245 171 537 1 0 1 "Vandalism"
0 175 28 245 171 538 1 0 1 "Vandalism"
0 175 28 245 171 539 1 0 1 "Vandalism"
0 175 28 245 171 540 1 0 1 "Vandalism"
0 175 28 245 171 541 1 0 1 "Vandalism"
0 175 28 245 171 542 1 0 1 "Vandalism"
0 175 28 245 171 543 1 0 1 "Vandalism"
0 175 28 245 171 544 1 0 1 "Vandalism"
0 175 28 245 171 545 1 0 1 "Vandalism"
0 175 28 245 171 546 1 0 1 "Vandalism"
0 175 28 245 171 547 1 0 1 "Vandalism"
0 175 28 245 171 548 1 0 1 "Vandalism"
0 175 28 245 171 549 1 0 1 "Vandalism"
0 175 28 245 171 550 1 0 1 "Vandalism"
0 175 28 245 171 551 1 0 1 "Vandalism"
0 175 28 245 171 552 1 0 1 "Vandalism"
0 175 28 245 171 553 1 0 1 "Vandalism"
0 175 28 245 171 554 1 0 1 "Vandalism"
0 175 28 245 171 555 1 0 1 "Vandalism"
0 175 28 245 171 556 1 0 1 "Vandalism"
0 175 28 245 171 557 1 0 1 "Vandalism"
0 175 28 245 171 558 1 0 1 "Vandalism"
0 175 28 245 171 559 1 0 1 "Vandalism"
0 175 28 245 171 560 1 0 1 "Vandalism"
0 175 28 245 171 561 1 0 1 "Vandalism"
0 175 28 245 171 562 1 0 1 "Vandalism"
0 175 28 245 171 563 1 0 1 "Vandalism"
0 175 28 245 171 564 1 0 1 "Vandalism"
0 175 28 245 171 565 1 0 1 "Vandalism"
0 175 28 245 171 566 1 0 1 "Vandalism"
0 175 28 245 171 567 1 0 1 "Vandalism"
0 175 28 245 171 568 1 0 1 "Vandalism"
0 175 28 245 171 569 1 0 1 "Vandalism"
0 175 28 245 171 570 1 0 1 "Vandalism"
0 175 28 245 171 571 1 0 1 "Vandalism"
0 175 28 245 171 572 1 0 1 "Vandalism"
0 175 28 245 171 573 1 0 1 "Vandalism"
0 175 28 245 171 574 1 0 1 "Vandalism"
0 175 28 245 171 575 1 0 1 "Vandalism"
0 175 28 245 171 576 1 0 1 "Vandalism"
0 175 28 245 171 577 1 0 1 "Vandalism"
0 175 28 245 171 578 1 0 1 "Vandalism"
0 175 28 245 171 579 1 0 1 "Vandalism"
0 175 28 245 171 580 1 0 1 "Vandalism"
0 175 28 245 171 581 1 0 1 "Vandalism"
0 175 28 245 171 582 1 0 1 "Vandalism"
0 175 28 245 171 583 1 0 1 "Vandalism"
0 175 28 245 171 584 1 0 1 "Vandalism"
0 175 28 245 171 585 1 0 1 "Vandalism"
0 175 28 245 171 586 1 0 1 "Vandalism"
0 175 28 245 171 587 1 0 1 "Vandalism"
0 175 28 245 171 588 1 0 1 "Vandalism"
0 175 28 245 171 589 1 0 1 "Vandalism"
0 175 28 245 171 590 1 0 1 "Vandalism"
0 175 28 245 171 591 1 0 1 "Vandalism"
0 175 28 245 171 592 1 0 1 "Vandalism"
0 175 28 245 171 593 1 0 1 "Vandalism"
0 175 28 245 171 594 1 0 1 "Vandalism"
0 175 28 245 171 595 1 0 1 "Vandalism"
0 175 28 245 171 596 1 0 1 "Vandalism"
0 175 28 245 171 597 1 0 1 "Vandalism"
0 175 28 245 171 598 1 0 1 "Vandalism"
0 175 28 245 171 599 1 0 1 "Vandalism"
0 175 28 245 171 600 1 0 1 "Vandalism"
0 175 28 245 171 601 1 0 1 "Vandalism"
0 175 28 245 171 602 1 0 1 "Vandalism"
0 175 28 245 171 603 1 0 1 "Vandalism"
0 175 28 245 171 604 1 0 1 "Vandalism"
0 175 28 245 171 605 1 0 1 "Vandalism"
0 175 28 245 171 606 1 0 1 "Vandalism"
0 175 28 245 171 607 1 0 1 "Vandalism"
0 175 28 245 171 608 1 0 1 "Vandalism"
0 175 28 245 171 609 1 0 1 "Vandalism"
0 175 28 245 171 610 1 0 1 "Vandalism"
0 175 28 245 171 611 1 0 1 "Vandalism"
0 175 28 245 171 612 0 0 0 "Vandalism"
0 175 29 244 171 613 0 0 1 "Vandalism"
0 176 30 244 171 614 0 0 1 "Vandalism"
0 176 32 243 171 615 0 0 1 "Vandalism"
0 177 33 243 172 616 0 0 1 "Vandalism"
0 178 35 242 172 617 0 0 1 "Vandalism"
0 178 36 242 172 618 0 0 1 "Vandalism"
0 179 37 241 173 619 0 0 1 "Vandalism"
0 179 39 241 173 620 0 0 1 "Vandalism"
0 180 40 240 173 621 0 0 1 "Vandalism"
0 181 42 240 174 622 0 0 0 "Vandalism"
0 180 42 239 174 623 0 0 1 "Vandalism"
0 180 43 239 175 624 0 0 1 "Vandalism"
0 180 44 239 176 625 0 0 1 "Vandalism"
0 179 45 238 177 626 0 0 1 "Vandalism"
0 179 46 238 178 627 0 0 1 "Vandalism"
0 179 47 238 179 628 0 0 1 "Vandalism"
0 178 48 237 180 629 0 0 1 "Vandalism"
0 178 49 237 181 630 0 0 1 "Vandalism"
0 178 50 237 182 631 0 0 1 "Vandalism"
0 178 51 237 183 632 0 0 0 "Vandalism"
0 177 52 236 184 633 0 0 1 "Vandalism"
0 177 53 236 186 634 0 0 1 "Vandalism"
0 176 54 235 187 635 0 0 1 "Vandalism"
0 176 56 235 189 636 0 0 1 "Vandalism"
0 176 57 234 191 637 0 0 1 "Vandalism"
0 175 58 234 192 638 0 0 1 "Vandalism"
0 175 60 233 194 639 0 0 1 "Vandalism"
0 174 61 233 195 640 0 0 1 "Vandalism"
0 174 62 232 197 641 0 0 1 "Vandalism"
0 174 64 232 199 642 0 0 0 "Vandalism"
0 172 64 232 199 643 0 0 1 "Vandalism"
0 171 65 232 200 644 0 0 1 "Vandalism"
0 169 66 232 201 645 0 0 1 "Vandalism"
0 168 67 232 201 646 0 0 1 "Vandalism"
0 166 68 232 202 647 0 0 1 "Vandalism"
0 165 68 232 203 648 0 0 1 "Vandalism"
0 163 69 232 203 649 0 0 1 "Vandalism"
0 162 70 232 204 650 0 0 1 "Vandalism"
0 160 71 232 205 651 0 0 1 "Vandalism"
0 159 72 232 206 652 0 0 0 "Vandalism"
0 158 71 231 205 653 0 0 1 "Vandalism"
0 158 71 231 205 654 0 0 1 "Vandalism"
0 158 71 231 205 655 0 0 1 "Vandalism"
0 158 70 231 204 656 0 0 1 "Vandalism"
0 158 70 231 204 657 0 0 1 "Vandalism"
0 157 70 230 204 658 0 0 1 "Vandalism"
0 157 69 230 203 659 0 0 1 "Vandalism"
0 157 69 230 203 660 0 0 1 "Vandalism"
0 157 69 230 203 661 0 0 1 "Vandalism"
0 157 69 230 203 662 0 0 0 "Vandalism"
0 157 68 229 203 663 0 0 1 "Vandalism"
0 157 68 229 203 664 0 0 1 "Vandalism"
0 157 68 229 203 665 0 0 1 "Vandalism"
0 157 68 229 203 666 0 0 1 "Vandalism"
0 157 68 229 203 667 0 0 1 "Vandalism"
0 157 67 229 203 668 0 0 1 "Vandalism"
0 157 67 229 203 669 0 0 1 "Vandalism"
0 157 67 229 203 670 0 0 1 "Vandalism"
0 157 67 229 203 671 0 0 1 "Vandalism"
0 157 67 229 203 672 0 0 1 "Vandalism"
0 157 66 229 203 673 0 0 1 "Vandalism"
0 157 66 229 203 674 0 0 1 "Vandalism"
0 157 66 229 203 675 0 0 1 "Vandalism"
0 157 66 229 203 676 0 0 1 "Vandalism"
0 157 66 229 203 677 0 0 1 "Vandalism"
0 157 65 229 203 678 0 0 1 "Vandalism"
0 157 65 229 203 679 0 0 1 "Vandalism"
0 157 65 229 203 680 0 0 1 "Vandalism"
0 157 65 229 203 681 0 0 1 "Vandalism"
0 157 65 229 203 682 0 0 0 "Vandalism"
0 156 63 228 203 683 0 0 1 "Vandalism"
0 156 62 228 204 684 0 0 1 "Vandalism"
0 156 60 227 204 685 0 0 1 "Vandalism"
0 156 59 227 205 686 0 0 1 "Vandalism"
0 156 58 227 206 687 0 0 0 "Vandalism"
0 156 56 226 200 688 0 0 1 "Vandalism"
0 156 55 226 195 689 0 0 1 "Vandalism"
0 156 53 226 189 690 0 0 1 "Vandalism"
0 156 52 226 184 691 0 0 0 "Vandalism"
0 155 51 226 182 692 0 0 1 "Vandalism"
0 155 50 226 180 693 0 0 1 "Vandalism"
0 155 50 226 178 694 0 0 1 "Vandalism"
0 155 49 226 176 695 0 0 1 "Vandalism"
0 155 49 226 174 696 0 0 1 "Vandalism"
0 155 48 226 172 697 0 0 1 "Vandalism"
0 155 48 226 170 698 0 0 1 "Vandalism"
0 155 47 226 168 699 0 0 1 "Vandalism"
0 155 47 226 166 700 0 0 1 "Vandalism"
0 155 46 226 164 701 0 0 1 "Vandalism"
0 155 46 226 163 702 0 0 0 "Vandalism"
0 154 45 225 161 703 0 0 1 "Vandalism"
0 154 45 225 160 704 0 0 1 "Vandalism"
0 154 44 224 158 705 0 0 1 "Vandalism"
0 153 44 224 157 706 0 0 1 "Vandalism"
0 153 44 224 156 707 0 0 1 "Vandalism"
0 153 43 223 154 708 0 0 1 "Vandalism"
0 152 43 223 153 709 0 0 1 "Vandalism"
0 152 42 222 151 710 0 0 1 "Vandalism"
0 152 42 222 150 711 0 0 1 "Vandalism"
0 152 42 222 149 712 0 0 0 "Vandalism"
0 152 41 221 149 713 0 0 1 "Vandalism"
0 152 40 221 149 714 0 0 1 "Vandalism"
0 152 40 221 150 715 0 0 1 "Vandalism"
0 152 39 221 150 716 0 0 1 "Vandalism"
0 153 39 221 151 717 0 0 1 "Vandalism"
0 153 38 220 151 718 0 0 1 "Vandalism"
0 153 37 220 151 719 0 0 1 "Vandalism"
0 153 37 220 152 720 0 0 1 "Vandalism"
0 153 36 220 152 721 0 0 1 "Vandalism"
0 154 36 220 153 722 0 0 0 "Vandalism"
0 154 35 219 152 723 0 0 1 "Vandalism"
0 154 34 219 151 724 0 0 1 "Vandalism"
0 154 33 219 150 725 0 0 1 "Vandalism"
0 154 33 219 150 726 0 0 1 "Vandalism"
0 154 32 219 149 727 0 0 1 "Vandalism"
0 154 31 219 148 728 0 0 1 "Vandalism"
0 155 31 219 148 729 0 0 0 "Vandalism"
0 155 30 219 143 730 0 0 1 "Vandalism"
0 155 30 219 138 731 0 0 1 "Vandalism"
0 156 30 220 134 732 0 0 0 "Vandalism"
0 155 29 219 133 733 0 0 1 "Vandalism"
0 155 29 219 133 734 0 0 1 "Vandalism"
0 155 29 219 133 735 0 0 1 "Vandalism"
0 154 29 218 133 736 0 0 1 "Vandalism"
0 154 29 218 133 737 0 0 1 "Vandalism"
0 154 28 218 132 738 0 0 1 "Vandalism"
0 153 28 217 132 739 0 0 1 "Vandalism"
0 153 28 217 132 740 0 0 1 "Vandalism"
0 153 28 217 132 741 0 0 1 "Vandalism"
0 153 28 217 132 742 0 0 0 "Vandalism"
0 152 27 216 130 743 0 0 1 "Vandalism"
0 152 27 216 128 744 0 0 1 "Vandalism"
0 152 26 216 127 745 0 0 1 "Vandalism"
0 152 26 216 125 746 0 0 1 "Vandalism"
0 152 25 216 124 747 0 0 1 "Vandalism"
0 152 25 215 122 748 0 0 1 "Vandalism"
0 152 24 215 120 749 0 0 1 "Vandalism"
0 152 24 215 119 750 0 0 1 "Vandalism"
0 152 23 215 117 751 0 0 1 "Vandalism"
0 152 23 215 116 752 0 0 0 "Vandalism"
0 152 22 215 115 753 0 0 1 "Vandalism"
0 152 22 215 115 754 0 0 1 "Vandalism"
0 152 22 215 115 755 0 0 1 "Vandalism"
0 152 22 215 115 756 0 0 1 "Vandalism"
0 152 22 215 115 757 0 0 1 "Vandalism"
0 152 22 215 115 758 0 0 1 "Vandalism"
0 152 22 215 115 759 0 0 1 "Vandalism"
0 152 22 215 115 760 0 0 1 "Vandalism"
0 152 22 215 115 761 0 0 1 "Vandalism"
0 152 22 215 115 762 0 0 0 "Vandalism"
0 152 21 214 113 763 0 0 1 "Vandalism"
0 152 20 214 112 764 0 0 1 "Vandalism"
0 152 19 214 111 765 0 0 1 "Vandalism"
0 152 18 214 109 766 0 0 1 "Vandalism"
0 152 17 214 108 767 0 0 1 "Vandalism"
0 152 16 214 107 768 0 0 1 "Vandalism"
0 152 15 214 105 769 0 0 1 "Vandalism"
0 152 14 214 104 770 0 0 1 "Vandalism"
0 152 13 214 103 771 0 0 1 "Vandalism"
0 152 12 214 102 772 0 0 0 "Vandalism"
0 152 12 213 101 773 0 0 1 "Vandalism"
0 152 12 212 100 774 0 0 1 "Vandalism"
0 152 12 212 99 775 0 0 1 "Vandalism"
0 152 12 211 99 776 0 0 1 "Vandalism"
0 152 12 211 98 777 0 0 1 "Vandalism"
0 152 12 210 97 778 0 0 1 "Vandalism"
0 152 12 209 97 779 0 0 1 "Vandalism"
0 152 12 209 96 780 0 0 1 "Vandalism"
0 152 12 208 95 781 0 0 1 "Vandalism"
0 152 13 208 95 782 0 0 0 "Vandalism"
0 151 12 207 94 783 0 0 1 "Vandalism"
0 151 12 207 94 784 0 0 1 "Vandalism"
0 150 11 206 93 785 0 0 1 "Vandalism"
0 150 11 206 93 786 0 0 1 "Vandalism"
0 149 10 205 92 787 0 0 1 "Vandalism"
0 149 10 205 92 788 0 0 1 "Vandalism"
0 148 9 204 91 789 0 0 1 "Vandalism"
0 148 9 204 91 790 0 0 1 "Vandalism"
0 147 8 203 90 791 0 0 1 "Vandalism"
0 147 8 203 90 792 0 0 0 "Vandalism"
0 146 7 201 89 793 0 0 1 "Vandalism"
0 145 7 199 89 794 0 0 1 "Vandalism"
0 144 7 197 89 795 0 0 1 "Vandalism"
0 143 7 196 88 796 0 0 1 "Vandalism"
0 143 7 194 88 797 0 0 1 "Vandalism"
0 142 6 192 88 798 0 0 1 "Vandalism"
0 141 6 191 87 799 0 0 1 "Vandalism"
0 140 6 189 87 800 0 0 1 "Vandalism"
0 139 6 187 87 801 0 0 1 "Vandalism"
0 139 6 186 87 802 0 0 0 "Vandalism"
0 138 6 185 87 803 0 0 1 "Vandalism"
0 137 6 185 87 804 0 0 1 "Vandalism"
0 136 6 184 87 805 0 0 1 "Vandalism"
0 135 6 184 87 806 0 0 1 "Vandalism"
0 134 7 183 87 807 0 0 1 "Vandalism"
0 133 7 183 87 808 0 0 1 "Vandalism"
0 132 7 182 87 809 0 0 1 "Vandalism"
0 131 7 182 87 810 0 0 1 "Vandalism"
0 130 7 181 87 811 0 0 1 "Vandalism"
0 130 8 181 87 812 0 0 0 "Vandalism"
0 129 8 181 86 813 0 0 1 "Vandalism"
0 128 8 181 86 814 0 0 1 "Vandalism"
0 127 8 182 86 815 0 0 1 "Vandalism"
0 126 8 182 86 816 0 0 1 "Vandalism"
0 126 8 183 86 817 0 0 1 "Vandalism"
0 125 8 183 86 818 0 0 1 "Vandalism"
0 124 8 183 86 819 0 0 1 "Vandalism"
0 123 8 184 86 820 0 0 1 "Vandalism"
0 122 8 184 86 821 0 0 1 "Vandalism"
0 122 8 185 86 822 0 0 0 "Vandalism"
0 122 8 185 86 823 0 0 1 "Vandalism"
0 122 8 185 86 824 0 0 1 "Vandalism"
0 123 8 186 86 825 0 0 1 "Vandalism"
0 123 8 186 86 826 0 0 1 "Vandalism"
0 124 9 187 87 827 0 0 1 "Vandalism"
0 124 9 187 87 828 0 0 1 "Vandalism"
0 124 9 187 87 829 0 0 1 "Vandalism"
0 125 9 188 87 830 0 0 1 "Vandalism"
0 125 9 188 87 831 0 0 1 "Vandalism"
0 126 10 189 88 832 0 0 0 "Vandalism"
0 126 10 189 88 833 0 0 1 "Vandalism"
0 127 10 190 88 834 0 0 1 "Vandalism"
0 127 10 190 88 835 0 0 1 "Vandalism"
0 128 10 191 88 836 0 0 1 "Vandalism"
0 128 10 191 88 837 0 0 1 "Vandalism"
0 129 10 192 88 838 0 0 1 "Vandalism"
0 129 10 192 88 839 0 0 1 "Vandalism"
0 130 10 193 88 840 0 0 1 "Vandalism"
0 130 10 193 88 841 0 0 1 "Vandalism"
0 131 10 194 88 842 0 0 0 "Vandalism"
0 132 10 194 88 843 0 0 1 "Vandalism"
0 133 10 194 88 844 0 0 1 "Vandalism"
0 134 10 194 88 845 0 0 1 "Vandalism"
0 136 10 195 88 846 0 0 1 "Vandalism"
0 137 11 195 88 847 0 0 1 "Vandalism"
0 138 11 195 88 848 0 0 1 "Vandalism"
0 140 11 196 88 849 0 0 1 "Vandalism"
0 141 11 196 88 850 0 0 1 "Vandalism"
0 142 11 196 88 851 0 0 1 "Vandalism"
0 144 12 197 89 852 0 0 0 "Vandalism"
0 144 11 197 89 853 0 0 1 "Vandalism"
0 145 11 197 90 854 0 0 1 "Vandalism"
0 145 10 198 90 855 0 0 1 "Vandalism"
0 146 10 198 91 856 0 0 1 "Vandalism"
0 146 9 199 92 857 0 0 1 "Vandalism"
0 147 9 199 92 858 0 0 1 "Vandalism"
0 147 8 199 93 859 0 0 1 "Vandalism"
0 148 8 200 93 860 0 0 1 "Vandalism"
0 148 7 200 94 861 0 0 1 "Vandalism"
0 149 7 201 95 862 0 0 0 "Vandalism"
0 150 6 202 94 863 0 0 1 "Vandalism"
0 151 6 203 94 864 0 0 1 "Vandalism"
0 152 5 204 93 865 0 0 1 "Vandalism"
0 153 5 205 93 866 0 0 1 "Vandalism"
0 154 5 206 93 867 0 0 1 "Vandalism"
0 155 4 207 92 868 0 0 1 "Vandalism"
0 156 4 208 92 869 0 0 1 "Vandalism"
0 157 3 209 91 870 0 0 1 "Vandalism"
0 158 3 210 91 871 0 0 1 "Vandalism"
0 160 3 212 91 872 0 0 0 "Vandalism"
0 160 3 211 90 873 0 0 1 "Vandalism"
0 160 3 211 89 874 0 0 1 "Vandalism"
0 161 3 211 88 875 0 0 1 "Vandalism"
0 161 3 210 87 876 0 0 1 "Vandalism"
0 162 4 210 87 877 0 0 1 "Vandalism"
0 162 4 210 86 878 0 0 1 "Vandalism"
0 162 4 209 85 879 0 0 1 "Vandalism"
0 163 4 209 84 880 0 0 1 "Vandalism"
0 163 4 209 83 881 0 0 1 "Vandalism"
0 164 5 209 83 882 0 0 0 "Vandalism"
0 164 4 209 82 883 0 0 1 "Vandalism"
0 164 4 209 82 884 0 0 1 "Vandalism"
0 164 4 209 82 885 0 0 1 "Vandalism"
0 164 4 209 82 886 0 0 1 "Vandalism"
0 165 4 210 82 887 0 0 1 "Vandalism"
0 165 4 210 82 888 0 0 1 "Vandalism"
0 165 4 210 82 889 0 0 1 "Vandalism"
0 165 4 210 82 890 0 0 1 "Vandalism"
0 165 4 210 82 891 0 0 1 "Vandalism"
0 166 4 211 82 892 1 0 0 "Vandalism"
0 166 3 211 81 893 1 0 1 "Vandalism"
0 167 3 212 81 894 1 0 1 "Vandalism"
0 167 2 212 80 895 1 0 1 "Vandalism"
0 168 2 213 80 896 1 0 1 "Vandalism"
0 169 2 214 80 897 1 0 1 "Vandalism"
0 169 1 214 79 898 1 0 1 "Vandalism"
0 170 1 215 79 899 1 0 1 "Vandalism"
0 170 0 215 78 900 1 0 1 "Vandalism"
0 171 0 216 78 901 1 0 1 "Vandalism"
0 172 0 217 78 902 1 0 0 "Vandalism"
0 172 0 217 78 903 1 0 1 "Vandalism"
0 172 0 217 78 904 1 0 1 "Vandalism"
0 172 0 217 78 905 1 0 1 "Vandalism"
0 172 0 217 78 906 1 0 1 "Vandalism"
0 172 0 217 78 907 1 0 1 "Vandalism"
0 172 0 217 78 908 1 0 1 "Vandalism"
0 172 0 217 78 909 1 0 1 "Vandalism"
0 172 0 217 78 910 1 0 1 "Vandalism"
0 172 0 217 78 911 1 0 1 "Vandalism"
0 172 0 217 78 912 1 0 1 "Vandalism"
0 172 0 217 78 913 1 0 1 "Vandalism"
0 172 0 217 78 914 1 0 1 "Vandalism"
0 172 0 217 78 915 1 0 1 "Vandalism"
0 172 0 217 78 916 1 0 1 "Vandalism"
0 172 0 217 78 917 1 0 1 "Vandalism"
0 172 0 217 78 918 1 0 1 "Vandalism"
0 172 0 217 78 919 1 0 1 "Vandalism"
0 172 0 217 78 920 1 0 1 "Vandalism"
0 172 0 217 78 921 1 0 1 "Vandalism"
0 172 0 217 78 922 1 0 1 "Vandalism"
0 172 0 217 78 923 1 0 1 "Vandalism"
0 172 0 217 78 924 1 0 1 "Vandalism"
0 172 0 217 78 925 1 0 1 "Vandalism"
0 172 0 217 78 926 1 0 1 "Vandalism"
0 172 0 217 78 927 1 0 1 "Vandalism"
0 172 0 217 78 928 1 0 1 "Vandalism"
0 172 0 217 78 929 1 0 1 "Vandalism"
0 172 0 217 78 930 1 0 1 "Vandalism"
0 172 0 217 78 931 1 0 1 "Vandalism"
0 172 0 217 78 932 1 0 1 "Vandalism"
0 172 0 217 78 933 1 0 1 "Vandalism"
0 172 0 217 78 934 1 0 1 "Vandalism"
0 172 0 217 78 935 1 0 1 "Vandalism"
0 172 0 217 78 936 1 0 1 "Vandalism"
0 172 0 217 78 937 1 0 1 "Vandalism"
0 172 0 217 78 938 1 0 1 "Vandalism"
0 172 0 217 78 939 1 0 1 "Vandalism"
0 172 0 217 78 940 1 0 1 "Vandalism"
0 172 0 217 78 941 1 0 1 "Vandalism"
0 172 0 217 78 942 1 0 1 "Vandalism"
0 172 0 217 78 943 1 0 1 "Vandalism"
0 172 0 217 78 944 1 0 1 "Vandalism"
0 172 0 217 78 945 1 0 1 "Vandalism"
0 172 0 217 78 946 1 0 1 "Vandalism"
0 172 0 217 78 947 1 0 1 "Vandalism"
0 172 0 217 78 948 1 0 1 "Vandalism"
0 172 0 217 78 949 1 0 1 "Vandalism"
0 172 0 217 78 950 1 0 1 "Vandalism"
0 172 0 217 78 951 1 0 1 "Vandalism"
0 172 0 217 78 952 1 0 1 "Vandalism"
0 172 0 217 78 953 1 0 1 "Vandalism"
0 172 0 217 78 954 1 0 1 "Vandalism"
0 172 0 217 78 955 1 0 1 "Vandalism"
0 172 0 217 78 956 1 0 1 "Vandalism"
0 172 0 217 78 957 1 0 1 "Vandalism"
0 172 0 217 78 958 1 0 1 "Vandalism"
0 172 0 217 78 959 1 0 1 "Vandalism"
0 172 0 217 78 960 1 0 1 "Vandalism"
0 172 0 217 78 961 1 0 1 "Vandalism"
0 172 0 217 78 962 1 0 1 "Vandalism"
0 172 0 217 78 963 1 0 1 "Vandalism"
0 172 0 217 78 964 1 0 1 "Vandalism"
0 172 0 217 78 965 1 0 1 "Vandalism"
0 172 0 217 78 966 1 0 1 "Vandalism"
0 172 0 217 78 967 1 0 1 "Vandalism"
0 172 0 217 78 968 1 0 1 "Vandalism"
0 172 0 217 78 969 1 0 1 "Vandalism"
0 172 0 217 78 970 1 0 1 "Vandalism"
0 172 0 217 78 971 1 0 1 "Vandalism"
0 172 0 217 78 972 1 0 1 "Vandalism"
0 172 0 217 78 973 1 0 1 "Vandalism"
0 172 0 217 78 974 1 0 1 "Vandalism"
0 172 0 217 78 975 1 0 1 "Vandalism"
0 172 0 217 78 976 1 0 1 "Vandalism"
0 172 0 217 78 977 1 0 1 "Vandalism"
0 172 0 217 78 978 1 0 1 "Vandalism"
0 172 0 217 78 979 1 0 1 "Vandalism"
0 172 0 217 78 980 1 0 1 "Vandalism"
0 172 0 217 78 981 1 0 1 "Vandalism"
0 172 0 217 78 982 1 0 1 "Vandalism"
0 172 0 217 78 983 1 0 1 "Vandalism"
0 172 0 217 78 984 1 0 1 "Vandalism"
0 172 0 217 78 985 1 0 1 "Vandalism"
0 172 0 217 78 986 1 0 1 "Vandalism"
0 172 0 217 78 987 1 0 1 "Vandalism"
0 172 0 217 78 988 1 0 1 "Vandalism"
0 172 0 217 78 989 1 0 1 "Vandalism"
0 172 0 217 78 990 1 0 1 "Vandalism"
0 172 0 217 78 991 1 0 1 "Vandalism"
0 172 0 217 78 992 1 0 1 "Vandalism"
0 172 0 217 78 993 1 0 1 "Vandalism"
0 172 0 217 78 994 1 0 1 "Vandalism"
0 172 0 217 78 995 1 0 1 "Vandalism"
0 172 0 217 78 996 1 0 1 "Vandalism"
0 172 0 217 78 997 1 0 1 "Vandalism"
0 172 0 217 78 998 1 0 1 "Vandalism"
0 172 0 217 78 999 1 0 1 "Vandalism"
0 172 0 217 78 1000 1 0 1 "Vandalism"
0 172 0 217 78 1001 1 0 1 "Vandalism"
0 172 0 217 78 1002 1 0 1 "Vandalism"
0 172 0 217 78 1003 1 0 1 "Vandalism"
0 172 0 217 78 1004 1 0 1 "Vandalism"
0 172 0 217 78 1005 1 0 1 "Vandalism"
0 172 0 217 78 1006 1 0 1 "Vandalism"
0 172 0 217 78 1007 1 0 1 "Vandalism"
0 172 0 217 78 1008 1 0 1 "Vandalism"
0 172 0 217 78 1009 1 0 1 "Vandalism"
0 172 0 217 78 1010 1 0 1 "Vandalism"
0 172 0 217 78 1011 1 0 1 "Vandalism"
0 172 0 217 78 1012 1 0 1 "Vandalism"
0 172 0 217 78 1013 1 0 1 "Vandalism"
0 172 0 217 78 1014 1 0 1 "Vandalism"
0 172 0 217 78 1015 1 0 1 "Vandalism"
0 172 0 217 78 1016 1 0 1 "Vandalism"
0 172 0 217 78 1017 1 0 1 "Vandalism"
0 172 0 217 78 1018 1 0 1 "Vandalism"
0 172 0 217 78 1019 1 0 1 "Vandalism"
0 172 0 217 78 1020 1 0 1 "Vandalism"
0 172 0 217 78 1021 1 0 1 "Vandalism"
0 172 0 217 78 1022 1 0 1 "Vandalism"
0 172 0 217 78 1023 1 0 1 "Vandalism"
0 172 0 217 78 1024 1 0 1 "Vandalism"
0 172 0 217 78 1025 1 0 1 "Vandalism"
0 172 0 217 78 1026 1 0 1 "Vandalism"
0 172 0 217 78 1027 1 0 1 "Vandalism"
0 172 0 217 78 1028 1 0 1 "Vandalism"
0 172 0 217 78 1029 1 0 1 "Vandalism"
0 172 0 217 78 1030 1 0 1 "Vandalism"
0 172 0 217 78 1031 1 0 1 "Vandalism"
0 172 0 217 78 1032 1 0 1 "Vandalism"
0 172 0 217 78 1033 1 0 1 "Vandalism"
0 172 0 217 78 1034 1 0 1 "Vandalism"
0 172 0 217 78 1035 1 0 1 "Vandalism"
0 172 0 217 78 1036 1 0 1 "Vandalism"
0 172 0 217 78 1037 1 0 1 "Vandalism"
0 172 0 217 78 1038 1 0 1 "Vandalism"
0 172 0 217 78 1039 1 0 1 "Vandalism"
0 172 0 217 78 1040 1 0 1 "Vandalism"
0 172 0 217 78 1041 1 0 1 "Vandalism"
0 172 0 217 78 1042 1 0 1 "Vandalism"
0 172 0 217 78 1043 1 0 1 "Vandalism"
0 172 0 217 78 1044 1 0 1 "Vandalism"
0 172 0 217 78 1045 1 0 1 "Vandalism"
0 172 0 217 78 1046 1 0 1 "Vandalism"
0 172 0 217 78 1047 1 0 1 "Vandalism"
0 172 0 217 78 1048 1 0 1 "Vandalism"
0 172 0 217 78 1049 1 0 1 "Vandalism"
0 172 0 217 78 1050 1 0 1 "Vandalism"
0 172 0 217 78 1051 1 0 1 "Vandalism"
0 172 0 217 78 1052 1 0 1 "Vandalism"
0 172 0 217 78 1053 1 0 1 "Vandalism"
0 172 0 217 78 1054 1 0 1 "Vandalism"
0 172 0 217 78 1055 1 0 1 "Vandalism"
0 172 0 217 78 1056 1 0 1 "Vandalism"
0 172 0 217 78 1057 1 0 1 "Vandalism"
0 172 0 217 78 1058 1 0 1 "Vandalism"
0 172 0 217 78 1059 1 0 1 "Vandalism"
0 172 0 217 78 1060 1 0 1 "Vandalism"
0 172 0 217 78 1061 1 0 1 "Vandalism"
0 172 0 217 78 1062 1 0 1 "Vandalism"
0 172 0 217 78 1063 1 0 1 "Vandalism"
0 172 0 217 78 1064 1 0 1 "Vandalism"
0 172 0 217 78 1065 1 0 1 "Vandalism"
0 172 0 217 78 1066 1 0 1 "Vandalism"
0 172 0 217 78 1067 1 0 1 "Vandalism"
0 172 0 217 78 1068 1 0 1 "Vandalism"
0 172 0 217 78 1069 1 0 1 "Vandalism"
0 172 0 217 78 1070 1 0 1 "Vandalism"
0 172 0 217 78 1071 1 0 1 "Vandalism"
0 172 0 217 78 1072 1 0 1 "Vandalism"
0 172 0 217 78 1073 1 0 1 "Vandalism"
0 172 0 217 78 1074 1 0 1 "Vandalism"
0 172 0 217 78 1075 1 0 1 "Vandalism"
0 172 0 217 78 1076 1 0 1 "Vandalism"
0 172 0 217 78 1077 1 0 1 "Vandalism"
0 172 0 217 78 1078 1 0 1 "Vandalism"
0 172 0 217 78 1079 1 0 1 "Vandalism"
0 172 0 217 78 1080 1 0 1 "Vandalism"
0 172 0 217 78 1081 1 0 1 "Vandalism"
0 172 0 217 78 1082 1 0 1 "Vandalism"
0 172 0 217 78 1083 1 0 1 "Vandalism"
0 172 0 217 78 1084 1 0 1 "Vandalism"
0 172 0 217 78 1085 1 0 1 "Vandalism"
0 172 0 217 78 1086 1 0 1 "Vandalism"
0 172 0 217 78 1087 1 0 1 "Vandalism"
0 172 0 217 78 1088 1 0 1 "Vandalism"
0 172 0 217 78 1089 1 0 1 "Vandalism"
0 172 0 217 78 1090 1 0 1 "Vandalism"
0 172 0 217 78 1091 1 0 1 "Vandalism"
0 172 0 217 78 1092 1 0 1 "Vandalism"
0 172 0 217 78 1093 1 0 1 "Vandalism"
0 172 0 217 78 1094 1 0 1 "Vandalism"
0 172 0 217 78 1095 1 0 1 "Vandalism"
0 172 0 217 78 1096 1 0 1 "Vandalism"
0 172 0 217 78 1097 1 0 1 "Vandalism"
0 172 0 217 78 1098 1 0 1 "Vandalism"
0 172 0 217 78 1099 1 0 1 "Vandalism"
0 172 0 217 78 1100 1 0 1 "Vandalism"
0 172 0 217 78 1101 1 0 1 "Vandalism"
0 172 0 217 78 1102 1 0 1 "Vandalism"
0 172 0 217 78 1103 1 0 1 "Vandalism"
0 172 0 217 78 1104 1 0 1 "Vandalism"
0 172 0 217 78 1105 1 0 1 "Vandalism"
0 172 0 217 78 1106 1 0 1 "Vandalism"
0 172 0 217 78 1107 1 0 1 "Vandalism"
0 172 0 217 78 1108 1 0 1 "Vandalism"
0 172 0 217 78 1109 1 0 1 "Vandalism"
0 172 0 217 78 1110 1 0 1 "Vandalism"
0 172 0 217 78 1111 1 0 1 "Vandalism"
0 172 0 217 78 1112 1 0 1 "Vandalism"
0 172 0 217 78 1113 1 0 1 "Vandalism"
0 172 0 217 78 1114 1 0 1 "Vandalism"
0 172 0 217 78 1115 1 0 1 "Vandalism"
0 172 0 217 78 1116 1 0 1 "Vandalism"
0 172 0 217 78 1117 1 0 1 "Vandalism"
0 172 0 217 78 1118 1 0 1 "Vandalism"
0 172 0 217 78 1119 1 0 1 "Vandalism"
0 172 0 217 78 1120 1 0 1 "Vandalism"
0 172 0 217 78 1121 1 0 1 "Vandalism"
0 172 0 217 78 1122 1 0 1 "Vandalism"
0 172 0 217 78 1123 1 0 1 "Vandalism"
0 172 0 217 78 1124 1 0 1 "Vandalism"
0 172 0 217 78 1125 1 0 1 "Vandalism"
0 172 0 217 78 1126 1 0 1 "Vandalism"
0 172 0 217 78 1127 1 0 1 "Vandalism"
0 172 0 217 78 1128 1 0 1 "Vandalism"
0 172 0 217 78 1129 1 0 1 "Vandalism"
0 172 0 217 78 1130 1 0 1 "Vandalism"
0 172 0 217 78 1131 1 0 1 "Vandalism"
0 172 0 217 78 1132 1 0 1 "Vandalism"
0 172 0 217 78 1133 1 0 1 "Vandalism"
0 172 0 217 78 1134 1 0 1 "Vandalism"
0 172 0 217 78 1135 1 0 1 "Vandalism"
0 172 0 217 78 1136 1 0 1 "Vandalism"
0 172 0 217 78 1137 1 0 1 "Vandalism"
0 172 0 217 78 1138 1 0 1 "Vandalism"
0 172 0 217 78 1139 1 0 1 "Vandalism"
0 172 0 217 78 1140 1 0 1 "Vandalism"
0 172 0 217 78 1141 1 0 1 "Vandalism"
0 172 0 217 78 1142 1 0 1 "Vandalism"
0 172 0 217 78 1143 1 0 1 "Vandalism"
0 172 0 217 78 1144 1 0 1 "Vandalism"
0 172 0 217 78 1145 1 0 1 "Vandalism"
0 172 0 217 78 1146 1 0 1 "Vandalism"
0 172 0 217 78 1147 1 0 1 "Vandalism"
0 172 0 217 78 1148 1 0 1 "Vandalism"
0 172 0 217 78 1149 1 0 1 "Vandalism"
0 172 0 217 78 1150 1 0 1 "Vandalism"
0 172 0 217 78 1151 1 0 1 "Vandalism"
0 172 0 217 78 1152 1 0 1 "Vandalism"
0 172 0 217 78 1153 1 0 1 "Vandalism"
0 172 0 217 78 1154 1 0 1 "Vandalism"
0 172 0 217 78 1155 1 0 1 "Vandalism"
0 172 0 217 78 1156 1 0 1 "Vandalism"
0 172 0 217 78 1157 1 0 1 "Vandalism"
0 172 0 217 78 1158 1 0 1 "Vandalism"
0 172 0 217 78 1159 1 0 1 "Vandalism"
0 172 0 217 78 1160 1 0 1 "Vandalism"
0 172 0 217 78 1161 1 0 1 "Vandalism"
0 172 0 217 78 1162 1 0 1 "Vandalism"
0 172 0 217 78 1163 1 0 1 "Vandalism"
0 172 0 217 78 1164 1 0 1 "Vandalism"
0 172 0 217 78 1165 1 0 1 "Vandalism"
0 172 0 217 78 1166 1 0 1 "Vandalism"
0 172 0 217 78 1167 1 0 1 "Vandalism"
0 172 0 217 78 1168 1 0 1 "Vandalism"
0 172 0 217 78 1169 1 0 1 "Vandalism"
0 172 0 217 78 1170 1 0 1 "Vandalism"
0 172 0 217 78 1171 1 0 1 "Vandalism"
0 172 0 217 78 1172 1 0 1 "Vandalism"
0 172 0 217 78 1173 1 0 1 "Vandalism"
0 172 0 217 78 1174 1 0 1 "Vandalism"
0 172 0 217 78 1175 1 0 1 "Vandalism"
0 172 0 217 78 1176 1 0 1 "Vandalism"
0 172 0 217 78 1177 1 0 1 "Vandalism"
0 172 0 217 78 1178 1 0 1 "Vandalism"
0 172 0 217 78 1179 1 0 1 "Vandalism"
0 172 0 217 78 1180 1 0 1 "Vandalism"
0 172 0 217 78 1181 1 0 1 "Vandalism"
0 172 0 217 78 1182 1 0 1 "Vandalism"
0 172 0 217 78 1183 1 0 1 "Vandalism"
0 172 0 217 78 1184 1 0 1 "Vandalism"
0 172 0 217 78 1185 1 0 1 "Vandalism"
0 172 0 217 78 1186 1 0 1 "Vandalism"
0 172 0 217 78 1187 1 0 1 "Vandalism"
0 172 0 217 78 1188 1 0 1 "Vandalism"
0 172 0 217 78 1189 1 0 1 "Vandalism"
0 172 0 217 78 1190 1 0 1 "Vandalism"
0 172 0 217 78 1191 1 0 1 "Vandalism"
0 172 0 217 78 1192 1 0 1 "Vandalism"
0 172 0 217 78 1193 1 0 1 "Vandalism"
0 172 0 217 78 1194 1 0 1 "Vandalism"
0 172 0 217 78 1195 1 0 1 "Vandalism"
0 172 0 217 78 1196 1 0 1 "Vandalism"
0 172 0 217 78 1197 1 0 1 "Vandalism"
0 172 0 217 78 1198 1 0 1 "Vandalism"
0 172 0 217 78 1199 1 0 1 "Vandalism"
0 172 0 217 78 1200 1 0 1 "Vandalism"
0 172 0 217 78 1201 1 0 1 "Vandalism"
0 172 0 217 78 1202 1 0 1 "Vandalism"
0 172 0 217 78 1203 1 0 1 "Vandalism"
0 172 0 217 78 1204 1 0 1 "Vandalism"
0 172 0 217 78 1205 1 0 1 "Vandalism"
0 172 0 217 78 1206 1 0 1 "Vandalism"
0 172 0 217 78 1207 1 0 1 "Vandalism"
0 172 0 217 78 1208 1 0 1 "Vandalism"
0 172 0 217 78 1209 1 0 1 "Vandalism"
0 172 0 217 78 1210 1 0 1 "Vandalism"
0 172 0 217 78 1211 1 0 1 "Vandalism"
0 172 0 217 78 1212 1 0 1 "Vandalism"
0 172 0 217 78 1213 1 0 1 "Vandalism"
0 172 0 217 78 1214 1 0 1 "Vandalism"
0 172 0 217 78 1215 1 0 1 "Vandalism"
0 172 0 217 78 1216 1 0 1 "Vandalism"
0 172 0 217 78 1217 1 0 1 "Vandalism"
0 172 0 217 78 1218 1 0 1 "Vandalism"
0 172 0 217 78 1219 1 0 1 "Vandalism"
0 172 0 217 78 1220 1 0 1 "Vandalism"
0 172 0 217 78 1221 1 0 1 "Vandalism"
0 172 0 217 78 1222 1 0 1 "Vandalism"
0 172 0 217 78 1223 1 0 1 "Vandalism"
0 172 0 217 78 1224 1 0 1 "Vandalism"
0 172 0 217 78 1225 1 0 1 "Vandalism"
0 172 0 217 78 1226 1 0 1 "Vandalism"
0 172 0 217 78 1227 1 0 1 "Vandalism"
0 172 0 217 78 1228 1 0 1 "Vandalism"
0 172 0 217 78 1229 1 0 1 "Vandalism"
0 172 0 217 78 1230 1 0 1 "Vandalism"
0 172 0 217 78 1231 1 0 1 "Vandalism"
0 172 0 217 78 1232 1 0 1 "Vandalism"
0 172 0 217 78 1233 1 0 1 "Vandalism"
0 172 0 217 78 1234 1 0 1 "Vandalism"
0 172 0 217 78 1235 1 0 1 "Vandalism"
0 172 0 217 78 1236 1 0 1 "Vandalism"
0 172 0 217 78 1237 1 0 1 "Vandalism"
0 172 0 217 78 1238 1 0 1 "Vandalism"
0 172 0 217 78 1239 1 0 1 "Vandalism"
0 172 0 217 78 1240 1 0 1 "Vandalism"
0 172 0 217 78 1241 1 0 1 "Vandalism"
0 172 0 217 78 1242 1 0 1 "Vandalism"
0 172 0 217 78 1243 1 0 1 "Vandalism"
0 172 0 217 78 1244 1 0 1 "Vandalism"
0 172 0 217 78 1245 1 0 1 "Vandalism"
0 172 0 217 78 1246 1 0 1 "Vandalism"
0 172 0 217 78 1247 1 0 1 "Vandalism"
0 172 0 217 78 1248 1 0 1 "Vandalism"
0 172 0 217 78 1249 1 0 1 "Vandalism"
0 172 0 217 78 1250 1 0 1 "Vandalism"
0 172 0 217 78 1251 1 0 1 "Vandalism"
0 172 0 217 78 1252 1 0 1 "Vandalism"
0 172 0 217 78 1253 1 0 1 "Vandalism"
0 172 0 217 78 1254 1 0 1 "Vandalism"
0 172 0 217 78 1255 1 0 1 "Vandalism"
0 172 0 217 78 1256 1 0 1 "Vandalism"
0 172 0 217 78 1257 1 0 1 "Vandalism"
0 172 0 217 78 1258 1 0 1 "Vandalism"
0 172 0 217 78 1259 1 0 1 "Vandalism"
0 172 0 217 78 1260 1 0 1 "Vandalism"
0 172 0 217 78 1261 1 0 1 "Vandalism"
0 172 0 217 78 1262 1 0 1 "Vandalism"
0 172 0 217 78 1263 1 0 1 "Vandalism"
0 172 0 217 78 1264 1 0 1 "Vandalism"
0 172 0 217 78 1265 1 0 1 "Vandalism"
0 172 0 217 78 1266 1 0 1 "Vandalism"
0 172 0 217 78 1267 1 0 1 "Vandalism"
0 172 0 217 78 1268 1 0 1 "Vandalism"
0 172 0 217 78 1269 1 0 1 "Vandalism"
0 172 0 217 78 1270 1 0 1 "Vandalism"
0 172 0 217 78 1271 1 0 1 "Vandalism"
0 172 0 217 78 1272 1 0 1 "Vandalism"
0 172 0 217 78 1273 1 0 1 "Vandalism"
0 172 0 217 78 1274 1 0 1 "Vandalism"
0 172 0 217 78 1275 1 0 1 "Vandalism"
0 172 0 217 78 1276 1 0 1 "Vandalism"
0 172 0 217 78 1277 1 0 1 "Vandalism"
0 172 0 217 78 1278 1 0 1 "Vandalism"
0 172 0 217 78 1279 1 0 1 "Vandalism"
0 172 0 217 78 1280 1 0 1 "Vandalism"
0 172 0 217 78 1281 1 0 1 "Vandalism"
0 172 0 217 78 1282 1 0 1 "Vandalism"
0 172 0 217 78 1283 1 0 1 "Vandalism"
0 172 0 217 78 1284 1 0 1 "Vandalism"
0 172 0 217 78 1285 1 0 1 "Vandalism"
0 172 0 217 78 1286 1 0 1 "Vandalism"
0 172 0 217 78 1287 1 0 1 "Vandalism"
0 172 0 217 78 1288 1 0 1 "Vandalism"
0 172 0 217 78 1289 1 0 1 "Vandalism"
0 172 0 217 78 1290 1 0 1 "Vandalism"
0 172 0 217 78 1291 1 0 1 "Vandalism"
0 172 0 217 78 1292 1 0 1 "Vandalism"
0 172 0 217 78 1293 1 0 1 "Vandalism"
0 172 0 217 78 1294 1 0 1 "Vandalism"
0 172 0 217 78 1295 1 0 1 "Vandalism"
0 172 0 217 78 1296 1 0 1 "Vandalism"
0 172 0 217 78 1297 1 0 1 "Vandalism"
0 172 0 217 78 1298 1 0 1 "Vandalism"
0 172 0 217 78 1299 1 0 1 "Vandalism"
0 172 0 217 78 1300 1 0 1 "Vandalism"
0 172 0 217 78 1301 1 0 1 "Vandalism"
0 172 0 217 78 1302 1 0 1 "Vandalism"
0 172 0 217 78 1303 1 0 1 "Vandalism"
0 172 0 217 78 1304 1 0 1 "Vandalism"
0 172 0 217 78 1305 1 0 1 "Vandalism"
0 172 0 217 78 1306 1 0 1 "Vandalism"
0 172 0 217 78 1307 1 0 1 "Vandalism"
0 172 0 217 78 1308 1 0 1 "Vandalism"
0 172 0 217 78 1309 1 0 1 "Vandalism"
0 172 0 217 78 1310 1 0 1 "Vandalism"
0 172 0 217 78 1311 1 0 1 "Vandalism"
0 172 0 217 78 1312 1 0 1 "Vandalism"
0 172 0 217 78 1313 1 0 1 "Vandalism"
0 172 0 217 78 1314 1 0 1 "Vandalism"
0 172 0 217 78 1315 1 0 1 "Vandalism"
0 172 0 217 78 1316 1 0 1 "Vandalism"
0 172 0 217 78 1317 1 0 1 "Vandalism"
0 172 0 217 78 1318 1 0 1 "Vandalism"
0 172 0 217 78 1319 1 0 1 "Vandalism"
0 172 0 217 78 1320 1 0 1 "Vandalism"
0 172 0 217 78 1321 1 0 1 "Vandalism"
0 172 0 217 78 1322 1 0 1 "Vandalism"
0 172 0 217 78 1323 1 0 1 "Vandalism"
0 172 0 217 78 1324 1 0 1 "Vandalism"
0 172 0 217 78 1325 1 0 1 "Vandalism"
0 172 0 217 78 1326 1 0 1 "Vandalism"
0 172 0 217 78 1327 1 0 1 "Vandalism"
0 172 0 217 78 1328 1 0 1 "Vandalism"
0 172 0 217 78 1329 1 0 1 "Vandalism"
0 172 0 217 78 1330 1 0 1 "Vandalism"
0 172 0 217 78 1331 1 0 1 "Vandalism"
0 172 0 217 78 1332 1 0 1 "Vandalism"
0 172 0 217 78 1333 1 0 1 "Vandalism"
0 172 0 217 78 1334 1 0 1 "Vandalism"
0 172 0 217 78 1335 1 0 1 "Vandalism"
0 172 0 217 78 1336 1 0 1 "Vandalism"
0 172 0 217 78 1337 1 0 1 "Vandalism"
0 172 0 217 78 1338 1 0 1 "Vandalism"
0 172 0 217 78 1339 1 0 1 "Vandalism"
0 172 0 217 78 1340 1 0 1 "Vandalism"
0 172 0 217 78 1341 1 0 1 "Vandalism"
0 172 0 217 78 1342 1 0 1 "Vandalism"
0 172 0 217 78 1343 1 0 1 "Vandalism"
0 172 0 217 78 1344 1 0 1 "Vandalism"
0 172 0 217 78 1345 1 0 1 "Vandalism"
0 172 0 217 78 1346 1 0 1 "Vandalism"
0 172 0 217 78 1347 1 0 1 "Vandalism"
0 172 0 217 78 1348 1 0 1 "Vandalism"
0 172 0 217 78 1349 1 0 1 "Vandalism"
0 172 0 217 78 1350 1 0 1 "Vandalism"
0 172 0 217 78 1351 1 0 1 "Vandalism"
0 172 0 217 78 1352 1 0 1 "Vandalism"
0 172 0 217 78 1353 1 0 1 "Vandalism"
0 172 0 217 78 1354 1 0 1 "Vandalism"
0 172 0 217 78 1355 1 0 1 "Vandalism"
0 172 0 217 78 1356 1 0 1 "Vandalism"
0 172 0 217 78 1357 1 0 1 "Vandalism"
0 172 0 217 78 1358 1 0 1 "Vandalism"
0 172 0 217 78 1359 1 0 1 "Vandalism"
0 172 0 217 78 1360 1 0 1 "Vandalism"
0 172 0 217 78 1361 1 0 1 "Vandalism"
0 172 0 217 78 1362 1 0 1 "Vandalism"
0 172 0 217 78 1363 1 0 1 "Vandalism"
0 172 0 217 78 1364 1 0 1 "Vandalism"
0 172 0 217 78 1365 1 0 1 "Vandalism"
0 172 0 217 78 1366 1 0 1 "Vandalism"
0 172 0 217 78 1367 1 0 1 "Vandalism"
0 172 0 217 78 1368 1 0 1 "Vandalism"
0 172 0 217 78 1369 1 0 1 "Vandalism"
0 172 0 217 78 1370 1 0 1 "Vandalism"
0 172 0 217 78 1371 1 0 1 "Vandalism"
0 172 0 217 78 1372 1 0 1 "Vandalism"
0 172 0 217 78 1373 1 0 1 "Vandalism"
0 172 0 217 78 1374 1 0 1 "Vandalism"
0 172 0 217 78 1375 1 0 1 "Vandalism"
0 172 0 217 78 1376 1 0 1 "Vandalism"
0 172 0 217 78 1377 1 0 1 "Vandalism"
0 172 0 217 78 1378 1 0 1 "Vandalism"
0 172 0 217 78 1379 1 0 1 "Vandalism"
0 172 0 217 78 1380 1 0 1 "Vandalism"
0 172 0 217 78 1381 1 0 1 "Vandalism"
0 172 0 217 78 1382 1 0 1 "Vandalism"
0 172 0 217 78 1383 1 0 1 "Vandalism"
0 172 0 217 78 1384 1 0 1 "Vandalism"
0 172 0 217 78 1385 1 0 1 "Vandalism"
0 172 0 217 78 1386 1 0 1 "Vandalism"
0 172 0 217 78 1387 1 0 1 "Vandalism"
0 172 0 217 78 1388 1 0 1 "Vandalism"
0 172 0 217 78 1389 1 0 1 "Vandalism"
0 172 0 217 78 1390 1 0 1 "Vandalism"
0 172 0 217 78 1391 1 0 1 "Vandalism"
0 172 0 217 78 1392 1 0 1 "Vandalism"
0 172 0 217 78 1393 1 0 1 "Vandalism"
0 172 0 217 78 1394 1 0 1 "Vandalism"
0 172 0 217 78 1395 1 0 1 "Vandalism"
0 172 0 217 78 1396 1 0 1 "Vandalism"
0 172 0 217 78 1397 1 0 1 "Vandalism"
0 172 0 217 78 1398 1 0 1 "Vandalism"
0 172 0 217 78 1399 1 0 1 "Vandalism"
0 172 0 217 78 1400 1 0 1 "Vandalism"
0 172 0 217 78 1401 1 0 1 "Vandalism"
0 172 0 217 78 1402 1 0 1 "Vandalism"
0 172 0 217 78 1403 1 0 1 "Vandalism"
0 172 0 217 78 1404 1 0 1 "Vandalism"
0 172 0 217 78 1405 1 0 1 "Vandalism"
0 172 0 217 78 1406 1 0 1 "Vandalism"
0 172 0 217 78 1407 1 0 1 "Vandalism"
0 172 0 217 78 1408 1 0 1 "Vandalism"
0 172 0 217 78 1409 1 0 1 "Vandalism"
0 172 0 217 78 1410 1 0 1 "Vandalism"
0 172 0 217 78 1411 1 0 1 "Vandalism"
0 172 0 217 78 1412 1 0 1 "Vandalism"
0 172 0 217 78 1413 1 0 1 "Vandalism"
0 172 0 217 78 1414 1 0 1 "Vandalism"
0 172 0 217 78 1415 1 0 1 "Vandalism"
0 172 0 217 78 1416 1 0 1 "Vandalism"
0 172 0 217 78 1417 1 0 1 "Vandalism"
0 172 0 217 78 1418 1 0 1 "Vandalism"
0 172 0 217 78 1419 1 0 1 "Vandalism"
0 172 0 217 78 1420 1 0 1 "Vandalism"
0 172 0 217 78 1421 1 0 1 "Vandalism"
0 172 0 217 78 1422 1 0 1 "Vandalism"
0 172 0 217 78 1423 1 0 1 "Vandalism"
0 172 0 217 78 1424 1 0 1 "Vandalism"
0 172 0 217 78 1425 1 0 1 "Vandalism"
0 172 0 217 78 1426 1 0 1 "Vandalism"
0 172 0 217 78 1427 1 0 1 "Vandalism"
0 172 0 217 78 1428 1 0 1 "Vandalism"
0 172 0 217 78 1429 1 0 1 "Vandalism"
0 172 0 217 78 1430 1 0 1 "Vandalism"
0 172 0 217 78 1431 1 0 1 "Vandalism"
0 172 0 217 78 1432 1 0 1 "Vandalism"
0 172 0 217 78 1433 1 0 1 "Vandalism"
0 172 0 217 78 1434 1 0 1 "Vandalism"
0 172 0 217 78 1435 1 0 1 "Vandalism"
0 172 0 217 78 1436 1 0 1 "Vandalism"
0 172 0 217 78 1437 1 0 1 "Vandalism"
0 172 0 217 78 1438 1 0 1 "Vandalism"
0 172 0 217 78 1439 1 0 1 "Vandalism"
0 172 0 217 78 1440 1 0 1 "Vandalism"
0 172 0 217 78 1441 1 0 1 "Vandalism"
0 172 0 217 78 1442 1 0 1 "Vandalism"
0 172 0 217 78 1443 1 0 1 "Vandalism"
0 172 0 217 78 1444 1 0 1 "Vandalism"
0 172 0 217 78 1445 1 0 1 "Vandalism"
0 172 0 217 78 1446 1 0 1 "Vandalism"
0 172 0 217 78 1447 1 0 1 "Vandalism"
0 172 0 217 78 1448 1 0 1 "Vandalism"
0 172 0 217 78 1449 1 0 1 "Vandalism"
0 172 0 217 78 1450 1 0 1 "Vandalism"
0 172 0 217 78 1451 1 0 1 "Vandalism"
0 172 0 217 78 1452 1 0 1 "Vandalism"
0 172 0 217 78 1453 1 0 1 "Vandalism"
0 172 0 217 78 1454 1 0 1 "Vandalism"
0 172 0 217 78 1455 1 0 1 "Vandalism"
0 172 0 217 78 1456 1 0 1 "Vandalism"
0 172 0 217 78 1457 1 0 1 "Vandalism"
0 172 0 217 78 1458 1 0 1 "Vandalism"
0 172 0 217 78 1459 1 0 1 "Vandalism"
0 172 0 217 78 1460 1 0 1 "Vandalism"
0 172 0 217 78 1461 1 0 1 "Vandalism"
0 172 0 217 78 1462 1 0 1 "Vandalism"
0 172 0 217 78 1463 1 0 1 "Vandalism"
0 172 0 217 78 1464 1 0 1 "Vandalism"
0 172 0 217 78 1465 1 0 1 "Vandalism"
0 172 0 217 78 1466 1 0 1 "Vandalism"
0 172 0 217 78 1467 1 0 1 "Vandalism"
0 172 0 217 78 1468 1 0 1 "Vandalism"
0 172 0 217 78 1469 1 0 1 "Vandalism"
0 172 0 217 78 1470 1 0 1 "Vandalism"
0 172 0 217 78 1471 1 0 1 "Vandalism"
0 172 0 217 78 1472 1 0 1 "Vandalism"
0 172 0 217 78 1473 1 0 1 "Vandalism"
0 172 0 217 78 1474 1 0 1 "Vandalism"
0 172 0 217 78 1475 1 0 1 "Vandalism"
0 172 0 217 78 1476 1 0 1 "Vandalism"
0 172 0 217 78 1477 1 0 1 "Vandalism"
0 172 0 217 78 1478 1 0 1 "Vandalism"
0 172 0 217 78 1479 1 0 1 "Vandalism"
0 172 0 217 78 1480 1 0 1 "Vandalism"
0 172 0 217 78 1481 1 0 1 "Vandalism"
0 172 0 217 78 1482 1 0 1 "Vandalism"
0 172 0 217 78 1483 1 0 1 "Vandalism"
0 172 0 217 78 1484 1 0 1 "Vandalism"
0 172 0 217 78 1485 1 0 1 "Vandalism"
0 172 0 217 78 1486 1 0 1 "Vandalism"
0 172 0 217 78 1487 1 0 1 "Vandalism"
0 172 0 217 78 1488 1 0 1 "Vandalism"
0 172 0 217 78 1489 1 0 1 "Vandalism"
0 172 0 217 78 1490 1 0 1 "Vandalism"
0 172 0 217 78 1491 1 0 1 "Vandalism"
0 172 0 217 78 1492 1 0 1 "Vandalism"
0 172 0 217 78 1493 1 0 1 "Vandalism"
0 172 0 217 78 1494 1 0 1 "Vandalism"
0 172 0 217 78 1495 1 0 1 "Vandalism"
0 172 0 217 78 1496 1 0 1 "Vandalism"
0 172 0 217 78 1497 1 0 1 "Vandalism"
0 172 0 217 78 1498 1 0 1 "Vandalism"
0 172 0 217 78 1499 1 0 1 "Vandalism"
0 172 0 217 78 1500 1 0 1 "Vandalism"
0 172 0 217 78 1501 1 0 1 "Vandalism"
0 172 0 217 78 1502 1 0 1 "Vandalism"
0 172 0 217 78 1503 1 0 1 "Vandalism"
0 172 0 217 78 1504 1 0 1 "Vandalism"
0 172 0 217 78 1505 1 0 1 "Vandalism"
0 172 0 217 78 1506 1 0 1 "Vandalism"
0 172 0 217 78 1507 1 0 1 "Vandalism"
0 172 0 217 78 1508 1 0 1 "Vandalism"
0 172 0 217 78 1509 1 0 1 "Vandalism"
0 172 0 217 78 1510 1 0 1 "Vandalism"
0 172 0 217 78 1511 1 0 1 "Vandalism"
0 172 0 217 78 1512 1 0 1 "Vandalism"
0 172 0 217 78 1513 1 0 1 "Vandalism"
0 172 0 217 78 1514 1 0 1 "Vandalism"
0 172 0 217 78 1515 1 0 1 "Vandalism"
0 172 0 217 78 1516 1 0 1 "Vandalism"
0 172 0 217 78 1517 1 0 1 "Vandalism"
0 172 0 217 78 1518 1 0 1 "Vandalism"
0 172 0 217 78 1519 1 0 1 "Vandalism"
0 172 0 217 78 1520 1 0 1 "Vandalism"
0 172 0 217 78 1521 1 0 1 "Vandalism"
0 172 0 217 78 1522 1 0 1 "Vandalism"
0 172 0 217 78 1523 1 0 1 "Vandalism"
0 172 0 217 78 1524 1 0 1 "Vandalism"
0 172 0 217 78 1525 1 0 1 "Vandalism"
0 172 0 217 78 1526 1 0 1 "Vandalism"
0 172 0 217 78 1527 1 0 1 "Vandalism"
0 172 0 217 78 1528 1 0 1 "Vandalism"
0 172 0 217 78 1529 1 0 1 "Vandalism"
0 172 0 217 78 1530 1 0 1 "Vandalism"
0 172 0 217 78 1531 1 0 1 "Vandalism"
0 172 0 217 78 1532 1 0 1 "Vandalism"
0 172 0 217 78 1533 1 0 1 "Vandalism"
0 172 0 217 78 1534 1 0 1 "Vandalism"
0 172 0 217 78 1535 1 0 1 "Vandalism"
0 172 0 217 78 1536 1 0 1 "Vandalism"
0 172 0 217 78 1537 1 0 1 "Vandalism"
0 172 0 217 78 1538 1 0 1 "Vandalism"
0 172 0 217 78 1539 1 0 1 "Vandalism"
0 172 0 217 78 1540 1 0 1 "Vandalism"
0 172 0 217 78 1541 1 0 1 "Vandalism"
0 172 0 217 78 1542 1 0 1 "Vandalism"
0 172 0 217 78 1543 1 0 1 "Vandalism"
0 172 0 217 78 1544 1 0 1 "Vandalism"
0 172 0 217 78 1545 1 0 1 "Vandalism"
0 172 0 217 78 1546 1 0 1 "Vandalism"
0 172 0 217 78 1547 1 0 1 "Vandalism"
0 172 0 217 78 1548 1 0 1 "Vandalism"
0 172 0 217 78 1549 1 0 1 "Vandalism"
0 172 0 217 78 1550 1 0 1 "Vandalism"
0 172 0 217 78 1551 1 0 1 "Vandalism"
0 172 0 217 78 1552 1 0 1 "Vandalism"
0 172 0 217 78 1553 1 0 1 "Vandalism"
0 172 0 217 78 1554 1 0 1 "Vandalism"
0 172 0 217 78 1555 1 0 1 "Vandalism"
0 172 0 217 78 1556 1 0 1 "Vandalism"
0 172 0 217 78 1557 1 0 1 "Vandalism"
0 172 0 217 78 1558 1 0 1 "Vandalism"
0 172 0 217 78 1559 1 0 1 "Vandalism"
0 172 0 217 78 1560 1 0 1 "Vandalism"
0 172 0 217 78 1561 1 0 1 "Vandalism"
0 172 0 217 78 1562 1 0 1 "Vandalism"
0 172 0 217 78 1563 1 0 1 "Vandalism"
0 172 0 217 78 1564 1 0 1 "Vandalism"
0 172 0 217 78 1565 1 0 1 "Vandalism"
0 172 0 217 78 1566 1 0 1 "Vandalism"
0 172 0 217 78 1567 1 0 1 "Vandalism"
0 172 0 217 78 1568 1 0 1 "Vandalism"
0 172 0 217 78 1569 1 0 1 "Vandalism"
0 172 0 217 78 1570 1 0 1 "Vandalism"
0 172 0 217 78 1571 1 0 1 "Vandalism"
0 172 0 217 78 1572 1 0 1 "Vandalism"
0 172 0 217 78 1573 1 0 1 "Vandalism"
0 172 0 217 78 1574 1 0 1 "Vandalism"
0 172 0 217 78 1575 1 0 1 "Vandalism"
0 172 0 217 78 1576 1 0 1 "Vandalism"
0 172 0 217 78 1577 1 0 1 "Vandalism"
0 172 0 217 78 1578 1 0 1 "Vandalism"
0 172 0 217 78 1579 1 0 1 "Vandalism"
0 172 0 217 78 1580 1 0 1 "Vandalism"
0 172 0 217 78 1581 1 0 1 "Vandalism"
0 172 0 217 78 1582 1 0 1 "Vandalism"
0 172 0 217 78 1583 1 0 1 "Vandalism"
0 172 0 217 78 1584 1 0 1 "Vandalism"
0 172 0 217 78 1585 1 0 1 "Vandalism"
0 172 0 217 78 1586 1 0 1 "Vandalism"
0 172 0 217 78 1587 1 0 1 "Vandalism"
0 172 0 217 78 1588 1 0 1 "Vandalism"
0 172 0 217 78 1589 1 0 1 "Vandalism"
0 172 0 217 78 1590 1 0 1 "Vandalism"
0 172 0 217 78 1591 1 0 1 "Vandalism"
0 172 0 217 78 1592 1 0 1 "Vandalism"
0 172 0 217 78 1593 1 0 1 "Vandalism"
0 172 0 217 78 1594 1 0 1 "Vandalism"
0 172 0 217 78 1595 1 0 1 "Vandalism"
0 172 0 217 78 1596 1 0 1 "Vandalism"
0 172 0 217 78 1597 1 0 1 "Vandalism"
0 172 0 217 78 1598 1 0 1 "Vandalism"
0 172 0 217 78 1599 1 0 1 "Vandalism"
0 172 0 217 78 1600 1 0 1 "Vandalism"
0 172 0 217 78 1601 1 0 1 "Vandalism"
0 172 0 217 78 1602 1 0 1 "Vandalism"
0 172 0 217 78 1603 1 0 1 "Vandalism"
0 172 0 217 78 1604 1 0 1 "Vandalism"
0 172 0 217 78 1605 1 0 1 "Vandalism"
0 172 0 217 78 1606 1 0 1 "Vandalism"
0 172 0 217 78 1607 1 0 1 "Vandalism"
0 172 0 217 78 1608 1 0 1 "Vandalism"
0 172 0 217 78 1609 1 0 1 "Vandalism"
0 172 0 217 78 1610 1 0 1 "Vandalism"
0 172 0 217 78 1611 1 0 1 "Vandalism"
0 172 0 217 78 1612 1 0 1 "Vandalism"
0 172 0 217 78 1613 1 0 1 "Vandalism"
0 172 0 217 78 1614 1 0 1 "Vandalism"
0 172 0 217 78 1615 1 0 1 "Vandalism"
0 172 0 217 78 1616 1 0 1 "Vandalism"
0 172 0 217 78 1617 1 0 1 "Vandalism"
0 172 0 217 78 1618 1 0 1 "Vandalism"
0 172 0 217 78 1619 1 0 1 "Vandalism"
0 172 0 217 78 1620 1 0 1 "Vandalism"
0 172 0 217 78 1621 1 0 1 "Vandalism"
0 172 0 217 78 1622 1 0 1 "Vandalism"
0 172 0 217 78 1623 1 0 1 "Vandalism"
0 172 0 217 78 1624 1 0 0 "Vandalism"
