0 194 46 251 111 0 1 0 0 "Vandalism"
0 193 45 250 111 1 1 0 1 "Vandalism"
0 193 45 250 111 2 1 0 1 "Vandalism"
0 193 45 250 111 3 1 0 1 "Vandalism"
0 193 45 250 111 4 1 0 1 "Vandalism"
0 193 45 250 111 5 1 0 1 "Vandalism"
0 193 45 250 111 6 1 0 1 "Vandalism"
0 193 45 250 111 7 1 0 1 "Vandalism"
0 193 45 250 111 8 1 0 1 "Vandalism"
0 193 45 250 111 9 1 0 1 "Vandalism"
0 193 44 250 111 10 1 0 1 "Vandalism"
0 193 44 250 111 11 1 0 1 "Vandalism"
0 193 44 250 111 12 1 0 1 "Vandalism"
0 193 44 250 111 13 1 0 1 "Vandalism"
0 193 44 250 111 14 1 0 1 "Vandalism"
0 193 44 250 111 15 1 0 1 "Vandalism"
0 193 44 250 111 16 1 0 1 "Vandalism"
0 193 44 250 111 17 1 0 1 "Vandalism"
0 193 44 250 111 18 1 0 1 "Vandalism"
0 193 44 250 111 19 1 0 1 "Vandalism"
0 193 43 250 111 20 1 0 1 "Vandalism"
0 193 43 250 111 21 1 0 1 "Vandalism"
0 193 43 250 111 22 1 0 1 "Vandalism"
0 193 43 250 111 23 1 0 1 "Vandalism"
0 193 43 249 111 24 1 0 1 "Vandalism"
0 193 43 249 111 25 1 0 1 "Vandalism"
0 193 43 249 111 26 1 0 1 "Vandalism"
0 193 43 249 111 27 1 0 1 "Vandalism"
0 193 43 249 111 28 1 0 1 "Vandalism"
0 193 43 249 111 29 1 0 1 "Vandalism"
0 193 42 249 111 30 1 0 1 "Vandalism"
0 193 42 249 111 31 1 0 1 "Vandalism"
0 193 42 249 111 32 1 0 1 "Vandalism"
0 193 42 249 111 33 1 0 1 "Vandalism"
0 193 42 249 111 34 1 0 1 "Vandalism"
0 192 42 249 111 35 1 0 1 "Vandalism"
0 192 42 249 111 36 1 0 1 "Vandalism"
0 192 42 249 111 37 1 0 1 "Vandalism"
0 192 42 249 111 38 1 0 1 "Vandalism"
0 192 42 249 111 39 1 0 1 "Vandalism"
0 192 41 249 111 40 1 0 1 "Vandalism"
0 192 41 249 111 41 1 0 1 "Vandalism"
0 192 41 249 111 42 1 0 1 "Vandalism"
0 192 41 249 111 43 1 0 1 "Vandalism"
0 192 41 249 111 44 1 0 1 "Vandalism"
0 192 41 249 111 45 1 0 1 "Vandalism"
0 192 41 249 111 46 1 0 1 "Vandalism"
0 192 41 248 111 47 1 0 1 "Vandalism"
0 192 41 248 111 48 1 0 1 "Vandalism"
0 192 41 248 111 49 1 0 1 "Vandalism"
0 192 40 248 111 50 1 0 1 "Vandalism"
0 192 40 248 111 51 1 0 1 "Vandalism"
0 192 40 248 111 52 1 0 1 "Vandalism"
0 192 40 248 111 53 1 0 1 "Vandalism"
0 192 40 248 111 54 1 0 1 "Vandalism"
0 192 40 248 111 55 1 0 1 "Vandalism"
0 192 40 248 111 56 1 0 1 "Vandalism"
0 192 40 248 111 57 1 0 1 "Vandalism"
0 192 40 248 111 58 1 0 1 "Vandalism"
0 192 40 248 111 59 1 0 1 "Vandalism"
0 192 39 248 111 60 1 0 1 "Vandalism"
0 192 39 248 111 61 1 0 1 "Vandalism"
0 192 39 248 111 62 1 0 1 "Vandalism"
0 192 39 248 111 63 1 0 1 "Vandalism"
0 192 39 248 111 64 1 0 1 "Vandalism"
0 192 39 248 111 65 1 0 1 "Vandalism"
0 192 39 248 111 66 1 0 1 "Vandalism"
0 192 39 248 111 67 1 0 1 "Vandalism"
0 192 39 248 111 68 1 0 1 "Vandalism"
0 192 39 248 112 69 0 0 0 "Vandalism"
0 192 38 248 111 70 0 0 1 "Vandalism"
0 192 38 248 111 71 0 0 1 "Vandalism"
0 192 38 248 111 72 0 0 1 "Vandalism"
0 192 38 248 111 73 0 0 1 "Vandalism"
0 192 38 248 111 74 0 0 1 "Vandalism"
0 193 38 249 111 75 0 0 1 "Vandalism"
0 193 38 249 111 76 0 0 1 "Vandalism"
0 193 38 249 111 77 0 0 1 "Vandalism"
0 193 38 249 111 78 0 0 1 "Vandalism"
0 193 38 249 111 79 0 0 1 "Vandalism"
0 194 38 250 111 80 0 0 1 "Vandalism"
0 194 38 250 111 81 0 0 1 "Vandalism"
0 194 38 250 111 82 0 0 1 "Vandalism"
0 194 38 250 111 83 0 0 1 "Vandalism"
0 194 38 250 111 84 0 0 1 "Vandalism"
0 195 38 251 111 85 0 0 1 "Vandalism"
0 195 38 251 111 86 0 0 1 "Vandalism"
0 195 38 251 111 87 0 0 1 "Vandalism"
0 195 38 251 111 88 0 0 1 "Vandalism"
0 195 38 251 111 89 0 0 1 "Vandalism"
0 196 38 252 111 90 0 0 1 "Vandalism"
0 196 38 252 111 91 0 0 1 "Vandalism"
0 196 38 252 111 92 0 0 1 "Vandalism"
0 196 37 252 110 93 0 0 1 "Vandalism"
0 196 37 252 110 94 0 0 1 "Vandalism"
0 197 37 253 110 95 0 0 1 "Vandalism"
0 197 37 253 110 96 0 0 1 "Vandalism"
0 197 37 253 110 97 0 0 1 "Vandalism"
0 197 37 253 110 98 0 0 1 "Vandalism"
0 197 37 253 110 99 0 0 1 "Vandalism"
0 198 37 254 110 100 0 0 1 "Vandalism"
0 198 37 254 110 101 0 0 1 "Vandalism"
0 198 37 254 110 102 0 0 1 "Vandalism"
0 198 37 254 110 103 0 0 1 "Vandalism"
0 198 37 254 110 104 0 0 1 "Vandalism"
0 199 37 255 110 105 0 0 1 "Vandalism"
0 199 37 255 110 106 0 0 1 "Vandalism"
0 199 37 255 110 107 0 0 1 "Vandalism"
0 199 37 255 110 108 0 0 1 "Vandalism"
0 199 37 255 110 109 0 0 1 "Vandalism"
0 200 37 256 110 110 0 0 1 "Vandalism"
0 200 37 256 110 111 0 0 1 "Vandalism"
0 200 37 256 110 112 0 0 1 "Vandalism"
0 200 37 256 110 113 0 0 1 "Vandalism"
0 200 37 256 110 114 0 0 1 "Vandalism"
0 201 37 257 110 115 0 0 0 "Vandalism"
0 201 37 256 110 116 0 0 1 "Vandalism"
0 202 37 256 110 117 0 0 1 "Vandalism"
0 203 37 256 110 118 0 0 1 "Vandalism"
0 204 37 255 110 119 0 0 1 "Vandalism"
0 205 37 255 110 120 0 0 1 "Vandalism"
0 206 37 255 110 121 0 0 1 "Vandalism"
0 207 37 254 110 122 0 0 1 "Vandalism"
0 208 37 254 110 123 0 0 1 "Vandalism"
0 209 38 254 110 124 0 0 0 "Vandalism"
0 207 38 253 109 125 0 0 1 "Vandalism"
0 206 39 253 108 126 0 0 1 "Vandalism"
0 205 40 253 108 127 0 0 1 "Vandalism"
0 203 40 253 107 128 0 0 1 "Vandalism"
0 202 41 252 106 129 0 0 1 "Vandalism"
0 201 42 252 106 130 0 0 1 "Vandalism"
0 199 42 252 105 131 0 0 1 "Vandalism"
0 198 43 252 105 132 0 0 1 "Vandalism"
0 197 44 252 104 133 0 0 1 "Vandalism"
0 195 44 251 103 134 0 0 1 "Vandalism"
0 194 45 251 103 135 0 0 1 "Vandalism"
0 193 46 251 102 136 0 0 1 "Vandalism"
0 191 46 251 102 137 0 0 1 "Vandalism"
0 190 47 250 101 138 0 0 1 "Vandalism"
0 189 48 250 100 139 0 0 1 "Vandalism"
0 187 48 250 100 140 0 0 1 "Vandalism"
0 186 49 250 99 141 0 0 1 "Vandalism"
0 185 50 250 99 142 0 0 0 "Vandalism"
0 181 50 249 100 143 0 0 1 "Vandalism"
0 177 50 248 102 144 0 0 1 "Vandalism"
0 173 51 247 104 145 0 0 1 "Vandalism"
0 169 51 246 106 146 0 0 1 "Vandalism"
0 165 51 245 107 147 0 0 1 "Vandalism"
0 161 52 244 109 148 0 0 1 "Vandalism"
0 157 52 243 111 149 0 0 1 "Vandalism"
0 153 53 242 113 150 0 0 0 "Vandalism"
0 154 53 241 118 151 0 0 1 "Vandalism"
0 156 53 241 124 152 0 0 1 "Vandalism"
0 157 54 240 129 153 0 0 1 "Vandalism"
0 159 54 240 135 154 0 0 1 "Vandalism"
0 160 54 239 141 155 0 0 1 "Vandalism"
0 162 55 239 146 156 0 0 1 "Vandalism"
0 163 55 238 152 157 0 0 1 "Vandalism"
0 165 56 238 158 158 0 0 0 "Vandalism"
0 162 56 235 158 159 0 0 1 "Vandalism"
0 160 56 233 158 160 0 0 1 "Vandalism"
0 158 56 231 158 161 0 0 1 "Vandalism"
0 156 56 229 158 162 0 0 1 "Vandalism"
0 154 56 227 158 163 0 0 1 "Vandalism"
0 151 56 224 158 164 0 0 1 "Vandalism"
0 149 56 222 158 165 0 0 1 "Vandalism"
0 147 56 220 158 166 0 0 1 "Vandalism"
0 145 56 218 158 167 0 0 1 "Vandalism"
0 143 56 216 158 168 0 0 0 "Vandalism"
0 142 56 215 158 169 0 0 1 "Vandalism"
0 141 57 214 159 170 0 0 1 "Vandalism"
0 140 57 213 159 171 0 0 1 "Vandalism"
0 140 58 213 160 172 0 0 1 "Vandalism"
0 139 59 212 161 173 0 0 1 "Vandalism"
0 138 59 211 161 174 0 0 1 "Vandalism"
0 137 60 210 162 175 0 0 1 "Vandalism"
0 137 61 210 163 176 0 0 0 "Vandalism"
0 136 60 209 162 177 0 0 1 "Vandalism"
0 135 60 208 162 178 0 0 1 "Vandalism"
0 134 60 207 162 179 0 0 1 "Vandalism"
0 133 60 206 162 180 0 0 1 "Vandalism"
0 132 60 205 162 181 0 0 1 "Vandalism"
0 132 60 205 162 182 0 0 0 "Vandalism"
0 131 60 204 163 183 0 0 1 "Vandalism"
0 131 60 204 164 184 0 0 1 "Vandalism"
0 131 60 204 165 185 0 0 1 "Vandalism"
0 131 61 203 166 186 0 0 1 "Vandalism"
0 130 61 203 167 187 0 0 1 "Vandalism"
0 130 61 203 168 188 0 0 1 "Vandalism"
0 130 62 203 169 189 0 0 1 "Vandalism"
0 130 62 202 170 190 0 0 1 "Vandalism"
0 130 62 202 171 191 0 0 1 "Vandalism"
0 129 62 202 172 192 0 0 1 "Vandalism"
0 129 63 201 173 193 0 0 1 "Vandalism"
0 129 63 201 174 194 0 0 1 "Vandalism"
0 129 63 201 175 195 0 0 1 "Vandalism"
0 129 64 201 177 196 0 0 0 "Vandalism"
0 128 63 200 176 197 0 0 1 "Vandalism"
0 127 63 199 176 198 0 0 1 "Vandalism"
0 126 63 198 176 199 0 0 1 "Vandalism"
0 125 63 197 176 200 0 0 1 "Vandalism"
0 124 63 196 176 201 0 0 1 "Vandalism"
0 123 63 195 176 202 0 0 1 "Vandalism"
0 122 63 194 176 203 0 0 1 "Vandalism"
0 121 63 193 176 204 0 0 1 "Vandalism"
0 120 63 192 176 205 0 0 1 "Vandalism"
0 119 63 191 176 206 0 0 1 "Vandalism"
0 118 63 190 176 207 1 0 0 "Vandalism"
0 117 65 189 178 208 1 0 1 "Vandalism"
0 116 67 188 180 209 1 0 1 "Vandalism"
0 115 70 187 183 210 1 0 0 "Vandalism"
0 115 69 187 182 211 1 0 1 "Vandalism"
0 115 69 187 182 212 1 0 1 "Vandalism"
0 116 69 187 182 213 1 0 1 "Vandalism"
0 116 69 188 181 214 1 0 1 "Vandalism"
0 116 69 188 181 215 1 0 1 "Vandalism"
0 117 69 188 181 216 1 0 1 "Vandalism"
0 117 69 188 180 217 1 0 1 "Vandalism"
0 117 68 189 180 218 1 0 1 "Vandalism"
0 118 68 189 180 219 1 0 1 "Vandalism"
0 118 68 189 179 220 1 0 1 "Vandalism"
0 118 68 190 179 221 1 0 1 "Vandalism"
0 119 68 190 179 222 1 0 1 "Vandalism"
0 119 68 190 178 223 1 0 1 "Vandalism"
0 119 68 190 178 224 1 0 1 "Vandalism"
0 120 67 191 178 225 1 0 1 "Vandalism"
0 120 67 191 177 226 1 0 1 "Vandalism"
0 121 67 191 177 227 1 0 1 "Vandalism"
0 121 67 192 177 228 1 0 1 "Vandalism"
0 121 67 192 176 229 1 0 1 "Vandalism"
0 122 67 192 176 230 1 0 1 "Vandalism"
0 122 67 192 176 231 1 0 1 "Vandalism"
0 122 66 193 175 232 1 0 1 "Vandalism"
0 123 66 193 175 233 1 0 1 "Vandalism"
0 123 66 193 175 234 1 0 1 "Vandalism"
0 123 66 193 174 235 1 0 1 "Vandalism"
0 124 66 194 174 236 1 0 1 "Vandalism"
0 124 66 194 174 237 1 0 1 "Vandalism"
0 124 66 194 173 238 1 0 1 "Vandalism"
0 125 65 195 173 239 1 0 1 "Vandalism"
0 125 65 195 173 240 1 0 1 "Vandalism"
0 125 65 195 172 241 1 0 1 "Vandalism"
0 126 65 195 172 242 1 0 1 "Vandalism"
0 126 65 196 172 243 1 0 1 "Vandalism"
0 127 65 196 171 244 1 0 1 "Vandalism"
0 127 65 196 171 245 1 0 1 "Vandalism"
0 127 64 197 171 246 1 0 1 "Vandalism"
0 128 64 197 170 247 1 0 1 "Vandalism"
0 128 64 197 170 248 1 0 1 "Vandalism"
0 128 64 197 170 249 1 0 1 "Vandalism"
0 129 64 198 169 250 1 0 1 "Vandalism"
0 129 64 198 169 251 1 0 1 "Vandalism"
0 129 64 198 169 252 1 0 1 "Vandalism"
0 130 63 199 168 253 1 0 1 "Vandalism"
0 130 63 199 168 254 1 0 1 "Vandalism"
0 130 63 199 168 255 1 0 1 "Vandalism"
0 131 63 199 168 256 1 0 1 "Vandalism"
0 131 63 200 167 257 1 0 1 "Vandalism"
0 131 63 200 167 258 1 0 1 "Vandalism"
0 132 63 200 167 259 1 0 1 "Vandalism"
0 132 62 200 166 260 1 0 1 "Vandalism"
0 133 62 201 166 261 1 0 1 "Vandalism"
0 133 62 201 166 262 1 0 1 "Vandalism"
0 133 62 201 165 263 1 0 1 "Vandalism"
0 134 62 202 165 264 1 0 1 "Vandalism"
0 134 62 202 165 265 1 0 1 "Vandalism"
0 134 62 202 164 266 1 0 1 "Vandalism"
0 135 61 202 164 267 1 0 1 "Vandalism"
0 135 61 203 164 268 1 0 1 "Vandalism"
0 135 61 203 163 269 1 0 1 "Vandalism"
0 136 61 203 163 270 1 0 1 "Vandalism"
0 136 61 204 163 271 1 0 1 "Vandalism"
0 136 61 204 162 272 1 0 1 "Vandalism"
0 137 61 204 162 273 1 0 1 "Vandalism"
0 137 60 204 162 274 1 0 1 "Vandalism"
0 137 60 205 161 275 1 0 1 "Vandalism"
0 138 60 205 161 276 1 0 1 "Vandalism"
0 138 60 205 161 277 1 0 1 "Vandalism"
0 139 60 206 160 278 1 0 1 "Vandalism"
0 139 60 206 160 279 1 0 1 "Vandalism"
0 139 60 206 160 280 1 0 1 "Vandalism"
0 140 59 206 159 281 1 0 1 "Vandalism"
0 140 59 207 159 282 1 0 1 "Vandalism"
0 140 59 207 159 283 1 0 1 "Vandalism"
0 141 59 207 158 284 1 0 1 "Vandalism"
0 141 59 207 158 285 1 0 1 "Vandalism"
0 141 59 208 158 286 1 0 1 "Vandalism"
0 142 59 208 157 287 1 0 1 "Vandalism"
0 142 58 208 157 288 1 0 1 "Vandalism"
0 142 58 209 157 289 1 0 1 "Vandalism"
0 143 58 209 156 290 1 0 1 "Vandalism"
0 143 58 209 156 291 1 0 1 "Vandalism"
0 143 58 209 156 292 1 0 1 "Vandalism"
0 144 58 210 155 293 1 0 1 "Vandalism"
0 144 58 210 155 294 1 0 1 "Vandalism"
0 145 57 210 155 295 1 0 1 "Vandalism"
0 145 57 211 154 296 1 0 1 "Vandalism"
0 145 57 211 154 297 1 0 1 "Vandalism"
0 146 57 211 154 298 1 0 1 "Vandalism"
0 146 57 211 154 299 1 0 1 "Vandalism"
0 146 57 212 153 300 1 0 1 "Vandalism"
0 147 57 212 153 301 1 0 1 "Vandalism"
0 147 56 212 153 302 1 0 1 "Vandalism"
0 147 56 213 152 303 1 0 1 "Vandalism"
0 148 56 213 152 304 1 0 1 "Vandalism"
0 148 56 213 152 305 1 0 1 "Vandalism"
0 148 56 213 151 306 1 0 1 "Vandalism"
0 149 56 214 151 307 1 0 1 "Vandalism"
0 149 56 214 151 308 1 0 1 "Vandalism"
0 149 55 214 150 309 1 0 1 "Vandalism"
0 150 55 214 150 310 1 0 1 "Vandalism"
0 150 55 215 150 311 1 0 1 "Vandalism"
0 151 55 215 149 312 1 0 1 "Vandalism"
0 151 55 215 149 313 1 0 1 "Vandalism"
0 151 55 216 149 314 1 0 1 "Vandalism"
0 152 55 216 148 315 1 0 1 "Vandalism"
0 152 54 216 148 316 1 0 1 "Vandalism"
0 152 54 216 148 317 1 0 1 "Vandalism"
0 153 54 217 147 318 1 0 1 "Vandalism"
0 153 54 217 147 319 1 0 1 "Vandalism"
0 153 54 217 147 320 1 0 1 "Vandalism"
0 154 54 218 146 321 1 0 1 "Vandalism"
0 154 54 218 146 322 1 0 1 "Vandalism"
0 154 53 218 146 323 1 0 1 "Vandalism"
0 155 53 218 145 324 1 0 1 "Vandalism"
0 155 53 219 145 325 1 0 1 "Vandalism"
0 155 53 219 145 326 1 0 1 "Vandalism"
0 156 53 219 144 327 1 0 1 "Vandalism"
0 156 53 220 144 328 1 0 1 "Vandalism"
0 157 53 220 144 329 1 0 1 "Vandalism"
0 157 52 220 143 330 1 0 1 "Vandalism"
0 157 52 220 143 331 1 0 1 "Vandalism"
0 158 52 221 143 332 1 0 1 "Vandalism"
0 158 52 221 142 333 1 0 1 "Vandalism"
0 158 52 221 142 334 1 0 1 "Vandalism"
0 159 52 221 142 335 1 0 1 "Vandalism"
0 159 52 222 141 336 1 0 1 "Vandalism"
0 159 51 222 141 337 1 0 1 "Vandalism"
0 160 51 222 141 338 1 0 1 "Vandalism"
0 160 51 223 140 339 1 0 1 "Vandalism"
0 160 51 223 140 340 1 0 1 "Vandalism"
0 161 51 223 140 341 1 0 1 "Vandalism"
0 161 51 223 140 342 1 0 1 "Vandalism"
0 161 51 224 139 343 1 0 1 "Vandalism"
0 162 50 224 139 344 1 0 1 "Vandalism"
0 162 50 224 139 345 1 0 1 "Vandalism"
0 163 50 225 138 346 1 0 1 "Vandalism"
0 163 50 225 138 347 1 0 1 "Vandalism"
0 163 50 225 138 348 1 0 1 "Vandalism"
0 164 50 225 137 349 1 0 1 "Vandalism"
0 164 50 226 137 350 1 0 1 "Vandalism"
0 164 49 226 137 351 1 0 1 "Vandalism"
0 165 49 226 136 352 1 0 1 "Vandalism"
0 165 49 227 136 353 1 0 1 "Vandalism"
0 165 49 227 136 354 1 0 1 "Vandalism"
0 166 49 227 135 355 1 0 1 "Vandalism"
0 166 49 227 135 356 1 0 1 "Vandalism"
0 166 49 228 135 357 1 0 1 "Vandalism"
0 167 48 228 134 358 1 0 1 "Vandalism"
0 167 48 228 134 359 1 0 1 "Vandalism"
0 167 48 228 134 360 1 0 1 "Vandalism"
0 168 48 229 133 361 1 0 1 "Vandalism"
0 168 48 229 133 362 1 0 1 "Vandalism"
0 169 48 229 133 363 1 0 1 "Vandalism"
0 169 48 230 132 364 1 0 1 "Vandalism"
0 169 47 230 132 365 1 0 1 "Vandalism"
0 170 47 230 132 366 1 0 1 "Vandalism"
0 170 47 230 131 367 1 0 1 "Vandalism"
0 170 47 231 131 368 1 0 1 "Vandalism"
0 171 47 231 131 369 1 0 1 "Vandalism"
0 171 47 231 130 370 1 0 1 "Vandalism"
0 171 47 232 130 371 1 0 1 "Vandalism"
0 172 46 232 130 372 1 0 1 "Vandalism"
0 172 46 232 129 373 1 0 1 "Vandalism"
0 172 46 232 129 374 1 0 1 "Vandalism"
0 173 46 233 129 375 1 0 1 "Vandalism"
0 173 46 233 128 376 1 0 1 "Vandalism"
0 173 46 233 128 377 1 0 1 "Vandalism"
0 174 46 234 128 378 1 0 1 "Vandalism"
0 174 45 234 127 379 1 0 1 "Vandalism"
0 175 45 234 127 380 1 0 1 "Vandalism"
0 175 45 234 127 381 1 0 1 "Vandalism"
0 175 45 235 126 382 1 0 1 "Vandalism"
0 176 45 235 126 383 1 0 1 "Vandalism"
0 176 45 235 126 384 1 0 1 "Vandalism"
0 176 45 235 126 385 1 0 1 "Vandalism"
0 177 44 236 125 386 1 0 1 "Vandalism"
0 177 44 236 125 387 1 0 1 "Vandalism"
0 177 44 236 125 388 1 0 1 "Vandalism"
0 178 44 237 124 389 1 0 1 "Vandalism"
0 178 44 237 124 390 1 0 1 "Vandalism"
0 178 44 237 124 391 1 0 1 "Vandalism"
0 179 44 237 123 392 1 0 1 "Vandalism"
0 179 43 238 123 393 1 0 1 "Vandalism"
0 179 43 238 123 394 1 0 1 "Vandalism"
0 180 43 238 122 395 1 0 1 "Vandalism"
0 180 43 239 122 396 1 0 1 "Vandalism"
0 181 43 239 122 397 1 0 1 "Vandalism"
0 181 43 239 121 398 1 0 1 "Vandalism"
0 181 43 239 121 399 1 0 1 "Vandalism"
0 182 42 240 121 400 1 0 1 "Vandalism"
0 182 42 240 120 401 1 0 1 "Vandalism"
0 182 42 240 120 402 1 0 1 "Vandalism"
0 183 42 241 120 403 1 0 1 "Vandalism"
0 183 42 241 119 404 1 0 1 "Vandalism"
0 183 42 241 119 405 1 0 1 "Vandalism"
0 184 42 241 119 406 1 0 1 "Vandalism"
0 184 41 242 118 407 1 0 1 "Vandalism"
0 184 41 242 118 408 1 0 1 "Vandalism"
0 185 41 242 118 409 1 0 1 "Vandalism"
0 185 41 242 117 410 1 0 1 "Vandalism"
0 185 41 243 117 411 1 0 1 "Vandalism"
0 186 41 243 117 412 1 0 1 "Vandalism"
0 186 41 243 116 413 1 0 1 "Vandalism"
0 187 40 244 116 414 1 0 1 "Vandalism"
0 187 40 244 116 415 1 0 1 "Vandalism"
0 187 40 244 115 416 1 0 1 "Vandalism"
0 188 40 244 115 417 1 0 1 "Vandalism"
0 188 40 245 115 418 1 0 1 "Vandalism"
0 188 40 245 114 419 1 0 1 "Vandalism"
0 189 40 245 114 420 1 0 1 "Vandalism"
0 189 39 246 114 421 1 0 1 "Vandalism"
0 189 39 246 113 422 1 0 1 "Vandalism"
0 190 39 246 113 423 1 0 1 "Vandalism"
0 190 39 246 113 424 1 0 1 "Vandalism"
0 190 39 247 112 425 1 0 1 "Vandalism"
0 191 39 247 112 426 1 0 1 "Vandalism"
0 191 39 247 112 427 1 0 1 "Vandalism"
0 192 39 248 112 428 1 0 0 "Vandalism"
